3798 6
3864 10
5699 13
1508 14
5795 28
779 30
1277 32
2738 36
4677 38
2697 39
3815 49
1591 51
1664 57
3382 59
5041 64
5816 65
4853 66
2776 69
5726 70
1976 71
2077 75
2389 78
1453 84
2130 85
2774 87
3795 97
5089 101
4210 103
104 104
5842 105
4273 107
722 108
4124 113
6049 116
1261 118
6668 120
4033 122
3876 125
1000 129
3979 131
3469 132
2491 136
28 139
4235 142
4246 155
5840 158
186 165
4235 167
326 168
5804 169
5443 172
2120 174
2079 175
285 185
416 188
1639 192
5685 197
5184 200
2977 206
4419 207
3382 209
6705 212
1488 213
261 214
2556 216
1082 218
6731 220
4495 221
842 226
6374 228
6475 230
5996 234
5034 239
6231 242
1637 248
5811 255
6868 256
4174 258
5384 266
5344 268
4776 270
6731 271
6150 278
3815 280
5478 290
6853 292
3733 293
2230 296
6061 302
1759 308
4092 309
5428 311
4761 312
2266 313
4567 315
6495 317
3455 321
4124 323
6133 326
3991 327
5074 328
1288 330
6475 334
2975 335
3815 336
5874 339
2650 341
1788 343
2429 347
6133 348
221 354
6305 356
5611 357
4263 361
881 367
31 379
2214 380
5145 381
5225 384
4939 387
1365 388
6059 390
1 391
2503 393
5752 394
1607 396
6079 403
1883 406
2855 407
5841 408
4190 409
5734 410
4 411
6358 412
5838 414
3389 415
2427 426
3722 434
5559 437
1008 438
3267 440
2214 442
3221 443
88 444
2974 446
3389 450
1358 451
4331 455
4461 457
2977 459
4935 464
1773 467
1245 468
2993 479
19 480
306 483
4247 485
1220 487
1663 489
5428 490
4227 491
3464 497
2573 498
5189 500
4521 503
300 504
1733 511
4736 515
4146 519
4256 525
2626 526
387 537
3997 541
6408 543
4338 544
5932 546
3732 547
2326 550
1946 551
6683 552
1194 553
2461 557
3205 569
5787 572
5758 574
68 578
272 584
3389 587
1252 592
186 593
2083 595
3951 597
5152 600
3112 601
104 608
3756 611
2653 616
3826 632
4091 637
5687 640
5086 644
1321 645
3714 646
844 648
5795 649
1592 658
2604 660
333 662
5794 663
6461 664
1826 669
5272 673
1405 674
4338 676
4582 685
4282 688
1477 689
1927 691
1412 693
4925 702
6117 704
2471 708
6718 711
1388 713
4505 714
972 715
5354 716
3815 724
3974 725
151 726
1184 732
1109 734
31 735
498 741
6293 750
920 751
5946 752
2867 757
6048 758
186 761
5842 766
4639 769
2287 770
6727 771
4982 773
585 776
186 781
2414 785
1993 791
3761 792
4350 797
1664 798
596 802
989 808
157 810
4078 812
6792 816
4155 824
1541 829
1151 830
831 831
6371 834
5906 837
3650 840
1825 842
3605 844
5975 846
6482 848
4301 851
1742 854
6117 855
4738 869
1927 873
4344 874
2729 879
5737 891
3315 894
3121 895
3310 900
5378 901
1591 904
360 907
2393 915
6401 920
3826 926
219 930
2718 932
3678 933
6461 935
658 936
1740 938
2106 942
6247 944
3321 948
2077 951
5973 955
6668 959
2615 964
6459 966
5926 969
5646 970
1275 971
1388 972
5346 980
6014 982
2501 985
4218 992
5443 993
4057 994
3826 995
6024 997
446 998
1778 1000
6533 1005
1325 1014
6584 1017
3531 1019
67 1023
2674 1024
5838 1028
4747 1029
553 1031
623 1035
5743 1039
1015 1043
2153 1046
462 1051
5516 1057
3787 1059
6537 1062
1226 1063
1813 1068
3792 1069
1883 1073
5721 1075
1093 1077
6038 1080
4603 1081
5549 1082
5070 1086
4846 1089
405 1092
1624 1095
5665 1096
4500 1100
414 1102
2271 1104
5758 1105
276 1106
5757 1108
2429 1109
3452 1111
1153 1115
5152 1116
6668 1117
2650 1118
1045 1122
2153 1127
3119 1128
5072 1130
5378 1137
3315 1146
6117 1147
5104 1148
5023 1149
1492 1151
1892 1154
3238 1158
5726 1159
1156 1162
4320 1163
3064 1166
3702 1167
2879 1172
6724 1175
6332 1176
1767 1179
5539 1180
2562 1186
3644 1187
1787 1190
2288 1193
1197 1197
4367 1199
3194 1201
1911 1208
5114 1210
2888 1213
1770 1214
343 1215
2374 1216
1234 1219
1239 1223
2136 1224
2824 1226
6559 1227
489 1229
586 1233
5915 1240
1067 1242
5086 1243
2888 1247
3856 1248
3815 1256
657 1259
5212 1261
6026 1262
4891 1264
2499 1269
6732 1276
2707 1280
1314 1283
6589 1284
966 1286
2733 1288
23 1289
3998 1290
2120 1291
1885 1292
5719 1293
6045 1295
5980 1299
6865 1300
3656 1302
1288 1304
6867 1306
3395 1314
1321 1321
6251 1323
973 1325
3975 1326
1623 1328
6096 1329
2077 1332
3323 1334
5373 1335
1169 1337
5717 1339
1967 1344
6819 1351
4301 1354
6302 1356
4620 1359
219 1361
1810 1367
2989 1369
1064 1371
1912 1375
5545 1379
393 1382
2813 1383
2993 1385
1317 1393
2195 1394
4469 1395
1880 1402
3877 1404
1997 1406
1124 1408
2499 1409
1967 1412
6589 1416
482 1422
536 1424
3859 1428
5730 1430
3084 1432
3844 1435
263 1436
4218 1446
1813 1447
4947 1448
5804 1450
4247 1454
2688 1459
1907 1462
2287 1465
975 1468
2396 1474
739 1477
955 1478
4620 1479
27 1480
4124 1481
6126 1484
3325 1488
1405 1491
3627 1495
2868 1497
346 1498
2733 1502
1352 1503
6879 1507
1819 1509
5492 1512
3804 1520
2171 1522
3325 1524
4879 1526
1372 1533
1413 1536
670 1541
1082 1542
6819 1543
2460 1547
6841 1553
1932 1554
6833 1556
3649 1559
1320 1560
4350 1566
2432 1568
6487 1571
3270 1574
343 1576
370 1577
6002 1578
4544 1581
5241 1583
467 1585
5875 1586
3429 1588
966 1592
832 1593
961 1595
5747 1600
5162 1602
823 1607
3852 1613
6149 1615
4700 1616
4217 1617
4190 1620
5305 1628
347 1630
1782 1634
2543 1635
6560 1638
3262 1642
5793 1644
2979 1648
1028 1649
2593 1655
1323 1657
5352 1659
5249 1667
865 1674
5681 1675
394 1676
3317 1680
2501 1682
4210 1683
5787 1686
5778 1690
1430 1691
4998 1695
2357 1697
915 1699
1614 1702
3189 1703
3844 1714
5647 1716
2270 1718
6603 1720
1251 1724
5758 1726
3943 1727
6359 1734
3502 1739
2735 1740
4620 1743
177 1748
5241 1751
6566 1753
5853 1756
597 1769
4448 1770
1775 1771
2720 1776
679 1777
6305 1780
4911 1782
4980 1783
2825 1785
6457 1786
238 1787
5162 1792
2199 1797
6298 1803
2517 1808
5875 1809
3448 1812
160 1814
4274 1815
2412 1821
381 1823
5855 1824
2804 1828
3563 1835
5240 1840
6668 1842
1181 1846
3751 1848
4951 1849
268 1852
155 1853
491 1857
5093 1861
5382 1865
1046 1866
1932 1867
1328 1869
6430 1871
2921 1873
4189 1875
6596 1877
2503 1880
28 1884
5288 1885
1883 1897
5200 1898
4419 1902
2287 1910
5734 1913
3315 1915
681 1922
3841 1923
3825 1927
4698 1929
5521 1932
2391 1934
5346 1935
4656 1941
2679 1947
5023 1949
1947 1950
1314 1951
1379 1956
6457 1957
5750 1959
1314 1961
5491 1967
3864 1972
2689 1973
2072 1978
4449 1981
3181 1985
1830 1993
1880 1997
2650 2004
3068 2005
1094 2006
2896 2007
2118 2013
2789 2020
2747 2023
3983 2024
216 2028
4120 2031
2436 2036
4857 2042
2187 2047
4302 2049
525 2050
5478 2052
2526 2057
6867 2060
2239 2061
2977 2062
6475 2063
75 2066
2137 2069
121 2073
1328 2077
1960 2081
4612 2082
3393 2086
5177 2090
3841 2091
844 2097
2125 2098
1265 2101
960 2102
4291 2103
1017 2105
2525 2106
5787 2108
3563 2110
1880 2112
6509 2113
1418 2114
1241 2118
1064 2122
3704 2124
4124 2130
3464 2135
140 2136
5262 2137
4819 2140
860 2144
132 2149
1788 2151
1390 2163
4796 2173
5905 2175
6117 2177
4696 2178
1283 2181
5033 2182
4340 2183
1661 2188
4210 2194
725 2201
2399 2203
2337 2210
4791 2211
5788 2213
380 2214
4038 2215
2077 2217
3315 2218
2888 2219
5446 2220
5042 2224
87 2229
2054 2230
4010 2232
2819 2239
4575 2241
2461 2243
3911 2244
2045 2245
881 2246
3039 2250
2017 2252
5456 2256
1987 2261
6522 2263
2077 2264
806 2265
6063 2274
2696 2278
1314 2279
1697 2280
4998 2281
6806 2283
498 2284
6771 2287
3399 2293
3144 2294
4124 2302
6131 2304
2755 2306
4429 2307
1420 2311
186 2315
1719 2319
5003 2322
5294 2327
4834 2329
6770 2330
4142 2331
2171 2335
6821 2336
3084 2337
1259 2342
3 2346
1717 2352
5640 2356
2604 2359
3922 2361
5518 2362
3033 2363
793 2364
1551 2372
3543 2378
2679 2379
1551 2381
5707 2382
1241 2385
690 2387
1880 2388
1153 2390
1813 2391
3707 2395
3914 2396
6605 2401
4597 2403
536 2413
5966 2419
2993 2422
6792 2424
6137 2428
6329 2429
1683 2430
333 2431
6557 2434
1456 2436
691 2441
1796 2443
752 2444
5988 2446
3538 2450
5906 2460
5676 2461
5108 2468
1848 2470
1587 2471
5913 2472
3315 2473
4581 2474
1476 2475
3308 2477
2474 2483
5122 2485
2196 2486
3448 2489
6131 2494
3852 2496
4067 2497
4283 2501
6423 2506
2144 2508
6227 2509
1431 2511
3223 2523
4404 2531
5821 2537
1008 2538
4393 2541
6478 2546
1167 2547
3117 2549
3315 2556
4489 2557
3787 2558
1932 2560
6298 2562
2370 2568
89 2571
2411 2579
2417 2580
813 2581
5077 2583
4951 2588
5359 2589
3552 2591
73 2598
1586 2599
513 2605
1326 2616
3552 2621
583 2628
3782 2633
3165 2635
5699 2641
793 2642
3852 2651
5365 2652
793 2656
3323 2660
3543 2662
3859 2672
2046 2676
3 2677
4301 2682
3308 2683
1285 2684
1826 2685
4687 2691
4247 2692
3859 2693
4620 2694
4235 2695
3015 2696
2195 2697
8 2700
3517 2702
90 2703
6668 2706
5763 2713
2241 2715
2691 2718
2580 2720
1454 2728
3852 2729
262 2736
6032 2738
1905 2740
6124 2741
3289 2742
5378 2744
4705 2745
5545 2747
3894 2748
2069 2756
5443 2763
759 2764
6229 2765
2009 2767
3965 2775
1617 2778
2580 2781
4846 2783
5275 2786
2888 2787
5809 2788
2979 2789
5543 2791
4139 2792
6076 2794
5539 2796
6002 2803
6622 2804
945 2809
3489 2814
1719 2815
6081 2816
4754 2817
4493 2820
4731 2821
5698 2822
3012 2824
1945 2825
2534 2833
2393 2837
5539 2838
718 2839
2087 2841
442 2846
5355 2849
817 2854
2120 2855
1197 2858
1275 2864
3872 2866
998 2867
3979 2869
1275 2870
2220 2872
4293 2875
2674 2876
3452 2877
3583 2885
5866 2887
713 2892
4218 2896
6495 2900
3322 2901
5478 2905
3260 2906
3092 2912
6076 2917
2704 2918
4500 2919
3826 2920
4975 2923
1365 2928
5028 2929
5154 2932
2495 2947
2771 2948
1682 2951
5113 2955
4277 2956
3823 2958
2697 2959
5542 2960
2314 2963
2056 2967
4463 2971
1135 2977
232 2979
2130 2981
6293 2986
2138 2991
6014 2997
6293 2998
6269 2999
279 3000
4828 3003
2819 3006
5011 3007
1046 3008
1914 3009
1144 3011
1291 3014
1883 3016
1373 3018
5207 3019
3826 3023
1647 3026
3191 3029
2501 3030
3272 3032
1865 3037
1295 3039
3824 3040
2270 3047
2187 3048
6475 3051
4492 3052
5070 3057
5755 3061
2112 3062
5742 3067
3483 3068
5793 3074
4925 3082
4165 3083
2795 3084
6604 3089
4503 3090
6732 3096
957 3099
1803 3100
2917 3106
4131 3107
1437 3114
5837 3116
53 3119
62 3120
6309 3121
3703 3131
1588 3134
5105 3138
2336 3140
1236 3142
4552 3149
6113 3158
3010 3159
6664 3163
2246 3169
5366 3172
4235 3173
4408 3179
930 3182
2633 3186
4444 3192
4293 3194
3602 3195
5190 3197
3008 3203
2892 3207
941 3208
6306 3211
2501 3212
1405 3215
646 3220
1254 3221
31 3222
2124 3223
1753 3225
5645 3229
956 3230
2328 3232
644 3241
5292 3242
2465 3249
5315 3260
1492 3261
2735 3263
4728 3264
2270 3265
1144 3268
170 3271
5297 3274
2595 3275
1279 3280
1271 3283
1567 3289
870 3293
2619 3298
1159 3299
31 3300
2316 3308
655 3309
638 3310
4846 3316
3135 3317
3681 3320
5086 3323
3272 3329
2437 3330
2084 3332
2357 3333
1116 3334
3594 3341
3304 3345
1187 3348
279 3354
1401 3356
2500 3359
6293 3360
6408 3364
9 3370
1066 3374
4957 3377
3758 3379
4301 3390
2606 3391
5617 3393
3775 3394
6845 3396
632 3407
1518 3411
1959 3423
4951 3424
6712 3425
5795 3426
915 3429
343 3430
964 3431
6647 3435
5130 3438
5987 3439
6496 3441
5428 3444
4350 3446
6415 3448
333 3449
3754 3450
6306 3456
6086 3460
5830 3463
3627 3469
2155 3474
5607 3477
3055 3478
1448 3480
6544 3482
5652 3485
4293 3488
92 3489
6888 3490
2704 3499
1869 3501
2977 3503
4293 3505
3391 3508
4468 3513
5489 3514
3519 3519
4542 3520
3671 3527
4869 3530
1898 3533
4846 3534
2077 3535
1522 3540
1625 3541
6195 3542
632 3543
5506 3546
3202 3547
1158 3553
3432 3559
238 3566
5378 3568
4470 3571
3594 3573
2684 3576
3427 3577
5470 3578
1259 3579
1226 3585
4190 3586
1678 3588
2495 3589
4058 3602
3389 3608
6297 3613
4416 3614
3063 3617
329 3621
283 3628
6226 3632
815 3636
28 3638
4846 3645
3951 3648
2697 3651
1153 3653
4731 3656
525 3659
2977 3662
1518 3663
5443 3664
5443 3666
5270 3669
160 3670
3237 3672
5070 3675
4289 3676
3859 3680
1704 3685
5048 3686
100 3688
4731 3689
3921 3692
3732 3695
5048 3697
3090 3701
3131 3703
5008 3705
4589 3712
3714 3714
3906 3723
3864 3727
2941 3728
1079 3729
4131 3730
5758 3732
3933 3737
4338 3738
4022 3741
3859 3748
4188 3750
2888 3751
5174 3752
2222 3756
3957 3758
655 3759
2077 3760
5159 3761
2885 3763
259 3767
3859 3770
3116 3771
3696 3776
3723 3779
6113 3781
3923 3786
3558 3787
1102 3789
3855 3790
4082 3791
3988 3792
6144 3793
4515 3796
3116 3799
1869 3803
3827 3807
4449 3809
3839 3810
5150 3813
3859 3814
4530 3816
6760 3820
6625 3821
356 3825
3859 3827
280 3830
6221 3833
5019 3839
6423 3843
6554 3846
5968 3847
511 3850
1908 3854
1291 3855
3865 3857
6144 3867
3859 3871
3317 3877
4031 3879
3824 3880
4213 3888
4343 3890
3716 3891
5062 3895
3966 3898
655 3902
3841 3905
4051 3907
3740 3913
5723 3919
4515 3922
5866 3923
3862 3924
3763 3925
344 3929
3358 3932
4416 3934
3327 3935
3824 3940
5758 3946
1972 3949
5866 3951
4293 3952
655 3953
3845 3955
6885 3956
4544 3957
2833 3963
1377 3965
3790 3967
1683 3968
481 3978
1908 3982
4065 3983
3737 3986
1988 3987
6240 3990
3904 3995
3997 3997
4077 3998
3846 4001
4393 4004
6144 4008
2814 4010
6331 4013
3688 4017
3791 4018
3936 4021
4343 4026
456 4032
5597 4034
3919 4041
3717 4050
1066 4053
4059 4059
4589 4063
4092 4065
5096 4067
5048 4072
4061 4083
4106 4085
3859 4086
585 4087
903 4088
477 4090
1688 4092
3724 4093
3965 4095
2728 4096
1682 4106
3864 4107
3826 4108
3841 4109
3909 4110
3941 4111
4247 4115
4756 4119
5070 4120
5308 4126
4131 4127
4129 4129
3489 4130
5059 4131
3942 4135
2717 4138
3067 4142
3670 4143
5597 4145
3519 4150
124 4155
2393 4156
5957 4159
2707 4163
5990 4165
3152 4169
5946 4170
1010 4174
1682 4178
6272 4180
2393 4190
4188 4193
2501 4196
5646 4205
4537 4210
1911 4211
1945 4214
568 4217
1865 4218
4213 4219
1541 4225
4981 4226
3852 4229
3138 4231
4350 4233
6004 4236
3311 4240
6685 4241
6000 4242
186 4243
5660 4244
1163 4246
6783 4247
6581 4248
4597 4250
5305 4255
3497 4257
4437 4258
505 4268
4947 4273
216 4275
191 4276
5124 4277
4297 4280
5070 4281
2717 4284
6262 4285
6113 4286
4935 4287
3998 4289
4188 4291
2077 4292
6668 4295
802 4296
6349 4300
6819 4302
6150 4304
1008 4306
4411 4307
5597 4310
3320 4316
5741 4317
274 4326
4781 4329
3826 4333
2338 4335
3371 4337
4575 4338
5758 4339
6005 4340
4216 4345
2891 4347
5509 4348
6478 4350
2591 4356
4546 4359
4160 4363
5721 4366
3904 4369
1507 4374
5305 4381
4544 4385
6339 4386
3891 4388
6819 4393
4625 4394
219 4395
1972 4398
6014 4406
9 4416
5767 4417
6770 4423
2287 4427
5975 4429
5790 4435
2977 4436
221 4437
2380 4438
3763 4446
3279 4447
5968 4449
5535 4455
2867 4457
5686 4459
5275 4461
4096 4467
6619 4468
4355 4473
1822 4475
695 4476
3596 4480
5906 4483
280 4484
6652 4486
6369 4493
2461 4495
1633 4500
3932 4509
6659 4522
3448 4524
5795 4526
4060 4528
1326 4530
2195 4531
5305 4540
4656 4542
2256 4543
2252 4545
6170 4546
4095 4552
753 4558
299 4565
3395 4569
4936 4571
3102 4577
5787 4578
6048 4582
4124 4586
121 4589
5343 4593
4567 4596
4276 4597
5083 4598
6495 4600
5294 4601
6137 4605
6397 4607
4521 4610
614 4612
6431 4615
5181 4618
3221 4622
4192 4625
6293 4626
1637 4627
4179 4629
1469 4635
6680 4639
2580 4647
5687 4649
5007 4651
4210 4652
5616 4663
2346 4668
1813 4673
2440 4675
6833 4678
2736 4681
5720 4682
3847 4685
4338 4688
1991 4690
738 4691
1292 4693
1950 4695
4506 4696
6664 4700
4622 4701
3448 4702
1010 4705
4260 4710
655 4711
6668 4715
4495 4727
2036 4728
6759 4734
6772 4736
6491 4738
1112 4740
3067 4742
3859 4743
5464 4744
618 4745
3943 4746
4402 4749
3416 4753
3389 4755
984 4758
4124 4770
5878 4775
2420 4779
5795 4781
3689 4788
1637 4789
3975 4790
5790 4791
984 4792
1932 4793
4124 4794
2277 4795
679 4797
75 4800
3763 4804
3553 4806
5190 4807
4175 4812
6685 4813
2310 4814
2061 4823
1730 4828
5011 4830
2195 4834
5470 4836
6455 4838
3432 4840
6293 4841
1086 4843
1453 4847
1469 4848
1008 4849
4716 4854
3119 4857
6759 4858
1301 4861
4862 4862
5063 4866
4416 4870
4416 4872
4714 4874
5378 4876
4277 4880
6378 4890
5804 4893
3787 4910
5298 4913
1156 4917
4625 4925
1348 4929
4139 4936
3998 4937
4266 4938
4707 4940
3732 4942
2501 4947
41 4951
1431 4954
3495 4962
1952 4968
2607 4971
4044 4975
2031 4980
3615 4981
4687 4982
1883 4992
6229 4994
2774 4998
1159 4999
4165 5002
6867 5004
90 5008
3138 5013
2380 5017
303 5018
5448 5019
2014 5024
3448 5025
2130 5027
1993 5028
6454 5030
5255 5034
6623 5036
2445 5045
882 5051
5857 5052
6170 5055
4274 5059
2187 5060
1476 5064
4879 5069
1793 5072
630 5075
4550 5080
1158 5083
870 5085
4237 5086
149 5088
739 5090
4620 5091
717 5092
4248 5093
4301 5098
6802 5099
1285 5100
216 5105
4463 5107
88 5108
5026 5112
4603 5114
4301 5115
5657 5116
1664 5120
776 5122
1595 5125
1595 5127
2154 5134
262 5137
2778 5141
4991 5142
3181 5149
2195 5151
1151 5152
5612 5153
4394 5161
2232 5163
1288 5170
2285 5171
6651 5172
791 5178
5105 5182
4155 5185
63 5188
2501 5194
5298 5196
5915 5197
1033 5198
3904 5199
3863 5200
2977 5203
6239 5205
4546 5206
1226 5207
263 5209
4071 5210
4555 5213
774 5225
5434 5229
4100 5231
2432 5232
5346 5236
4702 5237
3304 5238
1347 5242
4131 5244
5539 5250
1518 5252
3342 5267
5562 5270
4363 5271
354 5275
1234 5276
1311 5280
3363 5281
6192 5283
536 5287
2918 5288
2243 5290
1008 5295
5557 5298
2772 5309
4916 5314
6104 5315
3989 5318
6524 5319
3714 5320
6487 5321
5455 5325
4320 5327
1960 5331
1151 5332
67 5333
3064 5335
2524 5338
6180 5339
6072 5341
2562 5345
4038 5349
3103 5352
3922 5353
1314 5355
3507 5357
6706 5361
1991 5363
3859 5364
4620 5367
4954 5368
1471 5369
5734 5374
4795 5375
3938 5382
3966 5384
1610 5387
4800 5392
3811 5393
3957 5394
2288 5395
2605 5404
1483 5409
4958 5411
2667 5413
4690 5424
3039 5427
1493 5429
1639 5430
2593 5433
5849 5435
5657 5436
5428 5437
126 5438
4576 5439
6881 5442
2748 5445
2981 5447
2604 5449
4143 5453
1239 5458
5783 5459
6720 5463
3807 5468
2961 5474
5475 5475
4826 5479
2855 5480
4139 5483
1688 5486
1288 5487
4762 5489
5105 5492
3033 5493
2130 5494
4999 5496
675 5497
2440 5499
5783 5500
5957 5503
2836 5504
4152 5505
186 5507
6584 5515
6475 5518
5521 5521
5378 5522
1238 5525
500 5528
4998 5534
4875 5536
975 5537
3652 5538
2718 5539
380 5543
1488 5547
5327 5549
457 5552
1734 5555
1115 5557
6853 5560
2614 5561
1063 5563
2077 5565
1499 5567
3165 5570
6114 5572
3859 5574
819 5575
4095 5578
3826 5579
280 5586
2446 5588
1870 5590
5348 5592
5219 5596
4085 5598
4301 5599
5855 5602
5974 5603
739 5604
4951 5606
2077 5608
4738 5612
1565 5614
728 5629
5780 5634
4454 5636
848 5643
5788 5648
6532 5649
5946 5652
4124 5654
2738 5656
5795 5657
3377 5659
651 5663
6543 5670
5916 5677
6487 5678
5679 5679
4925 5681
4465 5683
5573 5687
2797 5691
1119 5692
6226 5694
3957 5700
4989 5702
4588 5709
3571 5711
6879 5718
4886 5719
1286 5720
4188 5721
5241 5722
6878 5733
4283 5737
6701 5740
770 5743
641 5745
4454 5754
6706 5757
5845 5759
4122 5763
185 5768
5141 5769
1811 5773
6125 5774
1206 5776
3200 5777
2843 5785
4788 5793
2525 5797
3315 5806
2077 5810
3263 5817
1858 5820
186 5823
5539 5825
3129 5826
1679 5829
2374 5832
316 5838
1610 5839
126 5842
2994 5845
3364 5848
6009 5850
3517 5852
4554 5854
6117 5855
5787 5858
6767 5865
4499 5867
1480 5869
2789 5876
3735 5878
3058 5883
6800 5886
5234 5893
3553 5900
2130 5901
1153 5903
3823 5907
200 5908
6206 5914
3497 5915
418 5918
3617 5922
4353 5928
3852 5930
6467 5932
717 5934
6014 5937
3833 5940
437 5946
5719 5952
6269 5962
5758 5964
3657 5966
151 5969
2892 5974
1821 5976
66 5978
88 5979
1585 5982
3521 5985
3306 5991
3116 5993
3869 5998
5365 6000
586 6002
3227 6005
2558 6010
73 6012
6014 6014
4813 6017
5346 6018
5999 6020
6790 6027
6596 6037
3710 6038
1262 6039
1174 6040
4475 6042
4766 6046
4672 6055
2338 6057
1413 6062
3099 6064
6371 6066
1204 6069
6187 6072
4143 6075
2113 6076
1741 6086
2077 6088
806 6089
3371 6090
5539 6091
4006 6095
2456 6097
4247 6098
1258 6101
3988 6104
1254 6105
6531 6109
882 6111
5624 6118
5957 6120
2714 6126
2995 6128
1194 6131
6029 6132
4331 6133
5443 6135
3290 6136
4893 6145
480 6148
5096 6149
3938 6150
1107 6151
5737 6162
4868 6163
2774 6164
1880 6165
1502 6166
2346 6169
6680 6170
1049 6172
992 6173
121 6176
2393 6178
6284 6183
5397 6185
118 6187
921 6191
5012 6193
6014 6194
3325 6195
1008 6196
1495 6197
2808 6198
3797 6200
1733 6201
5607 6202
1932 6209
6444 6212
1837 6219
1316 6220
4072 6221
3076 6224
630 6225
765 6226
4567 6228
382 6229
5001 6232
2153 6233
1569 6234
5690 6238
1381 6239
2634 6242
3506 6243
3555 6245
6716 6250
343 6256
6145 6260
6245 6261
4817 6263
1325 6264
1277 6267
5804 6268
2650 6269
5052 6270
5023 6276
2471 6280
802 6285
6408 6290
3982 6292
6867 6293
763 6294
4246 6295
844 6296
6120 6297
3801 6301
4126 6308
6685 6312
2260 6314
933 6326
6487 6327
6329 6329
9 6332
4846 6333
3252 6337
3043 6338
2077 6339
3714 6342
5699 6344
568 6346
4929 6353
1008 6354
5957 6355
2296 6358
1762 6359
3105 6361
4868 6365
3920 6366
4796 6367
5343 6368
3151 6370
6585 6374
4227 6381
3765 6385
2381 6388
5542 6390
371 6395
5347 6396
2242 6402
728 6405
4707 6406
5849 6407
2525 6410
2830 6411
2346 6412
4400 6414
722 6417
4637 6423
3389 6428
3927 6430
2155 6436
1292 6437
3933 6439
5788 6440
4796 6443
2580 6445
6664 6446
3139 6448
6668 6453
6544 6454
3398 6457
1206 6458
5804 6459
6463 6462
1600 6466
2797 6467
6468 6468
5795 6469
3923 6475
1998 6476
4022 6477
5070 6478
6687 6481
4544 6483
3841 6488
2580 6492
3794 6493
2956 6496
4318 6497
3252 6502
3377 6504
360 6505
6309 6512
4416 6515
3592 6526
5130 6531
2214 6533
1700 6537
4552 6541
6458 6545
2478 6547
1625 6549
1216 6555
3452 6556
955 6557
6559 6559
5759 6564
2043 6565
3272 6569
5001 6570
204 6574
2270 6577
2579 6580
921 6581
6473 6584
4675 6585
5975 6592
1862 6593
4567 6594
3771 6595
5710 6599
1239 6602
987 6604
2977 6607
1033 6608
5584 6622
6391 6628
3826 6633
1622 6635
2699 6637
2310 6638
2010 6639
5845 6642
3847 6646
6189 6647
4584 6653
2888 6654
4287 6655
2845 6660
6177 6662
6331 6666
6150 6672
5350 6676
90 6680
5295 6683
343 6689
5035 6690
5378 6691
6293 6694
5025 6700
2862 6703
3464 6707
5016 6708
3111 6709
4124 6713
2120 6714
4648 6715
1921 6716
1223 6720
3849 6730
4298 6733
3987 6736
5309 6738
1000 6752
4342 6753
1304 6754
1509 6763
6767 6767
4069 6768
5448 6771
3281 6777
6533 6780
5382 6782
213 6785
2598 6788
4509 6792
2631 6796
1369 6800
4877 6802
1688 6808
4075 6813
4564 6819
2361 6823
5795 6826
3792 6828
648 6831
194 6832
1033 6833
4412 6834
6515 6839
6382 6841
6364 6843
5795 6851
6189 6853
1803 6855
4771 6856
3146 6858
3892 6859
5506 6860
2580 6864
3589 6866
5694 6867
4356 6874
6378 6889
