409 409
36 36
3843 3843
408 408
439 439
431 431
3551 3551
347 347
410 410
359 359
3740 3740
64 64
24 24
325 325
330 330
128 128
3844 3844
82 82
63 63
432 432
421 421
3638 3638
227 227
3548 3548
3631 3631
3829 3829
3925 3925
3848 3848
3773 3773
3643 3643
1906 1906
3913 3913
17 17
3787 3787
3546 3546
3754 3754
5659 5659
6276 6276
236 236
3554 3554
3926 3926
3923 3923
3576 3576
6248 6248
3847 3847
3833 3833
2808 2808
94 94
6264 6264
340 340
5535 5535
3777 3777
119 119
3828 3828
3824 3824
2797 2797
5731 5731
5463 5463
230 230
26 26
3637 3637
429 429
239 239
2793 2793
342 342
338 338
2815 2815
5519 5519
5366 5366
5601 5601
5708 5708
5861 5861
15 15
3650 3650
6275 6275
5724 5724
5848 5848
3596 3596
3577 3577
3791 3791
5503 5503
2801 2801
3705 3705
5504 5504
5616 5616
3584 3584
122 122
5829 5829
3609 3609
2786 2786
4 4
3516 3516
2177 2177
51 51
5514 5514
3602 3602
2780 2780
5950 5950
6238 6238
5445 5445
10 10
5590 5590
2799 2799
3519 3519
5578 5578
5674 5674
3601 3601
2490 2490
5951 5951
5933 5933
2807 2807
5635 5635
5932 5932
6067 6067
5838 5838
157 157
245 245
5512 5512
5625 5625
6231 6231
3568 3568
3565 3565
6058 6058
2375 2375
1 1
2005 2005
2167 2167
2129 2129
5641 5641
5851 5851
6075 6075
5746 5746
6054 6054
5698 5698
62 62
2480 2480
6045 6045
6064 6064
2124 2124
2221 2221
6062 6062
5819 5819
5834 5834
2164 2164
2052 2052
392 392
5538 5538
3704 3704
7 7
2775 2775
2180 2180
5648 5648
2193 2193
3518 3518
2175 2175
5741 5741
5665 5665
2395 2395
5582 5582
1984 1984
5584 5584
5977 5977
3567 3567
5542 5542
5678 5678
2360 2360
2485 2485
2499 2499
3646 3646
282 282
5522 5522
2061 2061
2278 2278
2210 2210
2011 2011
5863 5863
5985 5985
2239 2239
2169 2169
3655 3655
2181 2181
2514 2514
2475 2475
5653 5653
5852 5852
2594 2594
6101 6101
6142 6142
5855 5855
2474 2474
5706 5706
2500 2500
6095 6095
6147 6147
2280 2280
6130 6130
2603 2603
2585 2585
2600 2600
3906 3906
6131 6131
2204 2204
2240 2240
2254 2254
2624 2624
147 147
5734 5734
6098 6098
5915 5915
3884 3884
2220 2220
5806 5806
6110 6110
5988 5988
5521 5521
6160 6160
6136 6136
5997 5997
295 295
3709 3709
6139 6139
5475 5475
3782 3782
2092 2092
2182 2182
5991 5991
2114 2114
2272 2272
2685 2685
507 507
1986 1986
505 505
6040 6040
6887 6887
6889 6889
5484 5484
5778 5778
3985 3985
374 374
2508 2508
6140 6140
3991 3991
3690 3690
2031 2031
6882 6882
3954 3954
2087 2087
5235 5235
2299 2299
3694 3694
3955 3955
4048 4048
5494 5494
2216 2216
2018 2018
5483 5483
2643 2643
4034 4034
4036 4036
3980 3980
6175 6175
2032 2032
3962 3962
4035 4035
5663 5663
5777 5777
5664 5664
4031 4031
174 174
5783 5783
4071 4071
5799 5799
6023 6023
6024 6024
5771 5771
4038 4038
2441 2441
468 468
558 558
1766 1766
2523 2523
2248 2248
2648 2648
5816 5816
5440 5440
2519 2519
5812 5812
2684 2684
545 545
2250 2250
2699 2699
2019 2019
3979 3979
2296 2296
2644 2644
3490 3490
5791 5791
546 546
3699 3699
466 466
2432 2432
4002 4002
169 169
529 529
544 544
3839 3839
369 369
475 475
3487 3487
2550 2550
2707 2707
387 387
2297 2297
5813 5813
2663 2663
3976 3976
566 566
6172 6172
5691 5691
2312 2312
5560 5560
2295 2295
1925 1925
204 204
464 464
2701 2701
2103 2103
2308 2308
2104 2104
524 524
5782 5782
2743 2743
2533 2533
523 523
1919 1919
1573 1573
1568 1568
2317 2317
5886 5886
396 396
2559 2559
3367 3367
2305 2305
2338 2338
1598 1598
1916 1916
3368 3368
1774 1774
3340 3340
5927 5927
1593 1593
3278 3278
3276 3276
1611 1611
3229 3229
1546 1546
1918 1918
4014 4014
3363 3363
2740 2740
1601 1601
1600 1600
2306 2306
3274 3274
5384 5384
1934 1934
3255 3255
1914 1914
2423 2423
2318 2318
1912 1912
1900 1900
3249 3249
1586 1586
1660 1660
2576 2576
1578 1578
3283 3283
3365 3365
1587 1587
3225 3225
1657 1657
2321 2321
3892 3892
1615 1615
1619 1619
1588 1588
1680 1680
3223 3223
3348 3348
1655 1655
3292 3292
1390 1390
1622 1622
1393 1393
3738 3738
1966 1966
1684 1684
773 773
3284 3284
1628 1628
1669 1669
3376 3376
1614 1614
5379 5379
3317 3317
3350 3350
1498 1498
3383 3383
3391 3391
3201 3201
1663 1663
3280 3280
3447 3447
1561 1561
3388 3388
1904 1904
3796 3796
3252 3252
3452 3452
1548 1548
5387 5387
1729 1729
6187 6187
4709 4709
1741 1741
6180 6180
3413 3413
1876 1876
1700 1700
5332 5332
1968 1968
1647 1647
5314 5314
3445 3445
4366 4366
2898 2898
2747 2747
1649 1649
4649 4649
5438 5438
1634 1634
5291 5291
3449 3449
1683 1683
3131 3131
1749 1749
2429 2429
1977 1977
936 936
1878 1878
2467 2467
1387 1387
3204 3204
209 209
5410 5410
2444 2444
2769 2769
4912 4912
2719 2719
1353 1353
1652 1652
6817 6817
1541 1541
5401 5401
398 398
6603 6603
1942 1942
3766 3766
3718 3718
4885 4885
6448 6448
3183 3183
3386 3386
2994 2994
3185 3185
3459 3459
1140 1140
2448 2448
1360 1360
6406 6406
1255 1255
3195 3195
3207 3207
1886 1886
5407 5407
3001 3001
1386 1386
4257 4257
3132 3132
6190 6190
3460 3460
880 880
1439 1439
5346 5346
1826 1826
3464 3464
4268 4268
1018 1018
4760 4760
6600 6600
4873 4873
3148 3148
5411 5411
2989 2989
5041 5041
5292 5292
3196 3196
1534 1534
1227 1227
1515 1515
2897 2897
6823 6823
3063 3063
5211 5211
3682 3682
4758 4758
5047 5047
6741 6741
1369 1369
6718 6718
4741 4741
2858 2858
3235 3235
1854 1854
4911 4911
5057 5057
4985 4985
5219 5219
6792 6792
3242 3242
1856 1856
2822 2822
6788 6788
2999 2999
5339 5339
6437 6437
4267 4267
4746 4746
4830 4830
4623 4623
3333 3333
5056 5056
4262 4262
6655 6655
4609 4609
1831 1831
5212 5212
5066 5066
2967 2967
3674 3674
5198 5198
4833 4833
5337 5337
1637 1637
791 791
669 669
5113 5113
1137 1137
6281 6281
1019 1019
3037 3037
610 610
5008 5008
5046 5046
1013 1013
6566 6566
399 399
1014 1014
1311 1311
6435 6435
4978 4978
2903 2903
4398 4398
1356 1356
1421 1421
4206 4206
4171 4171
6768 6768
3039 3039
6853 6853
6721 6721
6754 6754
6824 6824
6630 6630
6444 6444
1132 1132
6626 6626
6859 6859
6623 6623
6785 6785
4982 4982
6578 6578
6319 6319
4387 4387
4124 4124
671 671
5124 5124
788 788
5378 5378
1674 1674
4338 4338
4828 4828
6315 6315
1243 1243
6332 6332
6505 6505
6573 6573
4974 4974
1505 1505
4458 4458
4174 4174
2862 2862
6839 6839
6587 6587
4383 4383
6644 6644
1131 1131
6597 6597
6783 6783
6533 6533
6657 6657
4340 4340
6389 6389
1054 1054
2932 2932
1055 1055
676 676
650 650
302 302
1147 1147
4935 4935
1788 1788
6388 6388
3320 3320
4796 4796
1056 1056
3177 3177
4353 4353
652 652
4285 4285
1523 1523
4648 4648
726 726
1838 1838
5090 5090
6725 6725
6467 6467
1114 1114
4417 4417
1071 1071
6591 6591
4354 4354
3764 3764
1061 1061
4757 4757
4934 4934
6373 6373
4878 4878
4389 4389
5130 5130
2865 2865
4430 4430
603 603
1342 1342
2963 2963
691 691
1042 1042
6572 6572
3495 3495
4155 4155
5304 5304
4168 4168
4736 4736
4951 4951
5179 5179
5266 5266
1537 1537
1275 1275
1761 1761
5208 5208
4110 4110
635 635
4621 4621
1791 1791
4538 4538
5354 5354
4522 4522
3510 3510
4615 4615
6370 6370
6800 6800
1125 1125
6638 6638
4192 4192
4286 4286
1409 1409
5125 5125
2905 2905
674 674
1545 1545
1010 1010
6482 6482
4950 4950
927 927
5181 5181
1520 1520
693 693
4372 4372
4597 4597
4351 4351
1173 1173
4352 4352
808 808
4335 4335
6511 6511
4470 4470
3101 3101
4122 4122
4277 4277
5249 5249
4224 4224
1780 1780
1214 1214
6526 6526
1293 1293
4607 4607
2877 2877
1112 1112
1101 1101
1758 1758
1093 1093
759 759
1337 1337
4573 4573
5333 5333
1151 1151
6530 6530
6512 6512
1052 1052
4537 4537
4966 4966
6535 6535
6529 6529
6559 6559
4802 4802
966 966
955 955
937 937
1538 1538
721 721
919 919
4425 4425
677 677
4475 4475
3029 3029
2881 2881
886 886
1329 1329
5296 5296
4123 4123
5234 5234
3099 3099
1323 1323
1787 1787
1796 1796
1784 1784
1769 1769
4846 4846
1795 1795
1108 1108
1118 1118
892 892
4688 4688
177 177
843 843
1779 1779
4146 4146
4550 4550
4494 4494
3120 3120
4545 4545
4091 4091
4492 4492
2829 2829
2912 2912
5255 5255
3079 3079
4158 4158
4956 4956
1478 1478
3134 3134
1203 1203
5215 5215
6476 6476
5136 5136
4344 4344
839 839
4940 4940
3502 3502
4571 4571
723 723
6286 6286
6571 6571
4962 4962
6412 6412
4135 4135
3104 3104
4868 4868
4583 4583
705 705
1075 1075
1464 1464
249 249
1251 1251
4641 4641
4575 4575
5143 5143
1458 1458
1033 1033
6872 6872
1864 1864
5250 5250
4452 4452
3137 3137
1862 1862
975 975
4149 4149
4153 4153
1327 1327
4804 4804
1480 1480
4631 4631
891 891
620 620
4808 4808
923 923
4504 4504
1326 1326
4150 4150
4240 4240
3125 3125
1454 1454
2826 2826
4703 4703
967 967
832 832
914 914
4941 4941
4660 4660
1449 1449
3155 3155
3096 3096
6338 6338
4440 4440
4628 4628
4443 4443
4461 4461
4991 4991
4431 4431
6292 6292
2831 2831
873 873
986 986
946 946
