1 1
5751 2
4 4
7 7
2468 9
10 10
15 15
17 17
3796 21
1674 23
24 24
2383 25
26 26
5516 27
5190 28
6303 29
2649 30
3095 33
5079 34
36 36
3898 37
6470 41
2303 42
769 43
2869 48
51 51
4833 52
5467 56
1117 57
1682 58
3028 59
1326 61
62 62
63 63
64 64
3581 66
3810 67
4434 68
1104 69
2955 71
1441 72
3955 73
6381 76
3982 77
82 82
1906 83
3015 88
656 89
1150 90
5023 91
2736 93
94 94
461 95
2765 100
2645 105
2142 106
778 113
577 115
4963 117
1587 118
119 119
122 122
6619 125
4649 126
1952 127
128 128
164 129
1039 144
5946 145
147 147
4548 148
2904 151
153 153
591 155
157 157
2131 159
1934 160
6029 164
5441 165
2946 167
204 168
169 169
3250 170
6887 172
174 174
838 175
177 177
25 181
3143 182
1944 185
1313 186
5759 188
581 190
1432 192
5904 193
3143 194
4450 195
4805 196
2282 197
3204 199
4992 200
4272 201
4316 202
204 204
5846 207
4634 208
209 209
5225 210
6335 211
4500 213
2299 215
5482 216
217 217
218 218
4998 222
3211 224
1916 226
227 227
6499 228
2287 229
230 230
852 233
236 236
1715 237
239 239
4564 241
245 245
4070 246
4349 247
249 249
4605 251
3399 252
5986 253
722 255
4171 257
1018 258
4224 261
2736 262
656 264
6198 268
1037 271
35 273
2237 274
4400 275
3105 278
282 282
3164 283
2253 284
1948 287
87 288
289 289
6472 290
2165 291
3170 293
295 295
4698 296
2749 297
302 302
3208 311
5076 313
2445 315
6077 317
3338 321
5812 322
1746 323
325 325
5280 326
3101 329
330 330
4772 334
4526 336
338 338
340 340
342 342
1984 343
6306 344
3207 345
347 347
3888 348
4741 349
2184 354
359 359
431 364
1737 365
3487 367
6142 368
369 369
1768 370
4827 372
374 374
428 375
1535 377
3564 383
387 387
1552 388
4333 390
392 392
2196 395
396 396
398 398
399 399
6724 401
408 408
409 409
410 410
1513 411
4403 414
2770 416
102 417
48 419
421 421
5325 423
6887 425
2849 426
429 429
4388 430
431 431
432 432
5373 433
2718 435
4475 437
3338 438
439 439
2904 442
2416 446
5953 447
409 448
3844 449
5481 451
5235 456
5481 459
6003 460
3822 461
3185 463
464 464
466 466
468 468
1006 471
475 475
3380 478
1150 480
6619 481
658 482
2946 484
5842 485
4609 494
3347 495
4774 496
59 497
6832 498
4082 500
6555 501
3901 502
5607 503
4855 504
505 505
4528 506
507 507
6064 512
514 514
3540 516
4840 522
523 523
524 524
2468 528
529 529
5236 530
5265 533
416 535
1689 540
239 541
544 544
545 545
546 546
681 549
2097 551
3952 556
3260 557
558 558
6559 560
1445 561
4009 562
3380 564
566 566
2253 567
1552 569
570 570
1926 571
4852 573
4793 576
536 577
1547 580
77 581
1616 582
5564 584
586 586
3334 591
1552 592
5879 593
2975 594
2244 598
1741 601
2623 602
603 603
821 604
771 608
610 610
3205 612
1926 614
5203 615
4232 616
5088 617
619 619
620 620
5186 621
1760 622
1264 623
3105 626
4325 627
2678 629
635 635
4376 639
2948 647
3649 648
4733 649
650 650
652 652
3982 654
2345 655
1158 659
4457 661
140 662
5229 663
2600 666
4326 667
669 669
1783 670
671 671
4258 672
674 674
676 676
677 677
3030 681
6480 682
6032 687
3933 688
691 691
693 693
228 695
696 696
632 697
2810 700
4634 702
2468 703
705 705
4634 712
2761 714
2199 716
4852 719
721 721
2429 722
723 723
726 726
3779 728
5059 730
2504 735
4207 736
4866 739
741 741
4260 744
6046 746
5035 748
754 754
5973 755
759 759
5441 761
4838 762
6695 763
767 767
773 773
3746 775
4892 776
6472 780
5236 781
782 782
5419 787
788 788
211 789
3680 790
791 791
4272 792
4046 794
1929 803
4392 807
808 808
3437 809
5879 811
1737 812
5572 815
6876 817
6335 818
3235 823
6460 826
4888 828
832 832
6195 835
839 839
843 843
6793 846
6887 847
6809 851
2923 855
5319 858
1476 861
191 869
1467 871
1984 872
873 873
4916 875
2413 879
880 880
2302 881
4744 882
81 884
886 886
694 887
4376 888
891 891
892 892
895 895
896 896
4097 899
1121 903
2519 904
2416 906
2094 911
1286 913
914 914
919 919
5167 920
923 923
5343 926
927 927
2240 929
1358 932
2127 933
6404 934
6077 935
936 936
937 937
2972 939
1791 940
3717 941
4177 944
946 946
2493 948
1042 949
1472 951
674 952
6195 954
955 955
1952 956
725 960
3200 962
966 966
967 967
5914 969
4102 970
5256 972
5007 973
975 975
584 976
4135 977
2388 978
5463 980
6878 981
3165 983
986 986
4727 990
1552 992
5275 993
3205 994
5368 997
3470 998
6887 999
3828 1003
4202 1005
4242 1006
4893 1007
1010 1010
1808 1012
1013 1013
1014 1014
1031 1015
4362 1017
1018 1018
1019 1019
5441 1022
5035 1028
4804 1029
4696 1030
5145 1031
6487 1032
1033 1033
3552 1035
4831 1037
6445 1041
1042 1042
4392 1043
5511 1044
6887 1047
6723 1048
5975 1050
1052 1052
1054 1054
1055 1055
1056 1056
1061 1061
6106 1062
2793 1063
4683 1064
4528 1067
3853 1069
1071 1071
2136 1073
2466 1074
1075 1075
4848 1076
2922 1078
2233 1080
2975 1082
3344 1083
6809 1089
1678 1090
5374 1091
1093 1093
4023 1095
3105 1097
3681 1099
1101 1101
5735 1102
1990 1103
2063 1106
1108 1108
3825 1111
1112 1112
1114 1114
1118 1118
603 1121
3822 1124
1125 1125
1603 1126
4386 1128
3234 1129
1131 1131
1132 1132
2381 1133
1137 1137
1516 1138
2340 1139
1140 1140
3452 1141
1147 1147
1151 1151
174 1153
934 1154
4961 1158
691 1160
6309 1169
4034 1170
1173 1173
2208 1174
3529 1177
3001 1178
5191 1180
3530 1188
3748 1189
3542 1195
6648 1197
1203 1203
264 1205
3013 1207
5946 1209
1214 1214
1441 1215
838 1220
4875 1221
247 1224
4798 1225
1227 1227
239 1232
2244 1236
4391 1238
5521 1240
1243 1243
4110 1245
6531 1246
1994 1250
1251 1251
1255 1255
2094 1261
468 1262
2841 1264
1265 1265
2678 1267
5791 1270
3977 1273
873 1274
1275 1275
1279 1279
2552 1282
3287 1283
3517 1284
4220 1285
4362 1286
1610 1288
2340 1289
6308 1290
6714 1291
1293 1293
5556 1294
3516 1299
3724 1302
3929 1304
6614 1305
1306 1306
963 1309
1311 1311
3692 1314
6045 1316
1415 1318
5357 1320
1323 1323
3564 1325
1326 1326
1327 1327
5492 1328
1329 1329
474 1332
1342 1334
2468 1336
1337 1337
4092 1338
2493 1339
1342 1342
68 1343
6106 1345
6777 1348
2196 1349
1353 1353
1356 1356
1788 1357
1360 1360
5267 1361
2611 1362
1397 1364
6753 1365
1369 1369
2544 1371
4204 1373
6010 1375
1598 1376
2855 1377
386 1380
1682 1381
1386 1386
1387 1387
1390 1390
1393 1393
3733 1395
1454 1402
705 1404
6695 1406
1409 1409
2005 1411
2862 1414
4163 1416
1477 1417
1515 1418
1419 1419
1421 1421
3853 1424
4634 1426
963 1427
1073 1429
2753 1430
5894 1436
411 1437
2214 1438
1439 1439
3243 1440
506 1442
3467 1443
1552 1446
1449 1449
5191 1451
2415 1452
1454 1454
6347 1457
1458 1458
6887 1459
6267 1460
6066 1463
1464 1464
2736 1466
725 1473
3013 1476
6126 1477
1478 1478
1480 1480
3381 1482
5304 1490
3564 1491
6714 1493
1861 1497
1498 1498
4746 1502
3037 1503
3851 1504
1505 1505
4294 1506
927 1510
6594 1513
2963 1514
1515 1515
6761 1516
1520 1520
1523 1523
4858 1526
5427 1527
3488 1528
4698 1529
6361 1533
1534 1534
6130 1535
1537 1537
1538 1538
1541 1541
3347 1543
1545 1545
1546 1546
1548 1548
5846 1550
725 1558
2055 1559
1561 1561
2411 1562
2664 1563
2817 1567
1568 1568
6404 1569
1573 1573
4476 1574
1578 1578
1689 1579
4741 1580
5481 1584
1586 1586
1587 1587
1588 1588
5611 1590
3493 1591
1593 1593
5195 1595
1598 1598
1600 1600
1601 1601
1611 1611
1614 1614
1615 1615
4069 1617
1619 1619
1622 1622
1552 1623
3280 1627
1628 1628
4411 1632
4523 1633
1634 1634
1637 1637
1649 1638
4024 1639
6501 1640
872 1644
5279 1645
1647 1647
1946 1648
1649 1649
1652 1652
1590 1653
70 1654
1655 1655
1657 1657
106 1658
1660 1660
3657 1661
2830 1662
1663 1663
1374 1665
1669 1669
3947 1671
3933 1673
1674 1674
3634 1677
1680 1680
4548 1681
1683 1683
1684 1684
5508 1689
5412 1692
4450 1693
5973 1697
1700 1700
2666 1701
292 1703
6577 1704
6472 1705
6602 1709
4763 1710
4855 1711
2226 1713
1516 1715
1482 1722
3815 1726
5646 1727
1729 1729
4328 1730
5169 1734
5879 1735
166 1736
5720 1738
1741 1741
5441 1743
2027 1745
4436 1746
6104 1747
801 1748
1749 1749
3205 1750
3200 1751
2326 1753
3962 1755
1758 1758
1761 1761
387 1764
5629 1765
1766 1766
1769 1769
1774 1774
6858 1777
1779 1779
1780 1780
4137 1783
1784 1784
6527 1786
1787 1787
1788 1788
1791 1791
1795 1795
1796 1796
1737 1799
2401 1808
4553 1809
3007 1811
5249 1814
5393 1815
862 1818
4750 1820
6390 1821
5194 1822
2789 1823
3634 1824
1586 1825
1826 1826
1831 1831
48 1834
1926 1835
1838 1838
1683 1839
5149 1840
2678 1842
6661 1846
4819 1848
5428 1849
6052 1851
1854 1854
1856 1856
810 1857
1862 1862
1864 1864
2946 1865
2131 1866
5921 1869
973 1870
5464 1874
1251 1875
1876 1876
2826 1877
1878 1878
5880 1880
6529 1881
3449 1884
1669 1885
1886 1886
4957 1887
5055 1891
1552 1894
1329 1895
2926 1896
3418 1897
1900 1900
1904 1904
3399 1905
1906 1906
249 1907
3749 1908
699 1909
3102 1910
1912 1912
1311 1913
1914 1914
1916 1916
1918 1918
1919 1919
3232 1922
4425 1924
1925 1925
2012 1927
3358 1928
1934 1934
2416 1936
315 1937
5291 1939
1942 1942
4135 1943
2325 1946
2960 1951
4653 1953
3815 1957
2734 1959
6509 1961
4220 1964
1966 1966
4031 1967
1968 1968
5661 1971
1416 1973
6887 1974
666 1975
3421 1976
1977 1977
3440 1983
1984 1984
1986 1986
888 1987
5615 1990
4383 1992
1983 1993
2433 1995
1711 2001
2005 2005
2773 2006
2011 2011
1289 2012
4652 2013
1830 2017
2018 2018
2019 2019
467 2020
6555 2021
1961 2025
6198 2029
1496 2030
2031 2031
2032 2032
872 2034
608 2035
4431 2039
5373 2040
5861 2041
5438 2049
6347 2051
2052 2052
1926 2053
840 2054
6719 2059
2061 2061
4548 2062
2239 2064
1926 2065
6811 2066
4548 2067
3698 2072
2386 2074
2510 2077
6684 2082
2558 2086
2087 2087
3192 2091
2092 2092
2267 2095
6282 2100
104 2101
2103 2103
2104 2104
2010 2105
6361 2111
591 2112
6219 2113
2114 2114
3858 2120
3224 2121
2544 2122
2124 2124
2129 2129
5543 2130
4314 2135
156 2137
4686 2138
3338 2140
2032 2142
3561 2144
4181 2149
5464 2152
6404 2153
6298 2154
2721 2155
4199 2156
3724 2162
5600 2163
2164 2164
4310 2166
2167 2167
3578 2168
2169 2169
168 2171
1239 2172
2175 2175
2177 2177
1483 2178
2180 2180
2181 2181
2182 2182
2433 2184
5735 2188
4693 2189
5842 2191
2193 2193
1223 2196
6098 2197
3053 2198
4310 2199
2462 2200
3785 2202
2204 2204
552 2205
4377 2206
3380 2207
872 2208
4221 2209
2210 2210
2466 2212
2613 2213
4290 2214
2216 2216
2220 2220
2221 2221
4788 2222
3525 2227
203 2233
5879 2235
465 2237
2239 2239
2240 2240
4338 2241
3413 2244
5441 2245
2248 2248
48 2249
2250 2250
1202 2252
2254 2254
1454 2255
5866 2258
2503 2259
6140 2266
5515 2267
6106 2268
2849 2269
3057 2270
780 2271
2272 2272
6767 2274
1415 2277
2278 2278
2280 2280
1809 2281
3414 2286
3815 2288
857 2289
1896 2294
2295 2295
2296 2296
2297 2297
3778 2298
2299 2299
3130 2304
2305 2305
2306 2306
2308 2308
4449 2309
428 2311
2312 2312
4530 2316
2317 2317
2318 2318
2321 2321
69 2322
3367 2324
3981 2325
2035 2326
3561 2327
4520 2331
3143 2335
5491 2337
2338 2338
5750 2340
1579 2342
4260 2343
3230 2345
1857 2349
5079 2351
5034 2352
2545 2355
6546 2356
3358 2357
725 2358
2360 2360
1627 2367
6624 2368
6514 2369
784 2370
4309 2372
3207 2373
2375 2375
4573 2377
956 2379
1143 2380
233 2382
2063 2385
3969 2386
4048 2389
3876 2392
785 2393
4181 2394
2395 2395
1092 2396
2833 2397
6284 2399
6850 2411
4220 2414
5768 2415
1719 2416
3409 2417
1109 2419
2960 2421
2423 2423
3913 2424
2429 2429
4107 2430
2432 2432
1476 2433
6626 2434
4386 2435
1994 2437
6745 2438
2441 2441
2444 2444
5127 2447
2448 2448
5791 2449
168 2450
2307 2452
5162 2454
6005 2456
456 2457
5912 2462
6887 2464
2467 2467
2468 2468
1880 2471
2056 2472
2474 2474
2475 2475
5561 2476
955 2477
87 2478
2480 2480
5441 2482
67 2483
2485 2485
5473 2486
2490 2490
858 2491
2097 2492
1404 2494
2499 2499
2500 2500
405 2502
2914 2503
2508 2508
5284 2511
2514 2514
6714 2515
4714 2516
5640 2517
2519 2519
4208 2521
2523 2523
2468 2524
140 2526
835 2529
142 2532
2533 2533
611 2535
2486 2538
2830 2542
4784 2543
309 2545
3072 2547
1051 2548
2550 2550
725 2551
4473 2553
6032 2557
3566 2558
2559 2559
3205 2563
3047 2564
5814 2566
3022 2569
185 2571
2094 2573
42 2574
4634 2575
2576 2576
3047 2577
4184 2578
6665 2580
2585 2585
3044 2588
3680 2590
803 2591
2678 2592
3743 2593
2594 2594
6119 2595
6729 2597
1886 2598
1450 2599
2600 2600
4928 2601
2825 2602
2603 2603
1081 2605
2068 2606
5441 2608
6288 2609
123 2611
6465 2621
5134 2622
2624 2624
1695 2625
1076 2627
428 2631
2445 2636
5482 2641
2643 2643
2644 2644
2193 2646
2648 2648
5059 2650
6265 2651
945 2656
1377 2657
3264 2659
2067 2662
2663 2663
4634 2665
6096 2667
6632 2668
5254 2669
1996 2672
4866 2674
4714 2675
367 2676
4916 2677
6223 2683
2684 2684
2685 2685
3618 2686
3105 2695
2099 2698
2699 2699
2701 2701
4649 2702
2678 2704
5829 2705
2707 2707
1946 2709
2648 2710
1379 2711
3338 2713
2684 2715
3372 2718
2719 2719
504 2726
2651 2729
4409 2732
5464 2733
3680 2736
2740 2740
2743 2743
5884 2746
2747 2747
4023 2748
1063 2751
4916 2753
5481 2755
6216 2756
1946 2761
4634 2763
1885 2764
581 2766
1117 2767
2769 2769
3391 2771
5737 2773
2775 2775
3024 2776
2780 2780
3207 2782
2795 2783
3264 2784
1492 2785
2786 2786
6347 2787
1295 2788
6404 2790
2793 2793
544 2795
2797 2797
2799 2799
2946 2800
2801 2801
3130 2803
2531 2804
3698 2805
2807 2807
2808 2808
1788 2809
2523 2811
732 2814
2815 2815
1529 2817
3094 2818
5028 2821
2822 2822
869 2824
1945 2825
2826 2826
1602 2827
2032 2828
2829 2829
2915 2830
2831 2831
2549 2837
2097 2840
5252 2841
3105 2847
6721 2848
6621 2852
4147 2854
4220 2857
2858 2858
2340 2859
5369 2860
2071 2861
2862 2862
6683 2863
2865 2865
1305 2875
2877 2877
2760 2878
2881 2881
3667 2884
1881 2885
1926 2886
2510 2888
3358 2890
1782 2892
3047 2894
2897 2897
2898 2898
3361 2899
5149 2900
2903 2903
3683 2904
2905 2905
2912 2912
3753 2914
6525 2917
5714 2922
1932 2923
3399 2925
1896 2926
2686 2927
1648 2930
6251 2931
2932 2932
4772 2939
1367 2940
2498 2941
2223 2943
5099 2944
1615 2945
2690 2948
2544 2949
2955 2955
4548 2958
5866 2960
5055 2961
2963 2963
2967 2967
5072 2968
1108 2971
914 2972
3275 2975
1358 2977
6684 2978
926 2981
4686 2987
2989 2989
6477 2993
2994 2994
4031 2997
2999 2999
3001 3001
4741 3005
3596 3007
3012 3012
6008 3013
59 3017
3607 3018
1618 3019
4410 3027
3795 3028
3029 3029
1682 3030
899 3032
168 3035
3037 3037
5175 3038
3039 3039
1309 3041
4911 3043
2855 3044
4916 3045
927 3050
4320 3052
5783 3054
1283 3055
2250 3056
6646 3058
6362 3060
3062 3062
3063 3063
3515 3064
4376 3065
3067 3067
234 3068
2241 3069
1054 3073
4903 3076
343 3078
3079 3079
3022 3081
1425 3086
5495 3087
4006 3088
2239 3090
2756 3092
6733 3093
1159 3094
2678 3095
3096 3096
4840 3097
3844 3098
3099 3099
3101 3101
3260 3102
3104 3104
2932 3109
4237 3113
4305 3116
725 3117
3120 3120
1497 3121
3564 3123
3125 3125
4181 3126
168 3127
3131 3131
3132 3132
3962 3133
3134 3134
6554 3135
1163 3136
3137 3137
5149 3141
6762 3146
2818 3147
3148 3148
6268 3150
4917 3152
5168 3153
3155 3155
5194 3160
115 3166
3168 3168
3169 3169
3171 3171
3105 3173
4135 3176
3177 3177
6613 3179
3032 3180
6203 3181
3183 3183
3185 3185
5285 3186
3837 3189
2313 3192
621 3194
3195 3195
3196 3196
3201 3201
5653 3202
5229 3203
3204 3204
3207 3207
1815 3209
4430 3210
1388 3211
2377 3216
3344 3221
3223 3223
3225 3225
3229 3229
1415 3231
3235 3235
5575 3240
3242 3242
6659 3244
6404 3245
6095 3246
3249 3249
3252 3252
3255 3255
2928 3258
4878 3263
2678 3268
1821 3270
6887 3273
3274 3274
3276 3276
3278 3278
3280 3280
5746 3281
3283 3283
3284 3284
4690 3286
3778 3287
6765 3288
5603 3290
3292 3292
4431 3296
5189 3298
6887 3302
6659 3305
5481 3307
551 3308
96 3310
2232 3314
4216 3315
4730 3316
3317 3317
3320 3320
6384 3321
6753 3322
6210 3323
2075 3324
3022 3329
4776 3330
286 3332
3333 3333
4728 3334
5714 3336
3202 3337
3340 3340
3815 3342
2645 3344
2525 3346
3348 3348
5709 3349
3350 3350
1996 3351
1415 3353
4221 3354
3734 3358
1005 3359
3759 3361
3338 3362
3363 3363
5749 3364
3365 3365
3367 3367
3368 3368
725 3369
1963 3371
2397 3372
3376 3376
966 3378
4568 3380
3567 3382
3383 3383
3386 3386
3388 3388
6809 3390
3391 3391
2946 3394
1505 3396
2001 3397
1929 3398
3361 3402
5068 3403
6308 3406
4124 3407
2345 3409
6318 3412
3413 3413
3514 3416
2832 3417
838 3419
4095 3420
6238 3421
1283 3425
4686 3428
6645 3430
5236 3431
760 3433
182 3440
4506 3444
3445 3445
2401 3446
3447 3447
3449 3449
3452 3452
3186 3455
6529 3456
3459 3459
3460 3460
3564 3463
3464 3464
725 3469
5503 3470
6414 3472
886 3473
3093 3474
1880 3478
3582 3482
3205 3484
1549 3485
3487 3487
3490 3490
3495 3495
2645 3496
3078 3499
3502 3502
3510 3510
4077 3511
3516 3516
3518 3518
3519 3519
2571 3524
2988 3525
4557 3528
5003 3529
2822 3530
4105 3532
1788 3533
458 3535
5920 3538
1106 3540
6094 3542
2604 3545
3546 3546
3547 3547
3548 3548
4145 3550
3551 3551
3554 3554
458 3556
5806 3559
1050 3562
1945 3563
4819 3564
3565 3565
2558 3566
3567 3567
3568 3568
1239 3571
5419 3572
3576 3576
3577 3577
777 3580
3584 3584
6637 3585
1603 3586
1416 3591
4879 3592
1573 3593
3 3595
3596 3596
5191 3597
3726 3600
3601 3601
3602 3602
1901 3603
3399 3604
2738 3605
5882 3608
3609 3609
617 3610
5180 3612
4096 3613
2946 3614
3130 3618
1127 3619
5441 3620
315 3621
274 3623
3748 3626
5768 3628
3631 3631
4120 3632
1924 3633
6161 3634
2895 3635
3637 3637
3638 3638
4875 3640
825 3641
3643 3643
6809 3645
3646 3646
6603 3648
1159 3649
3650 3650
6734 3654
3655 3655
4641 3656
1406 3657
2182 3658
5852 3661
2163 3662
369 3663
2545 3664
4486 3667
3851 3669
3674 3674
5866 3676
4898 3677
1741 3678
872 3679
366 3680
4102 3681
3682 3682
4264 3685
4018 3688
3593 3689
3690 3690
5052 3691
3694 3694
5824 3696
3699 3699
5793 3702
677 3703
3704 3704
3705 3705
3709 3709
566 3710
3565 3714
1900 3716
6094 3717
3718 3718
2544 3719
3723 3723
3728 3728
3730 3730
4784 3732
6177 3733
1928 3734
3738 3738
1005 3739
3740 3740
2075 3741
1537 3744
1015 3745
3205 3748
4653 3749
4131 3750
3455 3752
3754 3754
2279 3755
1467 3758
3338 3759
5267 3760
3764 3764
3766 3766
6661 3772
3773 3773
4653 3774
725 3775
4205 3776
3777 3777
156 3778
728 3779
2502 3780
3782 3782
2946 3783
3074 3786
3787 3787
4102 3790
3791 3791
6578 3795
3796 3796
3121 3801
2735 3802
934 3803
3408 3808
6103 3810
3125 3812
4189 3815
6525 3816
6793 3818
5207 3819
725 3820
3821 3821
4375 3822
3683 3823
3824 3824
3825 3825
3826 3826
3828 3828
3829 3829
3264 3832
3833 3833
3514 3834
3839 3839
3001 3840
3843 3843
3844 3844
3847 3847
3848 3848
536 3849
6684 3857
4157 3861
1926 3862
5059 3864
5585 3865
4634 3867
5749 3869
3564 3872
4120 3875
2360 3876
3136 3877
6759 3880
3883 3883
3884 3884
3095 3885
1821 3891
3892 3892
2508 3895
5561 3897
3483 3898
1227 3899
3953 3902
5000 3903
3906 3906
3642 3907
3913 3913
2502 3915
2604 3917
5879 3918
6742 3921
3923 3923
3925 3925
3926 3926
2994 3932
3022 3934
1587 3936
1689 3937
725 3938
4707 3941
3942 3942
2475 3944
1571 3949
2140 3952
2340 3953
3954 3954
3955 3955
4504 3960
6046 3961
3962 3962
5987 3963
5656 3964
4619 3969
5191 3972
2734 3973
3564 3974
3702 3975
3976 3976
3979 3979
3980 3980
3985 3985
292 3986
6520 3989
2519 3990
3991 3991
6318 3992
1117 3993
2944 3994
3398 3998
370 3999
1415 4000
4002 4002
4650 4006
5489 4007
4634 4008
2427 4009
4014 4014
1788 4017
5294 4021
4079 4027
5186 4028
4031 4031
3399 4033
4034 4034
4035 4035
4036 4036
632 4037
4038 4038
220 4044
5777 4045
4048 4048
3218 4049
1760 4052
6039 4053
4273 4056
3205 4057
4058 4058
5482 4060
4061 4061
61 4062
6684 4063
5751 4067
19 4070
4071 4071
4806 4073
5966 4074
2362 4077
5764 4085
4548 4087
4091 4091
2972 4092
5314 4096
5924 4097
2452 4099
665 4100
170 4102
2649 4105
3851 4106
6796 4107
1005 4108
4110 4110
3595 4116
5186 4117
4724 4118
2214 4119
304 4121
4122 4122
4123 4123
4124 4124
3517 4125
4120 4128
4675 4131
5210 4133
1924 4134
4135 4135
1552 4139
6646 4145
4146 4146
2746 4148
4149 4149
4150 4150
1364 4152
4153 4153
1117 4154
4155 4155
4849 4157
4158 4158
3361 4164
4168 4168
4171 4171
6809 4173
4174 4174
3965 4176
5112 4178
2600 4181
170 4182
4719 4185
4192 4192
1388 4193
1117 4196
4198 4198
50 4199
4859 4201
5987 4202
4206 4206
3483 4207
2849 4208
4230 4210
6257 4212
3420 4213
48 4214
1222 4219
6835 4223
4224 4224
6449 4227
4230 4230
1222 4232
3207 4236
4240 4240
1418 4241
1515 4242
1377 4243
4244 4244
4392 4247
1117 4253
1276 4255
4257 4257
4262 4262
5879 4265
4267 4267
4268 4268
1194 4271
4489 4276
4277 4277
4282 4282
2362 4284
4285 4285
4286 4286
3623 4287
3267 4288
4349 4289
5267 4292
4294 4294
2067 4300
6387 4302
3933 4307
2832 4309
5519 4310
5936 4311
5714 4312
2419 4313
1406 4314
896 4315
6362 4316
4220 4318
2752 4320
1526 4321
3748 4323
3937 4324
655 4325
6106 4326
1525 4328
4765 4332
6161 4333
4335 4335
4338 4338
4340 4340
366 4341
4344 4344
3564 4345
3235 4347
5443 4349
4351 4351
4352 4352
4353 4353
4354 4354
6075 4362
795 4365
4366 4366
1559 4367
3105 4368
4077 4369
4372 4372
4634 4374
1099 4375
1092 4376
4752 4377
5883 4380
6514 4381
5797 4382
4383 4383
2383 4384
2073 4386
4387 4387
6746 4388
4389 4389
594 4393
6254 4396
4398 4398
440 4401
5571 4402
3347 4404
4916 4405
893 4406
5294 4411
4417 4417
3050 4420
6549 4421
934 4422
3954 4424
4425 4425
677 4428
4430 4430
4431 4431
2678 4432
3383 4434
5732 4435
4440 4440
2776 4441
4443 4443
3488 4445
3279 4447
3925 4449
2371 4450
4452 4452
5805 4453
2090 4454
6104 4455
963 4457
4458 4458
5691 4459
4461 4461
5613 4465
261 4467
6455 4468
4065 4469
4470 4470
4475 4475
2232 4476
1868 4480
801 4481
96 4483
846 4486
4201 4489
1760 4490
4492 4492
4494 4494
1224 4500
2736 4501
4504 4504
6695 4505
6046 4508
5564 4510
666 4514
4164 4516
1946 4520
4522 4522
357 4524
4382 4525
3458 4526
4537 4537
4538 4538
1983 4543
4545 4545
2206 4549
4550 4550
5296 4551
1940 4552
4220 4554
1008 4555
949 4561
5256 4563
5441 4566
106 4570
4571 4571
6243 4572
4573 4573
2988 4574
4575 4575
1961 4577
3973 4579
2094 4580
4583 4583
5911 4587
5967 4588
1374 4595
102 4596
4597 4597
5149 4600
1432 4602
6554 4604
1261 4606
4607 4607
4609 4609
1222 4610
5752 4614
4615 4615
3740 4617
873 4620
4621 4621
818 4622
4623 4623
6652 4626
4628 4628
2184 4629
4631 4631
46 4637
4641 4641
1926 4642
4648 4648
4649 4649
3991 4650
5815 4651
2658 4652
4660 4660
3235 4663
4634 4666
671 4669
4096 4671
3631 4672
1456 4675
4486 4677
2200 4680
2648 4681
4018 4683
6107 4684
2498 4687
4688 4688
3158 4691
1813 4693
5966 4697
4859 4700
4703 4703
5267 4704
3039 4705
1873 4706
1682 4708
4709 4709
6558 4710
1293 4711
3634 4714
663 4718
5474 4722
5989 4728
3376 4734
4736 4736
82 4737
4741 4741
4746 4746
1449 4747
6184 4748
2072 4750
4752 4752
4756 4756
4757 4757
4758 4758
4760 4760
5292 4763
3361 4765
1926 4766
1442 4768
4770 4770
3692 4772
1949 4775
378 4783
125 4784
3929 4786
1885 4788
6535 4790
4758 4792
5027 4793
1415 4795
4796 4796
1631 4798
4799 4799
4802 4802
6046 4803
4804 4804
3380 4807
4808 4808
6236 4813
5625 4816
5521 4817
4259 4821
6809 4823
4800 4825
2835 4826
4828 4828
4830 4830
4833 4833
1096 4842
4846 4846
4220 4847
3596 4850
70 4853
4435 4855
3488 4858
4317 4860
6474 4862
5186 4863
1469 4864
5267 4867
4868 4868
6082 4869
3105 4870
5009 4871
4873 4873
6809 4876
934 4877
4878 4878
3358 4879
4885 4885
6659 4887
4892 4892
4023 4893
4690 4895
102 4898
659 4899
2023 4900
3853 4901
4900 4902
3662 4903
242 4905
1461 4907
4911 4911
4912 4912
5183 4914
4644 4915
2945 4917
5182 4920
1946 4921
4431 4922
1737 4923
2928 4924
2688 4925
4171 4927
5441 4933
4934 4934
4935 4935
5483 4936
6627 4937
3105 4938
4940 4940
4941 4941
1415 4942
4114 4943
3018 4944
3050 4945
4950 4950
4951 4951
771 4953
2728 4954
4956 4956
6739 4957
2537 4960
1287 4961
4962 4962
3530 4963
4954 4964
4079 4965
4966 4966
4696 4967
4968 4968
96 4971
1287 4973
4974 4974
6811 4976
2928 4977
4978 4978
6811 4979
4025 4980
4982 4982
6355 4984
4985 4985
1054 4986
636 4987
1478 4989
5360 4990
4991 4991
2438 4992
1261 4994
6499 4995
2885 4997
364 4998
6271 4999
1513 5000
4462 5003
2131 5006
5007 5007
5008 5008
5011 5011
3050 5013
3755 5020
5879 5022
5301 5024
5075 5026
6327 5028
6313 5029
3866 5035
4913 5036
2537 5038
5041 5041
4357 5042
1627 5045
5046 5046
5047 5047
6578 5050
6739 5051
5056 5056
5057 5057
2993 5061
3986 5062
4718 5063
5421 5064
5066 5066
1493 5067
5653 5068
1897 5072
2193 5074
1871 5076
3294 5077
5166 5078
2733 5080
3490 5084
3323 5086
4181 5087
3338 5089
5090 5090
5441 5091
2666 5092
840 5096
238 5099
295 5100
1573 5101
1729 5102
4838 5103
2922 5105
4683 5106
4830 5107
5113 5113
4260 5114
295 5117
2346 5118
5119 5119
3135 5123
5124 5124
5125 5125
4418 5127
1170 5128
5130 5130
5166 5132
5136 5136
5762 5138
1926 5140
5143 5143
769 5145
3269 5146
1374 5147
2447 5148
3550 5152
5771 5154
5829 5156
6119 5157
5966 5160
732 5163
1440 5164
2417 5165
6572 5166
4485 5168
3054 5178
5179 5179
3130 5180
5181 5181
5585 5182
5183 5183
5481 5185
5304 5186
5018 5189
748 5190
4573 5193
3237 5197
5198 5198
1789 5202
4548 5203
912 5205
6741 5206
5208 5208
5211 5211
5212 5212
5112 5213
5215 5215
5326 5216
1415 5217
5219 5219
2282 5221
840 5222
1197 5223
210 5225
5229 5229
4634 5231
6887 5232
1227 5233
5234 5234
5235 5235
2678 5237
1276 5240
666 5242
2229 5245
1203 5246
3923 5247
1760 5248
5249 5249
5250 5250
5053 5251
2111 5253
5255 5255
508 5257
881 5259
4082 5261
5265 5265
5266 5266
816 5269
2429 5272
6659 5276
2229 5280
545 5281
557 5282
2111 5284
6882 5285
3764 5290
5291 5291
5292 5292
5145 5294
5296 5296
6662 5298
2287 5301
1161 5303
5304 5304
1818 5305
3679 5306
1143 5307
1041 5308
3205 5313
5314 5314
2477 5315
526 5317
4534 5318
5578 5319
6138 5327
5329 5329
5503 5331
5332 5332
5333 5333
4759 5335
5337 5337
5339 5339
6574 5341
442 5343
6114 5344
6557 5345
5346 5346
4223 5350
3465 5351
4379 5352
5354 5354
2828 5356
3898 5357
2111 5359
3898 5360
1355 5365
5366 5366
5132 5370
5879 5371
632 5377
5378 5378
5379 5379
5384 5384
5387 5387
6189 5390
872 5397
5653 5400
5401 5401
5407 5407
6556 5408
5410 5410
5411 5411
5245 5412
4272 5419
364 5421
2648 5422
6294 5423
3128 5426
6276 5427
896 5428
5075 5430
1574 5433
5018 5434
5438 5438
5440 5440
2468 5444
5445 5445
2260 5446
3552 5450
2354 5452
1764 5456
4734 5458
4634 5460
4020 5461
6887 5462
5463 5463
3026 5464
6445 5471
1760 5472
5475 5475
49 5477
3860 5482
5483 5483
5484 5484
409 5487
840 5489
3467 5491
5494 5494
5652 5495
3284 5496
729 5499
4634 5502
5503 5503
5504 5504
1096 5505
2196 5507
2468 5509
6578 5510
5512 5512
6867 5513
5514 5514
145 5515
3391 5518
5519 5519
5521 5521
5522 5522
4831 5523
5553 5524
5953 5525
1243 5526
1508 5533
5535 5535
3717 5536
5538 5538
1358 5539
5542 5542
6240 5543
1083 5546
5353 5549
1291 5550
91 5551
4082 5552
3692 5553
5495 5554
59 5557
4559 5559
5560 5560
3966 5561
102 5565
5566 5566
6605 5567
475 5570
3810 5571
5619 5572
2677 5576
5578 5578
5596 5579
1896 5581
5582 5582
5584 5584
1594 5585
3022 5587
1747 5588
881 5589
5590 5590
1594 5592
4968 5593
1622 5597
6809 5599
5601 5601
1523 5603
4023 5604
825 5605
2316 5613
3545 5615
5616 5616
6065 5617
1124 5618
375 5619
1291 5622
1415 5623
1708 5624
5625 5625
2239 5630
5635 5635
6659 5636
87 5637
6243 5638
4354 5640
5641 5641
4108 5644
6841 5646
4784 5647
5648 5648
5653 5653
5011 5656
649 5657
5659 5659
6753 5660
4605 5661
5663 5663
5664 5664
5665 5665
843 5666
6887 5667
1377 5669
4735 5671
5206 5673
5674 5674
404 5675
5678 5678
5035 5683
5089 5684
2634 5686
1771 5687
6594 5690
5691 5691
2755 5692
4454 5693
2604 5695
5698 5698
725 5699
2256 5702
776 5705
5706 5706
4439 5707
5708 5708
3101 5710
526 5712
4137 5715
5936 5716
4488 5720
3611 5721
98 5722
5724 5724
2128 5727
5226 5729
5731 5731
2056 5732
5734 5734
845 5736
6328 5739
5741 5741
2818 5742
5365 5743
281 5745
5746 5746
1109 5749
6571 5751
4426 5752
4683 5753
6659 5754
5448 5756
173 5757
573 5758
2945 5759
2690 5761
2533 5762
2995 5763
5951 5766
4159 5770
5771 5771
5102 5773
1959 5774
4386 5775
3564 5776
5777 5777
5778 5778
1590 5781
5782 5782
5783 5783
760 5784
5186 5785
4619 5786
4606 5788
3107 5789
449 5790
5791 5791
3186 5794
1644 5797
5799 5799
2788 5800
1722 5801
5055 5804
5806 5806
6636 5807
6485 5808
6404 5809
3015 5810
5812 5812
5813 5813
5816 5816
3869 5817
5819 5819
1926 5821
5441 5823
2597 5824
5191 5825
6303 5828
5829 5829
1226 5831
5834 5834
5759 5835
1415 5836
151 5837
5838 5838
3566 5840
6098 5842
1658 5843
4149 5844
1797 5847
5848 5848
5851 5851
5852 5852
5190 5853
5855 5855
3047 5860
5861 5861
5863 5863
2522 5864
6195 5866
832 5869
4875 5875
6887 5878
4905 5879
4224 5880
4651 5882
5280 5883
2163 5884
4082 5885
5886 5886
6555 5894
5291 5897
2573 5899
1084 5900
1932 5901
5113 5902
2340 5903
1594 5905
4548 5907
6525 5908
5516 5911
3093 5913
4365 5914
5915 5915
1442 5922
3352 5924
5927 5927
4528 5930
2678 5931
5932 5932
5933 5933
5879 5938
1334 5939
3980 5941
3560 5942
1500 5943
4181 5948
5950 5950
5951 5951
5272 5954
3680 5957
2011 5959
5806 5960
4272 5964
231 5966
5771 5967
5219 5969
3696 5970
873 5973
819 5974
6103 5976
5977 5977
6613 5979
5342 5982
5985 5985
6595 5987
5988 5988
1193 5990
5991 5991
1279 5992
5997 5997
2475 5999
4354 6001
1906 6002
774 6003
5359 6008
3756 6016
6023 6023
6024 6024
5964 6026
1133 6027
2855 6029
3963 6030
725 6031
4878 6035
474 6036
6783 6038
6040 6040
4773 6043
6045 6045
2645 6048
6501 6049
6054 6054
6243 6055
6058 6058
2519 6059
6062 6062
6610 6063
6064 6064
474 6065
1595 6066
6067 6067
753 6070
3662 6073
6075 6075
4634 6078
899 6080
3456 6082
163 6085
1983 6086
1109 6087
3668 6088
4171 6089
4337 6090
3022 6093
6095 6095
6098 6098
1117 6099
6101 6101
6693 6107
5560 6108
6110 6110
549 6111
4974 6113
2909 6114
1076 6115
5486 6119
1093 6120
573 6124
6198 6127
6130 6130
6131 6131
6237 6134
6887 6135
6136 6136
2659 6138
6139 6139
6140 6140
6142 6142
6600 6143
5951 6144
4031 6146
6147 6147
2054 6148
1194 6149
4220 6150
1684 6152
555 6153
387 6154
4898 6156
6160 6160
5343 6161
722 6164
650 6165
2253 6168
2613 6170
6172 6172
5492 6173
6362 6174
6175 6175
6180 6180
4120 6182
4183 6184
6555 6186
6187 6187
5771 6188
6190 6190
1913 6191
714 6192
1289 6193
4530 6195
3338 6196
4220 6197
2054 6198
4038 6200
4181 6203
1374 6206
6514 6207
6489 6209
3358 6210
1327 6212
4309 6213
497 6214
6557 6220
3954 6225
4010 6228
2614 6229
6231 6231
4768 6233
2008 6234
3147 6236
6238 6238
5482 6239
4533 6241
4242 6247
6248 6248
4634 6249
5714 6251
5883 6253
2736 6254
4383 6256
6288 6259
5521 6263
6264 6264
6269 6269
4334 6271
1441 6273
6275 6275
6276 6276
6853 6279
6281 6281
4031 6284
419 6285
6286 6286
1041 6288
3680 6290
6292 6292
24 6294
6227 6299
6302 6302
4562 6303
1750 6304
1928 6305
5882 6307
6312 6312
4652 6314
6315 6315
6887 6316
3828 6317
2165 6318
6319 6319
417 6320
1598 6323
3676 6325
5028 6327
2371 6328
1541 6329
5279 6331
6332 6332
3818 6334
2181 6337
6338 6338
4220 6339
2626 6343
399 6346
6587 6353
5964 6355
1006 6357
4335 6360
6008 6361
4868 6363
5526 6366
6370 6370
6373 6373
6576 6374
2423 6380
76 6381
5691 6383
4885 6386
942 6387
6388 6388
6389 6389
1926 6393
2510 6394
3296 6398
3467 6399
4580 6405
6406 6406
1682 6407
3166 6408
2939 6410
6412 6412
5755 6413
2836 6414
6578 6415
6417 6417
2649 6419
2055 6422
995 6423
1851 6424
4580 6425
4220 6427
5882 6428
2147 6430
653 6431
5321 6433
6435 6435
4772 6436
6437 6437
6444 6444
3717 6445
3163 6446
6448 6448
4798 6449
3854 6451
4916 6452
5492 6458
523 6459
4434 6465
6467 6467
3650 6468
2072 6469
1456 6475
6476 6476
1324 6477
194 6480
6482 6482
131 6484
3137 6485
3596 6487
1887 6488
1863 6489
1637 6490
6628 6491
3205 6494
4031 6496
6501 6497
723 6499
4838 6503
6505 6505
2685 6507
1496 6508
6511 6511
6512 6512
455 6514
2946 6515
2355 6517
2685 6518
4320 6520
4097 6521
6526 6526
4868 6527
3361 6528
6529 6529
6530 6530
6227 6532
6533 6533
1109 6534
6535 6535
636 6541
502 6544
5156 6546
6809 6548
6736 6549
5385 6551
6163 6557
5491 6558
6559 6559
2302 6561
2305 6563
928 6565
6566 6566
6567 6567
1723 6568
2544 6569
2652 6570
6571 6571
6572 6572
6573 6573
5989 6574
4250 6575
6578 6578
1415 6580
3679 6581
1952 6583
6587 6587
6591 6591
2760 6593
6845 6594
5708 6595
3165 6596
6597 6597
3378 6598
6600 6600
5304 6602
6603 6603
458 6604
5882 6609
3823 6610
6560 6611
3577 6615
125 6619
238 6620
5028 6622
6623 6623
6472 6624
6626 6626
48 6627
1226 6628
6630 6630
5936 6633
3596 6635
3120 6636
6638 6638
4046 6640
6644 6644
4349 6646
4521 6647
1133 6650
5529 6653
4924 6654
6655 6655
6657 6657
156 6658
1033 6663
802 6665
215 6666
1134 6669
1873 6671
6324 6674
379 6677
6652 6679
2429 6686
3205 6687
4994 6689
4473 6691
714 6695
4115 6696
5804 6703
5550 6704
2006 6705
4388 6707
3785 6709
59 6710
6209 6713
2855 6714
6718 6718
4230 6719
6721 6721
6351 6723
6725 6725
872 6728
4023 6729
1552 6730
5752 6732
963 6734
1508 6735
2604 6736
6514 6737
3163 6739
6741 6741
6407 6742
2487 6743
2147 6746
2690 6751
6754 6754
6634 6757
5452 6758
1697 6759
4220 6760
4927 6761
4898 6763
6768 6768
2961 6769
6613 6770
6268 6774
3681 6775
4079 6776
21 6777
1005 6780
6746 6781
6783 6783
6785 6785
6684 6786
6788 6788
6792 6792
6602 6793
2172 6794
1415 6795
1868 6796
6800 6800
6793 6801
4741 6803
1963 6807
4454 6809
1694 6812
4170 6816
6817 6817
1941 6822
6823 6823
6824 6824
154 6825
3853 6828
3638 6830
1627 6832
2256 6834
725 6836
6527 6837
6839 6839
5467 6840
3335 6841
4741 6847
4817 6848
6853 6853
6859 6859
2056 6860
3782 6865
4696 6866
279 6868
3205 6870
6872 6872
3205 6873
653 6876
4193 6877
2448 6880
6882 6882
2946 6883
6887 6887
6889 6889
