359 359
2797 2797
2811 2811
3843 3843
3753 3753
246 246
5750 5750
330 330
3653 3653
2780 2780
276 276
6278 6278
119 119
5590 5590
6276 6276
1999 1999
3547 3547
408 408
122 122
410 410
3851 3851
3541 3541
81 81
3828 3828
3777 3777
5598 5598
23 23
40 40
3821 3821
3566 3566
1907 1907
353 353
3655 3655
429 429
3929 3929
124 124
3824 3824
294 294
325 325
459 459
3617 3617
5622 5622
6249 6249
6248 6248
3829 3829
6247 6247
439 439
436 436
2783 2783
2268 2268
315 315
356 356
1 1
3638 3638
3056 3056
3833 3833
456 456
6261 6261
5625 5625
3634 3634
6244 6244
6238 6238
2140 2140
3947 3947
5610 5610
5951 5951
7 7
5580 5580
5536 5536
3586 3586
5844 5844
3667 3667
3602 3602
245 245
3579 3579
3613 3613
3589 3589
5824 5824
5634 5634
3704 3704
3568 3568
5959 5959
6054 6054
2150 2150
2052 2052
2294 2294
2167 2167
2775 2775
6231 6231
6066 6066
6267 6267
2044 2044
2129 2129
2118 2118
5472 5472
2497 2497
2480 2480
2389 2389
5468 5468
2499 2499
2061 2061
2365 2365
5932 5932
2362 2362
6077 6077
147 147
5641 5641
6076 6076
5522 5522
2357 2357
2595 2595
2470 2470
5627 5627
2180 2180
2596 2596
3163 3163
5966 5966
5648 5648
3706 3706
5540 5540
5717 5717
6062 6062
2475 2475
3648 3648
5542 5542
6064 6064
2221 2221
5538 5538
5697 5697
258 258
2623 2623
2616 2616
61 61
2602 2602
2011 2011
6082 6082
5716 5716
5539 5539
2585 2585
6081 6081
2600 2600
6085 6085
3046 3046
2401 2401
197 197
6143 6143
158 158
6090 6090
2239 2239
282 282
2280 2280
5745 5745
374 374
3906 3906
3045 3045
2086 2086
2080 2080
5447 5447
174 174
5681 5681
5677 5677
2067 2067
2256 2256
3874 3874
2220 2220
2397 2397
5581 5581
2010 2010
5980 5980
4020 4020
4006 4006
196 196
2516 2516
2507 2507
5986 5986
5981 5981
5982 5982
5527 5527
468 468
3867 3867
164 164
5869 5869
2630 2630
5985 5985
4023 4023
6159 6159
2523 2523
2231 2231
5734 5734
5706 5706
2441 2441
270 270
3840 3840
4008 4008
5663 5663
6000 6000
3996 3996
4032 4032
5988 5988
2432 2432
3691 3691
2022 2022
5239 5239
4018 4018
2687 2687
4036 4036
2431 2431
4048 4048
1766 1766
3782 3782
2550 2550
2544 2544
6132 6132
3953 3953
2643 2643
6161 6161
5902 5902
6168 6168
6116 6116
4035 4035
4004 4004
2567 2567
367 367
507 507
4038 4038
3890 3890
2449 2449
2415 2415
464 464
2114 2114
512 512
2456 2456
2070 2070
5991 5991
3888 3888
3733 3733
6175 6175
2677 2677
3493 3493
505 505
2206 2206
538 538
5573 5573
2665 2665
5440 5440
2707 2707
2425 2425
2676 2676
396 396
2705 2705
2663 2663
2654 2654
3050 3050
2545 2545
2468 2468
3373 3373
5783 5783
3368 3368
2435 2435
2295 2295
3371 3371
5609 5609
2701 2701
3421 3421
6006 6006
1943 1943
3366 3366
6039 6039
1962 1962
3365 3365
5807 5807
2575 2575
5777 5777
3362 3362
3737 3737
5879 5879
3695 3695
1940 1940
3330 3330
3207 3207
3892 3892
3440 3440
6193 6193
150 150
6195 6195
1976 1976
5886 5886
214 214
490 490
2308 2308
3718 3718
3943 3943
3316 3316
4762 4762
3326 3326
3325 3325
3267 3267
3169 3169
3682 3682
3278 3278
6212 6212
5080 5080
215 215
4782 4782
4799 4799
2286 2286
300 300
5813 5813
3228 3228
5393 5393
5704 5704
3404 3404
177 177
2762 2762
3281 3281
2744 2744
3423 3423
1977 1977
6190 6190
5923 5923
1919 1919
3062 3062
6643 6643
3225 3225
6688 6688
1938 1938
2731 2731
3223 3223
1121 1121
1958 1958
3333 3333
5056 5056
1190 1190
6817 6817
3456 3456
6706 6706
6631 6631
5381 5381
3384 3384
3195 3195
3266 3266
6659 6659
5922 5922
6613 6613
1279 1279
6718 6718
1687 1687
570 570
1689 1689
4417 4417
667 667
2855 2855
6642 6642
1588 1588
1548 1548
6809 6809
6816 6816
691 691
5437 5437
6756 6756
3495 3495
5890 5890
6644 6644
693 693
6626 6626
610 610
6797 6797
3385 3385
6714 6714
3063 3063
1537 1537
1556 1556
5198 5198
1003 1003
3460 3460
6356 6356
4816 4816
6807 6807
3500 3500
6839 6839
1586 1586
3036 3036
4879 4879
3177 3177
6479 6479
3196 3196
5156 5156
6499 6499
6794 6794
4552 4552
1553 1553
6332 6332
4155 4155
760 760
1421 1421
6282 6282
4849 4849
5074 5074
1010 1010
5378 5378
1270 1270
3037 3037
3118 3118
5927 5927
2866 2866
1638 1638
1128 1128
253 253
6615 6615
6693 6693
1619 1619
942 942
1163 1163
3175 3175
6853 6853
4329 4329
586 586
4493 4493
1162 1162
4077 4077
3178 3178
3386 3386
1833 1833
3389 3389
6317 6317
4634 4634
6443 6443
1000 1000
6334 6334
1414 1414
4873 4873
1587 1587
1505 1505
2890 2890
841 841
788 788
6529 6529
685 685
1737 1737
249 249
603 603
4730 4730
4729 4729
6793 6793
6599 6599
384 384
6824 6824
1023 1023
4666 4666
6865 6865
1132 1132
6800 6800
1700 1700
1001 1001
4550 4550
1409 1409
919 919
1515 1515
4485 4485
1506 1506
4096 4096
3503 3503
2819 2819
1277 1277
5211 5211
1393 1393
4174 4174
1353 1353
4688 4688
1568 1568
5160 5160
975 975
4650 4650
6446 6446
3142 3142
1108 1108
4405 4405
4953 4953
1115 1115
1730 1730
2912 2912
4997 4997
3115 3115
1164 1164
2865 2865
4941 4941
4889 4889
5343 5343
5292 5292
3152 3152
1080 1080
980 980
1661 1661
4868 4868
4481 4481
4913 4913
6602 6602
6569 6569
5304 5304
652 652
3507 3507
3150 3150
6559 6559
6537 6537
1062 1062
4547 4547
1418 1418
2949 2949
3085 3085
1684 1684
5207 5207
4396 4396
2820 2820
1656 1656
4962 4962
1026 1026
3235 3235
1387 1387
6388 6388
6538 6538
4747 4747
6719 6719
1014 1014
1466 1466
6281 6281
4198 4198
5027 5027
958 958
1572 1572
4804 4804
4709 4709
4343 4343
1153 1153
1065 1065
4494 4494
1503 1503
4689 4689
1913 1913
2845 2845
1699 1699
3242 3242
1253 1253
4528 4528
4503 4503
4814 4814
723 723
621 621
1598 1598
987 987
1275 1275
4497 4497
1534 1534
1782 1782
6360 6360
741 741
3090 3090
2905 2905
1780 1780
6467 6467
658 658
4369 4369
2932 2932
4230 4230
5365 5365
4746 4746
5117 5117
1137 1137
4887 4887
4371 4371
5113 5113
708 708
3723 3723
4157 4157
4334 4334
801 801
4936 4936
3136 3136
1541 1541
1045 1045
3216 3216
1111 1111
1468 1468
1528 1528
1112 1112
1720 1720
3096 3096
1018 1018
6872 6872
782 782
945 945
5266 5266
1027 1027
1874 1874
1799 1799
4123 4123
6323 6323
1200 1200
3129 3129
1345 1345
3006 3006
6302 6302
903 903
905 905
5168 5168
4454 4454
5215 5215
4956 4956
5208 5208
4388 4388
4337 4337
4267 4267
4458 4458
4387 4387
5188 5188
1791 1791
4533 4533
1356 1356
3134 3134
4582 4582
1291 1291
4630 4630
4091 4091
302 302
6389 6389
4930 4930
5297 5297
923 923
1029 1029
4725 4725
6338 6338
3022 3022
1178 1178
1074 1074
4285 4285
1449 1449
3088 3088
4372 4372
5349 5349
4431 4431
932 932
6305 6305
1239 1239
1098 1098
914 914
926 926
1875 1875
6286 6286
6423 6423
6365 6365
5125 5125
4631 4631
4597 4597
606 606
2885 2885
743 743
4940 4940
873 873
4251 4251
6508 6508
4663 4663
891 891
2884 2884
726 726
955 955
2833 2833
1850 1850
5348 5348
1755 1755
1795 1795
4698 4698
1251 1251
4211 4211
1141 1141
901 901
3505 3505
6311 6311
1265 1265
4607 4607
4604 4604
4361 4361
4950 4950
6554 6554
4238 4238
3014 3014
4445 4445
1188 1188
