1 1
4599 5
7 7
4830 10
1810 13
4581 15
6338 17
23 23
3850 24
7 26
6784 29
4396 33
4234 34
5991 39
40 40
2175 41
808 42
6083 45
704 46
3563 47
145 48
131 56
61 61
5198 64
3516 65
6411 66
1283 70
66 73
5846 74
3206 76
81 81
2367 82
1294 84
442 85
5279 87
3346 89
6242 90
5603 91
5342 100
2178 104
2614 108
6651 109
6375 110
1653 111
5027 113
2285 114
4963 117
2700 118
119 119
122 122
4828 123
124 124
4932 130
1874 131
4042 133
428 134
3034 135
3175 138
6127 140
4726 143
328 145
147 147
3404 149
150 150
2904 151
3196 152
5434 156
6747 157
158 158
5394 159
3042 162
164 164
4829 166
5789 168
4287 170
4374 172
174 174
177 177
1659 181
6550 184
2766 190
708 192
3737 193
196 196
197 197
1919 198
1194 200
5875 205
6078 208
133 210
6170 211
2593 213
214 214
215 215
2470 217
5426 221
5386 223
2611 225
4449 226
1534 227
2259 230
4050 231
87 234
4883 239
3264 240
2571 242
4886 243
2786 244
245 245
246 246
213 247
4543 248
249 249
253 253
258 258
6517 269
270 270
1037 271
6872 272
276 276
171 277
5188 280
282 282
6168 284
6587 285
2206 288
1856 289
1810 290
294 294
5117 295
2984 297
300 300
302 302
480 303
2480 306
3854 307
4683 308
2580 310
6103 313
5207 314
315 315
4951 316
1794 317
5580 320
325 325
2954 327
330 330
6447 336
5974 337
401 338
5264 340
4671 341
3053 342
482 346
3175 351
419 352
353 353
6291 354
356 356
359 359
4771 361
680 365
4110 366
367 367
1390 368
2415 371
3134 373
374 374
5341 377
384 384
2060 385
5314 387
2695 388
396 396
3427 399
6329 402
6476 404
5347 405
2808 406
408 408
3037 409
410 410
3903 411
2779 412
6055 421
5204 425
3656 426
429 429
480 430
2142 431
3336 434
436 436
2140 438
439 439
4854 441
3077 443
6045 446
1619 448
4588 449
6694 450
459 451
1935 454
6560 455
456 456
459 459
1023 460
3088 463
464 464
5065 467
468 468
6078 469
3343 470
5326 474
4451 476
4359 480
3139 481
822 482
4360 487
5294 489
490 490
204 491
3217 493
494 494
813 496
1615 500
3638 502
505 505
507 507
949 508
822 511
512 512
1128 513
6329 520
4669 521
4143 524
529 529
5316 530
3209 535
538 538
2943 539
540 540
544 544
5362 548
550 550
3325 551
1711 553
5168 556
6119 557
558 558
559 559
560 560
5911 561
6171 562
3173 569
570 570
4191 575
881 576
6748 577
578 578
4652 579
3788 581
4214 582
6633 585
586 586
3775 592
5777 597
1986 599
1411 601
5132 602
603 603
606 606
6179 607
857 608
610 610
1197 611
1405 612
4226 613
253 614
1460 616
6771 620
621 621
4490 622
6405 624
3968 625
5159 629
4790 633
3528 634
3865 638
5368 640
5224 651
652 652
197 654
4521 657
658 658
3202 659
5991 660
3849 661
4100 666
667 667
4198 676
6806 677
5161 680
2531 683
3103 684
685 685
6435 688
691 691
693 693
4325 694
1522 696
442 697
6632 698
1244 703
4019 704
708 708
5502 712
714 714
723 723
726 726
1440 729
5611 737
4464 739
741 741
6136 742
743 743
4102 745
774 746
1727 748
750 750
6688 752
754 754
760 760
6808 763
2194 767
4047 768
771 771
6281 773
2018 774
197 775
776 776
5027 778
290 780
782 782
788 788
1021 789
118 791
3197 798
3666 800
801 801
805 805
1852 807
6143 808
5658 810
6319 814
1523 815
6433 816
3531 821
5554 822
6323 823
5603 832
974 833
4359 835
4585 840
841 841
6572 843
2803 844
2464 847
709 850
6548 851
2821 853
2397 855
743 856
2928 859
3031 863
2980 868
3769 871
1648 872
873 873
6524 875
5096 879
6561 881
491 882
4989 884
3297 890
891 891
1090 892
6019 894
3404 896
2676 897
197 898
3747 900
901 901
903 903
905 905
6479 906
1574 907
1125 908
3927 910
4131 911
376 912
914 914
2787 915
6140 917
919 919
923 923
926 926
5251 927
939 928
1953 930
932 932
1927 933
2306 937
3209 939
942 942
945 945
6479 946
3570 947
3289 948
3785 949
1699 952
2809 954
955 955
3586 956
272 957
958 958
5513 963
6595 965
6127 967
3809 968
1547 969
6162 970
3021 974
975 975
1619 976
6329 977
6249 979
980 980
5970 983
4330 984
382 986
987 987
5610 988
3638 989
4887 993
5382 994
2018 998
3429 999
1000 1000
1001 1001
1003 1003
2926 1004
2163 1005
1455 1006
1801 1007
1010 1010
823 1012
1014 1014
1290 1015
6076 1017
1018 1018
1108 1019
2426 1020
943 1021
2608 1022
1023 1023
5019 1025
1026 1026
1027 1027
3680 1028
1029 1029
6243 1035
2503 1036
2516 1037
6718 1038
5283 1039
6365 1041
1045 1045
4452 1046
3273 1047
948 1048
2806 1050
3948 1052
5477 1053
2550 1055
6041 1057
1405 1058
1062 1062
5163 1063
1065 1065
694 1067
791 1068
1074 1074
1080 1080
6127 1082
2869 1084
6808 1087
1461 1092
272 1093
5361 1094
4160 1095
1098 1098
170 1099
5390 1100
5317 1101
3512 1105
695 1106
1108 1108
4085 1109
1111 1111
1112 1112
1115 1115
270 1116
5504 1118
2772 1119
478 1120
1121 1121
1128 1128
137 1131
1132 1132
988 1136
1137 1137
5843 1138
3953 1139
1141 1141
6671 1142
3563 1144
2830 1145
5097 1147
739 1150
3289 1151
5817 1152
1153 1153
5954 1158
6231 1160
1162 1162
1163 1163
1164 1164
1356 1166
1290 1167
4095 1168
4721 1172
492 1173
6707 1175
1178 1178
3503 1180
4409 1181
438 1185
1188 1188
1190 1190
5580 1191
6737 1192
1926 1193
770 1195
326 1197
6733 1199
1200 1200
5911 1205
3589 1206
4684 1209
1911 1211
4449 1215
4699 1216
5765 1219
374 1222
6592 1223
4820 1226
2715 1227
5362 1230
2465 1231
1409 1232
1507 1234
3769 1235
1239 1239
5343 1240
1015 1241
4110 1245
50 1246
1314 1248
2054 1250
1251 1251
1253 1253
1935 1255
1235 1257
3289 1258
5290 1260
1202 1261
1334 1262
3743 1264
1265 1265
4169 1266
1270 1270
1275 1275
1277 1277
1279 1279
1007 1283
5227 1288
1291 1291
791 1292
3775 1294
2453 1296
2846 1299
2824 1302
2285 1303
6650 1306
3038 1307
5101 1311
5991 1317
5778 1320
6692 1321
6172 1323
1326 1326
3651 1329
1518 1331
2005 1334
1214 1338
4776 1339
6249 1340
2005 1342
1345 1345
5991 1346
395 1349
5643 1350
410 1351
1919 1352
1353 1353
5351 1354
1356 1356
1357 1357
5539 1358
3868 1359
2971 1360
5831 1363
1024 1364
458 1366
1231 1368
2684 1369
3666 1371
2876 1373
4519 1375
290 1376
6066 1378
943 1380
1250 1382
5748 1383
1387 1387
4142 1388
1409 1389
4958 1390
6393 1391
1806 1392
1393 1393
4655 1394
4476 1395
2639 1402
6409 1404
1409 1409
1561 1410
3202 1411
1631 1412
1414 1414
6771 1416
1418 1418
1421 1421
5502 1426
4992 1429
2259 1431
3978 1433
1707 1434
6564 1435
170 1437
85 1438
5341 1439
4449 1441
954 1445
3469 1446
4948 1447
1449 1449
6091 1451
160 1452
1405 1453
5368 1456
6326 1461
1253 1462
3297 1463
3689 1465
1466 1466
1468 1468
5400 1469
3627 1473
2975 1474
4636 1475
4754 1476
37 1478
6125 1480
3487 1481
3972 1483
3179 1485
3021 1486
5326 1491
1496 1496
5720 1497
1531 1499
6682 1501
1503 1503
1505 1505
1506 1506
772 1507
1558 1510
4402 1511
5952 1512
630 1513
1515 1515
4535 1516
3379 1523
1195 1524
441 1525
1528 1528
5995 1530
1935 1532
5975 1533
1534 1534
5908 1536
1537 1537
1640 1538
1541 1541
759 1542
6845 1543
1856 1546
4055 1547
1548 1548
2149 1550
1553 1553
988 1554
2018 1555
1556 1556
798 1564
4247 1567
1568 1568
3615 1571
1572 1572
4761 1577
1730 1578
2290 1581
5701 1583
1542 1585
1586 1586
1587 1587
1588 1588
5621 1589
6293 1592
1598 1598
3050 1603
6173 1604
4877 1606
1098 1608
3129 1609
5914 1610
4799 1611
1614 1614
3055 1615
5913 1617
5156 1618
1619 1619
1502 1621
2547 1622
2695 1623
2034 1624
3445 1628
2443 1632
6271 1634
884 1637
1638 1638
5532 1639
686 1644
1668 1645
4881 1647
1043 1648
3232 1649
1652 1652
1653 1653
5128 1655
1656 1656
3828 1659
1660 1660
1661 1661
5188 1664
2531 1666
4329 1671
1674 1674
1027 1676
1678 1678
2018 1679
1227 1681
1684 1684
1687 1687
3314 1688
1689 1689
1283 1690
938 1694
5537 1697
1699 1699
1700 1700
1703 1703
3322 1705
1405 1706
5132 1712
3850 1714
3460 1719
1720 1720
4903 1722
1730 1730
4671 1733
811 1735
1737 1737
4296 1740
6375 1743
5259 1745
1748 1748
1749 1749
4913 1751
1755 1755
5526 1757
1619 1765
1766 1766
1587 1769
2018 1775
6122 1777
4278 1779
1780 1780
1782 1782
1826 1788
1791 1791
5029 1792
1795 1795
5456 1798
1799 1799
1029 1800
6872 1803
1659 1804
1659 1805
3952 1806
5991 1807
3940 1809
1405 1810
4194 1812
5105 1819
67 1821
6757 1822
2593 1823
6794 1825
5958 1828
6370 1831
6657 1832
1833 1833
1838 1838
2969 1839
5701 1841
4694 1844
1128 1845
3607 1846
1401 1848
1850 1850
1854 1854
1856 1856
5188 1859
6319 1860
5432 1861
4067 1862
6246 1863
2928 1866
385 1868
3278 1872
4625 1873
1874 1874
1875 1875
1876 1876
3716 1877
3516 1878
1782 1880
4842 1881
4564 1883
4543 1884
6757 1887
5911 1888
3195 1890
2259 1893
2695 1894
801 1896
2352 1897
715 1900
680 1901
3178 1903
1904 1904
2405 1905
1048 1906
1907 1907
3079 1910
1913 1913
1708 1914
1810 1915
4461 1916
197 1917
4001 1918
1919 1919
6209 1925
933 1927
6605 1929
795 1930
6263 1932
2127 1935
4392 1937
1938 1938
2671 1939
1940 1940
6014 1941
4610 1942
1943 1943
4420 1949
84 1950
1264 1951
6000 1956
1958 1958
1962 1962
5047 1965
5204 1974
1976 1976
1977 1977
6254 1978
2647 1979
93 1982
2113 1984
5733 1986
5426 1990
1326 1992
4762 1993
6803 1996
1999 1999
6010 2001
3577 2005
2343 2008
2010 2010
2011 2011
4858 2012
261 2014
2022 2022
308 2025
1148 2026
2975 2029
905 2032
1542 2034
1405 2042
2044 2044
5394 2045
4044 2046
1332 2047
2589 2048
3849 2050
6687 2051
2052 2052
3521 2054
6400 2058
4251 2059
2061 2061
4089 2064
2546 2065
4139 2066
2067 2067
2070 2070
4534 2072
1125 2074
4423 2076
6829 2078
2080 2080
5531 2081
3727 2084
2086 2086
1087 2087
743 2088
3978 2092
5788 2094
3863 2095
2010 2099
4398 2100
4656 2102
5890 2104
2597 2106
6179 2109
3864 2112
6468 2113
2114 2114
6243 2116
2118 2118
705 2119
3666 2122
6329 2125
933 2127
515 2128
2129 2129
113 2130
871 2131
1937 2135
4604 2136
3411 2137
4415 2138
2140 2140
5627 2144
2150 2150
142 2153
332 2154
6269 2156
3315 2157
908 2158
965 2163
923 2164
2167 2167
313 2168
6432 2170
5533 2171
1111 2172
4611 2173
6111 2175
1147 2177
104 2178
1389 2179
2180 2180
5365 2181
2628 2182
6149 2184
5660 2185
5020 2189
4449 2191
2858 2193
3421 2194
1294 2195
5413 2196
3716 2198
997 2202
1511 2204
2206 2206
6296 2208
5261 2209
5253 2210
50 2212
537 2213
1932 2214
860 2216
728 2218
2220 2220
2221 2221
4830 2225
2102 2226
6787 2229
2231 2231
5039 2232
3592 2234
2657 2235
2239 2239
542 2243
2440 2244
46 2246
942 2247
599 2248
2413 2250
2096 2251
1091 2252
356 2254
2256 2256
954 2258
3289 2260
5567 2261
79 2262
2461 2263
5180 2266
2268 2268
2149 2272
855 2274
5665 2279
2280 2280
19 2284
2286 2286
857 2289
2901 2290
4895 2293
2294 2294
2295 2295
1578 2297
1837 2300
6561 2302
2355 2304
2308 2308
4470 2318
6336 2323
3367 2324
6103 2325
104 2326
743 2330
2905 2334
5575 2335
6877 2339
2453 2341
6874 2342
6741 2347
4426 2348
4689 2349
3150 2350
2822 2351
5023 2352
5128 2355
2357 2357
1405 2358
4058 2359
2362 2362
2499 2364
2365 2365
2612 2366
1285 2368
162 2369
2739 2370
4735 2371
1394 2373
2505 2383
2501 2384
6859 2386
5390 2387
591 2388
2389 2389
3902 2390
5034 2391
5660 2394
2397 2397
3978 2400
2401 2401
2446 2404
6069 2405
953 2406
2096 2407
4829 2408
290 2410
5826 2412
4744 2413
3775 2414
2415 2415
2580 2417
6680 2418
2927 2420
2422 2422
3695 2423
2425 2425
2102 2426
3856 2427
6560 2429
2431 2431
2432 2432
6626 2434
2435 2435
2441 2441
6845 2446
2449 2449
3517 2450
2290 2455
2456 2456
703 2458
2842 2464
6838 2465
1074 2466
2467 2467
2468 2468
2470 2470
204 2472
2475 2475
2300 2477
2480 2480
6803 2485
3563 2486
6057 2490
97 2493
6173 2495
2497 2497
2498 2498
2499 2499
3497 2500
4067 2503
2507 2507
100 2508
4304 2512
5330 2515
2516 2516
4745 2517
372 2519
1128 2520
2523 2523
6035 2526
671 2530
5603 2531
1810 2532
5862 2534
873 2536
394 2537
6062 2538
848 2542
6413 2543
2544 2544
2545 2545
4617 2547
3340 2548
5775 2549
2550 2550
1810 2556
5610 2560
680 2561
2567 2567
3288 2568
1810 2570
776 2572
4431 2573
2575 2575
6660 2576
4521 2577
6329 2578
1810 2581
3118 2584
2585 2585
192 2586
4913 2589
2595 2595
2596 2596
6797 2598
2600 2600
2602 2602
6573 2606
6375 2608
3856 2610
259 2612
2213 2613
6195 2614
2616 2616
4955 2618
2096 2620
5532 2622
2623 2623
2630 2630
601 2633
3825 2637
5956 2638
4919 2641
2643 2643
6711 2645
2858 2646
5799 2648
4587 2650
3440 2651
2654 2654
5626 2655
2450 2658
2015 2659
6561 2662
2663 2663
4138 2664
2665 2665
2605 2668
4176 2670
2676 2676
2677 2677
3563 2678
5580 2682
5538 2684
2687 2687
5153 2689
5826 2692
5823 2694
485 2699
3017 2700
2701 2701
4023 2702
5020 2703
2705 2705
2707 2707
1302 2708
6479 2710
2433 2711
3865 2712
5243 2713
6582 2714
1652 2715
3249 2719
5065 2721
4989 2722
2372 2726
3747 2727
4740 2728
4229 2729
2731 2731
2227 2732
1019 2737
3289 2738
382 2739
6292 2741
2744 2744
4108 2746
5991 2749
2225 2751
3254 2753
2838 2755
87 2758
2955 2760
2762 2762
208 2763
981 2765
3278 2768
5066 2769
575 2772
2775 2775
1362 2779
2780 2780
1409 2781
2783 2783
5908 2786
5701 2788
4377 2789
3683 2791
2837 2792
3201 2793
6752 2796
2797 2797
5365 2803
2270 2806
2151 2810
2811 2811
3131 2814
1433 2817
2819 2819
2820 2820
5079 2822
908 2823
169 2824
387 2825
2407 2827
2726 2830
3386 2831
1926 2832
2833 2833
6827 2834
4440 2836
2755 2838
469 2842
5027 2844
2845 2845
1045 2846
3117 2847
2855 2855
4139 2857
2887 2858
1527 2861
2865 2865
2866 2866
1953 2868
3348 2869
2430 2875
5970 2876
2340 2879
2367 2880
2884 2884
2885 2885
2803 2887
1128 2888
2890 2890
462 2892
617 2894
5745 2898
680 2900
789 2902
3683 2904
2905 2905
673 2906
1277 2908
2912 2912
3159 2913
1837 2915
3810 2919
4932 2920
680 2921
2274 2923
1896 2926
2932 2932
6871 2933
5105 2934
1558 2935
3166 2938
3611 2939
6069 2943
2949 2949
2950 2950
6786 2951
6743 2952
2259 2953
6055 2955
4055 2959
2962 2962
6033 2963
5094 2968
2052 2970
4853 2972
6296 2975
4342 2983
3917 2984
4679 2986
3643 2989
2992 2992
5979 2993
873 2994
539 2998
5686 3000
3001 3001
3003 3003
3004 3004
3006 3006
6024 3012
3014 3014
6236 3016
326 3017
2872 3018
5816 3019
1969 3021
3022 3022
823 3024
3088 3027
5849 3028
5041 3029
1583 3033
4472 3034
5891 3035
3036 3036
3037 3037
439 3040
1659 3041
709 3042
3045 3045
3046 3046
5441 3049
3050 3050
3250 3051
4461 3053
4854 3054
3056 3056
4932 3059
3539 3060
3062 3062
3063 3063
3056 3064
3457 3065
5288 3070
4617 3072
1501 3075
5408 3077
5686 3079
1049 3081
3085 3085
1523 3087
3088 3088
3090 3090
1502 3091
6504 3092
2503 3093
3096 3096
1399 3098
2984 3099
3346 3101
5533 3104
4 3109
2230 3110
2827 3111
1625 3112
4237 3113
3115 3115
3118 3118
6027 3121
4976 3123
6403 3126
943 3127
6451 3128
3129 3129
4435 3131
4452 3132
3989 3133
3134 3134
4310 3135
3136 3136
2031 3137
3888 3139
680 3141
3142 3142
4903 3144
4846 3148
5690 3149
3150 3150
4058 3151
3152 3152
3046 3153
5002 3157
2409 3162
3163 3163
6035 3165
2523 3168
3169 3169
387 3172
1945 3174
3175 3175
3177 3177
3178 3178
3887 3179
914 3183
1405 3184
6076 3189
6632 3191
3349 3193
1709 3194
3195 3195
3196 3196
1561 3200
6510 3201
3207 3207
3278 3212
3216 3216
6384 3218
697 3219
4271 3221
3223 3223
3225 3225
3404 3226
4574 3227
3228 3228
3348 3229
3999 3230
303 3233
1129 3234
3235 3235
3487 3237
3242 3242
5499 3243
1029 3244
5810 3245
4294 3249
1481 3251
5333 3252
2965 3253
1541 3259
6296 3260
5645 3261
90 3264
4194 3265
3266 3266
3267 3267
602 3269
2345 3272
1459 3273
5075 3276
3278 3278
3281 3281
2149 3283
1424 3284
663 3288
4274 3289
4386 3297
6692 3300
3277 3303
3244 3305
3579 3313
3344 3314
458 3315
3316 3316
2184 3317
6013 3318
2212 3321
356 3323
3120 3324
3325 3325
3326 3326
1049 3329
3330 3330
3333 3333
3794 3336
5325 3337
4449 3339
1389 3341
3638 3344
5103 3345
3425 3346
6845 3347
2259 3352
3825 3358
2163 3359
2925 3360
4664 3361
3362 3362
3365 3365
3366 3366
3368 3368
5526 3370
3371 3371
5915 3372
3373 3373
4085 3374
3779 3377
3759 3380
2062 3381
2446 3382
2705 3383
3384 3384
3385 3385
3386 3386
2986 3387
3389 3389
6548 3390
2825 3391
1475 3392
1062 3393
5413 3398
3404 3404
494 3405
3866 3406
4124 3407
1846 3408
3053 3411
1935 3415
1771 3418
4449 3419
3421 3421
3423 3423
2908 3424
5105 3428
3820 3429
2539 3432
4895 3433
2695 3434
6288 3436
3440 3440
743 3444
3883 3445
3777 3447
5532 3455
3456 3456
3460 3460
699 3462
5775 3463
5622 3465
1280 3472
414 3473
5735 3474
5765 3477
1456 3478
1743 3479
6119 3482
1546 3487
3490 3490
3493 3493
3495 3495
1546 3497
3500 3500
2285 3501
169 3502
3503 3503
3505 3505
3507 3507
2250 3508
2405 3509
1162 3511
3311 3514
6621 3515
4167 3516
4880 3522
6061 3524
374 3525
6632 3526
2822 3530
1314 3531
2820 3534
1329 3538
3541 3541
6209 3543
542 3546
3547 3547
4948 3548
3444 3549
2338 3551
1145 3552
4131 3553
1292 3554
6310 3555
2290 3557
5627 3561
6686 3563
2695 3564
3566 3566
3568 3568
2250 3569
3392 3570
813 3574
2905 3575
5141 3577
3128 3578
3579 3579
6785 3583
4101 3584
2212 3585
3586 3586
3589 3589
644 3592
3877 3595
2276 3596
3503 3597
6444 3601
3602 3602
4679 3604
1659 3607
954 3611
3613 3613
1875 3615
6295 3616
3617 3617
1393 3622
4036 3624
823 3629
3634 3634
3638 3638
3643 3643
4455 3644
1354 3645
3648 3648
5922 3652
3653 3653
3655 3655
3750 3661
5667 3664
1974 3666
3667 3667
3775 3671
1608 3672
2633 3678
2590 3680
3682 3682
929 3684
1405 3686
3251 3687
3691 3691
3695 3695
2409 3697
43 3699
2346 3700
3704 3704
3706 3706
2013 3710
728 3712
2018 3713
848 3715
3718 3718
3666 3719
1911 3722
3723 3723
140 3724
6045 3725
863 3727
3733 3733
6305 3734
6235 3735
2285 3736
3737 3737
4913 3740
1473 3742
1695 3743
325 3746
5159 3748
3753 3753
1708 3754
2876 3755
1847 3758
6196 3759
3769 3762
1302 3763
3053 3764
1456 3765
2930 3767
4047 3768
1294 3775
3571 3776
3777 3777
5350 3778
3782 3782
3427 3785
4804 3786
1988 3788
2711 3789
5876 3791
4211 3793
1875 3795
6040 3796
4653 3800
1577 3801
3350 3802
5717 3806
1360 3808
6808 3810
4749 3811
6808 3816
5267 3817
6334 3818
3821 3821
170 3822
5705 3823
3824 3824
3776 3825
3237 3826
3828 3828
3829 3829
3833 3833
2860 3836
768 3837
3972 3838
3840 3840
3843 3843
6341 3846
4214 3849
3851 3851
2606 3852
4901 3853
3927 3854
2869 3856
4630 3857
963 3859
5621 3862
2188 3863
5701 3866
3867 3867
6475 3870
4774 3872
3874 3874
986 3881
6432 3882
3888 3888
2926 3889
3890 3890
3892 3892
3103 3894
1771 3895
601 3900
170 3903
3906 3906
963 3907
2492 3909
6243 3911
238 3915
3018 3916
2657 3918
3852 3923
6475 3925
3929 3929
3414 3934
3942 3942
3943 3943
3944 3944
2453 3945
3947 3947
729 3948
5684 3952
3953 3953
4424 3954
66 3955
5094 3956
2369 3959
2403 3961
1755 3962
5600 3963
6214 3964
419 3966
3146 3969
2285 3970
150 3972
1659 3973
5192 3976
2453 3977
3172 3978
4457 3979
1966 3980
5557 3981
6451 3985
5062 3986
4128 3987
406 3989
2926 3990
4650 3991
2779 3994
3996 3996
93 3999
5349 4001
6850 4002
4004 4004
4006 4006
3150 4007
4008 4008
1198 4013
5107 4014
4929 4015
4018 4018
6848 4019
4020 4020
829 4021
6011 4022
4023 4023
2820 4026
4304 4027
4032 4032
2986 4033
276 4034
4035 4035
4036 4036
4019 4037
4038 4038
1356 4040
4976 4043
4889 4045
5020 4047
4048 4048
4139 4056
4646 4062
4270 4065
5018 4066
542 4070
1730 4074
4202 4076
4077 4077
527 4080
1649 4084
419 4085
6865 4086
4991 4087
4091 4091
4096 4096
6596 4097
304 4098
5910 4100
3979 4106
2168 4107
5600 4108
4948 4115
5189 4118
1167 4122
4123 4123
3137 4125
4126 4126
3421 4128
680 4129
3053 4131
3235 4135
1935 4137
5341 4142
1733 4143
1579 4153
3545 4154
4155 4155
3444 4156
4157 4157
923 4158
2982 4161
3317 4163
478 4164
3131 4166
4168 4168
6548 4173
4174 4174
4176 4176
6040 4179
1596 4180
5401 4182
5452 4184
5970 4185
4629 4188
6172 4192
3088 4195
4198 4198
3605 4201
5600 4202
1825 4205
4206 4206
359 4207
5231 4209
4210 4210
4211 4211
752 4212
1610 4213
2285 4220
2206 4222
4226 4226
4230 4230
601 4234
3564 4235
1586 4237
4238 4238
6271 4242
2460 4245
2054 4247
170 4249
4251 4251
5020 4258
2290 4260
3840 4262
501 4266
4267 4267
5065 4271
6582 4274
1619 4277
4196 4278
6521 4280
624 4281
4391 4282
3561 4284
4285 4285
3095 4287
2249 4289
855 4290
4082 4291
973 4292
4293 4293
4294 4294
4299 4299
6561 4300
4142 4302
1560 4303
1856 4305
42 4306
963 4309
3593 4314
3775 4318
1860 4321
4260 4327
100 4328
4329 4329
5339 4331
4516 4332
4334 4334
620 4336
4337 4337
4343 4343
6339 4345
1424 4352
482 4354
1435 4360
4361 4361
126 4367
4369 4369
4371 4371
4372 4372
6078 4374
2834 4376
3508 4377
1248 4378
1809 4380
4442 4382
2738 4383
6649 4384
5775 4386
4387 4387
4388 4388
5526 4389
3303 4393
4396 4396
2168 4398
4405 4405
3126 4406
6845 4407
1439 4409
2749 4412
4417 4417
3444 4423
1834 4429
4431 4431
2499 4432
4838 4438
6743 4440
180 4441
4791 4442
694 4444
4445 4445
6715 4446
1456 4449
3050 4452
4454 4454
3043 4455
1558 4456
4458 4458
1501 4460
954 4462
5638 4467
1610 4468
3816 4469
5150 4471
3042 4472
2253 4473
1302 4476
5780 4478
4481 4481
4485 4485
4677 4486
2651 4487
6567 4488
1422 4489
5472 4490
4493 4493
4494 4494
4497 4497
2917 4500
6405 4501
4503 4503
5796 4506
468 4509
4616 4511
6614 4513
284 4516
1648 4520
6661 4521
5598 4524
4528 4528
4533 4533
4139 4536
5192 4537
327 4540
2209 4541
6406 4543
2213 4545
4547 4547
726 4548
4550 4550
4552 4552
6198 4553
5224 4554
5164 4555
5228 4557
5526 4559
2761 4563
1382 4564
3404 4567
3765 4569
1510 4571
6845 4572
4123 4573
3228 4575
197 4576
6328 4579
6295 4580
4873 4581
4582 4582
2013 4583
3087 4585
177 4586
2851 4588
2901 4591
1855 4593
4597 4597
4604 4604
3682 4605
3978 4606
4607 4607
949 4613
5235 4616
3146 4619
6517 4622
1125 4623
712 4624
3766 4628
4442 4629
4630 4630
4631 4631
4634 4634
5323 4637
3135 4639
3759 4644
5974 4646
1048 4648
4650 4650
1520 4651
6552 4656
1877 4660
4663 4663
438 4664
708 4665
4666 4666
5611 4667
4371 4668
716 4671
6868 4673
4452 4674
1405 4676
4149 4677
1235 4679
1774 4681
4688 4688
4689 4689
4476 4691
4616 4695
4698 4698
1993 4700
5607 4701
1596 4702
4709 4709
988 4713
4714 4714
4630 4715
3894 4716
5244 4718
6649 4719
78 4722
4725 4725
3127 4727
4729 4729
4730 4730
3743 4731
3589 4732
2580 4733
5076 4736
5196 4738
2786 4744
5344 4745
4746 4746
4747 4747
6056 4748
3164 4751
4279 4753
2490 4754
1932 4756
3767 4760
50 4761
4762 4762
3386 4764
478 4765
355 4769
1856 4770
1926 4773
2399 4779
4782 4782
4880 4783
1405 4785
3081 4786
3340 4788
4383 4790
1951 4791
5027 4793
6162 4796
1163 4798
4799 4799
6868 4801
4207 4802
4804 4804
4805 4805
5438 4806
1185 4807
1504 4809
1433 4810
1038 4812
2211 4813
4814 4814
1646 4815
4816 4816
6708 4821
6113 4824
1098 4827
5809 4829
6246 4831
6209 4837
4478 4839
1235 4841
4521 4843
3218 4844
6152 4845
3228 4846
3775 4847
4849 4849
6850 4850
4162 4855
3564 4857
5470 4858
6143 4859
3648 4860
4625 4861
3258 4862
1760 4864
19 4865
769 4866
4868 4868
4377 4871
4873 4873
2231 4874
2602 4875
3390 4876
5235 4877
4879 4879
5681 4882
4278 4885
4887 4887
4889 4889
2787 4890
1692 4893
2285 4896
3346 4902
4905 4905
869 4906
4631 4907
4913 4913
6849 4914
4644 4915
4682 4916
6422 4921
1817 4922
6336 4923
6795 4928
4930 4930
5875 4933
2317 4934
4936 4936
394 4937
4940 4940
4941 4941
5228 4945
2824 4948
4950 4950
6016 4951
4953 4953
5283 4954
4956 4956
2356 4960
27 4961
4962 4962
2351 4963
4966 4966
5027 4975
4139 4976
4139 4977
4459 4978
6743 4981
620 4987
4874 4991
1609 4992
2255 4994
3791 4995
4997 4997
3250 5000
5134 5002
6355 5004
3518 5005
1699 5007
665 5015
2657 5022
5027 5027
3413 5028
5207 5039
231 5040
430 5042
3178 5045
3775 5048
6018 5049
6551 5050
4521 5052
5251 5053
5056 5056
758 5057
6422 5058
67 5059
3134 5060
950 5061
5000 5063
3444 5067
4400 5068
2250 5072
5074 5074
5075 5075
6715 5077
6294 5078
3338 5079
5080 5080
4804 5081
3053 5083
1935 5085
6632 5087
5090 5090
3116 5097
4534 5101
328 5102
1394 5105
5685 5106
533 5107
4548 5110
5113 5113
6603 5116
5117 5117
6518 5118
1185 5120
1017 5123
6371 5124
5125 5125
2465 5126
5128 5128
5756 5131
494 5132
4963 5135
4274 5136
2206 5138
2580 5148
118 5152
1405 5155
5156 5156
5157 5157
1868 5159
5160 5160
6709 5164
5164 5165
494 5166
5168 5168
2096 5170
5174 5174
6375 5176
680 5177
5816 5180
3131 5181
5401 5182
2247 5184
5480 5185
1411 5186
5188 5188
5622 5191
6243 5196
1481 5197
5198 5198
3232 5199
3238 5202
6610 5203
5204 5204
4502 5205
5745 5206
5207 5207
5208 5208
4142 5210
5211 5211
6865 5213
5215 5215
5274 5216
3497 5219
1304 5220
2346 5222
5048 5224
527 5230
5974 5232
1227 5233
5334 5234
456 5235
5783 5238
5239 5239
2633 5243
4671 5245
2352 5247
4052 5248
3650 5249
3228 5250
3791 5252
3809 5255
2181 5256
5589 5259
4877 5263
5778 5265
5266 5266
4829 5267
131 5268
5058 5271
4774 5274
6249 5276
5401 5279
5281 5281
1170 5282
3019 5283
2478 5284
663 5285
1112 5287
3865 5288
5292 5292
3217 5293
42 5295
5297 5297
2765 5298
5706 5300
2014 5303
5304 5304
3528 5310
6072 5311
1405 5313
4671 5314
1603 5316
2119 5317
6398 5319
4019 5323
2595 5324
4829 5326
5327 5327
5783 5328
5061 5330
2499 5331
5153 5333
5169 5336
4860 5337
6275 5339
1405 5340
1730 5341
5343 5343
238 5344
5348 5348
5349 5349
3716 5350
2344 5351
6502 5354
6771 5355
482 5357
5934 5358
4521 5359
1382 5360
4913 5361
5365 5365
1689 5366
3019 5368
2305 5370
2657 5371
1433 5374
2291 5375
632 5377
5378 5378
66 5379
5381 5381
1294 5382
2922 5383
408 5386
3206 5387
3399 5388
6718 5389
5583 5392
5393 5393
135 5395
1027 5400
3777 5401
6235 5407
5193 5409
5708 5411
1541 5413
5970 5415
6512 5416
1561 5421
1996 5428
1062 5429
1115 5430
3528 5431
6517 5433
4247 5436
5437 5437
5440 5440
3703 5442
5913 5446
5447 5447
4565 5448
5991 5449
6243 5450
1720 5451
3955 5452
2641 5455
4666 5460
5502 5462
3414 5463
6485 5464
5468 5468
3346 5469
3902 5470
3292 5471
5472 5472
4639 5474
5448 5476
4758 5479
4936 5483
4786 5487
1409 5490
4536 5492
5603 5495
5838 5497
232 5501
5460 5502
6858 5503
5316 5507
5188 5511
5132 5512
5348 5517
5915 5521
5522 5522
5861 5524
3861 5526
5527 5527
2829 5528
6213 5529
5631 5530
1349 5531
1678 5532
2107 5534
5536 5536
6468 5537
5538 5538
5539 5539
5540 5540
5542 5542
4185 5544
335 5547
5794 5549
3014 5550
6831 5551
1949 5553
5333 5554
2285 5556
2739 5557
3049 5559
1409 5562
4760 5563
0 5566
4001 5568
714 5570
844 5572
5573 5573
3519 5576
3828 5578
5706 5579
5580 5580
5581 5581
6323 5582
1219 5583
5569 5589
5590 5590
1113 5592
304 5593
4932 5594
5706 5596
5598 5598
6548 5599
6595 5600
4446 5601
4756 5602
6189 5603
6475 5604
5532 5607
5609 5609
5610 5610
197 5611
5739 5616
4604 5619
1356 5620
374 5621
5622 5622
1774 5623
5625 5625
5627 5627
6152 5629
5378 5630
5634 5634
518 5636
2840 5638
5641 5641
5879 5642
5097 5644
5526 5646
1504 5647
5648 5648
3865 5649
795 5653
6218 5655
3539 5662
5663 5663
4224 5665
1047 5667
1974 5668
6019 5672
787 5673
6660 5675
5163 5676
5677 5677
5681 5681
4422 5682
438 5684
1394 5692
5351 5693
1278 5694
3563 5695
5283 5696
5697 5697
3379 5698
4877 5700
3003 5702
5704 5704
776 5705
5706 5706
6047 5707
6719 5711
3521 5713
5806 5714
1254 5715
5716 5716
5717 5717
680 5718
5341 5720
5689 5721
5383 5724
2096 5725
5080 5728
1846 5731
6047 5732
5734 5734
5970 5735
1419 5740
403 5742
2029 5743
5745 5745
5750 5750
1292 5751
2171 5753
6603 5755
2614 5756
419 5758
5532 5764
4141 5765
4126 5767
1943 5768
4184 5774
1128 5775
5777 5777
5706 5780
5783 5783
2839 5784
4880 5786
6596 5790
2542 5793
4960 5795
6877 5797
6322 5801
1135 5802
1659 5805
3833 5806
5807 5807
5813 5813
1405 5815
3716 5816
6056 5819
2018 5821
5824 5824
6269 5826
4889 5829
4699 5832
4036 5833
6442 5835
1774 5836
6614 5841
5844 5844
2102 5846
4221 5847
681 5849
100 5851
1224 5853
4630 5858
1332 5859
6166 5861
5865 5862
5343 5865
5869 5869
2285 5871
3474 5874
4415 5875
1356 5877
5879 5879
3238 5882
4359 5885
5886 5886
3959 5887
5890 5890
2494 5891
37 5896
2019 5899
3120 5900
2833 5901
5902 5902
375 5904
5401 5905
6122 5906
594 5908
431 5911
3175 5913
2212 5914
4257 5915
5922 5922
5923 5923
3033 5926
5927 5927
4201 5928
196 5929
4477 5930
5932 5932
2946 5933
4602 5935
593 5938
1334 5939
5526 5940
6621 5941
1659 5943
6133 5944
5610 5949
5951 5951
4810 5953
6865 5955
2580 5957
2227 5958
5959 5959
3430 5962
5685 5964
5966 5966
3497 5969
6548 5972
3128 5976
1390 5977
3858 5979
5980 5980
5981 5981
5982 5982
4140 5983
5985 5985
5986 5986
5988 5988
5991 5991
4202 5993
1243 5994
709 5995
261 5997
4489 5998
6000 6000
527 6004
6006 6006
173 6008
5613 6010
4140 6011
1405 6019
5409 6023
1226 6024
5097 6030
1405 6031
1153 6032
2593 6035
2987 6036
6039 6039
1052 6040
2501 6043
6607 6044
6479 6046
5707 6047
1128 6049
617 6053
6054 6054
5899 6057
6062 6062
6610 6063
6064 6064
6066 6066
1734 6067
4905 6068
871 6069
1993 6072
1389 6074
6076 6076
6077 6077
2575 6078
281 6079
6081 6081
6082 6082
6085 6085
6090 6090
1451 6091
2800 6093
111 6097
1080 6105
4197 6108
6269 6113
6806 6114
5082 6115
6116 6116
113 6117
6877 6126
2633 6128
552 6130
1572 6131
6132 6132
3372 6139
3135 6140
1774 6141
3487 6142
6143 6143
3531 6145
5914 6152
6016 6154
6159 6159
367 6160
6161 6161
5794 6162
2984 6163
6116 6165
6168 6168
4754 6170
6839 6172
1069 6174
6175 6175
1405 6176
5350 6177
2588 6180
6132 6181
2024 6184
2213 6185
529 6187
2775 6188
2869 6189
6190 6190
6193 6193
6195 6195
2285 6204
4472 6207
4213 6208
2890 6210
6207 6211
6212 6212
4214 6213
4853 6214
6661 6215
3424 6216
2114 6217
1405 6218
6382 6220
2127 6225
2345 6227
940 6228
4547 6230
6231 6231
934 6234
5018 6235
6843 6236
6238 6238
52 6241
406 6243
6244 6244
6247 6247
6248 6248
6249 6249
2353 6250
5105 6255
5733 6256
6257 6257
5269 6258
276 6260
6261 6261
5915 6263
6267 6267
4214 6272
6276 6276
6278 6278
5336 6279
6281 6281
6282 6282
6286 6286
3713 6288
2144 6293
6872 6298
6302 6302
6784 6303
1675 6304
6305 6305
3765 6306
2925 6307
1497 6308
3031 6310
6311 6311
6444 6315
1459 6316
6317 6317
5150 6318
2127 6319
6373 6322
6323 6323
5283 6325
6227 6329
3948 6330
2788 6331
6332 6332
6244 6333
6334 6334
6338 6338
4139 6339
5413 6342
4114 6349
2761 6350
1648 6351
6356 6356
6360 6360
2072 6363
1095 6364
6365 6365
6019 6366
6367 6367
3672 6368
3954 6370
1409 6372
5706 6373
1128 6378
4612 6379
3863 6380
2761 6384
1454 6385
2739 6387
6388 6388
6389 6389
3462 6390
1743 6392
4565 6398
1394 6399
5956 6401
4963 6402
2782 6403
6405 6405
936 6406
5783 6407
1916 6411
6412 6412
6414 6414
2119 6419
6412 6422
6423 6423
450 6428
1850 6429
821 6430
6431 6431
6375 6432
1082 6433
5405 6435
6597 6437
6429 6438
2635 6439
6443 6443
3367 6444
6446 6446
3927 6451
4881 6452
2374 6453
4457 6457
6460 6460
527 6461
3604 6464
6012 6466
6467 6467
2238 6473
4964 6475
5914 6476
6479 6479
503 6483
1939 6486
1856 6489
1409 6492
6173 6497
6499 6499
1501 6501
3499 6502
4217 6504
6600 6505
2094 6507
6508 6508
4597 6510
905 6511
3772 6514
4427 6517
2902 6518
2955 6520
4964 6522
1586 6526
624 6527
6529 6529
2259 6531
6479 6532
2265 6535
419 6536
6537 6537
6538 6538
2168 6539
758 6541
6122 6544
2787 6545
4084 6546
6045 6547
6548 6548
1646 6549
4702 6551
6554 6554
6014 6558
6559 6559
3518 6563
3854 6564
5410 6566
171 6568
6569 6569
1312 6570
283 6573
3986 6584
3092 6585
2046 6588
6785 6589
2955 6593
2603 6594
6750 6595
1884 6596
338 6598
6599 6599
6602 6602
6808 6605
5825 6607
1432 6608
3116 6610
6613 6613
3865 6614
6615 6615
2580 6616
2761 6621
6626 6626
4548 6630
6631 6631
772 6632
544 6638
2905 6640
6642 6642
6643 6643
6644 6644
1024 6647
5696 6648
1542 6653
6659 6659
5153 6660
1761 6663
1993 6664
3613 6665
4843 6666
1590 6669
2668 6671
4535 6673
1995 6680
5414 6683
1558 6684
867 6687
6688 6688
3680 6690
2820 6691
6693 6693
5559 6694
681 6705
6706 6706
6843 6707
3810 6708
5925 6709
1690 6710
1452 6712
6489 6713
6714 6714
6622 6715
6671 6716
6718 6718
6719 6719
6296 6728
1405 6730
4757 6731
1610 6732
706 6734
2072 6739
5002 6741
1255 6743
3812 6750
3751 6753
6756 6756
6363 6757
3775 6760
2534 6767
3858 6770
2593 6771
5009 6772
3222 6773
6554 6774
4304 6776
330 6778
1005 6780
4143 6781
61 6785
1440 6787
5585 6790
6793 6793
6794 6794
6797 6797
6800 6800
6334 6801
3965 6804
2212 6806
6807 6807
5904 6808
6809 6809
2285 6811
3589 6813
6816 6816
6817 6817
1574 6819
79 6822
6824 6824
17 6825
2863 6831
5283 6835
1405 6836
4490 6838
6839 6839
5526 6841
1100 6842
1670 6844
4172 6845
1932 6848
5660 6852
6853 6853
1330 6854
5108 6856
3411 6857
6589 6860
6865 6865
5469 6868
4437 6869
6872 6872
1405 6873
2155 6876
763 6877
4371 6878
680 6879
4915 6881
2878 6882
5875 6884
1750 6886
5094 6888
