3629 3629
116 116
112 112
113 113
3753 3753
8 8
6275 6275
6276 6276
6242 6242
2811 2811
6252 6252
3774 3774
3550 3550
409 409
3854 3854
242 242
6263 6263
3653 3653
3524 3524
3543 3543
3529 3529
2783 2783
3538 3538
238 238
6248 6248
3930 3930
2268 2268
5510 5510
5597 5597
6246 6246
3749 3749
5369 5369
21 21
3929 3929
2491 2491
2004 2004
3845 3845
3656 3656
3652 3652
3829 3829
321 321
312 312
315 315
2140 2140
408 408
5603 5603
1907 1907
3932 3932
3747 3747
1906 1906
5636 5636
443 443
2498 2498
3070 3070
311 311
347 347
2214 2214
2188 2188
3531 3531
51 51
43 43
5641 5641
2598 2598
3566 3566
129 129
5634 5634
5640 5640
77 77
3792 3792
146 146
229 229
436 436
3926 3926
2189 2189
2487 2487
2129 2129
3586 3586
456 456
2809 2809
2612 2612
3617 3617
2274 2274
123 123
5638 5638
5544 5544
2160 2160
2006 2006
2008 2008
6238 6238
59 59
3582 3582
3821 3821
3565 3565
2597 2597
124 124
5651 5651
3578 3578
5588 5588
3580 3580
6231 6231
3757 3757
5611 5611
3569 3569
122 122
3571 3571
3568 3568
192 192
234 234
2370 2370
104 104
2504 2504
5750 5750
2386 2386
2168 2168
2172 2172
2061 2061
6056 6056
3592 3592
3600 3600
2477 2477
2180 2180
5579 5579
5542 5542
2221 2221
5951 5951
5630 5630
3667 3667
2259 2259
5847 5847
5539 5539
2124 2124
2601 2601
2602 2602
2238 2238
5848 5848
3704 3704
2623 2623
2599 2599
2164 2164
6068 6068
5952 5952
2390 2390
5954 5954
5959 5959
5837 5837
2581 2581
62 62
5502 5502
2600 2600
2256 2256
5844 5844
5939 5939
2624 2624
2588 2588
6054 6054
147 147
2239 2239
2080 2080
6055 6055
392 392
3518 3518
5497 5497
6077 6077
2516 2516
2513 2513
2632 2632
5930 5930
3046 3046
2029 2029
6064 6064
2035 2035
5658 5658
3648 3648
3706 3706
2636 2636
2635 2635
2014 2014
5977 5977
2638 2638
6081 6081
5986 5986
5974 5974
2401 2401
2093 2093
3058 3058
5980 5980
5549 5549
2571 2571
2039 2039
174 174
5607 5607
295 295
5494 5494
5981 5981
333 333
3662 3662
258 258
2086 2086
2558 2558
2688 2688
2662 2662
6083 6083
5697 5697
5477 5477
2648 2648
5663 5663
284 284
2534 2534
2687 2687
6143 6143
448 448
3644 3644
6008 6008
375 375
6090 6090
3960 3960
2022 2022
5447 5447
2457 2457
504 504
2657 2657
5993 5993
6101 6101
6142 6142
5994 5994
2101 2101
4002 4002
6039 6039
451 451
223 223
2675 2675
150 150
4019 4019
3699 3699
518 518
2545 2545
5571 5571
6006 6006
2413 2413
5706 5706
5991 5991
5996 5996
196 196
3645 3645
1764 1764
3953 3953
2060 2060
2248 2248
5397 5397
2431 2431
2104 2104
4023 4023
550 550
3726 3726
6104 6104
5667 5667
1778 1778
4020 4020
5902 5902
4048 4048
3967 3967
2529 2529
164 164
3068 3068
4008 4008
206 206
3437 3437
376 376
2536 2536
2456 2456
3991 3991
5532 5532
2433 2433
5575 5575
6881 6881
4052 4052
2463 2463
2420 2420
2299 2299
3877 3877
3438 3438
4006 4006
3664 3664
4032 4032
2705 2705
4061 4061
5236 5236
6149 6149
5074 5074
512 512
5533 5533
475 475
5401 5401
6121 6121
4037 4037
6157 6157
6162 6162
5428 5428
1938 1938
6151 6151
5679 5679
6140 6140
483 483
5709 5709
5075 5075
1937 1937
3363 3363
372 372
6106 6106
584 584
5884 5884
6215 6215
3710 3710
503 503
6118 6118
546 546
6365 6365
5393 5393
5024 5024
2106 2106
5403 5403
4799 4799
5429 5429
702 702
473 473
5427 5427
1438 1438
5039 5039
3487 3487
3890 3890
6460 6460
5406 5406
3358 3358
5056 5056
3493 3493
3372 3372
570 570
3337 3337
4782 4782
4247 4247
6740 6740
754 754
5020 5020
2435 2435
5077 5077
6704 6704
2300 2300
1770 1770
4910 4910
6698 6698
1927 1927
6754 6754
5341 5341
3490 3490
3316 3316
5219 5219
6661 6661
4226 4226
2430 2430
2444 2444
5086 5086
1967 1967
1940 1940
3373 3373
255 255
5351 5351
6745 6745
6688 6688
5385 5385
1833 1833
5084 5084
3421 3421
699 699
5315 5315
1851 1851
6641 6641
2308 2308
5135 5135
1855 1855
5066 5066
5055 5055
4792 4792
3720 3720
1828 1828
5378 5378
3407 3407
6665 6665
1586 1586
4907 4907
1951 1951
6611 6611
1856 1856
4831 4831
3304 3304
5221 5221
3366 3366
5377 5377
6638 6638
3399 3399
5125 5125
6414 6414
5042 5042
2890 2890
1837 1837
3241 3241
1890 1890
5080 5080
1674 1674
5197 5197
2716 2716
6175 6175
5090 5090
1356 1356
6838 6838
1243 1243
5349 5349
1875 1875
3408 3408
1827 1827
1281 1281
6639 6639
3452 3452
1846 1846
6634 6634
5353 5353
2903 2903
3249 3249
3281 3281
6349 6349
5301 5301
3266 3266
1839 1839
5300 5300
3393 3393
5168 5168
3267 3267
497 497
5437 5437
1727 1727
1968 1968
1918 1918
5920 5920
6644 6644
3273 3273
819 819
5113 5113
5050 5050
3448 3448
1831 1831
2994 2994
3429 3429
6438 6438
1556 1556
1976 1976
6333 6333
1380 1380
6717 6717
208 208
4133 4133
2939 2939
5186 5186
1351 1351
1393 1393
4905 4905
6626 6626
5202 5202
3036 3036
3813 3813
4913 4913
3333 3333
6625 6625
6424 6424
3004 3004
4077 4077
3035 3035
610 610
4230 4230
5174 5174
3396 3396
2760 2760
1832 1832
3329 3329
5150 5150
778 778
3335 3335
6168 6168
5110 5110
5886 5886
3223 3223
3453 3453
1553 1553
4212 4212
790 790
3219 3219
697 697
3211 3211
2977 2977
5276 5276
3465 3465
4232 4232
1676 1676
1656 1656
6797 6797
225 225
983 983
5201 5201
6693 6693
6360 6360
1608 1608
6633 6633
6756 6756
1881 1881
1684 1684
1692 1692
4849 4849
1390 1390
1419 1419
613 613
6353 6353
6695 6695
4299 4299
601 601
5007 5007
5229 5229
3384 3384
1595 1595
6193 6193
3389 3389
6398 6398
4300 4300
611 611
5885 5885
2955 2955
3044 3044
5136 5136
1613 1613
1737 1737
789 789
1424 1424
5295 5295
1535 1535
5130 5130
1600 1600
1397 1397
4134 4134
1638 1638
4696 4696
3216 3216
5145 5145
741 741
3238 3238
4186 4186
652 652
606 606
5922 5922
1546 1546
622 622
3218 3218
4210 4210
1572 1572
603 603
4868 4868
2970 2970
4863 4863
1293 1293
3188 3188
1747 1747
3382 3382
782 782
623 623
4343 4343
655 655
4917 4917
1253 1253
625 625
4879 4879
4794 4794
1050 1050
3203 3203
1697 1697
1634 1634
1646 1646
1543 1543
996 996
667 667
2865 2865
399 399
1760 1760
4689 4689
6326 6326
4918 4918
2952 2952
693 693
2855 2855
5794 5794
1704 1704
4404 4404
6282 6282
1239 1239
608 608
3178 3178
4402 4402
892 892
2744 2744
4123 4123
1522 1522
4797 4797
6338 6338
1036 1036
2726 2726
1755 1755
5775 5775
3503 3503
2877 2877
6384 6384
2762 2762
1795 1795
2908 2908
4820 4820
1062 1062
2718 2718
6430 6430
691 691
5356 5356
3195 3195
4786 4786
6841 6841
1593 1593
3076 3076
663 663
3009 3009
4258 4258
4775 4775
916 916
4883 4883
1489 1489
4101 4101
4699 4699
659 659
1006 1006
769 769
4821 4821
1409 1409
4160 4160
4953 4953
1402 1402
6346 6346
2884 2884
6343 6343
4091 4091
3319 3319
1348 1348
2923 2923
4124 4124
1014 1014
4816 4816
1481 1481
5814 5814
972 972
1026 1026
1391 1391
4155 4155
615 615
1620 1620
1681 1681
4814 4814
6209 6209
4257 4257
1340 1340
6210 6210
3892 3892
1001 1001
805 805
923 923
845 845
1345 1345
1713 1713
1270 1270
621 621
971 971
3028 3028
3177 3177
5280 5280
4958 4958
989 989
1128 1128
6834 6834
637 637
800 800
6305 6305
987 987
3193 3193
1330 1330
970 970
631 631
1360 1360
6192 6192
1461 1461
2950 2950
400 400
958 958
3505 3505
1460 1460
6595 6595
6816 6816
980 980
1527 1527
3152 3152
5325 5325
4238 4238
6794 6794
973 973
6596 6596
1471 1471
1277 1277
4828 4828
2846 2846
665 665
5782 5782
2819 2819
1276 1276
808 808
6727 6727
2848 2848
632 632
6477 6477
4894 4894
1057 1057
6311 6311
903 903
1056 1056
2915 2915
6569 6569
1164 1164
5203 5203
4425 4425
1278 1278
1005 1005
1162 1162
4618 4618
4100 4100
4688 4688
6719 6719
1181 1181
5005 5005
4157 4157
891 891
1163 1163
4752 4752
6383 6383
1160 1160
1804 1804
1531 1531
4149 4149
1353 1353
4607 4607
6720 6720
1264 1264
4738 4738
1799 1799
2844 2844
879 879
4961 4961
1786 1786
6573 6573
4956 4956
1111 1111
6865 6865
6529 6529
6600 6600
6721 6721
3153 3153
4332 4332
4602 4602
6487 6487
4329 4329
809 809
864 864
6830 6830
3090 3090
1135 1135
1113 1113
3111 3111
3136 3136
4729 4729
6818 6818
1108 1108
810 810
4593 4593
6548 6548
1153 1153
1021 1021
1147 1147
4326 4326
391 391
4285 4285
1027 1027
6539 6539
5245 5245
6389 6389
6559 6559
2930 2930
4837 4837
1514 1514
4613 4613
3118 3118
6602 6602
768 768
6370 6370
932 932
253 253
901 901
910 910
1251 1251
1115 1115
1468 1468
1155 1155
2826 2826
4372 4372
1368 1368
6570 6570
4991 4991
3125 3125
1478 1478
3088 3088
4503 4503
4845 4845
6872 6872
952 952
873 873
177 177
4522 4522
4634 4634
4656 4656
4930 4930
949 949
883 883
4583 4583
4653 4653
4573 4573
6510 6510
4386 4386
4935 4935
4505 4505
4713 4713
4631 4631
4929 4929
1045 1045
4440 4440
4436 4436
4519 4519
4941 4941
4358 4358
4973 4973
4297 4297
4844 4844
