2632 0
3225 1
4149 4
6837 5
1876 6
8 8
992 9
4885 11
4782 12
2391 14
3951 17
3809 19
21 21
4091 23
4609 24
1464 26
2813 28
1182 30
5856 32
2633 34
3440 35
6553 39
3131 42
43 43
360 44
2954 48
51 51
2157 53
6052 54
694 56
59 59
62 62
2278 64
3388 65
3881 68
3055 70
6740 71
4954 72
1049 74
1097 75
3936 76
77 77
749 78
5829 81
6772 83
278 84
5365 92
5924 95
1163 98
1497 99
6589 100
6565 101
104 104
4163 105
3081 106
3950 108
3983 109
112 112
113 113
5921 114
116 116
4963 117
6309 118
4165 119
5320 120
122 122
123 123
124 124
6458 127
129 129
2514 133
2247 134
2513 135
2265 136
463 137
2327 144
2386 145
146 146
147 147
4087 148
4468 149
150 150
805 153
276 155
1424 156
4573 163
164 164
3250 170
1459 172
4574 173
174 174
6459 175
6001 176
177 177
1120 178
2614 180
4331 181
1955 182
702 183
3083 185
2774 188
3955 189
1476 191
192 192
196 196
1017 200
1624 203
4567 205
206 206
1210 207
208 208
5225 210
2610 211
5547 213
6791 217
392 218
2746 220
4375 222
223 223
2745 224
225 225
1708 226
2593 228
229 229
3450 230
234 234
5292 235
238 238
242 242
1049 243
4439 244
1439 246
4656 251
253 253
255 255
258 258
3202 259
3542 260
4165 262
6396 263
3210 264
1547 272
1697 274
5306 276
2429 281
284 284
4347 291
5486 292
295 295
4675 296
5067 298
5234 301
3264 303
1970 304
305 305
3721 306
311 311
312 312
713 314
315 315
5806 316
4925 317
321 321
3115 324
6560 329
333 333
4525 334
3167 336
4646 337
1557 339
3750 342
5734 343
6380 346
347 347
3152 351
3033 352
5121 353
695 354
6526 356
6379 362
437 364
5164 366
6142 368
3041 370
473 371
372 372
375 375
376 376
5866 377
3222 379
3767 381
4582 387
3634 390
391 391
392 392
399 399
400 400
2834 401
87 402
6680 403
1487 406
897 407
408 408
409 409
1513 411
880 412
630 414
5455 417
4924 424
5128 426
5809 427
885 433
1850 435
436 436
4950 439
1407 441
443 443
448 448
6694 450
451 451
4456 452
4944 453
1174 454
456 456
3015 458
451 459
3271 462
464 464
6380 465
5455 466
5904 467
2020 472
473 473
475 475
295 476
4156 479
3538 480
483 483
2204 487
488 488
3967 490
1549 492
777 493
5455 496
497 497
3354 500
1742 501
503 503
504 504
4435 505
508 508
6008 510
512 512
651 513
514 514
515 515
5619 516
702 517
518 518
6541 521
913 523
1174 525
637 528
5635 529
5128 534
2943 539
4939 543
6638 544
546 546
1905 548
550 550
6789 552
556 556
4409 557
1959 558
563 563
2909 565
566 566
1947 569
570 570
5927 571
3258 575
4793 576
1222 577
580 580
584 584
2538 586
6428 587
4303 590
3131 594
1217 597
2891 598
4378 599
601 601
603 603
606 606
608 608
141 609
610 610
611 611
5340 612
613 613
5941 614
615 615
209 618
621 621
622 622
623 623
3691 624
625 625
1324 626
3083 627
654 629
6845 630
631 631
632 632
4629 633
2351 636
637 637
6636 638
3925 640
1630 646
1547 649
2933 651
652 652
655 655
1957 657
659 659
2313 660
3772 662
663 663
665 665
6280 666
667 667
1489 668
2346 671
6273 672
6782 674
4209 676
44 677
5875 678
5319 679
366 681
276 682
4652 683
5469 684
1656 685
2557 687
6835 689
691 691
5012 692
693 693
4599 694
697 697
699 699
4505 700
702 702
5236 708
6249 712
5495 713
4170 718
3347 722
3129 723
2475 724
776 726
1378 727
2006 728
2211 729
2008 731
1519 734
6357 736
3446 737
4806 739
741 741
5749 742
3473 749
5677 750
5325 752
4491 753
754 754
738 755
1957 756
2817 758
2816 760
6375 761
90 763
5341 764
4400 766
768 768
769 769
4143 770
1864 771
2916 772
3617 773
5054 774
4757 776
6881 777
778 778
4750 779
782 782
537 783
840 788
789 789
790 790
5763 793
68 796
1742 797
800 800
1896 801
779 802
805 805
1899 806
2220 807
808 808
809 809
810 810
166 813
1229 817
997 818
819 819
1728 822
849 823
974 833
5477 834
2878 836
5119 838
3036 839
5585 842
3269 843
845 845
5908 848
6011 850
4433 853
6094 854
1240 855
6061 858
4456 859
3789 860
3819 861
5121 862
6376 863
864 864
2673 865
866 867
5167 871
5332 872
873 873
879 879
883 883
4403 886
2670 888
891 891
892 892
1603 893
316 894
901 901
903 903
6059 904
2149 905
2100 906
1362 907
1317 908
192 909
910 910
1850 912
5804 913
6409 914
1865 915
916 916
5114 920
1215 921
6097 922
923 923
5304 924
3634 926
3876 930
1378 931
932 932
436 937
4509 938
2144 945
3570 947
949 949
6642 950
952 952
958 958
5807 961
1560 962
1267 964
5961 967
970 970
971 971
972 972
973 973
3042 974
4658 976
299 978
980 980
983 983
4102 985
3852 986
987 987
989 989
1238 991
2705 993
2792 994
5865 995
996 996
1001 1001
1963 1002
1005 1005
1006 1006
3585 1007
4309 1008
654 1009
1014 1014
957 1018
1557 1019
1021 1021
781 1022
238 1024
1026 1026
1027 1027
5922 1029
2338 1031
4519 1032
714 1035
1036 1036
271 1037
5536 1038
723 1040
267 1042
1045 1045
5941 1046
708 1049
1050 1050
2896 1053
6389 1055
1056 1056
1057 1057
1963 1060
1062 1062
6560 1063
5222 1064
40 1065
971 1066
297 1067
3061 1072
1524 1080
5904 1082
1574 1083
3906 1084
4944 1085
1630 1086
5954 1087
605 1089
1388 1092
3160 1094
4951 1099
1101 1101
1258 1102
1990 1103
2233 1106
1108 1108
3522 1109
1111 1111
2017 1112
1113 1113
3363 1114
1115 1115
5347 1116
1061 1117
2207 1120
5550 1122
3822 1124
4375 1127
1128 1128
3234 1129
625 1130
2878 1131
4146 1132
6479 1133
1135 1135
4372 1137
4927 1138
3953 1139
5976 1141
5121 1143
6355 1144
70 1145
5806 1146
1147 1147
1226 1149
763 1150
713 1151
1153 1153
1155 1155
1254 1156
1049 1157
1160 1160
1162 1162
1163 1163
1164 1164
2504 1165
4900 1167
4889 1168
578 1170
160 1175
1181 1181
5345 1186
320 1191
1417 1194
1174 1195
5426 1197
6557 1200
1201 1201
5774 1204
5657 1207
2782 1211
4303 1212
2967 1214
3271 1217
6075 1220
3253 1221
2568 1224
2490 1226
2040 1227
2110 1232
6732 1233
3049 1235
3949 1238
1239 1239
4359 1241
1243 1243
1355 1245
4275 1247
1251 1251
5455 1252
1253 1253
305 1254
804 1256
6435 1258
276 1259
3438 1262
3311 1263
1264 1264
2425 1265
3965 1267
1270 1270
1276 1276
1277 1277
1278 1278
6027 1280
1281 1281
6396 1282
2113 1283
5998 1288
2859 1289
6133 1290
118 1292
1293 1293
3974 1294
1453 1298
3739 1299
6488 1308
291 1314
3811 1315
5763 1317
5478 1318
1234 1319
6493 1324
3123 1325
2278 1327
2549 1328
2362 1329
1330 1330
4900 1331
3048 1332
2670 1333
5096 1339
1340 1340
4843 1341
1342 1342
5128 1343
1345 1345
1476 1347
1348 1348
3049 1349
1351 1351
1353 1353
605 1354
1356 1356
4145 1357
1591 1358
3349 1359
1360 1360
1801 1362
4275 1367
1368 1368
433 1369
1047 1371
3179 1377
2752 1379
1380 1380
2549 1384
2531 1385
4982 1387
5390 1388
1957 1389
1390 1390
1391 1391
1806 1392
1393 1393
1397 1397
3975 1399
785 1401
1402 1402
6443 1403
2358 1405
1511 1407
1409 1409
5799 1410
3525 1413
3975 1417
1499 1418
1419 1419
70 1420
1424 1424
979 1426
3010 1427
6851 1430
3591 1431
6589 1433
1707 1434
126 1435
4796 1436
1438 1438
1875 1439
3419 1441
475 1445
577 1447
6394 1448
337 1449
6554 1450
3597 1451
4190 1453
3925 1456
1800 1459
1460 1460
1461 1461
3947 1465
1635 1466
5361 1467
1468 1468
701 1470
1471 1471
1049 1472
5748 1474
4636 1475
767 1476
3740 1477
1478 1478
6600 1480
1481 1481
3076 1482
2542 1484
1969 1486
1080 1488
1489 1489
5811 1490
1384 1491
4506 1493
4132 1494
1706 1495
3967 1496
4171 1500
4687 1503
2716 1505
354 1508
929 1511
3250 1513
1514 1514
1522 1522
5603 1523
5469 1524
5658 1525
158 1526
1527 1527
2012 1528
1531 1531
1535 1535
3218 1539
2238 1541
1543 1543
6239 1544
1546 1546
4343 1550
87 1551
1553 1553
6209 1554
1556 1556
4822 1558
4703 1559
3243 1560
670 1561
3449 1563
3197 1564
1742 1566
1433 1567
4609 1570
1572 1572
619 1574
2031 1575
1222 1577
206 1584
1586 1586
4190 1588
6419 1590
4745 1592
1593 1593
1595 1595
804 1597
1808 1598
1600 1600
2454 1602
531 1603
2528 1604
3587 1605
1608 1608
1951 1609
4105 1610
1613 1613
2938 1616
3975 1618
1620 1620
1947 1623
6804 1625
4687 1628
5735 1629
5200 1631
6047 1632
5302 1633
1634 1634
419 1635
1547 1637
1638 1638
3733 1644
1646 1646
6363 1649
2083 1652
3032 1653
1624 1654
1656 1656
656 1664
787 1671
6169 1673
1674 1674
2609 1675
1676 1676
28 1679
1681 1681
1684 1684
5299 1685
6650 1689
1692 1692
5821 1695
1697 1697
1704 1704
1673 1711
1713 1713
4609 1714
6806 1717
2961 1720
6805 1721
5465 1724
1727 1727
3553 1728
5102 1729
1852 1730
3741 1731
2902 1733
5375 1734
1737 1737
4159 1740
4528 1742
5497 1743
826 1744
220 1745
1747 1747
1276 1749
1970 1750
5398 1751
212 1754
1755 1755
373 1757
1760 1760
1764 1764
5941 1765
5127 1766
4511 1767
5554 1769
1770 1770
2043 1773
1774 1774
4105 1777
1778 1778
6566 1780
4893 1783
5431 1784
1786 1786
3655 1788
152 1793
560 1794
1795 1795
5000 1798
1799 1799
1029 1800
5449 1803
1804 1804
3952 1806
3613 1808
3577 1809
2752 1811
3942 1813
1900 1814
5398 1815
3905 1816
5302 1817
4417 1820
6712 1821
3167 1822
2712 1823
926 1824
3131 1826
1827 1827
1828 1828
859 1829
1853 1830
1831 1831
1832 1832
1833 1833
3630 1834
1837 1837
1839 1839
4984 1841
6349 1843
3742 1845
1846 1846
4502 1850
1851 1851
5526 1852
246 1853
1855 1855
1856 1856
1990 1857
2847 1870
4656 1873
5464 1874
1875 1875
4515 1877
6423 1878
4580 1880
1881 1881
4014 1883
6867 1887
1890 1890
2961 1891
4456 1892
3956 1895
51 1896
5182 1898
5874 1899
191 1900
6369 1901
5362 1905
1906 1906
1907 1907
4412 1909
6067 1910
410 1913
1708 1914
1456 1916
437 1917
1918 1918
3232 1921
5128 1923
4134 1924
1927 1927
2295 1928
5008 1929
5987 1932
1937 1937
1938 1938
1761 1939
1940 1940
4135 1943
1097 1950
1951 1951
6341 1953
265 1954
3809 1955
4349 1956
1008 1957
491 1961
5255 1962
2916 1963
804 1965
1572 1966
1967 1967
1968 1968
5916 1969
2946 1970
5301 1973
1976 1976
2527 1980
5649 1981
3030 1982
911 1983
92 1986
6431 1988
2380 1989
2530 1990
5962 1993
1011 1996
1427 1997
4303 2002
561 2003
2004 2004
3577 2005
2006 2006
2008 2008
6048 2010
5470 2012
2338 2013
2014 2014
6455 2018
6351 2019
2022 2022
3395 2025
2029 2029
6006 2030
2269 2032
756 2033
2035 2035
6517 2036
2911 2037
2039 2039
107 2042
4929 2043
1713 2045
220 2046
2499 2050
1165 2051
3027 2053
3018 2059
2060 2060
2061 2061
463 2065
915 2066
2843 2069
419 2071
4733 2072
1165 2073
2386 2074
4739 2075
5389 2079
2080 2080
2943 2081
2086 2086
156 2087
6033 2089
3601 2090
694 2091
4387 2092
2093 2093
3330 2097
1306 2099
394 2100
2101 2101
2104 2104
3142 2105
2106 2106
4698 2107
748 2111
5302 2113
6517 2114
4017 2119
743 2120
2124 2124
2091 2125
933 2127
3960 2128
2129 2129
113 2130
5806 2131
4249 2132
3150 2136
2140 2140
3008 2143
2709 2146
1601 2148
804 2153
3869 2154
5642 2158
5905 2159
2160 2160
2032 2161
5600 2163
2164 2164
1739 2165
3478 2166
5978 2167
2168 2168
2172 2172
5884 2174
5855 2177
3157 2179
2180 2180
6086 2181
3565 2182
6820 2185
3220 2187
2188 2188
2189 2189
6041 2192
3462 2194
2520 2195
6575 2200
6783 2202
512 2204
917 2205
5222 2206
6860 2208
3674 2210
4672 2211
201 2213
2214 2214
5072 2215
6538 2218
3467 2219
5008 2220
2221 2221
2311 2222
4638 2223
5866 2225
2186 2227
5101 2229
1574 2232
5576 2237
2238 2238
2239 2239
2714 2243
6487 2244
2311 2247
2248 2248
2678 2249
6528 2253
1788 2255
2256 2256
102 2257
2259 2259
810 2261
3347 2267
2268 2268
431 2269
1267 2270
5660 2272
2274 2274
5536 2275
2849 2280
3156 2283
1329 2288
2781 2293
1938 2294
221 2298
2299 2299
2300 2300
6583 2301
1746 2302
4446 2304
4609 2305
2308 2308
1890 2309
2623 2310
3928 2321
5584 2327
5714 2329
1496 2330
2623 2337
2288 2339
6056 2340
6097 2341
6611 2342
3890 2344
3721 2345
5042 2346
3721 2347
3261 2350
5079 2351
3589 2353
1480 2354
3650 2355
5267 2358
694 2359
679 2360
4915 2366
2370 2370
657 2372
804 2379
2386 2386
2390 2390
3133 2392
327 2395
4193 2396
5915 2397
2401 2401
1957 2403
1235 2405
5617 2409
4099 2411
2413 2413
4784 2416
2420 2420
370 2423
6520 2424
1167 2427
2434 2429
2430 2430
2431 2431
2433 2433
2538 2434
2435 2435
440 2438
1772 2441
2444 2444
2269 2445
4192 2448
4446 2450
6280 2455
2456 2456
2457 2457
355 2461
6575 2462
2463 2463
1800 2464
6754 2467
463 2469
6830 2472
4370 2473
5658 2474
5361 2475
2477 2477
5536 2478
395 2482
3485 2486
2487 2487
2491 2491
626 2495
2498 2498
2562 2501
2504 2504
5123 2505
5122 2506
3996 2507
2421 2508
1510 2510
1417 2511
2513 2513
5796 2515
2516 2516
603 2523
5128 2524
5954 2525
3311 2527
3807 2528
2529 2529
2401 2530
2875 2531
5714 2532
2534 2534
4569 2535
2536 2536
3613 2537
1351 2541
3327 2543
2545 2545
2660 2547
2626 2548
6501 2551
4782 2553
4303 2555
2558 2558
6707 2559
1963 2561
5500 2562
6493 2563
2476 2564
312 2567
4402 2568
2571 2571
776 2572
208 2575
1267 2577
4761 2579
2417 2580
2581 2581
267 2582
5561 2585
192 2586
2588 2588
5503 2590
359 2591
3129 2593
4688 2596
2597 2597
2598 2598
2599 2599
2600 2600
2601 2601
2602 2602
580 2604
1210 2605
6696 2606
4567 2608
3041 2609
874 2610
2612 2612
6185 2613
4461 2614
3607 2619
6855 2620
4652 2621
2623 2623
2624 2624
520 2625
5082 2627
6825 2628
6693 2629
3950 2630
2632 2632
4234 2633
816 2634
2635 2635
2636 2636
2638 2638
4868 2643
3809 2645
694 2647
2648 2648
2491 2651
5364 2654
3433 2655
440 2656
2657 2657
1420 2658
4120 2659
6097 2661
2662 2662
1727 2663
4120 2666
3026 2667
886 2669
1441 2674
2675 2675
1546 2676
3217 2677
6501 2680
5834 2685
2687 2687
2688 2688
6033 2689
5856 2690
1135 2691
1957 2693
2332 2696
1577 2697
6606 2700
14 2702
2380 2704
2705 2705
945 2709
5243 2713
2793 2714
2716 2716
2718 2718
2719 2719
1186 2720
5950 2721
6867 2722
747 2723
3232 2725
2726 2726
4791 2728
3921 2731
1125 2734
5350 2737
6685 2738
122 2740
702 2742
2744 2744
1388 2752
2652 2753
1368 2754
3888 2756
5058 2758
2760 2760
2762 2762
1800 2763
3003 2765
3968 2768
2578 2769
2816 2770
2587 2771
2006 2773
325 2775
2384 2777
880 2779
5978 2780
2783 2783
5530 2786
4105 2788
116 2790
2572 2791
2267 2793
2685 2794
2795 2795
6467 2797
2801 2801
2332 2802
6867 2805
3525 2806
5528 2808
2809 2809
6844 2810
2811 2811
4438 2813
917 2818
2819 2819
4782 2820
5554 2821
5079 2822
1744 2825
2826 2826
2915 2830
5005 2831
4095 2832
4314 2834
6038 2836
2755 2838
1800 2842
2844 2844
6541 2845
2846 2846
2520 2847
2848 2848
5000 2851
929 2852
3381 2853
2855 2855
228 2856
915 2857
1139 2859
636 2860
2927 2864
2865 2865
6408 2867
4132 2870
6144 2871
1851 2872
2503 2873
359 2875
2877 2877
3462 2878
1663 2880
2884 2884
4349 2885
2890 2890
297 2893
807 2895
2946 2897
5117 2901
5913 2902
2903 2903
2572 2904
6759 2905
2911 2907
2908 2908
2 2910
5747 2913
4392 2914
2915 2915
6608 2916
3023 2920
4491 2922
2923 2923
116 2924
2943 2925
6541 2927
1869 2928
2803 2929
2930 2930
5125 2932
4623 2935
6583 2937
2939 2939
1626 2940
5239 2941
5723 2942
1349 2943
1174 2944
5804 2945
685 2949
2950 2950
3311 2951
2952 2952
1031 2953
2955 2955
6073 2958
4421 2959
305 2960
2581 2964
5935 2965
4061 2966
1209 2968
5842 2969
2970 2970
2977 2977
3585 2979
745 2982
6867 2984
2943 2986
6408 2988
3200 2990
2515 2993
2994 2994
4132 2995
1221 2998
6623 3003
3004 3004
3006 3006
3009 3009
3311 3011
5127 3013
490 3014
5207 3016
497 3017
6331 3018
2327 3019
897 3020
709 3021
2911 3022
5780 3023
3083 3024
3028 3028
3458 3030
2025 3031
3180 3032
3035 3035
3036 3036
1503 3037
694 3040
3044 3044
5536 3045
3046 3046
2805 3047
5441 3049
3432 3050
3146 3051
835 3052
1456 3053
2325 3054
2260 3055
1563 3056
3058 3058
3023 3059
1547 3061
1449 3063
3068 3068
3070 3070
28 3074
3076 3076
730 3080
6608 3084
947 3085
3088 3088
3090 3090
6851 3092
6192 3093
6728 3094
4594 3096
6015 3097
6594 3100
2525 3103
4967 3105
2370 3108
3111 3111
368 3116
2792 3117
3118 3118
5435 3120
3125 3125
2737 3127
910 3128
2220 3131
4687 3132
715 3133
3136 3136
2649 3137
5364 3139
5856 3140
3688 3143
2853 3144
2380 3145
6040 3149
3152 3152
3153 3153
3794 3154
4400 3155
4143 3158
3398 3159
5012 3160
3942 3161
5190 3163
4569 3164
3125 3169
2520 3173
6498 3174
6048 3176
3177 3177
3178 3178
709 3179
4604 3182
133 3183
2504 3184
3188 3188
5895 3192
3193 3193
3195 3195
1120 3197
6396 3198
5714 3199
1809 3202
3203 3203
107 3205
5198 3207
3968 3210
3211 3211
3216 3216
3218 3218
3219 3219
2946 3222
3223 3223
2797 3225
52 3226
4213 3232
5181 3233
1864 3234
3238 3238
6681 3239
2211 3240
3241 3241
1713 3245
1465 3247
297 3248
3249 3249
630 3250
5977 3251
2206 3252
2965 3253
5121 3258
4448 3261
1952 3262
3266 3266
3267 3267
3311 3268
6331 3271
3273 3273
6606 3275
3276 3276
291 3277
1326 3279
363 3280
3281 3281
694 3282
5660 3283
2391 3284
6076 3287
677 3288
1420 3290
1341 3291
2211 3292
1317 3293
1479 3295
5486 3296
2538 3298
5962 3299
1970 3300
6605 3301
3304 3304
4646 3305
297 3306
3701 3307
1551 3311
2953 3314
3316 3316
6396 3318
3319 3319
3452 3323
3570 3326
3329 3329
5080 3331
5739 3332
3333 3333
6712 3334
3335 3335
5766 3336
3337 3337
2304 3339
3157 3341
5818 3342
2770 3343
6648 3344
4468 3345
1163 3346
3655 3348
419 3351
297 3353
3221 3354
6865 3357
3358 3358
4664 3361
3363 3363
5250 3365
3366 3366
373 3370
5952 3371
3372 3372
3373 3373
2050 3374
6097 3375
5737 3377
438 3380
5233 3381
3382 3382
344 3383
3384 3384
1299 3388
3389 3389
4585 3391
5139 3392
3393 3393
2658 3395
3396 3396
2236 3398
3399 3399
2270 3404
3407 3407
3408 3408
3311 3410
1317 3415
4604 3418
144 3419
4957 3420
3421 3421
5671 3422
5731 3427
5714 3428
3429 3429
5607 3431
2008 3432
2618 3433
2933 3434
3437 3437
3438 3438
6126 3442
2528 3445
614 3446
3448 3448
4594 3449
3452 3452
3453 3453
4276 3456
4550 3457
3766 3460
2212 3462
3465 3465
1049 3467
5626 3470
4598 3472
274 3473
508 3474
5941 3476
2260 3478
5507 3479
3463 3484
3487 3487
3488 3488
2658 3489
3490 3490
4089 3492
3493 3493
2083 3495
6142 3497
4792 3498
4496 3501
3503 3503
3505 3505
3980 3508
2627 3509
2247 3517
3518 3518
2851 3519
6280 3520
3524 3524
4602 3526
3529 3529
2822 3530
3531 3531
3864 3533
4782 3534
3794 3535
3538 3538
2209 3540
5954 3542
3543 3543
6603 3545
2243 3546
6033 3548
3444 3549
3550 3550
5094 3554
4493 3557
1094 3563
6458 3564
3565 3565
3566 3566
493 3567
3568 3568
3569 3569
3034 3570
3571 3571
5455 3574
2040 3576
5141 3577
3578 3578
3580 3580
3582 3582
2525 3585
3586 3586
6308 3587
6799 3590
101 3591
3592 3592
5950 3595
5913 3596
1453 3598
928 3599
3600 3600
6608 3603
4760 3605
6331 3607
2092 3609
1194 3611
4330 3613
3617 3617
5466 3622
2520 3627
3583 3628
3629 3629
6599 3630
3232 3632
3771 3634
4574 3638
6516 3640
5088 3642
3644 3644
3645 3645
3648 3648
6437 3649
791 3650
3652 3652
3653 3653
5164 3654
3948 3655
3656 3656
5647 3658
3662 3662
3664 3664
3667 3667
5941 3673
2633 3678
6851 3680
1010 3681
776 3683
654 3685
3251 3687
6389 3690
4685 3692
2504 3693
3955 3694
3195 3695
5970 3696
2549 3697
3699 3699
2817 3702
3704 3704
3706 3706
5995 3708
4654 3709
3710 3710
3185 3711
4623 3712
3716 3716
3131 3717
3720 3720
1210 3722
3726 3726
4921 3727
5917 3730
1891 3731
6305 3734
3523 3738
291 3743
3747 3747
1970 3748
3749 3749
4449 3750
5672 3751
3753 3753
4533 3754
3757 3757
2351 3759
2837 3760
6597 3763
1082 3767
3059 3771
2526 3772
3774 3774
1640 3775
4205 3776
4395 3777
2773 3779
2636 3782
1177 3787
3392 3788
5397 3789
5000 3790
1684 3791
3792 3792
6698 3794
6459 3797
5333 3798
2675 3799
6676 3800
5206 3801
1560 3802
1384 3804
5090 3806
3395 3809
285 3811
3125 3812
3813 3813
4522 3815
2157 3817
5258 3820
3821 3821
6841 3825
3829 3829
6394 3831
6624 3833
1092 3836
2613 3837
2604 3841
3845 3845
1149 3846
4556 3848
4478 3850
5707 3852
3854 3854
6615 3856
950 3858
4584 3860
5195 3861
694 3862
1762 3865
4008 3867
2313 3869
498 3870
3877 3877
5616 3880
1235 3882
3132 3883
2926 3889
3890 3890
4556 3891
3892 3892
4783 3893
2206 3895
2091 3897
1994 3898
5233 3899
886 3903
5162 3904
694 3905
4528 3906
790 3907
4814 3908
4738 3911
516 3914
600 3915
4986 3916
5022 3918
6097 3920
657 3921
5405 3923
498 3925
3926 3926
363 3927
1326 3928
3929 3929
3930 3930
1430 3931
3932 3932
5104 3935
2025 3936
3636 3937
2916 3938
5358 3945
1771 3947
5294 3948
2136 3951
5684 3952
3953 3953
3956 3956
3960 3960
6491 3964
3967 3967
4178 3971
1013 3976
5326 3977
5534 3978
5895 3984
3933 3985
6120 3987
6450 3988
372 3990
3991 3991
787 3998
5478 4000
4002 4002
6732 4003
4751 4004
4006 4006
4008 4008
4011 4011
2926 4012
4238 4013
3922 4014
2225 4017
2092 4018
4019 4019
4020 4020
5834 4021
4023 4023
6816 4029
33 4030
4032 4032
5080 4036
4037 4037
3663 4038
3446 4040
2539 4043
3039 4045
4048 4048
4052 4052
4957 4053
5950 4054
3463 4057
4678 4059
4061 4061
5232 4062
2475 4063
6144 4064
1587 4067
4367 4069
2204 4070
4806 4073
5993 4076
4077 4077
6608 4080
4703 4082
1186 4085
3662 4087
2916 4088
4091 4091
5416 4097
4100 4100
4101 4101
2773 4105
5500 4106
6853 4107
6795 4109
4201 4110
2079 4111
6306 4115
4225 4118
4123 4123
4124 4124
1066 4126
4133 4133
4134 4134
1851 4135
3824 4136
6386 4137
2888 4139
5765 4141
4149 4149
681 4150
989 4152
6795 4154
4155 4155
2330 4156
4157 4157
4160 4160
5732 4162
2960 4163
3345 4165
5547 4169
3982 4171
3580 4174
4613 4185
4186 4186
2530 4188
5766 4190
3311 4196
4209 4198
1094 4200
1852 4201
380 4202
4206 4206
3768 4208
4210 4210
4212 4212
5752 4213
691 4215
6462 4216
3956 4217
1692 4221
6291 4223
4226 4226
5876 4227
5930 4229
4230 4230
5239 4231
4232 4232
1411 4234
4656 4236
1586 4237
4238 4238
6369 4239
887 4240
5244 4241
4247 4247
68 4250
6795 4253
1238 4254
6732 4255
6553 4256
4257 4257
4258 4258
3699 4259
4656 4260
6394 4263
1832 4268
2803 4270
1114 4271
500 4276
3203 4278
4285 4285
4754 4286
1753 4290
2837 4292
2444 4294
4297 4297
291 4298
4299 4299
4300 4300
1049 4301
3449 4303
368 4305
1770 4307
3507 4310
1165 4312
6669 4316
3974 4318
4320 4320
1524 4324
4053 4325
4326 4326
4329 4329
4332 4332
1677 4333
4343 4343
3742 4346
3876 4347
5162 4350
6599 4351
3909 4352
936 4356
1417 4357
4358 4358
830 4359
285 4360
6754 4361
3700 4363
609 4366
1329 4369
4372 4372
1800 4374
5913 4377
2702 4378
4384 4384
4386 4386
3744 4387
4201 4392
5475 4393
5012 4397
802 4399
4402 4402
4404 4404
3888 4405
945 4409
5685 4411
6039 4412
530 4413
4312 4414
316 4415
2467 4418
2554 4419
4387 4420
5682 4422
2330 4423
4425 4425
4835 4429
3866 4432
4433 4433
1258 4435
4436 4436
5184 4439
4440 4440
6433 4447
2581 4451
2289 4454
4456 4456
6383 4459
6493 4460
1456 4461
1898 4464
2417 4468
2699 4469
6162 4470
5874 4471
3042 4472
2253 4473
1529 4476
6265 4477
5579 4478
859 4479
5150 4480
4303 4484
4677 4486
4490 4490
1384 4491
134 4492
4493 4493
6860 4495
4497 4497
6425 4500
657 4501
4502 4502
4503 4503
4505 4505
2422 4506
6575 4512
419 4513
97 4514
1450 4515
3076 4517
4678 4518
4519 4519
313 4520
4522 4522
1957 4523
3446 4524
5035 4525
311 4526
2735 4528
5131 4530
5809 4531
1013 4537
4538 4538
2782 4542
311 4543
3395 4546
4547 4547
5368 4549
6557 4550
4552 4552
6215 4564
3548 4565
2223 4567
1557 4570
4573 4573
2840 4577
4563 4582
4583 4583
1863 4586
1557 4587
5046 4588
1165 4589
4593 4593
1666 4598
1704 4599
268 4601
4602 4602
2888 4603
3123 4605
6546 4606
4607 4607
5340 4608
1510 4612
4613 4613
5001 4616
5279 4617
4618 4618
738 4620
4082 4622
4624 4624
6812 4626
1940 4628
2346 4629
4631 4631
4132 4632
4634 4634
6011 4636
46 4637
4848 4638
866 4640
471 4641
2951 4642
2688 4643
3759 4644
3031 4648
3325 4649
3190 4650
2468 4651
4653 4653
3556 4655
4656 4656
6396 4657
2175 4663
438 4664
2605 4665
6078 4666
3446 4667
2440 4669
6475 4675
1326 4678
1235 4679
5856 4680
6272 4681
1311 4685
5239 4687
4688 4688
4689 4689
759 4691
1752 4692
816 4693
4696 4696
4699 4699
3085 4701
2031 4703
2837 4704
3190 4707
4168 4709
4713 4713
3059 4714
2237 4718
4652 4721
2610 4722
1381 4726
291 4727
1258 4728
4729 4729
4400 4736
4738 4738
1959 4739
1025 4751
4752 4752
450 4755
776 4757
4105 4758
694 4759
5962 4762
5005 4764
694 4766
4775 4775
2453 4779
419 4781
4782 4782
5340 4785
4786 4786
4792 4792
4794 4794
2499 4795
4797 4797
4799 4799
6583 4800
6441 4803
3197 4805
3380 4807
2781 4809
1742 4811
4411 4813
4814 4814
4816 4816
3739 4817
4820 4820
4821 4821
521 4824
6097 4825
6627 4826
4828 4828
4831 4831
859 4834
4837 4837
5413 4838
5801 4839
2943 4841
4843 4843
4844 4844
4845 4845
4621 4846
4849 4849
6369 4851
5990 4852
4719 4853
4791 4856
2605 4857
4493 4861
6280 4862
4863 4863
1951 4865
2946 4867
4868 4868
6218 4872
2519 4874
2840 4878
4879 4879
4883 4883
3083 4884
3413 4885
387 4889
4072 4890
776 4892
1241 4893
4894 4894
528 4895
2769 4897
5536 4902
6073 4903
956 4904
4905 4905
4907 4907
613 4909
4910 4910
4913 4913
6257 4914
4644 4915
4917 4917
4918 4918
4925 4923
4656 4925
753 4926
4929 4929
4930 4930
3042 4931
4478 4932
5875 4933
4935 4935
1324 4938
230 4939
5222 4940
4941 4941
804 4945
2240 4948
5478 4950
2971 4951
4953 4953
4956 4956
4958 4958
5148 4960
4961 4961
2351 4963
2499 4969
1897 4970
5449 4972
4973 4973
1125 4974
1005 4975
3564 4977
915 4979
2091 4980
423 4986
3577 4987
5653 4988
948 4990
4991 4991
723 4992
4995 4995
431 4998
1418 4999
1104 5003
5005 5005
6483 5006
5007 5007
5271 5009
4623 5013
3366 5015
1612 5016
3311 5017
2443 5018
5020 5020
5024 5024
1233 5029
6045 5030
5891 5032
5701 5035
5575 5036
6605 5037
5039 5039
5042 5042
2099 5044
1640 5048
5050 5050
5080 5051
1887 5052
5055 5055
5056 5056
6479 5058
6712 5059
479 5061
182 5062
2237 5063
5066 5066
3444 5067
259 5068
3932 5069
679 5071
3190 5072
2465 5073
5074 5074
5075 5075
1769 5076
5077 5077
3338 5079
5080 5080
4461 5083
5084 5084
5086 5086
804 5087
5090 5090
395 5091
1841 5092
3243 5093
3692 5096
295 5100
1367 5105
4967 5108
5110 5110
1895 5112
5113 5113
4916 5116
295 5117
3380 5120
463 5121
4358 5122
1017 5123
1911 5124
5125 5125
5130 5130
291 5131
5135 5135
5136 5136
3521 5138
694 5140
3540 5141
681 5143
5145 5145
5150 5150
859 5151
2504 5155
5829 5156
2017 5158
4520 5160
1234 5161
1727 5163
5649 5165
1939 5166
6097 5167
5168 5168
5503 5173
5174 5174
6480 5175
6375 5176
6014 5177
5018 5178
2102 5179
3778 5180
5592 5182
5584 5183
3533 5184
5186 5186
2110 5188
1663 5192
6866 5194
4389 5195
5197 5197
5964 5199
5201 5201
5202 5202
5203 5203
4302 5208
5299 5209
6796 5215
6239 5216
5219 5219
1304 5220
5221 5221
1770 5223
1604 5224
6830 5225
653 5226
2409 5228
5229 5229
2062 5233
456 5235
5236 5236
5629 5238
2022 5239
2478 5241
3900 5243
5789 5244
5245 5245
3742 5246
4052 5248
818 5249
2982 5252
4421 5253
638 5257
1206 5258
881 5259
5784 5261
5491 5263
694 5268
1692 5271
1339 5275
5276 5276
5128 5278
5280 5280
4065 5283
5941 5289
4077 5290
4097 5293
5295 5295
3975 5298
5300 5300
5301 5301
2748 5302
5704 5304
4431 5306
2000 5308
4924 5309
5809 5310
185 5311
2504 5313
1587 5314
5315 5315
3511 5317
268 5318
5325 5325
6352 5326
2351 5329
5796 5330
3158 5332
4754 5333
4383 5338
1526 5339
1165 5340
5341 5341
3631 5342
5837 5343
5544 5344
1704 5346
1797 5347
5349 5349
5351 5351
5353 5353
5356 5356
6215 5360
2943 5362
1892 5363
2731 5365
5369 5369
6836 5373
4804 5374
5377 5377
5378 5378
2546 5380
1640 5382
3336 5383
6152 5384
5385 5385
2669 5387
3201 5389
6195 5390
2008 5392
5393 5393
3959 5395
5397 5397
5080 5399
5325 5400
5401 5401
5403 5403
5406 5406
6114 5408
3333 5410
6595 5411
5102 5414
911 5416
4609 5423
5427 5427
5428 5428
5429 5429
5546 5433
5437 5437
4520 5438
5447 5447
4367 5448
3282 5449
4574 5456
1963 5457
3157 5459
6316 5462
2152 5464
5243 5465
6810 5468
4806 5469
3902 5470
6408 5471
5472 5472
87 5473
6774 5474
5477 5477
732 5479
2798 5480
1392 5481
4656 5482
834 5485
5220 5487
1703 5488
5494 5494
3891 5495
5180 5496
5497 5497
4505 5501
5502 5502
3654 5503
5011 5504
3565 5506
871 5507
5188 5509
5510 5510
249 5511
1949 5514
495 5515
3591 5518
804 5520
4817 5521
4831 5523
833 5526
5640 5527
5082 5531
5532 5532
5533 5533
3080 5535
2040 5538
5539 5539
2330 5541
5542 5542
4119 5543
5544 5544
5546 5546
5549 5549
4568 5550
2945 5552
6357 5555
373 5558
1235 5559
1008 5562
6729 5563
1233 5564
881 5569
5571 5571
3330 5572
5575 5575
5869 5576
194 5578
5579 5579
3843 5581
5588 5588
6561 5589
295 5590
4509 5591
3023 5594
5300 5596
5597 5597
380 5600
5915 5602
5603 5603
5607 5607
5611 5611
2599 5612
5315 5615
1926 5621
614 5623
498 5624
1281 5625
2157 5628
5630 5630
5119 5631
1165 5633
5634 5634
2351 5635
5636 5636
5638 5638
5640 5640
5641 5641
1535 5643
3359 5644
3440 5645
3825 5646
419 5649
5651 5651
5400 5652
5189 5656
5658 5658
3186 5659
5663 5663
1013 5664
1283 5665
2102 5666
5667 5667
1173 5675
291 5678
5679 5679
2055 5685
3250 5690
3386 5691
5697 5697
6278 5704
776 5705
5706 5706
3707 5707
6750 5708
5709 5709
1909 5711
625 5713
3245 5714
5678 5721
2202 5722
4435 5727
2618 5730
3068 5731
2346 5733
2538 5734
6086 5740
3425 5741
3222 5744
6467 5746
1295 5748
5750 5750
1064 5753
2346 5756
3406 5757
4384 5759
5138 5762
971 5763
5583 5765
6070 5766
2527 5767
1729 5773
5775 5775
4585 5778
1841 5779
5782 5782
6674 5784
3489 5788
2908 5790
1270 5791
5794 5794
6457 5795
4423 5796
5354 5797
6097 5798
840 5800
3232 5803
6131 5804
5806 5806
583 5807
1892 5809
5814 5814
5350 5816
6192 5820
5875 5823
6428 5828
4843 5833
70 5835
5837 5837
871 5839
2994 5840
5844 5844
5526 5845
5847 5847
5848 5848
6705 5849
5941 5850
4585 5851
354 5852
6575 5856
5227 5858
4628 5861
6263 5862
3903 5863
3018 5864
5521 5865
4023 5866
2558 5869
3889 5872
3190 5873
5607 5875
188 5876
4132 5877
6002 5878
5881 5881
5883 5883
5884 5884
5885 5885
5886 5886
1855 5890
1445 5891
680 5892
3448 5895
5902 5902
1139 5903
6341 5904
5616 5905
5203 5907
679 5912
3910 5916
2712 5917
5920 5920
5922 5922
4984 5923
3982 5924
3411 5928
5930 5930
486 5931
6467 5932
2719 5933
6396 5934
4602 5935
4303 5937
5939 5939
5642 5940
5657 5941
1160 5946
192 5948
5951 5951
5952 5952
5954 5954
5959 5959
1821 5961
4784 5964
859 5965
732 5966
6188 5967
1339 5968
5690 5970
5974 5974
792 5975
5977 5977
5980 5980
5981 5981
5342 5982
3910 5983
830 5985
5986 5986
2214 5987
309 5990
5991 5991
804 5992
5993 5993
5994 5994
6011 5995
5996 5996
1320 5997
4159 5998
1151 5999
6006 6006
6008 6008
3815 6009
3910 6011
6280 6014
2618 6015
2456 6016
2383 6017
528 6018
5188 6021
5702 6027
4202 6030
5313 6031
3933 6033
5305 6034
4083 6035
2258 6037
6039 6039
2911 6044
4355 6045
2100 6046
4648 6047
6837 6050
2169 6051
6054 6054
6055 6055
6056 6056
5876 6057
394 6058
1603 6060
3457 6062
6064 6064
6027 6067
6068 6068
6462 6070
309 6072
3662 6073
5941 6074
6628 6075
6077 6077
208 6078
3352 6080
6081 6081
1576 6082
6083 6083
743 6084
2738 6086
2416 6087
3614 6088
6090 6090
639 6096
6097 6097
398 6098
4089 6100
6101 6101
2854 6102
6104 6104
6106 6106
5397 6109
2525 6113
403 6114
6240 6117
6118 6118
5086 6119
2619 6120
6121 6121
2304 6127
2633 6128
6830 6130
129 6132
5133 6134
2837 6137
2659 6138
6140 6140
6142 6142
6143 6143
4307 6145
6149 6149
6151 6151
6070 6153
6157 6157
6159 6159
6533 6160
3634 6161
6162 6162
2269 6164
5 6166
5647 6167
6168 6168
4438 6171
859 6172
6175 6175
5909 6177
743 6178
225 6179
644 6180
6181 6181
1742 6186
5611 6188
6192 6192
6193 6193
4461 6195
6201 6201
4602 6203
6209 6209
6210 6210
410 6213
6215 6215
6357 6216
3123 6221
4928 6223
4868 6227
713 6229
4547 6230
6231 6231
1739 6232
1622 6233
5696 6235
6238 6238
6242 6242
4407 6243
6246 6246
6248 6248
518 6249
4623 6250
6097 6251
6252 6252
5883 6253
6179 6256
6040 6257
1197 6261
6263 6263
1953 6265
3646 6269
5288 6270
4681 6272
6275 6275
6276 6276
1839 6278
1768 6279
111 6280
4062 6281
6282 6282
5409 6286
2643 6288
4478 6294
200 6296
3907 6298
2575 6300
2499 6302
6305 6305
2402 6310
6311 6311
1800 6316
3076 6322
3764 6324
221 6325
6326 6326
2291 6329
6333 6333
62 6334
5128 6335
6632 6336
6338 6338
2896 6339
6343 6343
5714 6344
6346 6346
4190 6348
6349 6349
1064 6351
5121 6352
6353 6353
4240 6355
4985 6356
3345 6359
6360 6360
6365 6365
316 6366
1707 6367
6370 6370
5234 6372
5300 6373
5927 6377
4968 6378
1165 6379
4801 6382
6383 6383
6384 6384
6851 6385
5794 6386
1744 6388
6389 6389
213 6390
2380 6393
5478 6397
6398 6398
6820 6399
4963 6402
1381 6407
787 6409
3135 6410
4223 6411
6414 6414
1575 6417
6375 6418
2339 6419
3361 6420
5546 6422
1299 6423
6424 6424
3927 6426
484 6427
1126 6428
6326 6429
6430 6430
871 6432
508 6436
2503 6437
6438 6438
3083 6441
4611 6443
2460 6445
1476 6447
4543 6449
386 6450
2043 6451
5364 6455
6408 6456
1325 6458
6460 6460
6782 6462
6799 6464
6149 6471
6477 6477
3033 6478
5598 6484
1929 6485
6487 6487
1863 6489
6766 6491
56 6492
2528 6497
6288 6498
6341 6499
6133 6502
6006 6508
3340 6509
6510 6510
1473 6515
1479 6516
2878 6520
5972 6521
4519 6523
6422 6525
6529 6529
5028 6530
6887 6535
2722 6538
6539 6539
4623 6540
396 6541
4733 6544
6548 6548
5308 6549
1234 6552
3182 6554
6559 6559
884 6560
2302 6561
5005 6563
4583 6564
2909 6565
6394 6568
6569 6569
6570 6570
6027 6571
6573 6573
4469 6574
4250 6575
3274 6576
1670 6577
6415 6578
297 6580
3699 6581
962 6582
5536 6585
1419 6586
1280 6589
4290 6591
2172 6592
2878 6593
630 6594
6595 6595
6596 6596
1769 6597
4580 6598
3200 6599
6600 6600
941 6601
6602 6602
3062 6603
928 6605
2962 6606
1905 6609
6611 6611
6714 6613
5503 6616
3311 6618
4217 6620
6625 6625
6626 6626
6308 6627
1467 6628
6633 6633
6634 6634
5333 6635
6638 6638
6639 6639
1957 6640
6641 6641
4156 6642
6644 6644
5598 6649
2748 6651
6410 6653
216 6654
61 6659
2256 6660
6661 6661
2985 6662
6357 6664
6665 6665
6812 6666
4520 6667
1873 6671
4778 6686
3222 6687
6688 6688
3327 6690
6693 6693
6695 6695
6698 6698
5763 6702
4384 6703
6704 6704
790 6706
1769 6707
2346 6708
2827 6709
2533 6712
1224 6715
6717 6717
1788 6718
6719 6719
6720 6720
6721 6721
1103 6723
6727 6727
377 6729
5267 6730
4438 6736
6740 6740
6745 6745
2504 6749
6754 6754
2000 6755
6756 6756
6837 6757
5452 6758
4097 6761
2568 6765
6772 6766
5862 6767
2945 6769
291 6771
1420 6772
4639 6774
2339 6775
1005 6780
942 6781
3742 6782
392 6783
252 6784
5136 6785
6535 6788
5845 6791
6794 6794
2825 6795
6797 6797
4656 6802
1500 6803
5861 6806
5952 6807
6035 6808
2242 6811
6816 6816
6818 6818
2535 6819
3824 6821
5401 6824
4179 6827
1069 6828
6830 6830
5136 6832
6834 6834
2327 6835
5340 6836
5 6837
6838 6838
1503 6839
56 6840
6841 6841
6236 6843
3601 6846
1330 6854
105 6860
3027 6863
6865 6865
419 6867
279 6868
491 6869
6872 6872
5313 6873
3186 6874
653 6876
4192 6880
6881 6881
530 6884
1655 6887
