0.00220988 0 0 0.110371 0.279826
0.173715 1 1.57155 0.0344636 0.101263
0.314607 1 1.07639 0.0296647 0.0968346
0.456775 1 0.489915 0.0280082 0.094417
0.604835 1 0.299281 0.0272768 0.0922011
0.747028 1 0.22362 0.0269267 0.0903877
0.889814 1 0.182639 0.0267148 0.0884129
1.03217 1 0.156073 0.0265906 0.0866023
1.17471 1 0.138008 0.0265165 0.0853878
1.3169 1 0.124209 0.0264639 0.0842433
1.4589 1 0.113038 0.0264356 0.0833507
1.60109 1 0.103836 0.0264195 0.082666
1.7434 1 0.0960657 0.0264163 0.0821573
1.88541 1 0.0895336 0.026421 0.0817841
2.02779 1 0.0839215 0.0264265 0.0814447
2.16971 1 0.0789407 0.026427 0.0810677
2.31201 1 0.0745028 0.0264316 0.080755
2.45413 1 0.0706622 0.0264393 0.0805787
2.59653 1 0.0672387 0.0264487 0.0804516
2.73864 1 0.0641929 0.0264595 0.0803606
2.88083 1 0.0614692 0.02647 0.0802764
3.02309 1 0.0589967 0.0264825 0.0802461
3.16508 1 0.056753 0.0264904 0.0802101
3.30711 1 0.0547071 0.0264963 0.0801627
3.44898 1 0.0528242 0.0265029 0.0801261
3.59138 1 0.0510883 0.0265098 0.0801054
3.73333 1 0.0494704 0.0265113 0.0800411
3.87555 1 0.0479684 0.0265153 0.0800029
4.01766 1 0.0465658 0.0265204 0.0799887
4.15985 1 0.0452537 0.0265248 0.0799689
4.30192 1 0.0440159 0.0265285 0.0799291
4.44403 1 0.0428462 0.0265326 0.0799101
4.58619 1 0.0417405 0.0265366 0.0798981
4.72843 1 0.0406916 0.0265394 0.0799232
4.87052 1 0.0396925 0.0265427 0.0799572
5.01269 1 0.0387395 0.0265465 0.0799969
5.15482 1 0.0378294 0.0265497 0.0800319
5.29725 1 0.0369586 0.0265527 0.080067
5.43914 1 0.0361242 0.0265555 0.0801035
5.58122 1 0.0353212 0.0265595 0.0801564
5.72319 1 0.0345485 0.0265625 0.0801946
5.86546 1 0.0338054 0.0265651 0.0802313
6.00866 1 0.0330899 0.0265677 0.080268
6.15056 1 0.0324 0.0265701 0.0803048
6.29257 1 0.0317339 0.0265725 0.0803416
6.43464 1 0.0310902 0.0265746 0.0803789
