0.00211863 0 0 0.0416252 0.0953599
0.175545 1 0.504111 0.0136026 0.0415235
0.318139 1 0.24912 0.0118481 0.0399484
0.461318 1 0.152233 0.0111762 0.0386114
0.604364 1 0.113111 0.010816 0.0376725
0.74719 1 0.0916118 0.0106057 0.0368719
0.890194 1 0.0780142 0.0104669 0.0363911
1.03334 1 0.0686033 0.0103864 0.0360312
1.17636 1 0.0617563 0.0103327 0.0357439
1.31937 1 0.0565044 0.010295 0.0355645
1.46269 1 0.0522346 0.0102736 0.0354322
1.60571 1 0.0487384 0.0102655 0.0353275
1.74842 1 0.0457802 0.0102605 0.0352385
1.89122 1 0.0432422 0.0102599 0.0351489
2.0343 1 0.0410493 0.0102602 0.0350844
2.17724 1 0.0391154 0.0102629 0.0350444
2.31992 1 0.0373981 0.0102678 0.0350302
2.46285 1 0.035866 0.010271 0.035017
2.6097 1 0.0344864 0.0102756 0.0350151
2.75277 1 0.0332305 0.0102798 0.0350032
2.89595 1 0.0320792 0.0102847 0.0350042
3.03869 1 0.0310203 0.0102896 0.03501
3.18167 1 0.0300386 0.0102945 0.035023
3.32454 1 0.0291244 0.0102995 0.0350385
3.46787 1 0.02827 0.0103047 0.0350535
3.61076 1 0.0274702 0.01031 0.0350692
3.75344 1 0.0267187 0.0103153 0.0350852
3.89645 1 0.02601 0.0103204 0.0351011
4.03959 1 0.0253397 0.0103253 0.0351167
