0.00213627 0 0 0.205463 0.451126
0.17303 1 5.31011 0.0496453 0.132085
0.313756 1 0.951612 0.0469175 0.130278
0.455248 1 0.571163 0.0462892 0.130025
0.597745 1 0.412095 0.0460661 0.130078
0.739254 1 0.321811 0.0459939 0.130059
0.880857 1 0.264463 0.04598 0.129841
1.02242 1 0.225573 0.0460052 0.129648
1.16431 1 0.197618 0.0460477 0.129585
1.30578 1 0.176395 0.0460714 0.129497
1.44729 1 0.159649 0.0460939 0.129418
1.58886 1 0.146339 0.0461179 0.129257
1.7307 1 0.13567 0.0461387 0.129248
1.87223 1 0.126793 0.046149 0.129204
2.01366 1 0.119261 0.0461612 0.129162
2.15531 1 0.112642 0.046175 0.129114
2.29673 1 0.106894 0.0461917 0.129084
2.4385 1 0.101719 0.0462089 0.129039
2.58002 1 0.0970864 0.0462213 0.129035
2.72143 1 0.0928884 0.0462322 0.128972
2.86313 1 0.0891177 0.046242 0.128944
3.00492 1 0.0857088 0.0462495 0.128943
3.14651 1 0.0825716 0.0462614 0.128954
3.28775 1 0.0796742 0.04627 0.128952
3.42955 1 0.0769897 0.0462765 0.128945
3.57135 1 0.0745018 0.0462821 0.128918
3.71312 1 0.0721945 0.0462896 0.128908
3.8545 1 0.0700285 0.0462932 0.128869
3.99587 1 0.0679886 0.0462993 0.128876
4.13786 1 0.0660689 0.0463046 0.128915
4.2793 1 0.0642655 0.0463094 0.128949
4.42068 1 0.062561 0.0463152 0.128984
4.56211 1 0.0609462 0.0463198 0.12903
4.70343 1 0.0594117 0.0463243 0.129063
4.84516 1 0.0579434 0.0463291 0.129088
4.98644 1 0.0565391 0.0463332 0.129112
5.128 1 0.0551972 0.0463372 0.129136
5.26923 1 0.0539141 0.0463405 0.12916
5.41087 1 0.0526823 0.0463437 0.129177
5.55244 1 0.0514979 0.0463471 0.129192
5.6939 1 0.0503596 0.0463508 0.129205
5.8354 1 0.049265 0.0463544 0.12922
5.97701 1 0.0482124 0.0463574 0.129234
6.11846 1 0.0471993 0.0463602 0.129246
6.25983 1 0.0462198 0.0463629 0.129256
6.40125 1 0.0452713 0.0463656 0.129259
6.54295 1 0.044355 0.046368 0.129267
6.68425 1 0.0434698 0.0463703 0.129274
6.8258 1 0.0426134 0.0463725 0.12928
6.96705 1 0.0417842 0.0463745 0.129286
7.10854 1 0.0409806 0.0463765 0.12929
7.25015 1 0.0402011 0.0463783 0.129294
7.39155 1 0.0394445 0.0463801 0.129298
7.53298 1 0.0387093 0.0463815 0.129302
7.67474 1 0.0379947 0.0463831 0.129305
7.81649 1 0.0372997 0.0463847 0.129308
7.9577 1 0.0366235 0.0463862 0.129311
8.09935 1 0.0359651 0.0463877 0.129314
8.24088 1 0.0353224 0.046389 0.129318
8.38254 1 0.0346954 0.0463905 0.129321
8.52373 1 0.0340844 0.0463919 0.129324
8.66538 1 0.033487 0.0463933 0.129328
8.80682 1 0.0329034 0.0463943 0.129331
8.94851 1 0.0323339 0.0463956 0.129335
9.09006 1 0.031778 0.0463969 0.129338
9.23138 1 0.0312354 0.0463981 0.129342
9.3728 1 0.0307054 0.0463994 0.129346
9.51423 1 0.0301876 0.0464006 0.129349
9.65614 1 0.0296816 0.0464017 0.129353
