0.00212872 0 0 0.0599809 0.295093
0.176137 1 1.40749 0.0252817 0.134571
0.320616 1 0.399694 0.0235032 0.130426
0.463928 1 0.235026 0.0226451 0.127958
0.606786 1 0.175052 0.0220155 0.125307
0.749398 1 0.141006 0.0215469 0.123267
0.892193 1 0.119107 0.0211594 0.121441
1.03497 1 0.103976 0.020876 0.119984
1.17774 1 0.0926978 0.0206766 0.11896
1.32067 1 0.0841155 0.0205307 0.11809
1.46377 1 0.077009 0.0203904 0.117151
1.60663 1 0.0710822 0.02028 0.116654
1.74924 1 0.0660324 0.0201986 0.116415
1.89204 1 0.0617561 0.0201454 0.11627
2.03502 1 0.0582112 0.020114 0.116199
2.17791 1 0.0550947 0.0200841 0.116129
2.32087 1 0.0523039 0.020057 0.116113
2.46414 1 0.0497536 0.0200226 0.115957
2.60729 1 0.0475333 0.0200155 0.115929
2.74972 1 0.0455105 0.0199924 0.115772
2.89261 1 0.0437001 0.019992 0.115761
3.03538 1 0.0420795 0.0199936 0.115754
3.17849 1 0.0405726 0.0199998 0.115781
3.32121 1 0.039179 0.0200061 0.115807
3.46417 1 0.0379063 0.0200106 0.11582
3.60723 1 0.0367387 0.0200149 0.115834
3.75007 1 0.0356458 0.0200135 0.115828
3.89338 1 0.0346007 0.0200105 0.115824
4.03593 1 0.0336177 0.0200119 0.115845
4.17905 1 0.0326997 0.0200146 0.115872
4.32159 1 0.0318382 0.0200178 0.115903
4.46484 1 0.0310262 0.0200211 0.115936
4.61045 1 0.0302578 0.0200244 0.115971
4.76369 1 0.0295284 0.0200277 0.116006
4.90651 1 0.0288343 0.0200309 0.116041
