0.00215996 0 0 0.0176234 0.0481323
0.175373 1 0.132248 0.00686216 0.0349459
0.317307 1 0.078402 0.00589573 0.0319821
0.461053 1 0.0487192 0.00544414 0.0302795
0.604258 1 0.0353718 0.00517963 0.0290855
0.74733 1 0.0274394 0.00499981 0.0279125
0.890323 1 0.0226042 0.00487564 0.026889
1.0338 1 0.0194356 0.00478259 0.0261191
1.17714 1 0.0172111 0.00472088 0.0255348
1.32003 1 0.0156184 0.00468087 0.0252631
1.46314 1 0.0143765 0.00465379 0.025024
1.60607 1 0.013382 0.00463654 0.0249017
1.74943 1 0.0125531 0.00462272 0.0248254
1.89239 1 0.0118518 0.00461437 0.0247911
2.03541 1 0.0112483 0.00461127 0.0247887
2.17845 1 0.0107308 0.00461081 0.0248088
2.32551 1 0.0102775 0.00461106 0.0248409
2.46875 1 0.0098761 0.00461315 0.0248785
2.61166 1 0.00951558 0.00461619 0.0249214
2.75464 1 0.0091884 0.00461938 0.0249671
2.89807 1 0.00888837 0.00462236 0.0250132
3.0411 1 0.00861225 0.00462513 0.0250579
3.1841 1 0.00835659 0.00462791 0.0251013
3.327 1 0.00811726 0.00463178 0.0251455
3.4703 1 0.00789321 0.00463512 0.0251892
3.61327 1 0.00768289 0.00463817 0.0252611
