0.00211388 0 0 0.227381 0.485665
0.173575 1 5.69057 0.0313934 0.0691274
0.316235 1 0.702448 0.0286018 0.0672272
0.457942 1 0.449906 0.0278083 0.0742189
0.599917 1 0.326912 0.0275233 0.0797387
0.741743 1 0.256355 0.0274089 0.0837811
0.883125 1 0.212841 0.0273785 0.0870439
1.02482 1 0.183485 0.0274067 0.0896584
1.16661 1 0.162204 0.0274603 0.0916992
1.30849 1 0.146029 0.0275195 0.093288
1.45006 1 0.133199 0.0275773 0.0945619
1.59182 1 0.122668 0.0276197 0.0955485
1.73326 1 0.113879 0.0276574 0.0964994
1.87489 1 0.106476 0.0276894 0.0972808
2.01645 1 0.100172 0.0277161 0.0978968
2.15787 1 0.0947125 0.0277414 0.0983924
2.29944 1 0.0899297 0.0277589 0.0987664
2.44097 1 0.0856825 0.0277786 0.0990734
2.58256 1 0.0818797 0.0277965 0.0993166
2.7241 1 0.078441 0.02781 0.09955
2.8657 1 0.0753089 0.0278242 0.0997912
3.00768 1 0.0724438 0.0278387 0.100014
3.14898 1 0.0698179 0.0278511 0.100209
3.29053 1 0.0673998 0.0278624 0.100372
3.43185 1 0.0651637 0.0278739 0.100527
3.57375 1 0.0630887 0.0278846 0.100658
3.71524 1 0.061161 0.0278941 0.100774
3.85648 1 0.0593604 0.0279035 0.100873
3.99795 1 0.0576675 0.027913 0.100963
4.13923 1 0.0560721 0.0279195 0.10102
4.28099 1 0.0545672 0.0279257 0.101072
4.42209 1 0.0531406 0.0279316 0.101116
4.56351 1 0.0517835 0.0279378 0.101152
4.70467 1 0.0504927 0.0279444 0.101188
4.84649 1 0.0492641 0.0279502 0.101217
4.98814 1 0.048092 0.0279558 0.101244
5.12948 1 0.0469683 0.0279598 0.101258
5.271 1 0.0458923 0.0279646 0.101272
5.41272 1 0.044862 0.0279691 0.101284
5.55422 1 0.0438691 0.0279734 0.101299
5.69562 1 0.0429146 0.0279777 0.101309
5.83691 1 0.0419966 0.0279819 0.101317
5.97852 1 0.0411126 0.0279858 0.101322
6.11995 1 0.0402581 0.0279889 0.101324
6.26148 1 0.0394305 0.0279925 0.10133
6.40297 1 0.0386302 0.0279961 0.101332
6.54433 1 0.0378551 0.027999 0.10133
6.68576 1 0.0371043 0.0280023 0.101329
6.82765 1 0.0363776 0.0280055 0.101327
6.96878 1 0.0356735 0.0280085 0.101325
7.11046 1 0.0349883 0.0280121 0.101331
7.25237 1 0.0343225 0.0280152 0.101332
7.39378 1 0.0336762 0.028018 0.10133
7.53563 1 0.0330467 0.0280197 0.101313
7.67698 1 0.0324339 0.0280219 0.101303
7.81835 1 0.0318381 0.0280243 0.101296
7.95961 1 0.0312561 0.0280272 0.101292
8.10068 1 0.0306886 0.0280297 0.101287
8.24209 1 0.0301365 0.0280321 0.101282
8.38364 1 0.0295989 0.0280344 0.101277
8.52522 1 0.0290751 0.0280366 0.101274
