0.00208242 0 0 0.233125 0.465305
0.173274 1 6.83008 0.0555653 0.159462
0.314511 1 1.28334 0.052229 0.1555
0.457095 1 0.686327 0.0513551 0.152702
0.599192 1 0.479533 0.0509952 0.150426
0.741625 1 0.378405 0.0507458 0.14892
0.883716 1 0.322738 0.0506256 0.147827
1.02615 1 0.284922 0.0505235 0.146599
1.16834 1 0.256436 0.0504483 0.145636
1.31034 1 0.233389 0.0503865 0.144569
1.45645 1 0.214461 0.0503393 0.144076
1.59842 1 0.198887 0.0503189 0.144003
1.74097 1 0.185907 0.0503129 0.1441
1.88292 1 0.174882 0.0503246 0.144166
2.02537 1 0.165227 0.050328 0.144206
2.16736 1 0.156608 0.05033 0.144261
2.30986 1 0.148936 0.0503311 0.144267
2.45429 1 0.141983 0.05034 0.144304
2.59657 1 0.135638 0.0503486 0.144321
2.73888 1 0.129891 0.0503574 0.144323
2.88078 1 0.124657 0.0503703 0.144334
3.02312 1 0.1198 0.0503815 0.14435
3.16551 1 0.115354 0.0503936 0.144337
3.30744 1 0.111267 0.0504062 0.144333
3.44951 1 0.107481 0.0504186 0.144312
3.59135 1 0.103958 0.0504289 0.144369
3.73352 1 0.100657 0.0504391 0.144482
3.87574 1 0.0975542 0.0504495 0.14459
4.01785 1 0.0946258 0.0504588 0.144686
4.15989 1 0.0918667 0.050467 0.144768
4.30202 1 0.0892764 0.0504742 0.144842
4.44453 1 0.0868322 0.0504807 0.144922
4.58634 1 0.0845165 0.0504873 0.144995
4.72875 1 0.082313 0.0504905 0.145052
4.87085 1 0.0802134 0.0504941 0.145112
5.01349 1 0.0782074 0.0504986 0.145169
5.15533 1 0.0762937 0.0505033 0.14522
5.2972 1 0.0744646 0.0505075 0.145266
5.43924 1 0.0727112 0.0505115 0.145309
5.58141 1 0.0710225 0.0505134 0.145349
5.72362 1 0.0693973 0.0505182 0.145388
5.86556 1 0.0678319 0.0505231 0.145432
6.00777 1 0.0663237 0.050528 0.145468
6.14963 1 0.0648713 0.0505316 0.145501
6.29185 1 0.0634707 0.0505361 0.145532
6.43409 1 0.0621159 0.0505387 0.145557
6.57619 1 0.0608067 0.0505418 0.145584
6.71833 1 0.0595409 0.0505444 0.145607
6.86041 1 0.0583169 0.0505474 0.145632
7.00274 1 0.0571314 0.0505523 0.145657
7.14459 1 0.0559829 0.0505555 0.14568
7.28655 1 0.0548697 0.0505579 0.145702
7.42883 1 0.0537896 0.0505608 0.145723
7.5707 1 0.0527408 0.050563 0.145744
7.7129 1 0.051722 0.050565 0.145764
7.85507 1 0.0507325 0.0505673 0.145784
7.99753 1 0.0497708 0.0505696 0.145803
8.13934 1 0.0488346 0.0505725 0.145823
8.28153 1 0.047922 0.0505758 0.145841
8.42372 1 0.0470337 0.0505783 0.145859
8.56581 1 0.0461689 0.0505805 0.145877
8.70793 1 0.0453266 0.0505826 0.145895
8.84995 1 0.0445058 0.0505845 0.145912
8.99234 1 0.0437056 0.0505865 0.145929
9.13427 1 0.0429252 0.0505884 0.145946
9.27651 1 0.0421637 0.0505902 0.145963
9.41844 1 0.0414205 0.050592 0.14598
9.56039 1 0.0406945 0.0505937 0.145996
9.70251 1 0.0399855 0.0505954 0.146012
9.84462 1 0.0392928 0.050597 0.146029
9.98892 1 0.0386155 0.0505987 0.146045
10.1415 1 0.0379534 0.0506004 0.146061
10.2836 1 0.0373051 0.0506022 0.146076
10.4259 1 0.0366708 0.0506038 0.146092
10.5679 1 0.0360505 0.0506054 0.146108
10.71 1 0.0354425 0.0506066 0.146123
10.8518 1 0.0348473 0.050608 0.146139
10.9946 1 0.0342648 0.0506095 0.146154
11.1364 1 0.0336947 0.0506109 0.14617
11.2785 1 0.0331365 0.0506123 0.146185
11.4205 1 0.0325898 0.0506136 0.146199
11.5624 1 0.0320543 0.050615 0.146214
11.7045 1 0.0315297 0.0506163 0.146229
11.8465 1 0.0310156 0.0506176 0.146243
11.9886 1 0.0305117 0.0506189 0.146258
12.1309 1 0.0300178 0.0506201 0.146272
12.2731 1 0.0295335 0.0506214 0.146286
12.4152 1 0.0290587 0.0506226 0.1463
12.5571 1 0.028593 0.0506238 0.146314
12.6993 1 0.0281362 0.050625 0.146328
12.8412 1 0.027688 0.0506261 0.146342
12.9834 1 0.0272484 0.0506273 0.146355
13.1254 1 0.0268168 0.0506283 0.146369
13.2673 1 0.0263931 0.0506294 0.146382
13.4092 1 0.0259773 0.0506304 0.146396
13.5511 1 0.0255692 0.0506315 0.146409
13.6931 1 0.0251685 0.0506325 0.146422
13.835 1 0.024775 0.0506336 0.146435
13.9773 1 0.0243887 0.0506346 0.146449
14.1192 1 0.0240093 0.0506356 0.146462
14.2614 1 0.0236367 0.0506366 0.146474
