0.00210807 0 0 0.426153 0.933265
0.175421 1 0.459109 0.0846579 0.189878
0.317628 1 2.98214 0.0776714 0.210616
0.457612 1 1.28112 0.0773125 0.221297
0.597205 1 0.803626 0.0771113 0.223435
0.736715 1 0.587288 0.0771462 0.224077
0.877884 1 0.475477 0.0772687 0.224569
1.01729 1 0.409627 0.0773885 0.224808
1.15718 1 0.364979 0.0774876 0.224899
1.29653 1 0.331566 0.0775539 0.224822
1.43732 1 0.304764 0.0776051 0.224844
1.57692 1 0.282595 0.0776559 0.224822
1.71627 1 0.263941 0.077702 0.224875
1.85597 1 0.247948 0.0777369 0.224972
1.99629 1 0.233967 0.077765 0.225087
2.13613 1 0.221509 0.077785 0.225172
2.27557 1 0.210499 0.0778053 0.225312
2.415 1 0.200612 0.0778241 0.225464
2.55445 1 0.191729 0.0778416 0.225603
2.69479 1 0.183604 0.0778604 0.225734
2.83411 1 0.176117 0.0778691 0.225824
2.9736 1 0.169271 0.0778806 0.225926
3.11314 1 0.162967 0.0778895 0.226017
3.25392 1 0.157085 0.0778971 0.226099
3.39353 1 0.151603 0.0779071 0.226189
3.53296 1 0.146446 0.0779152 0.226262
3.67269 1 0.141662 0.0779231 0.226334
3.8131 1 0.137181 0.0779293 0.226385
3.95269 1 0.132968 0.0779369 0.22644
4.09237 1 0.129005 0.077945 0.226489
4.23181 1 0.125272 0.0779493 0.226526
4.37159 1 0.121725 0.0779552 0.226564
4.51225 1 0.118366 0.0779614 0.226601
4.65165 1 0.115203 0.0779668 0.226632
4.79092 1 0.112209 0.077971 0.226657
4.93047 1 0.10936 0.0779757 0.226686
5.07091 1 0.106647 0.0779804 0.226708
5.21042 1 0.104053 0.077984 0.226727
5.34983 1 0.101572 0.0779881 0.22675
5.48937 1 0.0991985 0.0779913 0.226769
5.6303 1 0.096913 0.0779939 0.226785
5.77027 1 0.094705 0.0779967 0.226803
5.90977 1 0.0925779 0.0779992 0.226818
6.04906 1 0.0905311 0.0780021 0.226833
6.18991 1 0.0885566 0.0780041 0.226845
6.32918 1 0.0866502 0.0780075 0.226859
6.46847 1 0.0848104 0.0780107 0.226871
6.60789 1 0.0830359 0.0780134 0.226882
6.74712 1 0.0813225 0.078016 0.226891
6.88778 1 0.0796601 0.0780179 0.226899
7.02698 1 0.0780435 0.0780201 0.226908
7.16658 1 0.0764735 0.0780229 0.226918
7.3064 1 0.0749471 0.0780254 0.226926
7.44698 1 0.0734649 0.078027 0.226933
7.58655 1 0.0720237 0.0780295 0.22694
7.72582 1 0.0706243 0.0780317 0.226946
7.86552 1 0.0692657 0.0780338 0.226951
8.00602 1 0.0679433 0.078035 0.226955
8.14571 1 0.0666572 0.078037 0.226961
8.28505 1 0.0654062 0.0780389 0.226966
8.42449 1 0.064188 0.0780406 0.22697
8.56377 1 0.0630003 0.0780425 0.226974
8.70425 1 0.0618426 0.0780442 0.226977
8.84369 1 0.0607141 0.0780459 0.22698
8.98311 1 0.0596124 0.0780485 0.226985
9.12263 1 0.058537 0.07805 0.226985
9.26293 1 0.0574875 0.0780515 0.226987
9.4026 1 0.0564629 0.0780529 0.226989
9.54179 1 0.0554623 0.0780543 0.226991
9.68126 1 0.0544848 0.0780557 0.226993
9.82076 1 0.053528 0.0780563 0.226993
9.96018 1 0.0525922 0.0780577 0.226996
10.0997 1 0.0516773 0.078059 0.226998
10.2395 1 0.0507827 0.0780602 0.226998
10.3789 1 0.0499077 0.0780614 0.226999
10.518 1 0.0490516 0.0780626 0.226999
10.6575 1 0.0482139 0.0780638 0.226999
10.7967 1 0.047394 0.0780649 0.226998
10.9362 1 0.0465914 0.078066 0.226998
11.0756 1 0.0458054 0.078067 0.226997
11.2154 1 0.0450357 0.0780681 0.226997
11.3588 1 0.0442817 0.0780691 0.226996
11.4981 1 0.0435431 0.0780701 0.226995
11.6377 1 0.0428193 0.0780711 0.226994
11.7769 1 0.04211 0.0780721 0.226993
11.9166 1 0.0414147 0.078073 0.226991
12.0558 1 0.0407332 0.0780739 0.22699
12.1958 1 0.040065 0.0780749 0.226988
12.335 1 0.0394096 0.0780759 0.226987
12.4743 1 0.0387668 0.0780768 0.226985
12.6137 1 0.0381364 0.0780777 0.226983
12.753 1 0.037518 0.0780785 0.226981
12.8924 1 0.0369114 0.0780794 0.226979
13.0316 1 0.0363158 0.0780803 0.226978
13.1712 1 0.0357312 0.0780812 0.226975
13.3104 1 0.0351576 0.0780821 0.226973
13.45 1 0.0345947 0.0780829 0.226971
13.5895 1 0.0340423 0.0780837 0.226969
13.7287 1 0.0335 0.0780845 0.226966
13.8682 1 0.0329676 0.0780852 0.226964
14.0076 1 0.032445 0.078086 0.226961
