0.00212562 0 0 0.249248 0.510481
0.172908 1 8.85782 0.0305224 0.0640782
0.313204 1 0.314426 0.0294261 0.0613984
0.454669 1 0.216465 0.0289011 0.0606031
0.596119 1 0.173628 0.0285569 0.0604345
0.737587 1 0.147812 0.0283168 0.060353
0.879133 1 0.130151 0.028148 0.0603296
1.02038 1 0.117292 0.0280343 0.0603286
1.16216 1 0.107588 0.0279608 0.0603384
1.30777 1 0.099802 0.027905 0.0603967
1.44902 1 0.0932436 0.0278725 0.0604706
1.59091 1 0.0877674 0.0278574 0.0605446
1.73259 1 0.0830143 0.0278449 0.0605896
1.87402 1 0.078811 0.0278384 0.0606319
2.01554 1 0.0751045 0.0278365 0.0606596
2.15719 1 0.0718197 0.0278332 0.0606808
2.29888 1 0.0688789 0.0278312 0.0606986
2.44056 1 0.0661969 0.0278292 0.0607147
2.58201 1 0.0637215 0.0278289 0.0607303
2.7237 1 0.0614419 0.027831 0.0607497
2.86497 1 0.059337 0.0278325 0.0607525
3.00757 1 0.0573849 0.0278374 0.0607822
3.15032 1 0.0555749 0.0278408 0.0607936
3.29289 1 0.0538912 0.0278442 0.0608005
3.43588 1 0.0523092 0.0278472 0.0608141
3.57897 1 0.050812 0.0278496 0.0608305
3.72198 1 0.0493954 0.0278525 0.0608448
3.86481 1 0.0480539 0.0278556 0.0608627
4.00716 1 0.046783 0.0278583 0.060873
4.15027 1 0.0455793 0.0278614 0.0608813
4.29299 1 0.0444358 0.0278634 0.0608871
4.43577 1 0.0433461 0.0278666 0.0608978
4.57859 1 0.0423076 0.0278694 0.060905
4.72138 1 0.0413165 0.0278722 0.060912
4.86435 1 0.0403688 0.0278749 0.0609193
5.00743 1 0.039461 0.0278775 0.0609267
5.15006 1 0.0385898 0.0278799 0.0609331
5.2923 1 0.0377527 0.0278824 0.0609401
5.43486 1 0.0369475 0.0278848 0.060947
5.57756 1 0.0361715 0.0278867 0.0609533
5.72046 1 0.0354232 0.0278889 0.0609597
5.86309 1 0.034701 0.027891 0.060986
