0.00208521 0 0 0.111979 0.288098
0.169861 1 1.48449 0.0346564 0.0849689
0.310178 1 1.11336 0.0306437 0.082376
0.4516 1 0.526197 0.0287365 0.0807296
0.593072 1 0.329085 0.0279467 0.0798713
0.734313 1 0.253113 0.0275817 0.0804457
0.875732 1 0.209201 0.027394 0.0808917
1.01693 1 0.180728 0.027314 0.0814461
1.15869 1 0.161316 0.0273081 0.0821992
1.3078 1 0.14627 0.027323 0.0829759
1.4493 1 0.133833 0.0273412 0.0837892
1.59072 1 0.12315 0.0273602 0.0844598
1.73262 1 0.113993 0.0273902 0.08503
1.87398 1 0.106016 0.0274228 0.085496
2.01533 1 0.0991087 0.0274542 0.0859086
2.1568 1 0.0931672 0.0274789 0.0863533
2.29788 1 0.0879371 0.0275078 0.086811
2.4393 1 0.0834104 0.0275287 0.0871883
2.58064 1 0.0794254 0.0275449 0.0875002
2.72194 1 0.0758593 0.0275559 0.0877737
2.86346 1 0.0726434 0.0275687 0.0881007
3.00468 1 0.0696936 0.027586 0.0884421
3.14607 1 0.0669938 0.0275973 0.0887479
3.28742 1 0.0645118 0.0276094 0.0889975
3.42921 1 0.062209 0.0276214 0.0892189
3.57037 1 0.0600695 0.0276296 0.0894176
3.71149 1 0.0580848 0.0276372 0.0896309
3.85301 1 0.0562331 0.0276459 0.0898289
3.99435 1 0.0544866 0.0276561 0.0900248
4.13568 1 0.0528422 0.0276652 0.0902629
4.277 1 0.0512826 0.0276728 0.0904767
4.41839 1 0.0498081 0.0276828 0.0907571
4.55947 1 0.0484222 0.0276914 0.0910181
4.70063 1 0.047116 0.0276978 0.0912484
4.84196 1 0.0458893 0.0277025 0.0914475
4.98303 1 0.0447311 0.0277062 0.0916255
5.12438 1 0.0436263 0.0277104 0.0917962
5.26568 1 0.0425756 0.0277142 0.0919526
5.40722 1 0.0415751 0.0277178 0.0920984
5.5524 1 0.0406198 0.0277212 0.0922358
5.69381 1 0.0397056 0.0277244 0.0923658
5.8351 1 0.038829 0.0277275 0.092489
5.97643 1 0.037987 0.0277304 0.0926062
