0.00211603 0 0 0.0405456 0.11346
0.170889 1 0.425239 0.0127057 0.0560991
0.311338 1 0.210636 0.0105545 0.0429994
0.452876 1 0.117196 0.00982781 0.0392776
0.594506 1 0.0853365 0.00948727 0.0380723
0.736127 1 0.0687431 0.00931207 0.0376852
0.877579 1 0.0587574 0.00921154 0.0375138
1.01913 1 0.0518766 0.00914003 0.0373292
1.16081 1 0.0464856 0.00908406 0.0372419
1.30262 1 0.042209 0.00904492 0.037166
1.44398 1 0.0387609 0.00901946 0.0370976
1.58564 1 0.0360786 0.00900281 0.0370277
1.7272 1 0.0339475 0.00899596 0.0369635
1.86896 1 0.0322162 0.00899178 0.0369045
2.01047 1 0.030741 0.00898855 0.0368495
2.15199 1 0.0294484 0.00898696 0.0368004
2.29354 1 0.0283003 0.00898618 0.0367508
2.43507 1 0.0272616 0.00898545 0.0366956
2.57648 1 0.0263178 0.00898687 0.0366538
2.71802 1 0.0254538 0.00898806 0.0366137
2.85952 1 0.0246555 0.00898911 0.036575
3.00103 1 0.0239126 0.00899 0.0365497
3.1426 1 0.0232185 0.00899135 0.0365505
3.28435 1 0.0225676 0.00899281 0.0365489
3.4257 1 0.0219552 0.00899474 0.0365503
3.5673 1 0.0213774 0.00899691 0.0365577
