0.00230202 0 0 0.196662 0.437875
0.170922 1 5.41692 0.033484 0.107819
0.311924 1 0.763266 0.0301065 0.106144
0.451454 1 0.411321 0.0290031 0.104835
0.5911 1 0.284794 0.0284717 0.103595
0.73045 1 0.221429 0.0281667 0.102627
0.870068 1 0.182069 0.0279713 0.101748
1.00943 1 0.155082 0.0278441 0.100848
1.1492 1 0.136525 0.0277666 0.100179
1.2886 1 0.122871 0.0277242 0.099627
1.42809 1 0.112228 0.0277028 0.0992085
1.56761 1 0.103499 0.0276857 0.0987887
1.71103 1 0.0962669 0.0276771 0.0984745
1.85072 1 0.0900843 0.0276637 0.0981222
1.99011 1 0.0847344 0.0276576 0.0978578
2.12971 1 0.0800684 0.0276561 0.0976695
2.26904 1 0.0759651 0.0276585 0.0974419
2.40863 1 0.0723493 0.0276644 0.0973365
2.54801 1 0.0691183 0.0276664 0.0972813
2.68744 1 0.0662198 0.0276749 0.0972802
2.82698 1 0.063604 0.0276839 0.0972939
2.96627 1 0.061203 0.0276898 0.0972725
3.10575 1 0.0589984 0.0276988 0.097282
3.24516 1 0.0569758 0.0277058 0.0973059
3.3847 1 0.0550972 0.0277099 0.0973088
3.5241 1 0.0533417 0.0277121 0.0973033
3.66341 1 0.0517138 0.0277174 0.097324
3.80289 1 0.0501963 0.027722 0.0973465
3.94245 1 0.0487654 0.0277254 0.0973619
4.08189 1 0.0474104 0.0277277 0.097359
4.22136 1 0.0461306 0.027733 0.0973742
4.36077 1 0.0449186 0.0277374 0.097393
4.50021 1 0.0437724 0.0277419 0.0974154
4.6399 1 0.0426825 0.0277449 0.0974335
4.7792 1 0.0416422 0.0277482 0.0974533
4.91884 1 0.0406484 0.0277515 0.0974714
5.05812 1 0.0396998 0.0277549 0.0974885
5.19737 1 0.0387935 0.0277585 0.097504
5.33678 1 0.0379232 0.0277608 0.0975133
5.47582 1 0.0370868 0.0277635 0.0975262
5.61525 1 0.0362831 0.0277664 0.0975375
5.75429 1 0.0355107 0.0277694 0.0975472
5.89373 1 0.0347677 0.0277721 0.0975547
6.0327 1 0.0340521 0.0277748 0.097561
