0.00237789 0 0 0.0874411 0.35162
0.174147 1 1.14946 0.0266575 0.113601
0.31504 1 0.768107 0.0228304 0.110578
0.456963 1 0.316315 0.0214473 0.10913
0.598865 1 0.201125 0.020741 0.106671
0.740874 1 0.159546 0.02029 0.104847
0.882855 1 0.136202 0.0199292 0.103585
1.02481 1 0.120874 0.0196835 0.102647
1.16718 1 0.109921 0.0195187 0.101919
1.31298 1 0.101355 0.0193975 0.101449
1.45499 1 0.0942608 0.0193021 0.1011
1.59698 1 0.0883341 0.0192286 0.100834
1.73917 1 0.0832632 0.0191848 0.100669
1.88099 1 0.0788956 0.0191679 0.100605
2.0232 1 0.0750446 0.0191557 0.100579
2.1655 1 0.071609 0.0191452 0.100574
2.30746 1 0.0685326 0.0191511 0.100601
2.44941 1 0.065735 0.0191528 0.100594
2.59112 1 0.0631885 0.0191603 0.100623
2.73321 1 0.060844 0.0191711 0.100664
2.87493 1 0.0586938 0.0191809 0.100682
3.01697 1 0.0566913 0.0191845 0.100664
3.1592 1 0.0548302 0.0191911 0.100658
3.30169 1 0.0531032 0.0191987 0.100655
3.44357 1 0.0514898 0.0192073 0.10065
3.58551 1 0.0499775 0.0192149 0.100644
3.72761 1 0.0485489 0.0192197 0.100637
3.86943 1 0.0471862 0.019227 0.100628
4.01154 1 0.0458801 0.0192303 0.100598
4.15337 1 0.0446416 0.0192365 0.100591
4.29609 1 0.0434672 0.0192437 0.10059
4.43811 1 0.0423517 0.0192497 0.100584
4.57981 1 0.041291 0.0192552 0.100576
4.72185 1 0.0402804 0.0192605 0.100566
4.86371 1 0.0393155 0.0192655 0.100554
5.00576 1 0.0383928 0.0192702 0.10054
5.14703 1 0.037509 0.0192747 0.100526
5.28894 1 0.0366614 0.019279 0.10051
5.43015 1 0.0358464 0.0192828 0.100494
5.57147 1 0.0350621 0.0192868 0.100476
5.7129 1 0.0343073 0.0192907 0.100457
