0.00212542 0 0 0.032857 0.0946369
0.172361 1 0.338545 0.0116763 0.0714447
0.312408 1 0.20529 0.0096737 0.0638262
0.451241 1 0.110104 0.00886054 0.0592563
0.590044 1 0.0749411 0.00844838 0.0562814
0.728916 1 0.0568087 0.00818797 0.0540024
0.867864 1 0.0459307 0.0080078 0.052294
1.00645 1 0.038777 0.00787159 0.0508675
1.14534 1 0.0337401 0.00778134 0.0498382
1.28384 1 0.0299645 0.00770744 0.04893
1.4265 1 0.027075 0.00764981 0.0482123
1.56502 1 0.0248342 0.00761177 0.0476957
1.70372 1 0.0230335 0.00758614 0.047327
1.84236 1 0.0215449 0.00756315 0.0469766
1.98103 1 0.020258 0.007541 0.0466653
2.11988 1 0.0191344 0.00752577 0.0463793
2.2584 1 0.0181743 0.00751764 0.0462129
2.3971 1 0.0173438 0.0075126 0.0460883
2.53568 1 0.0165978 0.00750677 0.0459429
2.67448 1 0.0159219 0.00750328 0.0458641
2.81296 1 0.0153106 0.00750191 0.0458189
2.95182 1 0.0147458 0.00750199 0.0457967
3.09032 1 0.0142331 0.00750405 0.0457955
3.229 1 0.0137555 0.00750572 0.0458004
3.36786 1 0.0133138 0.00750788 0.0458171
3.50655 1 0.0129091 0.00751029 0.0458408
3.64518 1 0.0125352 0.00751288 0.0458694
3.7837 1 0.0121869 0.00751549 0.0459002
3.9224 1 0.011861 0.0075181 0.0459325
4.06095 1 0.0115544 0.00752059 0.0459656
