0.00212432 0 0 0.215626 0.427979
0.170199 1 5.02444 0.0731928 0.168013
0.311372 1 1.28367 0.0759421 0.16505
0.453798 1 0.739223 0.0763243 0.162967
0.59601 1 0.561841 0.0764292 0.162597
0.73829 1 0.462896 0.0764917 0.162879
0.880389 1 0.396316 0.0765831 0.163466
1.02257 1 0.346161 0.0766621 0.164077
1.16482 1 0.305592 0.0767302 0.164585
1.30691 1 0.273565 0.0767944 0.165039
1.44898 1 0.24786 0.0768571 0.165294
1.59093 1 0.226407 0.0769104 0.165539
1.73313 1 0.208503 0.0769635 0.16586
1.87512 1 0.193369 0.077009 0.16606
2.0174 1 0.180409 0.0770433 0.166163
2.1594 1 0.16912 0.0770689 0.166205
2.30143 1 0.159179 0.0770944 0.166327
2.44367 1 0.150362 0.0771172 0.166427
2.58566 1 0.142461 0.0771372 0.166491
2.72791 1 0.135438 0.0771493 0.166545
2.86991 1 0.129162 0.0771609 0.166611
3.0123 1 0.123488 0.0771745 0.166694
3.15444 1 0.11826 0.0771878 0.16673
3.29674 1 0.113469 0.0772015 0.166759
3.43874 1 0.109067 0.0772129 0.166756
3.58081 1 0.104955 0.0772252 0.166835
3.72293 1 0.101154 0.0772339 0.166871
3.86482 1 0.0976421 0.0772444 0.166943
4.00699 1 0.0943871 0.0772522 0.166989
4.14887 1 0.0913421 0.0772568 0.16703
4.2909 1 0.0885001 0.0772621 0.167057
4.43305 1 0.0858428 0.0772663 0.167077
4.57496 1 0.0833358 0.0772709 0.167085
4.71728 1 0.0809521 0.0772744 0.167104
4.85915 1 0.0786948 0.0772808 0.16711
5.00146 1 0.0765478 0.0772841 0.167109
5.14339 1 0.0744976 0.0772882 0.167114
5.28517 1 0.0725518 0.0772929 0.167111
5.42715 1 0.0706792 0.0772951 0.167096
5.56882 1 0.068885 0.0772976 0.167082
5.71069 1 0.067161 0.0772978 0.167075
5.85236 1 0.0655061 0.077299 0.167064
5.99445 1 0.0639271 0.0773019 0.167049
6.14006 1 0.0624145 0.0773046 0.167039
6.28184 1 0.0609662 0.0773065 0.16702
6.42367 1 0.0595792 0.0773091 0.167004
6.56531 1 0.0582434 0.0773124 0.166996
6.70735 1 0.0569536 0.0773141 0.166979
6.84902 1 0.0557086 0.0773158 0.166964
6.99076 1 0.0545073 0.0773175 0.166948
7.13263 1 0.0533479 0.0773193 0.166937
7.27444 1 0.0522182 0.0773208 0.166932
7.41617 1 0.051124 0.0773224 0.166916
7.55785 1 0.0500608 0.0773239 0.166927
7.69964 1 0.0490328 0.0773258 0.166936
7.84134 1 0.0480326 0.0773276 0.166949
7.98316 1 0.0470598 0.0773285 0.166957
8.1249 1 0.046115 0.0773301 0.166963
8.26667 1 0.0451998 0.0773317 0.166973
8.40847 1 0.0443134 0.0773332 0.166985
8.55024 1 0.0434537 0.0773349 0.167
8.69252 1 0.0426198 0.0773365 0.167011
8.8341 1 0.0418102 0.077338 0.167023
8.97586 1 0.0410187 0.0773385 0.167034
9.11795 1 0.0402468 0.0773398 0.16705
9.25986 1 0.039493 0.0773404 0.16706
9.40163 1 0.0387587 0.0773418 0.167073
9.54337 1 0.038042 0.0773431 0.167083
9.68522 1 0.0373447 0.0773445 0.167096
9.82685 1 0.0366664 0.0773457 0.16711
9.96884 1 0.0360055 0.0773471 0.167124
10.1106 1 0.0353614 0.0773482 0.167138
10.2524 1 0.0347325 0.0773495 0.167155
10.3942 1 0.0341173 0.0773504 0.167169
10.536 1 0.0335168 0.0773516 0.167184
10.678 1 0.0329312 0.0773526 0.167197
10.8196 1 0.0323598 0.0773536 0.167209
10.9614 1 0.0318019 0.0773546 0.167222
11.103 1 0.031257 0.0773556 0.167235
11.2451 1 0.0307247 0.0773565 0.167249
11.3868 1 0.0302044 0.0773574 0.167262
11.5285 1 0.0296957 0.0773583 0.167276
11.6702 1 0.0291982 0.0773591 0.167289
11.8118 1 0.0287115 0.07736 0.167303
11.9536 1 0.0282353 0.0773608 0.167317
12.0953 1 0.0277689 0.0773613 0.167331
12.2374 1 0.0273121 0.0773623 0.167347
12.3791 1 0.0268646 0.0773632 0.167361
12.521 1 0.0264263 0.077364 0.167374
12.6629 1 0.0259971 0.0773648 0.167387
12.8046 1 0.0255765 0.0773655 0.1674
12.9465 1 0.0251644 0.0773663 0.167414
13.0881 1 0.0247602 0.0773673 0.16743
13.2302 1 0.024364 0.0773681 0.167443
13.372 1 0.0239755 0.0773688 0.167455
13.5138 1 0.0235946 0.0773695 0.167468
13.6554 1 0.023221 0.0773702 0.16748
13.7971 1 0.0228546 0.0773709 0.167493
13.9389 1 0.0224951 0.0773715 0.167505
14.0806 1 0.0221424 0.0773722 0.167518
14.2224 1 0.0217963 0.0773728 0.167531
