0.00211996 0 0 0.210291 0.438465
0.170965 1 0.126268 0.263226 0.551402
0.313058 1 3.39506 0.25908 0.52813
0.453654 1 1.32964 0.258242 0.523301
0.594229 1 0.85946 0.25798 0.521375
0.734837 1 0.63997 0.257943 0.52037
0.875318 1 0.508496 0.257956 0.519719
1.01568 1 0.4249 0.257991 0.519301
1.15582 1 0.367728 0.25801 0.519003
1.29624 1 0.325788 0.258024 0.518809
1.43656 1 0.29313 0.258039 0.518691
1.57683 1 0.266333 0.258046 0.518599
1.71721 1 0.244341 0.258047 0.518521
1.85726 1 0.226249 0.258047 0.518478
1.99766 1 0.211124 0.258043 0.518446
2.13789 1 0.198434 0.258044 0.518424
2.28205 1 0.187385 0.258043 0.518404
2.42225 1 0.177783 0.258046 0.518387
2.56265 1 0.169381 0.258045 0.51837
2.70315 1 0.16195 0.258044 0.518353
2.84318 1 0.155216 0.258046 0.518338
2.98346 1 0.149116 0.258047 0.518325
3.1235 1 0.143586 0.258046 0.518311
3.26395 1 0.138504 0.258045 0.518295
3.40407 1 0.133823 0.258045 0.518281
3.5443 1 0.129485 0.258047 0.518268
3.68456 1 0.125441 0.258044 0.518252
3.82466 1 0.121668 0.258045 0.518237
3.96503 1 0.118139 0.258045 0.518223
4.1051 1 0.114824 0.258046 0.518208
4.24552 1 0.111692 0.258048 0.518195
4.38563 1 0.10873 0.25805 0.51818
4.52585 1 0.105911 0.258051 0.518168
4.66781 1 0.103228 0.258053 0.518155
4.80921 1 0.100678 0.258053 0.518141
4.94953 1 0.0982471 0.258055 0.518129
5.08934 1 0.0959245 0.258057 0.518117
5.22924 1 0.0936925 0.258057 0.518105
5.36936 1 0.0915455 0.258058 0.518094
5.50941 1 0.0894795 0.258061 0.518083
5.64919 1 0.0874973 0.258062 0.51807
5.78911 1 0.0855918 0.258062 0.51806
5.92892 1 0.0837576 0.258064 0.518049
6.06866 1 0.0819938 0.258064 0.518038
6.20881 1 0.0802881 0.258065 0.518029
6.34854 1 0.0786367 0.258065 0.518018
6.48865 1 0.0770429 0.258066 0.518009
6.62866 1 0.0754972 0.258068 0.518
6.7685 1 0.0740021 0.258068 0.517987
6.90819 1 0.072555 0.258069 0.517978
7.04811 1 0.0711536 0.258069 0.517967
7.18787 1 0.0697938 0.25807 0.51796
7.32758 1 0.0684741 0.258071 0.517952
7.46758 1 0.0671909 0.258071 0.517944
7.60735 1 0.06594 0.258072 0.517937
7.74722 1 0.064724 0.258072 0.517929
7.88694 1 0.0635426 0.258072 0.517921
8.02697 1 0.0623938 0.258073 0.517914
8.16688 1 0.0612734 0.258074 0.517907
8.30673 1 0.060182 0.258074 0.517899
8.44662 1 0.0591191 0.258074 0.517892
8.58636 1 0.0580785 0.258076 0.517886
8.72662 1 0.0570579 0.258078 0.517879
8.86647 1 0.0560634 0.258078 0.517871
9.00636 1 0.0550943 0.258079 0.517865
9.14601 1 0.0541485 0.258079 0.517858
9.28598 1 0.0532255 0.258079 0.517852
9.42572 1 0.0523245 0.25808 0.517846
9.56566 1 0.0514444 0.25808 0.51784
9.70559 1 0.0505845 0.25808 0.517834
9.84525 1 0.049744 0.258081 0.517828
9.98527 1 0.0489221 0.258081 0.517822
10.1252 1 0.0481181 0.258081 0.517816
10.2651 1 0.0473315 0.258081 0.51781
10.4048 1 0.0465616 0.258082 0.517805
10.5446 1 0.0458078 0.258082 0.517799
10.6847 1 0.0450697 0.258082 0.517794
10.8243 1 0.0443462 0.258082 0.517789
10.9643 1 0.0436371 0.258083 0.517783
11.104 1 0.0429424 0.258083 0.517778
11.2439 1 0.0422615 0.258083 0.517774
11.3837 1 0.0415941 0.258083 0.517769
11.5235 1 0.0409397 0.258083 0.517764
11.6632 1 0.0402972 0.258084 0.51776
11.803 1 0.0396669 0.258084 0.517755
11.9428 1 0.0390487 0.258084 0.517751
12.0826 1 0.0384422 0.258084 0.517746
12.2228 1 0.0378471 0.258085 0.517742
12.3625 1 0.0372631 0.258085 0.517738
12.5024 1 0.0366898 0.258085 0.517734
12.6423 1 0.0361271 0.258085 0.51773
12.7822 1 0.0355746 0.258085 0.517726
12.9221 1 0.0350321 0.258085 0.517722
13.0619 1 0.0344993 0.258086 0.517718
13.2018 1 0.0339759 0.258086 0.517715
13.3415 1 0.0334617 0.258086 0.517711
13.4817 1 0.0329562 0.258086 0.517707
13.6213 1 0.0324595 0.258086 0.517704
13.7612 1 0.0319714 0.258087 0.5177
13.9009 1 0.0314918 0.258087 0.517697
14.0408 1 0.0310205 0.258087 0.517694
