0.00212047 0 0 0.217158 0.45818
0.172515 1 7.43587 0.0292604 0.0615901
0.31401 1 0.310601 0.0280574 0.061784
0.456141 1 0.20762 0.027523 0.0619813
0.598196 1 0.165293 0.0272403 0.0622291
0.740181 1 0.141081 0.027079 0.0624661
0.8821 1 0.124103 0.0269647 0.0627018
1.02429 1 0.111721 0.0268901 0.0629098
1.16643 1 0.102175 0.0268406 0.0630827
1.31201 1 0.0945289 0.0268068 0.0631807
1.45414 1 0.0883031 0.0267913 0.0632974
1.59593 1 0.0831646 0.0267882 0.063389
1.73795 1 0.0787095 0.026787 0.0634208
1.87978 1 0.0748303 0.0267915 0.0634707
2.02181 1 0.0713835 0.0267954 0.0635183
2.16401 1 0.0682794 0.0267989 0.0635784
2.30609 1 0.0654825 0.0268014 0.0636407
2.44808 1 0.0629318 0.0268039 0.0636621
2.58995 1 0.0605877 0.0268096 0.0636713
2.73188 1 0.0584321 0.0268148 0.06367
2.87376 1 0.0564405 0.0268191 0.0636656
3.01568 1 0.0545933 0.0268234 0.0636586
3.15758 1 0.0528662 0.026828 0.0636509
3.29938 1 0.0512521 0.0268313 0.0636415
3.44128 1 0.0497418 0.026834 0.0636326
3.58307 1 0.0483221 0.0268373 0.0636218
3.725 1 0.0469827 0.0268402 0.0636149
3.86682 1 0.0457182 0.0268428 0.0636017
4.0088 1 0.0445189 0.0268461 0.0635895
4.15085 1 0.043381 0.0268488 0.0635758
4.29274 1 0.0422986 0.0268518 0.0635622
4.435 1 0.0412685 0.0268546 0.0635494
4.57688 1 0.0402849 0.0268575 0.0635363
4.71885 1 0.0393432 0.0268604 0.0635234
4.86071 1 0.0384394 0.0268627 0.0635108
5.00264 1 0.0375717 0.0268652 0.0634982
5.14438 1 0.0367397 0.0268676 0.0634858
5.28588 1 0.0359414 0.0268699 0.0634735
