0.00210168 0 0 0.115189 0.298201
0.174943 1 1.35169 0.0361336 0.108933
0.316794 1 0.980741 0.0326566 0.109255
0.456267 1 0.506952 0.0313498 0.109707
0.595898 1 0.345669 0.0307453 0.110542
0.735249 1 0.274849 0.0304332 0.111239
0.874739 1 0.234637 0.0302818 0.111975
1.01397 1 0.206851 0.0301916 0.112517
1.15375 1 0.185647 0.0301467 0.113026
1.29314 1 0.169162 0.0301341 0.113471
1.43257 1 0.156123 0.0301341 0.113728
1.57206 1 0.14536 0.0301506 0.114055
1.71135 1 0.136124 0.0301655 0.114331
1.85081 1 0.128109 0.0301752 0.114484
1.99021 1 0.121079 0.0301911 0.11465
2.13018 1 0.114919 0.0302143 0.114826
2.26945 1 0.109423 0.0302336 0.114944
2.40862 1 0.104494 0.030249 0.115029
2.54837 1 0.100037 0.0302629 0.115094
2.68781 1 0.0960096 0.0302751 0.115139
2.82729 1 0.0923131 0.0302908 0.115199
2.96642 1 0.0889188 0.0303051 0.11523
3.10595 1 0.0858103 0.0303182 0.115259
3.24505 1 0.0829397 0.0303307 0.11527
3.3843 1 0.0802667 0.0303419 0.115255
3.52418 1 0.0777745 0.0303538 0.115247
3.6634 1 0.0754416 0.0303645 0.115224
3.80268 1 0.0732557 0.0303729 0.115182
3.94228 1 0.0711946 0.0303816 0.115138
4.08159 1 0.069251 0.0303886 0.11509
4.22086 1 0.0674108 0.0303952 0.115039
4.36049 1 0.0656623 0.0304014 0.114991
4.50055 1 0.0639984 0.0304074 0.114938
4.64085 1 0.0624154 0.0304134 0.114881
4.78019 1 0.0609053 0.0304186 0.114821
4.91926 1 0.0594624 0.0304239 0.114763
5.05929 1 0.0580806 0.0304287 0.114701
5.19809 1 0.0567569 0.0304336 0.114642
5.34805 1 0.0554864 0.0304381 0.11458
5.49729 1 0.0542654 0.0304426 0.11452
5.63608 1 0.0530905 0.0304468 0.114458
5.77476 1 0.0519588 0.0304509 0.114396
5.9134 1 0.0508675 0.0304548 0.114335
6.05209 1 0.0498124 0.030459 0.114277
6.19075 1 0.0487921 0.0304624 0.114216
6.32938 1 0.0478052 0.0304662 0.114157
6.46787 1 0.0468498 0.0304695 0.114096
6.60698 1 0.0459239 0.0304727 0.114037
6.74554 1 0.0450256 0.0304756 0.113977
6.88435 1 0.0441548 0.0304787 0.113918
7.02298 1 0.0433101 0.0304817 0.11386
7.16162 1 0.0424901 0.0304846 0.113803
7.30034 1 0.0416936 0.0304875 0.113745
7.43894 1 0.0409195 0.0304902 0.113689
7.57774 1 0.0401667 0.0304929 0.113632
7.71638 1 0.0394343 0.0304955 0.113577
7.85508 1 0.0387213 0.030498 0.113522
7.99378 1 0.038027 0.0305004 0.113468
8.13644 1 0.0373505 0.0305028 0.113415
8.275 1 0.0366911 0.0305051 0.113362
8.41352 1 0.0360482 0.0305074 0.113311
8.55224 1 0.0354211 0.0305096 0.11326
8.69116 1 0.0348091 0.0305117 0.11321
8.82987 1 0.0342117 0.0305139 0.113161
8.96834 1 0.0336284 0.0305159 0.113112
9.10698 1 0.0330585 0.0305179 0.113065
9.24549 1 0.0325016 0.0305199 0.113018
9.38416 1 0.0319573 0.0305218 0.112972
