0.00212124 0 0 0.190821 0.467295
0.172143 1 4.8144 0.033043 0.0952317
0.313975 1 0.822583 0.0305849 0.0911319
0.456882 1 0.438621 0.0294423 0.0889072
0.599998 1 0.297296 0.0288924 0.087654
0.742962 1 0.228059 0.0286267 0.0865685
0.885732 1 0.186714 0.0284818 0.0854809
1.02855 1 0.158493 0.0284015 0.0844459
1.17131 1 0.137658 0.0283367 0.0834992
1.31431 1 0.122585 0.0283021 0.0828439
1.45783 1 0.111158 0.0282799 0.0824484
1.60079 1 0.102163 0.0282699 0.0822542
1.74431 1 0.0947224 0.0282611 0.0821056
1.8871 1 0.0884298 0.0282481 0.0819748
2.03015 1 0.0831125 0.0282462 0.0819206
2.17291 1 0.0785733 0.0282439 0.0818556
2.31568 1 0.074595 0.0282448 0.0818326
2.45838 1 0.0710384 0.0282429 0.0817268
2.60117 1 0.0678298 0.0282393 0.0816439
2.7441 1 0.0649217 0.0282369 0.0816376
2.88681 1 0.0622786 0.0282372 0.0816406
3.02955 1 0.0598351 0.0282377 0.0816268
3.17233 1 0.0575857 0.0282391 0.0815898
3.31523 1 0.0555138 0.0282414 0.0815299
3.45798 1 0.0536125 0.0282427 0.0814705
3.60107 1 0.0518564 0.0282437 0.0814596
3.74391 1 0.0502241 0.0282481 0.0814811
3.88648 1 0.048699 0.0282501 0.0814585
4.02942 1 0.0472697 0.0282533 0.0814741
4.17211 1 0.0459331 0.0282555 0.0815086
4.31479 1 0.0446787 0.0282585 0.0815437
4.45746 1 0.0434925 0.0282604 0.0815898
4.60043 1 0.0423636 0.0282632 0.0816322
4.74336 1 0.0412872 0.0282654 0.0816751
4.88598 1 0.0402641 0.028268 0.0817211
5.02871 1 0.0392916 0.0282712 0.0817643
5.17136 1 0.0383653 0.0282743 0.0818083
5.31423 1 0.0374799 0.0282769 0.0818494
5.45696 1 0.0366333 0.0282795 0.081894
5.59979 1 0.0358231 0.0282823 0.0819382
5.74266 1 0.0350454 0.0282845 0.0819739
5.88547 1 0.0342965 0.0282864 0.0820121
6.02839 1 0.0335751 0.0282889 0.0820515
6.17108 1 0.0328804 0.0282914 0.0820895
6.31382 1 0.032209 0.0282942 0.0821278
6.45627 1 0.031561 0.0282961 0.0821642
6.59873 1 0.0309346 0.0282975 0.0822007
6.74134 1 0.0303281 0.0282988 0.0822371
6.88372 1 0.0297407 0.0283004 0.082271
7.02621 1 0.0291713 0.0283019 0.0823046
7.16864 1 0.0286197 0.0283038 0.0823369
7.3112 1 0.0280854 0.0283058 0.0823678
7.45362 1 0.0275673 0.0283077 0.0823975
