0.00207367 0 0 0.0987358 0.158141
0.170674 1 0.56631 0.0341498 0.152884
0.31163 1 0.695929 0.0301873 0.146586
0.45109 1 0.375774 0.0285707 0.140659
0.590529 1 0.257654 0.0276325 0.13642
0.72971 1 0.203586 0.0270282 0.133195
0.869359 1 0.173238 0.0266001 0.130675
1.00863 1 0.153471 0.0262882 0.128477
1.14791 1 0.139176 0.0260481 0.126722
1.28733 1 0.128262 0.0258734 0.125279
1.43065 1 0.11942 0.0257537 0.124339
1.57006 1 0.111981 0.0256618 0.123838
1.70923 1 0.10564 0.025577 0.123331
1.84855 1 0.100192 0.0255103 0.122923
1.98778 1 0.0954622 0.0254654 0.122674
2.1273 1 0.091318 0.0254422 0.122674
2.26669 1 0.0876452 0.0254214 0.122657
2.40594 1 0.0842484 0.0253992 0.122643
2.5453 1 0.0811481 0.0253855 0.122675
2.68447 1 0.0782834 0.0253751 0.122718
2.82397 1 0.0756662 0.0253739 0.122796
2.96323 1 0.0732739 0.0253801 0.122926
3.10259 1 0.071052 0.0253912 0.123102
3.24185 1 0.068989 0.025401 0.123241
3.38112 1 0.0670702 0.025407 0.12334
3.5205 1 0.0652761 0.0254124 0.123426
3.65959 1 0.0635855 0.0254215 0.123551
3.79894 1 0.0619853 0.0254309 0.123677
3.93815 1 0.0604669 0.0254373 0.123763
4.07751 1 0.059015 0.0254433 0.123846
4.21674 1 0.0576204 0.0254434 0.123894
4.35622 1 0.0562779 0.0254416 0.123934
4.49545 1 0.0549929 0.0254437 0.123988
4.63475 1 0.0537651 0.0254468 0.124044
4.77417 1 0.0525892 0.0254504 0.124097
4.91344 1 0.0514604 0.0254544 0.124149
5.05275 1 0.0503751 0.0254582 0.124241
5.19161 1 0.04933 0.0254617 0.124356
5.33082 1 0.0483225 0.025465 0.12447
