0.00210996 0 0 0.0441555 0.118042
0.173397 1 0.375117 0.0100367 0.0376484
0.314582 1 0.162518 0.00853364 0.0322091
0.454354 1 0.103289 0.00785666 0.0310253
0.594072 1 0.0764004 0.00747088 0.0306594
0.733845 1 0.0601627 0.00723785 0.0306733
0.873669 1 0.0499091 0.00709753 0.0307884
1.01338 1 0.0434647 0.00701118 0.0308249
1.15293 1 0.0393099 0.00695761 0.0308256
1.2967 1 0.0362567 0.0069174 0.0307932
1.43634 1 0.0338537 0.00689296 0.0307479
1.57622 1 0.0318589 0.00687393 0.0306871
1.71601 1 0.0301694 0.00686486 0.0306901
1.85561 1 0.0286992 0.00685727 0.0306878
1.99551 1 0.0273966 0.0068535 0.0306873
2.13511 1 0.0262337 0.00685164 0.0306845
2.27499 1 0.0251916 0.0068495 0.0306879
2.41465 1 0.024247 0.00684968 0.0306878
2.55446 1 0.0233857 0.00685203 0.0306905
2.69402 1 0.0225949 0.00685531 0.0306951
2.83381 1 0.0218641 0.00685865 0.030699
2.97356 1 0.0211901 0.00686253 0.0307029
3.1131 1 0.0205583 0.00686616 0.0307051
3.25277 1 0.0199659 0.00686961 0.030708
3.3925 1 0.0194087 0.00687334 0.0307115
3.53232 1 0.0188829 0.00687695 0.0307157
3.67187 1 0.0183789 0.00687992 0.0307205
3.8121 1 0.0178964 0.00688286 0.0307261
3.9516 1 0.0174428 0.00688635 0.0307326
4.09132 1 0.0170102 0.00688948 0.0307387
4.23114 1 0.0165988 0.00689268 0.0307455
4.37095 1 0.0162081 0.00689647 0.0307528
4.51086 1 0.0158361 0.0068999 0.0307604
4.65035 1 0.0154807 0.0069032 0.0307684
