0.00208833 0 0 0.211249 0.431683
0.171771 1 4.0223 0.059601 0.165
0.313794 1 1.33483 0.0589142 0.16244
0.454338 1 0.717658 0.0589309 0.160503
0.594691 1 0.492656 0.059063 0.159832
0.735336 1 0.378997 0.0591514 0.159548
0.875792 1 0.309959 0.0591756 0.161092
1.01613 1 0.26293 0.059195 0.162867
1.16044 1 0.230055 0.0592254 0.164269
1.30052 1 0.205656 0.0592422 0.165306
1.44099 1 0.187272 0.0592648 0.166119
1.58122 1 0.17247 0.0592811 0.166769
1.72151 1 0.160367 0.0593042 0.167323
1.86158 1 0.150026 0.0593234 0.167835
2.00193 1 0.141164 0.0593362 0.16822
2.14208 1 0.133429 0.0593475 0.168647
2.28221 1 0.126625 0.0593615 0.16905
2.42259 1 0.120602 0.0593747 0.169442
2.5627 1 0.115231 0.0593906 0.16985
2.70322 1 0.110335 0.0594078 0.170272
2.84332 1 0.105841 0.0594241 0.170654
2.98368 1 0.101707 0.0594355 0.170996
3.12379 1 0.0978931 0.0594454 0.171361
3.26396 1 0.0943653 0.0594548 0.171731
3.40437 1 0.0910616 0.0594681 0.172069
3.54444 1 0.0880049 0.0594767 0.172382
3.68475 1 0.0851429 0.0594912 0.172737
3.82489 1 0.0824533 0.0595001 0.173051
3.96517 1 0.0799329 0.0595079 0.173335
4.10552 1 0.0775721 0.0595151 0.173599
4.24582 1 0.0753569 0.0595211 0.17386
4.38595 1 0.0732677 0.0595268 0.174112
4.52616 1 0.0712932 0.0595328 0.174362
4.66637 1 0.0694258 0.059537 0.174606
4.80731 1 0.0676522 0.0595405 0.174843
4.94779 1 0.0659588 0.059545 0.175072
5.08856 1 0.0643387 0.0595487 0.175297
5.22892 1 0.0627917 0.0595521 0.17552
5.36899 1 0.0613108 0.0595561 0.175736
5.5093 1 0.0598914 0.0595602 0.175952
5.64945 1 0.0585243 0.0595634 0.176158
5.79024 1 0.0572116 0.059566 0.176356
5.93279 1 0.0559513 0.0595689 0.176555
6.07287 1 0.0547382 0.0595727 0.176751
6.21328 1 0.0535692 0.0595753 0.176942
6.35329 1 0.0524425 0.0595777 0.177127
6.49349 1 0.0513553 0.0595796 0.17731
6.63364 1 0.0503056 0.0595818 0.177487
6.77414 1 0.0492912 0.059584 0.177659
6.91461 1 0.0483086 0.0595861 0.177823
7.05469 1 0.0473564 0.0595881 0.177986
7.19484 1 0.046432 0.0595903 0.178143
7.33484 1 0.0455335 0.0595921 0.178294
7.47525 1 0.0446625 0.0595939 0.178444
7.61543 1 0.0438175 0.0595957 0.17859
7.7557 1 0.0429969 0.0595974 0.178732
7.89573 1 0.0421996 0.0595991 0.178871
8.03602 1 0.0414244 0.0596008 0.179005
8.17617 1 0.0406703 0.0596023 0.179137
8.31624 1 0.0399362 0.0596039 0.179264
8.45644 1 0.0392212 0.0596054 0.179388
8.59651 1 0.0385246 0.0596068 0.179508
8.7369 1 0.0378456 0.0596083 0.179625
8.87711 1 0.0371834 0.0596097 0.179739
9.01699 1 0.0365373 0.059611 0.179849
9.15647 1 0.0359067 0.0596123 0.179957
9.29575 1 0.0352911 0.0596136 0.180061
9.43536 1 0.0346898 0.0596148 0.180163
9.57465 1 0.0341017 0.0596164 0.180261
9.71421 1 0.033527 0.0596177 0.180357
9.85313 1 0.0329645 0.0596185 0.180452
9.99235 1 0.0324143 0.0596197 0.180543
10.1313 1 0.0318762 0.0596208 0.180631
10.2705 1 0.0313498 0.0596221 0.180717
10.4096 1 0.0308347 0.0596232 0.180801
10.5486 1 0.0303306 0.0596243 0.180882
10.6879 1 0.029837 0.0596253 0.180961
10.827 1 0.0293536 0.0596263 0.181038
10.9664 1 0.0288802 0.0596273 0.181112
11.1054 1 0.0284164 0.0596283 0.181185
11.2445 1 0.0279619 0.0596293 0.181255
11.3837 1 0.0275164 0.0596303 0.181324
11.5229 1 0.0270797 0.0596313 0.181391
11.6627 1 0.0266515 0.0596322 0.181456
11.8018 1 0.0262316 0.0596331 0.181519
11.9409 1 0.0258199 0.059634 0.181581
12.0802 1 0.025416 0.0596349 0.18164
12.2194 1 0.0250198 0.0596357 0.181698
12.3583 1 0.024631 0.0596365 0.181755
12.4974 1 0.0242495 0.0596374 0.18181
12.6365 1 0.023875 0.0596382 0.181863
12.7759 1 0.0235075 0.059639 0.181915
12.9153 1 0.0231467 0.0596397 0.181965
13.0544 1 0.0227924 0.0596405 0.182014
13.1936 1 0.0224445 0.0596413 0.182062
13.3326 1 0.0221029 0.059642 0.182108
13.4719 1 0.0217673 0.0596427 0.182153
13.6109 1 0.0214377 0.0596435 0.182197
13.75 1 0.0211139 0.0596442 0.18224
13.8889 1 0.0207957 0.0596449 0.182281
14.0281 1 0.0204831 0.0596456 0.182321
