0.00207295 0 0 0.232776 0.469767
0.17013 1 0.348919 0.0823371 0.208194
0.31281 1 2.36817 0.0696884 0.184131
0.453832 1 0.950689 0.067862 0.18494
0.594877 1 0.612551 0.0671922 0.185593
0.73613 1 0.457177 0.0668566 0.185896
0.877033 1 0.363834 0.0666892 0.186034
1.01806 1 0.302351 0.0666103 0.186057
1.1592 1 0.258949 0.0665871 0.185999
1.30023 1 0.22786 0.0665795 0.185925
1.44124 1 0.204593 0.0665934 0.185844
1.58218 1 0.186022 0.0666198 0.18577
1.72322 1 0.171289 0.0666547 0.185703
1.86399 1 0.159151 0.0666815 0.185642
2.00489 1 0.148888 0.0667052 0.185562
2.14586 1 0.140147 0.0667303 0.185511
2.28675 1 0.1325 0.0667523 0.185471
2.42748 1 0.125774 0.0667708 0.185436
2.57215 1 0.119825 0.0667889 0.185404
2.71349 1 0.114533 0.0668039 0.185374
2.85428 1 0.1098 0.0668136 0.185345
2.99534 1 0.105526 0.0668178 0.185317
3.13604 1 0.101664 0.0668281 0.185289
3.27691 1 0.0981027 0.0668346 0.185264
3.41783 1 0.0948199 0.0668458 0.185238
3.55883 1 0.0917817 0.0668557 0.185212
3.71122 1 0.0889359 0.0668625 0.185187
3.85199 1 0.0862775 0.0668709 0.185163
3.99291 1 0.083796 0.0668778 0.18515
4.13384 1 0.0814614 0.0668838 0.18514
4.27473 1 0.0792639 0.0668889 0.18513
4.41545 1 0.0771865 0.066894 0.185119
4.55632 1 0.0752112 0.0668983 0.18511
4.69723 1 0.0733397 0.0669031 0.1851
4.83795 1 0.0715597 0.0669076 0.18509
4.97906 1 0.0698534 0.0669092 0.185082
5.11958 1 0.0682231 0.0669132 0.185072
5.26048 1 0.0666661 0.066917 0.185063
5.4011 1 0.0651727 0.0669197 0.185055
5.54174 1 0.0637362 0.0669225 0.185046
5.68218 1 0.0623506 0.0669241 0.185038
5.82283 1 0.0610174 0.0669268 0.18503
5.9634 1 0.0597351 0.0669294 0.185022
6.10405 1 0.0584997 0.0669319 0.185014
6.24462 1 0.0573079 0.0669345 0.185007
6.38504 1 0.0561556 0.0669374 0.184999
6.52564 1 0.0550411 0.0669396 0.184993
6.66637 1 0.0539606 0.0669421 0.184986
6.80718 1 0.0529127 0.0669444 0.184979
6.94779 1 0.0518964 0.0669463 0.184973
7.08854 1 0.0509098 0.0669477 0.184967
7.22916 1 0.0499509 0.0669505 0.184961
7.36949 1 0.0490199 0.0669523 0.184956
7.51036 1 0.0481157 0.0669542 0.18495
7.65075 1 0.047237 0.0669559 0.184945
7.79133 1 0.0463826 0.0669574 0.18494
7.93182 1 0.0455508 0.0669589 0.184935
8.07248 1 0.0447409 0.0669603 0.184931
8.21317 1 0.0439522 0.0669617 0.184926
8.35357 1 0.0431837 0.0669631 0.184922
8.49419 1 0.0424345 0.0669644 0.184917
8.6345 1 0.0417038 0.0669657 0.184913
8.77531 1 0.0409909 0.066967 0.184909
8.91597 1 0.040295 0.0669682 0.184906
9.05667 1 0.0396152 0.0669695 0.184902
9.1971 1 0.0389509 0.0669706 0.184899
9.3376 1 0.0383015 0.0669721 0.184895
9.47841 1 0.0376666 0.0669733 0.184892
9.61882 1 0.0370459 0.0669743 0.184889
9.75956 1 0.0364383 0.0669748 0.184886
9.89994 1 0.0358439 0.0669758 0.184883
10.0405 1 0.0352623 0.0669768 0.18488
10.1809 1 0.0346931 0.0669778 0.184878
10.3215 1 0.0341358 0.0669787 0.184875
10.462 1 0.0335902 0.0669797 0.184873
10.6023 1 0.0330556 0.0669804 0.18487
10.7432 1 0.0325317 0.0669813 0.184868
10.8838 1 0.0320185 0.0669822 0.184866
11.0244 1 0.0315155 0.0669831 0.184864
11.165 1 0.0310225 0.0669839 0.184862
11.3056 1 0.0305391 0.0669848 0.18486
11.4462 1 0.0300651 0.0669856 0.184858
11.5867 1 0.0296003 0.0669864 0.184856
11.7274 1 0.0291442 0.0669873 0.184855
