0.00212879 0 0 0.197251 0.465356
0.17159 1 5.99043 0.0263951 0.0631589
0.31236 1 0.355519 0.0250326 0.0637923
0.452299 1 0.21202 0.0244862 0.0639376
0.59214 1 0.155311 0.0242191 0.063649
0.731819 1 0.128092 0.0240597 0.0632799
0.871324 1 0.111691 0.0239636 0.0630668
1.01104 1 0.100692 0.0239012 0.0629034
1.15093 1 0.0924563 0.0238659 0.0628289
1.29094 1 0.0856577 0.0238512 0.0627798
1.43047 1 0.0799922 0.0238344 0.0627417
1.57038 1 0.075053 0.0238251 0.0627208
1.71021 1 0.0707916 0.0238168 0.0626959
1.8499 1 0.0670563 0.0238061 0.0626693
1.98972 1 0.063784 0.0238011 0.0626457
2.12926 1 0.060875 0.0237946 0.0626203
2.26934 1 0.0583047 0.0237945 0.0625968
2.40975 1 0.0559851 0.0237953 0.0625705
2.5495 1 0.0538648 0.0237939 0.0625475
2.68909 1 0.0519048 0.0237907 0.0625248
2.82859 1 0.0500832 0.0237871 0.0625022
2.96856 1 0.048403 0.0237859 0.0624817
3.10797 1 0.0468433 0.0237846 0.0624611
3.24781 1 0.0453859 0.0237833 0.0624413
3.38719 1 0.0440244 0.0237817 0.0624219
3.52714 1 0.0427497 0.023783 0.0624034
3.66671 1 0.0415497 0.0237834 0.0623846
3.81045 1 0.0404158 0.0237828 0.0623673
3.95039 1 0.0393432 0.023784 0.0623506
4.09014 1 0.0383257 0.0237861 0.0623339
4.22967 1 0.0373578 0.0237887 0.0623181
4.36911 1 0.0364361 0.0237909 0.0623026
4.50898 1 0.0355562 0.0237929 0.0622875
4.64866 1 0.0347156 0.0237953 0.0622732
4.78856 1 0.0339096 0.0237966 0.0622594
4.92819 1 0.033137 0.0237987 0.0622459
5.06773 1 0.0323956 0.0238005 0.0622329
5.20732 1 0.0316833 0.0238027 0.0622203
5.34736 1 0.0309986 0.0238049 0.0622081
