0.0021506 0 0 0.126743 0.298614
0.171048 1 2.26051 0.0303849 0.0949861
0.312107 1 0.8729 0.0270284 0.0923182
0.451996 1 0.463444 0.025384 0.0897809
0.591946 1 0.311401 0.0244687 0.0874732
0.73186 1 0.238854 0.0239493 0.0856886
0.871513 1 0.197146 0.0236456 0.08435
1.01102 1 0.168353 0.0234688 0.0835342
1.15069 1 0.146131 0.0233541 0.0829492
1.29051 1 0.128291 0.0232799 0.0825557
1.43018 1 0.113723 0.0232339 0.0823928
1.56982 1 0.101886 0.0232142 0.0823831
1.70929 1 0.0924578 0.0232017 0.08235
1.8493 1 0.0846697 0.0231844 0.0822832
1.98893 1 0.0781468 0.0231705 0.0822124
2.12866 1 0.072601 0.023164 0.0821998
2.2683 1 0.0678876 0.023159 0.082183
2.40817 1 0.063797 0.023156 0.0821599
2.5481 1 0.0601807 0.0231557 0.0821317
2.68782 1 0.0570519 0.0231557 0.0821176
2.8275 1 0.0543313 0.0231621 0.082123
2.96691 1 0.0519122 0.0231666 0.082133
3.10676 1 0.0497479 0.0231758 0.0821408
3.24627 1 0.0477774 0.0231832 0.0821465
3.38608 1 0.0459814 0.0231913 0.0821603
3.52553 1 0.0443598 0.0231991 0.0821756
3.66571 1 0.0428781 0.023206 0.0821811
3.8052 1 0.0415156 0.0232119 0.0821932
3.94486 1 0.0402603 0.0232179 0.0822077
4.08487 1 0.0390931 0.0232234 0.0822183
4.22434 1 0.0379921 0.023228 0.0822286
4.36412 1 0.0369533 0.0232317 0.0822346
4.50352 1 0.0359638 0.023237 0.0822393
4.64322 1 0.0350307 0.0232415 0.0822464
4.78274 1 0.0341497 0.0232456 0.0822513
4.92232 1 0.0333126 0.023249 0.0822565
5.06183 1 0.0325156 0.0232524 0.08226
5.20126 1 0.0317553 0.023256 0.0822631
5.34096 1 0.0310279 0.023259 0.0822674
5.48445 1 0.0303318 0.0232621 0.0822716
5.62402 1 0.0296633 0.023265 0.0822733
5.76359 1 0.0290213 0.0232679 0.0822764
5.9033 1 0.0284044 0.0232707 0.0822788
6.04266 1 0.0278111 0.0232735 0.0822806
