0.0020946 0 0 0.179193 0.394248
0.170742 1 3.61735 0.0473261 0.107698
0.311954 1 1.29149 0.0449439 0.105726
0.452026 1 0.696456 0.0439745 0.105811
0.591663 1 0.462672 0.0433884 0.105468
0.73179 1 0.34487 0.0430214 0.105186
0.871725 1 0.27547 0.0428264 0.105028
1.01135 1 0.228745 0.0427311 0.104908
1.15138 1 0.195248 0.0426713 0.104804
1.29077 1 0.170329 0.0426325 0.104723
1.43062 1 0.152015 0.0426231 0.104665
1.56998 1 0.138162 0.042632 0.10461
1.70982 1 0.127443 0.042638 0.104555
1.84953 1 0.118657 0.0426426 0.104501
1.98904 1 0.111343 0.0426577 0.104452
2.12845 1 0.105125 0.0426748 0.104403
2.26835 1 0.099713 0.042688 0.104353
2.40784 1 0.0949687 0.0427058 0.104306
2.54723 1 0.0907574 0.0427183 0.104258
2.687 1 0.0869874 0.0427296 0.104211
2.83068 1 0.0835708 0.0427402 0.104167
2.97056 1 0.0804599 0.042749 0.104127
3.1099 1 0.077609 0.0427593 0.104087
3.2495 1 0.0749796 0.0427678 0.104049
3.38913 1 0.0725268 0.0427716 0.104013
3.52888 1 0.0702376 0.0427754 0.103979
3.66854 1 0.0681046 0.0427825 0.103947
3.80818 1 0.0660886 0.0427859 0.103914
3.94774 1 0.0641931 0.0427894 0.103884
4.08738 1 0.0624072 0.0427926 0.103855
4.22695 1 0.0607191 0.0427969 0.103827
4.3664 1 0.0591193 0.0428007 0.103799
4.50607 1 0.0575987 0.0428058 0.103773
4.64566 1 0.0561511 0.0428089 0.103747
4.78551 1 0.054771 0.0428117 0.103722
4.92517 1 0.053455 0.0428147 0.103698
5.06471 1 0.0521968 0.0428173 0.103675
5.20422 1 0.0509931 0.0428202 0.103652
5.344 1 0.0498387 0.042823 0.10363
5.48357 1 0.04873 0.0428263 0.103609
5.62294 1 0.0476635 0.0428285 0.103588
5.76236 1 0.0466375 0.042831 0.103568
5.90212 1 0.0456465 0.0428332 0.103549
6.0415 1 0.0446894 0.0428354 0.10353
6.18102 1 0.0437659 0.0428377 0.103512
6.32037 1 0.0428736 0.0428396 0.103494
6.46011 1 0.042011 0.0428417 0.103476
6.59958 1 0.0411758 0.0428433 0.10346
6.7392 1 0.0403651 0.0428445 0.103443
6.8787 1 0.039579 0.0428464 0.103427
7.01818 1 0.0388154 0.0428498 0.103412
7.15791 1 0.0380745 0.0428518 0.103397
7.29728 1 0.0373548 0.0428532 0.103383
7.43707 1 0.036656 0.042855 0.103369
7.57631 1 0.0359766 0.0428566 0.103355
7.71627 1 0.0353162 0.0428583 0.103342
7.85591 1 0.034674 0.0428599 0.10333
