0.00221212 0 0 0.0575193 0.279053
0.173647 1 1.65728 0.021648 0.121822
0.315976 1 0.309677 0.0199107 0.11807
0.455214 1 0.191555 0.0190889 0.113706
0.59457 1 0.150635 0.0185359 0.11035
0.73392 1 0.126804 0.018121 0.107739
0.874364 1 0.110058 0.0177717 0.10548
1.0136 1 0.0975864 0.0175105 0.103724
1.15308 1 0.0883944 0.0173364 0.102553
1.29272 1 0.0813185 0.0171931 0.101527
1.43216 1 0.0756503 0.0170909 0.100561
1.57272 1 0.070861 0.0170029 0.0998168
1.7122 1 0.0668681 0.0169604 0.0995069
1.85178 1 0.0634178 0.016914 0.0992102
1.99117 1 0.060347 0.0168722 0.0988966
2.13104 1 0.0576623 0.0168477 0.0986801
2.27072 1 0.0552475 0.0168287 0.0985097
2.41032 1 0.0530405 0.0168073 0.0983686
2.54966 1 0.0510398 0.0167985 0.0983051
2.68957 1 0.0492221 0.0168 0.0982962
2.82923 1 0.0475475 0.0167966 0.0982514
2.96862 1 0.0459917 0.0168006 0.0982439
3.10825 1 0.0445241 0.0167949 0.098177
3.24753 1 0.0431292 0.0167923 0.0981162
3.38745 1 0.0417832 0.0167866 0.0980505
3.52678 1 0.0404995 0.0167777 0.0979613
3.66667 1 0.0392766 0.0167733 0.0978781
3.80619 1 0.0381336 0.0167673 0.0978065
3.94573 1 0.0370675 0.0167677 0.0977807
4.08526 1 0.0360652 0.0167712 0.0977744
4.2248 1 0.0351198 0.0167746 0.0977737
4.36432 1 0.0342264 0.0167782 0.0977777
4.50394 1 0.033379 0.0167819 0.097785
4.64353 1 0.0325731 0.0167856 0.0977947
4.78284 1 0.031805 0.0167894 0.097806
