0.00233951 0 0 0.0208276 0.0509559
0.17303 1 0.133905 0.00850809 0.0386978
0.315171 1 0.115003 0.00713849 0.0342165
0.458028 1 0.0675374 0.00659839 0.0316331
0.601068 1 0.0496626 0.00632905 0.0298297
0.744092 1 0.0405872 0.00618397 0.0285609
0.886958 1 0.0351682 0.00610198 0.0277317
1.03014 1 0.0314299 0.00604673 0.0270577
1.17298 1 0.028585 0.00600503 0.0265354
1.32002 1 0.0263446 0.00597588 0.0261598
1.46309 1 0.0245523 0.00595467 0.0259236
1.6063 1 0.0230486 0.00593988 0.0257652
1.74939 1 0.0217676 0.00592962 0.0256634
1.89236 1 0.0206609 0.00592224 0.0255951
2.03536 1 0.0196859 0.00591898 0.0255492
2.17859 1 0.0188182 0.00591731 0.0255027
2.32165 1 0.0180375 0.00591779 0.0254761
2.46433 1 0.0173341 0.0059192 0.0254602
2.60742 1 0.0166932 0.00592125 0.0254537
2.75073 1 0.0161047 0.00592391 0.0254489
2.89354 1 0.0155571 0.0059268 0.0254505
3.03694 1 0.0150562 0.00593028 0.0254524
3.17965 1 0.0145913 0.00593355 0.0254521
3.32309 1 0.0141588 0.00593738 0.0254518
3.46594 1 0.0137554 0.00594107 0.0254494
3.60917 1 0.0133769 0.00594436 0.0254546
3.75226 1 0.0130183 0.00594735 0.0254887
3.895 1 0.0126791 0.00595053 0.0255214
4.03819 1 0.0123576 0.00595366 0.0255527
4.18122 1 0.0120522 0.00595682 0.0255833
4.32426 1 0.0117616 0.00595996 0.0256126
