0.00208928 0 0 0.19396 0.432002
0.171851 1 3.11097 0.0393689 0.0714455
0.314125 1 1.21871 0.0340289 0.066154
0.454909 1 0.758378 0.0324126 0.0673865
0.595758 1 0.54584 0.0316112 0.0689622
0.73636 1 0.414896 0.0311868 0.0707406
0.87682 1 0.331216 0.0309729 0.0724761
1.01745 1 0.275791 0.0308709 0.0738387
1.15805 1 0.237937 0.0308583 0.075075
1.29869 1 0.21048 0.0308824 0.0761187
1.43924 1 0.189531 0.0309008 0.0769013
1.57981 1 0.172686 0.0309406 0.0776115
1.72994 1 0.159268 0.0309767 0.0781791
1.88155 1 0.147886 0.0310185 0.0786417
2.02199 1 0.138217 0.0310524 0.0791615
2.16249 1 0.129925 0.0310861 0.0796667
2.30307 1 0.122678 0.0311141 0.0800969
2.44377 1 0.116375 0.0311472 0.0805061
2.58411 1 0.110732 0.0311825 0.0809218
2.72471 1 0.10566 0.0312106 0.0812801
2.86504 1 0.10115 0.0312325 0.0815967
3.00574 1 0.0970784 0.0312566 0.0819211
3.14614 1 0.0933608 0.0312735 0.0823032
3.2868 1 0.0899813 0.031293 0.0827338
3.42727 1 0.0868458 0.0313122 0.0831685
3.56767 1 0.0839421 0.0313293 0.0836067
3.70842 1 0.0812366 0.0313463 0.0840885
3.84898 1 0.0787368 0.0313607 0.0845062
3.98947 1 0.0763987 0.0313742 0.0848747
4.12998 1 0.0741931 0.0313902 0.0852584
4.27078 1 0.0721157 0.0314046 0.0856045
4.41133 1 0.0701643 0.0314164 0.0858989
4.55176 1 0.0683213 0.0314275 0.0861628
4.69216 1 0.0665722 0.0314402 0.0864853
4.8328 1 0.0649015 0.0314491 0.0867491
4.97328 1 0.0632956 0.0314592 0.0870304
5.11357 1 0.0617561 0.0314691 0.0873013
5.25407 1 0.060285 0.0314794 0.087563
5.39482 1 0.0588815 0.0314893 0.0878066
5.53521 1 0.0575438 0.031497 0.0880165
5.67602 1 0.0562638 0.0315046 0.0882129
5.81661 1 0.0550362 0.0315109 0.0883692
5.95706 1 0.0538484 0.0315176 0.0885494
6.09762 1 0.052697 0.0315246 0.0887397
6.23809 1 0.051586 0.0315316 0.0889194
6.37895 1 0.0505179 0.0315375 0.0890797
6.51932 1 0.0494814 0.0315437 0.0892291
6.66003 1 0.0484807 0.031549 0.0893532
6.80039 1 0.0475145 0.0315541 0.0894664
6.94074 1 0.046578 0.0315578 0.0895504
7.08108 1 0.0456661 0.0315635 0.0896499
7.22578 1 0.0447815 0.0315684 0.0897455
7.36615 1 0.0439222 0.0315727 0.0898532
7.50654 1 0.0430891 0.0315764 0.08994
7.64709 1 0.0422777 0.0315808 0.0900908
7.78799 1 0.0414855 0.0315861 0.0902433
7.92836 1 0.0407156 0.0315903 0.0904008
8.06867 1 0.0399654 0.0315954 0.0905576
8.20901 1 0.0392359 0.0315994 0.0906894
8.34952 1 0.0385272 0.0316027 0.0908021
8.49031 1 0.0378382 0.0316057 0.0909011
8.63096 1 0.0371677 0.0316085 0.0909895
8.77144 1 0.0365147 0.0316112 0.0910694
8.91182 1 0.0358777 0.0316141 0.0911459
9.05262 1 0.0352564 0.0316167 0.0912145
9.19309 1 0.0346496 0.0316194 0.0912809
9.33347 1 0.0340562 0.0316227 0.0913482
9.47418 1 0.0334767 0.0316251 0.0914047
9.61526 1 0.0329112 0.0316274 0.0914554
9.75576 1 0.0323585 0.0316298 0.0915036
9.89633 1 0.0318186 0.031632 0.0915464
10.0368 1 0.0312909 0.0316341 0.0915859
10.1772 1 0.0307752 0.0316361 0.0916227
10.3178 1 0.0302708 0.0316381 0.0916572
10.4583 1 0.0297773 0.0316406 0.0917047
10.5986 1 0.0292944 0.0316426 0.0917454
10.7394 1 0.0288218 0.0316446 0.091782
10.8798 1 0.0283592 0.0316464 0.0918154
11.0205 1 0.0279063 0.0316482 0.0918462
11.161 1 0.027461 0.0316499 0.0918724
11.3013 1 0.0270239 0.0316516 0.091898
11.4417 1 0.026596 0.0316533 0.0919223
11.5822 1 0.0261769 0.0316549 0.0919454
11.7228 1 0.0257662 0.0316566 0.0919672
