0.00207651 0 0 0.223726 0.5006
0.170701 1 0.553328 0.334324 0.924555
0.313202 1 2.27289 0.316663 0.844365
0.456509 1 0.893777 0.315287 0.835794
0.60002 1 0.594948 0.314897 0.833544
0.743126 1 0.453623 0.314726 0.832501
0.886548 1 0.373968 0.314655 0.831944
1.02934 1 0.323462 0.314611 0.831546
1.17216 1 0.28742 0.314589 0.831323
1.31499 1 0.259857 0.314583 0.831162
1.45819 1 0.237565 0.314581 0.831025
1.60083 1 0.219131 0.314574 0.8309
1.74396 1 0.203728 0.314571 0.830788
1.88683 1 0.190431 0.314571 0.830687
2.0298 1 0.179057 0.31457 0.830591
2.17324 1 0.169102 0.31457 0.830503
2.31598 1 0.160161 0.31457 0.830421
2.45888 1 0.152217 0.314573 0.830344
2.60573 1 0.145133 0.314573 0.830273
2.74883 1 0.138798 0.314573 0.830208
2.89136 1 0.133072 0.314574 0.830147
3.03432 1 0.127852 0.314577 0.83009
3.17689 1 0.12307 0.314578 0.830038
3.31986 1 0.118693 0.31458 0.829989
3.46283 1 0.114651 0.314581 0.829942
3.60608 1 0.110919 0.314582 0.829899
3.74883 1 0.107438 0.314582 0.829857
3.89248 1 0.10418 0.314583 0.829819
4.037 1 0.101108 0.314583 0.829783
4.18151 1 0.0982194 0.314583 0.829749
4.33581 1 0.0955032 0.314584 0.829718
4.47752 1 0.0929347 0.314585 0.829688
4.61934 1 0.0904897 0.314586 0.829659
4.76115 1 0.0881535 0.314586 0.829632
4.90255 1 0.0859273 0.314586 0.829607
5.04469 1 0.0838172 0.314587 0.829583
5.18611 1 0.081801 0.314588 0.82956
5.32753 1 0.0798707 0.314588 0.829538
5.46891 1 0.0780233 0.314588 0.829517
5.61028 1 0.0762521 0.314589 0.829498
5.75211 1 0.0745547 0.31459 0.829479
5.89372 1 0.0729203 0.31459 0.829461
6.03531 1 0.0713454 0.31459 0.829444
6.1768 1 0.069829 0.314591 0.829428
6.31862 1 0.0683667 0.314591 0.829412
6.46011 1 0.0669557 0.314592 0.829397
6.6017 1 0.0655925 0.314592 0.829383
6.7436 1 0.0642736 0.314592 0.82937
6.8851 1 0.0629969 0.314593 0.829357
7.02652 1 0.061755 0.314593 0.829344
7.16763 1 0.0605497 0.314594 0.829332
7.30898 1 0.0593805 0.314594 0.82932
7.45105 1 0.058245 0.314594 0.829309
7.5925 1 0.0571421 0.314595 0.829299
7.73416 1 0.0560689 0.314595 0.829288
7.87564 1 0.0550243 0.314595 0.829278
8.01697 1 0.054008 0.314596 0.829269
8.15865 1 0.0530185 0.314596 0.82926
8.30026 1 0.052053 0.314596 0.829251
8.44182 1 0.0511121 0.314596 0.829242
8.58336 1 0.0501951 0.314596 0.829234
8.72538 1 0.049301 0.314597 0.829226
8.86689 1 0.0484288 0.314597 0.829218
9.00856 1 0.0475776 0.314597 0.829211
9.15038 1 0.0467466 0.314598 0.829203
9.29228 1 0.0459349 0.314598 0.829196
9.43375 1 0.0451417 0.314598 0.829189
9.57527 1 0.044366 0.314598 0.829183
9.7169 1 0.0436073 0.314598 0.829177
9.85863 1 0.0428649 0.314598 0.82917
10.0003 1 0.0421386 0.314598 0.829164
10.142 1 0.0414282 0.314599 0.829158
10.2834 1 0.040733 0.314599 0.829153
10.4248 1 0.0400526 0.314599 0.829147
10.5665 1 0.0393865 0.314599 0.829142
10.708 1 0.0387342 0.314599 0.829136
10.8498 1 0.0380948 0.3146 0.829131
10.9913 1 0.0374683 0.3146 0.829126
11.1327 1 0.0368544 0.3146 0.829122
11.2743 1 0.0362526 0.3146 0.829117
11.4154 1 0.0356626 0.3146 0.829112
11.5571 1 0.0350843 0.314601 0.829108
11.6984 1 0.0345173 0.314601 0.829103
11.8399 1 0.0339612 0.314601 0.829099
11.9819 1 0.0334159 0.314601 0.829095
12.1235 1 0.0328809 0.314601 0.829091
12.2651 1 0.0323561 0.314602 0.829087
12.4065 1 0.0318412 0.314602 0.829083
12.5484 1 0.0313358 0.314602 0.829079
12.6897 1 0.0308398 0.314602 0.829076
12.8315 1 0.0303528 0.314602 0.829072
12.9731 1 0.0298748 0.314602 0.829068
13.1144 1 0.0294054 0.314602 0.829065
13.2559 1 0.0289446 0.314603 0.829062
13.3971 1 0.0284922 0.314603 0.829058
13.5385 1 0.0280478 0.314603 0.829055
13.6798 1 0.0276114 0.314603 0.829052
13.8214 1 0.0271827 0.314603 0.829049
13.9631 1 0.0267612 0.314603 0.829046
14.1047 1 0.0263471 0.314604 0.829043
14.2468 1 0.0259403 0.314604 0.82904
