0.00206466 0 0 0.205099 0.419409
0.168648 1 0.0109471 0.319245 0.603671
0.310894 1 12.3572 0.32159 0.663743
0.453733 1 2.748 0.321043 0.664752
0.596993 1 1.37503 0.320553 0.663426
0.739851 1 0.909389 0.320312 0.662387
0.88279 1 0.67946 0.320158 0.661618
1.02595 1 0.541774 0.320048 0.661103
1.17306 1 0.454512 0.31995 0.660762
1.31621 1 0.392765 0.319851 0.660509
1.45941 1 0.347562 0.319782 0.660334
1.60242 1 0.313308 0.319723 0.660221
1.74555 1 0.286139 0.319685 0.660141
1.88864 1 0.26388 0.319648 0.660082
2.0316 1 0.245336 0.319616 0.660024
2.17447 1 0.229573 0.319594 0.659974
2.31749 1 0.215717 0.319568 0.659926
2.46052 1 0.203459 0.319542 0.659883
2.60348 1 0.192722 0.31953 0.659853
2.74622 1 0.183268 0.319522 0.659826
2.88893 1 0.175012 0.319519 0.6598
3.03196 1 0.167609 0.319514 0.659777
3.17482 1 0.160895 0.319508 0.659759
3.31749 1 0.15467 0.319499 0.659739
3.46045 1 0.148995 0.319497 0.659723
3.60398 1 0.143808 0.319496 0.659708
3.74733 1 0.139027 0.319495 0.659694
3.89006 1 0.134526 0.319492 0.65968
4.03287 1 0.130306 0.319491 0.659668
4.17611 1 0.126341 0.319489 0.659656
4.31898 1 0.122598 0.319488 0.659646
4.46156 1 0.119045 0.319486 0.659637
4.60432 1 0.115709 0.319486 0.659627
4.74744 1 0.11252 0.319483 0.65962
4.88998 1 0.109497 0.319483 0.659614
5.03267 1 0.106573 0.31948 0.659608
5.17554 1 0.103749 0.319478 0.659602
5.31861 1 0.101029 0.319476 0.659599
5.4619 1 0.0984434 0.319476 0.659596
5.60507 1 0.0959869 0.319476 0.659593
5.74791 1 0.09365 0.319476 0.659591
5.89062 1 0.0914175 0.319476 0.659588
6.03372 1 0.0892671 0.319476 0.659587
6.17668 1 0.0871891 0.319476 0.659585
6.31932 1 0.0851886 0.319477 0.659584
6.46199 1 0.0832614 0.319477 0.659583
6.60496 1 0.081396 0.319477 0.659583
6.74815 1 0.0795964 0.319477 0.659583
6.8908 1 0.0778588 0.319477 0.659583
7.03387 1 0.0761709 0.319476 0.659583
7.17694 1 0.0745359 0.319476 0.659583
7.31982 1 0.0729582 0.319476 0.659583
7.4625 1 0.0714317 0.319476 0.659584
7.60532 1 0.0699537 0.319475 0.659586
7.74865 1 0.0685221 0.319475 0.659587
7.89167 1 0.0671389 0.319475 0.659587
8.03437 1 0.0657999 0.319475 0.659589
8.1772 1 0.0645009 0.319475 0.65959
8.32013 1 0.0632382 0.319475 0.659592
8.46319 1 0.0620127 0.319475 0.659593
8.60585 1 0.0608238 0.319476 0.659594
8.74885 1 0.0596687 0.319476 0.659596
8.89145 1 0.0585461 0.319476 0.659598
9.03458 1 0.0574529 0.319476 0.6596
9.17715 1 0.0563886 0.319476 0.659601
9.31999 1 0.0553529 0.319477 0.659603
9.46312 1 0.0543442 0.319477 0.659605
9.60625 1 0.0533605 0.319477 0.659607
9.74937 1 0.0524013 0.319477 0.659609
9.89218 1 0.0514658 0.319478 0.659611
10.0351 1 0.0505531 0.319478 0.659613
10.178 1 0.0496618 0.319478 0.659615
10.3208 1 0.0487909 0.319478 0.659617
10.4634 1 0.0479402 0.319479 0.659619
10.6064 1 0.0471092 0.319479 0.659621
10.7494 1 0.0462958 0.319479 0.659623
10.892 1 0.0454996 0.319479 0.659625
11.0349 1 0.0447212 0.319479 0.659627
11.1778 1 0.04396 0.31948 0.659629
11.3206 1 0.0432155 0.31948 0.659631
11.4636 1 0.042487 0.31948 0.659633
11.6066 1 0.0417741 0.31948 0.659635
11.7497 1 0.0410763 0.31948 0.659637
11.8924 1 0.040393 0.31948 0.659639
12.0353 1 0.0397232 0.31948 0.659641
12.1781 1 0.0390668 0.319481 0.659643
12.3209 1 0.038424 0.319481 0.659645
12.4636 1 0.0377941 0.319481 0.659647
12.6062 1 0.0371766 0.319481 0.659649
12.749 1 0.0365707 0.319481 0.659651
12.8917 1 0.0359768 0.319481 0.659653
13.0346 1 0.0353946 0.319482 0.659654
13.1774 1 0.0348238 0.319482 0.659656
13.3201 1 0.0342642 0.319482 0.659658
13.4634 1 0.0337153 0.319482 0.65966
13.6065 1 0.033177 0.319482 0.659662
13.75 1 0.0326488 0.319482 0.659664
13.8927 1 0.0321307 0.319482 0.659666
14.0354 1 0.0316223 0.319482 0.659667
14.1783 1 0.0311234 0.319483 0.659669
14.3211 1 0.0306337 0.319483 0.659671
