0.00209108 0 0 0.21087 0.461007
0.171025 1 5.83923 0.0318506 0.0759862
0.312345 1 0.383898 0.0302974 0.0768486
0.45467 1 0.233348 0.0297251 0.0773008
0.597148 1 0.174207 0.0294148 0.0775487
0.739507 1 0.142811 0.0292283 0.077593
0.881968 1 0.124056 0.0291113 0.0775485
1.02831 1 0.111568 0.0290458 0.0775061
1.17086 1 0.102471 0.0290079 0.0774474
1.31311 1 0.0951563 0.0289735 0.0774117
1.45576 1 0.0890732 0.028955 0.0773772
1.59785 1 0.084044 0.0289444 0.0773049
1.7402 1 0.0797005 0.028937 0.0772129
1.88256 1 0.0758743 0.0289318 0.0771277
2.02526 1 0.0724961 0.0289355 0.0770531
2.16747 1 0.0694801 0.0289365 0.0769838
2.30967 1 0.0667414 0.0289372 0.0769086
2.45196 1 0.0642334 0.0289382 0.0768448
2.59406 1 0.0619234 0.02894 0.0767903
2.7365 1 0.0597951 0.0289436 0.0767388
2.87869 1 0.0578218 0.0289472 0.0767139
3.02103 1 0.0559817 0.028951 0.0766741
3.16328 1 0.0542629 0.0289539 0.0766318
3.30587 1 0.0526514 0.0289565 0.0765925
3.44835 1 0.0511346 0.028959 0.0765568
3.5907 1 0.0497016 0.0289617 0.0765251
3.73301 1 0.0483393 0.0289635 0.0764965
3.87557 1 0.0470441 0.0289655 0.0764698
4.01788 1 0.0458137 0.0289677 0.0764431
4.16003 1 0.0446402 0.0289697 0.0764195
4.30229 1 0.0435222 0.028972 0.0763985
4.44478 1 0.0424562 0.0289741 0.0763795
4.58685 1 0.0414383 0.0289764 0.0763621
4.72927 1 0.0404642 0.0289784 0.076346
