0.00214959 0 0 0.13653 0.322233
0.170428 1 2.03732 0.0431246 0.120349
0.31123 1 1.47913 0.0406801 0.123889
0.451011 1 0.856415 0.0398272 0.127267
0.590191 1 0.535649 0.0394775 0.129735
0.72932 1 0.386222 0.0394883 0.131376
0.868344 1 0.310426 0.0395975 0.132447
1.00752 1 0.26559 0.0397241 0.132949
1.14677 1 0.234878 0.0398302 0.133068
1.28598 1 0.211834 0.0399332 0.133089
1.4252 1 0.193739 0.0400433 0.133022
1.56415 1 0.17868 0.0401363 0.132873
1.7035 1 0.166094 0.0402112 0.132608
1.84636 1 0.155398 0.0402793 0.132352
1.98553 1 0.146275 0.0403385 0.132049
2.12481 1 0.138375 0.040386 0.131756
2.26415 1 0.131395 0.0404388 0.131621
2.40303 1 0.125239 0.0404749 0.131446
2.54204 1 0.119749 0.0405107 0.131284
2.68127 1 0.114797 0.0405419 0.131118
2.82943 1 0.110305 0.04057 0.130986
2.97913 1 0.10619 0.0405953 0.130857
3.11803 1 0.102415 0.0406146 0.13073
3.25719 1 0.0989243 0.0406315 0.1306
3.3963 1 0.095681 0.0406445 0.130468
3.53573 1 0.0926655 0.040656 0.130352
3.67493 1 0.0898432 0.040669 0.130259
3.81387 1 0.0872071 0.0406845 0.130185
3.9531 1 0.0847348 0.0406999 0.130115
4.09216 1 0.0824019 0.0407142 0.130063
4.23132 1 0.0802006 0.0407252 0.130001
4.37035 1 0.0781236 0.0407328 0.129939
4.5097 1 0.0761496 0.04074 0.129889
4.64889 1 0.074278 0.0407464 0.129842
4.788 1 0.0725002 0.0407536 0.129804
4.92697 1 0.070799 0.0407613 0.129774
5.06589 1 0.0691738 0.0407668 0.129738
5.20577 1 0.0676168 0.0407735 0.129716
5.34501 1 0.0661192 0.0407796 0.129686
5.48422 1 0.0646791 0.0407846 0.129659
5.62322 1 0.0632962 0.0407888 0.129634
5.76224 1 0.0619643 0.040793 0.129612
5.90152 1 0.0606776 0.0407983 0.129594
6.0406 1 0.059436 0.0408023 0.129576
6.17961 1 0.0582331 0.0408074 0.129568
6.31862 1 0.0570699 0.040811 0.129552
6.45793 1 0.0559448 0.0408146 0.129539
6.59686 1 0.054856 0.0408179 0.129526
6.73592 1 0.0538002 0.0408224 0.12952
6.87472 1 0.0527739 0.040827 0.129514
7.0138 1 0.0517761 0.0408317 0.12951
7.15315 1 0.0508084 0.0408348 0.129497
7.29217 1 0.0498692 0.0408375 0.129483
7.43136 1 0.0489564 0.0408399 0.12947
7.57074 1 0.0480691 0.0408423 0.12946
7.70998 1 0.0472059 0.0408447 0.129451
7.84906 1 0.0463658 0.040847 0.129443
7.98818 1 0.0455471 0.0408495 0.129436
8.12706 1 0.0447492 0.0408518 0.12943
8.26641 1 0.0439686 0.040852 0.129424
8.4053 1 0.0432059 0.0408537 0.129419
8.54428 1 0.0424622 0.0408557 0.129414
8.6834 1 0.0417361 0.0408573 0.129408
8.82241 1 0.0410272 0.0408593 0.129405
8.96164 1 0.0403351 0.0408613 0.129402
9.10044 1 0.0396592 0.0408632 0.129399
9.2398 1 0.0389988 0.0408651 0.129396
9.3789 1 0.0383532 0.0408671 0.129393
