0.00208946 0 0 0.036441 0.114591
0.17309 1 0.205104 0.0134737 0.0587465
0.314411 1 0.255787 0.0111459 0.0503926
0.454286 1 0.136408 0.0102539 0.0477763
0.593881 1 0.0977868 0.00987978 0.0467701
0.733455 1 0.0796322 0.0096826 0.0463512
0.87312 1 0.0687665 0.00957124 0.046103
1.0127 1 0.0611704 0.00950284 0.0459621
1.15221 1 0.0554504 0.00946489 0.0458889
1.29175 1 0.0510317 0.00944173 0.0458175
1.43144 1 0.0475173 0.00943158 0.045757
1.57087 1 0.0445929 0.00943053 0.0457286
1.71041 1 0.0420906 0.00943194 0.0457065
1.84972 1 0.0399296 0.00943273 0.0456999
1.98918 1 0.0380194 0.00943574 0.0457095
2.12889 1 0.0363178 0.0094393 0.0457247
2.26843 1 0.0347932 0.00944558 0.0457408
2.40804 1 0.0334201 0.00945201 0.0457617
2.54766 1 0.0321661 0.00945834 0.0457853
2.68742 1 0.031015 0.00946405 0.0458064
2.82703 1 0.0299521 0.00946936 0.0458327
2.96661 1 0.0289696 0.00947494 0.045859
3.10619 1 0.0280572 0.00948025 0.045885
3.24603 1 0.0272049 0.00948525 0.0459107
3.38529 1 0.0264071 0.00949018 0.0459347
3.52486 1 0.0256566 0.00949521 0.0459629
3.66414 1 0.0249489 0.00949939 0.0459828
3.80374 1 0.0242803 0.00950394 0.0460094
