0.00217668 0 0 0.179938 0.419831
0.170952 1 4.03976 0.0455214 0.130257
0.312156 1 0.855443 0.0439493 0.13099
0.452434 1 0.505433 0.0432594 0.131556
0.592148 1 0.352025 0.0429988 0.131711
0.731798 1 0.273597 0.042869 0.131725
0.871244 1 0.227922 0.0427788 0.131626
1.01086 1 0.197385 0.0427201 0.131472
1.1506 1 0.174949 0.0426969 0.131323
1.2903 1 0.158295 0.0426809 0.131182
1.42964 1 0.145193 0.0426851 0.131085
1.56928 1 0.134569 0.0426914 0.130989
1.709 1 0.12574 0.0427009 0.130963
1.84841 1 0.118263 0.0427085 0.130959
1.98793 1 0.111826 0.0427155 0.130949
2.13115 1 0.106186 0.0427251 0.13095
2.27101 1 0.101176 0.0427298 0.130928
2.41056 1 0.0966692 0.0427388 0.130918
2.55035 1 0.0926108 0.0427489 0.130904
2.68987 1 0.0888997 0.0427606 0.13088
2.82992 1 0.0855278 0.0427681 0.130874
2.96969 1 0.0824313 0.0427809 0.130863
3.1094 1 0.0795813 0.0427933 0.130847
3.24897 1 0.076955 0.042803 0.130825
3.38832 1 0.0745221 0.0428096 0.130796
3.52808 1 0.0722607 0.0428164 0.130765
3.66731 1 0.0701418 0.0428225 0.130742
3.8071 1 0.0681392 0.0428296 0.130723
3.94653 1 0.0662324 0.0428362 0.1307
4.08631 1 0.0644262 0.0428421 0.130677
4.22609 1 0.0627179 0.0428474 0.130668
4.3658 1 0.0611026 0.0428524 0.130648
4.5054 1 0.0595687 0.0428567 0.130625
4.64919 1 0.0581074 0.0428598 0.130602
4.78959 1 0.0567124 0.0428636 0.130582
4.92978 1 0.0553801 0.0428669 0.130561
5.07021 1 0.0541024 0.0428698 0.130542
5.21054 1 0.0528704 0.0428716 0.130522
5.35106 1 0.0516879 0.0428746 0.130504
5.4915 1 0.0505535 0.0428776 0.130486
5.63178 1 0.0494614 0.0428804 0.130469
5.77209 1 0.04841 0.0428832 0.130453
5.91244 1 0.0473971 0.0428858 0.130436
6.05277 1 0.0464198 0.0428882 0.130421
6.19297 1 0.0454759 0.0428906 0.130406
6.3333 1 0.0445632 0.0428928 0.130392
6.4742 1 0.04368 0.042895 0.130378
6.61453 1 0.0428246 0.0428971 0.130365
6.75502 1 0.0419956 0.0428991 0.130352
6.89527 1 0.0411917 0.0429011 0.13034
7.03609 1 0.0404116 0.042903 0.130328
