0.0020957 0 0 0.0755791 0.332937
0.171774 1 1.56512 0.0301383 0.139994
0.312669 1 0.666365 0.0270494 0.124328
0.454284 1 0.253279 0.0264141 0.128079
0.595751 1 0.18918 0.0259993 0.128862
0.737139 1 0.162877 0.025662 0.128686
0.878627 1 0.145461 0.0254161 0.128491
1.02084 1 0.132426 0.0252075 0.128226
1.16213 1 0.122033 0.0250379 0.128059
1.30772 1 0.113618 0.0249167 0.127991
1.44953 1 0.106537 0.0248229 0.127924
1.59206 1 0.10047 0.0247554 0.127914
1.73345 1 0.095182 0.0247113 0.127921
1.87509 1 0.0904911 0.0246867 0.127937
2.01685 1 0.0863056 0.0246654 0.127954
2.15878 1 0.0824495 0.0246358 0.127951
2.30054 1 0.0789319 0.0246166 0.12807
2.44199 1 0.0757709 0.0246065 0.128186
2.58356 1 0.0728765 0.0246035 0.128494
2.72536 1 0.070215 0.0246064 0.128705
2.86662 1 0.0677715 0.0246084 0.12888
3.00811 1 0.0655255 0.0246139 0.12903
3.1495 1 0.0634518 0.0246193 0.12916
3.29095 1 0.0615266 0.0246248 0.129275
3.43266 1 0.05973 0.0246303 0.129376
3.57432 1 0.0580453 0.0246353 0.129466
3.71573 1 0.0564596 0.0246405 0.129547
3.85745 1 0.0549597 0.0246466 0.129623
3.9996 1 0.0535371 0.0246515 0.129706
4.14125 1 0.0521868 0.0246559 0.129784
4.28356 1 0.0509027 0.0246601 0.129857
4.42559 1 0.0496788 0.0246642 0.129924
4.56764 1 0.0485099 0.0246681 0.129988
4.7104 1 0.0473915 0.0246719 0.130047
4.85232 1 0.0463197 0.0246755 0.130104
4.99437 1 0.045291 0.024679 0.130157
5.13639 1 0.0443024 0.0246824 0.130208
