0.00211147 0 0 0.210448 0.473137
0.173578 1 4.70731 0.0332616 0.079363
0.315891 1 0.93225 0.0318034 0.0846738
0.459045 1 0.573952 0.0312769 0.0902961
0.602374 1 0.39573 0.0311238 0.0971296
0.745064 1 0.299985 0.0311178 0.102114
0.888075 1 0.245441 0.031166 0.106049
1.03095 1 0.211129 0.0312214 0.109023
1.17385 1 0.18665 0.0312772 0.111352
1.31811 1 0.168293 0.031331 0.113501
1.46089 1 0.153829 0.0313868 0.115249
1.60373 1 0.14197 0.0314273 0.116739
1.74628 1 0.131978 0.0314679 0.118017
1.88935 1 0.12346 0.0314949 0.119109
2.03185 1 0.116146 0.031524 0.12002
2.17541 1 0.109759 0.0315541 0.120853
2.31827 1 0.104177 0.0315763 0.121513
2.46122 1 0.0992357 0.0315995 0.122104
2.60406 1 0.094825 0.0316208 0.122595
2.74655 1 0.0908677 0.031638 0.123006
2.88967 1 0.0872914 0.0316493 0.123351
3.03263 1 0.0840308 0.0316694 0.123667
3.17526 1 0.0810286 0.0316893 0.123996
3.31798 1 0.0782732 0.0317026 0.124257
3.4606 1 0.0757366 0.0317151 0.124464
3.60374 1 0.0733853 0.0317253 0.12464
3.7462 1 0.0711836 0.0317364 0.124811
3.88911 1 0.0691097 0.0317447 0.124963
4.0321 1 0.0671515 0.0317531 0.125086
4.17535 1 0.06529 0.031761 0.125191
4.31871 1 0.0635117 0.031769 0.125278
4.46205 1 0.0618226 0.0317767 0.125351
4.60482 1 0.060229 0.0317848 0.125413
4.7475 1 0.0587256 0.0317924 0.125463
4.89066 1 0.057299 0.0318024 0.125548
5.03342 1 0.0559404 0.0318085 0.125598
5.17617 1 0.0546383 0.031812 0.125626
5.31892 1 0.0533937 0.0318191 0.125695
5.46187 1 0.052204 0.0318262 0.125745
5.60468 1 0.0510669 0.0318316 0.125782
5.74733 1 0.0499718 0.0318381 0.125833
5.89031 1 0.0489173 0.0318447 0.125877
6.03314 1 0.0479017 0.0318507 0.125921
6.17571 1 0.0469251 0.0318557 0.125966
6.31867 1 0.0459852 0.0318603 0.125999
6.46138 1 0.0450792 0.0318644 0.126023
6.60424 1 0.0442039 0.0318678 0.12604
6.74698 1 0.0433547 0.0318715 0.126059
6.88992 1 0.0425317 0.0318748 0.126069
7.03273 1 0.0417317 0.0318776 0.12607
7.17543 1 0.0409546 0.0318809 0.126069
7.31958 1 0.0401995 0.0318855 0.126094
7.46228 1 0.0394664 0.031889 0.126107
7.60502 1 0.0387521 0.0318915 0.126109
7.7478 1 0.0380568 0.0318944 0.126109
7.89063 1 0.0373815 0.0318971 0.126107
8.03332 1 0.0367246 0.0318999 0.126101
8.17628 1 0.0360851 0.0319024 0.126094
8.31967 1 0.0354625 0.0319048 0.126085
8.46238 1 0.034856 0.0319072 0.126074
8.60532 1 0.0342648 0.0319094 0.126062
8.74811 1 0.0336879 0.0319114 0.126048
8.89104 1 0.0331236 0.0319153 0.126059
9.03421 1 0.032572 0.031918 0.126058
9.17677 1 0.0320337 0.0319204 0.12605
9.31976 1 0.031508 0.0319225 0.126039
9.46232 1 0.0309945 0.0319245 0.126025
9.60538 1 0.0304919 0.031926 0.126009
9.7479 1 0.0300004 0.0319278 0.125992
9.89056 1 0.0295198 0.0319296 0.125974
10.0333 1 0.0290495 0.0319314 0.125956
