0.00215904 0 0 0.201065 0.407083
0.171833 1 4.44021 0.0623083 0.150226
0.314135 1 1.42808 0.0595765 0.147312
0.457167 1 0.78255 0.0587138 0.144883
0.599919 1 0.558591 0.0582699 0.143467
0.742707 1 0.441459 0.0579887 0.142601
0.885645 1 0.368402 0.0578179 0.142909
1.0285 1 0.318909 0.0577385 0.143338
1.17135 1 0.283076 0.0577072 0.143765
1.31428 1 0.255234 0.0577038 0.144258
1.45755 1 0.233044 0.0577094 0.144655
1.60035 1 0.214598 0.0577238 0.145021
1.74343 1 0.198717 0.0577193 0.145238
1.88627 1 0.184999 0.0577225 0.145482
2.02894 1 0.173308 0.0577274 0.14577
2.17205 1 0.163145 0.0577403 0.146059
2.31478 1 0.154265 0.0577525 0.146357
2.46158 1 0.146451 0.0577645 0.146659
2.60424 1 0.139513 0.0577803 0.146918
2.74737 1 0.133285 0.0577922 0.147141
2.89006 1 0.127672 0.057805 0.147339
3.03282 1 0.122556 0.0578157 0.147538
3.17583 1 0.117841 0.0578228 0.147725
3.31927 1 0.113493 0.0578318 0.147892
3.46248 1 0.109433 0.0578343 0.148055
3.60519 1 0.105668 0.0578413 0.148287
3.74812 1 0.102177 0.0578494 0.148522
3.89117 1 0.0989077 0.0578571 0.148736
4.03419 1 0.0958311 0.057865 0.148944
4.17683 1 0.0929532 0.0578716 0.149139
4.31943 1 0.0902662 0.0578761 0.149324
4.4624 1 0.0877395 0.0578797 0.149504
4.60527 1 0.0853641 0.0578847 0.149672
4.74799 1 0.0831218 0.0578909 0.14984
4.89082 1 0.0809933 0.0578963 0.149996
5.03351 1 0.0789691 0.0579017 0.150148
5.17665 1 0.0770419 0.0579063 0.150295
5.31955 1 0.0752042 0.0579107 0.150436
5.46289 1 0.0734474 0.0579161 0.150573
5.60578 1 0.071765 0.0579201 0.150699
5.74891 1 0.0701409 0.0579238 0.150822
5.89165 1 0.0685779 0.0579287 0.150947
6.03422 1 0.0670744 0.0579348 0.151069
6.17707 1 0.0656276 0.0579395 0.151188
6.31986 1 0.0642284 0.0579442 0.151308
6.46278 1 0.0628796 0.0579476 0.151417
6.60551 1 0.0615769 0.0579509 0.151522
6.74846 1 0.0603189 0.0579536 0.151625
6.89128 1 0.0591032 0.0579561 0.151728
7.0342 1 0.0579279 0.0579586 0.151827
7.17699 1 0.0567892 0.057961 0.151927
7.31978 1 0.0556856 0.0579635 0.152023
7.463 1 0.0546161 0.0579656 0.152112
7.6059 1 0.0535792 0.0579677 0.152201
7.74846 1 0.0525731 0.0579698 0.15229
7.89119 1 0.051596 0.0579718 0.152377
8.03417 1 0.0506459 0.057974 0.152462
8.17715 1 0.0497213 0.0579766 0.152545
8.31969 1 0.0488218 0.0579786 0.152627
8.46231 1 0.0479463 0.0579804 0.152707
8.6049 1 0.0470936 0.0579822 0.152785
8.7479 1 0.0462623 0.0579835 0.152861
8.89077 1 0.0454515 0.0579851 0.152936
9.03334 1 0.044661 0.0579867 0.15301
9.17629 1 0.0438898 0.0579882 0.153082
9.31955 1 0.0431367 0.0579893 0.153148
9.4628 1 0.0424012 0.0579908 0.153218
9.60542 1 0.041683 0.0579923 0.153288
9.74808 1 0.0409813 0.0579937 0.153356
9.89097 1 0.0402956 0.0579952 0.153422
10.0341 1 0.0396252 0.0579965 0.153488
10.1771 1 0.0389697 0.0579979 0.153552
10.3199 1 0.0383285 0.0579992 0.153614
10.4628 1 0.0377011 0.0580005 0.153676
10.6053 1 0.037087 0.0580018 0.153736
10.7482 1 0.0364856 0.0580027 0.153791
10.891 1 0.0358954 0.0580035 0.153845
11.0337 1 0.0353171 0.0580047 0.153903
11.1763 1 0.0347509 0.0580059 0.153961
11.3191 1 0.0341961 0.0580071 0.154018
11.462 1 0.0336526 0.0580083 0.154074
11.6044 1 0.0331199 0.0580094 0.154128
11.7474 1 0.0325977 0.0580105 0.154182
11.8901 1 0.0320857 0.0580116 0.154234
12.0328 1 0.0315837 0.0580126 0.154285
12.1754 1 0.0310913 0.0580137 0.154335
12.3178 1 0.0306082 0.0580147 0.154385
12.4606 1 0.0301341 0.0580157 0.154432
