0.0020524 0 0 0.411526 0.911168
0.169279 1 0.115315 0.113973 0.376556
0.310462 1 2.66998 0.0986213 0.31815
0.450003 1 1.09186 0.097065 0.312115
0.589158 1 0.641891 0.0970232 0.310407
0.728645 1 0.439756 0.0971848 0.309469
0.868252 1 0.327622 0.09736 0.308786
1.00728 1 0.260787 0.0975065 0.308256
1.15018 1 0.218768 0.0976141 0.307885
1.28909 1 0.190731 0.0977037 0.307594
1.42842 1 0.171064 0.0977611 0.307349
1.56763 1 0.156547 0.0978039 0.307147
1.70697 1 0.145446 0.0978361 0.30698
1.84584 1 0.136346 0.0978606 0.306823
1.98495 1 0.128608 0.0978772 0.30668
2.12427 1 0.121921 0.0978924 0.306546
2.26314 1 0.116125 0.0979048 0.306426
2.40221 1 0.111029 0.097916 0.306318
2.54113 1 0.1065 0.0979233 0.306217
2.68074 1 0.102437 0.0979282 0.306128
2.81964 1 0.0987198 0.0979337 0.306043
2.95892 1 0.095304 0.0979387 0.305963
3.09798 1 0.0921817 0.0979407 0.305889
3.23698 1 0.0893064 0.0979423 0.305819
3.37648 1 0.0866389 0.0979454 0.305753
3.51545 1 0.0841647 0.0979478 0.305694
3.65458 1 0.0818428 0.0979501 0.305638
3.79348 1 0.0796583 0.0979522 0.305584
3.93283 1 0.0776054 0.0979542 0.305534
4.07188 1 0.0756641 0.0979556 0.305487
4.21097 1 0.0738216 0.0979576 0.305442
4.34985 1 0.0720693 0.0979587 0.305401
4.48903 1 0.0703934 0.0979605 0.30536
4.62812 1 0.0687923 0.0979621 0.305323
4.76724 1 0.0672648 0.0979636 0.305288
4.90701 1 0.0657994 0.0979651 0.305255
5.07015 1 0.0643908 0.0979668 0.305222
5.20963 1 0.0630337 0.0979687 0.305193
5.34908 1 0.0617253 0.0979701 0.305165
5.48852 1 0.060467 0.0979715 0.305138
5.62802 1 0.0592549 0.0979728 0.305114
5.76818 1 0.0580836 0.0979743 0.305096
5.90763 1 0.0569513 0.0979755 0.30508
6.04709 1 0.0558567 0.0979765 0.305064
6.18659 1 0.0547959 0.0979776 0.30505
6.32692 1 0.0537669 0.0979787 0.305037
6.46631 1 0.0527682 0.0979796 0.305023
6.60568 1 0.0517981 0.0979808 0.305011
6.74523 1 0.0508558 0.0979817 0.305
6.88516 1 0.0499406 0.0979826 0.304989
7.02466 1 0.0490494 0.0979834 0.30498
7.16432 1 0.0481817 0.0979842 0.30497
7.30362 1 0.0473373 0.097985 0.304962
7.44353 1 0.0465152 0.0979858 0.304953
7.58306 1 0.0457139 0.0979865 0.304946
7.72256 1 0.0449328 0.0979873 0.304938
7.86196 1 0.0441709 0.097988 0.304931
8.00148 1 0.0434276 0.0979886 0.304925
8.14128 1 0.042702 0.0979893 0.304918
8.28072 1 0.0419934 0.09799 0.304913
8.4202 1 0.0413003 0.0979906 0.304911
8.55957 1 0.0406226 0.0979911 0.304923
8.69954 1 0.0399602 0.0979917 0.304935
8.83894 1 0.0393125 0.0979923 0.304947
8.97862 1 0.0386781 0.097993 0.30496
9.11803 1 0.038057 0.0979935 0.304972
9.25739 1 0.0374492 0.0979941 0.304985
9.39716 1 0.0368542 0.0979946 0.304998
9.53662 1 0.0362717 0.0979952 0.305011
9.6762 1 0.035701 0.0979957 0.305023
9.81556 1 0.0351411 0.0979963 0.305037
9.9551 1 0.034592 0.0979967 0.30505
10.0944 1 0.034054 0.0979972 0.305063
10.2338 1 0.0335266 0.0979977 0.305076
10.3733 1 0.0330094 0.0979982 0.30509
10.5126 1 0.0325023 0.0979987 0.305103
