0.0021698 0 0 0.21486 0.496233
0.171271 1 6.4595 0.0351633 0.0804461
0.312244 1 0.430162 0.0329605 0.0774685
0.454136 1 0.26706 0.0320818 0.0771219
0.595709 1 0.205818 0.0316515 0.077014
0.737507 1 0.17315 0.031417 0.0769162
0.879472 1 0.151296 0.031271 0.0768107
1.02133 1 0.13574 0.0311971 0.0767212
1.16292 1 0.123796 0.0311626 0.0766391
1.30438 1 0.11422 0.0311563 0.0765716
1.44652 1 0.106311 0.0311515 0.0765136
1.58818 1 0.0996129 0.031155 0.0764661
1.73006 1 0.0938132 0.0311615 0.0764283
1.87164 1 0.08872 0.0311721 0.0763956
2.01356 1 0.0842447 0.0311805 0.0763686
2.15503 1 0.0802856 0.0311865 0.0763463
2.29657 1 0.0767653 0.0311938 0.0763272
2.43829 1 0.0735975 0.0312008 0.0763111
2.57981 1 0.0707197 0.031207 0.0762979
2.72196 1 0.0680924 0.0312135 0.076286
2.86347 1 0.0656693 0.0312171 0.076276
3.00495 1 0.0634271 0.031227 0.076267
3.14654 1 0.0613483 0.0312331 0.0762583
3.28829 1 0.059413 0.0312389 0.0762513
3.43013 1 0.0576048 0.0312436 0.0762447
3.57161 1 0.0559114 0.0312489 0.076239
3.71349 1 0.0543179 0.0312543 0.0762333
3.85919 1 0.0528144 0.031258 0.0762286
4.00087 1 0.0513935 0.0312611 0.0762241
4.14256 1 0.0500489 0.031265 0.0762197
4.28421 1 0.0487741 0.0312689 0.0762158
4.4258 1 0.0475628 0.0312727 0.0762118
4.56762 1 0.0464071 0.0312755 0.0762086
4.70924 1 0.0453045 0.031279 0.0762054
4.85074 1 0.0442514 0.0312823 0.0762023
4.99247 1 0.0432432 0.0312851 0.0761995
5.13419 1 0.0422751 0.0312873 0.0761968
5.27572 1 0.0413459 0.0312902 0.0761941
5.41757 1 0.0404535 0.031293 0.0761916
5.55935 1 0.0395952 0.0312958 0.0761892
