0.00235356 0 0 0.118031 0.275968
0.172007 1 2.37284 0.0260248 0.0986017
0.312834 1 0.559673 0.023621 0.100667
0.452106 1 0.339602 0.022831 0.102575
0.592778 1 0.252242 0.0224095 0.104165
0.732451 1 0.199104 0.0221919 0.105718
0.871902 1 0.165567 0.0220893 0.107144
1.01122 1 0.144122 0.0220549 0.108434
1.15057 1 0.128846 0.022047 0.109664
1.2904 1 0.117249 0.0220602 0.110739
1.42993 1 0.108128 0.0220786 0.111659
1.56949 1 0.100641 0.022095 0.112441
1.70892 1 0.0942754 0.0221164 0.113108
1.84866 1 0.0888194 0.02214 0.113687
1.98805 1 0.0840188 0.0221726 0.11423
2.12767 1 0.0797966 0.0222012 0.11476
2.26724 1 0.0760854 0.0222239 0.115221
2.40707 1 0.0727559 0.0222419 0.115613
2.54638 1 0.0697516 0.0222608 0.115971
2.6861 1 0.0670271 0.022275 0.116285
2.82567 1 0.064542 0.0222871 0.116561
2.9652 1 0.0622633 0.0222986 0.11681
3.10509 1 0.0601613 0.0223109 0.117044
3.24448 1 0.0582064 0.0223203 0.117254
3.38415 1 0.0563786 0.0223275 0.117417
3.52349 1 0.054668 0.0223348 0.11757
3.66324 1 0.0530688 0.0223412 0.117701
3.8026 1 0.0515616 0.0223453 0.117816
3.94204 1 0.0501345 0.0223534 0.117938
4.0818 1 0.0487862 0.0223598 0.118035
4.22173 1 0.0475051 0.0223635 0.118112
4.36118 1 0.0462849 0.0223711 0.118212
4.50058 1 0.0451165 0.0223767 0.118285
4.6401 1 0.0439993 0.0223817 0.118342
4.77958 1 0.0429287 0.0223889 0.118391
4.91924 1 0.0419051 0.0223943 0.118433
5.05874 1 0.0409252 0.0223987 0.118466
5.19822 1 0.0399856 0.022403 0.118493
5.33774 1 0.0390838 0.0224072 0.118516
5.47737 1 0.038217 0.0224113 0.118533
5.61694 1 0.0373828 0.0224151 0.118545
5.75626 1 0.0365783 0.0224188 0.118551
5.89575 1 0.035802 0.0224224 0.118554
6.03549 1 0.0350525 0.0224258 0.118553
6.1752 1 0.0343274 0.0224293 0.118551
6.31463 1 0.0336255 0.0224326 0.118545
6.45399 1 0.0329462 0.0224357 0.118535
6.59352 1 0.0322882 0.0224387 0.118522
6.73322 1 0.0316504 0.0224417 0.118506
6.87265 1 0.031031 0.0224448 0.118491
7.01216 1 0.0304297 0.0224476 0.118473
7.15163 1 0.0298458 0.0224503 0.118452
7.29134 1 0.0292786 0.022453 0.118429
7.4308 1 0.0287273 0.0224556 0.118404
