0.00210898 0 0 0.0465963 0.13055
0.178282 1 0.421435 0.0132222 0.0417526
0.32413 1 0.208179 0.0117221 0.0375546
0.469098 1 0.112541 0.0111931 0.0357728
0.613428 1 0.0804135 0.0109495 0.0349327
0.757974 1 0.0658301 0.0108153 0.0344844
0.902497 1 0.0572388 0.0107222 0.0341927
1.0473 1 0.0512524 0.0106531 0.0339591
1.19188 1 0.0468007 0.0106002 0.0337991
1.33622 1 0.0432966 0.0105594 0.033671
1.4808 1 0.0404936 0.0105382 0.0335178
1.62934 1 0.0381737 0.0105266 0.0333351
1.7738 1 0.0361758 0.010515 0.0331769
1.91808 1 0.0344475 0.0105089 0.0330689
2.06252 1 0.0329117 0.0105049 0.0329885
2.20729 1 0.0315294 0.0105032 0.0329277
2.35164 1 0.0302849 0.0105027 0.0328762
2.4962 1 0.029148 0.0105024 0.0328354
2.64059 1 0.028107 0.0105056 0.0328006
2.78645 1 0.0271555 0.0105094 0.032802
2.95293 1 0.026274 0.0105113 0.0327857
3.09816 1 0.0254472 0.0105136 0.0327666
3.24294 1 0.0246804 0.0105164 0.0327487
3.38756 1 0.0239569 0.010518 0.0327334
3.53237 1 0.0232718 0.0105197 0.03272
3.67684 1 0.0226279 0.0105224 0.0327102
3.82129 1 0.0220222 0.0105247 0.0327029
3.96579 1 0.0214497 0.0105269 0.032697
4.11033 1 0.0209069 0.0105295 0.0326924
4.2551 1 0.0203918 0.0105317 0.0326898
4.39931 1 0.0199023 0.0105339 0.0326881
4.54388 1 0.0194352 0.0105361 0.0326876
4.68861 1 0.0189887 0.0105383 0.0326881
4.83302 1 0.0185614 0.0105404 0.0326894
4.9775 1 0.0181521 0.0105426 0.0326915
5.12219 1 0.0177594 0.0105447 0.032694
