0.00211019 0 0 0.187323 0.419455
0.170733 1 5.28872 0.0304012 0.0950429
0.311095 1 0.653082 0.0277329 0.0897061
0.452933 1 0.365745 0.0265463 0.0858264
0.594689 1 0.239193 0.0259845 0.0832962
0.73647 1 0.180881 0.0257092 0.0815152
0.878104 1 0.149313 0.0255547 0.0801229
1.0198 1 0.129045 0.0254638 0.0791635
1.16178 1 0.114568 0.0254298 0.0786439
1.30321 1 0.103301 0.0254107 0.0781284
1.44495 1 0.0943208 0.0253934 0.0776952
1.58675 1 0.0870127 0.0253822 0.0773458
1.72853 1 0.0810099 0.0253805 0.0770739
1.87042 1 0.0759663 0.025388 0.076967
2.01186 1 0.0716023 0.025388 0.0768578
2.15361 1 0.0678063 0.0253911 0.0767877
2.29547 1 0.0644493 0.0253963 0.0767517
2.43701 1 0.0614492 0.0254032 0.0767283
2.57872 1 0.0587657 0.025407 0.0767045
2.72006 1 0.0563572 0.0254084 0.0766848
2.86185 1 0.0541853 0.0254152 0.0766997
3.00398 1 0.0522044 0.0254194 0.0766996
3.14558 1 0.0503661 0.025423 0.0767153
3.29106 1 0.0486629 0.0254254 0.0767507
3.43268 1 0.0470837 0.0254285 0.0767675
3.57461 1 0.0456138 0.0254336 0.0768011
3.7162 1 0.0442446 0.0254387 0.0768522
3.85779 1 0.0429623 0.0254429 0.0769016
3.99957 1 0.0417596 0.0254473 0.0769606
4.14159 1 0.0406265 0.0254515 0.0770142
4.28296 1 0.0395573 0.0254552 0.0770749
4.4245 1 0.0385464 0.025459 0.0771369
4.56605 1 0.0375834 0.0254617 0.0771989
4.7079 1 0.0366619 0.0254657 0.0772603
4.84951 1 0.0357843 0.0254692 0.0773209
4.99114 1 0.0349476 0.0254728 0.0773805
5.13287 1 0.0341476 0.025476 0.0774379
5.27489 1 0.0333808 0.0254789 0.0774947
5.41668 1 0.0326455 0.0254819 0.0775499
5.55804 1 0.0319398 0.0254849 0.0776035
5.69954 1 0.0312603 0.0254871 0.0776556
5.84128 1 0.0306055 0.0254897 0.077706
5.98301 1 0.0299745 0.025492 0.0777548
6.12443 1 0.0293659 0.0254944 0.0778023
6.26614 1 0.0287784 0.0254968 0.0778483
6.40794 1 0.0282106 0.0254991 0.0778929
