0.00217841 0 0 0.0789205 0.343712
0.174373 1 1.91451 0.0244923 0.113748
0.316837 1 0.43879 0.0221567 0.117026
0.460147 1 0.204377 0.0215407 0.11768
0.601923 1 0.151964 0.0211973 0.117112
0.743343 1 0.126722 0.0209764 0.116689
0.884352 1 0.110786 0.020813 0.116086
1.02595 1 0.099301 0.0206894 0.115598
1.16705 1 0.0907543 0.0206003 0.115281
1.30821 1 0.0837879 0.0205436 0.115128
1.44963 1 0.0779107 0.0205073 0.115082
1.59076 1 0.0728166 0.0204706 0.114987
1.73216 1 0.068422 0.0204501 0.11495
1.87309 1 0.0645849 0.0204464 0.114987
2.01437 1 0.0611867 0.0204446 0.115006
2.15566 1 0.0581739 0.0204399 0.115012
2.29681 1 0.0555138 0.0204381 0.115042
2.43812 1 0.0531385 0.0204363 0.115063
2.57932 1 0.0509643 0.0204323 0.115075
2.73281 1 0.0490013 0.0204333 0.115107
2.87383 1 0.0472135 0.0204366 0.115153
3.01532 1 0.0455742 0.0204407 0.115199
3.15647 1 0.0440699 0.0204456 0.115248
3.29778 1 0.0426796 0.0204499 0.115324
3.43924 1 0.0413869 0.0204541 0.115422
3.58033 1 0.0401795 0.0204582 0.115521
3.72163 1 0.0390462 0.0204622 0.115619
3.86264 1 0.0379741 0.0204667 0.115721
4.00427 1 0.0369593 0.0204705 0.115818
4.14543 1 0.0359984 0.0204743 0.115912
4.28675 1 0.0350859 0.020478 0.116005
4.42809 1 0.0342154 0.0204821 0.1161
4.56968 1 0.0333847 0.0204855 0.116188
4.71167 1 0.0325915 0.0204888 0.116274
4.85278 1 0.0318324 0.0204919 0.116357
4.99425 1 0.031105 0.0204949 0.116439
5.13572 1 0.0304068 0.0204978 0.116518
5.2771 1 0.0297359 0.0205007 0.116596
5.41854 1 0.0290904 0.0205035 0.116672
5.55968 1 0.0284687 0.0205061 0.116744
5.70099 1 0.0278693 0.0205088 0.116815
