0.00212463 0 0 0.0307946 0.0588999
0.172488 1 0.248323 0.00846394 0.0433883
0.313413 1 0.103772 0.00744334 0.0394096
0.453224 1 0.065742 0.00699543 0.0368687
0.59252 1 0.0500069 0.00672299 0.0349418
0.732415 1 0.0413132 0.0065255 0.0337534
0.872167 1 0.0354591 0.00638636 0.0329247
1.01152 1 0.0312342 0.00628488 0.032269
1.15127 1 0.0280966 0.00620944 0.031764
1.29052 1 0.0256338 0.00615362 0.0314469
1.4301 1 0.023654 0.00611426 0.0312344
1.56925 1 0.0220444 0.00608384 0.0311001
1.70907 1 0.0206864 0.00605667 0.0309689
1.84834 1 0.0195341 0.00604087 0.0308994
1.98772 1 0.0185472 0.00603141 0.0308736
2.12718 1 0.0176822 0.0060237 0.030871
2.26713 1 0.0169092 0.0060204 0.0308849
2.407 1 0.0162181 0.00601965 0.0309235
2.54616 1 0.0155907 0.00602129 0.0309732
2.68579 1 0.0150197 0.00602329 0.0310289
2.82507 1 0.0144965 0.00602545 0.0310888
2.96477 1 0.0140141 0.0060263 0.031147
3.10423 1 0.0135643 0.00602807 0.03121
3.24365 1 0.0131466 0.00603027 0.0312757
3.38305 1 0.0127563 0.0060326 0.0313408
3.52232 1 0.0123898 0.00603484 0.0314001
3.66169 1 0.0120461 0.0060374 0.0314621
3.80099 1 0.0117224 0.00604034 0.0315228
3.94052 1 0.0114168 0.00604329 0.0315815
