0.00212586 0 0 0.205428 0.531644
0.173441 1 4.94726 0.0264677 0.0674018
0.314582 1 0.701551 0.0244919 0.0648906
0.454314 1 0.458856 0.0231885 0.0641989
0.594721 1 0.315094 0.0223266 0.0642457
0.734236 1 0.234096 0.0218236 0.0645595
0.874037 1 0.185269 0.0215263 0.0650805
1.01383 1 0.152897 0.0213428 0.0655693
1.15457 1 0.130607 0.0212541 0.0659843
1.29383 1 0.114823 0.021216 0.0665986
1.43353 1 0.103079 0.0212005 0.0672874
1.5729 1 0.0938273 0.0211996 0.0679247
1.71238 1 0.0863497 0.0212078 0.0685471
1.85246 1 0.0801862 0.0212201 0.0690877
1.9922 1 0.0749767 0.0212301 0.0695246
2.13188 1 0.070494 0.021238 0.0699154
2.27115 1 0.0665903 0.0212406 0.0702449
2.41118 1 0.0632341 0.021251 0.0705689
2.55069 1 0.060304 0.0212617 0.0708814
2.69039 1 0.0577146 0.0212716 0.0711652
2.83005 1 0.0553876 0.0212837 0.0714616
2.96996 1 0.053288 0.0212955 0.0717609
3.10929 1 0.0513763 0.0213065 0.0720708
3.24894 1 0.0496265 0.021314 0.0723317
3.38831 1 0.0480063 0.0213204 0.0725811
3.52793 1 0.0465054 0.021325 0.0728083
3.66766 1 0.0451093 0.0213299 0.0730261
3.80717 1 0.0438005 0.021334 0.0732307
3.94682 1 0.0425661 0.0213377 0.0734207
4.08623 1 0.0414059 0.0213425 0.0736011
4.22599 1 0.0403136 0.0213466 0.073763
4.36532 1 0.0392779 0.0213531 0.0739339
4.50487 1 0.0382932 0.0213602 0.0741217
4.64445 1 0.0373564 0.0213656 0.0742872
4.78424 1 0.0364632 0.02137 0.0744388
4.92382 1 0.035611 0.0213741 0.074579
5.06367 1 0.0347967 0.021378 0.0747094
5.20322 1 0.0340167 0.0213822 0.0748311
5.343 1 0.0332682 0.0213858 0.0749451
5.48299 1 0.032549 0.021389 0.0750511
5.62234 1 0.0318573 0.0213922 0.0751519
5.7619 1 0.0311913 0.0213953 0.0752466
5.90159 1 0.0305493 0.0213983 0.0753358
6.04128 1 0.0299276 0.0214009 0.0754146
6.1809 1 0.0293261 0.0214037 0.0754913
6.32019 1 0.0287447 0.0214064 0.0755645
6.45981 1 0.0281803 0.0214084 0.075618
6.59941 1 0.0276329 0.0214109 0.0756759
6.73895 1 0.0271028 0.0214134 0.0757329
6.87853 1 0.0265877 0.0214154 0.0757751
7.01827 1 0.0260878 0.0214177 0.0758189
7.15812 1 0.0256027 0.02142 0.0758622
