0.0020902 0 0 0.222961 0.445566
0.172673 1 6.82669 0.0490484 0.155685
0.314706 1 0.826756 0.0471813 0.153428
0.454817 1 0.477047 0.0463741 0.151638
0.596771 1 0.352536 0.0459842 0.150704
0.738695 1 0.283803 0.0457576 0.150097
0.878915 1 0.239854 0.0456311 0.149865
1.01824 1 0.209599 0.0455395 0.149704
1.15723 1 0.187362 0.0454951 0.149771
1.30046 1 0.170319 0.0454845 0.149876
1.4402 1 0.156712 0.0454843 0.149985
1.58048 1 0.145524 0.0454905 0.1501
1.72081 1 0.136177 0.0454942 0.150218
1.86087 1 0.128252 0.0454978 0.150338
2.00123 1 0.121434 0.04551 0.150463
2.14126 1 0.115476 0.0455218 0.150569
2.28142 1 0.110193 0.0455309 0.150649
2.42138 1 0.105463 0.0455463 0.150762
2.56169 1 0.101221 0.0455616 0.150854
2.70193 1 0.0973485 0.0455762 0.150993
2.8422 1 0.0938041 0.0455899 0.151107
2.98247 1 0.0905576 0.0456021 0.151215
3.12249 1 0.087561 0.0456108 0.15129
3.26299 1 0.0847776 0.045618 0.151347
3.40291 1 0.0821778 0.0456243 0.151397
3.54327 1 0.0797498 0.0456296 0.151433
3.68315 1 0.0774696 0.0456339 0.15147
3.82365 1 0.0753204 0.0456392 0.151499
3.96355 1 0.073289 0.0456421 0.151511
4.10365 1 0.0713645 0.045647 0.151533
4.24372 1 0.0695351 0.0456524 0.151554
4.38367 1 0.0677957 0.0456567 0.151574
4.52423 1 0.0661401 0.0456607 0.151595
4.66434 1 0.0645565 0.0456649 0.151622
4.80462 1 0.0630425 0.0456684 0.151637
4.9447 1 0.0615937 0.0456718 0.151647
5.085 1 0.0602028 0.045676 0.151657
5.22499 1 0.0588664 0.0456793 0.151663
5.36501 1 0.0575815 0.0456825 0.151667
5.50519 1 0.0563439 0.0456858 0.15167
5.64545 1 0.0551504 0.0456883 0.151672
5.78567 1 0.0539985 0.0456907 0.151673
5.92556 1 0.0528862 0.0456934 0.151673
6.06581 1 0.0518112 0.0456959 0.151672
6.2057 1 0.0507712 0.0456983 0.151671
6.34589 1 0.0497639 0.0457006 0.151668
6.486 1 0.0487872 0.0457029 0.151665
6.6265 1 0.0478403 0.0457052 0.151662
6.76682 1 0.0469214 0.0457076 0.151657
6.90694 1 0.0460292 0.0457099 0.151652
7.04718 1 0.0451618 0.0457119 0.151647
7.18703 1 0.0443186 0.0457139 0.151642
7.32729 1 0.0434985 0.0457159 0.151636
7.46769 1 0.0427002 0.0457181 0.151629
7.60758 1 0.041923 0.0457199 0.151622
7.74766 1 0.0411661 0.0457217 0.151614
7.88755 1 0.0404286 0.0457235 0.151606
8.02807 1 0.0397093 0.0457255 0.151598
8.16801 1 0.0390077 0.0457272 0.15159
8.30811 1 0.0383232 0.0457289 0.151582
8.44809 1 0.0376548 0.0457302 0.151573
8.58828 1 0.0370021 0.0457318 0.151564
8.72861 1 0.0363646 0.0457332 0.151555
8.86882 1 0.0357417 0.0457348 0.151545
9.00905 1 0.035133 0.0457363 0.151536
9.14892 1 0.0345379 0.0457378 0.151526
9.2893 1 0.0339559 0.0457396 0.151517
9.42915 1 0.0333868 0.045741 0.151507
9.56921 1 0.0328299 0.0457427 0.151497
9.70946 1 0.0322846 0.0457443 0.151487
9.84985 1 0.0317509 0.0457457 0.151477
9.99012 1 0.0312285 0.0457471 0.151467
10.13 1 0.0307168 0.0457486 0.151457
10.2701 1 0.0302156 0.0457499 0.151447
10.41 1 0.0297247 0.0457511 0.151436
10.5504 1 0.0292438 0.0457524 0.151426
10.6904 1 0.0287727 0.0457536 0.151416
10.8306 1 0.0283109 0.0457547 0.151406
10.9706 1 0.0278583 0.0457559 0.151396
11.1106 1 0.0274146 0.0457571 0.151385
11.2509 1 0.0269794 0.0457582 0.151375
