0.00206547 0 0 0.192626 0.371034
0.171959 1 0.168077 0.0663136 0.181112
0.313712 1 1.49517 0.0644904 0.197839
0.456706 1 0.759303 0.0644477 0.20082
0.599764 1 0.532483 0.0645518 0.201353
0.742546 1 0.407877 0.0646576 0.201533
0.885735 1 0.32382 0.0647573 0.201579
1.02883 1 0.267917 0.0648309 0.201611
1.1716 1 0.229501 0.0648892 0.201671
1.31442 1 0.201985 0.064926 0.201609
1.45731 1 0.181642 0.0649572 0.201559
1.60051 1 0.165863 0.0649693 0.201514
1.74336 1 0.153385 0.0649867 0.20147
1.89178 1 0.142945 0.0649971 0.201407
2.03592 1 0.13404 0.0649995 0.201344
2.17814 1 0.126363 0.064995 0.201291
2.32045 1 0.119662 0.0649976 0.201259
2.46221 1 0.113727 0.065002 0.201231
2.60447 1 0.108394 0.0650063 0.201194
2.74656 1 0.103597 0.0650075 0.201161
2.88859 1 0.0992292 0.0650112 0.201137
3.03024 1 0.0952376 0.0650121 0.201115
3.17232 1 0.0915626 0.0650185 0.201101
3.3145 1 0.0881946 0.0650217 0.201082
3.45623 1 0.0850724 0.0650248 0.201068
3.5982 1 0.0821791 0.0650288 0.201056
3.74018 1 0.0795105 0.0650333 0.201048
3.88245 1 0.0770245 0.0650379 0.201037
4.02465 1 0.0747122 0.0650416 0.201029
4.1666 1 0.0725372 0.0650445 0.201022
4.30853 1 0.0704972 0.0650476 0.201014
4.45052 1 0.0685801 0.0650513 0.201008
4.59288 1 0.0667731 0.0650546 0.201002
4.73452 1 0.0650596 0.0650566 0.200996
4.87664 1 0.063422 0.0650588 0.20099
5.01838 1 0.0618609 0.065061 0.200985
5.16048 1 0.0603757 0.0650633 0.200982
5.30217 1 0.0589588 0.0650655 0.200984
5.44416 1 0.0576002 0.0650678 0.200986
5.58626 1 0.0562915 0.0650703 0.200988
5.72853 1 0.0550356 0.0650722 0.20099
5.87081 1 0.0538234 0.0650745 0.200992
6.01282 1 0.0526564 0.065077 0.200995
6.15494 1 0.0515349 0.0650789 0.200998
6.29698 1 0.0504557 0.0650807 0.201
6.43918 1 0.0494124 0.0650825 0.201003
6.58104 1 0.0484054 0.0650842 0.201006
6.72277 1 0.0474329 0.0650858 0.20101
6.86453 1 0.0464928 0.0650873 0.201013
7.00655 1 0.0455831 0.0650887 0.201016
7.14857 1 0.0447019 0.0650901 0.201019
7.29028 1 0.0438467 0.0650916 0.201023
7.43206 1 0.0430161 0.0650929 0.201026
7.57501 1 0.0422097 0.0650942 0.20103
7.71717 1 0.0414265 0.0650954 0.201033
7.87125 1 0.0406633 0.0650962 0.201037
8.01262 1 0.039921 0.0650972 0.201041
8.15439 1 0.039199 0.0650983 0.201044
8.29565 1 0.0384963 0.0650993 0.201048
8.43703 1 0.0378121 0.0651003 0.201051
8.57839 1 0.0371456 0.0651013 0.201055
8.7199 1 0.0364959 0.0651023 0.201058
8.86174 1 0.0358625 0.0651033 0.201062
9.0033 1 0.0352445 0.0651042 0.201066
9.14486 1 0.0346415 0.0651051 0.201069
9.28603 1 0.0340529 0.065106 0.201073
9.42786 1 0.033478 0.0651068 0.201076
9.56927 1 0.0329164 0.0651077 0.20108
9.71058 1 0.0323651 0.0651085 0.201083
9.85191 1 0.0318253 0.0651093 0.201087
9.99328 1 0.0312978 0.0651101 0.201091
10.1349 1 0.030782 0.0651109 0.201094
10.276 1 0.0302777 0.0651117 0.201098
10.4176 1 0.0297843 0.0651124 0.201102
10.5589 1 0.0293015 0.0651131 0.201105
10.7002 1 0.028829 0.0651139 0.201109
10.8413 1 0.0283663 0.0651146 0.201112
10.9824 1 0.0279133 0.0651153 0.201116
11.1239 1 0.0274696 0.0651159 0.201119
11.2649 1 0.0270349 0.0651166 0.201123
11.4065 1 0.0266089 0.0651172 0.201127
11.5476 1 0.0261914 0.0651179 0.20113
11.689 1 0.0257821 0.0651185 0.201134
11.8305 1 0.0253808 0.0651191 0.201137
11.9719 1 0.0249874 0.0651197 0.20114
12.1134 1 0.0246014 0.0651203 0.201144
12.2545 1 0.0242228 0.0651209 0.201147
12.3963 1 0.0238514 0.0651214 0.201151
12.5377 1 0.023487 0.065122 0.201154
12.6792 1 0.0231293 0.0651226 0.201158
12.8208 1 0.0227782 0.0651231 0.201161
12.962 1 0.0224334 0.0651235 0.201165
13.1035 1 0.0220949 0.065124 0.201168
13.2448 1 0.0217625 0.0651245 0.201171
13.3865 1 0.021436 0.065125 0.201175
13.5279 1 0.0211154 0.0651254 0.201178
13.6697 1 0.0208005 0.0651259 0.201182
13.811 1 0.0204912 0.0651264 0.201185
13.9526 1 0.0201872 0.0651269 0.201188
14.0939 1 0.0198886 0.0651274 0.201192
14.2354 1 0.0195951 0.0651278 0.201195
