0.00221441 0 0 0.227044 0.466571
0.172517 1 7.52029 0.0264916 0.0588521
0.312604 1 0.292095 0.0246536 0.054818
0.452767 1 0.181706 0.0238902 0.0533581
0.59271 1 0.140793 0.0235281 0.0530456
0.732605 1 0.119757 0.0233247 0.0532143
0.872542 1 0.105902 0.0232072 0.0534945
1.0126 1 0.0957357 0.0231316 0.0537503
1.15263 1 0.0877207 0.0230943 0.0542986
1.29226 1 0.0811214 0.0230894 0.0549236
1.43241 1 0.0754415 0.0230869 0.0555033
1.57215 1 0.0706674 0.023093 0.0560798
1.71216 1 0.066649 0.0230966 0.0565737
1.8558 1 0.0631466 0.0231031 0.0570489
1.99556 1 0.0600336 0.0231079 0.0575514
2.13545 1 0.0572524 0.0231137 0.057997
2.27539 1 0.0547467 0.0231182 0.0584029
2.41555 1 0.0524736 0.0231218 0.0587652
2.55606 1 0.0504015 0.0231257 0.0591002
2.6961 1 0.0485053 0.0231301 0.0594511
2.83574 1 0.0467637 0.023133 0.0597637
2.97546 1 0.0451522 0.0231375 0.0600721
3.1157 1 0.0436538 0.0231409 0.0603468
3.25578 1 0.0422606 0.0231439 0.0605999
3.39547 1 0.0409601 0.0231467 0.0608337
3.53513 1 0.03974 0.0231493 0.0610507
3.67519 1 0.0385902 0.0231519 0.0612456
3.81525 1 0.0375017 0.0231547 0.0614342
3.95505 1 0.0364709 0.0231578 0.0616128
4.09471 1 0.0354953 0.02316 0.0617775
4.23534 1 0.0345709 0.0231627 0.0619396
4.37516 1 0.0336935 0.0231652 0.0620912
4.51516 1 0.0328592 0.0231676 0.0622343
