0.00209788 0 0 0.122865 0.314589
0.17182 1 2.0224 0.0323027 0.113662
0.313256 1 1.00554 0.0292228 0.116205
0.45263 1 0.530558 0.0277576 0.117908
0.591657 1 0.348755 0.0271666 0.119834
0.731276 1 0.270949 0.0269405 0.121838
0.870571 1 0.22806 0.0268909 0.123614
1.00966 1 0.19985 0.0269049 0.125125
1.14862 1 0.179247 0.0269661 0.126447
1.29227 1 0.162751 0.0270455 0.127496
1.4316 1 0.14939 0.0271223 0.128411
1.57079 1 0.137989 0.0271793 0.128988
1.70995 1 0.1283 0.0272194 0.129404
1.84889 1 0.119876 0.0272657 0.129858
1.98892 1 0.112784 0.0273198 0.130306
2.12815 1 0.106615 0.0273685 0.130684
2.26737 1 0.101085 0.0274239 0.131042
2.40635 1 0.0961273 0.027472 0.13135
2.54578 1 0.0917902 0.0275059 0.131612
2.68509 1 0.0878924 0.0275381 0.131836
2.82404 1 0.0843702 0.0275598 0.132005
2.9631 1 0.0811223 0.0275881 0.13221
3.10231 1 0.078116 0.0276121 0.132373
3.24151 1 0.0753065 0.0276354 0.132506
3.38066 1 0.0726929 0.0276542 0.132609
3.51972 1 0.0702541 0.0276706 0.132658
3.65947 1 0.0679323 0.0276861 0.13269
3.79886 1 0.0657699 0.0276923 0.132675
3.9379 1 0.0637481 0.0277021 0.132673
4.07699 1 0.0618596 0.0277121 0.132691
4.21628 1 0.0600673 0.0277226 0.13269
4.35576 1 0.0583603 0.0277295 0.132673
4.49479 1 0.0567454 0.0277381 0.132659
4.63405 1 0.0552172 0.0277456 0.132648
4.77327 1 0.0537733 0.0277523 0.13265
4.91244 1 0.0523882 0.0277609 0.132681
5.05151 1 0.0510673 0.0277672 0.132706
5.19056 1 0.0498088 0.0277746 0.132736
5.32956 1 0.0486082 0.0277792 0.132745
5.46929 1 0.0474579 0.0277844 0.132747
5.60841 1 0.0463546 0.0277895 0.13275
5.74765 1 0.0452977 0.0277935 0.132745
5.88652 1 0.0442823 0.0277973 0.132736
6.0257 1 0.043297 0.0278023 0.132734
6.16475 1 0.0423485 0.0278061 0.132726
6.30395 1 0.0414357 0.0278099 0.13272
6.44309 1 0.0405552 0.0278133 0.132708
6.58188 1 0.0397065 0.0278163 0.132692
6.72127 1 0.0388876 0.0278193 0.132674
6.86014 1 0.0380963 0.0278223 0.132655
6.99921 1 0.0373306 0.0278246 0.132634
7.13814 1 0.036588 0.0278273 0.132612
7.27762 1 0.0358677 0.0278299 0.132589
7.41697 1 0.0351692 0.0278324 0.132564
7.55612 1 0.0344919 0.0278349 0.132539
7.69529 1 0.0338345 0.0278374 0.132514
7.83421 1 0.0331962 0.0278398 0.132487
7.97349 1 0.0325759 0.0278421 0.13246
8.11254 1 0.0319729 0.0278444 0.132433
8.25165 1 0.0313862 0.0278466 0.132405
8.39058 1 0.0308153 0.0278488 0.132376
8.52988 1 0.0302592 0.0278515 0.132353
8.66889 1 0.0297174 0.0278538 0.132326
8.80807 1 0.0291894 0.0278559 0.132298
8.94705 1 0.0286747 0.0278579 0.132269
9.08588 1 0.0281728 0.0278599 0.132239
9.22511 1 0.0276832 0.0278619 0.13221
9.3641 1 0.0272053 0.0278638 0.13218
9.50326 1 0.0267389 0.0278657 0.13215
