0.0021281 0 0 0.0304796 0.0955533
0.173296 1 0.363898 0.0110672 0.0398557
0.314356 1 0.163737 0.00975479 0.0355379
0.453942 1 0.099553 0.00924214 0.0331633
0.593527 1 0.0740013 0.0090081 0.0328908
0.732554 1 0.0610236 0.00887859 0.0326739
0.872039 1 0.0529305 0.00879235 0.0324762
1.01153 1 0.0469868 0.00873846 0.0323033
1.15082 1 0.0425604 0.00870743 0.0321938
1.29404 1 0.0390995 0.00868236 0.0321161
1.4331 1 0.0362928 0.0086658 0.0320159
1.5724 1 0.0339064 0.00865927 0.031915
1.71164 1 0.0319134 0.0086576 0.0318579
1.85083 1 0.0301945 0.0086551 0.0318203
1.99099 1 0.0287026 0.00865624 0.0318005
2.13033 1 0.0274073 0.0086597 0.0317879
2.26978 1 0.0262467 0.00866325 0.0317737
2.40931 1 0.0251964 0.00866807 0.0317685
2.54859 1 0.0242406 0.00867347 0.0317628
2.68778 1 0.0233727 0.00867984 0.0317601
2.82714 1 0.0225784 0.00868461 0.0317524
2.96643 1 0.0218466 0.00868925 0.031748
3.10571 1 0.0211649 0.00869358 0.0317483
3.24477 1 0.0205248 0.00869707 0.0317479
3.38403 1 0.0199211 0.0087011 0.0317493
3.52343 1 0.0193539 0.00870444 0.0317516
3.66272 1 0.0188203 0.00870789 0.0317536
3.8018 1 0.0183182 0.00871131 0.0317568
3.94085 1 0.0178435 0.00871442 0.0317609
4.08038 1 0.0173937 0.00871764 0.0317661
4.21964 1 0.0169661 0.0087208 0.0317713
4.35907 1 0.0165579 0.00872393 0.0317766
