0.00221091 0 0 0.204359 0.438231
0.170071 1 5.14148 0.0438501 0.0975911
0.310709 1 1.1185 0.0407084 0.0934104
0.452579 1 0.567744 0.0398359 0.0925358
0.594654 1 0.388815 0.0394712 0.0920555
0.73619 1 0.310222 0.0392408 0.0917796
0.878088 1 0.266207 0.0390914 0.0915952
1.01963 1 0.236131 0.0389776 0.0915029
1.16155 1 0.21457 0.0389258 0.0914154
1.30308 1 0.197828 0.0389003 0.0913291
1.44482 1 0.183918 0.0388864 0.0915007
1.58637 1 0.172335 0.0388817 0.0916624
1.72813 1 0.162329 0.0388807 0.0917962
1.87001 1 0.153451 0.0388815 0.0919165
2.0115 1 0.145494 0.0388847 0.092013
2.15329 1 0.138442 0.0388896 0.0921135
2.2953 1 0.132129 0.038897 0.0922044
2.43692 1 0.126402 0.0389035 0.0922843
2.57876 1 0.121149 0.0389089 0.0923659
2.72006 1 0.116361 0.0389167 0.0924479
2.86179 1 0.111955 0.0389242 0.0925243
3.00385 1 0.107848 0.0389297 0.0925954
3.14524 1 0.104001 0.0389346 0.0926639
3.28652 1 0.100437 0.0389417 0.0927351
3.42787 1 0.09711 0.0389466 0.0928013
3.56973 1 0.0939785 0.0389515 0.0928724
3.71091 1 0.0910411 0.0389568 0.0929345
3.85256 1 0.0882819 0.0389633 0.0929947
3.99383 1 0.0856918 0.038969 0.0930586
4.13566 1 0.0832129 0.0389714 0.093118
4.2771 1 0.0808864 0.0389762 0.0931755
4.4188 1 0.0786803 0.0389824 0.093233
4.56037 1 0.0765919 0.0389883 0.0932918
4.70224 1 0.0746055 0.0389921 0.0933467
4.84392 1 0.0727022 0.0389962 0.0934005
4.98508 1 0.0708909 0.0390009 0.0934555
5.12663 1 0.0691596 0.0390048 0.0935076
5.26789 1 0.0674929 0.0390077 0.093558
5.40967 1 0.0658847 0.0390108 0.0936092
5.55146 1 0.0643311 0.0390144 0.09366
5.69293 1 0.0628375 0.0390182 0.0937126
5.83428 1 0.0614056 0.0390211 0.0937583
5.97574 1 0.0600315 0.0390248 0.0938047
6.11757 1 0.0587138 0.0390283 0.093851
6.25909 1 0.0574466 0.0390318 0.0938968
6.40087 1 0.0562273 0.0390354 0.0939422
6.54266 1 0.0550532 0.0390389 0.0939872
6.6839 1 0.0539207 0.0390422 0.0940315
6.82555 1 0.052827 0.0390454 0.0940752
6.96701 1 0.0517692 0.0390489 0.0941182
7.10912 1 0.0507453 0.039052 0.0941606
7.25058 1 0.0497535 0.039055 0.0942025
7.39179 1 0.0487919 0.0390579 0.0942437
7.53313 1 0.0478591 0.0390606 0.0942843
7.67846 1 0.0469513 0.0390635 0.0943244
7.82049 1 0.0460685 0.0390662 0.0943641
7.96169 1 0.0452102 0.0390687 0.0944032
8.10309 1 0.0443755 0.0390712 0.0944417
8.24464 1 0.0435634 0.0390736 0.0944797
8.38658 1 0.0427726 0.039076 0.0945173
8.5281 1 0.0420021 0.0390783 0.0945543
8.66946 1 0.0412512 0.0390805 0.0945909
8.81107 1 0.0405193 0.0390827 0.0946269
8.953 1 0.0398052 0.0390848 0.0946626
9.09447 1 0.0391084 0.0390869 0.0946976
9.23593 1 0.0384285 0.0390889 0.0947323
9.37768 1 0.0377649 0.0390909 0.0947665
9.51904 1 0.0371169 0.0390929 0.0948003
9.6604 1 0.0364838 0.0390948 0.0948336
9.80188 1 0.0358653 0.0390967 0.0948666
9.94329 1 0.0352608 0.0390985 0.0948991
10.085 1 0.0346697 0.0391004 0.0949312
10.2268 1 0.0340916 0.0391021 0.094963
10.3684 1 0.0335262 0.0391039 0.0949943
10.5096 1 0.0329729 0.0391056 0.0950253
10.651 1 0.0324312 0.0391072 0.095056
10.7926 1 0.031901 0.0391088 0.0950862
10.934 1 0.0313818 0.0391104 0.0951161
11.0755 1 0.0308734 0.039112 0.0951456
11.2167 1 0.030375 0.0391133 0.0951749
11.3581 1 0.0298867 0.0391148 0.0952037
11.4993 1 0.0294082 0.0391163 0.0952322
11.6409 1 0.0289392 0.0391178 0.0952603
11.7824 1 0.0284796 0.0391192 0.0952882
11.9238 1 0.0280289 0.0391207 0.0953157
12.0653 1 0.027587 0.0391221 0.0953428
12.2066 1 0.0271537 0.0391235 0.0953697
12.3482 1 0.0267286 0.0391248 0.0953962
12.4896 1 0.0263116 0.0391262 0.0954224
12.631 1 0.0259024 0.0391275 0.0954482
12.7721 1 0.0255009 0.0391288 0.0954738
12.9136 1 0.0251069 0.0391301 0.0954991
13.055 1 0.0247202 0.0391314 0.095524
13.1965 1 0.0243405 0.0391326 0.0955487
13.338 1 0.0239678 0.0391338 0.0955731
13.4791 1 0.0236018 0.039135 0.0955971
13.6206 1 0.0232423 0.0391362 0.0956209
13.7621 1 0.0228893 0.0391374 0.0956444
13.9036 1 0.0225426 0.0391386 0.0956677
14.045 1 0.022202 0.0391397 0.0956906
14.1867 1 0.0218674 0.0391409 0.0957133
