0.00217515 0 0 0.0341909 0.063955
0.176444 1 0.266104 0.0113431 0.0556703
0.31771 1 0.180984 0.00958316 0.04984
0.45955 1 0.104167 0.00884713 0.046114
0.601432 1 0.0752167 0.00844787 0.0435305
0.74375 1 0.0600796 0.00820296 0.041714
0.885836 1 0.0506685 0.00802197 0.0404294
1.02806 1 0.044059 0.00788734 0.0391879
1.16984 1 0.039139 0.00777774 0.0381467
1.31199 1 0.0353015 0.00768713 0.0372735
1.4538 1 0.0323251 0.00762487 0.0366824
1.59584 1 0.0299469 0.00758053 0.0362789
1.73803 1 0.0279897 0.00754786 0.0358619
1.88009 1 0.0263625 0.00752189 0.035491
2.02216 1 0.0249664 0.00750222 0.035224
2.16406 1 0.0237447 0.00748771 0.0351199
2.30632 1 0.0226757 0.00747725 0.0350581
2.44798 1 0.0217337 0.00747167 0.0350165
2.59012 1 0.0208976 0.00746797 0.0350117
2.73217 1 0.0201397 0.00746626 0.0350212
2.87391 1 0.0194417 0.00746608 0.0350356
3.01612 1 0.0188056 0.0074673 0.0350613
3.15819 1 0.0182198 0.00746911 0.0350939
3.3002 1 0.0176746 0.00747213 0.035129
3.44227 1 0.0171666 0.00747521 0.0351666
3.58435 1 0.0166925 0.00747846 0.0352073
3.72641 1 0.0162464 0.0074818 0.0352491
3.86862 1 0.0158259 0.0074851 0.0352912
4.01551 1 0.0154287 0.00748835 0.0353331
