0.00212983 0 0 0.196688 0.432958
0.170933 1 4.01851 0.0258573 0.0579281
0.311986 1 0.624993 0.0228456 0.055035
0.454089 1 0.376458 0.0213691 0.0526699
0.596524 1 0.257653 0.0205178 0.0519003
0.738815 1 0.194657 0.0200608 0.05211
0.880604 1 0.16054 0.0198397 0.0526779
1.02283 1 0.139306 0.0197145 0.0532889
1.16519 1 0.124491 0.0196493 0.0537509
1.31136 1 0.113213 0.0196157 0.0542225
1.45339 1 0.104189 0.0195928 0.054633
1.59538 1 0.0968064 0.0195741 0.05495
1.73821 1 0.0906228 0.0195596 0.0551905
1.8801 1 0.0852922 0.0195492 0.0553665
2.02226 1 0.0806657 0.0195396 0.055533
2.16437 1 0.0766174 0.0195373 0.0556954
2.30676 1 0.0730334 0.01954 0.0558467
2.44869 1 0.0698556 0.0195428 0.0559971
2.59093 1 0.0670089 0.0195457 0.0561112
2.73295 1 0.0644439 0.0195486 0.0561996
2.87473 1 0.0621101 0.0195539 0.0562598
3.01725 1 0.0599612 0.0195583 0.0563064
3.15938 1 0.0579708 0.019562 0.0563333
3.30157 1 0.0561121 0.0195668 0.0563798
3.44335 1 0.0543804 0.0195708 0.0564426
3.58544 1 0.0527632 0.0195739 0.0564736
3.72721 1 0.0512393 0.0195756 0.0564973
3.86956 1 0.0498055 0.0195785 0.0565229
4.0121 1 0.0484542 0.0195825 0.0565572
4.15426 1 0.0471759 0.0195862 0.056598
4.29645 1 0.0459664 0.0195907 0.0566364
4.43858 1 0.0448173 0.0195942 0.0566539
4.58057 1 0.0437256 0.0195984 0.0566779
4.72269 1 0.0426867 0.0196026 0.0567044
4.86461 1 0.0416882 0.0196056 0.0567036
5.00669 1 0.0407232 0.0196077 0.056699
5.14849 1 0.0397969 0.0196097 0.0566869
5.29051 1 0.0389087 0.0196128 0.0566944
5.43278 1 0.0380496 0.0196142 0.0566987
5.57472 1 0.0372206 0.0196166 0.056708
5.71663 1 0.0364239 0.0196193 0.0567198
5.85899 1 0.0356578 0.0196228 0.0567348
6.00152 1 0.0349191 0.0196255 0.0567476
6.14331 1 0.0342068 0.0196288 0.0567591
6.28551 1 0.0335196 0.019632 0.05677
6.42724 1 0.0328559 0.0196351 0.0567798
6.56973 1 0.0322142 0.0196382 0.0567885
