0.00221248 0 0 0.23127 0.374257
0.17191 1 6.22266 0.053085 0.167385
0.313946 1 1.22464 0.0496674 0.164518
0.457088 1 0.617857 0.0485549 0.162194
0.60011 1 0.418549 0.0480407 0.160872
0.743412 1 0.320311 0.047777 0.160144
0.886311 1 0.262736 0.0476193 0.159489
1.02971 1 0.223734 0.0475202 0.15906
1.17265 1 0.194872 0.0474848 0.158803
1.31563 1 0.17309 0.0474695 0.158639
1.45838 1 0.155964 0.0474818 0.15859
1.60168 1 0.142178 0.0474981 0.158494
1.74459 1 0.130899 0.0475116 0.158405
1.89118 1 0.121435 0.0475176 0.158348
2.03426 1 0.113419 0.0475253 0.158241
2.17724 1 0.106536 0.0475327 0.158149
2.32058 1 0.100585 0.0475452 0.158111
2.46326 1 0.0954542 0.0475586 0.158108
2.60641 1 0.0909428 0.0475655 0.158092
2.74956 1 0.0869256 0.0475715 0.158089
2.89286 1 0.0833068 0.0475812 0.15808
3.03742 1 0.0800361 0.0475879 0.158072
3.18025 1 0.0770497 0.0475975 0.158076
3.32311 1 0.0743298 0.0476067 0.158078
3.4661 1 0.0718316 0.0476123 0.158066
3.60889 1 0.0695214 0.047618 0.158046
3.7519 1 0.067382 0.0476241 0.158026
3.89496 1 0.0653931 0.0476293 0.158001
4.03803 1 0.0635265 0.0476335 0.157972
4.18055 1 0.0617659 0.0476368 0.157941
4.32341 1 0.0601066 0.0476409 0.157913
4.46641 1 0.0585345 0.0476442 0.157885
4.60965 1 0.0570381 0.0476493 0.157856
4.75241 1 0.0556169 0.0476531 0.157828
4.89523 1 0.0542649 0.0476565 0.1578
5.03828 1 0.0529744 0.0476597 0.15777
5.18128 1 0.0517409 0.0476625 0.157742
5.32439 1 0.0505598 0.0476654 0.157715
5.46725 1 0.0494267 0.0476681 0.157689
5.60993 1 0.0483381 0.0476711 0.157662
5.75314 1 0.0472914 0.0476736 0.157636
5.89583 1 0.0462806 0.0476757 0.15761
6.03906 1 0.0453051 0.0476778 0.157584
6.18186 1 0.044363 0.04768 0.157559
6.32476 1 0.0434525 0.0476816 0.157533
6.46755 1 0.0425717 0.0476836 0.157509
6.61046 1 0.0417199 0.0476856 0.157484
6.75324 1 0.0408952 0.0476874 0.157459
6.8965 1 0.0400956 0.0476893 0.157435
7.03979 1 0.0393196 0.0476911 0.157412
7.18273 1 0.0385669 0.0476929 0.157389
7.32541 1 0.0378354 0.0476946 0.157367
7.46809 1 0.0371247 0.0476962 0.157344
7.61139 1 0.0364343 0.0476978 0.157322
7.75423 1 0.0357629 0.0476994 0.1573
7.89693 1 0.03511 0.0477009 0.157279
8.03973 1 0.0344747 0.0477023 0.157257
8.18267 1 0.0338563 0.0477038 0.157236
8.32554 1 0.033254 0.0477052 0.157215
8.46841 1 0.0326671 0.0477065 0.157195
8.61141 1 0.032095 0.0477079 0.157175
8.75465 1 0.031537 0.0477092 0.157155
8.89738 1 0.0309927 0.0477104 0.157135
9.04026 1 0.0304614 0.0477117 0.157115
9.18301 1 0.0299426 0.0477129 0.157096
9.32615 1 0.029436 0.047714 0.157077
9.4694 1 0.0289411 0.0477152 0.157058
9.61247 1 0.0284574 0.0477163 0.157039
9.75518 1 0.0279845 0.0477174 0.157021
