0.00217305 0 0 0.200164 0.457626
0.171696 1 0.129742 0.0878904 0.206719
0.313064 1 2.68787 0.0798345 0.200391
0.45271 1 1.33869 0.0784832 0.197197
0.592171 1 0.906187 0.0783841 0.195953
0.732486 1 0.660443 0.0786953 0.195596
0.873135 1 0.517703 0.078966 0.195799
1.0127 1 0.428304 0.0791538 0.196381
1.15245 1 0.368547 0.0793176 0.196963
1.29183 1 0.325789 0.0794572 0.197279
1.43163 1 0.293604 0.0795756 0.197572
1.57106 1 0.268144 0.0796702 0.19783
1.71039 1 0.247848 0.0797545 0.198156
1.85005 1 0.231322 0.0798386 0.19837
1.98963 1 0.217551 0.0799016 0.198521
2.1291 1 0.205758 0.0799531 0.198666
2.26845 1 0.195311 0.0800123 0.19878
2.40799 1 0.185654 0.0800836 0.198883
2.54716 1 0.177202 0.0801357 0.198962
2.68686 1 0.169629 0.0801933 0.199209
2.82648 1 0.162841 0.0802327 0.200105
2.96575 1 0.156642 0.0802711 0.200916
3.10514 1 0.15097 0.0802964 0.201483
3.24477 1 0.145715 0.0803249 0.202078
3.38443 1 0.140869 0.0803444 0.202424
3.52368 1 0.136392 0.0803578 0.202665
3.66304 1 0.13223 0.0803693 0.202875
3.8029 1 0.128358 0.0803795 0.202967
3.94234 1 0.124735 0.0803868 0.203023
4.08174 1 0.12129 0.0804016 0.20326
4.22096 1 0.118014 0.0804085 0.203313
4.3605 1 0.114904 0.0804145 0.203349
4.49986 1 0.111954 0.0804198 0.203348
4.6392 1 0.109144 0.0804259 0.203338
4.77857 1 0.106455 0.0804314 0.203306
4.91812 1 0.103888 0.080436 0.203268
5.05765 1 0.101437 0.08044 0.203221
5.19706 1 0.0990932 0.0804433 0.203167
5.337 1 0.0968438 0.080447 0.203107
5.47626 1 0.0946839 0.0804502 0.203045
5.61589 1 0.0926038 0.0804542 0.202984
5.75518 1 0.0905963 0.0804576 0.20292
5.89505 1 0.0886604 0.0804603 0.202851
6.03428 1 0.0867921 0.0804631 0.202782
6.17382 1 0.0849851 0.0804661 0.202714
6.31369 1 0.0832367 0.0804686 0.202645
6.45323 1 0.0815455 0.0804709 0.202575
6.59257 1 0.0799065 0.0804735 0.202504
6.73181 1 0.0783179 0.0804756 0.202433
6.8716 1 0.0767727 0.0804791 0.202384
7.01135 1 0.0752712 0.0804809 0.202318
7.15098 1 0.0738126 0.0804821 0.202251
7.29028 1 0.0723953 0.0804837 0.202184
7.42999 1 0.0710168 0.0804856 0.202116
7.56935 1 0.0696738 0.0804877 0.202047
7.70844 1 0.0683625 0.080491 0.202025
7.84804 1 0.067086 0.0804929 0.201968
7.98773 1 0.0658396 0.0804972 0.202017
8.12705 1 0.0646253 0.080499 0.201987
8.26624 1 0.063437 0.0805019 0.201991
8.40571 1 0.0622787 0.0805035 0.201957
8.54482 1 0.06115 0.080505 0.201916
8.68437 1 0.0600494 0.0805063 0.201869
8.82396 1 0.0589723 0.0805089 0.20186
8.96348 1 0.0579208 0.0805104 0.201981
9.10288 1 0.0568947 0.0805117 0.202144
9.24242 1 0.055893 0.080513 0.202299
9.38212 1 0.0549147 0.0805142 0.202446
9.52136 1 0.053959 0.0805154 0.202586
9.66071 1 0.053025 0.0805166 0.20272
9.80013 1 0.0521075 0.0805205 0.202946
9.93941 1 0.05121 0.0805219 0.203102
10.0787 1 0.0503328 0.0805232 0.203244
10.2179 1 0.0494751 0.0805243 0.203376
10.3574 1 0.0486362 0.0805254 0.2035
10.4965 1 0.0478153 0.0805265 0.203617
10.6358 1 0.047012 0.0805275 0.203727
10.7751 1 0.0462256 0.0805285 0.203832
10.9143 1 0.0454556 0.0805295 0.203931
11.0535 1 0.0447015 0.0805305 0.204025
11.1931 1 0.0439629 0.0805314 0.204114
11.3327 1 0.0432393 0.0805323 0.204198
11.472 1 0.0425303 0.0805333 0.204279
11.6113 1 0.0418355 0.0805341 0.204355
11.7506 1 0.0411544 0.080535 0.204428
11.8901 1 0.0404866 0.0805359 0.204497
12.0295 1 0.039832 0.0805367 0.204562
12.169 1 0.0391899 0.0805376 0.204624
12.3081 1 0.0385603 0.0805384 0.204683
12.4474 1 0.0379426 0.0805392 0.204739
12.5868 1 0.0373367 0.08054 0.204792
12.7261 1 0.0367422 0.0805408 0.204842
12.8657 1 0.0361588 0.0805416 0.204889
13.0049 1 0.0355863 0.0805423 0.204934
13.1443 1 0.0350243 0.0805431 0.204977
13.2837 1 0.0344727 0.0805438 0.205017
13.4231 1 0.0339312 0.0805445 0.205054
13.5624 1 0.0333995 0.0805452 0.20509
13.7016 1 0.0328775 0.0805459 0.205123
13.8412 1 0.0323648 0.0805466 0.205154
13.9805 1 0.0318613 0.0805473 0.205184
