0.00210169 0 0 0.227681 0.450681
0.173822 1 7.12932 0.038475 0.0856576
0.315009 1 0.635782 0.0364712 0.0846461
0.457935 1 0.357392 0.0358378 0.0843871
0.600749 1 0.275078 0.0355663 0.0844681
0.743578 1 0.229717 0.0353998 0.0845524
0.886273 1 0.198275 0.0352794 0.0846703
1.02875 1 0.173664 0.0351646 0.0848069
1.17139 1 0.153385 0.0350701 0.0848789
1.31887 1 0.136767 0.0349975 0.0848983
1.46159 1 0.124174 0.0349542 0.0849459
1.60426 1 0.114384 0.034933 0.0850557
1.74699 1 0.106462 0.0349325 0.085165
1.89011 1 0.0997511 0.0349328 0.0852528
2.03295 1 0.0940284 0.0349356 0.0853406
2.17563 1 0.0890733 0.0349416 0.0854266
2.31837 1 0.0847183 0.0349532 0.0855048
2.46102 1 0.0808748 0.0349632 0.0855748
2.60388 1 0.0774558 0.0349696 0.0856374
2.74631 1 0.074364 0.0349775 0.0856934
2.88892 1 0.0715604 0.0349821 0.085744
3.03153 1 0.0690104 0.0349861 0.0857894
3.1743 1 0.0666701 0.03499 0.0858306
3.31684 1 0.064507 0.034994 0.085868
3.45932 1 0.0625025 0.0350004 0.0859018
3.60199 1 0.0606377 0.0350055 0.0859333
3.74481 1 0.0588928 0.0350093 0.0859621
3.8875 1 0.0572524 0.0350144 0.0859883
4.03016 1 0.0557065 0.0350183 0.0860128
4.17266 1 0.0542475 0.0350226 0.0860354
4.31534 1 0.052868 0.0350257 0.0860559
4.45815 1 0.05156 0.035029 0.0860752
4.60081 1 0.0503158 0.0350328 0.0860929
4.74321 1 0.0491309 0.0350364 0.0861093
4.88594 1 0.047998 0.0350393 0.0861245
5.02861 1 0.0469142 0.035042 0.0861383
5.17118 1 0.0458759 0.0350449 0.0861512
5.31377 1 0.0448805 0.0350473 0.0861631
5.45627 1 0.0439244 0.0350498 0.0861741
5.59913 1 0.0430053 0.0350522 0.0861842
5.7417 1 0.0421208 0.0350547 0.0861935
5.88446 1 0.0412678 0.0350566 0.086202
6.02708 1 0.0404435 0.0350584 0.0862096
6.17014 1 0.0396475 0.0350606 0.0862167
6.31257 1 0.0388786 0.0350628 0.0862238
6.45521 1 0.0381346 0.0350651 0.0862336
6.59787 1 0.0374141 0.0350672 0.0862429
6.7405 1 0.0367149 0.0350687 0.0862518
6.88332 1 0.0360341 0.0350698 0.0862601
7.02582 1 0.0353728 0.0350715 0.0862681
7.16837 1 0.0347296 0.0350729 0.0862758
7.31084 1 0.034104 0.0350745 0.086283
7.45361 1 0.0334963 0.0350762 0.08629
7.59622 1 0.0329055 0.0350779 0.0862965
7.73858 1 0.0323307 0.0350795 0.0863028
7.88136 1 0.0317694 0.0350807 0.0863087
8.02417 1 0.0312217 0.035082 0.0863143
8.16679 1 0.0306881 0.0350834 0.0863197
8.3092 1 0.0301682 0.0350849 0.0863248
8.45192 1 0.0296612 0.0350863 0.0863296
8.59481 1 0.0291665 0.0350877 0.0863341
