0.00210806 0 0 0.111266 0.260615
0.172581 1 1.39897 0.0321656 0.0903095
0.314506 1 0.828279 0.0291656 0.0880937
0.455509 1 0.471824 0.0276787 0.0876662
0.596531 1 0.324854 0.0268502 0.0878885
0.737473 1 0.254573 0.0264192 0.088291
0.878178 1 0.213575 0.0261622 0.0888251
1.01907 1 0.18683 0.0260274 0.0896307
1.16026 1 0.167247 0.025943 0.0905556
1.30134 1 0.152295 0.0259059 0.0914239
1.44219 1 0.140628 0.0258928 0.0921406
1.583 1 0.131052 0.0258985 0.0928209
1.72429 1 0.122991 0.0259061 0.0934671
1.86489 1 0.11604 0.0259182 0.0940258
2.00595 1 0.110011 0.0259278 0.0944968
2.14683 1 0.104655 0.0259385 0.0949386
2.29128 1 0.099871 0.0259489 0.0952984
2.43237 1 0.0955644 0.0259582 0.0956108
2.57312 1 0.0916757 0.0259672 0.0958782
2.71393 1 0.0881448 0.0259775 0.0961209
2.85464 1 0.0849182 0.0259862 0.0963066
2.99572 1 0.0819441 0.0259912 0.0964506
3.1365 1 0.07919 0.0259972 0.0965858
3.27712 1 0.0766363 0.0260049 0.0967016
3.4181 1 0.0742612 0.0260117 0.0968148
3.55919 1 0.0720403 0.0260176 0.0969165
3.70002 1 0.069948 0.0260269 0.0970553
3.84061 1 0.0679756 0.0260358 0.0971798
3.98171 1 0.0661121 0.0260442 0.0972812
4.1227 1 0.0643481 0.0260509 0.0973573
4.26347 1 0.0626765 0.0260573 0.0974213
4.40435 1 0.0610899 0.026063 0.0974768
4.54504 1 0.059578 0.0260677 0.0975213
4.68589 1 0.0581323 0.0260713 0.0975543
4.82675 1 0.0567491 0.0260764 0.0975944
4.9676 1 0.0554259 0.0260813 0.0976305
5.10828 1 0.0541561 0.0260865 0.0976645
5.24929 1 0.0529348 0.0260902 0.0976864
5.39046 1 0.0517593 0.0260945 0.0977059
5.53132 1 0.0506273 0.0260988 0.0977248
5.6722 1 0.0495361 0.0261027 0.097738
5.81276 1 0.0484834 0.0261067 0.0977519
5.95403 1 0.0474678 0.0261106 0.0977629
6.0946 1 0.0464869 0.0261144 0.0977711
6.2354 1 0.0455385 0.026118 0.0977768
6.37598 1 0.0446206 0.0261213 0.0977781
6.52588 1 0.0437314 0.0261249 0.09778
6.69146 1 0.0428696 0.0261283 0.0977799
6.83066 1 0.0420339 0.0261315 0.0977779
6.97022 1 0.0412231 0.0261347 0.0977741
7.10947 1 0.0404358 0.0261378 0.0978051
7.25035 1 0.039671 0.0261408 0.0978463
7.3898 1 0.0389272 0.0261436 0.0978845
7.52925 1 0.038203 0.0261461 0.0979209
7.66905 1 0.0374981 0.0261489 0.0979569
7.80853 1 0.036812 0.0261517 0.0979908
7.94815 1 0.0361439 0.0261544 0.0980226
8.08743 1 0.0354932 0.026157 0.0980527
8.22691 1 0.034859 0.0261595 0.098081
8.36647 1 0.0342408 0.026162 0.0981077
8.50591 1 0.033638 0.0261644 0.0981328
8.64524 1 0.0330498 0.0261668 0.0981566
8.78452 1 0.0324758 0.0261691 0.0981789
