0.00209743 0 0 0.0662865 0.154027
0.171806 1 0.480896 0.0175998 0.0511319
0.31266 1 0.375136 0.0154795 0.0493017
0.452539 1 0.220882 0.0145738 0.0476914
0.59254 1 0.158129 0.0140551 0.0466159
0.732586 1 0.123173 0.0137372 0.0459868
0.872504 1 0.10266 0.0135309 0.0456218
1.01237 1 0.088484 0.0133745 0.0453289
1.1522 1 0.0778652 0.0132491 0.0451182
1.29192 1 0.0699574 0.013162 0.044932
1.43551 1 0.0638558 0.0131066 0.0447922
1.5752 1 0.058987 0.0130655 0.0446867
1.71511 1 0.0550834 0.0130401 0.0446107
1.85474 1 0.0518531 0.01303 0.0445573
1.99447 1 0.0490786 0.0130265 0.0445143
2.13419 1 0.0466861 0.0130248 0.0444205
2.27396 1 0.0445595 0.0130229 0.0442787
2.41367 1 0.0426527 0.0130238 0.044187
2.55346 1 0.0409752 0.0130246 0.0441217
2.69363 1 0.0394752 0.013029 0.0440777
2.83327 1 0.038127 0.013034 0.0440413
2.97301 1 0.0368981 0.0130383 0.0440084
3.11248 1 0.035765 0.0130428 0.0439837
3.25277 1 0.0347121 0.0130465 0.0439634
3.3924 1 0.033728 0.0130503 0.0439477
3.53206 1 0.0328022 0.0130546 0.043935
3.67182 1 0.0319313 0.0130585 0.0439259
3.81136 1 0.0311153 0.0130625 0.0439194
3.95132 1 0.0303473 0.0130661 0.0439151
4.09078 1 0.0296178 0.0130699 0.0439126
4.23055 1 0.0289235 0.0130735 0.043912
4.37004 1 0.0282639 0.013077 0.0439138
4.51012 1 0.0276354 0.0130803 0.0439167
4.64985 1 0.0270349 0.0130831 0.0439186
4.78976 1 0.0264594 0.0130861 0.0439251
