0.00221001 0 0 0.179689 0.422429
0.171213 1 3.30486 0.0482779 0.104281
0.313482 1 1.17048 0.0455422 0.103827
0.454811 1 0.641097 0.044476 0.104145
0.595557 1 0.437057 0.043874 0.104223
0.736349 1 0.336165 0.043509 0.104295
0.876925 1 0.275577 0.0432608 0.1044
1.01793 1 0.234599 0.0430889 0.104506
1.16256 1 0.205564 0.042992 0.104607
1.30325 1 0.183672 0.0429339 0.104706
1.44401 1 0.166512 0.042893 0.104797
1.58462 1 0.152799 0.0428659 0.104879
1.72561 1 0.141754 0.0428627 0.104951
1.86632 1 0.132483 0.0428647 0.105012
2.00716 1 0.124533 0.0428774 0.105063
2.14761 1 0.11764 0.0428933 0.10511
2.28857 1 0.11165 0.0429076 0.10515
2.4293 1 0.106348 0.0429224 0.105183
2.56983 1 0.101581 0.0429325 0.10521
2.71055 1 0.0972772 0.0429426 0.105236
2.85141 1 0.0933804 0.0429531 0.105258
2.99261 1 0.089855 0.0429632 0.105287
3.13307 1 0.0866257 0.0429712 0.105317
3.27379 1 0.0836444 0.0429805 0.105344
3.41424 1 0.080872 0.0429873 0.105368
3.55523 1 0.0782725 0.0429953 0.10539
3.69607 1 0.0758423 0.0430016 0.10541
3.83682 1 0.0735582 0.0430073 0.105429
3.97771 1 0.0714192 0.0430129 0.105446
4.11836 1 0.069409 0.0430187 0.105462
4.259 1 0.0675167 0.0430237 0.105476
4.39964 1 0.0657227 0.0430293 0.105489
4.54034 1 0.0640074 0.0430338 0.105501
4.68131 1 0.0623708 0.0430379 0.105512
4.8218 1 0.0608112 0.0430417 0.105521
4.96246 1 0.059318 0.0430443 0.10553
5.10312 1 0.0578897 0.0430474 0.105538
5.24373 1 0.0565197 0.0430498 0.105546
5.38433 1 0.0552053 0.0430524 0.105552
5.52507 1 0.0539434 0.0430547 0.105559
5.66558 1 0.052729 0.0430569 0.105564
5.80636 1 0.0515641 0.0430599 0.105569
5.94726 1 0.0504455 0.0430631 0.105573
6.08794 1 0.0493691 0.0430658 0.105577
6.22853 1 0.0483316 0.0430684 0.10558
6.36897 1 0.04733 0.0430711 0.105583
6.5101 1 0.0463622 0.0430735 0.105586
6.65057 1 0.0454268 0.0430759 0.105588
6.79141 1 0.0445212 0.0430779 0.105589
6.93187 1 0.0436441 0.04308 0.105591
7.07274 1 0.0427941 0.0430822 0.105592
7.21339 1 0.0419695 0.043084 0.105592
7.35383 1 0.0411677 0.0430852 0.105593
7.49456 1 0.0403895 0.0430873 0.105593
7.63501 1 0.0396339 0.0430892 0.105593
7.77615 1 0.0388998 0.0430913 0.105593
7.91672 1 0.0381845 0.0430928 0.105592
8.0574 1 0.0374871 0.0430944 0.105592
8.19803 1 0.0368081 0.0430957 0.105591
8.33862 1 0.0361461 0.0430974 0.10559
8.47956 1 0.0355019 0.0430992 0.105589
8.62012 1 0.0348747 0.0431011 0.105587
8.76083 1 0.0342636 0.0431028 0.105586
8.90153 1 0.033668 0.0431045 0.105584
9.04216 1 0.0330872 0.0431061 0.105583
9.18264 1 0.0325205 0.0431077 0.105581
9.32318 1 0.0319671 0.0431093 0.105579
9.46427 1 0.0314266 0.0431108 0.105577
9.60477 1 0.0308987 0.0431123 0.105575
