0.00209723 0 0 0.0249836 0.0693165
0.1736 1 0.250331 0.0120739 0.0482947
0.315437 1 0.196076 0.0104889 0.0446464
0.458755 1 0.11752 0.00980493 0.042276
0.601438 1 0.0876479 0.00944862 0.040412
0.744277 1 0.0718676 0.00923349 0.0387966
0.887485 1 0.0617537 0.00908817 0.0375757
1.03031 1 0.0541078 0.00898033 0.0366547
1.1732 1 0.048256 0.00890143 0.0359616
1.31615 1 0.0439188 0.00884796 0.0353889
1.46003 1 0.0405023 0.00880986 0.0348556
1.60266 1 0.0376877 0.0087855 0.0344689
1.74555 1 0.0353534 0.00877171 0.0341807
1.88871 1 0.0333828 0.00876403 0.0339563
2.0317 1 0.0316863 0.00875965 0.0338134
2.17476 1 0.0302027 0.0087574 0.0338678
2.31733 1 0.0288998 0.00875738 0.033927
2.46055 1 0.0277333 0.0087593 0.0339966
2.60324 1 0.0266761 0.00876322 0.0340698
2.74607 1 0.0257106 0.00876664 0.0341444
2.88885 1 0.0248239 0.00877069 0.0342218
3.03144 1 0.0240054 0.00877541 0.0342965
3.17442 1 0.0232466 0.00877982 0.0343697
3.32127 1 0.0225397 0.00878416 0.0344411
3.46419 1 0.0218775 0.00878814 0.034509
3.6069 1 0.021256 0.00879259 0.0345735
3.74959 1 0.0206706 0.00879696 0.0346357
3.89278 1 0.0201177 0.00880096 0.0346968
4.0355 1 0.0195943 0.00880488 0.0347545
4.17858 1 0.0190978 0.00880874 0.03481
