0.00213863 0 0 0.24639 0.519292
0.17054 1 0.159005 0.0706082 0.228251
0.31291 1 2.54546 0.0629043 0.225687
0.456217 1 0.945898 0.0625764 0.228431
0.599349 1 0.615269 0.0625494 0.229741
0.742701 1 0.457374 0.0625207 0.230166
0.886063 1 0.368383 0.0625373 0.230193
1.02912 1 0.311816 0.062556 0.230105
1.17224 1 0.271904 0.0625736 0.229892
1.31523 1 0.241838 0.0626174 0.229731
1.45845 1 0.218887 0.0626672 0.229596
1.60156 1 0.200598 0.0627005 0.229531
1.7445 1 0.185324 0.0627604 0.229502
1.88786 1 0.172317 0.0627946 0.229478
2.03108 1 0.161323 0.0628239 0.229474
2.17433 1 0.151724 0.0628575 0.229484
2.3175 1 0.143158 0.0628951 0.2295
2.46072 1 0.135504 0.0629187 0.229491
2.60415 1 0.1287 0.0629449 0.229504
2.74729 1 0.122729 0.0629618 0.229509
2.8906 1 0.117338 0.0629801 0.229498
3.0334 1 0.112485 0.0629918 0.229487
3.17706 1 0.108127 0.0630027 0.22949
3.32004 1 0.104169 0.0630123 0.229492
3.46315 1 0.100534 0.0630201 0.229488
3.60623 1 0.0971879 0.0630283 0.229485
3.74944 1 0.0940847 0.0630327 0.229474
3.89698 1 0.0912002 0.0630402 0.229467
4.03987 1 0.088502 0.0630431 0.229447
4.18299 1 0.0859532 0.0630488 0.22944
4.32606 1 0.0835486 0.0630546 0.229429
4.47024 1 0.081284 0.0630599 0.229429
4.61332 1 0.079142 0.0630658 0.229446
4.75636 1 0.0771104 0.0630715 0.229462
4.89944 1 0.07518 0.0630757 0.229479
5.04259 1 0.0733412 0.0630791 0.229494
5.18567 1 0.0715851 0.0630827 0.229508
5.32854 1 0.0699083 0.0630864 0.229522
5.47165 1 0.0683045 0.0630899 0.229537
5.61492 1 0.0667671 0.0630931 0.229551
5.75782 1 0.0652914 0.0630963 0.229564
5.9011 1 0.0638732 0.0630993 0.229578
6.04403 1 0.0625088 0.0631021 0.229591
6.18728 1 0.0611944 0.0631048 0.229605
6.33039 1 0.0599266 0.0631074 0.229618
6.47347 1 0.0587024 0.0631098 0.229631
6.61647 1 0.0575194 0.0631122 0.229644
6.75962 1 0.0563746 0.0631143 0.229657
6.90281 1 0.0552662 0.0631164 0.229669
7.04573 1 0.0541925 0.0631185 0.229682
7.18892 1 0.0531514 0.0631205 0.229695
7.33288 1 0.0521412 0.0631225 0.229707
7.49617 1 0.0511606 0.0631244 0.229719
7.63938 1 0.0502081 0.0631262 0.229731
7.78232 1 0.0492822 0.0631279 0.229743
7.92543 1 0.0483798 0.0631298 0.229753
8.0685 1 0.0475006 0.0631316 0.229765
8.21153 1 0.046645 0.0631333 0.229777
8.3546 1 0.045812 0.0631349 0.229788
8.49755 1 0.0450004 0.0631364 0.229799
8.64077 1 0.0442094 0.0631379 0.22981
8.78369 1 0.0434381 0.0631394 0.229821
8.92663 1 0.0426857 0.0631408 0.229832
9.06953 1 0.0419513 0.0631421 0.229843
9.21272 1 0.0412342 0.0631435 0.229853
9.35558 1 0.0405338 0.0631446 0.229864
9.49863 1 0.0398494 0.0631459 0.229874
9.64185 1 0.0391806 0.0631472 0.229884
9.78491 1 0.0385269 0.0631484 0.229894
9.92811 1 0.0378871 0.0631495 0.229904
10.0709 1 0.0372609 0.0631506 0.229913
10.214 1 0.0366484 0.0631517 0.229923
10.3573 1 0.0360491 0.0631529 0.229933
10.5002 1 0.0354624 0.063154 0.229942
10.6433 1 0.0348882 0.063155 0.229951
10.7861 1 0.0343258 0.0631561 0.22996
10.9292 1 0.033775 0.0631571 0.229969
11.072 1 0.0332354 0.0631582 0.229978
11.215 1 0.0327064 0.0631592 0.229987
11.3579 1 0.0321878 0.0631602 0.229996
11.5009 1 0.0316795 0.0631611 0.230004
11.6441 1 0.0311813 0.0631621 0.230013
11.7872 1 0.0306927 0.063163 0.230021
11.9304 1 0.0302135 0.0631639 0.230029
12.0733 1 0.0297435 0.0631648 0.230038
12.2164 1 0.0292824 0.0631657 0.230046
12.3596 1 0.0288301 0.0631665 0.230054
