0.00209904 0 0 0.224494 0.472757
0.172084 1 5.76536 0.0416788 0.0939724
0.313812 1 0.573271 0.0396521 0.095121
0.454476 1 0.303309 0.0389195 0.0960027
0.594869 1 0.219774 0.0385326 0.0964243
0.735854 1 0.178382 0.0383129 0.0966029
0.876533 1 0.153723 0.038187 0.0965793
1.0171 1 0.137275 0.0381154 0.0965345
1.15762 1 0.124908 0.0380775 0.0964121
1.29825 1 0.115486 0.0380676 0.0962834
1.4392 1 0.107878 0.0380659 0.0961967
1.5797 1 0.101528 0.0380685 0.0960945
1.72028 1 0.0960917 0.0380697 0.0959985
1.86079 1 0.0913279 0.0380721 0.0959146
2.0015 1 0.087096 0.038075 0.0958445
2.1422 1 0.0832985 0.038078 0.0958113
2.28269 1 0.0798831 0.0380829 0.0957581
2.42328 1 0.0767836 0.0380878 0.0957066
2.56378 1 0.0739432 0.0380921 0.0956588
2.70841 1 0.0713189 0.0380967 0.0956186
2.84877 1 0.0688789 0.0381028 0.095583
2.98931 1 0.0666158 0.0381065 0.0955503
3.1299 1 0.0645141 0.0381109 0.0955217
3.27081 1 0.0625528 0.0381157 0.0954981
3.41125 1 0.0607146 0.0381189 0.0954746
3.55179 1 0.0589833 0.0381221 0.0954539
3.6922 1 0.0573454 0.0381257 0.095435
3.83279 1 0.0557952 0.0381289 0.0954186
3.97375 1 0.0543284 0.0381322 0.0954028
4.11405 1 0.052936 0.0381347 0.0953879
4.25459 1 0.0516095 0.0381375 0.0953744
4.39485 1 0.0503446 0.0381398 0.0953611
4.5356 1 0.0491375 0.0381425 0.0953486
4.67601 1 0.0479815 0.0381448 0.095337
4.81642 1 0.0468738 0.0381474 0.0953259
4.95693 1 0.0458106 0.038149 0.0953153
5.09758 1 0.0447882 0.0381509 0.0953051
5.23823 1 0.0438046 0.038153 0.0952953
5.37856 1 0.0428589 0.0381552 0.0952858
5.5193 1 0.0419468 0.0381566 0.0952767
5.65962 1 0.0410669 0.0381582 0.0952678
5.80032 1 0.0402172 0.0381598 0.0952593
5.94104 1 0.0393969 0.0381617 0.095251
6.08135 1 0.0386045 0.0381635 0.0952429
6.2219 1 0.0378384 0.0381653 0.095235
