0.00218356 0 0 0.108894 0.288981
0.172779 1 1.3218 0.0383023 0.0989096
0.313859 1 0.930833 0.0332564 0.0977126
0.453941 1 0.461559 0.0316193 0.0981688
0.593418 1 0.315942 0.0310114 0.0992381
0.733078 1 0.258317 0.0308301 0.100702
0.872904 1 0.225455 0.0307984 0.102085
1.01284 1 0.201916 0.0308085 0.10304
1.15242 1 0.18398 0.0308382 0.103807
1.29595 1 0.170048 0.0308792 0.104494
1.43555 1 0.158599 0.030921 0.105195
1.57495 1 0.148989 0.0309488 0.105669
1.71472 1 0.140856 0.0309698 0.105969
1.85418 1 0.133759 0.0309831 0.106164
1.99367 1 0.127503 0.0309978 0.106282
2.13383 1 0.121942 0.0310116 0.106347
2.27404 1 0.116932 0.0310215 0.106375
2.41356 1 0.112357 0.031033 0.106393
2.55328 1 0.108137 0.0310471 0.10642
2.69282 1 0.104257 0.031061 0.106435
2.83261 1 0.100668 0.0310759 0.106463
2.97246 1 0.097351 0.0310839 0.106413
3.11189 1 0.094269 0.0310902 0.106341
3.25164 1 0.091375 0.0310993 0.106292
3.39169 1 0.0886469 0.0311051 0.106211
3.53351 1 0.0860801 0.0311116 0.106127
3.67311 1 0.0836615 0.0311176 0.106033
3.81264 1 0.0813753 0.0311255 0.10596
3.95218 1 0.0792119 0.0311319 0.105867
4.09178 1 0.0771617 0.0311375 0.105775
4.23156 1 0.0752085 0.031143 0.105687
4.37106 1 0.0733389 0.0311489 0.105603
4.51086 1 0.0715492 0.031155 0.105527
4.65047 1 0.0698308 0.0311634 0.105485
4.79004 1 0.0681816 0.031169 0.105416
4.92994 1 0.0666016 0.0311734 0.105338
5.0694 1 0.0650851 0.0311778 0.105263
5.20909 1 0.0636254 0.0311826 0.105196
5.34865 1 0.0622221 0.0311866 0.105124
5.48815 1 0.0608706 0.031191 0.105058
5.62754 1 0.0595686 0.0311947 0.10499
5.76716 1 0.0583133 0.0311984 0.104925
