0.00216631 0 0 0.194657 0.439651
0.170322 1 6.01643 0.0354454 0.11056
0.311515 1 0.753392 0.033034 0.108571
0.451103 1 0.427053 0.0322133 0.106861
0.590759 1 0.307177 0.0317619 0.105237
0.730341 1 0.242132 0.0314401 0.103783
0.869486 1 0.201115 0.0312325 0.10277
1.00892 1 0.174047 0.0310917 0.101872
1.14862 1 0.154631 0.0309854 0.101165
1.28825 1 0.140035 0.0309042 0.100679
1.42761 1 0.128658 0.0308541 0.100315
1.56755 1 0.119449 0.0308081 0.0997926
1.708 1 0.111731 0.0307861 0.0994313
1.84708 1 0.105333 0.0307747 0.0992895
1.98635 1 0.0998141 0.0307619 0.0992364
2.12559 1 0.0949505 0.0307492 0.0992334
2.26492 1 0.090629 0.0307422 0.0992567
2.40419 1 0.0867396 0.0307377 0.099257
2.54356 1 0.0832344 0.0307424 0.0993385
2.68291 1 0.0800727 0.0307446 0.0993982
2.82199 1 0.0771725 0.0307443 0.0994525
2.96146 1 0.0744807 0.0307429 0.0995008
3.10081 1 0.0719831 0.0307453 0.0995682
3.24039 1 0.0696749 0.0307486 0.0996565
3.37946 1 0.0675129 0.0307501 0.0997509
3.51892 1 0.0654786 0.0307523 0.0998286
3.6582 1 0.0635629 0.0307578 0.0999109
3.79741 1 0.0617723 0.0307628 0.100015
3.93662 1 0.0600873 0.0307659 0.100096
4.08705 1 0.058492 0.0307683 0.100169
4.23715 1 0.0569845 0.0307721 0.100257
4.37621 1 0.0555569 0.0307752 0.100344
4.5155 1 0.0542014 0.0307787 0.100424
4.6551 1 0.052908 0.0307818 0.100492
4.79487 1 0.0516727 0.0307849 0.10056
4.93402 1 0.0504904 0.0307875 0.100621
5.07328 1 0.0493582 0.0307903 0.10068
5.21276 1 0.0482727 0.0307931 0.100735
