0.0023389 0 0 0.102087 0.282331
0.172997 1 1.35381 0.0319738 0.117679
0.315078 1 0.76133 0.0284055 0.129663
0.454281 1 0.332783 0.0273316 0.132944
0.593513 1 0.227207 0.0266894 0.132941
0.732999 1 0.180356 0.0262353 0.13229
0.872596 1 0.154014 0.0259001 0.131489
1.0125 1 0.136426 0.0256846 0.130993
1.15205 1 0.12344 0.0255377 0.130596
1.29156 1 0.113412 0.0254548 0.130383
1.4309 1 0.105224 0.0253955 0.130142
1.5708 1 0.0982705 0.0253498 0.129999
1.71022 1 0.0923529 0.0253132 0.129907
1.84975 1 0.0872688 0.0252884 0.129914
1.98918 1 0.0828118 0.0252719 0.129886
2.1288 1 0.0788606 0.0252553 0.129885
2.26842 1 0.0753289 0.025245 0.129876
2.40766 1 0.072175 0.0252422 0.129881
2.54699 1 0.0692617 0.0252309 0.129918
2.68659 1 0.066591 0.0252248 0.129926
2.82595 1 0.0641542 0.0252262 0.129956
2.96511 1 0.0619211 0.0252253 0.129989
3.10445 1 0.059853 0.0252268 0.130021
3.24388 1 0.0579123 0.0252314 0.130056
3.38333 1 0.0561206 0.0252377 0.130093
3.5229 1 0.054456 0.0252437 0.13013
3.6624 1 0.0528987 0.0252466 0.130171
3.80177 1 0.0514348 0.0252501 0.130199
3.94132 1 0.0500553 0.0252544 0.130233
4.08083 1 0.0487493 0.0252592 0.130267
4.22038 1 0.0475014 0.0252597 0.130301
4.35969 1 0.0463129 0.0252629 0.130329
4.49938 1 0.0451882 0.0252669 0.13036
4.63869 1 0.0441198 0.025271 0.13039
4.77811 1 0.0431022 0.025275 0.130419
4.9173 1 0.0421306 0.0252789 0.130447
5.05666 1 0.0411993 0.0252827 0.130475
5.19604 1 0.0403058 0.0252863 0.130501
5.33546 1 0.0394478 0.0252897 0.130527
5.47481 1 0.0386227 0.025293 0.130552
