0.00227149 0 0 0.0510047 0.149751
0.175187 1 0.488607 0.0139951 0.0506559
0.316951 1 0.248255 0.0111785 0.0383128
0.460883 1 0.126803 0.010355 0.0364805
0.603549 1 0.0931879 0.00998346 0.0361385
0.746808 1 0.0768628 0.00976956 0.0360459
0.889427 1 0.066662 0.00963177 0.0359807
1.03251 1 0.0590701 0.00952758 0.0359486
1.17542 1 0.0530646 0.00945301 0.0358965
1.31845 1 0.0480581 0.00939925 0.0359021
1.46181 1 0.0438774 0.0093586 0.0359074
1.60454 1 0.0404156 0.00933256 0.0359542
1.75874 1 0.0375954 0.00931522 0.0360128
1.9123 1 0.0352824 0.00930422 0.0360663
2.05521 1 0.0332884 0.00929673 0.0361131
2.19834 1 0.0315506 0.00929161 0.0361523
2.34102 1 0.0300518 0.00928794 0.0361883
2.48451 1 0.0287316 0.00928636 0.0362209
2.62709 1 0.0275439 0.00928536 0.0362456
2.77006 1 0.026458 0.00928505 0.0362725
2.9168 1 0.0254675 0.00928605 0.0362987
3.0596 1 0.0245557 0.00928805 0.0363219
3.20281 1 0.0237287 0.00929021 0.0363453
3.34541 1 0.0229748 0.00929211 0.0363683
3.48843 1 0.0222829 0.00929482 0.0363904
3.6316 1 0.021642 0.00929792 0.0364115
3.77455 1 0.0210452 0.00930097 0.0364338
3.91707 1 0.0204866 0.00930398 0.0364556
4.06003 1 0.0199596 0.0093071 0.0364773
4.20277 1 0.0194617 0.00931001 0.0364984
4.34574 1 0.0189897 0.00931274 0.0365188
