0.0021309 0 0 0.207148 0.461617
0.170172 1 4.09419 0.0449511 0.0835918
0.311157 1 1.28535 0.037327 0.0709783
0.453817 1 0.681275 0.0357031 0.0719526
0.595981 1 0.472703 0.0349035 0.0718971
0.737867 1 0.372207 0.0344738 0.0728115
0.879819 1 0.313486 0.0342129 0.0736314
1.02221 1 0.274468 0.034049 0.0744194
1.16491 1 0.24424 0.0339351 0.0751071
1.30727 1 0.220488 0.0338505 0.0756051
1.44911 1 0.201718 0.0338018 0.0760148
1.59166 1 0.187084 0.0337898 0.0763498
1.73351 1 0.174989 0.0338 0.0766638
1.87553 1 0.164582 0.0338117 0.0768965
2.0176 1 0.155531 0.0338268 0.0771973
2.16048 1 0.147579 0.0338453 0.0775658
2.31881 1 0.140567 0.0338714 0.0779425
2.46074 1 0.13425 0.0338953 0.0782426
2.60292 1 0.12855 0.0339158 0.0785603
2.74483 1 0.123387 0.0339352 0.0790188
2.887 1 0.118639 0.0339531 0.0794157
3.02889 1 0.114267 0.0339664 0.0797532
3.17096 1 0.110214 0.0339791 0.0800618
3.31293 1 0.106457 0.0339958 0.0803933
3.45498 1 0.102964 0.0340101 0.0806727
3.59915 1 0.0997179 0.0340222 0.080928
3.74352 1 0.0966956 0.0340335 0.0811574
3.88537 1 0.0938715 0.0340438 0.0813676
4.0274 1 0.0912131 0.034053 0.0815556
4.16913 1 0.0887079 0.0340629 0.0817403
4.31118 1 0.0863434 0.0340727 0.0819092
4.45302 1 0.0841025 0.0340821 0.0821512
4.59523 1 0.0819765 0.03409 0.082382
4.73717 1 0.079953 0.0340963 0.0825902
4.87973 1 0.0780235 0.0341026 0.0827924
5.02191 1 0.0761777 0.0341089 0.0829837
5.1639 1 0.0744098 0.0341164 0.0831663
5.30728 1 0.0727151 0.0341224 0.0833394
5.44884 1 0.0710896 0.0341281 0.0835024
5.59078 1 0.069525 0.034134 0.0836564
5.73293 1 0.0680187 0.0341392 0.0838041
5.87526 1 0.0665663 0.034144 0.0839443
6.01725 1 0.0651653 0.0341488 0.084078
6.15916 1 0.0638081 0.0341546 0.0842057
6.30133 1 0.0624936 0.03416 0.0843399
6.4436 1 0.0612189 0.0341648 0.0844634
6.58602 1 0.059983 0.0341689 0.0845806
6.72793 1 0.0587863 0.034173 0.0846918
6.8699 1 0.0576278 0.034177 0.0847975
7.01198 1 0.0565024 0.0341798 0.0848984
7.1538 1 0.0554069 0.0341828 0.0849953
7.29568 1 0.0543438 0.0341863 0.0850869
7.43734 1 0.0533124 0.0341897 0.0851745
7.5797 1 0.0523105 0.0341926 0.0852488
7.72163 1 0.0513369 0.0341958 0.0853252
7.86382 1 0.0503905 0.0341989 0.0853996
8.00603 1 0.0494699 0.0342019 0.0854718
8.14787 1 0.0485737 0.034205 0.0855416
8.28995 1 0.0477009 0.034208 0.0856089
