0.00220733 0 0 0.207516 0.448068
0.170745 1 5.9407 0.0525151 0.163302
0.311587 1 1.13585 0.0474518 0.16018
0.450927 1 0.533652 0.0463757 0.158918
0.590454 1 0.361598 0.0459198 0.158448
0.729963 1 0.286325 0.0457096 0.158542
0.869593 1 0.242779 0.0456062 0.159188
1.00871 1 0.21352 0.0455478 0.159726
1.14833 1 0.192123 0.0455392 0.160459
1.29148 1 0.175563 0.0455594 0.161255
1.43112 1 0.161991 0.0455929 0.161954
1.57049 1 0.150773 0.0456385 0.162607
1.70988 1 0.141314 0.0456763 0.163149
1.84928 1 0.133197 0.0457173 0.163761
1.98879 1 0.126169 0.04575 0.164219
2.1281 1 0.119961 0.0457836 0.16465
2.26731 1 0.114423 0.0458071 0.164923
2.40671 1 0.109468 0.0458236 0.165111
2.54647 1 0.105028 0.045835 0.165263
2.69658 1 0.101028 0.0458445 0.16538
2.83596 1 0.0973879 0.0458526 0.165463
2.9752 1 0.0940339 0.0458569 0.165547
3.1147 1 0.090907 0.0458614 0.165628
3.2541 1 0.0879999 0.045868 0.165731
3.39346 1 0.0852985 0.0458766 0.165859
3.53251 1 0.0827743 0.0458807 0.165939
3.67175 1 0.0804021 0.0458878 0.166069
3.81128 1 0.0781743 0.0458932 0.166159
3.95039 1 0.0760687 0.0458974 0.166233
4.08969 1 0.0740794 0.045903 0.166342
4.22882 1 0.0721926 0.0459077 0.16643
4.36851 1 0.0704045 0.0459123 0.166513
4.50778 1 0.0687062 0.0459167 0.16659
4.64718 1 0.0670892 0.0459207 0.166663
4.78662 1 0.0655459 0.0459244 0.166732
4.92581 1 0.06407 0.045928 0.166797
5.0653 1 0.0626558 0.0459317 0.166859
5.20457 1 0.0612973 0.045936 0.16694
5.34414 1 0.0599913 0.0459392 0.167009
5.48322 1 0.0587348 0.0459423 0.167073
5.62286 1 0.0575242 0.0459452 0.167132
5.76193 1 0.0563539 0.0459476 0.167178
5.9012 1 0.0552225 0.0459497 0.167225
6.04041 1 0.0541293 0.0459522 0.167271
6.17985 1 0.0530708 0.0459556 0.167333
6.31919 1 0.0520458 0.0459582 0.167386
6.45829 1 0.0510531 0.0459606 0.167435
6.59766 1 0.0500907 0.0459629 0.167481
6.73706 1 0.0491542 0.045966 0.167529
6.87671 1 0.0482438 0.0459686 0.16757
7.01578 1 0.0473598 0.0459708 0.167609
7.1552 1 0.0465006 0.0459729 0.167647
