0.00204719 0 0 0.218535 0.488204
0.172069 1 0.0429471 0.150445 0.546713
0.313149 1 7.53793 0.143167 0.579692
0.453307 1 2.28251 0.142996 0.602131
0.593018 1 1.30011 0.142866 0.614274
0.73265 1 0.908041 0.142761 0.619566
0.873374 1 0.703376 0.142646 0.621446
1.01474 1 0.579923 0.142556 0.62275
1.15555 1 0.497153 0.142587 0.62393
1.29597 1 0.437595 0.142658 0.625039
1.43685 1 0.391607 0.142791 0.626409
1.57742 1 0.354666 0.142847 0.627113
1.71797 1 0.324298 0.142939 0.627876
1.85868 1 0.299115 0.142999 0.628419
1.99924 1 0.277707 0.143065 0.628941
2.13991 1 0.259858 0.143115 0.629364
2.28025 1 0.244469 0.143161 0.629721
2.4209 1 0.231026 0.143193 0.630008
2.56171 1 0.219083 0.14324 0.630303
2.70213 1 0.208396 0.143274 0.630481
2.8427 1 0.198727 0.143302 0.630555
2.98332 1 0.190007 0.143335 0.630783
3.12386 1 0.182105 0.143343 0.630851
3.26457 1 0.174926 0.143364 0.630975
3.40511 1 0.168334 0.143373 0.630948
3.5454 1 0.162266 0.143381 0.630958
3.68613 1 0.156689 0.143389 0.630973
3.82695 1 0.151457 0.143399 0.631043
3.96745 1 0.146554 0.143422 0.631272
4.1079 1 0.142013 0.143431 0.631317
4.24832 1 0.137788 0.143446 0.631402
4.38911 1 0.133808 0.143445 0.631337
4.5294 1 0.129992 0.143442 0.631241
4.66986 1 0.126399 0.143447 0.631187
4.81029 1 0.123019 0.143449 0.631139
4.95123 1 0.119813 0.143452 0.631084
5.09191 1 0.116778 0.143455 0.631038
5.2325 1 0.113888 0.143456 0.630992
5.37299 1 0.111116 0.143458 0.630933
5.51329 1 0.108464 0.14346 0.630899
5.65427 1 0.105926 0.143462 0.630864
5.79462 1 0.10349 0.143464 0.630833
5.9351 1 0.101155 0.143469 0.630811
6.07556 1 0.0989069 0.143468 0.630782
6.21611 1 0.096746 0.143469 0.630756
6.35669 1 0.0946595 0.143472 0.630729
6.49694 1 0.0926354 0.143473 0.630699
6.63746 1 0.0906823 0.143474 0.630668
6.77806 1 0.0888008 0.143476 0.630644
6.91866 1 0.0869875 0.143477 0.630624
7.05918 1 0.0852334 0.143479 0.630605
7.19958 1 0.0835384 0.143481 0.630587
7.34021 1 0.0818996 0.143482 0.630569
7.48059 1 0.0803139 0.143483 0.630551
7.62133 1 0.0787776 0.143484 0.630532
7.762 1 0.0772876 0.143485 0.630516
7.90273 1 0.0758423 0.143486 0.630501
8.04324 1 0.0744387 0.143487 0.630486
8.18363 1 0.073075 0.143488 0.630472
8.32413 1 0.07175 0.14349 0.630458
8.46445 1 0.0704616 0.143491 0.630444
8.60503 1 0.0692034 0.143492 0.630431
8.74536 1 0.0679761 0.143493 0.630419
8.88589 1 0.0667814 0.143494 0.630406
9.02632 1 0.0656177 0.143495 0.630394
9.16728 1 0.0644835 0.143496 0.630383
9.30764 1 0.0633777 0.143497 0.630372
9.44806 1 0.0622991 0.143497 0.630361
9.58861 1 0.0612465 0.143498 0.630351
9.72895 1 0.0602189 0.143499 0.630341
9.86947 1 0.0592127 0.143501 0.63033
10.0098 1 0.0582284 0.143502 0.630321
10.1506 1 0.0572639 0.143503 0.630312
10.2909 1 0.0563203 0.143504 0.630305
10.4314 1 0.0553961 0.143505 0.630297
10.5718 1 0.0544907 0.143505 0.630286
10.712 1 0.0536054 0.143505 0.630279
10.8525 1 0.0527392 0.143506 0.630273
10.9932 1 0.0518915 0.143507 0.630266
11.1336 1 0.051062 0.143508 0.630259
11.274 1 0.05025 0.143508 0.630252
11.4145 1 0.049455 0.143509 0.630245
11.5548 1 0.0486764 0.143509 0.630239
11.6954 1 0.0479136 0.14351 0.630233
11.836 1 0.0471662 0.143511 0.630227
11.9765 1 0.0464295 0.143513 0.630221
12.1169 1 0.0457059 0.143513 0.630215
12.2573 1 0.0449969 0.143514 0.630209
12.3978 1 0.0443019 0.143515 0.630204
12.538 1 0.0436206 0.143515 0.630198
12.6785 1 0.0429525 0.143516 0.630193
12.8188 1 0.0422972 0.143516 0.630188
12.9592 1 0.0416544 0.143517 0.630183
13.0998 1 0.0410238 0.143517 0.630179
13.2404 1 0.0404049 0.143518 0.630175
13.3809 1 0.0397974 0.143518 0.63017
13.5212 1 0.0392011 0.143519 0.630166
13.6619 1 0.0386157 0.143519 0.630162
13.8022 1 0.0380409 0.14352 0.630159
13.9427 1 0.0374764 0.14352 0.630155
14.083 1 0.036922 0.14352 0.630151
