0.00230569 0 0 0.22094 0.480341
0.172743 1 7.0586 0.0369318 0.081862
0.314749 1 0.566429 0.034587 0.0834036
0.455061 1 0.273297 0.0339711 0.0844603
0.595519 1 0.201426 0.0336685 0.0845737
0.736065 1 0.168633 0.0334934 0.0843551
0.876816 1 0.148942 0.0334096 0.0840592
1.01749 1 0.135003 0.0333723 0.0838201
1.16159 1 0.124061 0.0333503 0.0835931
1.30202 1 0.115235 0.0333407 0.0833509
1.4425 1 0.107883 0.0333406 0.0831542
1.58291 1 0.101656 0.0333424 0.0829952
1.72306 1 0.0962783 0.0333475 0.0828493
1.86354 1 0.091573 0.0333525 0.082751
2.00421 1 0.0874153 0.033359 0.0826784
2.14437 1 0.0837128 0.0333668 0.0826151
2.28512 1 0.080388 0.0333723 0.0825618
2.42528 1 0.0773629 0.0333757 0.082511
2.56568 1 0.0745922 0.0333801 0.0824714
2.70634 1 0.0720424 0.0333834 0.0824357
2.84687 1 0.0696776 0.0333882 0.0823974
2.98721 1 0.0674787 0.033393 0.0823696
3.12882 1 0.0654286 0.0333966 0.0823452
3.2903 1 0.0635101 0.0334004 0.0823227
3.42974 1 0.0617019 0.0334017 0.0823021
3.56929 1 0.0599945 0.033405 0.0822831
3.70863 1 0.0583815 0.0334081 0.0822653
3.84872 1 0.0568496 0.0334115 0.0822488
3.9881 1 0.0553943 0.0334146 0.0822333
4.12763 1 0.0540105 0.0334174 0.0822187
4.2675 1 0.0526905 0.0334197 0.082205
4.40726 1 0.0514295 0.0334224 0.0821919
4.54698 1 0.0502243 0.0334253 0.0821795
4.6866 1 0.0490706 0.0334281 0.0821678
4.82618 1 0.0479645 0.0334308 0.0821566
