0.00220397 0 0 0.0981492 0.203372
0.172043 1 1.61992 0.0275541 0.0901633
0.313245 1 0.608163 0.0247252 0.0865171
0.455965 1 0.310975 0.0236573 0.0833241
0.598287 1 0.216533 0.023125 0.0811279
0.740407 1 0.17138 0.0228351 0.0805654
0.882851 1 0.145559 0.0227223 0.0805559
1.02521 1 0.12712 0.0226351 0.0798292
1.16793 1 0.113204 0.0226085 0.0794271
1.31022 1 0.101706 0.0225947 0.0786104
1.45239 1 0.0920609 0.0225915 0.0779888
1.59461 1 0.0840442 0.022593 0.0774418
1.73716 1 0.0772542 0.022596 0.0769339
1.87952 1 0.0713898 0.0225949 0.0763482
2.02159 1 0.0665079 0.0226036 0.0759724
2.16385 1 0.0622416 0.0226056 0.0754985
2.31023 1 0.0585293 0.0226094 0.0751016
2.45232 1 0.0553204 0.0226151 0.0748102
2.59481 1 0.0525176 0.0226223 0.0745708
2.73682 1 0.0500622 0.0226302 0.074372
2.87941 1 0.0478831 0.0226357 0.0742028
3.02161 1 0.0459342 0.0226404 0.0741046
3.1638 1 0.0441691 0.0226457 0.0740256
3.30617 1 0.0425583 0.0226506 0.0739489
3.44819 1 0.0410815 0.0226567 0.0738926
3.59085 1 0.0397222 0.0226625 0.0738435
3.73305 1 0.0384624 0.0226683 0.0738065
3.87547 1 0.0372896 0.0226737 0.0737756
4.01757 1 0.0361952 0.0226782 0.073745
4.15993 1 0.0351702 0.0226826 0.0737176
4.30193 1 0.0342022 0.0226867 0.0737295
4.44413 1 0.0332853 0.0226913 0.0737494
4.58636 1 0.032415 0.0226942 0.07376
4.72845 1 0.0315859 0.0226983 0.0737824
4.87079 1 0.0307995 0.0227017 0.0737995
5.01305 1 0.030049 0.0227063 0.0738344
5.15559 1 0.0293328 0.0227097 0.0738561
5.29804 1 0.0286495 0.0227127 0.073875
5.44014 1 0.027996 0.0227155 0.0738927
5.58232 1 0.02737 0.0227181 0.0739097
