0.00210573 0 0 0.185618 0.406579
0.17122 1 4.69999 0.0367627 0.0967419
0.312597 1 1.02754 0.0327714 0.096144
0.453101 1 0.551516 0.0311414 0.0960142
0.593059 1 0.376121 0.0303266 0.0960736
0.732822 1 0.292017 0.0298749 0.09625
0.873053 1 0.244056 0.0296154 0.0964011
1.01274 1 0.212951 0.0294737 0.0967271
1.15304 1 0.189531 0.0293814 0.0969609
1.29291 1 0.171398 0.0293311 0.0972041
1.43312 1 0.156809 0.0293172 0.097525
1.57288 1 0.144662 0.029311 0.0978559
1.71269 1 0.134436 0.0293117 0.0981613
1.85262 1 0.125667 0.0293124 0.0984004
1.99229 1 0.11813 0.0293231 0.0986799
2.13233 1 0.111526 0.02933 0.098907
2.2725 1 0.105591 0.0293391 0.0991588
2.41252 1 0.100346 0.0293457 0.0993273
2.55227 1 0.0956607 0.029353 0.0994706
2.69198 1 0.0914574 0.0293602 0.0995928
2.83187 1 0.0876452 0.0293681 0.0996897
2.97201 1 0.0842124 0.0293762 0.099778
3.11175 1 0.0811033 0.0293839 0.0998543
3.2515 1 0.0782551 0.0293891 0.099941
3.39132 1 0.0756768 0.0293943 0.100003
3.53144 1 0.0733017 0.0293974 0.100058
3.67133 1 0.0710915 0.0294015 0.1001
3.81089 1 0.0690339 0.0294057 0.100131
3.95073 1 0.0670987 0.02941 0.100206
4.09083 1 0.065275 0.0294144 0.100272
4.23059 1 0.063563 0.0294188 0.100329
4.37065 1 0.0619453 0.0294227 0.100381
4.5105 1 0.0604142 0.0294266 0.100427
4.65038 1 0.0589601 0.02943 0.100472
4.79013 1 0.057574 0.0294337 0.100516
4.9302 1 0.0562503 0.0294374 0.100555
5.06995 1 0.0549849 0.0294409 0.100592
5.20977 1 0.0537721 0.0294442 0.100626
5.35005 1 0.0526041 0.0294465 0.100657
5.48964 1 0.0514804 0.0294496 0.100688
5.6294 1 0.0503981 0.0294525 0.100717
5.7691 1 0.0493554 0.0294556 0.100745
5.90919 1 0.04835 0.0294587 0.100772
6.04883 1 0.0473794 0.0294616 0.100797
