0.00212497 0 0 0.0659372 0.326965
0.175094 1 1.38744 0.0267126 0.130986
0.315833 1 0.661486 0.0244614 0.130506
0.455591 1 0.353764 0.0234692 0.129026
0.595033 1 0.234121 0.0228629 0.126989
0.734707 1 0.178041 0.0223881 0.124594
0.874098 1 0.145502 0.0220159 0.122781
1.01349 1 0.124519 0.0217429 0.121528
1.15319 1 0.108855 0.0215037 0.120376
1.29234 1 0.097186 0.0213329 0.119656
1.43176 1 0.0886499 0.0212431 0.119387
1.57122 1 0.0815844 0.0211489 0.118958
1.71066 1 0.0755153 0.0210667 0.118584
1.84993 1 0.0704997 0.0210243 0.118432
1.98923 1 0.066028 0.0209629 0.11821
2.12859 1 0.0621483 0.0209222 0.118093
2.26802 1 0.0588677 0.0208998 0.118043
2.40746 1 0.0559406 0.0208759 0.118003
2.54683 1 0.0533025 0.0208656 0.117995
2.68638 1 0.0509818 0.0208724 0.118064
2.82974 1 0.0488912 0.0208678 0.11805
2.9691 1 0.0469735 0.0208591 0.11804
3.10839 1 0.0452361 0.0208578 0.118057
3.24771 1 0.0436512 0.0208549 0.11803
3.38738 1 0.0421959 0.0208569 0.118033
3.5266 1 0.0408524 0.0208613 0.118053
3.66596 1 0.0396017 0.0208665 0.118074
3.80521 1 0.0384359 0.0208716 0.118096
3.94473 1 0.0373446 0.0208765 0.118119
4.08422 1 0.0363188 0.0208813 0.118141
4.22361 1 0.0353508 0.0208857 0.118162
4.36288 1 0.03443 0.0208923 0.118192
4.50228 1 0.0335529 0.0208969 0.118209
4.64192 1 0.0327192 0.0209008 0.118223
4.78124 1 0.0319244 0.0209046 0.118236
4.92062 1 0.0311658 0.0209082 0.118248
