0.00212342 0 0 0.0494042 0.101974
0.172237 1 0.558607 0.0119949 0.0520158
0.313229 1 0.185785 0.00993857 0.0463896
0.452637 1 0.107005 0.00925247 0.0433518
0.591616 1 0.0802356 0.00891992 0.0414257
0.730888 1 0.066054 0.00871082 0.0399922
0.869888 1 0.0565191 0.00856394 0.0387769
1.00929 1 0.0498251 0.00846396 0.0379111
1.14823 1 0.0448986 0.00839543 0.0371473
1.28824 1 0.0411336 0.00834969 0.0365423
1.42968 1 0.0381658 0.00831699 0.0359079
1.57139 1 0.0357336 0.00829389 0.035393
1.71061 1 0.0336906 0.00827502 0.0349249
1.84973 1 0.0319599 0.00826617 0.0345555
1.98882 1 0.0304728 0.00826216 0.0342339
2.132 1 0.0291754 0.00826024 0.0339685
2.27129 1 0.028033 0.00826089 0.0337734
2.4102 1 0.0270147 0.00826253 0.0336149
2.54929 1 0.0260967 0.00826574 0.0334906
2.6891 1 0.0252596 0.00826883 0.0333833
2.82831 1 0.0244853 0.00827188 0.0332998
2.96756 1 0.0237662 0.00827581 0.0332351
3.10652 1 0.0230957 0.00827985 0.0331834
3.24558 1 0.0224687 0.00828393 0.0331419
3.38483 1 0.0218788 0.00828796 0.0331085
3.52392 1 0.021322 0.00829177 0.0330818
3.66311 1 0.0207953 0.0082956 0.0330605
3.80253 1 0.0202954 0.00829933 0.0330435
3.94181 1 0.0198196 0.0083031 0.0330325
4.08067 1 0.0193655 0.00830667 0.0330232
4.21984 1 0.0189313 0.00831014 0.0330164
