0.00211914 0 0 0.194598 0.418063
0.174284 1 4.15017 0.0262454 0.0575676
0.316407 1 0.729753 0.0232264 0.05478
0.459749 1 0.443258 0.0217054 0.0529695
0.603296 1 0.319984 0.0209004 0.052699
0.746389 1 0.255497 0.0204515 0.0532064
0.889302 1 0.215183 0.0201669 0.053998
1.03241 1 0.186381 0.0199873 0.0549243
1.1754 1 0.16438 0.0198708 0.0557872
1.31835 1 0.147859 0.0197983 0.0565796
1.46131 1 0.134842 0.0197638 0.0573928
1.6043 1 0.124132 0.0197417 0.0582246
1.74744 1 0.115149 0.0197282 0.0589357
1.89003 1 0.107404 0.0197259 0.0595611
2.03277 1 0.100673 0.0197243 0.0601283
2.17572 1 0.0948384 0.0197295 0.0606491
2.32249 1 0.0897213 0.0197441 0.0611896
2.46545 1 0.0852224 0.0197584 0.0616404
2.60855 1 0.0812116 0.0197718 0.0619931
2.75143 1 0.0776591 0.019782 0.062247
2.89413 1 0.0744844 0.0197914 0.062458
3.03759 1 0.0716125 0.0198038 0.0626195
3.18051 1 0.0689788 0.0198142 0.0627611
3.32339 1 0.0665506 0.0198279 0.0628923
3.46624 1 0.064331 0.0198389 0.0630175
3.6096 1 0.0622935 0.0198472 0.0631202
3.75267 1 0.0603989 0.0198581 0.0632523
3.89568 1 0.0586188 0.0198662 0.0633434
4.03851 1 0.056952 0.0198736 0.0634326
4.18157 1 0.0553912 0.0198819 0.0635305
4.3243 1 0.0539227 0.0198895 0.0636171
4.46702 1 0.0525324 0.0198962 0.063692
4.61003 1 0.0512172 0.0199028 0.0637571
4.75309 1 0.0499709 0.0199092 0.0638131
4.89576 1 0.0487857 0.019915 0.063861
5.03861 1 0.0476531 0.0199212 0.063903
5.18131 1 0.0465716 0.0199269 0.0639391
5.32437 1 0.0455323 0.0199321 0.06397
5.46802 1 0.0445337 0.019937 0.0639964
5.61069 1 0.0435723 0.0199414 0.0640187
5.75373 1 0.0426477 0.019946 0.0640373
5.89622 1 0.0417589 0.0199504 0.0640525
6.03907 1 0.0409023 0.0199552 0.0640648
6.18194 1 0.0400761 0.0199594 0.0640741
6.32477 1 0.0392784 0.0199632 0.0640794
6.46757 1 0.0385076 0.0199671 0.0640832
6.61104 1 0.0377622 0.0199708 0.0640852
6.75402 1 0.0370377 0.0199741 0.0640783
6.89676 1 0.0363336 0.0199778 0.0640725
7.03977 1 0.0356513 0.0199812 0.0640659
7.18268 1 0.0349888 0.0199848 0.0640604
7.32556 1 0.0343453 0.0199881 0.0640546
7.46827 1 0.0337195 0.0199904 0.0640334
7.61136 1 0.0331092 0.0199937 0.064019
7.75438 1 0.0325157 0.0199967 0.0640057
7.89736 1 0.0319386 0.0199996 0.0639929
8.0402 1 0.031377 0.0200024 0.0639802
