0.00219958 0 0 0.223683 0.406598
0.172558 1 5.3123 0.0723195 0.172625
0.315429 1 1.43819 0.0704999 0.170225
0.458716 1 0.767109 0.0700483 0.168482
0.601468 1 0.534323 0.0698817 0.167468
0.744128 1 0.425229 0.0698265 0.166839
0.887482 1 0.361089 0.0697827 0.166575
1.03027 1 0.316436 0.0697911 0.166456
1.17324 1 0.282962 0.0698103 0.166394
1.31631 1 0.257053 0.0698271 0.16637
1.46374 1 0.235911 0.069852 0.166318
1.60635 1 0.218363 0.0698808 0.166355
1.74895 1 0.203546 0.0699078 0.166467
1.89222 1 0.190785 0.0699327 0.166626
2.03506 1 0.17974 0.0699566 0.166801
2.17814 1 0.170018 0.0699844 0.166949
2.32109 1 0.161443 0.0700057 0.167115
2.46408 1 0.153876 0.070027 0.167324
2.60688 1 0.147102 0.0700426 0.167491
2.75001 1 0.141012 0.0700591 0.167631
2.89285 1 0.135516 0.0700743 0.167753
3.03554 1 0.130503 0.0700831 0.167854
3.17813 1 0.125896 0.0700937 0.167945
3.32112 1 0.121638 0.0701052 0.16802
3.46442 1 0.117698 0.0701108 0.168075
3.60712 1 0.114044 0.0701185 0.168123
3.74999 1 0.110634 0.0701287 0.168169
3.89324 1 0.107431 0.0701364 0.168204
4.03587 1 0.104409 0.0701442 0.168233
4.17884 1 0.101547 0.0701491 0.168251
4.32129 1 0.0988322 0.0701561 0.168277
4.46451 1 0.0962471 0.070162 0.168303
4.6072 1 0.0937794 0.070165 0.168322
4.74994 1 0.0914234 0.07017 0.16834
4.89262 1 0.0891745 0.0701726 0.168349
5.03541 1 0.0870274 0.0701772 0.16836
5.17854 1 0.0849727 0.0701807 0.168368
5.32128 1 0.083001 0.0701841 0.168374
5.46415 1 0.0811038 0.0701866 0.168381
5.60668 1 0.0792802 0.0701899 0.168385
5.74989 1 0.0775266 0.0701924 0.168381
5.89282 1 0.0758362 0.0701939 0.168374
6.03557 1 0.074207 0.0701963 0.168366
6.17855 1 0.0726331 0.0701989 0.168363
6.32145 1 0.071112 0.0702013 0.168362
6.46438 1 0.0696372 0.0702046 0.168358
6.6068 1 0.068203 0.0702095 0.168359
6.74944 1 0.0668138 0.0702123 0.168358
6.89224 1 0.0654703 0.0702148 0.168357
7.03488 1 0.0641693 0.070217 0.168355
7.17748 1 0.0629087 0.0702191 0.168352
7.32022 1 0.0616859 0.0702211 0.168349
7.46368 1 0.0604982 0.0702234 0.168344
7.60628 1 0.0593432 0.0702254 0.168337
7.74886 1 0.0582186 0.0702272 0.168335
7.89202 1 0.0571227 0.0702294 0.168329
8.03464 1 0.0560551 0.0702314 0.168321
8.1776 1 0.0550154 0.070233 0.168314
8.32027 1 0.0540008 0.0702353 0.168308
8.46322 1 0.0530117 0.0702373 0.1683
8.60596 1 0.0520475 0.0702389 0.168292
8.74889 1 0.0511075 0.0702405 0.168284
8.89177 1 0.0501904 0.0702418 0.168273
9.03451 1 0.0492954 0.0702434 0.168263
9.17717 1 0.0484221 0.070245 0.168253
9.32046 1 0.0475694 0.0702466 0.168243
9.46336 1 0.0467362 0.0702482 0.168233
9.60585 1 0.0459219 0.0702499 0.168223
9.74841 1 0.0451242 0.0702501 0.168205
9.89148 1 0.044344 0.0702518 0.168194
10.0343 1 0.0435813 0.0702534 0.168183
10.1768 1 0.0428338 0.0702535 0.168167
10.3199 1 0.0421019 0.070255 0.168157
10.4629 1 0.0413861 0.0702564 0.168144
10.6054 1 0.0406847 0.0702577 0.168132
10.7482 1 0.039997 0.070259 0.168122
10.8912 1 0.0393243 0.0702604 0.168111
11.034 1 0.0386656 0.0702619 0.1681
11.1767 1 0.0380209 0.0702632 0.168088
11.3194 1 0.0373898 0.0702645 0.168076
11.4624 1 0.0367716 0.0702657 0.168064
11.6049 1 0.0361663 0.0702668 0.168052
11.7478 1 0.0355731 0.070268 0.168039
11.8907 1 0.0349919 0.0702691 0.168026
12.0333 1 0.0344223 0.0702703 0.168014
12.1761 1 0.0338639 0.0702716 0.168001
12.319 1 0.0333165 0.0702726 0.167988
12.4616 1 0.03278 0.0702736 0.167975
12.6043 1 0.0322539 0.0702746 0.167962
12.747 1 0.0317381 0.0702755 0.167948
12.8897 1 0.0312322 0.0702764 0.167935
13.0324 1 0.0307357 0.0702775 0.167922
13.1751 1 0.030248 0.0702787 0.167909
13.3182 1 0.029769 0.0702798 0.167895
13.4611 1 0.029299 0.0702806 0.167882
13.6038 1 0.0288378 0.0702815 0.167869
13.7468 1 0.0283848 0.0702826 0.167856
13.8899 1 0.0279399 0.0702837 0.167843
14.0325 1 0.0275032 0.0702845 0.16783
14.1752 1 0.0270742 0.0702855 0.167817
14.318 1 0.0266528 0.0702863 0.167804
