0.00205976 0 0 0.228988 0.525182
0.170013 1 0.350229 0.0839287 0.204987
0.312193 1 2.0821 0.0754448 0.180168
0.452619 1 0.884007 0.0747327 0.182654
0.593253 1 0.62635 0.0743924 0.183493
0.733478 1 0.494499 0.0742269 0.183947
0.876182 1 0.412976 0.0741765 0.184284
1.01658 1 0.356729 0.0741695 0.184596
1.15694 1 0.314451 0.0741877 0.184892
1.29733 1 0.280596 0.0742104 0.185277
1.43885 1 0.252917 0.0742462 0.185578
1.57958 1 0.229802 0.0742671 0.185798
1.71966 1 0.210326 0.0742769 0.185988
1.86012 1 0.19358 0.0743052 0.186251
2.00093 1 0.17909 0.0743342 0.186435
2.14266 1 0.166624 0.0743601 0.186572
2.28601 1 0.155899 0.074382 0.186673
2.42957 1 0.14644 0.0743973 0.186753
2.57095 1 0.138205 0.0744146 0.186809
2.71222 1 0.131022 0.0744275 0.186846
2.85402 1 0.124575 0.0744366 0.186868
2.99507 1 0.118833 0.0744479 0.186885
3.13642 1 0.113697 0.0744609 0.186891
3.27787 1 0.109006 0.0744685 0.18689
3.41899 1 0.104697 0.0744702 0.186884
3.56053 1 0.100726 0.074475 0.186873
3.70157 1 0.0971169 0.0744824 0.186856
3.84325 1 0.0938051 0.0744903 0.18684
3.98477 1 0.0907353 0.0744979 0.186819
4.12603 1 0.0879023 0.0745058 0.186797
4.26709 1 0.0852708 0.0745134 0.186774
4.40873 1 0.0828143 0.07452 0.18675
4.55001 1 0.0805145 0.0745252 0.186725
4.69102 1 0.078354 0.0745301 0.186699
4.83235 1 0.0763177 0.0745347 0.186673
4.97341 1 0.0743925 0.0745388 0.186647
5.11523 1 0.0725684 0.0745419 0.186621
5.25622 1 0.0708305 0.0745452 0.186596
5.39746 1 0.0691711 0.0745486 0.18657
5.53871 1 0.0675858 0.0745513 0.186546
5.68006 1 0.0660685 0.0745543 0.186521
5.82132 1 0.0646112 0.0745578 0.186497
5.96239 1 0.0632109 0.0745602 0.186473
6.10362 1 0.0618654 0.0745632 0.18645
6.24487 1 0.0605691 0.0745655 0.186437
6.38605 1 0.0593189 0.0745683 0.18645
6.52712 1 0.0581105 0.0745721 0.186463
6.66816 1 0.0569406 0.0745748 0.186476
6.80974 1 0.0558103 0.074577 0.186488
6.9511 1 0.0547183 0.0745791 0.1865
7.09306 1 0.0536616 0.074581 0.186511
7.23409 1 0.0526356 0.0745833 0.186522
7.3753 1 0.0516402 0.0745852 0.186533
7.51692 1 0.0506732 0.0745868 0.186543
7.6581 1 0.049734 0.0745884 0.186553
7.7993 1 0.0488211 0.0745897 0.186562
7.94035 1 0.0479337 0.0745912 0.186572
8.08187 1 0.0470712 0.0745927 0.186581
8.22282 1 0.0462322 0.0745942 0.186589
8.36406 1 0.0454156 0.0745955 0.186598
8.50517 1 0.0446202 0.0745969 0.186606
8.6467 1 0.043845 0.0745981 0.186614
8.7878 1 0.0430892 0.0745993 0.186622
8.92904 1 0.042352 0.0746005 0.186629
9.0706 1 0.0416321 0.0746015 0.186637
9.21194 1 0.0409289 0.0746028 0.186643
9.35311 1 0.040242 0.0746039 0.18665
9.49436 1 0.0395697 0.0746048 0.186657
9.63558 1 0.0389122 0.0746059 0.186663
9.77668 1 0.0382697 0.074607 0.186669
9.91775 1 0.0376417 0.074608 0.186675
10.0591 1 0.0370275 0.074609 0.18668
10.2003 1 0.0364267 0.07461 0.186686
10.3416 1 0.0358383 0.0746113 0.186691
10.4826 1 0.0352621 0.0746123 0.186696
10.6237 1 0.0346982 0.0746132 0.186701
10.7648 1 0.0341459 0.0746142 0.186706
10.9061 1 0.033605 0.0746151 0.186711
11.0476 1 0.033075 0.0746159 0.186715
11.1886 1 0.0325557 0.0746168 0.186719
11.3298 1 0.0320467 0.0746176 0.186723
11.4709 1 0.0315477 0.0746184 0.186727
11.6123 1 0.0310583 0.0746191 0.186731
11.7534 1 0.0305783 0.0746199 0.186735
11.8946 1 0.0301075 0.0746207 0.186738
12.0356 1 0.0296456 0.0746214 0.186742
12.1768 1 0.0291924 0.0746221 0.186745
12.318 1 0.0287476 0.0746228 0.186748
12.4592 1 0.0283111 0.0746235 0.186751
12.6005 1 0.0278825 0.0746243 0.186754
12.7416 1 0.0274617 0.0746249 0.186757
12.883 1 0.0270485 0.0746256 0.186759
13.0244 1 0.0266428 0.0746263 0.186762
13.1659 1 0.0262442 0.0746269 0.186764
13.3073 1 0.0258527 0.0746276 0.186766
13.4483 1 0.0254681 0.0746282 0.186769
13.5896 1 0.0250901 0.0746287 0.186771
13.7307 1 0.0247187 0.0746293 0.186772
13.8718 1 0.0243536 0.0746299 0.186774
