0.00210639 0 0 0.240142 0.476158
0.170164 1 8.26409 0.0341156 0.0731493
0.31076 1 0.571287 0.032386 0.0711514
0.452205 1 0.307626 0.0319408 0.0715332
0.594188 1 0.234265 0.0316649 0.0715601
0.735979 1 0.197055 0.0314836 0.0713747
0.877542 1 0.173048 0.0313695 0.0712125
1.01869 1 0.154907 0.0312825 0.0710437
1.16018 1 0.140879 0.0312203 0.0709237
1.30204 1 0.129567 0.0311852 0.0709988
1.44352 1 0.120273 0.0311588 0.0710449
1.58503 1 0.112501 0.0311401 0.0710778
1.72651 1 0.105894 0.0311189 0.0711044
1.87242 1 0.100238 0.0311091 0.0710999
2.01361 1 0.0952678 0.0311025 0.0711062
2.15531 1 0.0908606 0.0310937 0.0710922
2.29711 1 0.0869392 0.031086 0.0710687
2.43898 1 0.0833598 0.0310771 0.071037
2.58066 1 0.0800932 0.0310785 0.0710486
2.7225 1 0.077114 0.0310785 0.0710476
2.86404 1 0.0743833 0.0310786 0.0710467
3.00569 1 0.0718591 0.0310777 0.0710386
3.14715 1 0.0695196 0.0310759 0.0710438
3.28877 1 0.0673397 0.0310762 0.0710468
3.43021 1 0.0653034 0.0310756 0.0710233
3.57183 1 0.0633999 0.0310766 0.0710169
3.71351 1 0.0616133 0.0310775 0.0710267
3.85516 1 0.0599268 0.0310787 0.0710814
3.99636 1 0.058332 0.0310807 0.0711419
4.13821 1 0.0568206 0.0310818 0.0711992
4.28 1 0.0553883 0.0310837 0.0712551
4.42127 1 0.0540233 0.031086 0.0713119
4.56272 1 0.0527182 0.0310879 0.0713683
4.70437 1 0.0514713 0.0310894 0.0714239
4.8465 1 0.0502786 0.0310914 0.0714786
4.98792 1 0.0491337 0.0310932 0.0715328
5.12926 1 0.0480359 0.0310954 0.0715857
5.27066 1 0.0469827 0.0310979 0.0716368
5.41228 1 0.0459715 0.0311004 0.0716884
5.55377 1 0.0449984 0.0311026 0.071739
5.69482 1 0.0440598 0.0311041 0.0717873
5.83634 1 0.0431529 0.0311061 0.0718345
5.97758 1 0.0422768 0.0311077 0.0718798
6.1193 1 0.0414294 0.0311101 0.0719252
6.26087 1 0.0406101 0.0311122 0.0719697
6.40215 1 0.0398164 0.0311143 0.0720133
6.5435 1 0.0390468 0.031116 0.0720551
6.68507 1 0.0383013 0.031118 0.0720961
6.82667 1 0.0375788 0.03112 0.072136
6.9678 1 0.0368779 0.031122 0.0721749
7.10944 1 0.0361974 0.0311239 0.0722127
7.25088 1 0.0355363 0.0311256 0.0722496
7.39233 1 0.0348933 0.0311272 0.0722855
7.53387 1 0.0342673 0.0311289 0.0723205
7.67514 1 0.0336578 0.0311306 0.0723547
7.81776 1 0.0330646 0.0311324 0.0723882
7.96075 1 0.0324869 0.0311342 0.0724208
8.10257 1 0.031924 0.0311359 0.0724527
8.24437 1 0.0313754 0.0311376 0.0724839
8.38568 1 0.0308403 0.0311392 0.0725144
8.52715 1 0.0303182 0.0311408 0.0725442
8.66854 1 0.0298087 0.0311424 0.0725733
8.81027 1 0.0293108 0.0311434 0.0726021
8.95132 1 0.0288242 0.0311448 0.0726296
9.09413 1 0.0283487 0.0311462 0.072657
9.23579 1 0.0278839 0.0311477 0.0726837
9.37734 1 0.0274296 0.0311491 0.07271
9.51872 1 0.0269852 0.0311506 0.0727358
