5640 5640
5675 5675
5535 5535
5659 5659
5750 5750
3631 3631
5598 5598
3927 3927
409 409
3856 3856
246 246
327 327
439 439
109 109
5464 5464
26 26
330 330
429 429
3541 3541
3824 3824
408 408
227 227
2815 2815
8 8
351 351
5519 5519
2792 2792
2817 2817
2129 2129
2814 2814
117 117
6276 6276
436 436
410 410
36 36
2135 2135
3744 3744
105 105
2511 2511
340 340
356 356
3643 3643
335 335
228 228
5674 5674
6261 6261
2213 2213
2150 2150
5951 5951
6248 6248
6264 6264
155 155
2247 2247
2260 2260
3848 3848
7 7
5630 5630
5641 5641
3777 3777
6057 6057
3163 3163
5721 5721
2372 2372
6077 6077
245 245
3705 3705
3519 3519
2167 2167
138 138
2152 2152
5936 5936
292 292
2485 2485
6054 6054
5522 5522
258 258
3704 3704
260 260
2125 2125
2471 2471
6062 6062
3648 3648
2470 2470
6072 6072
2118 2118
268 268
5631 5631
6064 6064
2514 2514
5835 5835
2389 2389
2200 2200
2052 2052
2597 2597
5824 5824
17 17
3756 3756
3706 3706
2210 2210
2596 2596
5540 5540
5453 5453
2385 2385
2205 2205
5538 5538
2610 2610
5443 5443
3670 3670
3579 3579
5648 5648
2280 2280
2366 2366
81 81
5496 5496
3883 3883
401 401
5986 5986
2509 2509
2395 2395
2146 2146
3601 3601
5553 5553
3602 3602
2393 2393
3884 3884
6880 6880
376 376
5539 5539
87 87
2600 2600
2256 2256
6090 6090
2594 2594
6103 6103
6143 6143
6102 6102
5984 5984
2114 2114
6027 6027
472 472
6130 6130
64 64
5985 5985
466 466
5239 5239
3691 3691
2036 2036
3906 3906
4036 4036
5526 5526
6147 6147
4001 4001
4066 4066
2255 2255
448 448
3978 3978
3870 3870
4032 4032
2288 2288
3605 3605
4019 4019
3899 3899
3888 3888
3565 3565
6159 6159
4071 4071
3699 3699
374 374
4015 4015
6162 6162
5527 5527
6175 6175
2216 2216
2705 2705
507 507
2700 2700
2022 2022
2632 2632
6005 6005
6163 6163
4029 4029
2296 2296
6153 6153
3781 3781
3941 3941
5793 5793
2397 2397
200 200
568 568
4021 4021
3695 3695
3613 3613
504 504
2457 2457
5991 5991
2299 2299
3911 3911
540 540
2441 2441
2630 2630
2639 2639
2018 2018
199 199
6024 6024
5783 5783
2297 2297
6172 6172
6033 6033
558 558
1943 1943
2567 2567
5740 5740
6170 6170
5767 5767
537 537
3045 3045
2308 2308
538 538
1766 1766
2648 2648
2348 2348
5609 5609
5812 5812
153 153
3568 3568
2284 2284
2456 2456
3892 3892
2318 2318
2432 2432
2691 2691
3655 3655
2352 2352
400 400
3567 3567
5567 5567
5789 5789
5405 5405
2031 2031
441 441
1962 1962
2423 2423
5775 5775
5813 5813
1833 1833
3766 3766
226 226
210 210
1854 1854
4262 4262
2537 2537
5800 5800
2722 2722
1942 1942
2444 2444
1881 1881
6754 6754
1831 1831
3726 3726
6198 6198
1883 1883
3099 3099
2448 2448
2912 2912
4912 4912
3768 3768
5878 5878
5287 5287
4329 4329
5406 5406
6180 6180
1874 1874
2738 2738
830 830
211 211
6817 6817
1780 1780
3689 3689
6696 6696
1356 1356
6665 6665
2425 2425
1795 1795
6448 6448
5896 5896
4911 4911
2898 2898
302 302
5292 5292
1855 1855
5339 5339
1977 1977
1511 1511
6185 6185
1342 1342
1976 1976
846 846
5247 5247
6406 6406
6809 6809
1687 1687
1860 1860
1561 1561
6662 6662
6844 6844
6663 6663
2895 2895
6405 6405
773 773
6724 6724
5051 5051
6446 6446
5198 5198
2829 2829
3120 3120
1782 1782
5081 5081
3204 3204
2910 2910
384 384
6644 6644
1730 1730
2897 2897
5349 5349
636 636
6839 6839
6657 6657
6706 6706
1784 1784
5387 5387
1258 1258
1830 1830
6444 6444
3109 3109
6606 6606
5080 5080
3195 3195
6402 6402
3106 3106
1788 1788
4816 4816
6693 6693
5245 5245
4744 4744
1556 1556
1586 1586
2917 2917
253 253
6631 6631
6853 6853
1690 1690
5156 5156
6633 6633
6792 6792
6850 6850
5193 5193
936 936
6591 6591
720 720
4241 4241
4251 4251
6282 6282
1449 1449
3107 3107
4622 4622
5410 5410
4730 4730
3012 3012
5196 5196
4267 4267
3004 3004
5301 5301
3003 3003
6593 6593
3944 3944
1571 1571
4728 4728
705 705
5053 5053
1862 1862
1799 1799
4388 4388
3320 3320
6865 6865
1259 1259
3296 3296
1591 1591
6827 6827
5075 5075
632 632
3177 3177
6824 6824
927 927
4688 4688
1265 1265
2927 2927
6388 6388
1913 1913
1379 1379
1121 1121
6605 6605
3381 3381
1481 1481
4387 4387
4201 4201
6725 6725
4242 4242
4651 4651
1200 1200
3316 3316
2914 2914
1497 1497
1568 1568
6597 6597
1488 1488
1132 1132
1275 1275
3229 3229
1225 1225
3206 3206
4859 4859
4649 4649
5113 5113
3348 3348
1161 1161
882 882
3223 3223
3183 3183
3288 3288
3284 3284
1598 1598
3317 3317
1545 1545
682 682
6529 6529
5068 5068
2819 2819
570 570
4294 4294
5041 5041
4386 4386
1579 1579
4166 4166
1538 1538
1137 1137
6566 6566
4899 4899
4550 4550
2881 2881
6281 6281
3728 3728
6573 6573
932 932
1418 1418
4654 4654
4354 4354
2967 2967
2942 2942
1140 1140
5365 5365
669 669
1386 1386
4470 4470
1375 1375
4762 4762
1224 1224
4174 4174
912 912
3079 3079
4299 4299
6389 6389
5211 5211
4962 4962
4337 4337
4545 4545
3155 3155
1045 1045
4934 4934
3077 3077
4411 4411
1327 1327
1593 1593
4158 4158
4621 4621
4391 4391
1133 1133
4334 4334
1402 1402
884 884
4956 4956
981 981
6315 6315
4352 4352
5056 5056
6526 6526
4543 4543
6341 6341
783 783
4564 4564
897 897
857 857
1915 1915
4369 4369
4293 4293
4907 4907
1048 1048
4921 4921
1669 1669
924 924
6482 6482
923 923
2863 2863
3495 3495
4503 4503
4153 4153
5297 5297
987 987
3445 3445
696 696
4116 4116
658 658
3333 3333
4637 4637
4746 4746
4731 4731
1460 1460
1755 1755
6429 6429
4797 4797
6531 6531
4310 4310
4135 4135
3137 3137
4407 4407
1737 1737
4488 4488
1040 1040
1417 1417
688 688
6338 6338
2834 2834
1014 1014
4930 4930
1720 1720
4868 4868
610 610
1478 1478
3413 3413
4092 4092
4989 4989
1178 1178
5225 5225
1175 1175
594 594
3425 3425
1809 1809
1004 1004
4607 4607
1018 1018
4641 4641
991 991
6567 6567
3096 3096
4575 4575
1758 1758
3064 3064
1458 1458
1454 1454
4427 4427
5323 5323
5355 5355
2971 2971
4713 4713
4489 4489
5265 5265
4631 4631
6302 6302
4736 4736
4126 4126
3007 3007
3036 3036
4440 4440
4615 4615
1409 1409
2839 2839
4950 4950
4142 4142
3026 3026
766 766
1535 1535
952 952
1077 1077
4987 4987
4672 4672
4285 4285
1236 1236
4465 4465
975 975
4396 4396
978 978
873 873
4689 4689
2824 2824
4443 4443
2969 2969
6323 6323
4392 4392
4282 4282
4752 4752
1025 1025
848 848
4110 4110
875 875
902 902
4941 4941
4668 4668
1464 1464
1525 1525
1179 1179
4660 4660
3216 3216
