2054 2
706 5
7 7
8 8
298 12
1654 14
17 17
2597 19
3534 20
701 25
26 26
2643 31
3080 34
36 36
17 37
408 38
408 39
1598 42
1236 44
2177 46
1004 51
266 58
102 60
64 64
2939 66
3567 68
674 75
1254 76
3203 78
2257 79
81 81
3255 82
604 83
626 84
87 87
2478 88
310 93
1797 95
3563 97
2896 102
3041 103
105 105
1209 106
3394 107
200 108
109 109
1070 110
2519 113
1854 115
2807 116
117 117
1375 120
1919 121
1069 123
3020 124
44 125
504 126
1128 127
722 128
2099 131
667 135
138 138
1316 139
1730 140
1042 141
2495 142
3420 143
1441 144
2582 145
1681 148
748 149
153 153
155 155
2089 157
217 158
1780 164
3490 165
2807 166
730 168
2493 169
465 170
2792 171
876 175
3563 176
2560 177
853 179
2799 180
1731 183
977 185
1509 187
1683 188
1027 190
45 191
35 193
3567 194
1112 197
199 199
200 200
105 203
911 204
3490 205
298 206
210 210
211 211
1086 212
3232 215
217 217
1845 219
872 223
226 226
227 227
228 228
1574 232
1442 233
1362 235
2100 238
1084 240
1654 241
3644 243
245 245
246 246
2809 247
1935 248
2862 249
2868 251
62 252
253 253
719 254
494 256
1797 257
258 258
83 259
260 260
524 261
1854 262
268 268
2099 269
2506 271
1504 272
2792 277
3224 280
2874 282
1542 288
881 289
1372 290
292 292
1699 295
2054 296
968 300
2788 301
302 302
3445 304
38 306
3413 308
430 313
1199 314
2517 315
2351 321
325 325
327 327
2736 329
330 330
2877 333
1629 334
335 335
2944 336
398 337
902 338
340 340
1280 341
83 342
2685 343
1207 345
482 346
674 350
351 351
1997 352
2039 355
356 356
1698 357
1494 359
2605 361
1097 362
2975 363
1481 367
2383 369
962 370
497 371
51 372
1698 373
374 374
1711 375
376 376
2325 377
52 379
1005 380
1149 381
3135 382
384 384
2779 389
1852 393
1133 396
3222 397
3531 398
400 400
401 401
1543 402
3540 403
3051 405
435 407
408 408
409 409
410 410
1027 413
2669 416
2774 420
2740 421
2643 422
2764 428
429 429
3540 430
436 436
439 439
441 441
2920 442
1633 443
785 444
775 446
521 447
448 448
2726 449
298 451
2495 452
1102 453
2457 456
2267 457
1797 461
1959 463
1577 465
466 466
3673 468
472 472
1604 474
1250 480
1477 482
2650 485
3672 488
158 490
1579 492
3186 493
3269 494
722 495
1069 497
1107 498
393 499
2721 502
504 504
1572 505
507 507
1973 510
3299 511
3386 512
785 513
3670 515
2349 516
307 518
282 521
3286 522
3098 524
3057 526
309 527
3466 529
2549 531
2103 533
1815 535
537 537
538 538
540 540
2596 544
2570 545
2791 546
2906 549
2773 550
3202 556
558 558
650 559
2623 560
2832 565
2573 566
568 568
570 570
590 572
904 576
1535 577
2582 578
3317 582
1754 584
583 586
3414 589
3442 591
667 593
594 594
3131 599
2413 601
3090 602
1215 604
3389 605
610 610
2279 616
3607 617
1149 619
1378 626
2493 630
360 631
632 632
3178 634
3530 635
636 636
1980 638
226 640
3330 641
646 649
1571 650
1870 652
1168 657
658 658
3202 659
787 661
3204 662
333 663
503 666
669 669
3182 671
1207 673
2034 677
3567 679
2688 680
1731 681
682 682
3150 686
360 687
688 688
1441 689
901 693
1100 695
696 696
3219 697
3068 699
46 704
705 705
1704 709
2140 710
911 713
2292 715
1441 716
747 717
887 719
720 720
463 722
2570 731
1600 738
2643 740
2762 741
2942 744
3203 749
689 752
754 754
2033 756
2863 758
306 760
3490 761
764 764
327 765
766 766
1498 767
1913 768
3093 769
1441 770
771 771
773 773
3220 780
980 781
783 783
3226 784
1128 785
646 790
2814 791
336 793
916 796
3594 797
1748 801
2061 804
2283 805
3028 809
667 811
71 816
3339 821
100 822
3498 826
1179 828
830 830
796 831
2910 835
1280 836
83 838
3036 839
1632 840
3234 841
3269 843
2104 845
846 846
848 848
930 853
1147 855
857 857
611 858
1048 860
1995 864
383 865
2936 867
1027 868
2060 871
873 873
875 875
882 882
3400 883
884 884
559 885
842 886
2970 887
3424 888
3271 889
1757 894
897 897
1375 898
2944 899
902 902
2476 906
108 911
912 912
1813 913
677 919
2597 921
3224 922
923 923
924 924
1658 925
3493 926
927 927
932 932
936 936
1815 939
2172 940
573 941
2383 944
2732 945
633 946
1116 948
2999 949
952 952
390 958
1375 959
2091 961
2761 964
2675 965
3151 971
295 973
2941 974
975 975
978 978
307 979
981 981
3121 986
987 987
1364 989
3054 990
991 991
904 996
191 999
2862 1000
1004 1004
1240 1005
2505 1007
3519 1013
1014 1014
2591 1015
1771 1017
1018 1018
1839 1019
2232 1021
3490 1022
2825 1023
2169 1024
1025 1025
338 1026
3667 1027
3513 1028
865 1030
3550 1031
2135 1035
3251 1037
3343 1038
2939 1039
1040 1040
3567 1041
3189 1043
1045 1045
814 1046
1048 1048
1513 1050
1887 1051
3073 1054
2550 1055
2875 1056
1206 1058
1067 1059
2941 1060
3142 1064
2480 1066
2107 1068
1179 1070
1951 1073
742 1075
1077 1077
2765 1078
1658 1079
2942 1081
598 1083
2827 1084
2808 1085
1935 1088
3389 1089
3473 1090
221 1096
2896 1097
3250 1099
2165 1100
1645 1101
344 1102
1827 1103
3396 1108
1661 1110
3270 1118
2868 1119
1121 1121
2362 1123
2669 1124
463 1125
785 1126
1594 1127
3041 1131
1132 1132
1133 1133
1554 1136
1137 1137
621 1139
1140 1140
1141 1141
2364 1144
279 1145
1757 1146
235 1149
1399 1150
1251 1153
1399 1155
2260 1159
1161 1161
1164 1164
3050 1165
1356 1166
1407 1167
1066 1168
2856 1170
845 1172
1258 1173
2298 1174
1175 1175
1565 1176
1215 1177
1178 1178
1179 1179
2267 1181
1862 1184
2140 1185
3289 1187
117 1188
2514 1189
667 1192
1942 1193
2384 1196
314 1199
1200 1200
2896 1203
1761 1211
1640 1213
2089 1220
3167 1223
1224 1224
1225 1225
1420 1226
1777 1229
1027 1231
3269 1234
1236 1236
3270 1238
3333 1239
1358 1243
3041 1245
1832 1246
144 1248
2360 1251
383 1252
1167 1255
1818 1256
3384 1257
1258 1258
1259 1259
669 1261
3362 1262
3464 1264
1265 1265
642 1266
1658 1269
2942 1271
1201 1274
1275 1275
3654 1276
3635 1280
559 1282
1283 1283
2792 1285
848 1286
1287 1287
1477 1288
2526 1295
3166 1297
3315 1298
1323 1300
2709 1302
401 1304
2054 1306
1442 1307
2832 1308
2480 1317
2257 1319
2271 1321
1129 1323
3044 1324
3104 1326
1327 1327
1789 1328
1027 1330
3296 1337
307 1340
1342 1342
916 1343
559 1344
2970 1347
2549 1352
3389 1354
1356 1356
2809 1357
1096 1362
2771 1364
1954 1365
1027 1368
676 1369
310 1370
3315 1372
2896 1374
1375 1375
1379 1379
1682 1381
1783 1385
1386 1386
823 1388
408 1389
3487 1390
2140 1392
1393 1393
1407 1395
1233 1396
1203 1398
1402 1402
3315 1405
1420 1406
1409 1409
1553 1410
2868 1412
2249 1413
551 1416
1417 1417
1418 1418
3466 1420
1698 1423
570 1427
3673 1429
969 1430
343 1431
2765 1432
2614 1441
30 1442
1375 1444
2269 1445
124 1446
1449 1449
2140 1451
1452 1452
1454 1454
1458 1458
1460 1460
3380 1462
1464 1464
3247 1465
2456 1470
3644 1471
2257 1472
1478 1478
1481 1481
1488 1488
2855 1493
3401 1494
1497 1497
2728 1498
3319 1500
2272 1503
2257 1507
730 1508
1203 1510
1511 1511
2660 1514
2297 1515
2385 1518
3297 1520
2291 1522
1741 1523
3657 1524
1525 1525
158 1526
2622 1530
1233 1532
227 1534
1535 1535
1309 1536
1538 1538
374 1541
759 1542
1545 1545
419 1547
3542 1548
570 1551
674 1552
1746 1554
266 1555
1556 1556
1561 1561
3594 1566
1568 1568
1571 1571
1831 1572
1574 1574
2735 1577
1579 1579
503 1581
1757 1582
2794 1585
1586 1586
138 1587
1591 1591
1593 1593
556 1595
2643 1596
2941 1597
1598 1598
1600 1600
409 1603
1815 1605
876 1607
3672 1608
214 1610
3101 1614
1362 1615
2709 1617
1770 1618
3150 1624
2942 1626
1833 1628
600 1631
300 1632
1633 1633
38 1635
2476 1636
1637 1637
274 1639
1128 1640
1698 1641
2408 1642
1818 1643
686 1644
1646 1646
1133 1647
3395 1648
2210 1649
1652 1652
2184 1653
1708 1655
3601 1657
1937 1658
3628 1659
1660 1660
3585 1662
3255 1663
3224 1664
594 1666
3391 1667
1669 1669
1817 1671
2180 1674
232 1676
1481 1677
1594 1678
1839 1683
1688 1684
1415 1685
1375 1686
1687 1687
2352 1688
972 1689
1690 1690
1854 1691
2383 1692
1133 1695
657 1696
1795 1697
2470 1699
2875 1702
1236 1703
2775 1704
1372 1705
1720 1720
663 1721
390 1722
2525 1724
1730 1730
667 1735
1737 1737
1497 1738
470 1740
1267 1742
3036 1745
1681 1746
2163 1748
2041 1751
3420 1754
1755 1755
1758 1758
2490 1759
1027 1760
2159 1762
44 1764
814 1765
1766 1766
2577 1768
1587 1769
3189 1771
45 1773
1577 1778
749 1779
1780 1780
1782 1782
2731 1783
1784 1784
1788 1788
1101 1791
1795 1795
1799 1799
2383 1801
1378 1802
3079 1805
2140 1806
1809 1809
1087 1817
2155 1821
2288 1822
2814 1823
435 1824
1017 1828
1517 1829
1830 1830
1831 1831
1833 1833
1808 1836
43 1837
773 1838
2526 1841
2853 1843
399 1844
2896 1845
1847 1847
2788 1849
3217 1852
1854 1854
1855 1855
921 1857
1860 1860
1862 1862
2549 1865
3359 1867
3540 1871
1818 1873
1874 1874
2095 1875
942 1876
1880 1880
1881 1881
1883 1883
3098 1885
1430 1887
307 1888
2495 1892
2103 1897
3217 1898
1224 1900
1203 1911
1912 1912
1913 1913
1915 1915
3132 1919
1476 1920
590 1921
1136 1925
1005 1932
351 1933
3631 1934
2476 1936
3228 1939
1942 1942
1943 1943
1854 1944
2222 1946
445 1948
2436 1951
1603 1954
3135 1955
1730 1956
963 1957
1309 1960
1962 1962
2257 1965
482 1966
3629 1968
1704 1969
1949 1973
182 1975
1976 1976
1977 1977
2001 1984
3026 1987
747 1991
1326 1992
3618 1994
1246 1995
1855 1999
3058 2001
747 2002
954 2003
2542 2004
1115 2005
559 2009
2014 2014
1012 2015
2018 2018
3150 2020
2022 2022
3060 2024
3036 2027
2327 2029
490 2030
2031 2031
2036 2036
2383 2039
216 2040
716 2043
294 2044
1815 2048
2052 2052
182 2055
1277 2060
903 2061
1761 2064
615 2067
38 2071
2912 2072
674 2073
722 2074
1861 2079
2054 2080
3269 2083
3218 2084
3006 2085
2558 2086
2087 2087
504 2089
3080 2094
1158 2095
131 2098
442 2101
853 2104
2461 2105
590 2108
2388 2112
2114 2114
1731 2117
2118 2118
3583 2119
2125 2125
1809 2127
2129 2129
904 2130
316 2131
411 2132
1012 2134
2135 2135
316 2138
3222 2141
2146 2146
2688 2148
1970 2149
2150 2150
2152 2152
1457 2153
1056 2161
2675 2163
1010 2165
2171 2166
2167 2167
2039 2168
1012 2169
3490 2170
615 2174
1066 2175
2779 2176
2130 2177
2923 2178
1658 2180
2181 2181
2298 2184
2292 2197
2200 2200
3646 2204
2205 2205
836 2206
911 2208
2210 2210
360 2211
2213 2213
1240 2214
2216 2216
2792 2217
2765 2219
45 2222
2327 2224
1773 2227
2257 2228
2211 2230
1999 2231
1574 2232
2192 2234
663 2237
3006 2239
1184 2240
1456 2244
2247 2247
14 2248
1874 2250
2255 2255
2256 2256
2494 2258
2054 2259
2260 2260
203 2263
95 2265
2089 2266
2582 2267
1127 2269
646 2270
2832 2275
895 2279
2280 2280
1112 2282
2284 2284
674 2285
318 2286
2288 2288
857 2289
3401 2293
51 2294
242 2295
2296 2296
2297 2297
3337 2298
2299 2299
2765 2301
2926 2302
264 2303
1407 2304
1291 2306
2452 2307
2308 2308
1702 2310
597 2311
2095 2316
2318 2318
2055 2325
2178 2326
83 2327
2843 2331
1155 2339
1169 2342
2942 2343
3389 2344
38 2345
1073 2346
620 2347
2348 2348
3019 2350
117 2351
2352 2352
1220 2355
1602 2356
274 2360
2776 2361
3512 2363
617 2364
2366 2366
82 2367
667 2369
1461 2370
2372 2372
1207 2373
590 2374
2596 2375
1935 2376
938 2381
1009 2384
2385 2385
3296 2388
2389 2389
168 2391
1598 2392
2393 2393
2257 2394
2395 2395
1849 2396
2397 2397
551 2400
1233 2401
383 2406
3274 2407
3491 2409
439 2410
2095 2413
3394 2414
2222 2418
2529 2421
2423 2423
2425 2425
2216 2427
2432 2432
185 2434
196 2435
3131 2437
2441 2441
516 2442
2304 2443
2444 2444
2448 2448
2614 2450
1754 2451
1097 2453
503 2455
2456 2456
2457 2457
3436 2466
2470 2470
2471 2471
1614 2474
1038 2478
2643 2479
3490 2482
1537 2483
2510 2484
2485 2485
375 2487
1356 2489
1064 2492
3079 2496
2761 2503
1845 2504
3251 2506
3102 2508
2509 2509
2511 2511
2514 2514
2855 2515
2761 2522
590 2524
2401 2527
865 2532
2101 2534
2606 2535
2537 2537
1128 2539
3551 2541
986 2542
1754 2543
1673 2545
1375 2546
2854 2548
298 2553
443 2555
360 2557
3623 2558
2466 2559
2684 2561
2567 2567
1363 2568
1366 2570
264 2574
447 2576
977 2578
963 2580
2346 2583
1943 2585
3044 2588
2041 2589
580 2590
2930 2593
2594 2594
2596 2596
2597 2597
2215 2598
2600 2600
2832 2604
2779 2607
2610 2610
481 2611
83 2612
144 2621
873 2624
2630 2630
2632 2632
144 2634
2517 2636
290 2637
2639 2639
657 2640
3315 2641
2643 2643
2639 2644
3254 2646
2648 2648
1815 2649
2186 2650
179 2651
360 2655
523 2656
3044 2663
2710 2667
3250 2669
2670 2670
3228 2671
1481 2676
1954 2679
1203 2680
1630 2681
2459 2683
1652 2684
2685 2685
2220 2686
2140 2687
2691 2691
911 2692
3490 2694
2896 2695
309 2698
2700 2700
2470 2701
2496 2702
2705 2705
3636 2707
2350 2708
3334 2711
1798 2714
1652 2715
2577 2717
2184 2721
2722 2722
1233 2730
3026 2731
266 2736
2738 2738
1871 2739
654 2741
1948 2742
480 2745
1999 2746
2419 2756
327 2757
175 2759
3649 2760
2383 2765
1027 2766
14 2771
1645 2773
1683 2774
377 2786
1039 2789
980 2790
2792 2792
3201 2793
904 2797
3619 2799
915 2800
3404 2806
1461 2809
191 2810
748 2813
2814 2814
2815 2815
2817 2817
3118 2818
2819 2819
234 2821
117 2822
2824 2824
3131 2825
1038 2828
2829 2829
2908 2830
570 2832
2791 2833
2834 2834
2240 2836
2839 2839
3217 2840
697 2846
2104 2848
2205 2849
1780 2855
973 2857
2713 2859
1414 2862
2863 2863
2866 2866
1309 2867
908 2869
408 2870
3442 2873
2186 2874
3255 2880
2881 2881
2476 2882
351 2885
1409 2886
466 2891
2652 2892
2052 2894
2895 2895
2897 2897
2898 2898
2684 2900
1299 2903
2905 2905
298 2907
3204 2908
2910 2910
2912 2912
2914 2914
2917 2917
3128 2919
2948 2921
2927 2927
1644 2930
2765 2931
1179 2934
1935 2936
2765 2937
1914 2939
2498 2941
2942 2942
155 2944
124 2946
2957 2947
445 2948
2669 2950
2068 2952
2834 2955
1734 2956
1136 2958
533 2959
2280 2965
2967 2967
2969 2969
570 2970
2971 2971
716 2975
393 2976
3512 2978
151 2981
938 2982
1222 2984
3007 2985
3370 2987
3643 2989
3370 2991
1984 2992
2086 2994
1409 2995
680 2997
2758 2999
3389 3001
1818 3002
3003 3003
3004 3004
3007 3007
3012 3012
2222 3016
3629 3017
2939 3019
897 3020
2622 3021
1012 3024
3026 3026
2502 3028
2795 3029
14 3031
2184 3032
3036 3036
701 3038
2817 3043
1135 3044
3045 3045
2140 3046
2060 3049
2804 3051
521 3052
43 3054
3539 3060
215 3061
3064 3064
1876 3065
1433 3066
1554 3069
2875 3070
3552 3072
3077 3077
3079 3079
3026 3083
1386 3085
1259 3088
1698 3089
2247 3094
3096 3096
3286 3097
3099 3099
274 3101
3135 3102
3106 3106
3107 3107
3629 3108
3109 3109
2230 3110
3457 3112
3571 3113
1810 3114
3107 3115
2675 3116
283 3118
1954 3119
3120 3120
17 3121
2779 3122
559 3126
910 3128
3007 3131
723 3133
119 3134
3150 3135
224 3136
3137 3137
892 3142
3421 3152
3155 3155
3607 3160
1128 3162
3163 3163
3270 3170
3054 3171
2549 3173
2476 3174
3177 3177
157 3178
2622 3179
3150 3182
3183 3183
1206 3184
1537 3187
1827 3188
695 3189
1831 3190
3195 3195
2869 3196
2612 3202
421 3203
3204 3204
3394 3205
3206 3206
486 3208
1076 3211
2140 3213
1698 3215
3216 3216
1037 3219
3223 3223
941 3226
1067 3227
3229 3229
646 3232
1598 3235
3497 3237
756 3241
970 3246
2401 3247
2719 3249
1909 3250
1481 3251
815 3252
2740 3255
2779 3256
2298 3260
1364 3261
214 3263
2708 3264
760 3267
3090 3269
2054 3274
234 3275
253 3278
2395 3279
1259 3280
1674 3281
3284 3284
1509 3286
1771 3287
3288 3288
1199 3289
3420 3291
1857 3294
3490 3295
3296 3296
3420 3298
2443 3299
775 3301
3412 3303
298 3307
789 3308
792 3309
3316 3316
3317 3317
3320 3320
1395 3321
3452 3323
1062 3326
617 3327
723 3330
570 3331
3333 3333
3442 3334
3571 3335
2759 3338
1215 3339
1537 3340
1984 3346
3348 3348
3377 3352
1162 3354
2384 3357
2140 3361
1973 3363
1357 3366
295 3371
3044 3372
2849 3373
3026 3374
3224 3375
2526 3378
3381 3381
3473 3384
3518 3386
3445 3387
1503 3389
672 3391
2147 3395
2270 3397
2140 3402
1818 3410
1468 3411
3413 3413
318 3414
1233 3417
2614 3419
2643 3420
1373 3422
2429 3424
3425 3425
968 3436
1708 3440
1691 3441
3445 3445
3518 3447
3292 3450
3333 3455
2036 3460
170 3462
1456 3464
1631 3466
3203 3473
2971 3474
3594 3475
307 3477
1215 3478
3490 3479
2765 3481
224 3483
671 3485
3237 3487
1115 3488
2630 3489
589 3494
3495 3495
3135 3496
2746 3497
818 3499
1116 3502
2140 3505
2526 3506
369 3511
1476 3515
3519 3519
503 3520
989 3521
16 3525
559 3526
379 3527
2822 3529
117 3530
276 3533
298 3534
3131 3538
1715 3539
276 3540
3541 3541
3301 3544
363 3550
3363 3551
279 3552
1331 3555
2777 3556
327 3559
844 3561
2736 3562
2000 3563
3565 3565
2086 3566
3567 3567
3568 3568
1293 3569
2941 3570
3113 3571
2147 3572
814 3573
1652 3576
3629 3578
3579 3579
3055 3583
3658 3587
2758 3588
2957 3589
14 3595
1811 3596
3601 3601
3602 3602
3605 3605
1764 3610
3613 3613
2896 3614
1678 3616
1688 3618
796 3621
630 3623
2417 3626
2160 3628
1461 3629
3631 3631
3059 3634
1070 3641
3643 3643
853 3644
3389 3645
1338 3647
3648 3648
2740 3649
398 3652
3338 3653
3655 3655
986 3656
3517 3657
1316 3658
445 3660
3202 3663
3512 3665
2431 3667
3670 3670
3394 3671
1855 3672
2714 3673
5066 3676
3841 3680
6681 3682
6048 3684
3718 3687
3847 3688
3689 3689
3691 3691
5072 3692
6758 3694
3695 3695
4621 3697
3699 3699
3704 3704
3705 3705
3706 3706
6160 3718
3726 3726
3728 3728
5683 3733
5369 3734
6537 3736
4370 3740
3744 3744
5458 3746
4033 3747
5321 3754
3756 3756
4078 3758
6402 3759
3824 3761
3766 3766
6410 3767
3768 3768
3777 3777
6471 3778
4806 3779
3781 3781
6865 3782
6055 3785
4427 3787
4981 3788
4697 3789
4382 3791
5024 3796
4142 3798
4932 3799
4147 3801
6134 3802
6856 3804
5775 3807
5254 3808
6201 3809
5656 3810
6414 3811
6595 3812
5695 3814
6784 3818
3824 3824
4167 3826
6360 3829
5775 3831
6577 3834
6188 3836
6196 3838
6745 3844
6728 3847
3848 3848
5370 3850
5275 3854
3856 3856
4212 3863
4397 3865
6784 3868
3870 3870
5695 3871
6835 3873
4623 3878
3883 3883
3884 3884
5134 3887
3888 3888
6743 3891
3892 3892
4746 3893
6620 3895
5678 3896
6796 3897
3899 3899
4799 3900
4095 3901
4833 3902
5127 3904
3906 3906
3911 3911
3922 3914
6652 3916
5617 3918
5929 3920
5498 3921
6627 3924
4631 3926
3927 3927
6659 3928
5245 3930
5069 3932
5568 3936
5123 3937
4354 3939
3941 3941
6853 3942
3932 3943
3944 3944
3742 3945
3737 3948
5968 3951
3759 3952
6098 3958
4905 3959
5489 3960
4434 3964
4036 3966
6856 3970
6855 3973
5743 3975
3978 3978
4077 3979
3684 3980
6337 3981
6823 3982
5275 3985
4922 3987
5544 3989
5300 3990
5829 3993
6126 3994
4463 3998
4001 4001
6876 4003
6104 4005
4650 4006
5208 4010
3759 4011
5054 4013
6410 4014
4015 4015
6292 4017
4019 4019
4021 4021
4320 4023
6845 4024
4568 4026
4029 4029
6758 4030
4483 4031
4032 4032
6755 4034
4036 4036
5458 4038
6719 4039
4990 4042
6083 4045
3791 4050
5264 4053
3715 4060
6832 4061
4066 4066
5764 4068
4143 4069
6257 4070
4071 4071
6873 4072
4074 4074
6583 4075
3735 4083
6546 4084
6633 4087
4634 4090
4155 4091
4092 4092
4126 4095
6072 4096
3741 4097
5199 4099
6633 4101
4403 4102
5252 4106
3799 4108
4110 4110
5676 4111
6681 4113
4311 4114
4116 4116
5245 4117
5890 4119
6549 4120
4027 4121
5579 4124
4126 4126
4127 4127
3870 4131
4135 4135
6618 4136
4272 4137
5663 4139
5134 4140
4142 4142
4359 4147
4153 4153
3973 4154
4623 4155
4973 4157
4158 4158
5647 4159
6597 4160
6149 4162
5208 4163
5004 4165
4166 4166
4548 4167
6586 4169
3676 4170
4030 4171
4174 4174
5516 4183
5686 4186
4500 4187
4150 4189
6583 4191
5265 4199
4201 4201
6030 4202
4875 4209
4920 4210
4307 4212
4323 4215
4658 4218
6537 4220
4865 4221
3745 4222
5165 4224
6719 4230
5774 4233
4238 4238
5103 4240
4241 4241
4242 4242
5617 4243
4251 4251
3973 4253
3699 4254
5513 4256
6263 4257
4821 4259
6146 4261
4262 4262
5617 4265
4267 4267
5848 4268
4034 4269
3933 4271
6243 4274
6376 4276
4782 4279
5709 4280
4282 4282
4285 4285
4742 4287
5849 4289
4813 4291
6856 4292
4293 4293
4294 4294
4547 4297
6808 4298
4299 4299
6322 4300
3878 4301
4495 4302
3965 4303
4167 4305
5818 4306
4289 4309
4310 4310
5936 4311
5171 4312
5777 4315
4808 4317
3701 4319
3893 4323
4329 4329
6602 4332
4334 4334
6360 4335
6622 4336
4337 4337
5179 4338
4126 4341
3690 4342
6856 4345
5714 4346
6796 4347
5148 4350
5840 4351
4352 4352
4354 4354
5131 4357
5977 4358
5210 4359
4865 4360
4098 4361
5784 4365
5874 4366
6031 4368
4369 4369
5580 4372
4916 4376
4241 4377
4223 4378
6037 4379
6017 4382
4386 4386
4387 4387
4388 4388
4306 4389
4391 4391
4392 4392
4396 4396
5926 4397
6039 4399
5790 4400
4917 4401
5711 4403
6628 4405
4407 4407
5410 4410
4411 4411
4559 4415
4733 4421
6029 4423
4267 4424
5496 4425
4427 4427
3922 4439
4440 4440
5271 4441
4443 4443
4697 4446
4475 4450
6729 4461
4465 4465
3778 4469
4470 4470
5358 4472
4189 4474
5592 4475
4932 4478
6555 4479
5089 4485
4488 4488
4489 4489
3755 4490
5171 4491
3728 4493
5426 4495
4036 4498
5031 4499
5106 4500
4631 4502
4503 4503
5774 4508
6389 4509
4547 4511
4881 4514
6633 4517
6781 4520
3985 4522
4126 4524
5743 4527
4658 4529
4929 4530
6278 4537
4006 4538
6736 4539
6488 4540
4952 4542
4543 4543
4545 4545
3980 4546
4550 4550
5701 4553
3742 4554
4135 4556
3690 4557
5806 4559
5175 4561
5113 4562
4564 4564
5624 4565
5472 4566
5951 4568
6296 4569
3884 4571
6023 4573
5384 4574
4575 4575
4225 4577
4439 4585
5398 4590
3826 4593
4036 4596
4738 4597
6145 4601
5474 4604
6856 4605
4500 4606
4607 4607
5128 4611
4192 4612
4615 4615
4271 4618
4621 4621
4622 4622
4450 4623
3766 4628
4212 4629
4631 4631
5713 4635
5134 4636
4637 4637
5616 4638
4641 4641
4634 4643
5488 4648
4649 4649
4651 4651
4654 4654
5617 4656
6110 4657
5500 4658
4660 4660
5701 4663
3759 4664
3890 4665
4668 4668
6768 4669
5504 4671
4672 4672
4623 4674
4855 4675
5015 4678
4018 4682
6831 4683
4688 4688
4689 4689
4271 4691
5369 4693
5271 4699
6556 4700
6049 4704
5534 4707
5498 4708
4637 4709
4713 4713
5835 4716
5317 4717
6593 4718
5689 4722
6689 4724
4572 4727
4728 4728
4730 4730
4731 4731
3841 4733
5458 4734
4736 4736
6708 4737
5568 4738
6337 4740
6174 4741
5384 4742
5695 4743
4744 4744
4448 4745
4746 4746
4747 4747
4215 4748
4283 4750
3765 4751
4752 4752
4754 4754
4044 4757
5683 4760
4365 4761
4762 4762
4763 4763
5370 4764
4768 4768
4060 4774
6808 4775
5357 4776
5084 4784
3996 4786
6216 4788
4789 4789
4185 4790
4842 4791
6593 4792
3990 4793
4797 4797
6856 4800
3703 4802
5774 4803
4247 4804
4803 4809
6554 4810
6363 4815
4816 4816
6537 4819
5353 4820
5314 4821
5617 4822
6357 4824
4528 4825
4302 4828
6583 4829
6768 4830
6246 4831
6201 4832
4023 4833
5829 4835
5384 4838
4932 4839
3935 4845
4575 4846
4009 4848
4205 4849
4520 4853
3873 4855
4994 4856
4859 4859
4782 4861
5015 4862
6258 4864
4382 4865
6102 4866
4868 4868
4890 4870
5866 4871
4815 4873
4991 4874
5482 4877
4192 4880
4159 4889
4772 4891
4853 4893
4848 4894
6018 4895
6537 4896
4899 4899
6241 4900
5729 4901
5848 4902
6322 4903
3890 4904
4907 4907
5245 4909
6162 4910
4911 4911
4912 4912
3759 4915
4042 4916
4254 4917
4921 4921
3822 4927
4909 4928
4660 4929
4930 4930
5472 4933
4934 4934
6807 4936
4867 4938
4746 4939
5094 4940
4941 4941
5412 4944
4687 4945
4950 4950
6125 4951
4687 4952
4956 4956
4770 4958
4634 4959
4055 4960
4962 4962
6402 4963
5775 4966
5558 4967
4060 4968
3886 4969
3782 4973
4974 4974
5932 4975
5007 4976
5663 4977
6796 4980
4850 4981
5421 4984
4987 4987
4623 4988
4989 4989
5728 4990
3799 4991
5474 4992
4652 4997
4097 4998
6594 5000
3847 5008
5695 5010
5564 5012
4297 5013
5709 5015
4027 5017
6387 5018
5732 5019
4126 5025
5302 5028
5181 5033
5413 5034
6806 5035
6327 5036
5774 5037
4152 5039
4353 5040
5041 5041
3893 5043
3995 5044
5721 5045
5229 5046
3783 5048
4928 5049
5051 5051
5053 5053
5301 5055
5056 5056
5058 5057
5853 5058
4771 5060
5134 5061
4258 5062
5390 5066
6029 5067
5068 5068
5840 5069
6270 5070
4130 5071
4724 5072
4177 5074
5075 5075
6554 5076
5666 5078
5080 5080
5081 5081
5472 5082
5296 5084
5284 5085
5015 5087
6113 5089
5472 5091
5095 5095
5865 5097
3841 5103
5393 5105
5551 5106
5258 5108
4991 5110
5113 5113
5116 5116
5007 5117
3759 5120
3718 5122
4158 5125
5553 5127
6006 5130
4446 5131
6452 5133
4775 5136
4058 5137
5358 5139
4012 5142
3980 5145
4036 5147
3841 5148
5201 5149
5152 5152
6845 5154
5156 5156
5624 5157
4878 5158
6277 5159
6622 5160
5163 5163
4727 5164
4838 5165
5427 5173
5472 5176
6033 5183
5004 5189
5664 5192
5193 5193
5196 5196
5198 5198
4634 5201
4907 5205
5255 5207
4367 5208
4271 5210
5211 5211
4360 5212
5215 5215
6807 5216
5384 5218
4305 5219
6296 5223
5225 5225
5246 5228
5229 5229
3897 5234
5171 5235
5812 5237
5239 5239
4920 5240
5720 5244
5245 5245
5247 5247
6650 5249
5053 5251
6574 5252
4403 5254
4045 5255
4349 5256
4867 5258
6117 5259
5438 5262
4848 5264
5265 5265
6797 5269
4409 5271
6098 5275
5603 5279
4403 5285
4483 5286
5287 5287
3728 5291
5292 5292
6806 5296
5297 5297
4349 5299
4478 5300
5301 5301
3856 5303
3773 5304
4349 5308
6883 5309
6856 5313
5964 5315
5062 5317
5784 5319
6291 5321
5323 5323
5393 5324
3742 5326
6210 5327
5070 5331
4929 5332
3798 5333
5339 5339
4865 5342
6161 5343
6488 5344
5349 5349
4427 5350
5790 5354
5355 5355
6166 5359
4564 5360
4147 5364
5365 5365
5378 5378
4082 5384
5641 5386
5387 5387
6083 5393
5617 5395
5958 5397
6653 5400
4796 5401
6274 5404
5405 5405
5406 5406
5468 5409
5410 5410
3821 5411
6480 5412
5690 5415
4446 5416
4299 5417
4634 5418
5914 5421
5781 5423
4687 5431
4411 5433
6582 5435
5062 5436
4324 5438
6758 5439
6188 5441
5443 5443
6410 5448
4768 5451
6758 5452
5453 5453
3704 5457
4321 5458
4574 5459
5464 5464
6140 5469
4833 5470
6457 5471
6140 5474
4367 5475
3690 5477
4231 5478
6503 5479
6196 5480
6807 5483
5305 5491
6860 5495
5496 5496
5137 5497
4577 5499
5336 5500
4227 5505
5342 5506
5146 5512
4091 5516
5519 5519
4304 5520
5522 5522
4831 5523
6476 5524
4248 5525
5526 5526
5527 5527
5499 5528
4227 5530
3727 5532
5011 5533
5436 5534
5535 5535
3898 5536
6288 5537
5538 5538
5539 5539
5540 5540
6583 5541
5932 5543
6033 5547
5000 5549
6029 5550
6219 5551
5553 5553
5999 5555
6537 5556
4711 5557
6796 5561
3859 5564
5117 5565
5567 5567
6117 5569
5332 5572
4278 5576
4932 5579
5307 5587
6117 5589
6385 5591
4932 5594
4932 5596
5598 5598
4736 5601
5279 5603
4559 5605
4974 5607
4387 5608
5609 5609
4586 5610
6620 5613
6804 5615
6857 5619
3695 5620
4289 5621
6196 5622
5630 5630
5631 5631
4987 5635
5640 5640
5641 5641
4227 5645
5648 5648
6772 5656
5598 5657
5659 5659
4587 5662
5179 5666
5271 5667
5617 5669
6577 5670
5674 5674
5675 5675
6511 5679
4313 5680
4865 5683
4392 5684
6350 5686
6259 5687
5236 5688
3789 5689
6845 5690
5360 5691
5393 5692
5709 5693
6145 5696
4911 5702
4900 5703
5186 5704
6423 5706
5411 5708
5951 5709
3941 5713
5764 5719
5721 5721
4629 5722
6772 5727
3782 5730
5397 5731
6032 5732
5222 5733
6825 5734
4401 5739
5740 5740
5835 5742
4206 5744
5861 5745
5750 5750
6433 5751
6790 5756
5298 5760
4188 5762
6066 5766
5767 5767
5741 5769
5009 5773
5775 5775
5778 5778
5349 5782
5783 5783
4130 5784
5789 5789
4060 5792
5793 5793
6162 5794
5053 5798
5536 5799
5800 5800
4932 5801
4526 5803
4192 5809
4916 5810
5812 5812
5813 5813
6037 5816
5695 5817
5564 5818
3853 5820
5252 5822
5472 5823
5824 5824
6196 5825
3809 5826
4175 5827
5381 5828
5558 5830
4580 5831
5835 5835
6161 5837
4973 5838
5472 5839
6231 5840
6736 5841
5333 5842
6510 5844
5526 5845
6804 5847
5333 5852
6059 5855
6314 5856
4283 5861
6166 5864
6030 5865
5968 5866
4323 5868
6537 5871
3695 5877
5878 5878
4291 5880
5244 5883
5579 5884
5011 5885
4688 5886
6703 5893
5896 5896
5146 5897
6583 5898
4622 5899
3992 5900
5089 5903
6762 5904
5701 5905
5438 5908
4223 5909
6038 5910
6635 5911
3938 5912
5773 5913
4167 5915
5134 5916
6710 5917
4299 5919
4030 5924
6385 5925
3971 5927
5222 5928
6196 5929
3948 5930
4756 5932
6788 5933
4623 5934
5936 5936
4686 5937
5617 5938
4175 5942
5924 5943
5387 5944
4375 5947
5406 5948
4480 5950
5951 5951
6807 5952
6391 5955
4289 5957
6450 5958
4958 5959
5412 5961
3847 5962
6665 5964
6476 5966
5528 5973
6385 5975
5982 5978
5774 5979
5697 5980
3710 5982
5134 5983
5984 5984
5985 5985
5986 5986
4019 5987
5505 5988
4801 5990
5991 5991
6188 5996
6191 5997
6406 6001
3968 6002
6005 6005
4150 6007
6715 6010
4881 6013
5015 6014
6201 6016
5042 6017
4582 6020
6839 6021
4875 6022
3704 6023
6024 6024
4289 6026
6027 6027
6274 6028
6231 6029
6033 6033
5342 6035
5271 6038
6448 6039
4314 6040
5385 6042
6196 6044
4567 6045
4567 6046
4824 6048
4867 6049
3853 6052
6054 6054
5881 6056
6057 6057
5932 6059
6062 6062
6064 6064
4905 6066
4867 6070
5963 6071
6072 6072
3899 6073
5188 6074
6808 6075
6831 6076
6077 6077
5762 6079
3903 6083
5193 6085
6090 6090
6196 6091
3685 6092
5307 6093
4442 6098
6405 6099
6131 6101
6102 6102
6103 6103
5701 6104
4738 6105
5966 6108
6140 6113
6530 6114
6059 6117
6130 6130
4957 6133
6414 6134
6780 6142
6143 6143
5358 6144
6147 6147
5824 6149
3911 6151
6153 6153
5869 6157
6159 6159
4934 6160
3771 6161
6162 6162
6163 6163
4097 6164
4352 6165
3924 6167
6170 6170
6172 6172
6856 6173
4186 6174
6175 6175
6291 6177
5554 6179
6180 6180
6196 6181
5372 6184
6185 6185
4403 6188
5553 6189
4488 6190
4382 6195
3759 6196
6198 6198
5093 6200
3941 6201
4840 6202
6537 6204
3893 6208
3932 6210
5617 6211
5852 6213
5603 6214
5255 6219
4039 6225
4929 6229
6117 6240
4248 6243
3922 6245
4958 6246
6247 6247
6248 6248
3825 6252
6036 6255
4437 6257
3765 6260
6261 6261
6030 6263
6264 6264
4891 6265
6594 6266
5366 6269
4937 6270
3924 6272
6028 6274
6276 6276
4649 6277
6278 6278
6281 6281
6282 6282
4952 6284
5464 6287
5350 6291
4302 6295
4223 6296
6302 6302
5113 6303
6825 6304
4223 6306
5743 6309
6637 6311
6337 6312
6315 6315
5225 6317
6583 6320
4517 6322
6323 6323
6556 6326
4613 6327
4303 6329
4227 6330
6784 6334
6338 6338
4651 6339
6386 6340
6341 6341
5558 6344
4547 6345
5558 6347
4300 6349
4722 6351
4629 6354
3762 6356
5189 6357
4865 6358
6281 6360
5372 6362
6363 6363
5474 6364
5558 6366
4593 6368
3690 6371
4623 6377
3690 6379
5912 6380
5762 6381
5564 6382
5423 6383
4227 6387
6388 6388
6389 6389
6586 6390
5472 6392
5714 6394
5721 6396
6499 6398
3811 6399
4547 6401
6402 6402
6405 6405
6406 6406
4746 6408
6410 6410
4295 6413
4663 6416
4917 6417
5472 6418
5415 6419
3759 6420
3975 6422
3756 6425
3927 6426
4651 6427
6429 6429
5076 6430
5472 6432
6422 6434
5535 6435
6597 6437
3992 6441
5128 6443
6444 6444
6446 6446
6448 6448
3988 6450
6627 6452
5695 6454
5297 6455
4485 6460
4483 6461
6873 6462
3778 6468
5931 6469
4388 6473
4283 6476
5410 6477
5755 6478
5265 6479
6374 6480
4452 6481
6482 6482
5579 6489
5102 6490
5641 6492
6736 6500
4045 6502
3723 6503
6586 6505
6425 6507
4227 6509
5516 6514
4890 6515
5218 6516
4520 6517
5282 6518
4728 6520
5709 6521
4964 6522
6526 6526
6529 6529
6531 6531
6767 6533
5513 6534
6681 6537
3829 6538
5336 6539
4297 6540
6574 6541
6394 6545
6140 6554
5679 6555
4483 6558
5370 6563
3980 6564
6566 6566
6567 6567
5663 6568
4428 6571
5666 6572
6573 6573
6384 6576
5616 6577
3816 6579
3975 6584
4989 6585
6327 6586
6059 6588
6127 6589
6591 6591
6593 6593
6380 6594
4251 6596
6597 6597
4184 6599
3785 6600
5702 6603
6605 6605
6606 6606
5884 6610
6620 6611
3841 6616
4638 6618
6114 6620
6166 6621
5160 6622
4827 6625
4512 6626
5088 6627
6631 6631
6633 6633
4981 6635
6644 6644
4921 6645
4902 6646
5732 6648
4323 6649
5788 6650
4832 6651
5287 6652
6296 6653
6657 6657
6433 6660
6662 6662
6663 6663
6665 6665
5399 6666
5732 6667
6002 6670
6131 6675
6772 6680
5183 6685
4583 6688
4187 6689
4568 6691
6693 6693
4309 6695
6696 6696
6637 6699
5812 6700
6706 6706
4693 6707
6213 6709
4147 6710
5726 6711
4871 6712
5027 6713
5174 6714
6131 6715
4879 6719
5511 6721
4970 6723
6724 6724
6725 6725
5066 6729
4044 6731
5004 6732
6363 6739
3782 6744
5913 6746
6595 6750
6196 6752
6754 6754
4734 6756
5374 6757
6143 6759
6681 6760
3741 6761
4917 6762
6537 6764
4842 6766
5804 6769
5131 6771
3731 6774
5782 6775
6402 6778
5890 6780
4890 6782
5804 6785
3853 6790
6792 6792
4879 6794
6666 6795
6431 6797
3893 6798
5666 6800
6784 6801
4353 6803
5856 6804
4718 6805
5117 6807
6797 6808
6809 6809
5404 6810
6134 6812
6537 6813
4427 6816
6817 6817
6517 6819
6824 6824
6736 6826
6827 6827
4711 6828
4622 6831
4775 6832
4223 6835
6839 6839
5592 6841
4796 6842
6844 6844
5343 6848
6850 6850
4126 6851
5393 6852
6853 6853
5328 6855
6113 6857
6098 6860
6865 6865
5144 6866
4583 6868
4227 6869
5663 6871
4607 6872
5640 6878
6880 6880
4403 6882
4890 6883
5472 6884
4731 6887
