410 410
244 244
261 261
3851 3851
407 407
26 26
3777 3777
5535 5535
3909 3909
36 36
3533 3533
3629 3629
435 435
35 35
23 23
6257 6257
5601 5601
3548 3548
100 100
3930 3930
73 73
2808 2808
1906 1906
3588 3588
6276 6276
117 117
3936 3936
3845 3845
2797 2797
92 92
292 292
3056 3056
3806 3806
64 64
3571 3571
3824 3824
340 340
5750 5750
6248 6248
429 429
439 439
5369 5369
3657 3657
17 17
3584 3584
3601 3601
3825 3825
3602 3602
338 338
3568 3568
3554 3554
3837 3837
3565 3565
5508 5508
3757 3757
325 325
3829 3829
3927 3927
5453 5453
5510 5510
5674 5674
5613 5613
5950 5950
3581 3581
62 62
5721 5721
2049 2049
5829 5829
3596 3596
5848 5848
2177 2177
2381 2381
2005 2005
2246 2246
3655 3655
5936 5936
5651 5651
2480 2480
2129 2129
5932 5932
5944 5944
2375 2375
3615 3615
2128 2128
3667 3667
146 146
2052 2052
2191 2191
2213 2213
2511 2511
2494 2494
2044 2044
5851 5851
245 245
5635 5635
5969 5969
5512 5512
5514 5514
193 193
5751 5751
5641 5641
5826 5826
2152 2152
3518 3518
5977 5977
5540 5540
6077 6077
155 155
335 335
1993 1993
7 7
3906 3906
5665 5665
2 2
6062 6062
2470 2470
6052 6052
6231 6231
5746 5746
6064 6064
2475 2475
6073 6073
5654 5654
6061 6061
2472 2472
260 260
5852 5852
5499 5499
2095 2095
4010 4010
2036 2036
4019 4019
3718 3718
2600 2600
2610 2610
5542 5542
2086 2086
2624 2624
3899 3899
2204 2204
6130 6130
2509 2509
6143 6143
6102 6102
3716 3716
3896 3896
2093 2093
6000 6000
3989 3989
5716 5716
5872 5872
4071 4071
3975 3975
2508 2508
147 147
4018 4018
5997 5997
3954 3954
6105 6105
6880 6880
4023 4023
3810 3810
6117 6117
3991 3991
4044 4044
5233 5233
3690 3690
4048 4048
2519 2519
4037 4037
3888 3888
5235 5235
2027 2027
3818 3818
3980 3980
3163 3163
6125 6125
2634 2634
4004 4004
6107 6107
3960 3960
4001 4001
5714 5714
5989 5989
374 374
2220 2220
4012 4012
2432 2432
5553 5553
5474 5474
2639 2639
309 309
3694 3694
5745 5745
2535 2535
2114 2114
2644 2644
5743 5743
2560 2560
376 376
5644 5644
5526 5526
2652 2652
5793 5793
540 540
473 473
5486 5486
2216 2216
5806 5806
2423 2423
529 529
2282 2282
2559 2559
3644 3644
500 500
3490 3490
466 466
491 491
576 576
5908 5908
515 515
3730 3730
2576 2576
558 558
5495 5495
2700 2700
2468 2468
3068 3068
3355 3355
3437 3437
2662 2662
5812 5812
5778 5778
524 524
5534 5534
6163 6163
3892 3892
2425 2425
5904 5904
4789 4789
5813 5813
5800 5800
6170 6170
226 226
5689 5689
223 223
153 153
5782 5782
3277 3277
4762 4762
3768 3768
2892 2892
2444 2444
5890 5890
3261 3261
1611 1611
2466 2466
3169 3169
4799 4799
5913 5913
2308 2308
2103 2103
3292 3292
3313 3313
3284 3284
3290 3290
2243 2243
1506 1506
2112 2112
1441 1441
5705 5705
3439 3439
3237 3237
3171 3171
2206 2206
3281 3281
1730 1730
1831 1831
1832 1832
3219 3219
3368 3368
3240 3240
2702 2702
2355 2355
1440 1440
1600 1600
1722 1722
302 302
2733 2733
1593 1593
3407 3407
1311 1311
3348 3348
570 570
2821 2821
687 687
1851 1851
2873 2873
1541 1541
4911 4911
5410 5410
2898 2898
2305 2305
943 943
3078 3078
1255 1255
1968 1968
1962 1962
6187 6187
6750 6750
1628 1628
3944 3944
1854 1854
6766 6766
4737 4737
1667 1667
1689 1689
1925 1925
1972 1972
1508 1508
2989 2989
6778 6778
2915 2915
6224 6224
2325 2325
4076 4076
3242 3242
6657 6657
1579 1579
1857 1857
2318 2318
1342 1342
6680 6680
6661 6661
5080 5080
3430 3430
6323 6323
6630 6630
6332 6332
6739 6739
4830 4830
4091 4091
1738 1738
2309 2309
5411 5411
844 844
3043 3043
4188 4188
808 808
669 669
6557 6557
6489 6489
1712 1712
815 815
4550 4550
4101 4101
1795 1795
1714 1714
1568 1568
5093 5093
4649 4649
2728 2728
636 636
1390 1390
6631 6631
652 652
1424 1424
2919 2919
1406 1406
3106 3106
6315 6315
6623 6623
4158 4158
4305 4305
6383 6383
3036 3036
1796 1796
677 677
5019 5019
5039 5039
1856 1856
5412 5412
1864 1864
6446 6446
5333 5333
6388 6388
1546 1546
1080 1080
4367 4367
936 936
3334 3334
6527 6527
591 591
5221 5221
1090 1090
6282 6282
4677 4677
4427 4427
6859 6859
4425 4425
1758 1758
3495 3495
4321 4321
2853 2853
1382 1382
5150 5150
6841 6841
4110 4110
4148 4148
5365 5365
6438 6438
5219 5219
5051 5051
1259 1259
2819 2819
610 610
5028 5028
6440 6440
640 640
6808 6808
4828 4828
3464 3464
6844 6844
958 958
1061 1061
5056 5056
4166 4166
1515 1515
916 916
3118 3118
4764 4764
4424 4424
846 846
791 791
6533 6533
1334 1334
923 923
3497 3497
4553 4553
3116 3116
4142 4142
1200 1200
981 981
691 691
4538 4538
1449 1449
4492 4492
4174 4174
4149 4149
4978 4978
978 978
4552 4552
2844 2844
5041 5041
995 995
1092 1092
4478 4478
6551 6551
4114 4114
6809 6809
1036 1036
6510 6510
6505 6505
919 919
4470 4470
1140 1140
1023 1023
882 882
5244 5244
6587 6587
4623 4623
3333 3333
6530 6530
3026 3026
3172 3172
3320 3320
726 726
6597 6597
3104 3104
6327 6327
4744 4744
1004 1004
6731 6731
3502 3502
1787 1787
6437 6437
2912 2912
1524 1524
4371 4371
1780 1780
6588 6588
4543 4543
5045 5045
3764 3764
4729 4729
6468 6468
177 177
4593 4593
1526 1526
4502 4502
1123 1123
6467 6467
4958 4958
3460 3460
1468 1468
4443 4443
6525 6525
4317 4317
4527 4527
892 892
6566 6566
6370 6370
6605 6605
1306 1306
4123 4123
4604 4604
3183 3183
783 783
4387 4387
3012 3012
848 848
4734 4734
801 801
4446 4446
1782 1782
967 967
767 767
4752 4752
1862 1862
4653 4653
1817 1817
3125 3125
4230 4230
3006 3006
3093 3093
4871 4871
4352 4352
904 904
4463 4463
5136 5136
6360 6360
4388 4388
6554 6554
4126 4126
4668 4668
4883 4883
3020 3020
4736 4736
6563 6563
4360 4360
2877 2877
2831 2831
970 970
1203 1203
1116 1116
4124 4124
4442 4442
4392 4392
1326 1326
1478 1478
4607 4607
3137 3137
2932 2932
1293 1293
1265 1265
771 771
1132 1132
4808 4808
615 615
6877 6877
4461 4461
6302 6302
1275 1275
3204 3204
1187 1187
6384 6384
4907 4907
2914 2914
4930 4930
4950 4950
5265 5265
1141 1141
620 620
1482 1482
952 952
6424 6424
4565 4565
873 873
897 897
3007 3007
1461 1461
1529 1529
4728 4728
4747 4747
4757 4757
6338 6338
3133 3133
4597 4597
4533 4533
4504 4504
1045 1045
1073 1073
