2180 1
2 2
2224 3
395 4
7 7
2837 9
3046 13
4086 16
17 17
4197 19
6061 22
23 23
5005 24
26 26
3882 27
2005 34
35 35
36 36
5314 37
1409 38
1972 43
4077 44
6278 45
1160 47
5047 49
1930 52
3135 54
3864 55
62 62
64 64
5897 65
4384 66
3053 69
3913 72
73 73
61 74
6394 88
92 92
1696 93
6585 98
3724 99
100 100
4 103
5802 104
3252 105
5616 110
5378 111
1770 112
6117 113
117 117
4249 121
1850 124
5253 125
5924 126
1952 127
5818 128
5550 129
4478 130
1968 136
6503 138
2573 139
364 143
3127 144
328 145
146 146
147 147
1748 148
6668 149
6161 151
153 153
155 155
5700 159
658 160
2696 163
2855 164
3455 165
4427 168
3551 169
2660 170
177 177
864 180
1412 184
4053 186
4664 190
2538 191
193 193
2100 195
2932 197
6451 199
4579 202
972 211
6742 212
4467 213
3944 218
2027 220
5690 222
223 223
2128 224
1277 225
226 226
2448 227
2477 230
235 232
5084 238
1500 239
244 244
245 245
430 247
6425 254
5611 255
260 260
261 261
916 268
3288 270
4358 271
4561 275
1962 276
4783 277
298 284
285 285
4649 288
289 289
6797 291
292 292
3055 293
43 300
302 302
3660 303
4524 306
309 309
3263 310
4284 311
2091 312
3046 316
5846 317
3795 318
6382 319
325 325
986 326
3485 327
6420 330
5200 334
335 335
338 338
4533 339
340 340
194 345
975 346
4797 347
1630 348
2689 351
2198 354
6358 355
5096 360
1723 361
3604 363
6269 369
6368 372
374 374
376 376
6451 378
1952 388
958 390
2463 392
5093 393
3186 395
3581 396
3650 403
5893 406
407 407
5986 409
410 410
4403 411
168 420
4537 421
968 422
429 429
2068 431
1798 432
2290 433
435 435
1741 438
439 439
3255 440
441 441
6630 442
2887 449
1754 452
532 454
5349 461
1233 464
466 466
671 467
2216 468
1730 472
473 473
3564 474
2477 475
2290 476
1051 481
2659 482
483 483
788 486
5419 487
4874 488
1291 490
491 491
3106 497
82 498
500 500
3862 501
505 505
63 513
2013 514
515 515
6279 517
1914 519
3046 522
1821 523
524 524
2755 527
2997 528
529 529
4371 530
540 540
1584 545
4027 547
6818 548
5986 550
6618 554
558 558
2086 565
2338 566
570 570
4112 572
1952 575
576 576
1675 577
5378 581
6455 583
1603 587
591 591
6071 592
3335 593
2545 595
346 598
6667 600
4032 603
610 610
615 615
942 619
620 620
5120 622
5814 626
3752 627
6560 628
6775 630
6346 631
3378 633
1354 634
636 636
637 637
640 640
2677 644
1505 646
3363 648
6396 650
652 652
826 655
1125 667
669 669
2502 670
672 672
674 674
677 677
2090 680
687 687
2927 688
338 690
691 691
5378 693
4708 694
5311 696
3219 697
3914 701
3712 703
4201 712
714 714
3764 715
2631 718
1011 719
726 726
5986 727
5866 730
3631 732
4866 739
1607 740
902 749
1493 750
5285 755
758 758
759 759
6106 761
5740 763
767 767
768 768
1946 769
771 771
434 772
6618 774
776 776
2677 781
3167 782
783 783
791 791
1409 793
801 801
6005 802
443 807
808 808
933 811
815 815
1259 816
2843 819
3150 821
138 822
6323 823
4678 827
532 831
1198 833
4109 837
2425 841
844 844
5118 845
846 846
848 848
3850 858
1575 863
4676 865
5833 866
1989 867
5709 868
873 873
6235 879
6117 881
882 882
5535 884
3929 885
5848 886
892 892
6236 893
897 897
2735 899
904 904
5629 906
2338 907
6451 910
1439 913
2539 915
916 916
4948 917
919 919
923 923
2429 925
1850 930
1591 932
1198 933
936 936
6131 939
3864 942
943 943
1007 945
653 949
567 951
952 952
957 955
1952 956
958 958
3917 959
1273 960
408 961
967 967
6446 968
2547 969
970 970
2470 973
2729 977
978 978
981 981
4346 985
5834 986
2778 989
6358 991
6493 992
995 995
4055 998
1462 1000
434 1002
1004 1004
3386 1013
3006 1014
1175 1015
604 1017
61 1020
1023 1023
6476 1028
5142 1029
3982 1034
1036 1036
2350 1040
3733 1043
5679 1044
1045 1045
1906 1052
3693 1053
3065 1054
2550 1055
616 1056
3043 1057
4075 1058
1061 1061
408 1066
1917 1069
4559 1070
810 1071
3140 1072
1073 1073
4719 1074
826 1077
4623 1079
1080 1080
4317 1082
6806 1084
6288 1086
3982 1088
1090 1090
1092 1092
1096 1096
5890 1098
2472 1102
180 1103
1914 1104
3267 1105
4641 1114
5939 1115
1116 1116
2824 1118
4456 1119
490 1120
1123 1123
4512 1125
3742 1128
1132 1132
6533 1135
2798 1137
1140 1140
1141 1141
3934 1143
4023 1145
6270 1148
5732 1149
5036 1150
3663 1156
61 1157
5869 1160
2431 1163
5135 1166
3335 1171
6411 1174
3521 1175
1595 1179
4109 1183
4018 1184
1187 1187
2571 1193
6291 1195
2759 1197
1752 1198
1174 1199
1200 1200
1203 1203
5364 1204
3530 1205
2911 1206
1848 1210
3090 1216
5206 1218
6503 1222
6269 1226
676 1227
194 1234
6106 1235
6543 1237
1932 1240
6314 1241
3485 1242
4334 1245
5496 1248
5039 1251
6081 1252
3389 1253
5751 1254
1255 1255
1398 1256
1578 1258
1259 1259
6270 1263
1265 1265
1381 1268
1917 1269
1275 1275
3993 1276
5039 1277
3358 1278
5249 1283
5315 1284
1286 1286
5033 1288
5939 1289
2 1292
1293 1293
1501 1296
4063 1300
6644 1301
6106 1304
1306 1306
1311 1311
1409 1317
6849 1318
6293 1320
2897 1323
1818 1325
1326 1326
1271 1328
4664 1330
1351 1331
1256 1333
1334 1334
587 1338
1342 1342
3929 1344
2308 1356
1358 1358
6602 1359
942 1360
3055 1363
910 1364
915 1365
6258 1368
1041 1370
4326 1377
3213 1379
1382 1382
6872 1383
325 1385
1386 1386
2905 1389
1390 1390
5143 1391
5552 1395
1455 1397
5612 1399
3046 1405
1406 1406
6169 1407
1322 1410
6043 1415
874 1419
5372 1420
1462 1423
1424 1424
2770 1427
2109 1429
5695 1430
2602 1432
1433 1433
1424 1435
4403 1437
6240 1438
5408 1439
1440 1440
1441 1441
1986 1442
1449 1449
1273 1453
4153 1454
1397 1455
1461 1461
4027 1463
2526 1465
1468 1468
5721 1469
116 1470
2393 1473
6158 1475
1478 1478
1481 1481
1482 1482
102 1485
1096 1487
2005 1490
6651 1492
1848 1493
6460 1494
3564 1495
1506 1506
5666 1507
1508 1508
6144 1509
3686 1510
6805 1513
4467 1514
1515 1515
5121 1520
5349 1521
6269 1522
1688 1523
1524 1524
688 1525
1526 1526
1529 1529
102 1530
1968 1531
2798 1534
1984 1535
2967 1537
3389 1540
1541 1541
916 1543
1546 1546
4464 1548
2393 1552
1273 1558
3462 1562
6143 1563
1568 1568
5005 1570
2778 1571
1572 1572
1573 1573
1133 1575
1579 1579
3180 1584
1593 1593
6594 1594
6488 1596
6323 1598
1600 1600
456 1601
4020 1604
5890 1608
1611 1611
4111 1612
1917 1613
4315 1614
1259 1615
1399 1618
5283 1619
278 1623
1628 1628
3847 1629
5314 1632
1634 1634
1466 1636
1637 1637
2210 1638
6494 1643
5514 1647
1607 1650
1652 1652
428 1654
264 1662
4537 1663
2453 1665
3007 1666
1667 1667
3680 1668
1669 1669
6739 1670
1615 1673
1741 1676
1678 1678
2975 1680
4329 1682
1683 1683
5433 1688
1689 1689
2184 1692
100 1695
1700 1700
1703 1703
1845 1706
5624 1708
6602 1709
4585 1710
4464 1711
1712 1712
1714 1714
1456 1715
3046 1716
6805 1721
1722 1722
987 1723
4729 1724
719 1727
5732 1728
1730 1730
1738 1738
578 1739
1745 1745
1748 1748
4351 1749
4567 1752
3439 1753
3962 1755
1758 1758
298 1760
2254 1762
4606 1765
5720 1769
6355 1772
5069 1774
3057 1775
532 1777
1780 1780
1782 1782
2308 1783
5052 1786
1787 1787
830 1788
4120 1792
1795 1795
1796 1796
2743 1802
1640 1810
3308 1811
6530 1813
5261 1814
1817 1817
4157 1818
3913 1821
4420 1822
4205 1825
2658 1828
1603 1829
796 1830
1831 1831
1832 1832
3602 1834
790 1836
1629 1837
1839 1839
4643 1840
1843 1843
5283 1844
1952 1848
4631 1850
1851 1851
2269 1852
3612 1853
1854 1854
1856 1856
1857 1857
70 1861
1862 1862
1867 1863
1864 1864
1867 1867
4109 1872
3525 1876
1880 1880
1917 1882
1885 1885
5220 1892
2817 1893
5872 1896
4537 1899
1906 1906
3926 1908
1912 1912
1914 1914
5107 1916
1917 1917
3052 1918
5359 1920
2401 1923
1925 1925
5054 1927
6106 1928
3055 1929
6451 1930
790 1937
4076 1938
444 1947
5678 1951
2068 1955
6618 1957
1962 1962
2503 1966
1968 1968
1972 1972
5856 1975
701 1981
6268 1986
3847 1990
108 1992
1993 1993
3635 1998
1282 2002
2005 2005
3333 2006
2435 2007
2200 2009
6201 2010
3533 2013
6740 2015
3186 2019
4692 2023
5466 2025
2027 2027
6835 2029
3549 2030
4317 2033
2104 2035
2036 2036
6339 2038
915 2040
195 2043
2044 2044
2049 2049
1954 2051
2052 2052
4349 2054
561 2055
3421 2059
3191 2064
2662 2067
2542 2069
725 2073
1640 2077
63 2082
2086 2086
4392 2087
2689 2089
2093 2093
2095 2095
734 2097
987 2102
2103 2103
6257 2105
43 2106
1734 2107
2112 2112
2114 2114
1341 2117
825 2121
5019 2123
3159 2125
933 2127
2128 2128
2129 2129
6117 2130
5690 2132
3267 2133
4384 2137
3860 2138
1520 2139
5629 2143
1051 2144
5632 2145
4357 2146
2152 2152
6305 2158
428 2162
923 2164
2167 2167
4074 2168
4102 2169
1198 2172
89 2175
2185 2176
2177 2177
5611 2179
2796 2185
1207 2190
2191 2191
3044 2195
3971 2196
1441 2199
1374 2201
2204 2204
2206 2206
3707 2208
1805 2211
2213 2213
2216 2216
6873 2219
2220 2220
946 2227
5666 2228
2230 2230
3493 2231
2508 2233
4905 2235
5561 2238
5662 2239
6002 2240
1448 2242
2243 2243
1439 2244
2246 2246
3163 2250
3674 2252
5143 2254
825 2257
3088 2259
3057 2261
5760 2263
4687 2264
1886 2266
6623 2269
1059 2273
5399 2280
2282 2282
4212 2284
725 2285
3221 2287
1128 2289
3766 2296
810 2300
3505 2303
2305 2305
2308 2308
2309 2309
428 2311
4155 2312
5159 2314
174 2315
2318 2318
3993 2319
2325 2325
558 2333
5416 2335
5070 2336
693 2337
5448 2338
1039 2346
6291 2350
5079 2351
1706 2353
5498 2354
2355 2355
5070 2356
4024 2357
1274 2360
2580 2364
61 2373
2375 2375
5607 2376
4078 2380
2381 2381
6456 2384
3596 2387
6462 2393
5343 2397
1173 2402
1462 2406
3186 2411
1944 2412
1452 2415
3299 2418
5764 2419
2423 2423
6133 2424
2425 2425
2432 2432
4871 2436
4212 2437
2975 2443
2444 2444
2093 2446
2171 2450
5709 2465
2466 2466
3193 2467
2468 2468
2470 2470
2472 2472
6451 2474
2475 2475
5918 2476
2480 2480
4623 2481
6326 2486
907 2487
2511 2490
3193 2491
1096 2492
2494 2494
4020 2495
2186 2496
3006 2498
4913 2503
3564 2504
5759 2505
5122 2506
2508 2508
2509 2509
2511 2511
2997 2512
2393 2515
2519 2519
4020 2520
141 2521
4310 2525
5084 2530
4282 2531
6780 2534
2535 2535
2086 2536
970 2540
2739 2542
3213 2553
2000 2555
6460 2556
2559 2559
2560 2560
4706 2561
5556 2563
364 2564
5707 2565
2576 2576
4207 2577
3229 2578
4289 2580
2128 2582
5346 2589
872 2591
5159 2592
4641 2597
224 2599
2600 2600
6231 2602
2677 2608
2610 2610
6512 2611
3611 2612
2171 2614
2552 2615
1205 2619
2543 2622
2624 2624
5339 2627
2629 2629
2634 2634
1172 2635
6163 2636
356 2637
2639 2639
2644 2644
986 2645
3331 2648
2652 2652
3502 2658
2662 2662
6180 2663
401 2665
6622 2669
4263 2673
1508 2674
4932 2675
3675 2678
4456 2679
4020 2680
1615 2685
293 2686
2221 2688
2254 2697
2509 2698
2700 2700
2702 2702
1342 2713
6846 2715
2722 2722
2728 2728
930 2729
2733 2733
3358 2734
4758 2735
6771 2737
1264 2738
4893 2739
2148 2741
4148 2746
4207 2747
4678 2750
838 2751
6660 2753
621 2754
2071 2757
2599 2759
1112 2760
5807 2762
4760 2764
5629 2765
5709 2766
6425 2767
5827 2771
1273 2772
1645 2773
2780 2780
3934 2781
5341 2786
5845 2787
1785 2788
5635 2793
2166 2794
2797 2797
5550 2798
2801 2801
2808 2808
4376 2809
1647 2810
3753 2814
1960 2815
3852 2818
2819 2819
6438 2820
2821 2821
5079 2822
1611 2823
532 2825
5349 2828
5272 2830
2831 2831
199 2836
1397 2839
3206 2841
2197 2843
2844 2844
1278 2851
2853 2853
4620 2855
723 2856
4729 2859
1833 2866
5200 2872
2873 2873
2877 2877
428 2879
5607 2882
2172 2884
2887 2887
4190 2888
2892 2892
2401 2893
2898 2898
6875 2902
2903 2903
6533 2904
2905 2905
6042 2909
2912 2912
2914 2914
2915 2915
4674 2916
5725 2918
2919 2919
5898 2922
6240 2923
6224 2926
2071 2927
2494 2929
299 2930
2932 2932
1279 2935
1917 2936
3693 2937
4872 2940
3701 2942
973 2947
1748 2958
6706 2959
4866 2961
2677 2963
4346 2964
2967 2967
4152 2969
3522 2970
2833 2977
4277 2978
2413 2979
5120 2980
4467 2982
3057 2984
2989 2989
1387 2990
1818 2993
2994 2994
3079 3000
3003 3003
3004 3004
1215 3005
3006 3006
3007 3007
2997 3011
3012 3012
5488 3016
4304 3018
3020 3020
4013 3021
4109 3025
3026 3026
3505 3027
2362 3031
3036 3036
5986 3037
4498 3041
3043 3043
4485 3046
3654 3047
4854 3054
1286 3055
3056 3056
5594 3059
3275 3065
2705 3067
3068 3068
4896 3071
5575 3072
1645 3073
3144 3076
6878 3077
3078 3078
270 3079
4968 3084
2819 3090
826 3091
3093 3093
6298 3095
1922 3100
5379 3102
3104 3104
1520 3105
3106 3106
2828 3110
1347 3111
3323 3113
6764 3114
5019 3115
3116 3116
3118 3118
725 3119
4346 3122
1448 3123
3125 3125
6451 3128
375 3129
3131 3131
3133 3133
6378 3134
6064 3136
3137 3137
6479 3139
4482 3141
787 3143
5801 3144
3470 3145
5489 3146
1180 3148
5721 3150
1351 3152
1457 3154
3155 3155
4435 3158
6618 3160
4427 3161
3163 3163
6098 3164
5421 3166
3169 3169
3171 3171
3172 3172
3368 3177
3396 3180
2239 3181
2631 3182
3183 3183
58 3187
3127 3189
1831 3190
61 3191
6602 3194
1413 3195
3530 3197
747 3199
3204 3204
63 3205
4134 3209
655 3210
3668 3215
2377 3216
443 3217
6845 3218
3219 3219
1 3225
6329 3231
3237 3237
3186 3238
3240 3240
3242 3242
2856 3243
63 3245
6095 3246
5252 3252
2740 3255
2891 3259
4604 3260
3261 3261
3384 3262
693 3269
552 3275
6295 3276
3277 3277
3281 3281
3284 3284
2599 3287
1250 3289
3290 3290
3292 3292
532 3293
6106 3295
5827 3296
4020 3297
2542 3299
4121 3300
58 3301
1630 3303
5725 3306
3313 3313
515 3314
3320 3320
2167 3321
6545 3322
5086 3323
3422 3327
1341 3328
4148 3329
4776 3330
3333 3333
3334 3334
6841 3335
3501 3336
2198 3337
2005 3338
876 3339
1173 3344
3859 3345
2456 3347
3348 3348
299 3349
5725 3351
2734 3352
3355 3355
2800 3356
4148 3359
5558 3360
6193 3362
2501 3364
507 3367
3368 3368
2470 3371
926 3372
1931 3374
5236 3375
566 3378
1741 3380
6311 3382
3186 3384
1439 3399
2160 3400
3330 3403
3407 3407
5511 3414
4606 3415
4157 3416
3200 3420
3712 3422
6114 3425
3430 3430
6106 3431
6488 3433
3783 3434
5592 3435
1350 3436
3437 3437
3439 3439
180 3440
6381 3442
558 3445
1551 3448
5086 3452
6587 3453
4161 3456
3460 3460
3579 3462
3464 3464
5179 3467
6537 3469
490 3471
3261 3474
4063 3476
1723 3480
5399 3482
2393 3484
193 3485
3497 3487
4729 3488
540 3489
3490 3490
6592 3491
1591 3493
3495 3495
3497 3497
3502 3502
5079 3505
6584 3506
5315 3510
6298 3513
3518 3518
6602 3519
3563 3522
1466 3531
3533 3533
6438 3534
2339 3541
2939 3542
6209 3543
3546 3546
3548 3548
3554 3554
3529 3562
3565 3565
4552 3567
3568 3568
3571 3571
1328 3572
3224 3574
5567 3578
3581 3581
5387 3582
4519 3583
3584 3584
4571 3586
6627 3587
3588 3588
3157 3590
5009 3593
3877 3595
3596 3596
2946 3599
6440 3600
3601 3601
3602 3602
6555 3603
4371 3606
5747 3608
3745 3612
3615 3615
387 3621
6805 3623
3004 3625
3044 3627
3629 3629
6042 3633
4333 3634
6509 3636
5198 3637
5198 3643
3644 3644
4973 3648
1439 3650
4214 3654
3655 3655
6576 3656
3657 3657
5405 3664
1603 3665
3667 3667
1770 3670
5066 3673
3717 3674
1275 3675
2018 3680
3885 3681
3465 3682
2252 3685
6339 3686
3718 3687
3 3688
3690 3690
4754 3692
725 3693
3694 3694
2970 3695
4061 3699
2440 3700
4161 3702
4272 3705
952 3706
2967 3713
3897 3715
3716 3716
4118 3717
3718 3718
3985 3720
3753 3726
4471 3728
3730 3730
3937 3731
4096 3732
5410 3734
3981 3735
3564 3736
3736 3742
3791 3743
3868 3747
347 3753
3750 3754
387 3756
3757 3757
1866 3758
4011 3760
6065 3762
4069 3763
3764 3764
1895 3766
3707 3767
3768 3768
3979 3769
3669 3770
3682 3775
1727 3776
3777 3777
3951 3778
1576 3780
2209 3781
2463 3792
3229 3795
5083 3797
3798 3798
2027 3799
5372 3801
3806 3806
973 3807
3810 3810
4105 3815
4031 3817
3818 3818
5396 3819
3824 3824
3825 3825
3826 3826
2704 3827
3829 3829
4986 3832
3833 3833
4109 3834
3967 3835
4278 3836
3837 3837
3389 3838
2975 3839
1748 3843
1615 3844
3845 3845
5057 3848
3851 3851
3926 3853
3679 3856
1954 3860
3054 3863
887 3865
4128 3866
3925 3870
5709 3874
1243 3878
5515 3887
3888 3888
3892 3892
3896 3896
3899 3899
4298 3900
4255 3901
3696 3903
1489 3904
3906 3906
3909 3909
6319 3910
3797 3914
2468 3917
3022 3920
3927 3927
6451 3929
3930 3930
2086 3932
1632 3933
3022 3934
3136 3935
3936 3936
3727 3941
3944 3944
5599 3945
2647 3946
3293 3947
3864 3949
3954 3954
4378 3955
6065 3957
3960 3960
6382 3961
4013 3965
2992 3969
2946 3970
3389 3972
3975 3975
3696 3976
3811 3979
3980 3980
4855 3981
3864 3983
3989 3989
372 3990
3991 3991
3947 3998
3675 3999
4001 4001
3792 4002
3565 4003
4004 4004
4650 4006
4010 4010
3389 4011
4012 4012
3992 4013
4018 4018
4019 4019
3933 4021
4023 4023
3696 4024
3952 4026
769 4034
3276 4036
4037 4037
3815 4040
2736 4041
4044 4044
4118 4045
2936 4046
4048 4048
2870 4051
5 4054
6339 4057
4079 4063
3789 4066
6658 4067
3736 4068
5604 4070
4071 4071
3384 4072
4076 4076
3947 4077
2678 4081
3669 4086
3899 4087
6203 4088
4483 4089
3738 4090
4091 4091
3798 4093
4101 4101
274 4102
3136 4105
1931 4106
4076 4108
1647 4109
4110 4110
3397 4111
318 4112
3742 4113
4114 4114
2184 4115
4076 4119
3721 4122
4123 4123
4124 4124
6412 4125
4126 4126
3927 4127
932 4129
3797 4131
3961 4132
2068 4133
4142 4142
4148 4148
4149 4149
4158 4158
4161 4161
4166 4166
3193 4168
6358 4169
4174 4174
1637 4176
5991 4178
4214 4180
6839 4181
4403 4182
3694 4185
4188 4188
3564 4190
1723 4191
386 4193
6257 4194
3976 4195
2737 4197
1285 4200
4201 4201
2345 4205
6555 4209
6143 4214
4425 4217
1448 4218
1914 4223
4226 4226
1814 4227
1917 4229
4230 4230
2007 4236
3316 4239
4241 4241
6527 4242
1 4244
4351 4245
4246 4246
4225 4247
6650 4248
2193 4251
1755 4252
4257 4257
5750 4258
1238 4259
1865 4263
6850 4271
3173 4273
224 4278
2090 4279
2689 4282
5200 4286
2829 4287
4076 4290
2576 4291
5517 4294
3715 4295
6426 4298
5654 4300
3658 4302
3297 4304
4305 4305
428 4307
958 4308
6349 4311
3094 4314
4317 4317
4673 4320
4321 4321
4468 4325
2879 4336
6605 4340
1926 4341
2468 4344
4352 4352
755 4355
6814 4356
4334 4357
5018 4359
4360 4360
4583 4363
5711 4365
5745 4366
4367 4367
4247 4369
4371 4371
4337 4372
4664 4373
5397 4376
4731 4378
4013 4381
6517 4382
4061 4384
4387 4387
4388 4388
3734 4389
2089 4391
4392 4392
3090 4394
47 4397
4801 4399
3737 4401
2732 4409
605 4416
5755 4417
5663 4419
4424 4424
4425 4425
4427 4427
4428 4428
1255 4431
4631 4433
2994 4434
2440 4435
1804 4437
3354 4439
5528 4440
4442 4442
4443 4443
4446 4446
3797 4449
295 4454
2084 4455
4461 4461
4463 4463
6133 4464
3862 4466
2451 4468
1063 4469
4470 4470
4013 4472
4317 4474
4478 4478
3830 4479
1466 4482
5542 4486
5720 4488
4492 4492
2129 4493
5807 4497
2453 4498
199 4499
3260 4500
6298 4501
4502 4502
2819 4503
4504 4504
6101 4505
754 4507
5472 4511
5654 4517
5799 4521
908 4525
6722 4526
4527 4527
1387 4528
1818 4529
5083 4530
4533 4533
1011 4534
4538 4538
3046 4539
1737 4541
5491 4542
4543 4543
2216 4545
4550 4550
4552 4552
4553 4553
1706 4557
2539 4558
6305 4559
356 4562
4565 4565
1 4567
298 4568
3927 4569
4206 4571
4026 4575
4965 4578
6431 4579
5368 4583
1397 4585
6489 4586
725 4589
2265 4590
4593 4593
4597 4597
6102 4599
4604 4604
3564 4605
2509 4606
4607 4607
1570 4609
4077 4610
3445 4612
5252 4618
5106 4622
4623 4623
933 4636
2572 4637
5019 4638
5721 4639
1445 4641
4053 4645
4649 4649
4653 4653
6425 4657
4420 4658
2429 4659
5866 4660
4528 4661
1989 4662
1741 4664
4668 4668
2503 4672
3308 4673
4675 4675
4677 4677
3905 4681
4684 4684
5124 4687
2375 4688
6517 4689
1387 4694
630 4696
309 4697
5019 4701
5252 4707
3718 4714
4326 4715
2809 4716
4719 4719
6725 4721
6509 4722
2377 4725
4728 4728
4729 4729
1424 4731
4734 4734
4736 4736
4737 4737
5573 4738
4298 4741
4744 4744
4289 4746
4747 4747
1880 4749
4752 4752
4754 4754
4757 4757
1645 4758
3182 4760
840 4761
4762 4762
4763 4763
4764 4764
2564 4766
3563 4767
1527 4769
4770 4770
505 4775
452 4779
760 4781
1030 4785
4109 4787
4789 4789
2667 4792
6117 4793
1373 4795
4799 4799
4687 4800
374 4802
4808 4808
4567 4809
5084 4812
3778 4813
2221 4818
6412 4820
1341 4822
4828 4828
4830 4830
4958 4831
5563 4836
4575 4846
2221 4848
4856 4856
2368 4857
5750 4858
194 4861
2968 4869
4871 4871
4874 4874
3186 4875
6507 4881
2200 4882
4883 4883
1788 4897
1917 4901
1748 4903
1374 4904
4907 4907
3961 4908
4030 4909
4911 4911
1173 4916
2969 4917
2837 4919
4074 4922
1903 4925
4930 4930
4540 4939
2705 4940
3621 4942
6713 4943
5817 4947
4950 4950
4623 4951
2425 4953
5721 4954
4958 4958
5813 4962
5980 4964
1727 4965
1128 4968
4893 4970
2971 4973
2027 4975
956 4977
4978 4978
4522 4981
4982 4982
4706 4983
6358 4989
1609 4992
5472 4993
1747 4995
915 4996
5046 5000
2072 5004
5005 5005
3258 5006
6856 5007
3676 5009
3654 5012
1176 5017
2094 5018
5019 5019
3335 5022
1356 5025
5028 5028
2693 5029
146 5032
3735 5036
4663 5037
2249 5038
5039 5039
5041 5041
5732 5042
3235 5043
6474 5044
5045 5045
5051 5051
1338 5052
6592 5054
5056 5056
3560 5059
864 5066
5851 5072
570 5074
5750 5075
3277 5077
2005 5079
5080 5080
4161 5081
5083 5083
2005 5089
5090 5090
5093 5093
35 5094
1523 5096
5644 5097
2709 5099
1699 5100
5101 5101
573 5103
6176 5105
5790 5106
4061 5107
3693 5108
3762 5109
5110 5110
5491 5114
3213 5115
2470 5117
4772 5118
1481 5122
180 5128
1607 5129
5132 5132
5136 5136
2689 5138
3213 5144
5145 5145
3546 5146
61 5149
5150 5150
417 5155
5777 5156
1245 5157
5978 5163
5503 5165
2677 5176
6220 5177
910 5184
6438 5187
5550 5191
2500 5197
5813 5198
2686 5207
5208 5208
3325 5210
4223 5214
5219 5219
6106 5220
5221 5221
428 5223
2393 5224
5063 5229
4925 5230
5233 5233
5235 5235
6415 5237
6298 5238
3274 5241
5244 5244
5120 5248
3096 5249
3414 5250
738 5251
3206 5252
1225 5255
4201 5257
4676 5258
2027 5259
4034 5261
2817 5262
5491 5263
5265 5265
2678 5268
711 5269
6451 5271
2409 5273
3041 5275
5007 5277
5214 5280
4351 5283
5378 5286
4662 5289
318 5291
2786 5294
738 5295
195 5298
4478 5300
4378 5301
5304 5304
5607 5305
5306 5306
3580 5308
3004 5310
1640 5313
2864 5317
1468 5321
5323 5323
1125 5328
6472 5330
5333 5333
2886 5334
3866 5336
5337 5337
1265 5338
5339 5339
2837 5340
3043 5341
6161 5343
916 5344
1410 5353
3785 5355
1667 5357
412 5360
5365 5365
5369 5369
2372 5375
3219 5377
73 5379
2743 5383
2854 5402
5410 5410
5411 5411
5412 5412
5547 5416
61 5418
6248 5422
1087 5424
4277 5425
630 5429
2539 5431
3170 5433
4691 5434
1291 5437
5083 5439
6106 5441
435 5447
5453 5453
1121 5457
1032 5460
5275 5462
1874 5464
5850 5466
1466 5467
2166 5469
3967 5470
5474 5474
1954 5477
1954 5485
5486 5486
5018 5489
558 5490
6610 5494
5495 5495
3651 5498
5499 5499
3966 5500
5508 5508
5510 5510
5512 5512
4323 5513
5514 5514
3985 5516
2833 5521
4495 5525
5526 5526
1381 5527
1077 5529
5534 5534
5535 5535
1525 5536
955 5537
5540 5540
5542 5542
1439 5546
1374 5548
1264 5552
5553 5553
4362 5554
622 5558
4522 5560
1409 5562
2109 5563
1888 5566
2046 5569
5820 5570
6426 5573
4132 5574
3282 5577
6876 5580
4907 5582
175 5585
2792 5587
1745 5594
4478 5596
153 5597
2163 5600
5601 5601
2130 5602
3724 5603
4144 5605
6106 5607
3584 5610
6253 5611
5613 5613
4216 5614
1374 5617
6037 5624
5410 5626
3540 5627
725 5633
5635 5635
1096 5638
3046 5639
2000 5640
5641 5641
5498 5642
5644 5644
3776 5646
6382 5647
5651 5651
5654 5654
3807 5655
2372 5659
219 5661
5665 5665
309 5667
2112 5668
2653 5671
127 5672
5674 5674
860 5675
2726 5676
1373 5681
5689 5689
2212 5690
6275 5691
58 5694
4868 5702
1862 5703
4797 5704
5705 5705
3169 5708
5714 5714
5716 5716
5721 5721
4131 5726
3290 5727
2759 5733
5887 5736
209 5737
2817 5741
5184 5742
5743 5743
5745 5745
5746 5746
4524 5747
2604 5748
5750 5750
5751 5751
5866 5756
2780 5757
2429 5758
5502 5760
2604 5763
5767 5767
6323 5768
4457 5769
6763 5770
583 5771
5642 5772
4227 5773
1699 5775
2743 5776
5778 5778
1466 5779
5782 5782
5783 5783
1611 5784
6372 5786
4691 5790
5793 5793
4102 5794
2441 5795
6319 5796
6719 5797
5800 5800
4478 5801
2035 5802
5806 5806
3985 5811
5812 5812
5813 5813
1199 5814
4075 5815
3437 5819
2678 5821
6106 5823
3213 5825
5826 5826
4863 5827
5829 5829
5817 5833
1891 5835
6630 5837
2677 5839
1014 5846
6422 5847
5848 5848
5851 5851
5852 5852
6236 5854
199 5856
2254 5860
2050 5861
4077 5864
1932 5865
1640 5871
5872 5872
738 5879
6376 5880
5711 5881
6721 5882
3313 5883
2254 5888
3160 5889
5890 5890
3505 5891
4277 5894
5750 5903
5904 5904
577 5906
3843 5907
5908 5908
5622 5910
5913 5913
5174 5918
3525 5927
2759 5928
5932 5932
4371 5935
5936 5936
3335 5938
1342 5939
2687 5940
5944 5944
6849 5945
5950 5950
6849 5955
5491 5956
5856 5958
3596 5961
4801 5964
1603 5965
975 5966
77 5967
5969 5969
3295 5970
3462 5973
6127 5976
5977 5977
475 5984
6705 5985
2163 5987
5989 5989
849 5990
1353 5991
1279 5992
6168 5994
3186 5996
5997 5997
3111 5999
6000 6000
783 6002
4079 6003
6077 6004
431 6013
3135 6017
4567 6018
6123 6021
6797 6024
4528 6025
4078 6028
2843 6032
5519 6035
1167 6038
1071 6040
407 6044
4326 6045
4676 6049
4121 6051
6052 6052
3083 6053
3582 6057
6061 6061
6062 6062
6064 6064
3536 6066
3186 6069
4020 6070
6073 6073
770 6076
6077 6077
1821 6078
6832 6079
4424 6084
5771 6086
4096 6087
1456 6089
2545 6092
6105 6095
4737 6098
6843 6101
6102 6102
4065 6104
6105 6105
6107 6107
316 6111
6117 6117
6125 6125
5052 6126
5631 6127
2005 6128
1265 6129
6130 6130
2352 6131
2816 6141
3497 6142
6143 6143
2749 6154
958 6161
6163 6163
1750 6166
5120 6168
6170 6170
4662 6171
1568 6172
3564 6173
6279 6174
6475 6177
3180 6181
6187 6187
6191 6191
6192 6192
6462 6199
3264 6200
2393 6204
3235 6208
1946 6214
6136 6217
3674 6219
6493 6220
4277 6222
6224 6224
4039 6225
3276 6228
6231 6231
2177 6240
2146 6241
5341 6242
1441 6243
3146 6245
6248 6248
4840 6255
6257 6257
3029 6262
4244 6264
6267 6267
876 6268
5621 6270
6276 6276
3437 6279
6360 6281
6282 6282
4785 6286
2543 6287
6708 6289
748 6293
2305 6294
1275 6298
1614 6299
822 6300
2558 6301
6302 6302
2050 6304
3150 6306
5747 6307
401 6312
6315 6315
933 6319
4053 6320
6323 6323
6845 6324
6327 6327
6332 6332
6876 6333
6338 6338
2794 6341
2100 6343
4375 6345
1273 6348
1617 6358
6360 6360
6363 6363
5525 6364
5829 6365
167 6366
6370 6370
2792 6371
1482 6373
4893 6376
1235 6380
1254 6381
6383 6383
6384 6384
3602 6385
5018 6387
6388 6388
3616 6390
1222 6391
4020 6400
1799 6403
1691 6408
2751 6412
2483 6414
5148 6416
3650 6417
6106 6418
2000 6419
6424 6424
1770 6425
6429 6429
4464 6430
6433 6433
6435 6435
6437 6437
6438 6438
6440 6440
6446 6446
5070 6456
5118 6459
4020 6462
6467 6467
6468 6468
1167 6471
4157 6474
175 6475
783 6482
5700 6483
693 6486
310 6488
6489 6489
3340 6491
3934 6492
1894 6494
2239 6495
1688 6496
3143 6498
3261 6502
6505 6505
6510 6510
6157 6513
616 6519
6525 6525
6527 6527
490 6528
1090 6529
6530 6530
6533 6533
617 6534
2792 6540
5336 6542
6836 6545
4232 6546
1176 6547
560 6550
6551 6551
5666 6552
4275 6553
6554 6554
5973 6556
6557 6557
6563 6563
6566 6566
4994 6573
6623 6574
1306 6576
613 6578
4671 6580
6764 6583
1646 6585
6587 6587
6588 6588
3734 6592
1112 6593
5411 6595
6597 6597
219 6604
6605 6605
4063 6612
3008 6618
5978 6620
6623 6623
825 6624
3493 6625
6849 6626
6835 6628
6630 6630
6631 6631
5762 6639
1969 6641
6835 6645
730 6646
2631 6648
6507 6650
6385 6652
2631 6653
6394 6654
6657 6657
6661 6661
3204 6662
907 6670
5038 6677
6680 6680
213 6683
2380 6684
1144 6686
788 6700
886 6701
3650 6711
2539 6714
4471 6721
1418 6724
284 6726
2631 6728
5866 6729
1640 6730
6731 6731
5157 6733
789 6735
3563 6736
6739 6739
4549 6740
3696 6743
3267 6744
6584 6745
6750 6750
6308 6755
2390 6756
5285 6759
3413 6762
6766 6766
1932 6767
6439 6768
933 6770
4063 6773
428 6774
6247 6775
6778 6778
1456 6779
4148 6780
5011 6781
82 6785
2997 6786
6620 6792
6602 6793
5064 6794
6493 6795
4662 6798
6818 6799
2317 6800
718 6801
3112 6804
4796 6805
3901 6806
1699 6807
6808 6808
6809 6809
3173 6811
3580 6812
3046 6813
5056 6815
4069 6819
1412 6822
3930 6827
1466 6828
830 6829
623 6831
188 6832
2520 6836
4561 6837
1864 6839
6841 6841
6844 6844
4470 6849
6017 6857
6859 6859
3533 6860
5470 6862
5216 6871
2689 6874
6877 6877
1175 6878
6880 6880
4620 6881
2677 6884
408 6885
5663 6886
3580 6888
