3856 3856
3629 3629
3703 3703
113 113
3702 3702
3643 3643
408 408
3776 3776
6271 6271
3621 3621
3861 3861
118 118
246 246
22 22
409 409
330 330
3739 3739
6275 6275
5600 5600
328 328
3851 3851
3754 3754
346 346
3705 3705
261 261
128 128
5511 5511
347 347
6276 6276
3533 3533
6248 6248
292 292
3056 3056
5535 5535
3789 3789
3637 3637
1907 1907
3848 3848
3773 3773
421 421
338 338
439 439
3055 3055
5601 5601
3829 3829
2799 2799
119 119
14 14
341 341
356 356
228 228
3932 3932
139 139
5840 5840
5598 5598
3799 3799
5659 5659
2815 2815
3833 3833
3543 3543
3936 3936
2811 2811
436 436
315 315
5708 5708
435 435
37 37
3634 3634
15 15
2793 2793
325 325
6269 6269
429 429
104 104
312 312
432 432
81 81
311 311
351 351
3824 3824
5589 5589
36 36
3546 3546
10 10
2792 2792
5536 5536
327 327
340 340
3777 3777
323 323
4 4
3499 3499
85 85
63 63
3925 3925
6261 6261
5720 5720
5735 5735
335 335
27 27
6267 6267
122 122
64 64
17 17
5950 5950
5624 5624
6263 6263
35 35
109 109
5514 5514
3646 3646
24 24
3571 3571
5625 5625
94 94
5596 5596
2046 2046
2049 2049
5724 5724
2779 2779
5951 5951
100 100
5829 5829
5579 5579
245 245
3586 3586
6238 6238
5468 5468
133 133
3609 3609
3568 3568
3566 3566
3601 3601
5443 5443
3602 3602
3667 3667
5453 5453
5641 5641
5464 5464
3565 3565
2191 2191
2152 2152
5674 5674
5838 5838
2178 2178
5698 5698
2274 2274
5959 5959
3163 3163
2129 2129
5540 5540
5452 5452
2175 2175
2044 2044
6231 6231
2052 2052
5932 5932
2061 2061
5635 5635
5834 5834
6057 6057
2118 2118
2511 2511
2261 2261
2193 2193
2775 2775
2124 2124
2375 2375
2378 2378
6045 6045
5525 5525
2493 2493
5634 5634
5543 5543
5522 5522
2389 2389
2499 2499
2359 2359
5523 5523
5538 5538
5542 5542
6077 6077
2180 2180
6058 6058
2144 2144
2497 2497
2278 2278
2593 2593
258 258
5581 5581
2239 2239
2213 2213
5551 5551
2485 2485
2613 2613
5665 5665
5529 5529
5489 5489
6062 6062
2596 2596
2150 2150
3673 3673
1983 1983
2362 2362
1993 1993
2610 2610
2614 2614
2623 2623
6085 6085
5539 5539
6082 6082
5553 5553
5977 5977
393 393
3884 3884
2588 2588
2254 2254
2256 2256
5741 5741
2393 2393
5496 5496
2585 2585
2210 2210
5745 5745
5986 5986
5862 5862
2514 2514
2484 2484
6090 6090
6143 6143
5484 5484
5487 5487
5865 5865
6103 6103
5985 5985
6102 6102
6147 6147
6027 6027
5981 5981
3906 3906
2036 2036
5646 5646
5734 5734
5526 5526
2506 2506
2634 2634
2639 2639
3941 3941
6130 6130
6030 6030
2092 2092
2636 2636
448 448
3874 3874
374 374
2685 2685
2014 2014
3962 3962
3965 3965
5802 5802
5644 5644
2280 2280
5664 5664
5679 5679
2643 2643
5527 5527
5549 5549
6889 6889
2509 2509
295 295
2086 2086
5806 5806
5233 5233
381 381
5988 5988
468 468
6880 6880
5714 5714
3954 3954
2516 2516
3782 3782
2517 2517
472 472
5869 5869
4050 4050
3692 3692
2017 2017
2229 2229
2099 2099
2101 2101
5807 5807
4010 4010
3691 3691
5793 5793
163 163
5783 5783
5777 5777
5778 5778
466 466
4045 4045
5768 5768
3487 3487
401 401
333 333
2087 2087
2441 2441
2677 2677
2566 2566
3695 3695
4001 4001
2182 2182
3870 3870
2523 2523
6110 6110
2648 2648
2675 2675
2663 2663
6005 6005
3990 3990
4067 4067
2676 2676
6162 6162
3888 3888
2662 2662
6160 6160
6125 6125
2646 2646
4018 4018
4048 4048
3979 3979
4044 4044
3976 3976
2432 2432
5799 5799
4032 4032
3991 3991
5780 5780
1774 1774
552 552
4013 4013
5997 5997
4035 4035
369 369
5794 5794
2415 2415
4042 4042
3493 3493
4036 4036
6167 6167
5813 5813
3840 3840
5800 5800
6161 6161
5991 5991
4039 4039
6108 6108
511 511
3899 3899
220 220
5876 5876
2550 2550
2567 2567
6159 6159
2104 2104
2116 2116
367 367
3050 3050
5702 5702
2243 2243
558 558
269 269
2573 2573
498 498
1766 1766
3978 3978
5782 5782
546 546
538 538
4071 4071
5897 5897
6023 6023
544 544
540 540
524 524
2216 2216
560 560
396 396
2272 2272
2701 2701
5390 5390
2342 2342
5393 5393
270 270
387 387
2423 2423
2705 2705
6017 6017
529 529
3900 3900
5567 5567
3892 3892
2534 2534
6170 6170
2715 2715
2250 2250
2241 2241
6119 6119
2698 2698
6360 6360
2463 2463
285 285
1919 1919
6834 6834
2437 2437
2434 2434
6435 6435
491 491
6195 6195
2467 2467
3687 3687
3682 3682
6180 6180
2296 2296
2448 2448
1918 1918
2468 2468
6185 6185
2425 2425
5923 5923
2295 2295
4262 4262
1949 1949
214 214
2244 2244
174 174
6212 6212
6817 6817
1932 1932
3766 3766
2537 2537
6793 6793
6602 6602
3738 3738
2733 2733
271 271
4903 4903
2740 2740
1962 1962
3368 3368
6598 6598
6610 6610
6603 6603
4744 4744
5339 5339
2722 2722
1951 1951
4206 4206
3367 3367
1600 1600
6859 6859
6731 6731
6791 6791
1620 1620
6727 6727
3674 3674
1730 1730
5896 5896
6827 6827
1942 1942
1976 1976
3365 3365
2348 2348
6438 6438
6778 6778
1913 1913
6866 6866
3371 3371
6855 6855
6853 6853
1619 1619
6792 6792
773 773
6227 6227
5423 5423
5353 5353
2312 2312
5051 5051
3439 3439
6856 6856
6830 6830
6804 6804
1690 1690
1625 1625
1570 1570
6725 6725
3316 3316
2308 2308
5158 5158
6605 6605
1546 1546
5337 5337
6190 6190
3348 3348
1977 1977
3440 3440
6841 6841
3397 3397
1571 1571
1576 1576
6724 6724
1591 1591
4914 4914
6440 6440
1912 1912
1876 1876
1588 1588
2305 2305
1573 1573
1601 1601
6595 6595
4831 4831
3283 3283
4649 4649
2873 2873
4709 4709
5411 5411
5095 5095
3278 3278
2719 2719
1568 1568
5215 5215
4650 4650
5343 5343
6750 6750
3207 3207
2306 2306
1618 1618
3269 3269
6446 6446
4911 4911
3340 3340
6844 6844
1614 1614
3335 3335
3323 3323
1628 1628
215 215
3284 3284
6563 6563
6848 6848
6448 6448
1598 1598
2977 2977
6565 6565
5128 5128
1738 1738
4754 4754
3059 3059
3099 3099
4912 4912
6745 6745
5080 5080
1559 1559
3445 3445
2753 2753
5110 5110
2919 2919
4863 4863
1393 1393
1433 1433
3260 3260
5179 5179
1700 1700
5370 5370
3728 3728
1660 1660
6577 6577
6444 6444
6839 6839
6592 6592
5378 5378
1163 1163
5195 5195
1787 1787
5329 5329
5409 5409
153 153
5053 5053
3292 3292
5211 5211
3417 3417
1655 1655
1788 1788
1387 1387
4716 4716
3201 3201
3447 3447
1657 1657
5193 5193
3196 3196
3407 3407
1795 1795
2340 2340
3195 3195
1390 1390
808 808
5123 5123
3135 3135
6712 6712
253 253
3175 3175
3132 3132
6739 6739
6689 6689
5186 5186
4179 4179
6357 6357
1353 1353
4865 4865
3168 3168
3148 3148
1140 1140
3223 3223
5074 5074
1225 1225
4707 4707
1669 1669
5166 5166
3249 3249
1717 1717
3190 3190
4705 4705
1704 1704
5056 5056
4488 4488
1164 1164
3183 3183
4918 4918
5292 5292
1904 1904
2318 2318
1311 1311
3182 3182
6800 6800
3452 3452
5198 5198
881 881
6331 6331
937 937
4550 4550
3001 3001
3689 3689
5101 5101
3112 3112
5117 5117
5188 5188
823 823
2912 2912
1541 1541
4609 4609
5100 5100
1791 1791
5086 5086
6587 6587
1452 1452
6611 6611
6406 6406
6706 6706
5116 5116
3120 3120
6657 6657
400 400
6767 6767
6660 6660
4814 4814
4489 4489
6644 6644
3158 3158
6666 6666
3423 3423
830 830
6643 6643
1670 1670
1449 1449
2982 2982
1857 1857
384 384
4552 4552
3206 3206
5028 5028
3177 3177
3090 3090
6633 6633
1123 1123
1129 1129
5197 5197
1798 1798
1885 1885
3121 3121
2984 2984
5059 5059
936 936
3116 3116
4481 4481
1854 1854
2898 2898
1579 1579
1356 1356
5125 5125
3457 3457
3113 3113
5078 5078
4058 4058
3003 3003
1850 1850
4329 4329
1578 1578
3063 3063
6282 6282
4764 4764
6535 6535
4881 4881
1593 1593
3115 3115
6332 6332
1132 1132
636 636
4537 4537
831 831
1122 1122
5138 5138
4729 4729
857 857
652 652
2929 2929
5058 5058
1799 1799
1780 1780
5124 5124
4168 4168
4124 4124
1826 1826
2942 2942
869 869
4978 4978
4493 4493
1275 1275
4459 4459
6499 6499
1010 1010
6529 6529
6617 6617
4458 4458
1200 1200
598 598
1125 1125
5132 5132
4817 4817
1683 1683
5122 5122
3172 3172
4175 4175
1243 1243
4994 4994
3062 3062
927 927
6479 6479
6561 6561
1684 1684
4428 4428
6560 6560
1438 1438
778 778
1255 1255
4889 4889
802 802
4992 4992
4167 4167
4492 4492
4496 4496
6315 6315
932 932
4174 4174
4337 4337
6559 6559
3385 3385
3386 3386
4687 4687
1245 1245
4150 4150
3242 3242
6383 6383
4153 4153
3139 3139
4622 4622
5262 5262
1646 1646
632 632
3234 3234
1323 1323
4934 4934
4477 4477
914 914
1168 1168
4543 4543
4354 4354
4538 4538
4126 4126
1634 1634
6572 6572
6482 6482
2821 2821
1881 1881
4789 4789
1203 1203
5234 5234
705 705
1515 1515
249 249
5265 5265
1033 1033
1003 1003
1505 1505
4615 4615
6527 6527
4317 4317
1824 1824
4277 4277
4192 4192
1749 1749
4412 4412
3511 3511
4127 4127
6317 6317
6557 6557
2862 2862
1137 1137
1874 1874
3500 3500
4369 4369
1864 1864
4528 4528
4935 4935
6538 6538
4391 4391
3495 3495
4335 4335
4470 4470
6537 6537
2866 2866
704 704
4808 4808
1337 1337
1417 1417
1045 1045
5266 5266
738 738
4405 4405
1833 1833
1481 1481
6573 6573
3044 3044
6874 6874
739 739
4621 4621
4123 4123
4465 4465
4930 4930
4545 4545
5251 5251
2829 2829
2913 2913
1048 1048
1769 1769
1023 1023
997 997
3472 3472
4396 4396
2853 2853
1454 1454
3216 3216
4989 4989
1018 1018
4951 4951
1862 1862
4082 4082
3134 3134
4746 4746
1537 1537
3036 3036
1071 1071
1037 1037
1478 1478
4417 4417
4389 4389
3037 3037
981 981
721 721
3130 3130
6319 6319
1748 1748
3088 3088
1055 1055
1044 1044
2845 2845
4340 4340
3039 3039
1755 1755
4452 4452
975 975
993 993
995 995
1638 1638
4464 4464
923 923
4158 4158
882 882
3006 3006
4725 4725
2877 2877
1013 1013
302 302
1178 1178
1409 1409
788 788
1241 1241
4962 4962
4982 4982
4284 4284
4631 4631
2967 2967
4607 4607
4334 4334
1538 1538
4571 4571
924 924
958 958
2932 2932
3094 3094
2923 2923
4352 4352
2856 2856
6370 6370
2831 2831
4084 4084
6389 6389
1758 1758
3155 3155
4950 4950
783 783
4697 4697
597 597
4149 4149
973 973
5342 5342
860 860
4443 4443
965 965
884 884
1677 1677
730 730
4310 4310
5303 5303
1416 1416
1014 1014
4285 4285
4953 4953
1460 1460
1458 1458
967 967
4883 4883
4871 4871
4517 4517
957 957
648 648
4372 4372
895 895
5324 5324
4796 4796
4437 4437
4956 4956
945 945
4110 4110
4868 4868
4573 4573
688 688
1214 1214
6872 6872
4941 4941
4637 4637
1190 1190
4940 4940
4909 4909
2825 2825
1108 1108
955 955
1091 1091
1265 1265
4198 4198
875 875
5225 5225
4360 4360
6341 6341
3029 3029
6511 6511
6546 6546
2839 2839
5281 5281
4293 4293
4300 4300
1093 1093
1464 1464
1103 1103
3026 3026
2840 2840
3023 3023
4628 4628
6288 6288
2826 2826
1077 1077
902 902
4240 4240
