682 0
6721 1
4 4
5496 8
10 10
14 14
15 15
17 17
579 21
22 22
4091 23
24 24
4175 25
27 27
6627 28
3160 30
2261 31
35 35
36 36
37 37
4475 41
1245 44
3657 48
5086 55
1613 59
6332 60
1903 61
63 63
64 64
6575 68
420 69
6758 71
5123 73
5781 74
6494 75
1884 77
411 78
81 81
4737 82
5696 83
6811 84
85 85
294 91
2247 92
94 94
100 100
104 104
2790 107
1771 108
109 109
113 113
118 118
119 119
5047 121
122 122
784 123
4291 125
45 126
107 127
128 128
6556 131
133 133
139 139
2526 141
6332 142
2356 143
5233 148
5377 151
153 153
2873 155
6860 157
1942 159
3936 160
3024 161
163 163
5709 164
5572 168
5711 170
1588 171
174 174
6599 176
2560 177
1590 183
2158 186
4954 189
4201 191
406 193
645 195
5356 197
3287 200
2342 201
848 203
27 205
265 207
210 210
211 211
17 213
214 214
215 215
6684 216
158 217
1588 219
220 220
73 225
228 228
5196 229
101 230
6876 233
5426 236
5068 238
3633 239
4652 241
3044 242
6080 243
245 245
246 246
249 249
2884 252
253 253
1543 255
258 258
5400 259
4889 260
261 261
2000 262
5863 264
2356 266
5068 268
269 269
270 270
271 271
2547 274
973 277
2504 278
3132 280
1222 281
4853 283
3366 284
285 285
3591 288
289 289
292 292
5215 294
295 295
6190 299
2843 300
5088 301
302 302
3064 306
5271 307
67 308
311 311
312 312
315 315
2158 316
4971 317
3365 320
323 323
287 324
325 325
5245 326
327 327
328 328
330 330
3446 332
333 333
335 335
338 338
4864 339
340 340
341 341
6022 345
346 346
347 347
986 348
2594 350
351 351
5466 352
3938 353
6235 355
356 356
3324 357
1660 358
273 359
6463 361
4588 364
367 367
369 369
4528 370
5581 372
374 374
5210 377
381 381
6433 382
1588 383
384 384
387 387
107 388
4932 390
393 393
396 396
573 397
199 399
400 400
401 401
4495 403
1110 404
4459 407
408 408
409 409
3462 411
3424 414
6784 415
5764 418
421 421
6557 422
3707 428
429 429
6312 430
5954 431
432 432
2504 434
435 435
436 436
439 439
441 441
5313 444
448 448
4268 449
2261 454
3955 461
281 463
119 464
4735 465
466 466
6712 467
468 468
510 471
472 472
1942 477
6126 480
6860 485
2938 486
5677 490
491 491
2895 492
4375 493
6000 495
1293 497
498 498
2709 500
5265 502
5316 503
4734 505
507 507
511 511
4939 515
1375 516
6080 517
4249 518
440 523
524 524
6287 528
529 529
659 530
6627 532
1897 533
5099 534
538 538
2884 539
540 540
3995 541
3143 542
6627 543
544 544
2332 545
546 546
2884 548
4240 549
552 552
5671 554
6645 557
558 558
560 560
6438 564
1048 568
570 570
222 571
6544 573
1997 577
3163 580
5371 581
3024 582
802 584
585 585
586 586
1169 591
1947 592
1083 594
597 597
598 598
3217 600
6291 604
5474 607
608 608
610 610
4742 611
1957 617
3378 618
2863 620
621 621
305 623
2468 628
6215 630
467 631
632 632
6417 633
265 634
636 636
563 638
1456 640
5671 642
6841 644
5208 645
3613 646
6594 647
648 648
1058 651
652 652
1978 657
118 658
4899 659
2288 660
4971 664
3769 667
6557 668
2342 669
625 670
674 674
4198 676
3896 677
4328 685
5180 686
688 688
6190 690
901 693
3064 694
5789 695
6471 700
3728 702
5614 703
704 704
705 705
577 706
6460 710
6509 713
6554 716
363 717
6627 719
111 720
721 721
723 723
6125 724
960 727
3007 728
730 730
6027 732
5395 733
4689 736
738 738
739 739
2261 740
5677 743
3352 747
2045 751
2184 752
107 753
754 754
758 758
759 759
2015 760
659 761
2300 763
764 764
5360 768
771 771
4971 772
773 773
3683 776
778 778
659 781
3230 782
783 783
3853 784
4562 786
4500 787
788 788
840 789
802 793
1748 801
802 802
808 808
2045 812
2504 813
6057 818
3178 819
83 821
2325 822
823 823
4547 824
16 826
6234 827
5156 829
830 830
831 831
3870 838
6059 839
5166 843
5490 845
4175 849
4687 851
4587 852
930 853
5987 855
857 857
860 860
2702 861
869 869
5749 870
6719 871
2169 872
2624 873
287 874
875 875
3759 876
5900 878
1251 879
881 881
882 882
884 884
2547 886
4158 891
5228 893
895 895
4561 899
62 900
902 902
1121 903
3055 907
6288 908
5640 911
3400 913
914 914
6836 915
2463 916
1008 917
5696 921
923 923
924 924
927 927
3609 928
1511 929
3938 931
932 932
6193 933
4971 935
936 936
937 937
5329 938
2093 943
945 945
728 947
5659 949
3910 950
2332 951
107 953
2269 954
955 955
957 957
958 958
4968 960
1922 962
5567 963
965 965
967 967
2071 969
973 973
5845 974
975 975
3658 977
5989 978
3884 980
981 981
6080 982
4337 987
5366 989
1007 990
3472 991
107 992
993 993
973 994
995 995
997 997
4496 999
1003 1003
6030 1005
5123 1007
1978 1008
1010 1010
5428 1011
1013 1013
1014 1014
1906 1015
4954 1017
1018 1018
27 1022
1023 1023
1759 1025
5249 1026
5632 1031
1033 1033
1037 1037
990 1039
5352 1040
1044 1044
1045 1045
1048 1048
725 1053
1055 1055
1635 1059
960 1060
503 1062
6806 1063
4286 1064
1881 1068
3853 1069
1071 1071
4016 1072
4170 1073
6667 1074
1077 1077
6022 1078
4004 1080
5357 1082
1514 1090
1091 1091
5293 1092
1093 1093
5070 1094
5604 1095
1513 1099
3778 1102
1103 1103
1019 1104
5355 1106
1708 1107
1108 1108
3324 1109
5269 1110
6841 1111
6567 1112
1961 1113
5430 1115
276 1118
6438 1120
1122 1122
1123 1123
1125 1125
2998 1126
1293 1127
1588 1128
1129 1129
5353 1131
1132 1132
3260 1134
2977 1135
1137 1137
2390 1139
1140 1140
960 1142
6557 1143
3103 1145
1236 1148
5551 1149
140 1151
1660 1154
6688 1155
293 1159
1163 1163
1164 1164
1168 1168
2863 1170
1563 1176
3529 1177
1178 1178
3511 1182
647 1187
1190 1190
3365 1191
823 1194
2574 1195
1200 1200
4217 1201
1203 1203
1808 1204
598 1207
1660 1210
4971 1211
3352 1212
725 1213
1214 1214
83 1215
1287 1217
1194 1220
2884 1221
4126 1222
2441 1224
1225 1225
2884 1230
3747 1231
611 1233
1236 1236
4971 1237
991 1238
3409 1239
6263 1240
1241 1241
2261 1242
1243 1243
1245 1245
3531 1248
5214 1250
1277 1251
1255 1255
3132 1256
1265 1265
6338 1267
6557 1268
199 1270
6332 1273
1275 1275
6405 1276
1279 1279
4396 1281
6766 1283
107 1285
6723 1288
2910 1292
3235 1293
1287 1295
573 1297
5060 1298
4971 1301
1588 1303
2161 1307
1311 1311
4760 1314
2283 1315
802 1317
2261 1318
1323 1323
2504 1324
4349 1331
2594 1332
6557 1333
3132 1336
1337 1337
437 1338
1563 1341
518 1344
1239 1345
1204 1348
6113 1350
5878 1351
1353 1353
2099 1355
1356 1356
2977 1358
2851 1360
1363 1363
5214 1364
2504 1367
3747 1368
1227 1369
4328 1371
5736 1375
802 1381
6455 1383
2504 1384
3777 1386
1387 1387
52 1388
1390 1390
1000 1391
1393 1393
6234 1394
5016 1395
719 1396
2051 1398
3650 1399
973 1401
1454 1402
3763 1406
1409 1409
3900 1411
1044 1414
1416 1416
1417 1417
1418 1418
1419 1419
6257 1420
2104 1421
1422 1422
4711 1424
1876 1427
3638 1430
1433 1433
1438 1438
2863 1440
1215 1441
107 1448
1449 1449
6195 1450
1452 1452
4676 1453
1454 1454
4176 1455
1000 1457
1458 1458
1460 1460
6180 1463
1464 1464
6228 1466
5630 1472
973 1473
6541 1476
1478 1478
27 1479
1481 1481
2853 1482
124 1483
4170 1484
5845 1485
4465 1488
5403 1490
5357 1492
973 1495
2030 1496
3229 1497
852 1500
505 1502
1503 1503
1505 1505
168 1508
2504 1510
3124 1511
1515 1515
6761 1516
4197 1518
3382 1519
2193 1523
1080 1524
2127 1526
2279 1527
4096 1529
5768 1531
1535 1535
5555 1536
1537 1537
1538 1538
1251 1539
1541 1541
5946 1543
2588 1544
1546 1546
4496 1552
2970 1553
2241 1556
3977 1558
1559 1559
2299 1561
6331 1562
1568 1568
1570 1570
1571 1571
3190 1572
1573 1573
6433 1575
1576 1576
1578 1578
1579 1579
1669 1580
4454 1581
2461 1585
1588 1588
6759 1590
1591 1591
4907 1592
1593 1593
5994 1595
1598 1598
1600 1600
1601 1601
3586 1603
2504 1604
720 1606
211 1607
6410 1609
1614 1614
2209 1615
6335 1617
1618 1618
1619 1619
1620 1620
6557 1621
2087 1622
2418 1624
1625 1625
3674 1627
1628 1628
1728 1629
884 1630
5207 1632
1801 1633
1634 1634
439 1636
1637 1637
1638 1638
6039 1639
6463 1641
3915 1642
6177 1644
1646 1646
1638 1649
2261 1650
2332 1651
5924 1653
1655 1655
1657 1657
1660 1660
3132 1664
5357 1667
1669 1669
1670 1670
2261 1672
297 1675
1677 1677
3657 1678
4610 1679
5233 1681
1683 1683
1684 1684
563 1685
1503 1687
1690 1690
4289 1691
3019 1692
1700 1700
3713 1701
6596 1702
1704 1704
2051 1706
1140 1710
4493 1712
5478 1713
1138 1715
1717 1717
2356 1718
4217 1719
2851 1721
2378 1722
973 1723
5646 1727
4107 1729
1730 1730
6759 1731
1738 1738
840 1739
27 1743
2288 1744
1857 1747
1748 1748
1749 1749
600 1750
6120 1751
6533 1753
419 1754
1755 1755
1758 1758
1759 1759
2514 1764
1766 1766
1769 1769
1946 1770
3816 1771
815 1773
1774 1774
249 1778
1780 1780
758 1782
44 1786
1787 1787
1788 1788
720 1790
1791 1791
1795 1795
1798 1798
1799 1799
5099 1803
5904 1804
899 1805
4676 1810
6277 1812
2316 1813
3631 1815
3864 1821
3409 1822
1824 1824
1826 1826
2269 1827
472 1830
3190 1831
6657 1832
1833 1833
1466 1835
1838 1838
1839 1839
4971 1840
4713 1843
675 1844
2504 1848
5585 1849
1850 1850
1853 1853
1854 1854
4593 1855
4770 1856
1857 1857
1862 1862
1864 1864
1942 1866
4837 1867
5561 1868
3205 1870
5572 1871
911 1872
2623 1873
1874 1874
1876 1876
2982 1880
1881 1881
1885 1885
6024 1886
5582 1888
107 1894
801 1896
1897 1897
1852 1898
6565 1899
3292 1900
3728 1903
1904 1904
2884 1905
1907 1907
6332 1911
1912 1912
1913 1913
5321 1916
1918 1918
1919 1919
1560 1920
6527 1922
884 1926
6613 1928
4464 1929
6674 1930
1932 1932
6269 1934
505 1935
4493 1939
1942 1942
4135 1943
807 1946
1949 1949
1951 1951
2588 1952
6179 1953
231 1956
1962 1962
5047 1965
2083 1967
3629 1968
6479 1972
1976 1976
1977 1977
2733 1978
5268 1979
6079 1980
72 1981
1983 1983
3552 1984
5630 1985
990 1986
4097 1988
5188 1989
5928 1990
3982 1991
5039 1992
1993 1993
2000 1997
6625 1999
5534 2001
1056 2002
1334 2005
4375 2006
857 2007
4445 2012
2014 2014
1972 2015
3222 2016
2017 2017
5239 2022
5760 2023
220 2027
6006 2030
5516 2032
1050 2033
3585 2034
2178 2035
2036 2036
2156 2041
4897 2043
2044 2044
5478 2045
2046 2046
2307 2048
2049 2049
2552 2051
2052 2052
5764 2053
5408 2054
6684 2058
2061 2061
5233 2062
1494 2063
973 2066
5789 2068
3686 2077
6404 2078
2531 2079
2884 2081
960 2082
2086 2086
2087 2087
1496 2088
1899 2091
2092 2092
4504 2093
4804 2094
2099 2099
2101 2101
2447 2103
2104 2104
5547 2106
5426 2107
2429 2110
6008 2111
5327 2113
2116 2116
2118 2118
4328 2122
2124 2124
3274 2128
2129 2129
113 2130
2158 2131
3981 2135
5976 2137
2504 2139
3505 2140
573 2141
5592 2142
2144 2144
3288 2145
4083 2146
2504 2149
2150 2150
6138 2151
2152 2152
419 2154
6463 2157
3915 2158
2944 2160
5253 2161
4167 2163
923 2164
3379 2165
6657 2167
377 2169
4205 2172
2175 2175
2246 2177
2178 2178
2180 2180
6236 2181
2182 2182
4981 2186
2588 2187
2191 2191
2417 2192
2193 2193
2950 2194
44 2197
2594 2201
2283 2202
829 2203
3796 2204
4824 2206
2692 2208
2210 2210
386 2211
6806 2212
2213 2213
1932 2214
1886 2215
2216 2216
2792 2217
5143 2218
4091 2221
6109 2224
5743 2227
1712 2228
2229 2229
6625 2231
2645 2232
4660 2233
1375 2234
2239 2239
2241 2241
2073 2242
2243 2243
2244 2244
2884 2245
4037 2246
4832 2247
807 2248
2250 2250
1363 2252
5929 2253
2254 2254
1402 2255
2256 2256
5083 2258
2261 2261
4602 2264
2979 2265
3605 2266
2114 2267
1158 2269
884 2270
2272 2272
5375 2273
2274 2274
4219 2275
2670 2276
2278 2278
1419 2279
2280 2280
5086 2281
5652 2283
346 2284
857 2289
1660 2290
5762 2292
2295 2295
2296 2296
6834 2299
5208 2304
2305 2305
2306 2306
6435 2307
2308 2308
2442 2309
2019 2311
2312 2312
911 2314
3372 2317
2318 2318
5618 2320
3367 2324
3750 2327
6670 2331
115 2334
5466 2336
5346 2339
2340 2340
6583 2341
2342 2342
6259 2347
2348 2348
3135 2350
6196 2351
1165 2353
4676 2358
2359 2359
6419 2361
2362 2362
573 2363
6408 2364
124 2365
5136 2367
784 2370
4920 2371
5148 2372
2375 2375
3874 2377
2378 2378
5395 2379
2453 2380
4760 2383
2389 2389
3505 2390
3254 2392
2393 2393
5554 2395
2977 2397
1660 2398
5416 2400
715 2402
1614 2403
1600 2407
5647 2410
5571 2411
1324 2414
2415 2415
6544 2417
4740 2421
743 2422
2423 2423
6769 2424
2425 2425
6786 2428
1466 2429
2432 2432
2764 2433
2434 2434
1128 2435
2437 2437
5551 2440
2441 2441
3249 2444
1181 2445
1539 2446
2448 2448
530 2455
128 2456
301 2459
6549 2460
4426 2461
2463 2463
43 2466
2467 2467
2468 2468
6288 2469
448 2474
2261 2479
973 2481
27 2482
5207 2483
2484 2484
2485 2485
6557 2489
568 2490
3274 2492
2493 2493
2504 2495
2497 2497
2499 2499
4351 2502
2383 2505
2506 2506
6486 2507
2509 2509
2511 2511
6519 2512
2514 2514
2516 2516
2517 2517
4971 2518
2504 2520
3987 2522
2523 2523
656 2524
238 2525
5218 2531
5558 2532
2534 2534
5184 2535
3932 2536
2537 2537
3888 2538
2001 2541
6430 2542
2595 2545
285 2547
2550 2550
5840 2558
988 2560
4971 2561
2042 2563
1733 2565
2566 2566
2567 2567
1543 2571
2573 2573
2497 2575
6557 2579
2645 2584
2585 2585
27 2586
181 2587
2588 2588
5148 2590
4495 2591
385 2592
2593 2593
2929 2595
2596 2596
1395 2599
3769 2602
70 2603
27 2608
2610 2610
4899 2612
2613 2613
2614 2614
4733 2619
3411 2621
2623 2623
1025 2626
832 2628
5840 2629
2634 2634
1853 2635
2636 2636
2639 2639
2860 2642
2643 2643
3171 2645
2646 2646
5156 2647
2648 2648
6636 2649
52 2651
1309 2652
2445 2653
6125 2655
5731 2660
2662 2662
2663 2663
6016 2664
6087 2667
4873 2670
4493 2671
4387 2672
4175 2674
2675 2675
2676 2676
2677 2677
6549 2678
2504 2680
6125 2681
264 2683
2685 2685
3680 2686
6326 2687
2910 2689
7 2690
2985 2693
27 2694
5786 2697
2698 2698
3409 2699
2701 2701
713 2702
5764 2704
2705 2705
814 2706
4359 2708
5131 2709
6605 2710
5039 2711
3166 2712
2715 2715
2719 2719
5671 2720
2722 2722
6509 2724
6136 2728
3853 2729
695 2731
6842 2732
2733 2733
1978 2736
3605 2738
2740 2740
869 2742
107 2743
3740 2745
3439 2746
790 2747
2288 2749
2753 2753
3747 2754
168 2759
4501 2761
2172 2762
2511 2764
5687 2765
6164 2768
2307 2771
4971 2772
2775 2775
1132 2776
5735 2778
2779 2779
1832 2780
3374 2781
3006 2782
2523 2783
973 2787
458 2790
5600 2791
2792 2792
2793 2793
2795 2795
124 2796
2104 2797
2799 2799
6405 2805
2269 2809
2698 2810
2811 2811
4227 2814
2815 2815
2818 2818
2821 2821
869 2824
2825 2825
2826 2826
4475 2828
2829 2829
3552 2830
2831 2831
5584 2836
2839 2839
2840 2840
3074 2841
5917 2843
2845 2845
1165 2847
1466 2850
5279 2851
2853 2853
1278 2855
2856 2856
973 2857
1528 2859
5429 2860
4183 2861
2862 2862
3118 2864
5348 2865
2866 2866
2813 2870
2873 2873
1156 2874
2877 2877
1823 2879
6346 2881
439 2882
3667 2884
6261 2885
1466 2886
5042 2889
4201 2892
2356 2894
4125 2895
3075 2896
2898 2898
5929 2899
3516 2903
2905 2905
2780 2908
3210 2909
3334 2910
2912 2912
2913 2913
2004 2915
5337 2917
2919 2919
107 2922
2923 2923
458 2924
2884 2925
2646 2927
2929 2929
6022 2931
2932 2932
1588 2933
1245 2938
4687 2941
2942 2942
2022 2946
6593 2955
1561 2959
2809 2960
6703 2961
2962 2962
2963 2963
27 2965
2967 2967
6557 2970
1768 2971
6098 2975
2977 2977
2982 2982
2984 2984
2884 2986
4281 2988
4016 2996
3352 2997
3001 3001
645 3002
3003 3003
3006 3006
884 3010
6665 3011
3012 3012
490 3014
807 3016
124 3022
3023 3023
3026 3026
5774 3028
3029 3029
5924 3032
5845 3034
1519 3035
3036 3036
3037 3037
838 3038
3039 3039
3044 3044
911 3045
6115 3049
3050 3050
2327 3053
5314 3054
3055 3055
3056 3056
191 3058
3059 3059
3062 3062
3063 3063
3067 3067
5233 3069
6503 3073
1853 3074
5028 3077
4317 3080
6862 3082
6876 3086
1875 3087
3088 3088
3090 3090
3094 3094
552 3096
3099 3099
5711 3100
3259 3101
14 3104
3054 3106
5842 3107
784 3108
3112 3112
3113 3113
3115 3115
3116 3116
5953 3118
5309 3119
3120 3120
3121 3121
6750 3125
838 3128
2136 3129
3130 3130
3132 3132
739 3133
3134 3134
3135 3135
2480 3136
3139 3139
4971 3141
2238 3143
1722 3144
5188 3145
3148 3148
5619 3150
3552 3152
1825 3153
3155 3155
802 3157
3158 3158
6627 3160
107 3162
3163 3163
2336 3166
2359 3167
3168 3168
5708 3169
3172 3172
3175 3175
6435 3176
3177 3177
4343 3178
3182 3182
3183 3183
1125 3186
2087 3188
5572 3189
3190 3190
1709 3194
3195 3195
3196 3196
3201 3201
5489 3204
3206 3206
3207 3207
829 3208
1350 3209
911 3212
4397 3214
3216 3216
738 3218
4548 3219
4804 3221
3223 3223
6016 3227
1939 3228
2531 3233
3234 3234
6684 3236
6142 3237
4785 3239
2252 3240
3242 3242
4845 3244
3249 3249
363 3250
2676 3251
5333 3252
573 3257
5655 3258
3260 3260
1362 3261
4283 3263
4759 3265
5980 3266
3269 3269
3317 3270
5474 3276
3278 3278
3260 3281
3283 3283
3284 3284
2764 3287
5519 3289
419 3291
3292 3292
2261 3293
2582 3294
27 3295
2051 3297
1096 3299
1712 3305
2261 3306
3796 3308
2083 3310
6796 3314
3316 3316
4973 3318
1466 3320
3323 3323
27 3329
5946 3331
2873 3334
3335 3335
1469 3337
1334 3338
83 3339
3340 3340
806 3342
4682 3344
3348 3348
3868 3349
2279 3350
2261 3351
2261 3353
5267 3356
2712 3357
2140 3362
2817 3363
3691 3364
3365 3365
3367 3367
3368 3368
3371 3371
5539 3372
5395 3375
437 3377
1316 3379
3046 3380
5882 3384
3385 3385
3386 3386
2884 3387
298 3389
3769 3393
416 3396
3397 3397
6460 3402
884 3404
4493 3405
3407 3407
3064 3409
93 3410
1197 3411
1808 3412
3417 3417
3735 3418
3423 3423
842 3424
2247 3430
2792 3434
2356 3435
1286 3438
3439 3439
3440 3440
124 3443
3445 3445
5671 3446
3447 3447
2161 3451
3452 3452
3457 3457
178 3465
720 3467
5007 3469
3472 3472
508 3474
3132 3476
27 3479
6022 3481
6651 3485
3220 3486
3487 3487
3933 3489
5630 3492
3493 3493
3132 3494
3495 3495
5219 3497
3499 3499
3500 3500
3430 3502
124 3503
3153 3505
2884 3509
5735 3510
3511 3511
1539 3515
1299 3516
6353 3519
2671 3520
4971 3523
720 3526
420 3529
5750 3530
83 3531
3533 3533
1723 3535
6017 3540
2574 3542
3543 3543
3033 3545
3546 3546
4538 3547
2335 3548
6523 3551
3229 3554
466 3555
2866 3556
2429 3563
3565 3565
3566 3566
3568 3568
3571 3571
4115 3572
93 3573
655 3575
5206 3579
5072 3582
5208 3583
1843 3584
3340 3585
3586 3586
6841 3592
2492 3593
4522 3600
3601 3601
3602 3602
2884 3604
27 3606
2884 3608
3609 3609
5294 3612
948 3616
5328 3617
3618 3618
3621 3621
6204 3627
3629 3629
5156 3630
3785 3633
3634 3634
229 3636
3637 3637
3638 3638
1691 3642
3643 3643
5827 3644
3646 3646
1618 3650
3193 3653
2401 3656
3763 3657
4387 3659
2794 3661
4124 3662
3667 3667
107 3668
1324 3671
6625 3672
3673 3673
3674 3674
83 3676
3682 3682
3687 3687
1906 3688
3689 3689
3691 3691
3692 3692
3695 3695
4251 3698
3702 3702
3703 3703
3705 3705
5916 3708
4887 3709
4286 3710
3132 3712
3561 3714
3718 3718
4328 3719
265 3722
3723 3723
5249 3724
1439 3726
3728 3728
3730 3730
3911 3731
1239 3734
2588 3736
381 3737
3738 3738
3739 3739
5181 3740
2269 3744
981 3746
5339 3747
600 3748
6179 3749
2350 3750
6836 3751
808 3752
3754 3754
4180 3757
2739 3763
3870 3765
3766 3766
4324 3767
5875 3769
466 3772
3773 3773
3776 3776
3777 3777
4322 3778
4107 3780
1648 3781
3782 3782
5881 3785
1515 3786
6816 3787
4097 3788
3789 3789
1513 3790
822 3792
3430 3796
658 3798
3799 3799
6565 3800
3350 3802
2045 3803
5313 3804
4907 3805
2504 3807
5428 3810
3811 3811
6750 3812
3407 3823
3824 3824
3828 3828
3829 3829
1588 3831
3833 3833
124 3838
954 3839
3840 3840
3163 3841
5581 3843
1759 3844
2093 3845
2023 3846
3848 3848
6563 3850
3851 3851
942 3852
3146 3853
3856 3856
3861 3861
1821 3864
93 3865
5428 3866
62 3868
3870 3870
4387 3871
4621 3872
3874 3874
6557 3875
1165 3878
3609 3881
3883 3883
3884 3884
3888 3888
4687 3890
1598 3891
3892 3892
6076 3894
4866 3896
3217 3897
3899 3899
3900 3900
3657 3901
4445 3902
5466 3904
3906 3906
2497 3908
3289 3909
743 3910
911 3912
2809 3913
2577 3917
5395 3920
5631 3922
2175 3923
3925 3925
960 3928
5651 3930
3932 3932
3936 3936
283 3937
4968 3938
4016 3939
2288 3940
3941 3941
2172 3943
3944 3944
5395 3945
4689 3947
3391 3948
477 3950
3954 3954
5123 3955
439 3961
3962 3962
1932 3963
6842 3964
3965 3965
2030 3967
4021 3968
124 3972
4691 3975
3976 3976
6583 3977
3978 3978
3979 3979
4860 3981
2474 3982
3009 3983
6120 3987
3990 3990
3991 3991
4971 3997
2261 4000
4001 4001
6105 4004
1032 4009
4010 4010
4013 4013
498 4014
4018 4018
5600 4019
5844 4020
3240 4021
6714 4024
4032 4032
2884 4033
5426 4034
4035 4035
4036 4036
6587 4038
4039 4039
4042 4042
2594 4043
4044 4044
4045 4045
4048 4048
1027 4049
4050 4050
973 4056
3429 4057
4058 4058
6572 4062
4920 4063
4067 4067
3794 4068
4691 4070
4071 4071
2468 4072
880 4073
4074 4074
4076 4076
1942 4078
3822 4079
4082 4082
4084 4084
5671 4085
1681 4087
4091 4091
4092 4092
3334 4093
6503 4095
3222 4098
5261 4100
3100 4102
3086 4104
4110 4110
1588 4113
4713 4114
6670 4115
1379 4116
4914 4118
4123 4123
4124 4124
4126 4126
4127 4127
125 4128
908 4130
3750 4131
4135 4135
1588 4139
551 4143
3905 4147
4148 4148
4149 4149
4150 4150
19 4152
4153 4153
6721 4155
743 4156
4158 4158
4167 4167
4168 4168
1990 4170
5293 4171
4174 4174
4175 4175
6409 4176
4179 4179
5905 4182
2770 4184
4187 4187
6471 4188
433 4191
4192 4192
6674 4195
6072 4196
4198 4198
3458 4200
4202 4202
4206 4206
4230 4210
247 4212
1309 4214
5725 4217
3686 4218
2588 4220
6291 4223
4446 4224
6125 4229
3421 4230
5671 4233
3571 4237
4240 4240
4241 4241
118 4242
4244 4244
1942 4245
4859 4246
5254 4249
4251 4251
4016 4253
991 4254
5131 4255
2039 4259
4262 4262
107 4263
5084 4264
3420 4272
1588 4273
6670 4274
5379 4276
4277 4277
5047 4280
4284 4284
4285 4285
5958 4287
3267 4288
2336 4289
2981 4290
4293 4293
2444 4294
520 4295
5170 4296
5315 4298
4299 4299
4300 4300
2434 4303
2468 4304
1867 4305
3585 4307
5110 4308
1978 4309
4310 4310
4314 4314
4317 4317
3668 4318
5405 4320
1194 4324
4329 4329
6838 4332
3799 4333
4334 4334
4335 4335
671 4336
4337 4337
2811 4338
4340 4340
3723 4341
1588 4345
2790 4346
4352 4352
4354 4354
3587 4355
1270 4356
4333 4358
4360 4360
1385 4363
1408 4365
4369 4369
4372 4372
2206 4377
483 4379
4375 4382
1942 4385
5775 4386
2771 4388
4389 4389
4391 4391
1193 4392
3870 4393
4396 4396
384 4397
4405 4405
1910 4407
4409 4409
4412 4412
27 4413
6786 4414
265 4416
4417 4417
3987 4420
1561 4421
743 4423
4321 4424
5375 4426
1264 4427
4428 4428
930 4433
1395 4435
4794 4436
4437 4437
5838 4438
4359 4439
4443 4443
2356 4444
4631 4445
1399 4446
6461 4447
1849 4448
6145 4449
5617 4451
4452 4452
3260 4453
2942 4454
4458 4458
4459 4459
1588 4460
2144 4463
4464 4464
4465 4465
823 4469
4470 4470
5942 4471
971 4474
4477 4477
5780 4478
4481 4481
3992 4484
6081 4485
4677 4486
4488 4488
4489 4489
5516 4490
4492 4492
4493 4493
948 4495
4496 4496
6841 4497
6331 4499
1688 4500
969 4504
1025 4509
419 4510
2261 4513
1450 4515
4517 4517
960 4518
822 4519
599 4520
3726 4522
5218 4523
882 4524
3374 4526
3453 4527
4528 4528
4030 4535
973 4536
4537 4537
4538 4538
2261 4539
4851 4542
4543 4543
4545 4545
64 4547
2067 4548
695 4549
4550 4550
4302 4551
4552 4552
3915 4559
924 4562
2094 4565
4601 4569
1019 4570
4571 4571
355 4572
4573 4573
5499 4577
5186 4579
3146 4580
3987 4581
3674 4582
6650 4585
1019 4587
3763 4592
204 4601
1017 4604
1954 4605
4607 4607
4609 4609
3365 4611
3324 4614
4615 4615
1660 4616
1898 4618
3904 4619
4621 4621
4622 4622
3982 4623
4971 4625
4628 4628
4631 4631
4582 4633
3910 4636
4637 4637
1466 4642
6022 4643
3046 4644
2429 4647
4649 4649
4650 4650
1520 4651
1797 4653
862 4655
3409 4658
2261 4661
265 4665
882 4667
2165 4671
3740 4672
2392 4673
4738 4675
4149 4677
5106 4682
4687 4687
2596 4688
6105 4691
6419 4693
3238 4696
4697 4697
131 4700
3945 4701
4705 4705
4707 4707
4709 4709
2083 4710
3235 4711
1867 4712
3634 4714
4716 4716
5374 4721
4725 4725
6729 4727
4729 4729
5685 4731
4736 4736
5604 4740
4744 4744
145 4745
4746 4746
1449 4747
287 4748
4116 4752
4754 4754
4562 4755
1438 4756
4892 4757
2288 4759
4762 4762
4763 4763
4764 4764
3412 4769
3870 4772
6549 4773
5138 4775
27 4786
6488 4788
4789 4789
6140 4791
5428 4792
4793 4793
2958 4794
4796 4796
6620 4798
1153 4799
2955 4801
376 4805
4808 4808
6766 4813
4814 4814
4817 4817
4496 4819
416 4820
2039 4821
1929 4824
3672 4827
5275 4828
229 4830
4831 4831
4195 4832
5083 4833
6603 4838
1942 4840
5539 4846
1563 4848
4205 4849
3019 4850
2818 4853
328 4854
947 4861
6404 4862
4863 4863
4865 4865
4868 4868
1151 4869
4871 4871
5316 4875
720 4877
2172 4879
4881 4881
5912 4882
4883 4883
4115 4884
2040 4887
4889 4889
2285 4890
659 4891
3683 4892
2651 4894
1132 4897
6258 4899
3853 4901
1013 4902
4903 4903
4909 4909
4911 4911
4912 4912
4283 4913
4914 4914
4918 4918
6332 4919
5585 4920
6119 4922
2795 4925
2042 4926
5516 4927
16 4928
4930 4930
2920 4932
27 4933
4934 4934
4935 4935
4621 4936
4126 4937
2504 4938
4940 4940
4941 4941
2441 4944
456 4945
3485 4946
156 4948
4950 4950
4951 4951
4575 4952
4953 4953
829 4955
4956 4956
6005 4960
4962 4962
3759 4963
6195 4964
4968 4968
6288 4972
4150 4973
2130 4975
1520 4976
6494 4977
4978 4978
2107 4980
4982 4982
4971 4983
2971 4984
1389 4986
4989 4989
4124 4991
4992 4992
4994 4994
973 4996
2969 5000
1560 5002
1019 5003
4067 5004
3518 5005
5007 5007
5008 5008
2975 5011
5047 5013
713 5018
3605 5023
2263 5024
5028 5028
1222 5030
4723 5031
3054 5032
787 5035
1784 5041
2813 5044
3808 5046
5463 5047
3668 5048
5051 5051
5053 5053
5056 5056
5058 5058
5059 5059
3915 5060
816 5062
6755 5064
180 5066
5627 5068
2577 5070
3923 5072
5074 5074
1375 5075
4495 5076
5271 5077
5078 5078
4729 5079
5080 5080
5086 5086
3064 5088
1334 5089
6276 5090
27 5091
5208 5094
5095 5095
4520 5096
632 5097
3483 5099
5100 5100
5101 5101
4215 5102
6836 5105
5110 5110
2717 5111
2288 5112
1353 5113
5116 5116
5117 5117
5119 5119
5122 5122
5123 5123
5124 5124
5125 5125
5553 5127
5128 5128
5132 5132
2071 5137
5138 5138
6665 5140
2034 5141
5634 5142
6346 5152
5158 5158
6616 5165
5166 5166
474 5167
6326 5168
5173 5169
5879 5174
27 5176
6169 5178
5179 5179
6364 5183
5186 5186
5188 5188
5193 5193
5195 5195
5197 5197
5198 5198
232 5200
6471 5207
1614 5209
5211 5211
1852 5212
5215 5215
6817 5216
2261 5217
5487 5220
2282 5221
5225 5225
5233 5233
5234 5234
857 5235
3884 5236
6282 5238
3699 5244
1399 5249
4687 5250
5251 5251
5190 5253
3270 5254
4691 5255
2504 5258
5589 5259
5262 5262
6616 5264
5265 5265
5266 5266
6665 5268
1957 5269
3489 5271
1588 5273
1024 5275
2411 5279
5281 5281
226 5283
6380 5285
1660 5286
1112 5287
93 5289
5897 5291
5292 5292
3325 5294
119 5295
5285 5296
5298 5298
6017 5302
5303 5303
4130 5306
2968 5308
2578 5311
5848 5316
2184 5318
2224 5319
1441 5321
3532 5322
46 5323
5324 5324
2612 5325
3571 5327
5329 5329
2356 5331
3411 5332
5138 5333
5337 5337
5339 5339
1933 5341
5342 5342
5343 5343
5272 5344
5353 5353
3552 5354
5071 5356
3661 5357
6152 5359
4742 5360
3631 5361
2884 5362
5370 5370
6332 5373
1978 5374
5378 5378
3401 5380
3855 5381
6643 5383
5390 5390
265 5392
5393 5393
1711 5396
510 5398
2612 5400
6818 5401
830 5405
2941 5406
5409 5409
3281 5410
5411 5411
3270 5415
3156 5419
5423 5423
4582 5425
5996 5429
2390 5430
1036 5433
5677 5437
73 5439
5078 5440
6375 5441
4672 5442
5443 5443
6332 5444
1096 5446
4053 5449
1416 5450
5452 5452
5453 5453
3132 5454
5428 5456
3352 5463
5464 5464
4289 5466
5468 5468
4445 5470
5516 5472
5484 5484
4804 5486
5487 5487
5489 5489
362 5492
380 5494
2771 5495
5496 5496
6062 5498
3274 5499
1415 5500
641 5501
4284 5503
5262 5505
3938 5509
4180 5510
5511 5511
5514 5514
4997 5515
3755 5516
5215 5518
3054 5519
5047 5520
5522 5522
5523 5523
1524 5524
5525 5525
5526 5526
5527 5527
2829 5528
5529 5529
5208 5530
2362 5532
412 5533
5535 5535
5536 5536
5538 5538
5539 5539
5540 5540
743 5541
5542 5542
5543 5543
6109 5544
5743 5547
5549 5549
490 5550
5551 5551
2868 5552
5553 5553
5375 5555
1588 5556
784 5557
4900 5560
2356 5564
4030 5566
5567 5567
2891 5568
4127 5573
4579 5578
5579 5579
5581 5581
2325 5584
5589 5589
227 5590
4418 5591
6266 5592
5596 5596
5059 5597
5598 5598
5600 5600
5601 5601
5901 5602
5315 5604
6463 5606
973 5608
3030 5609
5949 5610
921 5612
3895 5613
2917 5615
6469 5621
5624 5624
5625 5625
111 5630
4698 5632
5634 5634
5635 5635
2105 5636
5641 5641
5644 5644
807 5645
5646 5646
2466 5652
6121 5654
5659 5659
5664 5664
5665 5665
2795 5666
5609 5671
3149 5673
5674 5674
4556 5676
5679 5679
1056 5681
3006 5682
4445 5684
4048 5686
483 5689
212 5695
4449 5696
5980 5697
5698 5698
1954 5699
5702 5702
6717 5703
5304 5704
3821 5706
5708 5708
3795 5710
1246 5711
521 5712
5714 5714
4169 5715
6175 5717
3220 5719
5720 5720
229 5721
862 5723
5724 5724
3350 5725
6020 5728
5182 5729
1728 5732
3646 5733
5734 5734
5735 5735
5741 5741
6422 5742
6479 5743
5745 5745
2288 5747
6455 5748
76 5751
3096 5752
2509 5755
658 5762
2504 5766
5768 5768
6353 5771
6228 5774
5155 5776
5777 5777
5778 5778
5780 5780
6759 5781
5782 5782
5783 5783
4863 5785
5054 5786
4016 5787
3107 5789
5040 5790
5793 5793
5794 5794
3585 5797
5799 5799
5800 5800
2378 5801
5802 5802
93 5803
5806 5806
5807 5807
4283 5808
2408 5810
2167 5812
5813 5813
5814 5814
4964 5816
3409 5818
4916 5820
829 5821
27 5823
124 5825
5829 5829
5834 5834
4222 5835
5838 5838
5840 5840
2261 5841
2197 5842
1715 5843
4631 5845
3202 5848
573 5850
510 5853
6059 5855
6557 5860
5862 5862
3987 5864
5865 5865
2161 5867
5869 5869
1588 5871
5876 5876
3959 5879
1861 5880
5711 5881
4688 5886
6557 5889
2104 5890
4971 5892
3287 5893
5896 5896
5897 5897
4290 5901
5233 5907
6525 5908
553 5909
2105 5910
2427 5911
1768 5914
2634 5917
3561 5919
2321 5922
5923 5923
4418 5925
5466 5926
905 5927
52 5930
5932 5932
27 5935
4311 5936
4729 5939
4030 5942
4215 5946
6684 5948
5950 5950
5951 5951
2942 5952
6471 5953
2525 5954
5051 5957
5959 5959
4248 5962
6645 5964
677 5966
3735 5968
4712 5969
2712 5971
2814 5976
5977 5977
2826 5980
5981 5981
498 5984
5985 5985
5986 5986
1932 5987
5988 5988
5991 5991
5997 5997
6237 5998
287 6003
6005 6005
5130 6006
4364 6007
6084 6011
5912 6013
4421 6016
6017 6017
4676 6019
5076 6020
6023 6023
6544 6026
6027 6027
1291 6029
6030 6030
1524 6033
5764 6034
4412 6039
5888 6043
6045 6045
5908 6047
4745 6048
2504 6049
1229 6050
2356 6053
676 6054
1125 6056
6057 6057
6058 6058
904 6059
5047 6060
6062 6062
6063 6063
6064 6064
4627 6068
1165 6070
3508 6072
3899 6073
1395 6076
6077 6077
6460 6081
6082 6082
2636 6083
6085 6085
6435 6086
3163 6087
973 6088
6090 6090
3246 6095
4413 6097
4016 6099
3006 6100
1910 6101
6102 6102
6103 6103
3522 6104
808 6106
6108 6108
2142 6109
6110 6110
3267 6111
6119 6119
4903 6121
4325 6122
4523 6123
6125 6125
6619 6126
3532 6129
6130 6130
5613 6134
1939 6139
3646 6140
4219 6141
6143 6143
3182 6145
6147 6147
4143 6148
4830 6149
4724 6152
5099 6155
6159 6159
6160 6160
6161 6161
6162 6162
810 6164
6167 6167
3366 6168
6170 6170
1864 6172
6064 6175
743 6178
1667 6179
6180 6180
2586 6183
6185 6185
6190 6190
2610 6191
4445 6193
1056 6194
6195 6195
4445 6196
4409 6198
2866 6199
2107 6201
1588 6204
2536 6205
6212 6212
1588 6221
6319 6225
5749 6226
6227 6227
6231 6231
5047 6232
4195 6236
6238 6238
6218 6239
6240 6240
4274 6242
5678 6243
6248 6248
6153 6250
3107 6253
3577 6258
6261 6261
6263 6263
2969 6266
6267 6267
6269 6269
6271 6271
6275 6275
6276 6276
6277 6277
6275 6278
1466 6279
6281 6281
6282 6282
2574 6283
5054 6285
2869 6287
6288 6288
3529 6289
6177 6291
4828 6292
5275 6295
864 6296
5190 6301
6302 6302
1239 6305
2350 6306
2884 6307
4391 6309
807 6310
1151 6312
6315 6315
6317 6317
4351 6318
6319 6319
4903 6322
6326 6326
3595 6330
6331 6331
6332 6332
4149 6334
2146 6337
6338 6338
4496 6339
6341 6341
947 6345
199 6346
4713 6349
4739 6350
6684 6352
4796 6353
377 6354
6357 6357
1145 6358
6360 6360
506 6361
6363 6363
4324 6364
6365 6365
1855 6368
6370 6370
289 6373
3686 6378
2552 6379
718 6380
2910 6381
6627 6382
6383 6383
6389 6389
2267 6390
27 6392
1197 6396
6022 6399
4644 6402
6040 6405
6406 6406
419 6407
692 6408
3733 6410
4223 6411
4891 6412
3096 6413
6771 6425
2792 6427
4562 6428
671 6433
6435 6435
5244 6437
6438 6438
6440 6440
6444 6444
6446 6446
6448 6448
6449 6449
3562 6452
656 6453
2643 6457
2042 6458
2468 6462
3429 6463
2367 6466
1421 6467
4489 6473
6714 6477
2419 6478
6479 6479
287 6480
6482 6482
1942 6483
3009 6484
5077 6487
3508 6488
1867 6489
6862 6496
6499 6499
2261 6500
107 6501
4457 6503
5582 6504
4246 6505
4523 6506
6006 6508
2097 6509
6118 6510
6511 6511
3121 6512
5388 6514
27 6516
5976 6518
6596 6519
3646 6522
1407 6523
6527 6527
6529 6529
101 6531
6535 6535
6537 6537
6538 6538
2386 6539
1214 6541
2261 6542
3064 6544
6546 6546
6022 6550
5054 6553
4772 6554
2891 6556
6557 6557
6559 6559
6560 6560
6561 6561
6563 6563
2817 6564
6565 6565
1611 6566
1588 6568
6108 6571
6572 6572
6573 6573
2279 6576
6577 6577
6766 6579
6587 6587
4044 6588
6198 6589
6592 6592
2760 6593
3483 6594
6595 6595
6598 6598
6072 6600
6001 6601
6602 6602
6603 6603
1588 6604
6605 6605
2884 6609
6610 6610
6611 6611
960 6612
833 6613
115 6614
6617 6617
3143 6620
98 6621
4913 6623
4746 6627
1123 6628
363 6629
5706 6630
6633 6633
6696 6637
544 6638
6001 6640
6643 6643
6644 6644
52 6647
6098 6648
1084 6652
398 6653
5285 6655
6657 6657
702 6659
6660 6660
1033 6663
3009 6664
6666 6666
2184 6667
2504 6672
4887 6673
3096 6674
2436 6678
1165 6681
2074 6683
6600 6685
2075 6686
5614 6687
6215 6688
6689 6689
1414 6692
3667 6693
2998 6694
2392 6695
5912 6697
3220 6698
2938 6700
3009 6701
5452 6703
6706 6706
3017 6710
6772 6711
6712 6712
4837 6713
3858 6714
960 6716
4230 6719
3260 6721
6724 6724
6725 6725
6727 6727
398 6728
4271 6729
6731 6731
2056 6732
3115 6733
719 6736
6739 6739
6745 6745
706 6748
6750 6750
124 6752
2380 6753
5253 6757
3668 6760
385 6761
973 6764
6767 6767
686 6768
5128 6769
2049 6772
3150 6774
324 6777
6778 6778
2161 6779
3439 6780
6113 6783
4562 6784
1442 6786
6471 6787
73 6788
4920 6790
6791 6791
6792 6792
6793 6793
3571 6794
2647 6795
1886 6797
2884 6799
6800 6800
3818 6801
2161 6803
6804 6804
1721 6805
4217 6806
1690 6808
960 6815
6289 6816
6817 6817
2261 6826
6827 6827
3853 6828
4790 6829
6830 6830
4686 6833
6834 6834
1391 6837
5339 6838
6839 6839
6841 6841
2227 6843
6844 6844
718 6845
6848 6848
293 6849
3791 6851
6853 6853
6855 6855
6856 6856
6557 6858
6859 6859
6866 6866
419 6867
6637 6869
6872 6872
6874 6874
303 6877
6880 6880
2082 6883
659 6884
6889 6889
