236 236
113 113
261 261
244 244
138 138
117 117
140 140
118 118
342 342
246 246
191 191
3530 3530
17 17
227 227
190 190
2797 2797
343 343
2799 2799
2268 2268
3846 3846
3739 3739
2005 2005
3531 3531
435 435
2793 2793
351 351
146 146
81 81
3633 3633
2815 2815
2794 2794
242 242
2054 2054
2817 2817
3539 3539
23 23
51 51
408 408
3937 3937
3909 3909
2818 2818
2780 2780
3628 3628
130 130
231 231
2046 2046
3069 3069
3629 3629
3548 3548
3534 3534
245 245
5368 5368
1907 1907
37 37
6267 6267
6278 6278
3643 3643
347 347
1905 1905
3590 3590
108 108
330 330
189 189
65 65
73 73
3774 3774
6271 6271
91 91
3622 3622
3588 3588
72 72
432 432
3652 3652
29 29
289 289
6257 6257
325 325
3753 3753
3851 3851
3702 3702
323 323
64 64
6276 6276
100 100
94 94
429 429
3543 3543
322 322
3547 3547
3616 3616
2056 2056
3555 3555
2801 2801
3053 3053
124 124
122 122
338 338
3923 3923
105 105
3634 3634
2247 2247
3653 3653
6247 6247
3640 3640
3788 3788
3554 3554
3650 3650
344 344
439 439
2052 2052
3823 3823
321 321
2127 2127
2130 2130
3777 3777
3932 3932
3553 3553
155 155
3617 3617
3521 3521
3592 3592
104 104
2808 2808
2246 2246
3605 3605
3613 3613
1983 1983
3516 3516
2276 2276
2129 2129
2160 2160
3798 3798
2294 2294
3608 3608
2178 2178
3609 3609
3561 3561
2180 2180
3565 3565
4 4
2480 2480
3583 3583
7 7
2274 2274
3579 3579
2493 2493
415 415
3568 3568
3584 3584
2497 2497
2378 2378
2388 2388
2164 2164
2167 2167
2375 2375
3567 3567
1999 1999
3771 3771
2214 2214
1993 1993
2260 2260
1 1
2389 2389
2152 2152
1990 1990
62 62
2377 2377
2470 2470
2095 2095
260 260
2124 2124
2079 2079
2475 2475
2485 2485
380 380
2395 2395
2471 2471
3052 3052
2597 2597
2 2
61 61
2596 2596
2500 2500
2278 2278
2011 2011
147 147
5600 5600
393 393
5601 5601
5602 5602
376 376
3615 3615
2174 2174
5840 5840
0 0
2062 2062
5589 5589
3667 3667
5659 5659
158 158
5750 5750
2255 2255
2204 2204
148 148
2010 2010
2114 2114
5517 5517
5708 5708
5458 5458
5720 5720
197 197
472 472
2610 2610
258 258
2613 2613
374 374
2068 2068
2602 2602
2145 2145
2240 2240
2221 2221
5828 5828
5508 5508
468 468
1778 1778
5598 5598
2171 2171
2588 2588
2067 2067
2624 2624
2030 2030
2146 2146
3661 3661
2397 2397
164 164
2509 2509
2027 2027
2404 2404
174 174
2220 2220
5634 5634
2210 2210
3644 3644
6238 6238
473 473
295 295
6059 6059
368 368
466 466
5932 5932
5751 5751
478 478
6231 6231
3818 3818
3493 3493
5933 5933
6057 6057
5851 5851
2120 2120
2092 2092
2515 2515
2413 2413
5966 5966
6062 6062
2144 2144
6073 6073
512 512
2519 2519
533 533
494 494
6055 6055
2457 2457
507 507
2523 2523
3906 3906
3868 3868
6063 6063
1766 1766
2014 2014
6064 6064
220 220
3808 3808
2568 2568
3672 3672
269 269
2629 2629
333 333
5648 5648
5452 5452
2441 2441
367 367
2086 2086
5665 5665
5939 5939
576 576
2256 2256
2639 2639
2245 2245
2281 2281
540 540
2685 2685
5542 5542
284 284
492 492
559 559
153 153
2558 2558
2215 2215
2282 2282
2017 2017
2087 2087
5677 5677
5746 5746
5969 5969
2560 2560
578 578
3673 3673
550 550
5528 5528
5741 5741
2432 2432
5489 5489
544 544
546 546
5717 5717
3941 3941
490 490
5499 5499
3662 3662
2567 2567
5641 5641
498 498
2231 2231
552 552
2449 2449
4020 4020
2643 2643
2342 2342
199 199
5978 5978
298 298
6143 6143
2031 2031
6142 6142
2463 2463
1988 1988
5468 5468
4001 4001
2573 2573
2427 2427
2644 2644
6029 6029
2572 2572
2302 2302
488 488
3877 3877
6130 6130
6090 6090
3670 3670
2423 2423
2018 2018
6147 6147
2295 2295
6095 6095
2422 2422
5980 5980
2713 2713
285 285
5982 5982
217 217
2715 2715
489 489
2536 2536
214 214
5697 5697
5716 5716
6121 6121
5447 5447
2448 2448
4070 4070
3954 3954
487 487
2652 2652
6880 6880
2468 2468
4050 4050
5553 5553
255 255
4071 4071
2299 2299
3338 3338
4054 4054
5745 5745
3361 3361
390 390
5987 5987
3360 3360
2576 2576
6110 6110
2252 2252
4014 4014
6117 6117
3708 3708
2754 2754
4044 4044
2465 2465
3366 3366
5996 5996
1943 1943
6005 6005
2444 2444
3716 3716
2107 2107
5526 5526
2671 2671
5997 5997
2445 2445
5872 5872
3316 3316
2691 2691
5646 5646
3269 3269
2350 2350
5989 5989
6039 6039
2689 2689
2676 2676
5709 5709
3274 3274
3275 3275
2648 2648
3340 3340
6119 6119
3308 3308
3287 3287
1940 1940
3229 3229
4018 4018
3888 3888
3068 3068
4006 4006
4037 4037
5999 5999
4032 4032
5532 5532
3439 3439
3283 3283
3317 3317
3284 3284
2693 2693
1938 1938
5706 5706
3691 3691
3694 3694
3225 3225
3281 3281
3442 3442
3314 3314
5802 5802
2662 2662
3348 3348
3767 3767
3811 3811
6024 6024
2733 2733
2663 2663
3367 3367
3243 3243
3244 3244
3253 3253
2324 2324
5762 5762
2206 2206
3368 3368
3266 3266
3237 3237
252 252
247 247
1962 1962
3249 3249
3219 3219
3349 3349
2244 2244
4799 4799
3251 3251
5569 5569
5793 5793
1758 1758
6160 6160
1417 1417
5643 5643
5791 5791
5812 5812
1969 1969
587 587
3812 3812
1194 1194
658 658
5794 5794
6175 6175
3204 3204
5767 5767
5813 5813
686 686
1968 1968
3892 3892
570 570
5560 5560
1977 1977
704 704
3059 3059
615 615
610 610
177 177
1933 1933
3421 3421
943 943
3674 3674
5783 5783
3373 3373
3418 3418
5534 5534
2846 2846
3238 3238
2868 2868
1486 1486
2340 2340
3201 3201
5550 5550
3405 3405
412 412
2722 2722
1299 1299
3430 3430
3380 3380
585 585
688 688
5917 5917
3766 3766
3407 3407
2318 2318
3043 3043
687 687
1759 1759
1199 1199
3435 3435
3682 3682
3388 3388
1379 1379
1824 1824
613 613
1918 1918
399 399
693 693
5609 5609
699 699
2727 2727
3408 3408
1831 1831
2856 2856
3452 3452
1425 1425
1976 1976
3392 3392
594 594
1760 1760
3190 3190
2865 2865
1420 1420
1377 1377
1506 1506
3177 3177
1870 1870
5800 5800
3456 3456
1388 1388
1949 1949
210 210
5691 5691
700 700
3076 3076
801 801
3044 3044
1060 1060
742 742
1620 1620
2875 2875
3333 3333
3077 3077
3218 3218
2821 2821
741 741
778 778
391 391
3497 3497
791 791
3032 3032
1188 1188
1850 1850
1809 1809
1524 1524
3036 3036
4900 4900
1061 1061
3465 3465
1851 1851
924 924
1433 1433
1661 1661
1886 1886
743 743
1202 1202
3378 3378
783 783
3203 3203
3325 3325
676 676
1485 1485
3425 3425
3321 3321
2855 2855
2873 2873
3216 3216
936 936
608 608
802 802
788 788
1832 1832
1265 1265
1140 1140
607 607
1227 1227
1741 1741
400 400
697 697
591 591
2822 2822
841 841
3193 3193
631 631
3334 3334
1874 1874
609 609
1711 1711
603 603
2718 2718
1419 1419
926 926
3109 3109
2927 2927
1535 1535
1526 1526
302 302
1200 1200
3506 3506
3389 3389
3323 3323
2892 2892
1270 1270
2859 2859
4174 4174
1257 1257
923 923
3384 3384
805 805
1628 1628
1817 1817
211 211
1488 1488
933 933
2955 2955
677 677
1293 1293
1714 1714
3132 3132
1330 1330
5702 5702
1304 1304
1860 1860
1709 1709
3098 3098
1407 1407
1833 1833
2884 2884
3194 3194
2766 2766
1843 1843
1153 1153
1139 1139
3012 3012
2839 2839
2719 2719
3511 3511
1885 1885
2897 2897
1392 1392
3169 3169
879 879
5423 5423
2913 2913
3079 3079
1796 1796
1345 1345
6561 6561
3124 3124
4428 4428
1541 1541
4417 4417
846 846
705 705
1342 1342
1856 1856
1137 1137
2890 2890
1136 1136
4329 4329
3118 3118
1358 1358
1788 1788
1302 1302
5880 5880
1854 1854
6180 6180
3183 3183
776 776
1359 1359
2860 2860
6224 6224
6193 6193
5901 5901
3495 3495
1121 1121
1475 1475
1490 1490
4893 4893
1787 1787
2887 2887
1712 1712
6758 6758
4729 4729
3120 3120
2989 2989
1418 1418
1725 1725
1567 1567
6743 6743
1289 1289
4299 4299
2910 2910
1591 1591
621 621
2877 2877
4793 4793
911 911
2840 2840
2834 2834
3078 3078
1327 1327
1784 1784
2825 2825
1738 1738
1633 1633
2954 2954
1251 1251
1795 1795
3195 3195
2885 2885
1791 1791
1525 1525
6598 6598
2881 2881
4650 4650
1586 1586
3099 3099
1782 1782
6610 6610
5245 5245
4827 4827
1245 1245
2848 2848
6662 6662
4784 4784
4158 4158
5705 5705
3944 3944
1499 1499
1363 1363
2844 2844
1753 1753
3180 3180
995 995
1780 1780
2926 2926
764 764
1515 1515
1000 1000
4925 4925
1122 1122
1539 1539
1291 1291
732 732
1814 1814
1548 1548
1001 1001
1018 1018
1527 1527
1730 1730
3116 3116
1356 1356
6388 6388
6179 6179
1013 1013
3088 3088
6317 6317
384 384
5907 5907
6704 6704
2833 2833
937 937
900 900
1627 1627
6791 6791
2929 2929
1231 1231
6334 6334
6707 6707
1600 1600
5704 5704
6600 6600
1334 1334
1093 1093
6577 6577
6666 6666
2969 2969
2993 2993
1896 1896
829 829
4126 4126
3029 3029
6657 6657
1090 1090
2960 2960
6731 6731
723 723
726 726
1064 1064
6477 6477
919 919
1409 1409
5097 5097
1745 1745
1689 1689
6605 6605
3023 3023
1678 1678
3020 3020
996 996
1161 1161
882 882
3006 3006
709 709
4083 4083
6839 6839
4305 4305
249 249
999 999
2998 2998
6210 6210
1839 1839
1863 1863
1700 1700
413 413
1717 1717
6676 6676
6613 6613
1386 1386
2971 2971
1116 1116
4096 4096
6778 6778
1092 1092
1133 1133
1275 1275
5093 5093
884 884
1040 1040
1587 1587
6693 6693
4609 4609
1006 1006
6633 6633
4677 4677
4892 4892
6591 6591
3139 3139
5197 5197
5072 5072
2819 2819
6602 6602
5079 5079
6431 6431
4134 4134
988 988
4291 4291
2820 2820
6862 6862
808 808
5153 5153
6714 6714
1746 1746
868 868
5219 5219
1135 1135
5081 5081
880 880
1647 1647
1014 1014
6793 6793
1493 1493
1677 1677
1674 1674
1530 1530
4606 4606
1670 1670
6756 6756
892 892
6827 6827
5379 5379
4730 4730
1480 1480
3136 3136
1004 1004
1864 1864
1634 1634
6643 6643
1688 1688
1913 1913
6374 6374
4854 4854
4267 4267
807 807
1608 1608
6721 6721
1236 1236
2932 2932
855 855
1568 1568
1115 1115
1897 1897
4285 4285
4859 4859
4226 4226
6389 6389
1159 1159
3026 3026
1464 1464
952 952
966 966
6588 6588
912 912
3472 3472
1912 1912
4155 4155
5075 5075
1243 1243
1699 1699
3508 3508
6788 6788
6645 6645
5130 5130
1175 1175
6319 6319
4093 4093
2826 2826
6227 6227
637 637
4149 4149
981 981
4424 4424
4734 4734
4230 4230
1593 1593
6587 6587
4160 4160
965 965
891 891
1511 1511
1141 1141
6859 6859
3148 3148
1373 1373
4956 4956
3096 3096
1112 1112
1459 1459
6346 6346
1461 1461
4224 4224
6874 6874
5069 5069
5229 5229
6368 6368
4958 4958
5411 5411
4092 4092
945 945
4593 4593
4425 4425
1458 1458
1042 1042
1108 1108
4963 4963
750 750
4607 4607
4804 4804
6823 6823
6467 6467
987 987
6797 6797
1337 1337
6559 6559
4258 4258
1103 1103
1203 1203
1048 1048
4696 4696
1107 1107
2920 2920
875 875
1676 1676
4217 4217
4257 4257
4449 4449
904 904
5202 5202
970 970
4615 4615
5141 5141
5377 5377
767 767
6841 6841
4332 4332
4598 4598
881 881
4372 4372
4820 4820
4744 4744
1073 1073
4724 4724
1082 1082
6370 6370
4915 4915
1101 1101
2923 2923
5211 5211
1098 1098
955 955
6302 6302
752 752
5090 5090
1801 1801
6527 6527
974 974
3093 3093
4562 4562
1478 1478
4406 4406
1185 1185
5221 5221
4736 4736
5142 5142
4794 4794
6468 6468
4714 4714
5156 5156
4757 4757
1660 1660
5256 5256
1465 1465
1368 1368
6428 6428
932 932
6526 6526
6572 6572
4916 4916
6429 6429
4597 4597
1184 1184
5203 5203
3155 3155
4264 4264
6405 6405
1027 1027
4486 4486
958 958
5324 5324
839 839
1230 1230
4910 4910
3125 3125
4167 4167
1579 1579
3152 3152
4868 4868
5083 5083
6512 6512
4550 4550
1657 1657
4282 4282
5086 5086
5321 5321
873 873
1659 1659
872 872
4997 4997
4564 4564
4844 4844
4575 4575
5186 5186
5314 5314
4210 4210
1021 1021
4725 4725
4552 4552
4262 4262
6282 6282
3130 3130
6303 6303
4913 4913
4735 4735
5174 5174
5027 5027
903 903
4494 4494
4746 4746
4580 4580
4919 4919
4387 4387
1055 1055
4999 4999
4538 4538
6801 6801
6305 6305
4481 4481
4470 4470
6504 6504
4654 4654
6567 6567
4321 4321
4930 4930
4396 4396
4932 4932
4568 4568
4951 4951
4391 4391
4628 4628
4436 4436
