0 0
1 1
2 2
2107 3
4 4
1541 5
853 6
7 7
3322 9
2199 14
17 17
930 22
23 23
2949 24
670 25
29 29
601 34
37 37
408 38
3096 44
3232 47
51 51
1777 52
1854 53
3374 59
61 61
62 62
64 64
65 65
863 66
1100 67
1289 69
3579 71
72 72
73 73
3408 78
81 81
2760 82
1107 83
855 85
1524 90
91 91
1364 92
94 94
100 100
2954 102
104 104
105 105
108 108
3085 110
2082 111
113 113
1854 115
117 117
118 118
1466 119
3285 121
122 122
2068 123
124 124
1181 128
710 129
130 130
785 132
643 133
3031 134
833 135
138 138
140 140
2655 143
146 146
147 147
148 148
1451 150
1031 152
153 153
155 155
1043 156
158 158
1587 160
3021 162
2701 163
164 164
278 166
1209 173
174 174
1945 176
177 177
2614 180
282 181
273 182
2578 185
3357 186
2149 187
189 189
190 190
191 191
3375 192
3060 194
336 195
2755 196
197 197
199 199
2153 203
2738 204
395 205
210 210
211 211
3204 213
214 214
1018 215
2757 216
217 217
220 220
2248 221
2669 222
3270 223
1395 225
3411 226
227 227
231 231
1630 233
236 236
2778 238
1407 240
242 242
244 244
245 245
246 246
247 247
249 249
252 252
255 255
24 256
258 258
260 260
261 261
580 262
3267 263
2565 268
269 269
2732 276
2535 277
284 284
285 285
647 287
288 288
289 289
2928 290
160 292
295 295
298 298
302 302
480 303
3234 304
2760 305
3203 307
1922 310
2954 311
718 313
2786 314
321 321
322 322
323 323
325 325
3600 326
330 330
333 333
1068 334
3507 335
1970 336
3148 337
338 338
3349 339
342 342
343 343
344 344
3348 346
347 347
1307 349
351 351
2060 352
915 353
2222 355
367 367
368 368
879 369
62 370
374 374
1314 375
376 376
2209 377
3445 379
380 380
2113 381
384 384
97 387
390 390
391 391
393 393
399 399
400 400
8 401
2114 402
408 408
412 412
413 413
3408 414
415 415
2005 420
3068 421
1710 423
665 425
3262 427
300 428
429 429
872 430
3157 431
432 432
435 435
439 439
697 442
2106 443
3356 444
2740 447
1126 450
3528 452
3460 453
2437 454
1213 456
2530 457
150 459
3658 460
1466 464
3049 465
466 466
929 467
468 468
2273 470
3579 471
472 472
473 473
533 475
887 477
478 478
485 480
2212 481
562 484
3101 485
1812 486
487 487
488 488
489 489
490 490
2412 491
492 492
494 494
1549 495
1698 496
3540 497
498 498
667 503
505 505
507 507
2999 508
512 512
515 515
320 518
66 521
3220 522
2813 525
1859 527
533 533
253 534
537 537
538 538
1257 539
540 540
2905 541
288 542
544 544
546 546
3445 547
1230 548
3113 549
550 550
3243 551
552 552
1249 554
942 557
558 558
559 559
2577 563
2734 565
2253 567
1576 568
570 570
502 574
576 576
578 578
2889 582
585 585
587 587
116 588
591 591
2777 592
594 594
3086 596
370 599
1595 600
1411 601
1939 602
603 603
665 606
607 607
608 608
609 609
610 610
204 611
613 613
615 615
2808 616
621 621
2760 623
631 631
1045 632
2748 633
2795 634
637 637
226 640
313 641
2762 644
755 646
648 648
1442 653
3241 655
658 658
2095 659
408 660
983 662
253 666
89 667
2660 673
676 676
677 677
1041 681
1289 682
3346 683
2525 684
686 686
687 687
688 688
72 689
1194 690
693 693
697 697
3207 698
699 699
700 700
2897 703
704 704
705 705
709 709
3505 710
714 714
604 716
2505 718
723 723
3241 724
726 726
2021 727
1113 730
732 732
3580 734
2954 737
3562 738
813 740
741 741
742 742
743 743
1364 746
3408 749
750 750
3004 751
752 752
3239 753
754 754
3565 755
1067 757
1880 758
2608 761
764 764
259 765
3031 766
767 767
611 768
2056 769
72 770
1503 771
1129 772
773 773
1599 774
776 776
778 778
2132 781
2762 782
783 783
2352 784
788 788
1021 789
791 791
2395 797
2207 798
801 801
802 802
2975 803
805 805
807 807
808 808
791 816
1916 818
2356 820
1113 822
1860 823
824 824
829 829
774 831
3625 833
2689 836
839 839
841 841
846 846
834 849
941 854
855 855
743 856
1039 858
2216 860
1617 861
430 863
1628 866
3037 867
868 868
568 869
872 872
873 873
875 875
1686 878
879 879
880 880
881 881
882 882
2390 883
884 884
663 886
891 891
892 892
677 896
960 899
900 900
3316 901
1497 902
903 903
904 904
1859 905
2281 910
911 911
912 912
2650 913
919 919
1472 920
1248 921
923 923
924 924
926 926
1017 930
932 932
933 933
320 934
3279 935
936 936
937 937
3268 941
92 942
943 943
945 945
804 947
1969 950
3573 951
952 952
3322 953
1388 954
955 955
562 956
958 958
3541 961
2356 963
965 965
966 966
970 970
974 974
2682 979
174 980
981 981
702 982
1619 985
987 987
988 988
913 991
366 992
819 993
995 995
996 996
805 997
999 999
1000 1000
1001 1001
2596 1002
1004 1004
2746 1005
1006 1006
1017 1007
253 1009
1013 1013
1014 1014
2939 1017
1018 1018
2921 1020
1021 1021
223 1024
1027 1027
1282 1034
2676 1037
1040 1040
2604 1041
1042 1042
3101 1044
2846 1045
1048 1048
526 1050
2680 1053
1055 1055
439 1059
1060 1060
1061 1061
1064 1064
2744 1065
3177 1066
3284 1068
2732 1069
2068 1072
1073 1073
1716 1079
518 1081
1082 1082
2069 1083
3534 1089
1090 1090
1092 1092
1093 1093
623 1095
1098 1098
170 1099
1101 1101
223 1102
1103 1103
2340 1104
1373 1105
1107 1107
1108 1108
6797 1110
667 1111
1112 1112
179 1113
1115 1115
1116 1116
710 1120
1121 1121
1122 1122
4102 1124
2669 1127
973 1128
3462 1131
1133 1133
1356 1134
1135 1135
1136 1136
1137 1137
1139 1139
1140 1140
1141 1141
1726 1143
1005 1147
16 1148
3103 1149
1153 1153
2047 1154
3538 1155
678 1158
1159 1159
2123 1160
1161 1161
1163 1163
1164 1164
3119 1165
2308 1166
273 1170
1377 1171
1560 1172
2972 1173
2298 1174
1175 1175
992 1179
1184 1184
1185 1185
733 1186
2224 1187
1188 1188
3599 1189
2973 1190
851 1191
833 1192
1194 1194
616 1196
1199 1199
1200 1200
1202 1202
1203 1203
2794 1207
1216 1210
1761 1211
1002 1216
768 1220
2936 1223
2939 1226
1227 1227
1230 1230
1231 1231
782 1235
1236 1236
2874 1238
3320 1242
1243 1243
1245 1245
1895 1246
626 1247
821 1248
1251 1251
1257 1257
1562 1259
2144 1261
640 1264
1265 1265
2252 1266
3658 1267
1270 1270
1493 1274
1275 1275
366 1276
1277 1277
1278 1278
3033 1279
2700 1280
1283 1283
1391 1285
1286 1286
1477 1288
1289 1289
1291 1291
1292 1292
1293 1293
834 1295
757 1297
1299 1299
1323 1300
1302 1302
1304 1304
2460 1308
2222 1310
1992 1316
2998 1317
3320 1318
3278 1320
1955 1326
1327 1327
1330 1330
1407 1331
1334 1334
1337 1337
902 1339
642 1341
1342 1342
1345 1345
1275 1346
1235 1349
3421 1351
1347 1352
1353 1353
1355 1355
1356 1356
1388 1357
1358 1358
1359 1359
1360 1360
1363 1363
2054 1364
1119 1366
2680 1367
1368 1368
2736 1370
665 1371
1373 1373
1414 1374
1032 1375
3575 1376
1377 1377
1379 1379
1068 1385
1386 1386
1388 1388
408 1389
1546 1390
1859 1391
1392 1392
1241 1397
752 1399
1373 1400
1407 1407
1409 1409
320 1412
2127 1414
2400 1416
1417 1417
1418 1418
1419 1419
1420 1420
1999 1421
1773 1424
1425 1425
1813 1429
1433 1433
665 1434
797 1436
2706 1443
3080 1444
1821 1445
366 1446
1097 1448
278 1453
3127 1456
1458 1458
1459 1459
1230 1460
1461 1461
1806 1462
1414 1463
1464 1464
1465 1465
3120 1470
2463 1471
2918 1473
844 1474
1475 1475
62 1477
1478 1478
1480 1480
1546 1481
130 1482
259 1484
1485 1485
1486 1486
1488 1488
1490 1490
2260 1492
1493 1493
2867 1494
2451 1495
490 1496
1499 1499
3539 1500
1503 1503
1506 1506
265 1507
1511 1511
1131 1513
1514 1514
1515 1515
1689 1518
526 1521
1842 1523
1524 1524
1525 1525
1526 1526
1527 1527
2859 1528
1530 1530
431 1532
295 1534
1535 1535
3039 1536
3309 1537
1539 1539
710 1540
1541 1541
1545 1545
1546 1546
2726 1547
1548 1548
1594 1549
1845 1552
1922 1555
1356 1565
1567 1567
1568 1568
1708 1571
1101 1572
100 1576
1579 1579
3221 1585
1586 1586
1587 1587
1591 1591
1593 1593
2893 1599
1600 1600
316 1602
2341 1603
984 1605
320 1606
1608 1608
2033 1611
92 1612
1811 1616
1673 1618
1620 1620
1980 1621
92 1622
1507 1623
3241 1625
1627 1627
1628 1628
3512 1629
1633 1633
1634 1634
1637 1637
2237 1639
3573 1640
1287 1643
1441 1644
719 1645
3345 1646
1647 1647
2433 1648
2210 1649
1652 1652
1653 1653
821 1654
172 1656
1657 1657
1659 1659
1660 1660
1661 1661
1663 1663
870 1665
226 1666
2864 1667
1847 1668
1670 1670
1674 1674
2137 1675
1676 1676
1677 1677
1678 1678
1683 1683
2147 1684
780 1685
2990 1686
1688 1688
1689 1689
1025 1692
2096 1694
2314 1696
2504 1698
1699 1699
1700 1700
1704 1704
1698 1705
3119 1706
1456 1708
1709 1709
1711 1711
1712 1712
1714 1714
1717 1717
1895 1719
2145 1720
71 1721
2675 1722
484 1723
1725 1725
1480 1726
2110 1727
430 1728
1730 1730
1935 1732
1888 1734
1756 1735
2732 1736
1737 1737
1738 1738
1741 1741
871 1743
3195 1744
1745 1745
1746 1746
1748 1748
3278 1750
125 1751
893 1752
1753 1753
1530 1756
1758 1758
1759 1759
1760 1760
1761 1761
541 1765
1766 1766
894 1768
1694 1776
2254 1777
1778 1778
1780 1780
1782 1782
1784 1784
681 1786
1787 1787
1788 1788
1791 1791
1795 1795
1796 1796
702 1800
1801 1801
2481 1802
105 1804
710 1806
1595 1808
1809 1809
1814 1814
2865 1815
1817 1817
1016 1819
1824 1824
3159 1828
1831 1831
1832 1832
1833 1833
656 1834
1373 1836
1839 1839
1843 1843
2777 1848
1850 1850
1851 1851
328 1852
1854 1854
1855 1855
1856 1856
3084 1858
1860 1860
261 1861
1863 1863
1864 1864
1867 1867
2839 1868
1870 1870
3158 1871
3643 1873
1874 1874
224 1877
1878 1878
1880 1880
3391 1883
1885 1885
1886 1886
153 1891
1920 1895
1896 1896
1897 1897
2360 1901
1905 1905
1907 1907
2614 1908
3354 1910
1912 1912
1913 1913
2928 1915
328 1917
1918 1918
2888 1919
2238 1920
28 1922
1924 1924
1925 1925
1927 1927
1928 1928
1933 1933
2454 1936
1938 1938
602 1939
1940 1940
1943 1943
463 1944
297 1945
2757 1947
1027 1948
1949 1949
1708 1951
484 1952
3243 1956
1287 1960
1962 1962
3414 1964
528 1965
1968 1968
1969 1969
3159 1972
665 1974
1976 1976
1977 1977
319 1980
1708 1981
1983 1983
1083 1984
1988 1988
1990 1990
3504 1991
1993 1993
408 1997
3658 1998
1999 1999
883 2001
2005 2005
1033 2007
2010 2010
2011 2011
2859 2012
2014 2014
1888 2015
474 2016
2017 2017
2018 2018
2019 2019
1930 2020
1715 2024
2027 2027
1429 2029
2030 2030
2031 2031
1988 2032
681 2033
1420 2034
1671 2036
3503 2037
1845 2038
772 2040
2436 2043
2046 2046
2052 2052
2054 2054
803 2055
2056 2056
1445 2057
2062 2062
2067 2067
2068 2068
2253 2070
2079 2079
812 2085
2086 2086
2087 2087
479 2088
2292 2089
2092 2092
524 2094
2095 2095
438 2096
3440 2098
2099 2099
2101 2101
1394 2102
2103 2103
2104 2104
2597 2106
2107 2107
2109 2109
56 2110
2112 2112
2114 2114
1308 2115
2213 2118
2017 2119
2120 2120
2841 2123
2124 2124
1068 2125
2127 2127
2129 2129
2130 2130
3220 2131
2669 2132
1373 2133
768 2137
278 2139
2736 2141
2088 2142
2380 2143
2144 2144
2145 2145
2146 2146
1648 2147
2109 2151
2152 2152
2999 2155
2160 2160
2163 2163
2164 2164
2167 2167
2233 2168
1349 2170
2171 2171
3592 2172
851 2173
2174 2174
3036 2177
2178 2178
2053 2179
2180 2180
2182 2182
3339 2184
320 2185
3204 2188
2801 2189
640 2191
829 2193
2374 2197
429 2202
2204 2204
2206 2206
3339 2208
2210 2210
1647 2211
2216 2213
2214 2214
2215 2215
534 2218
2220 2220
2221 2221
3053 2222
3438 2223
3485 2227
2230 2230
2231 2231
1192 2235
2251 2238
2240 2240
2317 2241
2244 2244
2245 2245
2246 2246
2247 2247
3605 2248
2250 2250
2252 2252
710 2253
3571 2254
2255 2255
2256 2256
864 2258
2260 2260
1060 2262
3118 2263
431 2267
2268 2268
893 2269
1356 2270
841 2272
2274 2274
2276 2276
3320 2277
2278 2278
3648 2280
2281 2281
2282 2282
3527 2286
2288 2288
2007 2289
207 2290
2294 2294
2295 2295
1976 2296
2299 2299
3028 2300
2302 2302
1972 2304
1570 2305
33 2307
2308 2308
1145 2311
2132 2315
730 2316
2318 2318
3084 2320
2321 2321
1289 2322
2324 2324
83 2327
3085 2329
1911 2332
2052 2334
2885 2335
1790 2337
2084 2338
2340 2340
2342 2342
1564 2344
3031 2347
2350 2350
2822 2351
3164 2352
1373 2353
2869 2356
1260 2360
2880 2367
974 2369
3430 2370
3458 2371
448 2374
2375 2375
724 2376
2377 2377
2378 2378
381 2381
2593 2385
328 2386
2388 2388
2389 2389
1289 2390
3476 2394
2395 2395
2397 2397
1910 2400
2693 2403
2404 2404
1257 2405
3628 2407
3605 2412
2413 2413
2056 2418
1979 2420
2422 2422
2423 2423
82 2424
320 2426
2427 2427
2432 2432
1272 2434
785 2435
2786 2437
3016 2438
2481 2439
354 2440
2441 2441
568 2443
2444 2444
2445 2445
2404 2446
1711 2447
2448 2448
2449 2449
1308 2451
1169 2452
1777 2454
2457 2457
1188 2459
2000 2460
713 2461
1125 2462
2463 2463
2465 2465
1728 2466
2468 2468
2470 2470
2471 2471
2475 2475
3052 2478
2480 2480
1349 2482
2485 2485
3188 2487
3458 2489
699 2491
2493 2493
2497 2497
3006 2498
2489 2499
2500 2500
3634 2506
2509 2509
448 2512
2269 2513
210 2514
2515 2515
2519 2519
2523 2523
878 2527
2792 2528
68 2535
2536 2536
1391 2539
887 2543
1586 2547
2550 2550
3379 2552
2780 2557
2558 2558
2560 2560
2132 2564
2567 2567
2568 2568
2054 2571
2572 2572
2573 2573
2576 2576
3525 2577
1068 2578
2031 2582
2034 2583
1860 2585
1916 2587
2588 2588
3218 2589
3418 2593
3627 2594
2596 2596
2597 2597
2602 2602
659 2603
2232 2604
871 2608
2610 2610
2402 2611
2613 2613
834 2618
874 2621
2624 2624
1953 2625
1257 2627
2629 2629
1151 2631
1141 2634
714 2635
1595 2637
2639 2639
2643 2643
2644 2644
325 2646
2648 2648
3489 2650
2652 2652
28 2653
1356 2655
1171 2657
2056 2658
1095 2660
2662 2662
2663 2663
1069 2665
3164 2666
414 2669
2671 2671
2073 2673
2676 2676
2486 2677
3432 2679
1537 2680
2030 2683
2685 2685
2440 2686
3505 2687
2689 2689
2691 2691
3159 2692
2693 2693
562 2695
766 2702
757 2704
2573 2707
2836 2711
2713 2713
2715 2715
2718 2718
2719 2719
654 2720
2722 2722
2195 2723
2454 2725
2747 2726
2727 2727
1516 2728
2069 2729
2954 2732
2733 2733
1260 2734
824 2735
2221 2738
3052 2740
2222 2742
592 2743
1555 2745
2577 2749
772 2750
2754 2754
966 2758
500 2759
2760 2760
1610 2761
2764 2764
482 2765
2766 2766
1994 2767
1528 2769
361 2770
1919 2772
570 2775
2780 2780
2518 2782
993 2786
1943 2789
3050 2790
2791 2791
2793 2793
2794 2794
2124 2795
2797 2797
2799 2799
2801 2801
1930 2803
2938 2806
295 2807
2808 2808
3682 2811
2815 2815
420 2816
2817 2817
2818 2818
2819 2819
2820 2820
2821 2821
2822 2822
2825 2825
2826 2826
1260 2827
411 2828
1622 2829
2833 2833
2834 2834
2043 2836
454 2837
1120 2838
2839 2839
2840 2840
2844 2844
3096 2845
2846 2846
1414 2847
2848 2848
2675 2853
1430 2854
2855 2855
2856 2856
1859 2857
2859 2859
2860 2860
2839 2861
1040 2863
2865 2865
1687 2866
1842 2867
2868 2868
2293 2871
2873 2873
2875 2875
2106 2876
2877 2877
1804 2878
2881 2881
3198 2882
2884 2884
2885 2885
408 2886
2887 2887
2890 2890
2892 2892
2897 2897
3546 2898
710 2899
2902 2902
2903 2903
2905 2905
2798 2907
2910 2910
2913 2913
3084 2916
2920 2920
1060 2921
2923 2923
813 2924
1126 2925
2926 2926
2927 2927
562 2928
2929 2929
1450 2930
2932 2932
1091 2933
2792 2935
3326 2937
2057 2939
2594 2942
1257 2943
1130 2944
2544 2949
2954 2954
2955 2955
2958 2958
1755 2959
2960 2960
3296 2961
2222 2962
3227 2966
2733 2967
2969 2969
3563 2970
2971 2971
253 2973
3446 2974
3002 2976
2977 2977
2834 2979
2766 2980
2981 2981
2537 2984
1083 2985
1257 2986
2989 2989
1909 2992
2993 2993
2994 2994
2998 2998
3000 3000
907 3002
3003 3003
3004 3004
3006 3006
2985 3007
1105 3011
3012 3012
2278 3015
1632 3016
1613 3017
3045 3018
1877 3019
3020 3020
1451 3022
3023 3023
1888 3024
3026 3026
3029 3029
3461 3031
3032 3032
3021 3034
3036 3036
122 3038
3043 3043
3044 3044
2275 3045
2866 3050
3052 3052
3053 3053
3635 3054
3354 3055
3059 3059
2374 3061
247 3065
3068 3068
3069 3069
2992 3072
2486 3074
3076 3076
3077 3077
3078 3078
3079 3079
1416 3080
3236 3082
3088 3088
3093 3093
3096 3096
3220 3097
3098 3098
3099 3099
465 3100
2624 3101
3152 3103
2224 3104
3109 3109
1260 3110
356 3113
2954 3115
3116 3116
3118 3118
3120 3120
191 3121
799 3122
3124 3124
3125 3125
864 3127
3130 3130
3132 3132
3136 3136
3139 3139
2750 3141
1961 3142
3148 3148
1450 3150
3152 3152
3155 3155
2296 3156
3246 3158
3469 3162
3169 3169
2645 3171
3172 3172
2768 3174
3177 3177
61 3178
3180 3180
3603 3181
1644 3182
3183 3183
873 3185
3159 3187
3190 3190
2312 3191
3193 3193
3194 3194
3195 3195
3201 3201
3203 3203
3204 3204
3093 3209
710 3213
464 3214
3216 3216
3218 3218
3219 3219
295 3223
263 3224
3225 3225
3229 3229
2532 3232
3237 3237
3238 3238
3243 3243
3244 3244
3650 3246
724 3248
3249 3249
3251 3251
3253 3253
2740 3255
2352 3256
3575 3259
1066 3265
3266 3266
3320 3267
3269 3269
3246 3271
3645 3273
3274 3274
3275 3275
1289 3276
2199 3277
3281 3281
3283 3283
3284 3284
3357 3286
3287 3287
636 3288
3605 3289
108 3290
2973 3293
3419 3294
1414 3297
1420 3299
2333 3301
3443 3307
3308 3308
3551 3311
3314 3314
3446 3315
3316 3316
3317 3317
3451 3319
3321 3321
2051 3322
3323 3323
3325 3325
3085 3326
3265 3327
9 3328
997 3330
3333 3333
3334 3334
1420 3337
3338 3338
3340 3340
1414 3342
464 3343
1232 3345
3669 3346
3348 3348
3349 3349
3399 3351
1594 3352
3610 3353
3336 3356
3061 3357
3360 3360
3361 3361
3366 3366
3367 3367
3368 3368
3322 3369
295 3371
3373 3373
3532 3375
3378 3378
3380 3380
3411 3382
3612 3383
3384 3384
3518 3386
3388 3388
3389 3389
1617 3391
3392 3392
2777 3394
1395 3395
986 3396
3238 3399
2372 3404
3405 3405
3407 3407
3408 3408
3581 3411
941 3412
722 3415
3418 3418
3611 3419
3421 3421
3425 3425
1731 3428
3430 3430
1731 3433
3435 3435
3379 3436
3439 3439
3308 3440
3442 3442
1451 3443
2370 3451
3452 3452
3406 3453
3396 3454
3456 3456
2041 3460
3344 3461
1571 3464
3465 3465
3528 3467
3446 3468
3379 3470
710 3471
3472 3472
941 3475
2608 3479
518 3481
2352 3482
3233 3483
3487 3487
1139 3488
3489 3489
3490 3490
3493 3493
3495 3495
3436 3496
3497 3497
44 3499
1097 3501
1528 3505
3506 3506
420 3507
3508 3508
3511 3511
797 3512
463 3515
3516 3516
3664 3518
3521 3521
2750 3523
1012 3524
379 3527
3530 3530
3531 3531
3534 3534
2479 3535
562 3536
3539 3539
2930 3542
3543 3543
2988 3545
3547 3547
3548 3548
3488 3550
3201 3551
288 3552
3553 3553
3554 3554
3555 3555
2479 3556
2375 3557
2463 3560
3561 3561
3565 3565
3567 3567
3568 3568
1411 3577
3569 3578
3579 3579
3583 3583
3584 3584
2457 3586
3588 3588
3590 3590
3592 3592
3496 3593
710 3597
3248 3598
3357 3599
3427 3600
2262 3603
3605 3605
3608 3608
3609 3609
2105 3612
3613 3613
3657 3614
3615 3615
3616 3616
3617 3617
2669 3619
3622 3622
2954 3626
3222 3627
3628 3628
3629 3629
3218 3631
3633 3633
3634 3634
2892 3635
306 3638
3438 3639
3640 3640
3643 3643
3644 3644
3459 3649
3650 3650
2308 3651
3652 3652
3653 3653
3354 3656
3661 3661
3662 3662
3478 3663
3366 3666
3667 3667
1097 3668
3670 3670
1414 3671
3672 3672
3673 3673
3674 3674
4727 3676
3833 3677
4234 3678
4054 3679
6700 3680
5690 3681
3682 3682
3718 3687
3989 3688
4190 3690
3691 3691
5851 3692
3694 3694
6053 3695
4287 3696
6540 3697
5712 3698
4017 3699
3702 3702
6843 3703
3708 3708
4550 3709
6226 3713
6560 3715
3716 3716
6406 3717
3718 3718
4822 3722
5378 3728
6716 3729
5899 3730
6878 3731
5503 3732
6305 3734
4246 3735
3785 3737
5522 3738
3739 3739
6468 3744
6340 3746
5073 3747
6865 3748
6442 3750
4024 3752
3753 3753
4533 3754
4899 3755
6806 3756
3714 3757
6547 3758
6196 3759
6202 3762
4188 3763
3766 3766
3767 3767
5996 3769
3771 3771
5743 3773
3774 3774
4084 3775
6841 3776
3777 3777
6434 3781
5104 3786
4604 3787
3788 3788
6835 3792
5321 3797
3798 3798
6134 3802
3730 3805
3808 3808
6696 3809
6650 3810
3811 3811
3812 3812
3795 3813
6849 3815
3818 3818
3821 3821
3823 3823
4607 3824
3825 3825
3826 3826
5633 3831
3833 3833
3971 3834
3836 3836
3731 3839
5211 3840
4481 3843
5737 3844
3846 3846
5439 3848
3851 3851
5333 3852
6170 3856
5663 3861
4105 3866
5015 3867
3868 3868
4350 3869
6426 3870
6447 3871
4740 3873
3971 3875
3757 3876
3877 3877
4389 3879
6881 3880
4679 3882
5378 3884
5979 3887
3888 3888
4547 3890
4461 3891
3892 3892
3844 3894
5852 3895
5716 3899
5186 3900
5903 3902
5690 3903
3859 3904
3906 3906
4747 3908
3909 3909
5866 3911
4320 3913
4465 3915
3959 3918
5814 3919
3923 3923
4045 3924
3926 3926
3932 3932
4070 3933
4758 3935
3937 3937
6242 3939
3941 3941
4879 3943
3944 3944
5165 3946
6662 3950
4545 3951
5684 3952
5430 3953
3954 3954
6806 3956
5845 3959
6635 3962
5742 3964
4013 3965
5677 3967
6768 3975
5664 3976
6586 3981
5188 3982
4441 3983
3785 3985
5591 3987
3685 3988
5872 3990
5853 3992
5299 3993
6659 3996
6815 3997
4001 4001
5789 4005
4006 4006
5015 4008
5773 4010
4961 4013
4014 4014
6007 4016
4018 4018
4020 4020
5157 4021
4636 4022
4048 4024
3701 4026
5121 4027
5554 4030
6815 4031
4032 4032
6694 4033
4037 4037
5620 4040
6786 4041
6804 4042
4044 4044
4315 4045
5869 4048
4050 4050
4607 4051
4937 4053
4054 4054
6616 4055
4560 4056
4036 4058
6004 4059
4822 4060
3781 4066
6441 4068
4866 4069
4070 4070
4071 4071
3787 4073
6206 4075
6780 4076
3938 4080
6013 4082
4083 4083
6629 4084
6716 4088
5858 4089
4092 4092
4093 4093
4096 4096
5607 4097
4838 4099
5462 4100
4114 4101
4550 4104
4849 4106
5510 4107
5993 4108
4114 4114
3847 4115
6819 4118
6240 4119
5652 4120
4450 4121
5982 4122
6610 4124
4126 4126
4127 4127
6877 4128
5718 4129
3694 4131
5438 4133
4134 4134
4610 4138
5015 4141
5751 4142
4832 4143
4456 4144
6240 4148
4149 4149
3782 4150
4155 4155
5796 4156
4158 4158
4160 4160
3873 4162
3952 4164
4167 4167
6153 4168
4940 4169
5302 4170
4782 4173
4174 4174
5777 4176
6706 4178
4314 4179
6608 4181
5739 4183
5279 4184
4391 4185
6237 4187
4939 4190
6839 4192
5786 4194
4731 4197
4767 4200
4203 4203
5195 4205
4206 4206
4138 4207
4210 4210
5774 4214
4217 4217
6358 4221
6268 4223
4224 4224
4225 4225
4226 4226
6076 4227
3792 4229
4230 4230
5948 4231
4947 4232
4303 4233
5141 4234
5814 4235
4925 4236
5327 4237
5616 4238
6109 4240
4911 4242
3708 4243
5188 4245
5508 4247
5742 4248
5275 4254
5420 4256
4257 4257
4258 4258
4259 4259
4262 4262
4919 4263
4264 4264
6786 4266
4267 4267
3707 4269
5435 4272
4902 4281
4282 4282
6646 4283
4285 4285
5529 4287
5749 4289
6767 4290
4291 4291
3931 4293
4294 4294
4299 4299
6121 4300
4305 4305
5747 4306
4300 4308
6254 4309
4639 4310
4212 4314
4214 4315
5547 4317
4925 4319
4618 4320
4321 4321
4447 4327
4329 4329
4852 4330
4332 4332
3771 4333
6281 4335
5058 4336
5179 4338
5955 4339
4555 4340
5744 4346
6716 4348
5653 4353
4733 4354
5739 4355
6410 4357
5977 4358
6645 4359
5741 4363
3904 4364
5744 4368
6646 4370
4372 4372
5144 4374
6140 4376
6296 4378
5689 4379
5827 4380
4419 4385
6672 4386
4387 4387
4143 4388
4391 4391
4752 4392
4401 4393
3833 4395
4396 4396
4122 4399
6433 4402
5711 4403
4406 4406
4804 4407
5354 4409
3927 4410
4555 4412
4701 4413
5195 4415
4417 4417
5878 4418
4822 4419
6040 4420
6416 4421
5796 4423
4424 4424
4425 4425
4727 4427
4428 4428
5510 4430
4519 4433
4310 4435
4436 4436
4900 4440
5211 4443
5168 4445
4449 4449
3774 4455
5169 4457
4449 4461
5750 4462
3765 4464
6786 4466
5164 4467
5004 4468
4470 4470
6826 4471
3708 4472
4949 4473
4990 4476
4932 4478
6251 4479
3745 4480
4481 4481
5012 4482
5430 4485
4486 4486
5135 4487
4917 4488
5643 4489
4052 4490
5574 4491
5438 4492
4494 4494
6635 4495
6331 4500
4281 4501
5330 4506
4526 4510
4715 4511
4662 4514
5172 4515
6322 4517
5718 4518
4906 4520
6878 4521
4401 4522
6866 4524
4363 4525
4527 4527
4452 4531
5237 4534
5794 4537
4538 4538
5870 4544
6440 4545
4473 4547
5110 4548
4550 4550
4552 4552
6260 4553
5723 4554
4501 4555
6649 4556
6865 4560
4401 4561
4562 4562
6166 4563
4564 4564
4349 4565
6069 4566
4344 4567
4568 4568
5378 4571
6505 4572
4575 4575
5975 4577
5432 4578
4550 4579
4580 4580
6491 4582
4900 4583
6206 4589
4593 4593
3833 4595
3833 4596
4597 4597
4598 4598
3950 4599
6004 4600
4945 4602
4919 4603
4731 4604
4606 4606
4607 4607
4609 4609
3890 4611
5094 4614
4615 4615
6202 4616
4913 4617
3798 4618
4915 4620
5344 4623
6521 4624
6716 4625
5591 4626
4628 4628
4430 4629
6786 4630
3926 4631
5432 4632
4135 4635
5523 4637
5127 4638
6459 4639
6385 4641
5641 4642
3833 4645
5641 4647
5488 4648
4650 4650
5791 4652
6439 4653
4654 4654
5783 4658
5012 4659
5283 4660
3827 4661
5143 4662
6196 4664
5814 4665
5525 4668
6680 4669
6667 4671
6107 4672
5520 4674
5633 4676
4677 4677
4066 4681
5920 4684
5303 4685
6611 4687
5156 4689
6027 4693
5829 4694
5858 4695
4696 4696
5189 4697
5632 4698
6539 4700
4853 4705
6476 4707
6706 4708
4711 4711
4714 4714
6863 4715
4182 4718
6649 4719
5528 4722
6825 4723
4724 4724
4725 4725
4729 4729
4730 4730
4569 4731
3907 4733
4734 4734
4735 4735
4736 4736
4071 4737
3911 4738
5264 4742
6447 4743
4744 4744
4746 4746
4029 4750
4125 4752
6185 4754
6428 4755
4757 4757
4105 4758
4310 4760
5741 4763
5370 4764
4350 4767
4331 4768
4712 4770
6291 4772
5148 4773
4197 4776
4784 4784
5633 4785
5306 4788
4997 4789
6149 4791
4793 4793
4794 4794
5397 4796
4913 4798
4799 4799
3857 4800
4649 4801
3851 4802
4137 4803
4804 4804
6641 4805
5302 4806
4842 4808
4438 4809
3964 4810
5438 4812
3904 4815
6848 4817
4272 4818
4820 4820
4827 4827
4312 4829
4958 4831
4832 4832
5814 4834
3998 4835
5563 4836
5494 4837
4880 4840
5388 4841
5638 4842
4895 4843
4844 4844
4899 4848
3931 4849
6517 4852
6746 4853
4854 4854
4241 4856
5814 4857
5903 4858
4859 4859
5495 4860
5149 4861
4909 4865
5042 4866
5391 4867
4868 4868
3798 4871
4874 4874
6589 4875
4782 4876
5158 4878
6210 4879
6371 4880
6110 4881
4715 4882
4939 4890
4731 4891
4892 4892
4893 4893
6729 4897
3833 4898
4900 4900
4464 4901
6322 4903
6280 4904
5019 4906
4631 4907
5651 4909
4910 4910
4913 4913
6433 4914
4915 4915
4916 4916
4919 4919
4582 4922
4925 4925
6080 4927
3699 4929
4930 4930
3708 4931
4932 4932
5507 4933
6212 4934
6841 4935
5744 4938
4689 4940
4400 4944
6021 4945
6051 4946
4371 4948
4951 4951
4956 4956
4958 4958
3741 4960
4856 4962
4963 4963
4235 4967
4214 4969
4751 4970
5763 4972
4818 4973
3927 4974
6117 4975
4982 4982
5870 4983
5054 4984
4904 4985
5652 4990
6235 4995
4997 4997
4303 4998
4999 4999
5690 5000
4925 5001
4122 5002
4729 5003
6139 5005
6202 5006
3682 5007
3745 5008
6325 5011
4612 5013
5299 5014
4805 5015
5106 5018
3745 5019
4203 5020
4315 5021
5243 5026
5027 5027
5741 5034
4832 5036
4067 5039
6889 5041
4013 5043
6594 5046
5723 5048
6051 5049
5080 5051
5931 5052
5070 5054
3702 5055
4503 5056
3858 5061
4182 5063
6700 5064
5076 5065
4461 5066
4314 5068
5069 5069
5400 5070
5072 5072
4543 5074
5075 5075
6229 5076
6743 5077
5079 5079
5081 5081
5083 5083
5086 5086
3758 5088
4234 5089
5090 5090
5507 5091
5093 5093
5097 5097
4401 5099
5601 5101
5576 5102
5106 5106
5904 5107
4308 5110
4150 5111
4822 5114
6739 5116
3682 5117
5495 5118
6781 5119
5977 5122
5125 5125
6195 5128
5130 5130
3738 5132
6134 5134
4917 5136
3708 5139
4350 5140
5141 5141
5142 5142
4564 5145
3833 5147
5421 5148
3893 5150
5153 5153
5156 5156
4437 5160
6092 5161
6619 5163
4283 5164
4920 5165
6400 5167
6874 5169
4722 5170
5174 5174
5283 5180
4873 5181
6505 5183
5186 5186
6213 5190
3952 5191
3951 5196
5197 5197
5813 5198
5207 5200
3930 5201
5202 5202
5203 5203
4505 5206
6680 5207
5211 5211
4854 5212
6706 5213
6325 5214
5407 5215
5219 5219
5221 5221
4751 5222
6296 5223
6062 5225
5229 5229
3938 5230
5716 5233
5747 5234
3929 5236
6029 5239
4234 5243
5525 5244
5245 5245
3810 5249
4575 5250
3884 5251
3975 5255
5256 5256
6323 5257
4640 5258
6786 5260
3951 5261
6525 5262
4281 5264
5633 5267
4787 5270
4779 5272
5803 5274
4280 5276
5633 5277
5245 5280
3728 5281
6678 5282
4727 5283
3995 5284
5711 5285
6567 5287
5017 5289
4897 5292
6229 5294
5298 5298
6295 5299
5780 5300
5304 5304
6524 5308
4452 5310
5314 5314
5321 5321
6633 5323
5324 5324
4564 5325
5194 5327
5591 5328
5329 5329
5979 5330
3792 5332
5989 5333
6534 5335
6878 5336
3745 5337
5339 5339
6350 5342
4157 5345
5517 5348
4782 5351
6736 5352
6386 5353
5354 5354
5852 5355
3846 5357
6166 5359
4564 5360
5559 5362
6199 5363
5364 5364
6375 5367
5368 5368
5123 5369
4243 5371
4919 5373
5103 5375
4551 5376
5377 5377
4503 5378
5379 5379
4261 5380
5381 5381
5882 5388
6309 5389
5845 5395
3777 5397
4418 5398
3790 5401
5661 5404
4165 5405
4088 5406
5410 5410
5411 5411
6746 5412
6851 5413
3927 5415
6689 5416
5041 5418
5623 5420
4913 5421
5253 5422
5423 5423
6786 5425
5835 5426
5089 5430
5948 5431
6358 5433
6524 5435
6622 5438
6704 5440
5996 5441
4919 5444
6214 5446
5447 5447
6327 5448
5751 5451
5452 5452
6718 5453
5986 5454
5458 5458
5730 5459
6521 5462
6060 5463
6736 5466
5468 5468
4485 5470
4350 5471
6168 5472
4731 5474
5191 5480
6491 5486
4786 5487
5489 5489
4939 5492
3739 5494
4842 5495
4125 5496
5499 5499
4382 5500
6471 5501
6659 5504
5687 5505
5508 5508
5017 5511
5146 5512
5093 5515
5325 5516
5517 5517
5476 5519
6295 5520
4817 5521
6350 5524
5526 5526
4802 5527
5528 5528
4150 5529
5249 5530
5532 5532
4388 5533
5534 5534
5777 5535
4315 5536
4475 5537
5494 5539
6446 5540
5796 5541
5542 5542
6240 5543
5773 5544
4950 5545
6711 5546
3708 5548
5549 5549
5550 5550
6878 5552
5553 5553
3947 5555
3763 5557
4389 5558
5560 5560
6280 5565
4382 5567
5569 5569
6052 5570
5438 5571
4127 5573
5744 5577
3799 5579
3890 5580
4481 5581
6323 5582
5972 5583
4182 5585
5589 5589
5361 5591
5317 5592
5814 5593
4050 5595
5780 5596
5598 5598
4782 5599
5600 5600
5601 5601
5602 5602
5908 5603
4456 5605
5806 5606
4344 5607
4870 5608
5609 5609
6280 5617
4731 5619
6141 5620
3924 5623
4569 5624
4269 5627
6206 5633
5634 5634
5861 5635
6868 5637
5427 5638
4733 5640
5641 5641
4389 5642
5643 5643
5646 5646
5648 5648
3927 5653
4829 5655
4682 5656
6156 5657
6818 5658
5659 5659
4654 5662
5665 5665
5179 5666
3708 5669
4767 5671
5290 5675
5677 5677
5730 5680
4925 5682
4641 5683
4485 5684
4449 5685
6239 5688
5689 5689
5691 5691
4279 5692
5607 5694
5689 5696
5697 5697
5235 5700
5702 5702
5704 5704
5705 5705
5706 5706
4221 5707
5708 5708
5709 5709
3927 5710
5806 5714
5716 5716
5717 5717
5720 5720
4533 5721
5384 5722
6400 5723
6688 5727
5585 5729
4086 5730
5116 5734
4401 5735
3749 5736
5741 5741
6491 5743
5745 5745
5746 5746
5035 5748
5695 5749
5750 5750
5751 5751
4069 5753
6521 5754
3904 5755
6195 5756
5905 5757
6577 5758
6131 5760
5762 5762
5767 5767
3935 5769
6340 5770
4401 5771
5414 5773
4130 5774
6163 5777
5265 5778
4932 5780
5783 5783
4245 5786
4606 5788
6287 5789
5791 5791
5793 5793
5794 5794
3859 5795
5330 5796
5800 5800
5802 5802
4528 5803
4447 5805
6371 5809
5812 5812
5813 5813
4575 5814
4449 5816
6634 5821
4272 5822
5507 5823
6243 5826
5828 5828
4235 5830
6013 5831
4348 5832
5783 5833
3750 5835
3924 5836
5497 5838
6069 5839
5840 5840
4696 5844
4557 5846
3703 5847
5414 5848
4973 5850
5851 5851
4213 5853
6059 5855
5923 5856
6863 5858
5722 5861
6166 5864
4817 5865
4550 5867
4138 5868
6234 5870
5872 5872
4092 5878
5880 5880
3785 5881
4688 5886
3945 5887
3861 5889
4641 5891
6148 5893
3947 5895
4615 5896
4349 5899
5901 5901
3953 5903
4767 5906
5907 5907
5462 5910
3964 5913
5865 5915
3887 5916
5917 5917
5188 5918
5544 5920
5771 5924
4418 5925
5188 5927
4853 5928
4547 5929
5932 5932
5933 5933
5872 5936
5151 5937
5939 5939
6723 5942
6447 5945
5537 5946
4945 5948
4240 5957
3765 5961
6546 5962
4640 5965
5966 5966
6074 5967
5969 5969
6305 5970
6659 5974
4418 5975
5978 5978
5980 5980
3874 5981
5982 5982
3887 5983
6311 5984
5987 5987
6509 5988
5989 5989
6646 5990
4148 5993
3708 5995
5996 5996
5997 5997
5999 5999
5170 6000
4469 6002
4627 6003
6005 6005
6508 6006
5403 6010
4142 6012
5001 6014
3909 6016
6040 6017
6856 6019
6024 6024
6029 6029
4119 6030
4055 6032
5809 6036
6039 6039
5770 6041
4219 6045
5961 6047
6055 6055
6057 6057
6059 6059
4455 6061
6062 6062
6063 6063
6064 6064
6202 6065
5719 6066
4142 6067
5441 6069
6538 6070
5092 6071
6073 6073
6662 6075
4405 6079
6164 6083
3910 6084
6235 6086
5744 6088
4654 6089
6090 6090
6369 6092
6095 6095
5299 6099
4500 6104
5982 6105
6693 6107
4142 6108
4745 6109
6110 6110
5891 6112
6711 6113
6806 6114
6117 6117
6119 6119
6121 6121
4421 6123
6587 6125
6877 6126
4234 6128
4466 6129
6130 6130
5622 6132
5744 6137
5302 6140
4214 6141
6142 6142
6143 6143
6147 6147
4228 6153
5054 6154
6160 6160
6557 6163
6812 6166
4516 6168
6200 6169
6482 6170
6839 6172
3695 6174
6175 6175
5633 6176
5350 6177
5916 6178
6179 6179
6180 6180
6482 6185
3798 6187
5729 6189
4685 6191
5150 6192
6193 6193
3937 6195
4963 6196
3697 6197
6058 6201
4862 6203
4551 6205
6713 6209
6210 6210
5813 6212
4364 6215
6618 6220
6786 6222
6224 6224
6227 6227
5747 6228
4948 6229
6231 6231
4758 6233
5434 6236
6238 6238
6400 6239
6117 6240
5678 6241
4495 6242
6509 6243
4274 6245
4958 6246
6247 6247
5509 6250
3769 6255
3765 6256
6257 6257
4731 6258
6092 6262
4817 6263
6835 6265
5690 6266
6267 6267
4960 6270
6271 6271
3786 6272
6276 6276
4838 6277
6278 6278
3815 6279
4343 6280
4747 6281
6282 6282
6153 6286
4635 6288
4634 6292
4495 6295
5188 6299
6302 6302
6303 6303
6305 6305
6296 6306
6694 6307
6746 6310
4916 6312
6317 6317
6319 6319
3833 6320
5596 6322
4763 6323
6326 6326
6327 6327
3967 6328
6334 6334
4862 6336
6110 6338
4740 6343
4925 6345
6346 6346
6856 6348
4713 6349
4761 6354
3917 6355
4993 6356
4073 6357
4747 6360
5905 6361
6363 6363
3767 6364
5972 6367
6368 6368
4236 6369
6370 6370
6672 6371
5708 6373
6374 6374
3769 6375
3847 6376
4450 6377
5544 6380
5762 6381
5728 6385
4929 6386
6388 6388
6389 6389
4010 6390
3830 6391
5507 6392
6226 6393
5183 6398
6540 6400
6402 6402
4327 6403
6405 6405
5923 6409
5302 6410
6268 6411
3973 6415
5507 6418
4331 6419
6234 6421
5365 6422
6423 6423
5744 6427
6428 6428
6429 6429
6431 6431
3914 6433
3911 6434
4502 6438
4658 6439
5303 6440
4063 6441
6145 6442
5972 6443
5080 6446
6110 6452
5945 6454
5906 6456
4379 6459
6081 6460
3938 6461
6428 6464
4505 6465
6055 6466
6467 6467
6468 6468
4842 6473
5635 6476
6477 6477
6371 6481
6440 6482
6050 6484
4758 6485
6189 6488
4865 6499
6856 6501
6504 6504
6708 6507
5557 6509
6512 6512
4791 6517
5953 6518
4320 6520
4341 6524
3816 6525
6526 6526
6527 6527
6524 6529
5525 6530
6702 6532
4290 6533
4200 6534
4683 6535
3682 6537
5985 6538
6435 6539
4782 6548
3859 6549
4912 6550
6578 6551
6092 6552
5320 6555
6815 6558
6559 6559
6561 6561
5370 6563
3854 6564
6567 6567
6572 6572
4431 6573
6577 6577
5445 6579
4351 6580
4354 6582
4822 6583
5733 6584
5734 6585
6330 6586
6587 6587
6588 6588
6591 6591
5621 6592
3913 6593
6380 6594
6598 6598
6050 6599
6600 6600
6602 6602
6605 6605
3938 6608
6694 6609
6610 6610
4410 6611
6613 6613
4911 6617
6171 6618
5941 6620
4707 6623
4593 6625
5692 6632
6633 6633
4688 6638
6659 6639
6168 6641
5061 6642
6643 6643
4956 6644
6645 6645
4126 6649
5899 6650
5773 6651
6657 6657
6662 6662
6288 6665
6666 6666
4767 6668
4582 6670
5510 6674
6676 6676
4450 6677
5360 6678
4077 6679
6126 6688
5788 6689
3701 6691
6693 6693
5388 6694
4228 6697
6141 6700
6704 6704
5770 6705
6707 6707
4405 6708
6524 6709
4791 6710
5568 6712
4837 6713
6714 6714
5832 6716
6721 6721
4751 6723
4241 6724
4628 6725
4833 6729
6682 6730
6731 6731
4788 6732
5491 6738
6363 6739
6520 6740
5206 6741
6743 6743
4435 6746
6447 6748
5622 6752
6371 6753
6756 6756
4789 6757
6758 6758
6881 6759
4017 6762
3833 6763
6024 6765
3708 6770
6105 6772
4452 6773
6296 6774
6778 6778
6743 6783
4466 6786
6788 6788
6791 6791
4617 6792
6793 6793
6526 6794
4475 6795
4495 6796
6797 6797
6694 6799
6801 6801
3999 6804
4844 6806
3682 6807
4379 6808
5806 6810
4467 6812
5306 6814
6716 6815
3894 6818
6786 6820
5718 6822
6823 6823
4161 6824
6827 6827
5972 6829
3782 6830
4929 6832
5685 6835
5633 6836
4373 6838
6839 6839
6841 6841
4392 6842
4891 6843
6369 6846
5728 6849
3682 6856
3733 6857
6859 6859
5623 6861
6862 6862
4567 6866
6706 6872
5633 6873
6874 6874
6126 6877
6234 6879
6880 6880
6597 6882
5507 6884
5814 6886
4683 6887
