138 138
3861 3861
3628 3628
113 113
3843 3843
40 40
117 117
192 192
245 245
2815 2815
2797 2797
63 63
2811 2811
65 65
3754 3754
190 190
6275 6275
10 10
3633 3633
337 337
73 73
2780 2780
85 85
1907 1907
189 189
44 44
435 435
3056 3056
3054 3054
3922 3922
3652 3652
2 2
94 94
330 330
24 24
408 408
3850 3850
119 119
432 432
3592 3592
3828 3828
5458 5458
34 34
3927 3927
29 29
315 315
3821 3821
326 326
3932 3932
3747 3747
439 439
2779 2779
3577 3577
3829 3829
356 356
3638 3638
4 4
231 231
2783 2783
147 147
3833 3833
2798 2798
2808 2808
3634 3634
2801 2801
3584 3584
347 347
3617 3617
124 124
155 155
415 415
322 322
7 7
3601 3601
5674 5674
126 126
3613 3613
5720 5720
62 62
1 1
5840 5840
5589 5589
5600 5600
3757 3757
3570 3570
3568 3568
5517 5517
2260 2260
2177 2177
0 0
5543 5543
2214 2214
5622 5622
2127 2127
5959 5959
135 135
5634 5634
6231 6231
5542 5542
2268 2268
6056 6056
5510 5510
3704 3704
6238 6238
2167 2167
61 61
2129 2129
5933 5933
5932 5932
2164 2164
5523 5523
5536 5536
2136 2136
2140 2140
6055 6055
5641 5641
2389 2389
5684 5684
5522 5522
3910 3910
2221 2221
5539 5539
5949 5949
2775 2775
5746 5746
376 376
3795 3795
2189 2189
2378 2378
2294 2294
6045 6045
5472 5472
5838 5838
6076 6076
5844 5844
5939 5939
5745 5745
2390 2390
5646 5646
3045 3045
6064 6064
374 374
5717 5717
196 196
5581 5581
2213 2213
5610 5610
2005 2005
282 282
5828 5828
2497 2497
2120 2120
5512 5512
6081 6081
2210 2210
3687 3687
6143 6143
6090 6090
2595 2595
448 448
5834 5834
5974 5974
3648 3648
5823 5823
2238 2238
512 512
3868 3868
164 164
5976 5976
5487 5487
2062 2062
372 372
2485 2485
2012 2012
539 539
2086 2086
2278 2278
5452 5452
6097 6097
3906 3906
2254 2254
5986 5986
5981 5981
3706 3706
464 464
5663 5663
2470 2470
2482 2482
5979 5979
2357 2357
505 505
5980 5980
2011 2011
5988 5988
3493 3493
333 333
5627 5627
200 200
3490 3490
2093 2093
5484 5484
1766 1766
542 542
5697 5697
5993 5993
153 153
5447 5447
2601 2601
3488 3488
4022 4022
2600 2600
2624 2624
560 560
4019 4019
5727 5727
284 284
3840 3840
578 578
3049 3049
2602 2602
2631 2631
2010 2010
2245 2245
5855 5855
4020 4020
550 550
5852 5852
2209 2209
2107 2107
4011 4011
2632 2632
3883 3883
2623 2623
300 300
5569 5569
3050 3050
2231 2231
4006 4006
3874 3874
2215 2215
5388 5388
5243 5243
150 150
2635 2635
3738 3738
2104 2104
395 395
6132 6132
6157 6157
4032 4032
2629 2629
2272 2272
5236 5236
5704 5704
5741 5741
5440 5440
2020 2020
3952 3952
5916 5916
5991 5991
3692 3692
4048 4048
5869 5869
3991 3991
553 553
489 489
2109 2109
4035 4035
2230 2230
3955 3955
2302 2302
3812 3812
1927 1927
4029 4029
490 490
3996 3996
225 225
3785 3785
498 498
4037 4037
1938 1938
2519 2519
3782 3782
1988 1988
2295 2295
2700 2700
5882 5882
5430 5430
199 199
5705 5705
4039 4039
3813 3813
2644 2644
5714 5714
1919 1919
2544 2544
6175 6175
3359 3359
2560 2560
2687 2687
3368 3368
3362 3362
6159 6159
2441 2441
6024 6024
6225 6225
2457 2457
6179 6179
3207 3207
3373 3373
824 824
6210 6210
6200 6200
390 390
1937 1937
3329 3329
6181 6181
6161 6161
6196 6196
2707 2707
1940 1940
2449 2449
2432 2432
6193 6193
3918 3918
441 441
2754 2754
271 271
5885 5885
6190 6190
6168 6168
3421 3421
3316 3316
3380 3380
2431 2431
6207 6207
5881 5881
5910 5910
5886 5886
3439 3439
3769 3769
3445 3445
1942 1942
3237 3237
3275 3275
5423 5423
3255 3255
2572 2572
6163 6163
2423 2423
1741 1741
3443 3443
5922 5922
3281 3281
3317 3317
3399 3399
3201 3201
805 805
5887 5887
3326 3326
3305 3305
3253 3253
3734 3734
3278 3278
1968 1968
5381 5381
3266 3266
3223 3223
1690 1690
2468 2468
3219 3219
3190 3190
302 302
1220 1220
3249 3249
1279 1279
3392 3392
1951 1951
3325 3325
3194 3194
2727 2727
3238 3238
1976 1976
3196 3196
1586 1586
2350 2350
3334 3334
3193 3193
3683 3683
6780 6780
804 804
2465 2465
6750 6750
3012 3012
6842 6842
3333 3333
5734 5734
2435 2435
6704 6704
6758 6758
2718 2718
1553 1553
3235 3235
1556 1556
819 819
986 986
1591 1591
6688 6688
6708 6708
6561 6561
4300 4300
1306 1306
3402 3402
6643 6643
3175 3175
586 586
1304 1304
3177 3177
1475 1475
958 958
1275 1275
177 177
587 587
2728 2728
252 252
6784 6784
4836 4836
6602 6602
6794 6794
6683 6683
1600 1600
1140 1140
1037 1037
6838 6838
4786 4786
1557 1557
6706 6706
6856 6856
6862 6862
3216 3216
6727 6727
3423 3423
5429 5429
1227 1227
981 981
6731 6731
3178 3178
1462 1462
3295 3295
1023 1023
2855 2855
1168 1168
6823 6823
3180 3180
6714 6714
4293 4293
6644 6644
1164 1164
6622 6622
2321 2321
3387 3387
5783 5783
6824 6824
5811 5811
6778 6778
6633 6633
6613 6613
3384 3384
933 933
3902 3902
1451 1451
1163 1163
6591 6591
6793 6793
1570 1570
1000 1000
1001 1001
1170 1170
1022 1022
6801 6801
693 693
593 593
3120 3120
6513 6513
1026 1026
6538 6538
6559 6559
4688 4688
6595 6595
6615 6615
1221 1221
1499 1499
4793 4793
6529 6529
1514 1514
4729 4729
2877 2877
1595 1595
3386 3386
970 970
1730 1730
5799 5799
4389 4389
943 943
601 601
975 975
903 903
699 699
4698 4698
6431 6431
6797 6797
6721 6721
1609 1609
667 667
4746 4746
1299 1299
5412 5412
6570 6570
4935 4935
1479 1479
843 843
4696 4696
4730 4730
996 996
6719 6719
1353 1353
2989 2989
4166 4166
6526 6526
4321 4321
2856 2856
4308 4308
4343 4343
3142 3142
607 607
3032 3032
5005 5005
1200 1200
900 900
5408 5408
4167 4167
4485 4485
4458 4458
1257 1257
782 782
1506 1506
1440 1440
3109 3109
3076 3076
3169 3169
3116 3116
839 839
4478 4478
4932 4932
1598 1598
2848 2848
901 901
1283 1283
4689 4689
4808 4808
3088 3088
5800 5800
697 697
848 848
4934 4934
3503 3503
3134 3134
904 904
4472 4472
1062 1062
2858 2858
1188 1188
4550 4550
1132 1132
6332 6332
897 897
3063 3063
965 965
1334 1334
6516 6516
1187 1187
1832 1832
801 801
1755 1755
2846 2846
606 606
4707 4707
4391 4391
4333 4333
1611 1611
6563 6563
6566 6566
249 249
5166 5166
4454 4454
1125 1125
4470 4470
5130 5130
4711 4711
4609 4609
923 923
1421 1421
1061 1061
1526 1526
6504 6504
873 873
850 850
4634 4634
4631 4631
955 955
3085 3085
1419 1419
4424 4424
1345 1345
4693 4693
4528 4528
947 947
2881 2881
5266 5266
4918 4918
3034 3034
924 924
5141 5141
4332 4332
5146 5146
1185 1185
4198 4198
830 830
5095 5095
1876 1876
4602 4602
4607 4607
1791 1791
1486 1486
4443 4443
4489 4489
6567 6567
1090 1090
5780 5780
4911 4911
4506 4506
1368 1368
1358 1358
776 776
5188 5188
4714 4714
1342 1342
2902 2902
5142 5142
1369 1369
631 631
1628 1628
3136 3136
4725 4725
2992 2992
726 726
4503 4503
5101 5101
4538 4538
1029 1029
1092 1092
6280 6280
1796 1796
5079 5079
5356 5356
4083 4083
847 847
4381 4381
1153 1153
4636 4636
4158 4158
2932 2932
3152 3152
4157 4157
5250 5250
4349 4349
5100 5100
4262 4262
4905 4905
846 846
4830 4830
1141 1141
919 919
1190 1190
4155 4155
1496 1496
4119 4119
3006 3006
1724 1724
5191 5191
6319 6319
4568 4568
1464 1464
1860 1860
2826 2826
5089 5089
6477 6477
4537 4537
1323 1323
4361 4361
1392 1392
4101 4101
5378 5378
4936 4936
6416 4281
891 891
932 932
1045 1045
4797 4797
6389 6389
4267 4267
6288 6288
4940 4940
4941 4941
2971 2971
4562 4562
1253 1253
3505 3505
1780 1780
5047 5047
4148 4148
6300 6300
4889 4889
5324 5324
6349 6349
2839 2839
5202 5202
4956 4956
6546 6546
2925 2925
1660 1660
1239 1239
4149 4149
4849 4849
1409 1409
6302 6302
4751 4751
4575 4575
4950 4950
4240 4240
4210 4210
4734 4734
6426 6426
