0 0
1 1
2 2
4 4
6543 6
7 7
6791 9
10 10
3890 12
1463 15
6338 17
4554 20
2371 21
24 24
5749 28
29 29
34 34
5443 36
40 40
4780 42
1393 43
44 44
44 48
6129 49
5738 53
5570 54
4520 55
61 61
62 62
63 63
65 65
6520 71
73 73
4429 81
85 85
1661 90
94 94
911 99
6060 102
2275 103
1753 104
3290 108
3427 109
113 113
117 117
119 119
3401 120
2051 121
124 124
126 126
6091 129
6072 131
2301 132
135 135
138 138
1166 143
147 147
150 150
153 153
4352 154
155 155
4221 156
2531 161
164 164
4566 165
5007 167
5789 168
3404 173
177 177
4473 178
189 189
190 190
1559 191
192 192
1293 195
196 196
199 199
200 200
5958 202
3745 203
761 205
5502 208
466 209
3354 211
5773 213
4843 215
2063 223
1351 224
225 225
2191 226
1534 227
78 230
231 231
5446 232
6127 235
5441 242
245 245
4176 248
249 249
252 252
6129 254
3892 258
1225 261
6665 262
6661 267
271 271
1647 273
5885 275
2743 278
4034 279
6001 281
282 282
284 284
6587 285
6523 286
1632 288
2748 293
5715 294
300 300
302 302
3344 308
4042 310
5733 313
599 314
315 315
6443 320
322 322
5649 324
326 326
4797 329
330 330
333 333
3507 335
6129 336
337 337
5264 340
3053 342
5525 343
347 347
5264 352
2819 353
356 356
3501 362
180 363
6802 365
326 366
2785 371
372 372
374 374
376 376
2255 377
1932 380
6047 382
1093 384
5958 385
5314 387
390 390
2517 392
395 395
3508 401
2718 407
408 408
1382 412
415 415
2460 423
1910 428
942 430
5970 431
432 432
435 435
3385 436
439 439
441 441
2168 443
448 448
5777 449
6485 462
464 464
3203 465
6546 467
4374 469
2339 470
36 471
1688 472
2103 477
5007 484
4360 487
489 489
490 490
4609 494
498 498
597 500
5173 502
4446 504
505 505
721 507
3538 508
512 512
3105 513
5910 518
5076 524
3460 529
3431 530
1102 535
2020 536
3404 538
539 539
542 542
2815 543
550 550
2182 552
553 553
2905 558
559 559
560 560
4186 561
5564 562
3471 564
567 567
1854 570
2956 572
578 578
1502 584
586 586
587 587
593 593
326 594
366 597
6696 599
601 601
4280 605
606 606
607 607
1688 611
4301 614
4436 615
3166 618
5799 624
1172 625
6452 629
631 631
5928 633
2478 637
4449 640
553 641
1523 645
4574 646
648 648
681 649
3105 651
6759 654
4510 655
1852 656
1827 659
711 663
1903 664
5015 665
667 667
5137 670
4221 671
2470 674
2431 683
4624 685
6435 688
693 693
697 697
699 699
704 704
712 712
2815 719
723 723
114 725
726 726
3291 737
738 738
741 741
1898 749
770 752
754 754
6057 755
5264 756
759 759
4647 760
1402 764
3724 766
1061 769
771 771
6281 773
6592 775
776 776
5162 777
331 780
5367 781
782 782
2213 783
4297 785
6311 789
4778 793
1454 799
801 801
3613 802
804 804
805 805
2878 806
4246 807
6682 813
4555 814
2726 817
819 819
1149 822
6323 823
824 824
830 830
974 833
350 834
2711 835
839 839
903 841
6002 842
843 843
846 846
847 847
848 848
2600 849
850 850
1351 852
4553 853
2289 857
1033 859
204 861
873 873
6062 875
3661 880
891 891
2802 893
897 897
1408 898
900 900
901 901
903 903
904 904
376 912
5930 913
919 919
923 923
924 924
3050 927
307 930
932 932
933 933
5660 934
1102 939
3629 940
4702 941
5733 942
943 943
947 947
2470 952
1520 953
955 955
272 957
958 958
3401 959
965 965
505 967
970 970
975 975
3175 978
981 981
986 986
4828 989
3270 991
5974 993
5865 995
996 996
3429 999
1000 1000
1001 1001
4285 1002
4108 1005
2460 1008
4411 1015
1022 1022
1023 1023
1026 1026
1029 1029
439 1034
1037 1037
6628 1039
5958 1044
1045 1045
2769 1046
1656 1047
517 1049
3847 1052
2550 1055
5398 1057
4708 1059
1061 1061
1062 1062
5163 1063
2471 1064
1280 1068
232 1074
2311 1080
5019 1082
6605 1087
6129 1088
4280 1089
1090 1090
1092 1092
3979 1093
5849 1094
1673 1096
67 1100
981 1103
969 1104
4224 1106
2172 1111
2031 1114
903 1121
1125 1125
4392 1127
1520 1128
1132 1132
5554 1138
1140 1140
1141 1141
657 1144
4034 1145
1789 1146
5097 1147
3605 1151
3291 1152
1153 1153
4541 1157
3217 1158
5074 1162
1163 1163
1164 1164
3291 1166
1168 1168
1170 1170
5548 1171
5393 1173
2193 1175
5168 1177
3503 1180
495 1181
3638 1182
1185 1185
1187 1187
1188 1188
1190 1190
6443 1191
4243 1192
4791 1194
6048 1195
3940 1198
1200 1200
1875 1204
3071 1206
1426 1208
3808 1209
6103 1215
1220 1220
1221 1221
6592 1223
1048 1225
1227 1227
1179 1228
2168 1229
1460 1233
1239 1239
5865 1240
5262 1241
2041 1246
1253 1253
3746 1254
1257 1257
6729 1261
3842 1262
4461 1264
4085 1268
4833 1272
1275 1275
875 1276
1279 1279
1283 1283
3442 1292
1293 1293
6714 1294
1299 1299
1304 1304
1306 1306
2794 1311
1107 1314
6111 1317
3130 1320
1323 1323
5138 1326
2980 1330
2171 1331
1334 1334
1342 1342
6015 1344
1345 1345
1614 1348
6069 1349
1353 1353
1356 1356
1358 1358
3837 1362
5820 1364
1368 1368
1369 1369
2697 1370
3273 1371
3629 1373
1962 1382
4458 1387
4958 1390
1392 1392
1393 1393
79 1394
5510 1397
4128 1408
1409 1409
5186 1411
5660 1412
6534 1415
4572 1416
6170 1417
1419 1419
1421 1421
458 1423
4760 1429
4699 1434
4871 1439
1440 1440
1450 1441
3401 1444
2427 1450
1451 1451
160 1452
6714 1453
4449 1456
4053 1458
172 1459
6326 1461
1462 1462
1464 1464
4389 1466
1475 1475
1479 1479
3487 1481
4199 1484
974 1485
1486 1486
5499 1487
4073 1488
465 1490
403 1492
2515 1493
6714 1495
1496 1496
5720 1497
1949 1498
1499 1499
2541 1500
1503 1503
1506 1506
1374 1507
6330 1508
5879 1512
1514 1514
4651 1520
5603 1521
5603 1523
1526 1526
3957 1536
3429 1538
3233 1539
1451 1540
1541 1541
1780 1543
1545 1545
5503 1547
3907 1551
1553 1553
6209 1554
1556 1556
1557 1557
908 1563
1570 1570
1051 1573
5557 1574
1576 1576
1789 1582
759 1585
1586 1586
1591 1591
3129 1592
2768 1594
1595 1595
1598 1598
1600 1600
3050 1603
1609 1609
5786 1610
1611 1611
1614 1614
6585 1616
3837 1617
114 1620
1017 1624
1628 1628
2063 1629
6487 1631
6711 1632
6213 1635
1638 1638
808 1639
875 1646
1649 1649
5738 1651
3260 1654
1660 1660
1110 1661
2367 1663
6129 1664
2868 1667
2869 1669
3951 1673
1674 1674
4106 1675
981 1680
5233 1681
1466 1682
1683 1683
5047 1687
1690 1690
963 1691
2135 1695
3289 1701
2531 1702
6261 1703
361 1705
1707 1707
1709 1709
3334 1710
1712 1712
439 1716
5885 1719
5537 1721
3076 1722
1724 1724
6122 1726
5646 1727
1730 1730
2531 1731
3482 1734
1815 1740
1741 1741
1743 1743
2678 1744
801 1748
1749 1749
1755 1755
2657 1756
1455 1759
1760 1760
1761 1761
2460 1762
5432 1763
1766 1766
1547 1768
363 1770
3649 1773
1508 1775
3100 1779
1780 1780
1826 1788
1791 1791
1796 1796
997 1798
2464 1800
6702 1808
6714 1810
4724 1814
6189 1816
741 1825
1832 1832
6129 1836
1838 1838
1903 1840
1843 1843
1850 1850
1856 1856
2503 1857
1860 1860
5023 1861
4067 1862
368 1863
6028 1866
4712 1867
784 1871
1875 1875
1876 1876
1878 1878
1782 1880
3323 1884
2400 1885
1886 1886
5390 1888
801 1896
5576 1898
1903 1903
1904 1904
860 1906
1907 1907
6808 1909
3635 1910
1311 1913
1919 1919
4501 1926
1927 1927
6129 1931
1240 1932
4093 1933
1937 1937
1938 1938
1940 1940
1942 1942
6323 1943
1172 1944
4246 1946
4092 1949
1951 1951
6082 1956
1661 1962
2250 1966
6543 1967
1968 1968
3273 1974
1976 1976
1166 1979
4762 1983
5571 1984
5733 1986
1988 1988
28 1997
1608 1999
2005 2005
6129 2009
2010 2010
2011 2011
2012 2012
823 2015
3079 2019
2020 2020
1688 2023
3551 2024
5412 2025
6883 2028
3681 2032
4940 2033
608 2035
994 2038
718 2039
4014 2043
6889 2045
5968 2049
6845 2054
1900 2055
3815 2056
6241 2057
2168 2060
1687 2061
2062 2062
4372 2064
3717 2068
3649 2069
5074 2072
6829 2078
2086 2086
2093 2093
2493 2094
112 2096
844 2097
1193 2098
608 2101
2301 2102
2739 2103
2104 2104
5800 2105
2107 2107
2956 2108
2109 2109
2388 2112
70 2113
2120 2120
685 2122
2127 2127
3203 2128
2129 2129
4975 2130
1968 2134
8 2135
2136 2136
2140 2140
5603 2142
4463 2144
5049 2153
809 2155
2164 2164
1039 2166
2167 2167
5082 2170
5018 2171
3776 2172
6443 2173
6610 2174
2177 2177
104 2178
2711 2181
2412 2184
2189 2189
3265 2190
5861 2194
6714 2195
3648 2196
4272 2202
3835 2207
2209 2209
2210 2210
3240 2211
2213 2213
2214 2214
2215 2215
4279 2219
4435 2220
2221 2221
5961 2222
1508 2224
10 2225
5660 2226
1374 2228
3948 2229
2230 2230
2231 2231
4247 2232
5524 2233
2238 2238
3105 2242
2245 2245
6534 2249
4296 2251
4832 2252
2254 2254
2260 2260
4092 2263
578 2267
2268 2268
1308 2270
2272 2272
4329 2273
2278 2278
6652 2280
114 2285
3637 2289
2294 2294
2295 2295
2426 2301
2302 2302
2701 2306
4018 2307
1250 2311
1603 2312
3721 2313
2811 2317
4135 2318
2321 2321
721 2324
6628 2327
1166 2328
6583 2332
577 2336
2297 2348
2350 2350
3429 2353
5820 2354
1655 2355
2357 2357
3058 2361
3401 2363
6748 2364
5136 2367
439 2376
2378 2378
6543 2382
5123 2383
6195 2387
6309 2388
2389 2389
2390 2390
1857 2391
3920 2394
2395 2395
5288 2396
2274 2397
4045 2401
5009 2402
4113 2406
4563 2407
1544 2409
3340 2411
6714 2414
1452 2415
2212 2416
4246 2418
2423 2423
3052 2424
2213 2427
6473 2430
2431 2431
2432 2432
1155 2434
2435 2435
3411 2436
1527 2438
2441 2441
4629 2443
4833 2445
6845 2446
6880 2448
2449 2449
4180 2451
6583 2453
6254 2454
5063 2456
2457 2457
6316 2464
2465 2465
6358 2466
2468 2468
2470 2470
6000 2471
5039 2472
6323 2477
1439 2478
2482 2482
2485 2485
4181 2491
36 2492
5788 2493
3239 2495
2497 2497
3826 2500
785 2504
1037 2516
2519 2519
2743 2520
5325 2525
1473 2528
1816 2531
873 2536
5058 2541
1908 2542
2544 2544
3740 2547
2747 2548
2393 2549
6714 2551
3890 2553
2051 2555
4653 2559
2560 2560
6714 2563
4037 2566
3541 2567
3124 2568
2572 2572
6487 2574
3859 2577
2020 2582
3337 2583
2243 2584
3065 2589
3131 2591
5515 2593
5483 2594
2595 2595
4688 2596
2600 2600
2601 2601
2602 2602
5976 2603
6665 2604
1743 2608
342 2611
5390 2614
3966 2618
2623 2623
2624 2624
2629 2629
2631 2631
2632 2632
2635 2635
2072 2639
1641 2641
2644 2644
244 2648
1102 2649
1069 2651
814 2653
848 2655
6047 2658
6682 2661
1610 2664
3408 2669
343 2670
5706 2675
1685 2678
6523 2683
2715 2684
2687 2687
104 2691
4933 2694
176 2698
4469 2699
2700 2700
1632 2702
2707 2707
4328 2711
5026 2713
466 2714
2334 2717
2718 2718
2727 2727
2728 2728
4889 2733
1144 2736
6459 2737
5207 2738
5544 2742
6651 2748
1794 2750
5656 2752
3254 2753
2754 2754
2699 2765
4373 2766
2956 2768
686 2771
2775 2775
5390 2776
643 2778
2779 2779
2780 2780
2783 2783
2902 2786
3161 2789
2623 2795
2797 2797
2798 2798
2801 2801
2808 2808
2811 2811
3599 2813
2815 2815
1015 2817
6058 2818
599 2824
2826 2826
4902 2830
1122 2831
6827 2834
2839 2839
3206 2841
172 2842
2846 2846
2848 2848
465 2851
1482 2853
2855 2855
2856 2856
2858 2858
1289 2859
5499 2863
2865 2865
6371 2866
1547 2870
5810 2874
2877 2877
2881 2881
1565 2882
6129 2883
3197 2899
1903 2900
2902 2902
2905 2905
3159 2913
3886 2915
3344 2917
6152 2918
2645 2919
6497 2922
2925 2925
2932 2932
5007 2933
6129 2936
4687 2941
4929 2948
4498 2954
2955 2955
4895 2956
2962 2962
3239 2964
2965 2965
3927 2969
2971 2971
2977 2977
2981 2981
2624 2982
3917 2984
2405 2986
2989 2989
1789 2991
2992 2992
6770 2993
2994 2994
5234 2995
5686 3000
3001 3001
3004 3004
3006 3006
3012 3012
3444 3014
5995 3021
4932 3023
823 3024
355 3028
3029 3029
3032 3032
3034 3034
839 3036
28 3039
3999 3041
3042 3042
3206 3043
1243 3044
3045 3045
3049 3049
3050 3050
1955 3052
3054 3054
3056 3056
2001 3060
3063 3063
3056 3064
3888 3065
917 3066
1681 3069
3783 3075
3076 3076
5686 3079
1049 3081
3085 3085
3880 3086
3088 3088
1159 3094
2815 3095
5726 3096
5851 3098
5400 3103
1435 3106
3109 3109
3209 3110
1190 3112
4237 3113
6810 3114
3116 3116
4968 3117
6791 3119
3120 3120
4050 3127
2400 3130
5720 3131
3134 3134
3135 3135
3136 3136
5358 3138
1903 3141
3142 3142
3152 3152
3046 3153
6741 3156
5004 3159
1082 3161
3169 3169
308 3170
2508 3171
3175 3175
3177 3177
3178 3178
3021 3179
3180 3180
5474 3182
210 3183
535 3186
6129 3187
3654 3188
3190 3190
4016 3192
3193 3193
3194 3194
3196 3196
4473 3197
3201 3201
238 3204
830 3206
3207 3207
1760 3209
4464 3211
3216 3216
3346 3218
3219 3219
1544 3220
3223 3223
4200 3224
5250 3228
5361 3231
3552 3233
3235 3235
3237 3237
3238 3238
2393 3239
784 3240
4205 3241
1800 3244
1159 3247
5159 3248
3249 3249
2878 3250
3253 3253
3255 3255
1432 3256
2341 3258
3542 3260
3266 3266
43 3270
3275 3275
3278 3278
3281 3281
3721 3282
1624 3287
929 3288
3295 3295
6599 3298
1429 3299
3305 3305
6543 3310
1641 3315
3316 3316
3317 3317
948 3321
6791 3322
1727 3323
3325 3325
3326 3326
3329 3329
3333 3333
3334 3334
4237 3335
5627 3340
6806 3346
2784 3348
1683 3352
3323 3358
3359 3359
3362 3362
5930 3363
3368 3368
6714 3369
3373 3373
2026 3375
3380 3380
3899 3381
3384 3384
4573 3385
3386 3386
3387 3387
2902 3391
3392 3392
2602 3393
5007 3394
3399 3399
6765 3400
2103 3401
3402 3402
5166 3405
5673 3406
3053 3411
3135 3419
3421 3421
3423 3423
3682 3429
491 3430
5367 3431
3439 3439
3083 3440
5341 3442
3443 3443
3445 3445
6775 3447
6841 3452
573 3454
6365 3455
4997 3456
5821 3457
3513 3458
3933 3461
4698 3462
2393 3463
710 3465
6714 3469
2899 3471
109 3472
4859 3473
4617 3483
1546 3487
3488 3488
1937 3489
3490 3490
1641 3491
3493 3493
5219 3497
643 3498
6606 3499
5953 3502
3503 3503
3505 3505
6707 3508
5362 3509
4256 3513
2903 3516
5835 3517
6380 3519
2655 3522
1903 3523
2168 3524
1565 3527
4554 3528
12 3534
2541 3539
6708 3540
2567 3541
3289 3542
6713 3543
2243 3546
715 3551
4034 3552
180 3553
5403 3560
3568 3568
3570 3570
1505 3575
3577 3577
4196 3580
1290 3582
3584 3584
3421 3585
5994 3586
1036 3588
3592 3592
4682 3596
6752 3597
6525 3600
3601 3601
1794 3603
4322 3605
6799 3608
2538 3609
3613 3613
3617 3617
1523 3619
5532 3623
6714 3627
3628 3628
5961 3630
3633 3633
3634 3634
126 3635
498 3636
3638 3638
3295 3640
858 3644
4280 3645
3648 3648
5416 3650
4009 3651
3652 3652
1832 3656
326 3657
1406 3658
96 3659
6325 3663
5667 3664
5645 3670
4778 3675
5820 3679
1424 3680
5046 3681
3683 3683
2171 3684
307 3685
3687 3687
5962 3688
2548 3689
5264 3691
3692 3692
3586 3697
3704 3704
2898 3705
3706 3706
4031 3711
1508 3713
3638 3714
1481 3718
1255 3726
332 3732
5506 3733
3734 3734
1544 3736
3738 3738
85 3739
1166 3740
3999 3744
3747 3747
3053 3750
3754 3754
3217 3755
1976 3756
3757 3757
1268 3758
640 3765
6628 3767
3769 3769
1547 3772
6714 3775
356 3776
4585 3780
715 3781
3782 3782
3785 3785
5350 3787
4094 3793
3795 3795
758 3801
5717 3806
3344 3810
3812 3812
3813 3813
6016 3815
6714 3820
3821 3821
3828 3828
3829 3829
4870 3831
3833 3833
6828 3839
3840 3840
1610 3842
3843 3843
4740 3846
3850 3850
3927 3854
2869 3856
2956 3857
3861 3861
1692 3864
5231 3867
3868 3868
814 3869
3874 3874
3877 3877
1166 3879
4097 3880
2170 3882
3883 3883
473 3885
1969 3887
5542 3894
3914 3896
3902 3902
6189 3905
3906 3906
3910 3910
2955 3913
3918 3918
455 3919
3922 3922
6475 3925
1850 3926
3927 3927
4260 3928
3932 3932
2283 3933
5477 3934
5733 3937
6133 3941
5306 3951
3952 3952
3954 3954
3955 3955
2554 3957
1496 3967
5510 3968
238 3969
6393 3971
6584 3975
6682 3977
3172 3978
1787 3979
2025 3980
3489 3981
3291 3984
4440 3985
5849 3988
3991 3991
3996 3996
6812 4003
5438 4004
4006 4006
6242 4007
5231 4008
4011 4011
282 4014
6567 4015
4019 4019
4020 4020
4022 4022
12 4026
4029 4029
838 4030
4032 4032
4035 4035
4037 4037
4039 4039
4016 4040
5569 4044
6148 4047
4048 4048
3054 4054
6714 4057
4868 4058
4062 4062
3661 4073
1730 4074
6485 4077
4083 4083
1649 4084
4091 4091
2181 4092
4093 4093
1424 4095
4286 4096
502 4099
5910 4100
4101 4101
3886 4103
5097 4108
2256 4110
1520 4113
4586 4114
1632 4115
5189 4118
4119 4119
4123 4123
6874 4125
5763 4126
6475 4127
3235 4135
6536 4136
2531 4137
1541 4138
511 4143
6614 4146
4148 4148
4149 4149
212 4150
2342 4153
4155 4155
4157 4157
4158 4158
5604 4160
2982 4161
4873 4165
4166 4166
4167 4167
5469 4172
1354 4173
4792 4176
6668 4178
6792 4184
3978 4187
44 4189
4192 4192
1082 4197
4198 4198
4201 4201
2703 4203
3113 4205
4206 4206
5679 4208
4210 4210
6469 4213
1809 4214
2168 4215
6806 4217
1852 4221
4224 4224
2810 4227
5542 4230
2051 4231
5080 4232
1586 4237
6154 4238
4240 4240
6724 4242
4243 4243
4500 4248
6739 4249
4251 4251
4185 4254
4257 4257
6738 4260
4262 4262
4267 4267
6593 4272
3775 4273
363 4276
1008 4278
6015 4279
6416 4281
3941 4282
28 4284
6644 4285
524 4286
4838 4289
6533 4290
4293 4293
6866 4297
4300 4300
4128 4303
4308 4308
4114 4311
3593 4314
4534 4315
5789 4317
4321 4321
430 4322
5852 4326
4332 4332
4333 4333
5179 4338
1926 4340
127 4342
4343 4343
5194 4344
4349 4349
6478 4350
77 4355
4356 4356
2325 4360
4361 4361
3103 4363
5885 4367
166 4368
2508 4370
6330 4371
5117 4372
1330 4373
5502 4374
5153 4377
4381 4381
1711 4388
4389 4389
4391 4391
2879 4393
6810 4395
4702 4396
2168 4404
1728 4405
4424 4424
2421 4425
4392 4426
1410 4429
2407 4430
5544 4433
6073 4436
2443 4437
3538 4440
3418 4442
4443 4443
6412 4447
640 4449
3239 4451
4454 4454
631 4455
166 4456
4458 4458
3053 4461
2531 4462
4470 4470
4472 4472
798 4473
3847 4476
4478 4478
4485 4485
4489 4489
5472 4490
2172 4497
6727 4499
4503 4503
4506 4506
1502 4510
1758 4512
3341 4513
6302 4514
4260 4518
5034 4519
1069 4520
3291 4524
14 4525
5749 4526
2283 4527
4528 4528
6229 4530
4537 4537
4538 4538
936 4543
1261 4546
6230 4547
151 4548
5733 4549
4550 4550
2301 4554
1055 4561
4562 4562
303 4564
5196 4565
5839 4566
4568 4568
5178 4572
3216 4573
4575 4575
3401 4578
3654 4580
5947 4588
1401 4589
3209 4590
1179 4595
1179 4596
2202 4599
1903 4600
4602 4602
4607 4607
5007 4608
4609 4609
443 4613
1239 4619
6611 4623
5636 4624
2968 4626
238 4627
4631 4631
3401 4632
4634 4634
4636 4636
4452 4642
774 4647
5880 4648
3839 4649
2541 4654
3557 4656
1185 4664
5358 4665
2763 4666
4172 4671
4193 4672
4677 4677
2449 4680
6707 4682
67 4683
2014 4685
4688 4688
4689 4689
3957 4690
4693 4693
3957 4694
6738 4695
4696 4696
4698 4698
5316 4701
6479 4702
4707 4707
4711 4711
5969 4712
1369 4713
4714 4714
711 4718
4725 4725
1264 4727
4729 4729
4730 4730
3411 4731
4734 4734
1861 4736
2786 4744
4746 4746
5567 4748
3457 4749
4751 4751
4754 4754
3360 4755
4708 4759
3733 4760
2722 4761
4764 4764
2899 4765
6668 4767
1296 4774
12 4782
4786 4786
4948 4790
1648 4791
4793 4793
6073 4794
4797 4797
3468 4800
4808 4808
504 4810
363 4813
2678 4818
4280 4823
3344 4824
4830 4830
6246 4831
3841 4835
4836 4836
4679 4841
3539 4848
4849 4849
328 4854
3636 4855
2012 4858
2708 4860
4394 4862
375 4865
235 4866
4280 4876
5947 4885
5133 4888
4889 4889
5842 4891
6810 4898
343 4902
4905 4905
6326 4907
4879 4910
4911 4911
4918 4918
6791 4919
4968 4924
6714 4926
6737 4931
4932 4932
4934 4934
4935 4935
4936 4936
4940 4940
4941 4941
1504 4942
4114 4943
4950 4950
2428 4952
4956 4956
1437 4957
177 4958
2417 4960
6129 4965
5308 4972
5064 4973
220 4975
1122 4978
4982 4982
6887 4983
1133 4986
6255 4993
2255 4994
4018 4997
4201 4999
6716 5001
5005 5005
1166 5006
171 5007
2412 5011
2815 5012
2428 5013
2352 5023
3011 5024
6479 5025
2282 5029
6057 5034
1695 5036
406 5039
4776 5042
5690 5046
5047 5047
6714 5048
5251 5053
1133 5058
942 5059
4771 5060
5942 5062
4780 5064
2503 5065
2422 5067
848 5070
2250 5072
4629 5076
4609 5078
5079 5079
1349 5082
4131 5083
2905 5088
5089 5089
578 5094
5095 5095
5100 5100
5101 5101
2443 5106
276 5107
5113 5113
5117 5117
5122 5122
1017 5123
5124 5124
5125 5125
3408 5127
5130 5130
6151 5133
6577 5135
5141 5141
5142 5142
4150 5143
6235 5145
5146 5146
1179 5147
2503 5153
5355 5160
1200 5165
5166 5166
5316 5167
5206 5170
1743 5176
5911 5182
2829 5183
2682 5187
5188 5188
2193 5189
5191 5191
2403 5194
4629 5200
5202 5202
5097 5203
2423 5206
430 5207
5211 5211
5361 5217
6042 5221
2975 5223
2062 5233
5236 5236
2866 5239
359 5241
5243 5243
4052 5248
5250 5250
4761 5254
180 5257
3429 5258
5589 5259
4227 5261
3093 5262
1541 5264
5266 5266
5075 5269
4180 5270
2238 5271
6173 5277
5336 5279
4123 5281
3636 5283
5532 5285
5422 5289
620 5294
5304 5304
1050 5311
3501 5313
5316 5316
2033 5317
423 5319
3289 5322
2246 5323
5324 5324
5350 5325
1825 5327
6016 5328
5330 5330
6229 5332
4377 5333
5490 5334
5848 5336
4996 5340
3175 5341
2080 5349
4280 5351
5356 5356
1861 5357
2943 5362
2711 5366
4830 5368
5022 5371
6714 5373
632 5377
5378 5378
73 5379
5381 5381
6714 5382
814 5386
5388 5388
1015 5396
36 5398
3067 5405
5408 5408
4573 5409
3333 5410
6595 5411
5412 5412
6594 5415
4541 5418
5423 5423
1406 5424
2054 5426
3137 5428
5429 5429
5430 5430
5009 5433
490 5437
5440 5440
3769 5441
6219 5445
5447 5447
2144 5451
5452 5452
934 5457
5458 5458
439 5459
5026 5465
2930 5469
2012 5470
6748 5471
5472 5472
2979 5476
5484 5484
5487 5487
140 5488
1045 5494
6734 5503
6505 5505
395 5507
5510 5510
2726 5511
5512 5512
3538 5514
5517 5517
1932 5521
5522 5522
5523 5523
1439 5525
3861 5526
2429 5529
5178 5533
3172 5534
5536 5536
3538 5537
5539 5539
2120 5541
5542 5542
5543 5543
250 5545
695 5546
5094 5547
970 5549
3463 5558
5569 5569
2597 5573
4690 5574
5036 5575
3536 5577
5581 5581
1426 5583
70 5584
5589 5589
758 5591
1292 5595
1354 5599
5600 5600
5865 5602
5603 5603
5610 5610
5588 5615
899 5616
359 5620
5622 5622
4830 5624
5627 5627
1401 5633
5634 5634
6510 5635
439 5639
5641 5641
5072 5643
4442 5645
5646 5646
1082 5652
6416 5657
2726 5658
5663 5663
2513 5669
5674 5674
3247 5676
4703 5679
439 5680
578 5683
5684 5684
6723 5687
4280 5693
5697 5697
6553 5698
4097 5699
5704 5704
5705 5705
3125 5708
5709 5709
5714 5714
5717 5717
5720 5720
2821 5721
1560 5722
5968 5726
5727 5727
5009 5733
5734 5734
1984 5739
5741 5741
5745 5745
5746 5746
5750 5750
428 5755
3418 5756
1926 5758
2292 5762
6323 5768
886 5771
6198 5774
1128 5775
5780 5780
5420 5781
5783 5783
5159 5787
6733 5789
2832 5793
5228 5798
5799 5799
5800 5800
1722 5801
5564 5803
1739 5808
2022 5809
5811 5811
6177 5816
2678 5822
5823 5823
1548 5824
599 5826
5828 5828
1091 5831
5817 5833
5834 5834
5361 5836
5343 5837
5838 5838
6432 5839
5840 5840
5844 5844
3085 5845
3450 5847
1968 5848
5852 5852
5855 5855
3801 5860
4167 5862
2156 5868
5869 5869
6887 5870
3431 5875
5777 5877
568 5878
3085 5879
1885 5880
5881 5881
5882 5882
5885 5885
5886 5886
5887 5887
5620 5889
4226 5891
4260 5892
37 5896
3081 5897
1401 5898
35 5899
1943 5900
1289 5903
375 5904
945 5905
3478 5909
5910 5910
43 5911
1615 5913
6533 5915
5916 5916
2593 5917
5922 5922
310 5926
3890 5929
5932 5932
5933 5933
5872 5936
5939 5939
1339 5943
3401 5945
4403 5947
5949 5949
3004 5951
4454 5952
2954 5957
5959 5959
6047 5962
5537 5967
2500 5969
465 5970
5351 5972
5974 5974
5528 5975
5976 5976
5979 5979
5980 5980
5981 5981
5986 5986
5862 5987
5988 5988
5991 5991
5993 5993
850 5995
4251 5998
2371 6003
1794 6004
1670 6005
6508 6006
3795 6010
861 6012
6129 6013
4791 6017
6024 6024
6739 6027
6045 6045
4296 6046
2151 6048
5007 6049
173 6050
6055 6055
6056 6056
3945 6060
5225 6062
6064 6064
1613 6075
6076 6076
137 6080
6081 6081
4997 6082
3811 6083
4573 6085
4246 6086
6359 6087
439 6088
6090 6090
3597 6091
1099 6096
6097 6097
4181 6098
1051 6102
1524 6105
5876 6108
2403 6109
3882 6115
2027 6117
462 6118
1559 6119
6129 6123
5962 6127
3678 6128
6132 6132
6270 6141
6143 6143
3478 6145
6880 6147
4420 6148
4830 6149
1641 6156
6157 6157
2655 6158
6159 6159
367 6160
6161 6161
5794 6162
6163 6163
5668 6165
6168 6168
4754 6170
2393 6173
6175 6175
6179 6179
2588 6180
6181 6181
2790 6182
1758 6184
2213 6185
6190 6190
261 6191
6193 6193
6196 6196
5314 6198
6200 6200
3728 6202
6207 6207
6210 6210
1976 6215
5422 6220
4690 6222
6225 6225
2345 6227
6231 6231
6015 6232
6238 6238
2661 6239
5543 6240
518 6249
3162 6251
4629 6256
6584 6257
5865 6263
5874 6265
6039 6267
739 6269
1957 6270
6275 6275
1927 6279
6280 6280
6005 6282
4405 6287
6288 6288
1727 6290
2930 6291
689 6296
2275 6298
6300 6300
6302 6302
6303 6303
3478 6306
3387 6307
275 6308
1545 6309
1986 6310
1099 6313
3828 6317
6319 6319
5396 6330
6332 6332
2682 6333
6714 6348
6349 6349
6620 6350
5466 6355
1123 6357
3859 6359
4941 6360
5135 6362
1226 6364
5765 6367
3672 6368
6682 6371
5706 6373
4221 6376
1848 6378
1300 6379
2878 6380
3447 6383
886 6386
6389 6389
578 6390
3479 6392
3593 6398
6402 6402
5088 6407
2628 6408
4853 6413
6414 6414
6415 6415
3250 6419
178 6420
6423 6423
1159 6424
6426 6426
6431 6431
5507 6432
6119 6434
2063 6436
6429 6438
5835 6442
6443 6443
149 6445
6446 6446
3824 6447
6502 6450
4895 6452
1879 6455
6668 6456
3638 6457
2426 6461
6467 6467
6468 6468
4731 6471
3240 6473
6477 6477
2091 6478
2830 6479
2014 6482
1412 6495
1213 6501
6504 6504
6600 6505
3649 6507
844 6509
6513 6513
3217 6514
6516 6516
1439 6520
6526 6526
6529 6529
1439 6530
1721 6531
3497 6533
6748 6534
6413 6536
1699 6537
6538 6538
6546 6546
1354 6548
6430 6549
2607 6550
3757 6551
1374 6552
2350 6554
6559 6559
6561 6561
6563 6563
6566 6566
6567 6567
6570 6570
24 6572
6415 6578
363 6579
5930 6581
986 6584
2046 6588
6591 6591
6595 6595
760 6599
5885 6600
6602 6602
4417 6603
6320 6604
2426 6608
3387 6609
4837 6610
6613 6613
250 6614
6615 6615
919 6620
6622 6622
3766 6623
2434 6626
6633 6633
1561 6636
4069 6637
544 6638
6643 6643
6644 6644
1215 6648
1149 6650
5207 6651
3933 6655
4911 6660
6267 6665
3869 6666
4484 6669
6857 6670
1473 6672
4956 6673
5427 6674
3343 6679
6791 6682
6683 6683
6688 6688
3713 6689
4702 6690
3102 6696
6704 6704
6706 6706
3521 6707
6708 6708
1452 6712
1867 6713
6714 6714
3082 6716
5976 6717
6719 6719
6721 6721
6727 6727
6731 6731
2954 6736
4381 6737
6255 6738
2072 6739
5736 6743
5039 6746
3935 6748
6750 6750
3503 6752
6758 6758
6604 6764
2431 6765
5771 6775
6129 6776
6778 6778
6780 6780
4580 6783
6784 6784
4690 6786
4437 6787
6707 6789
217 6791
6793 6793
6794 6794
1186 6795
6797 6797
2317 6800
6801 6801
2059 6805
5016 6806
2952 6808
3923 6819
6823 6823
6824 6824
4083 6831
1903 6832
6604 6836
5094 6837
6838 6838
3776 6841
6842 6842
1711 6843
1670 6844
1873 6846
1045 6848
2877 6850
3920 6852
1330 6854
2339 6855
6856 6856
1125 6859
363 6860
6862 6862
2399 6863
3782 6865
1547 6867
2726 6876
1351 6877
4916 6878
2312 6889
