3843 3843
3649 3649
3776 3776
3773 3773
3777 3777
3629 3629
5460 5460
5458 5458
3838 3838
3643 3643
3521 3521
3756 3756
3533 3533
227 227
45 45
46 46
275 275
340 340
3847 3847
3926 3926
23 23
113 113
3789 3789
36 36
409 409
3530 3530
3909 3909
408 408
3560 3560
3828 3828
276 276
3806 3806
3824 3824
138 138
6248 6248
27 27
3851 3851
325 325
3829 3829
3826 3826
29 29
343 343
288 288
3932 3932
315 315
3638 3638
246 246
3846 3846
3821 3821
3936 3936
3628 3628
289 289
312 312
3835 3835
432 432
3799 3799
3546 3546
3056 3056
3543 3543
323 323
17 17
3754 3754
3547 3547
3753 3753
261 261
15 15
6264 6264
322 322
6267 6267
6240 6240
6275 6275
341 341
44 44
81 81
442 442
239 239
327 327
8 8
191 191
6263 6263
82 82
3850 3850
124 124
3757 3757
6276 6276
3588 3588
456 456
119 119
3929 3929
6247 6247
3617 3617
1999 1999
3634 3634
140 140
3637 3637
330 330
292 292
6278 6278
3739 3739
321 321
359 359
6257 6257
356 356
76 76
6271 6271
3747 3747
2808 2808
3554 3554
104 104
311 311
3913 3913
3609 3609
410 410
435 435
3566 3566
3555 3555
429 429
3855 3855
438 438
2783 2783
3631 3631
3845 3845
70 70
3576 3576
228 228
3856 3856
64 64
337 337
3702 3702
3565 3565
2799 2799
3925 3925
5583 5583
73 73
122 122
5535 5535
126 126
3590 3590
2780 2780
3793 3793
5464 5464
3703 3703
2795 2795
51 51
5675 5675
3601 3601
3653 3653
3579 3579
338 338
2779 2779
5596 5596
5601 5601
5462 5462
5602 5602
6245 6245
2815 2815
5659 5659
92 92
421 421
5674 5674
2818 2818
128 128
3613 3613
2801 2801
2797 2797
3602 3602
10 10
3577 3577
5589 5589
3571 3571
2811 2811
2814 2814
5595 5595
5506 5506
192 192
2177 2177
3911 3911
3791 3791
3568 3568
5502 5502
91 91
3516 3516
5848 5848
3667 3667
2213 2213
4 4
2150 2150
5636 5636
3567 3567
2122 2122
5453 5453
5750 5750
5508 5508
3705 3705
3908 3908
2383 2383
5640 5640
3655 3655
2268 2268
2130 2130
2140 2140
100 100
245 245
5598 5598
2127 2127
5721 5721
5753 5753
2046 2046
5522 5522
5840 5840
94 94
2263 2263
5622 5622
2167 2167
5452 5452
157 157
2274 2274
5635 5635
5613 5613
1 1
5724 5724
2175 2175
2289 2289
5838 5838
5754 5754
5536 5536
2378 2378
2055 2055
3704 3704
2261 2261
2172 2172
5951 5951
5579 5579
335 335
2044 2044
62 62
5952 5952
5845 5845
5959 5959
2163 2163
2049 2049
2375 2375
5445 5445
5835 5835
5829 5829
2388 2388
2221 2221
5632 5632
2152 2152
2061 2061
5630 5630
5523 5523
2775 2775
5831 5831
5625 5625
2164 2164
3910 3910
7 7
6056 6056
2144 2144
6231 6231
2005 2005
2210 2210
5932 5932
5834 5834
2197 2197
2124 2124
5944 5944
2294 2294
2052 2052
5933 5933
5751 5751
3906 3906
3661 3661
5610 5610
2054 2054
5514 5514
6235 6235
6069 6069
6054 6054
5936 5936
2193 2193
5949 5949
2385 2385
3706 3706
2377 2377
6059 6059
2771 2771
6055 6055
2490 2490
2389 2389
5851 5851
2256 2256
5542 5542
2367 2367
5939 5939
5512 5512
2007 2007
1993 1993
2076 2076
2278 2278
3687 3687
5825 5825
5966 5966
3884 3884
6063 6063
2238 2238
2390 2390
5717 5717
6076 6076
2595 2595
3707 3707
6077 6077
6078 6078
6062 6062
5543 5543
6044 6044
5641 5641
2608 2608
6064 6064
2511 2511
2598 2598
2480 2480
6045 6045
2035 2035
5497 5497
5541 5541
3672 3672
2084 2084
2497 2497
6072 6072
2 2
2078 2078
5665 5665
3816 3816
2362 2362
5684 5684
2239 2239
3046 3046
377 377
260 260
6079 6079
2255 2255
6042 6042
2080 2080
2205 2205
5698 5698
3941 3941
2498 2498
3045 3045
5501 5501
5969 5969
3883 3883
3518 3518
3684 3684
2596 2596
2254 2254
2393 2393
5627 5627
5540 5540
3811 3811
5978 5978
2011 2011
5666 5666
5862 5862
2471 2471
3956 3956
133 133
2280 2280
1983 1983
5855 5855
2470 2470
2030 2030
3877 3877
5529 5529
3868 3868
5468 5468
2594 2594
174 174
2485 2485
2220 2220
2145 2145
3 3
2484 2484
5499 5499
5528 5528
5986 5986
5977 5977
2094 2094
2600 2600
2623 2623
2613 2613
6083 6083
5983 5983
5648 5648
2499 2499
393 393
5982 5982
5526 5526
2095 2095
2475 2475
2582 2582
6143 6143
5697 5697
3874 3874
2588 2588
6086 6086
3735 3735
2027 2027
5677 5677
5489 5489
6880 6880
5865 5865
5981 5981
5496 5496
5619 5619
3163 3163
5980 5980
6101 6101
2585 2585
4011 4011
6090 6090
6095 6095
3818 3818
6142 6142
5745 5745
6029 6029
6147 6147
6889 6889
5985 5985
5581 5581
6130 6130
3958 3958
172 172
2624 2624
3889 3889
4021 4021
299 299
3733 3733
158 158
3785 3785
5532 5532
3899 3899
2031 2031
2397 2397
374 374
3965 3965
5546 5546
3673 3673
5875 5875
5915 5915
2404 2404
2509 2509
5872 5872
3738 3738
5231 5231
2012 2012
2632 2632
3986 3986
3717 3717
2507 2507
3952 3952
2401 2401
4020 4020
5902 5902
4019 4019
2114 2114
6121 6121
3840 3840
4022 4022
5239 5239
333 333
2092 2092
2087 2087
5232 5232
2216 2216
3888 3888
5494 5494
3981 3981
2215 2215
4071 4071
4016 4016
3962 3962
5646 5646
2629 2629
2634 2634
4012 4012
296 296
376 376
3718 3718
2272 2272
4023 4023
2014 2014
2500 2500
2233 2233
3782 3782
309 309
5484 5484
5988 5988
2639 2639
4044 4044
6000 6000
5743 5743
2685 2685
3980 3980
6110 6110
2506 2506
258 258
3991 3991
5235 5235
2018 2018
2636 2636
5483 5483
4028 4028
4038 4038
5733 5733
4039 4039
5664 5664
6011 6011
3710 3710
4062 4062
5734 5734
2413 2413
4045 4045
5474 5474
3978 3978
3979 3979
6136 6136
4029 4029
3996 3996
5706 5706
5663 5663
6005 6005
6159 6159
3989 3989
2643 2643
4033 4033
3050 3050
4048 4048
2086 2086
2457 2457
3967 3967
6108 6108
6107 6107
4036 4036
4042 4042
2342 2342
3976 3976
2517 2517
4032 4032
2521 2521
5991 5991
6160 6160
5714 5714
5997 5997
533 533
4014 4014
2097 2097
5643 5643
4035 4035
1988 1988
2684 2684
5876 5876
2229 2229
368 368
2687 2687
2688 2688
6139 6139
5569 5569
204 204
3664 3664
2109 2109
6116 6116
4037 4037
5534 5534
203 203
2652 2652
2279 2279
3719 3719
3985 3985
2107 2107
269 269
2299 2299
2644 2644
5802 5802
2432 2432
5549 5549
5487 5487
6006 6006
6154 6154
6153 6153
475 475
485 485
5765 5765
4006 4006
5807 5807
6135 6135
2677 2677
5777 5777
5989 5989
5778 5778
150 150
2516 2516
5806 5806
468 468
169 169
3864 3864
2022 2022
2675 2675
6039 6039
5767 5767
6040 6040
5560 5560
2297 2297
3694 3694
5783 5783
6170 6170
448 448
5773 5773
5667 5667
2231 2231
5796 5796
2648 2648
5762 5762
2691 2691
6163 6163
5799 5799
505 505
5793 5793
507 507
180 180
6024 6024
2431 2431
2209 2209
5775 5775
2550 2550
2646 2646
6162 6162
6175 6175
369 369
2089 2089
3813 3813
2519 2519
2676 2676
5811 5811
2533 2533
5521 5521
3485 3485
5486 5486
5791 5791
2567 2567
164 164
3723 3723
2317 2317
2312 2312
2206 2206
179 179
5910 5910
2316 2316
5691 5691
2456 2456
5812 5812
5567 5567
5794 5794
5789 5789
5813 5813
5780 5780
2700 2700
5800 5800
2545 2545
3727 3727
5880 5880
6172 6172
2311 2311
2241 2241
3437 3437
6219 6219
5785 5785
168 168
2573 2573
2308 2308
5550 5550
367 367
1925 1925
387 387
2705 2705
1934 1934
2560 2560
529 529
2558 2558
2449 2449
2306 2306
511 511
217 217
396 396
2537 2537
3355 3355
2559 2559
3360 3360
3361 3361
5702 5702
515 515
490 490
2437 2437
225 225
1956 1956
5440 5440
255 255
2104 2104
478 478
2440 2440
2244 2244
2434 2434
3358 3358
2252 2252
2536 2536
2338 2338
5901 5901
2350 2350
220 220
576 576
2321 2321
5922 5922
1949 1949
214 214
2351 2351
5887 5887
5878 5878
3442 3442
4807 4807
2340 2340
163 163
2423 2423
2427 2427
538 538
2352 2352
2754 2754
5929 5929
2330 2330
2435 2435
3307 3307
3340 3340
3287 3287
3728 3728
2467 2467
2468 2468
2576 2576
2429 2429
6838 6838
1933 1933
551 551
2309 2309
5881 5881
3316 3316
5390 5390
151 151
3943 3943
6758 6758
559 559
2466 2466
2318 2318
1932 1932
3368 3368
3695 3695
5899 5899
2286 2286
3289 3289
5393 5393
3892 3892
1938 1938
2324 2324
6754 6754
5396 5396
6841 6841
3313 3313
552 552
6193 6193
482 482
1958 1958
5387 5387
2444 2444
1940 1940
5896 5896
3724 3724
3283 3283
3261 3261
5385 5385
3204 3204
1962 1962
2464 2464
2425 2425
3348 3348
3277 3277
6817 6817
2448 2448
5913 5913
1961 1961
3902 3902
556 556
5890 5890
2465 2465
3371 3371
3225 3225
5410 5410
2325 2325
6834 6834
5927 5927
3254 3254
3284 3284
6707 6707
3251 3251
3255 3255
3266 3266
3244 3244
3253 3253
3367 3367
3243 3243
3280 3280
5705 5705
3267 3267
1331 1331
3305 3305
4799 4799
3223 3223
1918 1918
3241 3241
3207 3207
3213 3213
3229 3229
6819 6819
3443 3443
3201 3201
3237 3237
3317 3317
4762 4762
3730 3730
1955 1955
3246 3246
3219 3219
3252 3252
3278 3278
6756 6756
3273 3273
208 208
6839 6839
6842 6842
6739 6739
1974 1974
2740 2740
3349 3349
6713 6713
6832 6832
1585 1585
2722 2722
2733 2733
6187 6187
1977 1977
3392 3392
6688 6688
6704 6704
6797 6797
6848 6848
6185 6185
6831 6831
1942 1942
2250 2250
3376 3376
6808 6808
3380 3380
3445 3445
3393 3393
3373 3373
441 441
6804 6804
6829 6829
3447 3447
3421 3421
6630 6630
3235 3235
2727 2727
1976 1976
5406 5406
1586 1586
6809 6809
6683 6683
6830 6830
3417 3417
6678 6678
218 218
1968 1968
6718 6718
4058 4058
6675 6675
5381 5381
6807 6807
6663 6663
6600 6600
6637 6637
6714 6714
6200 6200
1689 1689
6665 6665
1741 1741
6643 6643
6767 6767
6638 6638
6844 6844
6224 6224
6733 6733
1556 1556
6626 6626
6613 6613
6778 6778
6724 6724
6179 6179
6865 6865
6706 6706
6793 6793
3411 3411
6659 6659
3405 3405
3452 3452
6666 6666
6657 6657
6225 6225
6598 6598
1687 1687
5416 5416
1588 1588
3168 3168
6631 6631
3384 3384
6603 6603
1279 1279
6860 6860
6859 6859
3067 3067
4900 4900
3062 3062
6827 6827
3195 3195
3169 3169
1280 1280
3194 3194
6725 6725
6623 6623
570 570
6791 6791
6731 6731
6823 6823
6727 6727
6229 6229
6788 6788
6620 6620
5429 5429
6780 6780
3183 3183
6644 6644
3388 3388
6639 6639
3188 3188
3196 3196
6824 6824
3206 3206
3407 3407
3334 3334
1591 1591
3182 3182
6785 6785
3333 3333
3389 3389
5059 5059
3386 3386
4793 4793
3190 3190
2718 2718
1727 1727
6787 6787
1554 1554
3465 3465
5056 5056
3457 3457
2751 2751
6801 6801
6735 6735
4073 4073
6869 6869
3423 3423
5441 5441
3177 3177
3216 3216
3295 3295
302 302
3734 3734
5072 5072
3456 3456
3429 3429
5437 5437
3425 3425
3178 3178
5061 5061
587 587
6784 6784
818 818
1299 1299
3335 3335
6633 6633
5051 5051
3460 3460
3175 3175
676 676
585 585
3323 3323
3683 3683
3078 3078
3180 3180
699 699
586 586
1561 1561
5407 5407
5073 5073
6617 6617
5074 5074
3172 3172
3193 3193
5069 5069
4074 4074
6592 6592
6693 6693
210 210
3944 3944
1830 1830
1600 1600
800 800
5053 5053
6605 6605
3131 3131
2822 2822
5023 5023
5156 5156
1452 1452
6721 6721
3766 3766
829 829
1603 1603
400 400
720 720
1683 1683
271 271
6719 6719
1505 1505
1133 1133
721 721
677 677
632 632
4150 4150
399 399
5219 5219
6595 6595
391 391
4166 4166
3320 3320
1595 1595
5028 5028
3321 3321
3135 3135
425 425
801 801
1609 1609
1231 1231
1684 1684
2731 2731
1391 1391
1722 1722
1688 1688
845 845
591 591
802 802
5032 5032
4344 4344
631 631
1129 1129
4650 4650
846 846
1323 1323
830 830
6597 6597
4367 4367
5191 5191
1379 1379
4646 4646
4709 4709
5054 5054
607 607
4922 4922
1140 1140
1514 1514
2910 2910
880 880
5196 5196
5022 5022
1208 1208
1515 1515
844 844
1161 1161
1557 1557
1136 1136
1122 1122
936 936
4143 4143
1611 1611
4649 4649
1506 1506
1795 1795
1162 1162
4624 4624
1634 1634
1601 1601
1265 1265
1831 1831
1475 1475
6587 6587
6431 6431
1407 1407
5094 5094
4405 4405
1788 1788
697 697
6577 6577
1188 1188
4693 4693
2829 2829
4836 4836
4343 4343
4987 4987
4689 4689
1128 1128
1619 1619
652 652
1121 1121
1535 1535
1359 1359
4837 4837
4854 4854
995 995
5259 5259
685 685
1200 1200
2873 2873
6477 6477
1692 1692
4808 4808
1488 1488
705 705
1239 1239
1546 1546
1224 1224
710 710
1632 1632
4814 4814
1275 1275
4101 4101
5256 5256
1874 1874
5015 5015
783 783
4402 4402
1711 1711
1638 1638
4094 4094
2897 2897
6334 6334
1481 1481
805 805
4921 4921
4096 4096
2917 2917
1712 1712
6374 6374
4682 4682
1523 1523
1862 1862
4644 4644
4688 4688
1449 1449
1625 1625
6332 6332
1787 1787
1227 1227
2895 2895
1061 1061
5065 5065
1710 1710
3012 3012
2912 2912
1311 1311
1579 1579
1593 1593
1821 1821
3077 3077
3763 3763
1832 1832
1393 1393
933 933
5198 5198
1369 1369
4820 4820
1001 1001
1363 1363
1426 1426
4119 4119
5131 5131
4705 4705
1524 1524
1125 1125
4978 4978
4958 4958
4881 4881
6282 6282
6381 6381
6588 6588
253 253
615 615
2984 2984
4299 4299
6573 6573
5080 5080
1135 1135
1006 1006
1669 1669
688 688
1850 1850
1769 1769
927 927
2982 2982
4140 4140
4290 4290
2833 2833
6479 6479
4887 4887
4883 4883
5261 5261
4953 4953
5234 5234
1531 1531
1137 1137
1541 1541
1330 1330
4174 4174
1037 1037
3764 3764
4913 4913
6482 6482
5374 5374
4332 4332
1182 1182
4412 4412
1202 1202
1353 1353
4963 4963
6510 6510
6567 6567
1904 1904
1520 1520
6874 6874
4956 4956
3032 3032
5251 5251
919 919
4177 4177
4962 4962
4198 4198
2927 2927
4317 4317
4176 4176
4158 4158
1203 1203
6525 6525
2825 2825
1254 1254
6533 6533
1018 1018
1490 1490
1090 1090
693 693
1093 1093
1010 1010
4805 4805
3500 3500
788 788
249 249
1780 1780
4622 4622
4118 4118
1387 1387
4142 4142
2898 2898
1327 1327
4687 4687
5050 5050
3112 3112
1883 1883
5078 5078
1004 1004
4553 4553
4267 4267
5252 5252
384 384
177 177
1487 1487
6383 6383
937 937
1063 1063
916 916
1062 1062
1153 1153
5250 5250
4868 4868
2846 2846
6566 6566
4747 4747
1029 1029
4270 4270
2926 2926
6466 6466
6330 6330
1496 1496
6305 6305
4148 4148
1526 1526
2856 2856
2842 2842
4696 4696
4912 4912
4679 4679
1860 1860
4428 4428
5081 5081
1048 1048
1168 1168
4873 4873
1737 1737
1380 1380
4108 4108
4827 4827
750 750
6557 6557
4664 4664
3495 3495
4282 4282
4538 4538
599 599
1255 1255
843 843
1240 1240
6303 6303
1714 1714
2834 2834
1049 1049
1064 1064
3098 3098
786 786
3152 3152
2844 2844
667 667
1014 1014
1392 1392
4915 4915
1345 1345
593 593
1251 1251
6878 6878
860 860
4871 4871
4752 4752
3497 3497
5142 5142
4806 4806
1023 1023
1190 1190
1340 1340
4916 4916
4328 4328
4593 4593
1091 1091
1033 1033
1528 1528
4669 4669
5153 5153
4548 4548
2994 2994
3099 3099
4417 4417
1499 1499
1045 1045
3759 3759
2914 2914
4545 4545
841 841
1799 1799
4533 4533
6315 6315
6538 6538
4125 4125
4751 4751
3029 3029
6508 6508
3090 3090
2855 2855
6529 6529
988 988
4744 4744
4493 4493
6309 6309
1017 1017
4543 4543
6368 6368
1358 1358
6440 6440
4311 4311
1854 1854
979 979
743 743
1700 1700
2819 2819
412 412
4878 4878
2880 2880
4149 4149
4856 4856
4776 4776
6302 6302
5193 5193
4968 4968
4914 4914
3106 3106
687 687
4604 4604
1107 1107
1466 1466
6370 6370
671 671
4621 4621
3505 3505
2913 2913
1170 1170
4677 4677
6360 6360
6499 6499
1720 1720
840 840
1047 1047
4329 4329
4550 4550
891 891
4697 4697
958 958
1800 1800
6872 6872
1013 1013
4552 4552
3115 3115
1342 1342
4134 4134
1167 1167
978 978
4374 4374
3689 3689
1055 1055
4797 4797
3014 3014
980 980
2892 2892
5244 5244
3139 3139
868 868
808 808
4889 4889
1178 1178
4454 4454
2826 2826
5045 5045
973 973
1356 1356
1782 1782
4607 4607
1108 1108
4490 4490
1464 1464
875 875
6295 6295
926 926
4115 4115
2838 2838
5225 5225
6504 6504
4486 4486
1529 1529
1175 1175
4746 4746
987 987
3125 3125
1784 1784
4537 4537
1147 1147
5282 5282
6530 6530
4352 4352
767 767
2877 2877
2839 2839
4497 4497
3120 3120
3155 3155
621 621
1755 1755
4858 4858
2980 2980
3479 3479
2848 2848
4564 4564
1673 1673
6388 6388
3478 3478
975 975
4842 4842
3063 3063
3150 3150
4985 4985
4503 4503
6285 6285
1480 1480
6429 6429
4699 4699
923 923
6449 6449
1169 1169
1519 1519
3116 3116
6435 6435
5138 5138
4238 4238
4562 4562
6341 6341
5266 5266
778 778
4615 4615
4358 4358
1876 1876
6561 6561
6286 6286
4240 4240
4568 4568
6516 6516
6475 6475
900 900
1371 1371
904 904
892 892
945 945
6526 6526
4666 4666
3064 3064
4485 4485
4653 4653
955 955
5281 5281
5211 5211
6559 6559
1073 1073
839 839
6551 6551
4935 4935
4734 4734
2950 2950
4830 4830
2840 2840
6337 6337
4392 4392
903 903
6288 6288
4973 4973
2977 2977
1098 1098
4431 4431
726 726
1027 1027
4698 4698
4458 4458
1292 1292
2932 2932
4321 4321
4641 4641
965 965
957 957
4592 4592
1291 1291
1236 1236
3133 3133
4391 4391
6389 6389
4386 4386
4637 4637
6338 6338
5265 5265
924 924
4114 4114
6560 6560
2884 2884
850 850
5166 5166
1458 1458
4831 4831
4127 4127
1460 1460
4832 4832
4297 4297
4082 4082
1071 1071
6513 6513
1478 1478
4237 4237
970 970
4502 4502
1195 1195
1753 1753
1678 1678
4393 4393
4504 4504
4736 4736
4459 4459
4337 4337
4338 4338
4110 4110
1184 1184
3134 3134
4340 4340
884 884
1115 1115
4941 4941
4580 4580
4586 4586
1101 1101
873 873
1096 1096
1077 1077
4582 4582
1074 1074
847 847
848 848
4729 4729
4396 4396
4389 4389
6350 6350
4863 4863
4488 4488
1187 1187
882 882
4639 4639
3044 3044
4730 4730
5189 5189
4713 4713
3036 3036
4361 4361
897 897
4443 4443
4839 4839
4530 4530
4445 4445
3109 3109
4933 4933
1539 1539
4817 4817
1185 1185
3037 3037
1461 1461
4999 4999
4712 4712
1214 1214
1459 1459
901 901
2885 2885
4126 4126
3088 3088
1141 1141
952 952
932 932
4930 4930
4628 4628
3136 3136
4465 4465
6327 6327
5188 5188
4528 4528
4516 4516
4940 4940
4943 4943
4442 4442
1454 1454
1368 1368
764 764
6546 6546
4989 4989
6281 6281
2865 2865
4452 4452
4909 4909
4335 4335
4936 4936
4951 4951
4573 4573
4991 4991
5297 5297
4440 4440
6554 6554
4597 4597
4950 4950
4437 4437
4907 4907
3093 3093
4470 4470
3096 3096
3130 3130
