2729 0
1 1
2 2
3 3
4 4
125 5
7 7
8 8
10 10
15 15
17 17
416 18
27 22
23 23
7 26
27 27
1498 28
29 29
36 36
4141 40
44 44
45 45
46 46
51 51
2635 54
2707 55
5526 58
62 62
64 64
1878 65
70 70
73 73
76 76
81 81
82 82
91 91
92 92
94 94
1816 97
1155 98
5018 99
100 100
104 104
35 109
4451 110
581 111
113 113
3614 116
117 117
119 119
122 122
1523 123
124 124
126 126
128 128
129 129
4333 130
4354 131
133 133
2954 137
138 138
140 140
3340 144
150 150
151 151
2517 152
6386 154
2089 155
2437 156
157 157
158 158
5783 159
163 163
164 164
168 168
169 169
172 172
174 174
363 175
177 177
179 179
180 180
1259 182
2986 185
3114 186
5452 189
2980 190
191 191
192 192
5551 193
1975 195
3289 199
1215 200
4628 201
1674 202
203 203
204 204
3534 206
3637 207
208 208
210 210
355 213
214 214
215 215
217 217
218 218
220 220
4885 223
225 225
227 227
228 228
6227 231
1618 232
5208 235
874 238
239 239
872 241
1620 242
5547 244
245 245
246 246
784 248
249 249
4610 250
253 253
255 255
5132 256
258 258
260 260
261 261
6225 264
269 269
271 271
3638 272
275 275
276 276
2437 283
6584 285
1108 286
288 288
289 289
570 291
292 292
2771 293
4135 294
5117 295
296 296
4423 298
299 299
302 302
309 309
3917 310
311 311
312 312
3143 313
315 315
259 318
1219 320
321 321
322 322
323 323
503 324
325 325
359 326
327 327
330 330
333 333
5526 334
335 335
337 337
338 338
3455 339
340 340
341 341
343 343
3177 348
351 351
3340 354
5867 355
356 356
4623 358
359 359
514 360
367 367
368 368
369 369
2231 372
915 373
374 374
376 376
377 377
4593 380
553 381
384 384
1251 385
4859 386
387 387
2378 390
391 391
393 393
396 396
4241 398
399 399
400 400
5157 401
4221 403
4287 404
408 408
409 409
410 410
412 412
4755 415
2653 417
6749 418
6635 420
421 421
4783 423
361 424
425 425
6411 428
429 429
432 432
507 433
435 435
438 438
441 441
442 442
448 448
6464 450
456 456
1598 457
464 464
1242 465
468 468
469 469
981 472
475 475
5545 477
478 478
248 481
482 482
6239 484
485 485
487 487
1098 488
1497 489
490 490
2056 491
4352 492
1460 493
915 496
498 498
3692 500
503 503
2652 504
505 505
507 507
511 511
512 512
515 515
123 517
1115 519
5818 520
2069 521
5561 523
524 524
4040 525
529 529
3887 532
533 533
537 537
538 538
540 540
542 542
2891 543
545 545
546 546
550 550
551 551
552 552
553 553
4106 554
556 556
6361 557
558 558
559 559
560 560
6201 563
564 564
579 565
566 566
567 567
568 568
570 570
576 576
4213 577
255 578
5022 581
1251 583
4024 584
585 585
586 586
587 587
591 591
2515 592
593 593
2941 595
599 599
34 601
4338 602
603 603
1403 605
6078 606
607 607
608 608
1460 609
610 610
615 615
621 621
622 622
5086 623
631 631
632 632
4082 633
4965 634
2859 635
636 636
6805 637
4767 639
641 641
5755 646
648 648
5330 651
652 652
6611 653
809 662
4889 663
6570 665
667 667
671 671
674 674
676 676
677 677
4060 680
2095 681
2050 683
2687 684
685 685
687 687
688 688
6229 689
693 693
3852 695
697 697
699 699
705 705
708 708
5916 709
710 710
5328 711
712 712
715 715
5685 716
2298 718
720 720
721 721
6039 722
4774 725
726 726
730 730
6538 731
732 732
734 734
739 739
741 741
4190 742
743 743
1667 745
2956 747
750 750
1753 753
754 754
1116 757
758 758
759 759
1847 761
4158 763
764 764
3461 766
767 767
2971 769
3478 770
771 771
773 773
2434 775
778 778
783 783
786 786
788 788
1380 789
1396 790
5249 791
5967 793
2237 795
3893 797
800 800
801 801
802 802
1739 803
5887 804
805 805
808 808
411 811
5864 814
818 818
819 819
4182 823
4340 825
464 826
471 827
829 829
830 830
886 832
974 833
6239 834
5046 835
4053 838
839 839
840 840
841 841
843 843
844 844
845 845
846 846
847 847
848 848
850 850
1548 852
27 853
1166 854
2534 855
2289 857
860 860
3285 866
868 868
6113 872
873 873
875 875
880 880
882 882
6646 883
884 884
3285 885
2849 889
891 891
892 892
895 895
897 897
900 900
901 901
118 902
903 903
904 904
3416 906
2699 907
720 909
376 912
4163 913
651 915
916 916
1665 918
919 919
4060 920
923 923
924 924
926 926
927 927
1036 929
4623 930
3285 931
932 932
933 933
2442 935
936 936
937 937
3418 942
4251 944
945 945
479 950
952 952
2510 953
955 955
6654 956
957 957
958 958
2393 960
4103 961
4758 963
965 965
970 970
4683 972
973 973
6211 974
975 975
978 978
979 979
980 980
1418 981
4212 986
987 987
988 988
1772 989
2393 992
995 995
2104 996
5966 997
5463 1000
1001 1001
4389 1003
1004 1004
6780 1005
1006 1006
6469 1008
1010 1010
1013 1013
1014 1014
1017 1017
1018 1018
2659 1020
4933 1022
1023 1023
1027 1027
5806 1028
1029 1029
2227 1032
1033 1033
2672 1034
2383 1035
1037 1037
465 1038
6140 1040
4579 1042
6858 1044
1045 1045
1047 1047
1048 1048
1049 1049
1055 1055
3742 1060
1061 1061
1062 1062
1063 1063
1064 1064
6829 1065
2582 1068
1071 1071
1073 1073
1074 1074
1077 1077
6468 1082
2725 1084
1090 1090
1091 1091
1093 1093
5135 1094
1096 1096
4292 1097
1098 1098
465 1099
684 1100
1101 1101
6460 1104
4224 1106
1107 1107
1108 1108
2172 1111
3189 1113
2338 1114
1115 1115
1680 1118
178 1120
1121 1121
1122 1122
896 1123
6546 1124
1125 1125
1128 1128
1129 1129
3905 1130
1133 1133
1135 1135
1136 1136
1137 1137
2801 1138
1289 1139
1140 1140
1141 1141
4072 1142
1147 1147
986 1151
1153 1153
3132 1154
954 1156
2629 1160
1161 1161
1162 1162
1163 1163
1164 1164
1167 1167
1168 1168
1169 1169
1170 1170
1756 1171
3763 1173
1175 1175
5442 1176
1178 1178
150 1180
1182 1182
1184 1184
1185 1185
6462 1186
1187 1187
1188 1188
1190 1190
2657 1192
1197 1193
1195 1195
1199 1199
1200 1200
1202 1202
1203 1203
6791 1207
1208 1208
4873 1209
1764 1210
3736 1213
1214 1214
5070 1217
6587 1218
1403 1219
1220 1220
2447 1222
1223 1223
1224 1224
1227 1227
1231 1231
2447 1233
5630 1234
5507 1235
1236 1236
1239 1239
1240 1240
1241 1241
1245 1245
4913 1246
2451 1249
6707 1250
1251 1251
4190 1252
1254 1254
1255 1255
1082 1258
6843 1259
913 1261
2050 1262
1265 1265
4040 1268
1275 1275
1277 1277
1279 1279
1280 1280
1559 1283
2968 1288
1289 1289
1291 1291
1292 1292
1293 1293
5395 1296
1299 1299
403 1302
1845 1303
5532 1306
1311 1311
5783 1313
1717 1314
4256 1318
1323 1323
1327 1327
6394 1328
1330 1330
1331 1331
1700 1332
674 1335
1010 1338
5968 1339
1340 1340
1342 1342
1345 1345
6106 1346
4497 1348
5908 1350
6868 1351
1353 1353
872 1355
1356 1356
1358 1358
1359 1359
1363 1363
5482 1365
4126 1367
1368 1368
1369 1369
4208 1370
1371 1371
1486 1377
1379 1379
1380 1380
2896 1384
1387 1387
1390 1390
1391 1391
1392 1392
1393 1393
5305 1394
19 1395
1396 1396
3674 1397
854 1400
1402 1402
1403 1403
651 1405
948 1406
1407 1407
2664 1408
1409 1409
5905 1415
1418 1418
1421 1421
2928 1423
1424 1424
1426 1426
3406 1431
2819 1432
3596 1433
1426 1434
2049 1435
3295 1437
1855 1438
2258 1439
70 1442
3673 1445
4126 1448
1449 1449
553 1450
1452 1452
1454 1454
1458 1458
1459 1459
1460 1460
1461 1461
1464 1464
1466 1466
1475 1475
1478 1478
1480 1480
1481 1481
6373 1482
2907 1483
5845 1485
3021 1486
1487 1487
1488 1488
2851 1489
1490 1490
2549 1491
1618 1492
5330 1493
1496 1496
1445 1497
1498 1498
1499 1499
1548 1500
915 1501
6839 1503
3917 1504
1505 1505
1506 1506
285 1511
1514 1514
1515 1515
1519 1519
1520 1520
1523 1523
1524 1524
1526 1526
6534 1527
1528 1528
1529 1529
1756 1530
1531 1531
4040 1532
1598 1533
2274 1534
1535 1535
1537 1537
1538 1538
1539 1539
2798 1540
1541 1541
1460 1543
1545 1545
1546 1546
782 1553
1554 1554
1556 1556
1557 1557
4118 1560
1561 1561
3587 1563
4805 1564
2781 1565
2052 1566
1567 1567
1568 1568
256 1570
1571 1571
1573 1573
4328 1574
4629 1575
2220 1578
1579 1579
3832 1580
3534 1584
1585 1585
1586 1586
1452 1587
1588 1588
1591 1591
1524 1592
1593 1593
1595 1595
1600 1600
1601 1601
1603 1603
2928 1604
6709 1605
5482 1606
1608 1608
1609 1609
1694 1610
1611 1611
1614 1614
1615 1615
4970 1618
1619 1619
5879 1620
4720 1621
1622 1622
5913 1624
1625 1625
1627 1627
1628 1628
1632 1632
2233 1633
1634 1634
971 1635
1637 1637
1638 1638
5330 1640
915 1641
1428 1643
1646 1646
1647 1647
1649 1649
1652 1652
3032 1653
6637 1654
4683 1655
1657 1657
1660 1660
1663 1663
6124 1664
4212 1667
1669 1669
1670 1670
1673 1673
5986 1674
1678 1678
1994 1679
5732 1680
1683 1683
1684 1684
1687 1687
1688 1688
1689 1689
1692 1692
1695 1695
4651 1698
1699 1699
1700 1700
5337 1703
1704 1704
6239 1705
1426 1707
1708 1708
1709 1709
1710 1710
1711 1711
1712 1712
1714 1714
4034 1715
1720 1720
3647 1721
1722 1722
1115 1724
854 1726
1727 1727
4246 1733
3315 1736
1737 1737
1769 1738
235 1739
512 1740
1741 1741
1743 1743
5497 1744
1745 1745
1746 1746
1747 1747
1748 1748
1749 1749
1753 1753
1755 1755
1759 1759
1760 1760
1761 1761
2457 1767
1317 1768
1769 1769
1135 1778
5353 1779
1780 1780
1782 1782
1784 1784
5800 1786
1787 1787
1788 1788
2941 1790
492 1793
1795 1795
2531 1796
4093 1798
1799 1799
1800 1800
1066 1807
5996 1809
1813 1813
1814 1814
4350 1815
6698 1818
1821 1821
1823 1823
1824 1824
1825 1825
1826 1826
5749 1827
1830 1830
1831 1831
1832 1832
1833 1833
2338 1834
2221 1835
1838 1838
1839 1839
1843 1843
5304 1844
1850 1850
1852 1852
1854 1854
1855 1855
1856 1856
4259 1857
1860 1860
1862 1862
1863 1863
1864 1864
6394 1865
1867 1867
1870 1870
2956 1872
5630 1873
1874 1874
1875 1875
1876 1876
1878 1878
1880 1880
6529 1881
3871 1882
1883 1883
1886 1886
1897 1897
1900 1900
708 1903
1904 1904
1 1907
1968 1908
1317 1909
1912 1912
1913 1913
1914 1914
5678 1916
1918 1918
4623 1919
1925 1925
6180 1927
2172 1928
6076 1929
2856 1930
6870 1931
1932 1932
1933 1933
1934 1934
6308 1935
2950 1937
1938 1938
1940 1940
1942 1942
2478 1944
5225 1945
3876 1948
1949 1949
4651 1952
1955 1955
1956 1956
1958 1958
1961 1961
1962 1962
6264 1963
2928 1964
1968 1968
2120 1969
2810 1972
1974 1974
1976 1976
1977 1977
1645 1978
1066 1980
3137 1981
1983 1983
6584 1984
3156 1987
1988 1988
6790 1990
1992 1992
1993 1993
4684 1994
1999 1999
4515 2003
2005 2005
1625 2006
2007 2007
2011 2011
2012 2012
6113 2013
2014 2014
4278 2015
6014 2016
2018 2018
2019 2019
2022 2022
5728 2026
2027 2027
5395 2028
4671 2029
2030 2030
2031 2031
2035 2035
688 2036
2820 2037
4060 2040
3547 2041
6677 2042
2044 2044
2046 2046
2049 2049
5162 2050
2052 2052
2054 2054
2055 2055
1972 2056
2061 2061
383 2066
1295 2068
2721 2069
3614 2073
347 2074
2076 2076
2078 2078
2167 2079
2080 2080
2245 2081
5478 2083
2084 2084
2086 2086
2087 2087
6084 2088
2089 2089
2092 2092
2094 2094
2095 2095
3146 2096
2097 2097
4549 2099
2103 2103
2104 2104
535 2106
2107 2107
2109 2109
2388 2112
2114 2114
5392 2117
2118 2118
5541 2120
2122 2122
2124 2124
2127 2127
2129 2129
2130 2130
1609 2136
1174 2137
2743 2139
2140 2140
2691 2142
2144 2144
2145 2145
2150 2150
5645 2151
2152 2152
4885 2155
2163 2163
2164 2164
2167 2167
2172 2172
6240 2174
2175 2175
5305 2176
2177 2177
2035 2178
1 2180
4360 2181
2827 2190
640 2191
2193 2193
4060 2195
6201 2196
2197 2197
2205 2205
2206 2206
1120 2207
2209 2209
2210 2210
2213 2213
5543 2214
2215 2215
2216 2216
2220 2220
2221 2221
2229 2229
2231 2231
4476 2232
2233 2233
2238 2238
2239 2239
2241 2241
1372 2242
2244 2244
5220 2245
2246 2246
6127 2247
2250 2250
2252 2252
2254 2254
2255 2255
2256 2256
6716 2257
2751 2258
2261 2261
6090 2262
2263 2263
3414 2265
4954 2266
2268 2268
580 2270
2272 2272
2274 2274
6869 2276
2278 2278
2279 2279
2280 2280
2286 2286
2288 2288
2289 2289
2457 2290
2294 2294
2295 2295
2297 2297
2299 2299
3736 2301
5834 2304
1570 2305
2306 2306
2308 2308
2309 2309
2311 2311
2312 2312
2316 2316
2317 2317
2318 2318
2321 2321
2324 2324
2325 2325
608 2326
5438 2327
2330 2330
6106 2334
344 2335
3698 2336
2338 2338
2340 2340
2342 2342
276 2346
2350 2350
2351 2351
2352 2352
476 2353
1261 2355
4879 2357
6885 2359
6328 2360
2362 2362
6431 2366
2367 2367
474 2368
1756 2369
2491 2370
3524 2371
2375 2375
2377 2377
2378 2378
4060 2379
2383 2383
2385 2385
2388 2388
2389 2389
2390 2390
491 2391
2393 2393
2706 2394
4860 2395
6531 2396
2397 2397
295 2398
2401 2401
611 2402
2404 2404
6115 2405
4651 2408
6493 2410
370 2411
2413 2413
5767 2415
3612 2418
5564 2419
3910 2422
2423 2423
2425 2425
2427 2427
2429 2429
2431 2431
2432 2432
2434 2434
2435 2435
2437 2437
2440 2440
1386 2441
2238 2442
6579 2443
2444 2444
183 2446
6594 2447
2448 2448
2449 2449
5345 2451
2456 2456
2457 2457
2221 2458
3046 2459
6033 2461
2464 2464
2465 2465
2466 2466
2467 2467
2468 2468
2470 2470
2471 2471
6843 2472
2475 2475
2480 2480
1981 2483
2484 2484
2485 2485
2490 2490
3657 2493
4268 2494
2393 2495
2497 2497
2498 2498
2499 2499
2500 2500
2506 2506
2507 2507
1399 2508
2509 2509
2511 2511
1756 2513
2514 2514
479 2515
2516 2516
2517 2517
2519 2519
2521 2521
6781 2522
3019 2525
311 2527
2866 2528
2533 2533
2536 2536
2537 2537
1560 2538
4541 2543
2545 2545
3873 2548
2550 2550
1628 2552
5187 2553
2558 2558
2559 2559
2560 2560
2393 2563
5345 2564
4007 2565
2567 2567
3463 2570
776 2572
2573 2573
208 2575
2576 2576
2582 2582
3546 2584
2585 2585
2588 2588
6127 2591
2594 2594
2595 2595
2596 2596
2598 2598
4210 2599
2600 2600
4141 2601
1912 2604
2608 2608
2613 2613
6717 2614
6078 2616
4190 2617
2623 2623
2624 2624
539 2627
2629 2629
2632 2632
5811 2633
2634 2634
6052 2635
2636 2636
1034 2638
2639 2639
6319 2641
2643 2643
2644 2644
2646 2646
4120 2647
2648 2648
392 2649
2092 2650
2652 2652
3144 2662
1252 2663
5231 2665
2928 2673
2675 2675
2676 2676
2677 2677
3740 2678
3977 2679
3716 2683
2684 2684
2685 2685
2687 2687
2688 2688
2691 2691
972 2692
5157 2693
2700 2700
2701 2701
4246 2702
2705 2705
3277 2707
821 2710
6531 2711
2715 2715
3965 2717
2718 2718
2719 2719
2721 2721
2722 2722
3895 2724
2727 2727
2731 2731
2733 2733
1233 2738
2740 2740
4386 2743
2744 2744
2746 2746
4726 2747
3643 2750
2751 2751
2753 2753
2754 2754
2755 2755
3798 2759
1986 2760
4400 2761
4367 2764
2765 2765
2766 2766
2771 2771
6709 2773
2775 2775
3505 2776
2779 2779
2780 2780
2783 2783
4274 2786
5933 2791
2793 2793
6430 2794
2795 2795
2797 2797
5480 2798
2799 2799
2801 2801
477 2806
2808 2808
2810 2810
2811 2811
2814 2814
2815 2815
2817 2817
2818 2818
2819 2819
2822 2822
2825 2825
2826 2826
2829 2829
5295 2830
2833 2833
2834 2834
4328 2836
2838 2838
2839 2839
2840 2840
5489 2841
2842 2842
4378 2843
2844 2844
4222 2845
2846 2846
6749 2847
2848 2848
4136 2849
4220 2850
5596 2853
6409 2854
2855 2855
2856 2856
651 2857
3580 2861
4053 2862
2865 2865
2866 2866
1046 2867
5698 2870
2873 2873
2877 2877
5416 2879
2880 2880
2884 2884
2885 2885
2887 2887
6210 2890
2892 2892
2562 2894
2895 2895
2897 2897
2898 2898
1564 2899
2903 2903
2904 2904
2905 2905
245 2906
6691 2907
2910 2910
2912 2912
2913 2913
2914 2914
2917 2917
2675 2920
2928 2922
2534 2923
1230 2925
2926 2926
2927 2927
5482 2928
2932 2932
3974 2935
3556 2940
2941 2941
2942 2942
5011 2948
2950 2950
2952 2952
4274 2955
3680 2959
4878 2960
2962 2962
2963 2963
2967 2967
3779 2968
2969 2969
1620 2971
2977 2977
2980 2980
6591 2981
2982 2982
2984 2984
5065 2985
2989 2989
933 2991
2994 2994
1375 2995
2998 2998
3001 3001
3003 3003
3004 3004
3832 3005
3006 3006
5617 3007
3012 3012
3014 3014
4060 3015
5826 3019
897 3020
1475 3021
5579 3023
3629 3024
2956 3025
5464 3026
6106 3027
3029 3029
2442 3031
3032 3032
3013 3033
3036 3036
3037 3037
3039 3039
950 3042
3043 3043
3044 3044
3045 3045
3046 3046
395 3049
3050 3050
743 3051
2191 3053
6390 3054
2355 3055
3056 3056
2874 3058
3062 3062
3063 3063
3064 3064
2703 3065
3067 3067
6240 3069
167 3075
2378 3076
3077 3077
3078 3078
3326 3085
718 3087
3088 3088
2928 3089
3090 3090
3093 3093
4053 3095
3096 3096
4898 3097
3098 3098
3099 3099
5353 3100
1955 3102
2340 3103
3106 3106
2611 3108
3109 3109
2992 3111
3112 3112
3571 3113
3115 3115
3116 3116
5810 3119
3120 3120
1684 3121
5305 3122
2928 3123
4004 3124
3125 3125
3130 3130
3131 3131
3133 3133
3134 3134
3135 3135
3136 3136
3139 3139
4493 3148
3150 3150
5526 3151
3152 3152
3155 3155
300 3158
6130 3159
1190 3160
2928 3162
3163 3163
5495 3164
2447 3166
3168 3168
3169 3169
5860 3170
3171 3171
3172 3172
2549 3173
4106 3174
3175 3175
3177 3177
3178 3178
850 3179
3180 3180
3182 3182
3183 3183
3614 3184
1041 3185
1678 3186
3188 3188
5572 3189
3190 3190
5630 3191
3193 3193
3194 3194
3195 3195
3196 3196
4805 3197
2672 3198
6144 3199
3201 3201
2527 3203
3204 3204
4774 3205
3206 3206
3207 3207
3213 3213
2451 3214
2928 3215
3216 3216
4762 3217
3219 3219
5267 3222
3223 3223
2741 3224
3225 3225
3229 3229
1164 3231
5640 3232
3235 3235
3237 3237
6394 3239
3241 3241
3335 3242
3243 3243
3244 3244
5274 3245
3246 3246
3251 3251
3252 3252
3253 3253
3254 3254
3255 3255
4060 3256
3189 3260
3261 3261
3266 3266
3267 3267
1854 3271
3273 3273
4515 3276
3277 3277
3278 3278
3280 3280
3281 3281
3283 3283
3284 3284
3287 3287
3289 3289
5552 3290
2502 3292
3295 3295
4791 3296
464 3298
6076 3299
4040 3301
3305 3305
3307 3307
6562 3310
3313 3313
3316 3316
3317 3317
3320 3320
3321 3321
5061 3322
3323 3323
6514 3324
722 3325
5938 3326
4776 3330
2115 3331
3333 3333
3334 3334
3335 3335
4060 3336
6723 3339
3340 3340
911 3344
3935 3345
6039 3347
3348 3348
3349 3349
3712 3351
3355 3355
3358 3358
3360 3360
3361 3361
2793 3362
5693 3366
3367 3367
3368 3368
4024 3370
3371 3371
3687 3372
3373 3373
4053 3374
3376 3376
3380 3380
3990 3381
2404 3382
3384 3384
1178 3385
3386 3386
3388 3388
3389 3389
3392 3392
3393 3393
6239 3394
6843 3397
1179 3401
4773 3404
3405 3405
887 3406
3407 3407
4138 3409
3411 3411
5042 3413
5679 3414
306 3416
3417 3417
3340 3419
5853 3420
3421 3421
3423 3423
27 3424
3425 3425
3429 3429
5823 3431
3556 3432
6603 3433
2697 3435
3437 3437
4200 3441
3442 3442
3443 3443
3445 3445
3447 3447
6151 3449
3452 3452
3456 3456
3457 3457
6361 3458
5524 3459
3460 3460
3465 3465
2498 3467
4106 3470
5670 3475
3478 3478
3479 3479
4645 3480
3485 3485
3487 3487
3488 3488
3489 3489
3490 3490
4898 3491
3493 3493
3495 3495
3497 3497
2959 3498
3500 3500
3505 3505
1609 3507
2245 3509
3031 3511
3516 3516
3518 3518
3521 3521
5490 3522
5186 3524
5422 3525
2510 3528
3530 3530
3533 3533
3778 3540
3543 3543
609 3545
3546 3546
3547 3547
3554 3554
3555 3555
2706 3556
3560 3560
3315 3564
3565 3565
3566 3566
3567 3567
3568 3568
4588 3570
3571 3571
915 3574
3576 3576
3577 3577
3579 3579
4889 3580
863 3581
3348 3583
3584 3584
2480 3585
3586 3586
3802 3587
3588 3588
3590 3590
449 3595
3735 3596
150 3597
4498 3598
3137 3600
3601 3601
3602 3602
4933 3606
930 3607
3609 3609
3613 3613
2248 3616
3617 3617
6041 3618
5532 3623
1845 3625
3628 3628
3629 3629
3631 3631
4134 3633
3634 3634
2252 3635
3637 3637
3638 3638
3640 3640
3784 3641
4289 3642
3643 3643
945 3646
5541 3647
3670 3648
3649 3649
1052 3650
3090 3652
3653 3653
3655 3655
3187 3658
5530 3660
3661 3661
3359 3662
3664 3664
6135 3666
3667 3667
2929 3670
3672 3672
3673 3673
3773 3674
4530 3676
4028 3678
3935 3680
3683 3683
3684 3684
6611 3685
3687 3687
3837 3688
3689 3689
3829 3690
3680 3691
3694 3694
3695 3695
4026 3701
3702 3702
3703 3703
3704 3704
3705 3705
3706 3706
3707 3707
3858 3708
3710 3710
6124 3712
3786 3713
3836 3716
3717 3717
3718 3718
3719 3719
4346 3722
3723 3723
3724 3724
4692 3725
3764 3726
3727 3727
3728 3728
5171 3729
3730 3730
3733 3733
3734 3734
3735 3735
5369 3737
3738 3738
3739 3739
4669 3746
3747 3747
5934 3748
5439 3750
3753 3753
3754 3754
1639 3755
3756 3756
3757 3757
3759 3759
3258 3760
6804 3761
3763 3763
3764 3764
2311 3765
3766 3766
2034 3767
3797 3768
2718 3771
1295 3772
3773 3773
3776 3776
3777 3777
2558 3780
3782 3782
513 3783
3785 3785
3887 3788
3789 3789
3791 3791
3793 3793
3798 3798
3799 3799
4346 3803
6394 3804
4039 3805
3806 3806
2928 3807
4145 3808
3221 3809
3811 3811
3813 3813
811 3815
3816 3816
3818 3818
3821 3821
3824 3824
5135 3825
3826 3826
3828 3828
3829 3829
1177 3832
3833 3833
3835 3835
3852 3837
3838 3838
3839 3839
3840 3840
6705 3841
3843 3843
3845 3845
3846 3846
3847 3847
3850 3850
3851 3851
4028 3854
3855 3855
3856 3856
3772 3863
3864 3864
4610 3865
6010 3866
3867 3867
3868 3868
6770 3869
3925 3870
1742 3871
2393 3872
3874 3874
668 3875
4048 3876
3877 3877
5182 3880
3965 3881
3883 3883
3884 3884
3289 3886
3888 3888
3889 3889
4094 3890
3892 3892
4091 3897
2654 3898
3899 3899
3678 3900
3698 3901
3902 3902
3785 3903
1066 3905
3906 3906
3374 3907
3908 3908
3909 3909
3910 3910
3911 3911
3913 3913
2483 3914
5609 3921
5552 3922
3925 3925
3926 3926
3929 3929
3151 3931
3932 3932
6124 3934
3904 3935
3936 3936
3224 3938
3941 3941
3943 3943
3944 3944
1189 3946
2894 3949
1535 3950
3856 3951
3952 3952
3954 3954
4824 3955
3956 3956
3958 3958
3918 3959
3962 3962
4119 3963
3684 3964
3965 3965
4222 3966
3967 3967
219 3970
1744 3971
3838 3972
3976 3976
3978 3978
3979 3979
3980 3980
3981 3981
3985 3985
3986 3986
3989 3989
3991 3991
3552 3994
3996 3996
4001 4001
259 4004
4006 4006
3935 4009
4010 4010
4011 4011
4012 4012
4013 4013
4014 4014
4016 4016
6043 4017
4019 4019
4020 4020
4021 4021
4022 4022
4023 4023
2499 4025
4028 4028
4029 4029
69 4030
4118 4031
4032 4032
4033 4033
4035 4035
4036 4036
4037 4037
4038 4038
4039 4039
4042 4042
4044 4044
4045 4045
4048 4048
4052 4052
4054 4054
4058 4058
4062 4062
5369 4065
3745 4066
219 4068
598 4070
4071 4071
513 4072
4073 4073
4074 4074
4108 4076
4077 4077
6001 4078
3878 4080
4082 4082
3958 4083
4084 4084
4091 4091
4092 4092
4093 4093
4094 4094
4096 4096
913 4097
4101 4101
3879 4102
6790 4104
4108 4108
4110 4110
1048 4111
4114 4114
4115 4115
3716 4116
4118 4118
4119 4119
6542 4121
4123 4123
4124 4124
4125 4125
4126 4126
4127 4127
696 4130
4134 4134
4140 4140
4142 4142
4143 4143
3681 4145
4148 4148
4149 4149
4150 4150
4155 4155
6560 4157
4158 4158
4161 4161
4163 4163
5481 4164
5864 4165
4166 4166
4168 4168
5396 4169
33 4170
6587 4171
5276 4173
4174 4174
4176 4176
4177 4177
3966 4178
3836 4183
4186 4186
2056 4187
5438 4188
383 4190
4192 4192
805 4193
4779 4194
3832 4195
4190 4196
1454 4197
4198 4198
5905 4200
6651 4201
1932 4202
4203 4203
4205 4205
4206 4206
2224 4212
3853 4214
6882 4215
513 4216
3633 4217
1699 4218
5256 4225
4226 4226
5482 4235
4237 4237
4238 4238
3170 4239
4240 4240
4241 4241
4242 4242
1756 4243
4244 4244
187 4245
4247 4247
4257 4257
4195 4259
4060 4260
4262 4262
2393 4263
4267 4267
4270 4270
4277 4277
3090 4279
1233 4281
4282 4282
2584 4283
5886 4285
4290 4290
3258 4292
4294 4294
4297 4297
3161 4298
4299 4299
5121 4301
709 4303
3814 4304
4712 4305
5110 4308
1642 4309
4311 4311
6239 4312
2100 4313
4791 4314
174 4316
4317 4317
4321 4321
6862 4327
4328 4328
4329 4329
4332 4332
4335 4335
4337 4337
4338 4338
4340 4340
4343 4343
4344 4344
1721 4347
4352 4352
5279 4354
6652 4355
4358 4358
6414 4359
5908 4360
4361 4361
5024 4363
2237 4365
4367 4367
6709 4370
6843 4371
4374 4374
5086 4375
1174 4378
234 4379
3735 4382
4386 4386
4389 4389
6862 4390
4391 4391
4392 4392
4393 4393
3469 4395
4396 4396
3875 4397
6882 4398
5286 4400
4894 4401
4402 4402
4405 4405
4189 4408
6519 4410
4412 4412
761 4413
3686 4414
4417 4417
3783 4419
5545 4420
5541 4423
1302 4427
4428 4428
2577 4429
6882 4430
4431 4431
123 4433
200 4435
2958 4436
4437 4437
4440 4440
4442 4442
4443 4443
4445 4445
1456 4449
6856 4451
4452 4452
4454 4454
1747 4455
63 4456
4458 4458
4459 4459
2866 4460
2191 4461
1174 4463
4465 4465
6144 4466
2699 4469
4470 4470
1475 4472
5767 4474
6361 4483
4485 4485
4486 4486
4488 4488
4490 4490
4493 4493
3806 4494
4497 4497
2653 4498
4598 4499
4772 4500
3965 4501
4502 4502
4503 4503
4504 4504
5796 4506
4106 4508
4601 4512
5858 4514
3135 4515
4516 4516
2029 4520
2585 4525
5679 4526
4528 4528
4530 4530
4533 4533
3463 4536
4537 4537
4538 4538
1643 4539
6759 4541
5135 4542
4543 4543
2989 4544
4545 4545
3390 4547
4548 4548
1261 4549
4550 4550
4552 4552
4553 4553
3965 4555
6372 4556
915 4558
4562 4562
4564 4564
4933 4566
1229 4567
4568 4568
553 4569
1864 4571
4573 4573
4580 4580
4582 4582
4586 4586
6583 4589
5395 4591
4592 4592
4593 4593
3869 4594
4597 4597
4604 4604
4607 4607
256 4609
796 4614
4615 4615
5887 4616
4621 4621
4622 4622
3832 4623
4624 4624
4628 4628
4181 4630
559 4634
3235 4635
4637 4637
6164 4638
4639 4639
4641 4641
581 4643
4644 4644
4075 4645
4646 4646
4649 4649
4650 4650
1009 4652
4653 4653
6794 4654
4060 4656
4753 4657
3519 4658
3824 4661
3621 4663
4664 4664
3556 4665
4666 4666
4669 4669
3677 4670
1195 4671
4677 4677
4679 4679
2988 4681
4682 4682
4900 4684
4685 4685
3126 4686
4687 4687
4688 4688
4689 4689
521 4690
4023 4691
4693 4693
4696 4696
4697 4697
4698 4698
4699 4699
4705 4705
6260 4708
4709 4709
5927 4710
3629 4711
4712 4712
4713 4713
2378 4714
1388 4716
1641 4717
796 4721
4722 4722
4725 4725
1803 4726
4728 4728
4729 4729
4730 4730
6410 4731
4734 4734
4736 4736
6832 4737
1618 4740
1548 4741
3712 4743
4744 4744
4746 4746
4747 4747
5914 4750
4751 4751
4752 4752
4754 4754
4756 4756
6723 4760
4762 4762
4763 4763
4764 4764
798 4765
4770 4770
655 4771
1215 4772
4776 4776
5019 4777
5454 4779
2682 4782
5775 4785
4786 4786
4015 4789
2654 4790
4793 4793
3061 4795
644 4796
4797 4797
4799 4799
4060 4800
536 4802
4106 4803
4805 4805
4806 4806
4807 4807
4808 4808
1455 4813
4814 4814
3092 4816
4817 4817
4820 4820
4525 4821
3258 4822
2866 4825
5742 4826
4827 4827
398 4828
4830 4830
4831 4831
4832 4832
6014 4834
4836 4836
4837 4837
4839 4839
1905 4841
4842 4842
1163 4844
1485 4849
2227 4850
1197 4853
4854 4854
4856 4856
4968 4857
4858 4858
4863 4863
1609 4865
3164 4866
4868 4868
4871 4871
4873 4873
4874 4874
1219 4876
295 4877
4878 4878
4881 4881
4883 4883
4942 4885
4887 4887
4889 4889
2242 4890
4892 4892
2368 4896
4900 4900
4903 4903
4905 4905
3763 4906
4907 4907
6690 4908
4909 4909
4910 4910
4912 4912
4913 4913
4914 4914
4915 4915
4916 4916
4921 4921
4922 4922
4930 4930
1209 4931
4933 4933
4935 4935
4936 4936
5545 4939
4940 4940
4941 4941
4256 4942
4943 4943
5422 4944
1317 4947
4950 4950
4951 4951
4953 4953
4956 4956
4958 4958
5752 4960
4962 4962
4963 4963
1817 4964
5981 4966
4968 4968
4294 4970
4045 4972
4973 4973
4978 4978
4981 4981
2854 4984
4985 4985
4783 4986
4987 4987
4989 4989
2636 4990
4991 4991
2613 4992
5139 4993
3297 4996
4999 4999
6845 5000
3460 5002
6772 5005
5007 5007
5008 5008
3939 5010
4053 5012
3871 5014
5015 5015
232 5016
4000 5017
1900 5018
6828 5021
5022 5022
5023 5023
3672 5027
5028 5028
6118 5030
5032 5032
5034 5034
5041 5041
5045 5045
5050 5050
5051 5051
5053 5053
5054 5054
5056 5056
5059 5059
5061 5061
5062 5062
5065 5065
3014 5067
5069 5069
5768 5071
5072 5072
5073 5073
5074 5074
3046 5075
5076 5076
5078 5078
5080 5080
5081 5081
4461 5083
1424 5084
5086 5086
4060 5087
5430 5089
5090 5090
5823 5091
5093 5093
5094 5094
2218 5099
5101 5101
3438 5102
1910 5106
2409 5108
4106 5109
5110 5110
3905 5112
5113 5113
1426 5115
5116 5116
5117 5117
3094 5118
6818 5119
5120 5120
5122 5122
5124 5124
5126 5126
3250 5127
5130 5130
5131 5131
5304 5133
6832 5136
2875 5137
5138 5138
4636 5139
5141 5141
5142 5142
5143 5143
5144 5144
4465 5145
5153 5153
1678 5154
5156 5156
5163 5163
3732 5165
5166 5166
2457 5167
5168 5168
5174 5174
5179 5179
6120 5181
411 5182
1411 5186
518 5187
5188 5188
5189 5189
3396 5190
5191 5191
5192 5192
5193 5193
5196 5196
5197 5197
5198 5198
3905 5201
5882 5202
6429 5205
1632 5207
5208 5208
5211 5211
5968 5212
6887 5214
2473 5216
5219 5219
5220 5220
5221 5221
4222 5222
3540 5223
5225 5225
2617 5228
5231 5231
5232 5232
5234 5234
5235 5235
708 5236
2962 5237
3491 5238
5239 5239
2086 5241
5244 5244
3684 5247
5250 5250
5251 5251
5252 5252
5256 5256
5259 5259
5261 5261
515 5262
4956 5263
5265 5265
5266 5266
2393 5267
5269 5269
4739 5275
5276 5276
3479 5279
672 5280
5281 5281
5282 5282
5532 5285
1764 5286
5287 5287
489 5290
4493 5291
3241 5292
5546 5294
5295 5295
3832 5296
5297 5297
5300 5300
2480 5301
5303 5303
5304 5304
5948 5305
6192 5315
3620 5316
2063 5317
4320 5321
5694 5322
5323 5323
5324 5324
6081 5325
5305 5326
5327 5327
5329 5329
3647 5330
3265 5331
5332 5332
3531 5333
5337 5337
5339 5339
5341 5341
5722 5346
5348 5348
631 5349
5353 5353
4136 5354
2039 5355
5357 5357
1155 5359
2159 5367
2233 5368
2651 5369
5132 5370
5371 5371
2393 5373
5374 5374
5377 5377
5381 5381
476 5382
2620 5384
5385 5385
5387 5387
6694 5388
2874 5389
5390 5390
1166 5391
5305 5392
5393 5393
135 5395
5396 5396
4820 5397
4527 5402
4489 5405
5406 5406
5407 5407
4274 5408
5211 5409
5410 5410
2163 5411
326 5412
5416 5416
1109 5421
5423 5423
2764 5426
5429 5429
1115 5430
2036 5436
5437 5437
2209 5438
5440 5440
5441 5441
4881 5443
5445 5445
2383 5446
2718 5447
1441 5450
5452 5452
5453 5453
3728 5457
5458 5458
5460 5460
5462 5462
5464 5464
3979 5466
5468 5468
5474 5474
4345 5477
6168 5481
5483 5483
5484 5484
5486 5486
5487 5487
5489 5489
4881 5490
3119 5492
5494 5494
4601 5495
5496 5496
5497 5497
1550 5498
5499 5499
5501 5501
5502 5502
3261 5504
5506 5506
5508 5508
5463 5511
5512 5512
5514 5514
1125 5515
27 5518
4269 5519
1428 5520
5521 5521
5522 5522
5523 5523
5526 5526
5528 5528
5529 5529
539 5531
5532 5532
5534 5534
5535 5535
5536 5536
1959 5537
2715 5538
932 5539
5540 5540
5541 5541
5542 5542
5543 5543
5546 5546
5549 5549
5550 5550
169 5553
5401 5556
3080 5557
4935 5558
5560 5560
1614 5562
3556 5565
5567 5567
6127 5568
5569 5569
5315 5571
6144 5574
1779 5576
5948 5577
6626 5578
5579 5579
5581 5581
5583 5583
3923 5584
5305 5585
5589 5589
5925 5591
6749 5593
5595 5595
5596 5596
5598 5598
6030 5600
5601 5601
5602 5602
5121 5608
3374 5609
5610 5610
1317 5612
5613 5613
5619 5619
1044 5620
410 5621
5622 5622
2529 5624
5625 5625
5627 5627
5630 5630
1984 5631
5632 5632
2846 5634
5635 5635
5636 5636
5640 5640
5641 5641
5643 5643
5646 5646
3939 5647
5648 5648
4909 5651
4065 5652
5451 5653
2662 5654
2558 5658
5659 5659
4900 5662
5663 5663
5664 5664
5665 5665
5666 5666
5667 5667
5668 5668
933 5672
5674 5674
5675 5675
5677 5677
5321 5678
5326 5681
5684 5684
869 5687
4727 5689
5691 5691
1297 5694
5697 5697
5698 5698
5702 5702
5705 5705
5706 5706
5400 5707
5494 5708
5714 5714
4311 5716
5717 5717
5721 5721
1969 5723
5724 5724
1190 5731
134 5732
5733 5733
5734 5734
1419 5740
986 5742
5743 5743
5745 5745
5750 5750
5751 5751
2283 5752
5753 5753
5754 5754
6652 5757
1470 5758
2480 5760
5762 5762
1044 5763
5765 5765
2928 5766
5767 5767
5295 5768
5773 5773
4891 5774
5775 5775
1699 5776
5777 5777
5778 5778
5780 5780
5783 5783
5785 5785
5788 5788
5789 5789
464 5790
5791 5791
1588 5792
5793 5793
5794 5794
5796 5796
5799 5799
5800 5800
5596 5801
5802 5802
5806 5806
5807 5807
6126 5808
3050 5809
5811 5811
5812 5812
5813 5813
3473 5824
5825 5825
3261 5826
5829 5829
4395 5830
5831 5831
4106 5833
5834 5834
5835 5835
6074 5836
3718 5837
5838 5838
5840 5840
1548 5843
1553 5844
5845 5845
5848 5848
2913 5849
2697 5850
5851 5851
5855 5855
6654 5859
6095 5861
5862 5862
5254 5863
6781 5864
5865 5865
3547 5868
5872 5872
1876 5873
4136 5874
5875 5875
5876 5876
1994 5877
5878 5878
5880 5880
5881 5881
3359 5884
5887 5887
4106 5888
5890 5890
6703 5893
5896 5896
5250 5897
5899 5899
5901 5901
5902 5902
3261 5908
4437 5909
5910 5910
5913 5913
1182 5914
5915 5915
6011 5916
2522 5920
6682 5921
5922 5922
5927 5927
5929 5929
3967 5930
5932 5932
5933 5933
6884 5935
5936 5936
5371 5938
5939 5939
4024 5940
5944 5944
383 5948
5949 5949
5951 5951
5952 5952
2543 5955
5959 5959
5787 5960
4286 5962
5966 5966
4269 5968
5969 5969
4141 5972
5977 5977
5978 5978
709 5979
5980 5980
5981 5981
5982 5982
5983 5983
2383 5984
5985 5985
5986 5986
5988 5988
5989 5989
2184 5990
5991 5991
1428 5992
4140 5995
3399 5996
5997 5997
6000 6000
2213 6002
4965 6004
6005 6005
6006 6006
4106 6007
5736 6010
6011 6011
5043 6015
2180 6021
6023 6023
6024 6024
6087 6026
6029 6029
5367 6031
228 6035
915 6036
5908 6038
6039 6039
6040 6040
1069 6041
6042 6042
6044 6044
6045 6045
1052 6047
2562 6053
6054 6054
6055 6055
6056 6056
6059 6059
6062 6062
6063 6063
6064 6064
2442 6067
3303 6068
6069 6069
2928 6070
6072 6072
3069 6073
6076 6076
6077 6077
6078 6078
6079 6079
6083 6083
773 6085
6086 6086
6090 6090
2796 6091
2941 6092
6095 6095
204 6098
6101 6101
1080 6105
6107 6107
6108 6108
6110 6110
4067 6113
2245 6115
6116 6116
5967 6118
6121 6121
3770 6123
4844 6126
179 6128
6130 6130
824 6132
784 6133
6135 6135
6136 6136
1366 6137
6139 6139
1690 6140
6142 6142
6143 6143
6361 6146
6147 6147
1261 6149
6153 6153
6154 6154
854 6155
6159 6159
6160 6160
6162 6162
6163 6163
5422 6164
1983 6169
6170 6170
4106 6171
6172 6172
6175 6175
2330 6178
6179 6179
1927 6180
824 6181
6185 6185
6187 6187
6191 6191
6193 6193
6717 6195
1185 6196
6843 6198
6200 6200
942 6201
2800 6202
1501 6204
499 6205
6207 6207
4040 6208
6209 6209
6212 6212
6106 6213
4050 6214
566 6215
5698 6217
6219 6219
4106 6220
6224 6224
6225 6225
6227 6227
6229 6229
6231 6231
1116 6232
2098 6234
6235 6235
1618 6236
6240 6240
4320 6241
5039 6242
4384 6243
1403 6244
6245 6245
6246 6246
6247 6247
6248 6248
6257 6257
6261 6261
5603 6262
6263 6263
6264 6264
6267 6267
3330 6268
3965 6270
6271 6271
6275 6275
6276 6276
6278 6278
6281 6281
6282 6282
6285 6285
6286 6286
6288 6288
5762 6292
6295 6295
2575 6300
4178 6301
6302 6302
6303 6303
6305 6305
6309 6309
869 6310
2255 6312
6315 6315
6317 6317
4956 6321
2853 6322
933 6323
4790 6325
6326 6326
6327 6327
6029 6329
6330 6330
1635 6331
6332 6332
6334 6334
2873 6335
6337 6337
6338 6338
6340 6340
6341 6341
6320 6344
6346 6346
6349 6349
6350 6350
6843 6351
3691 6355
4682 6357
6360 6360
6363 6363
6365 6365
933 6366
5502 6367
6368 6368
6370 6370
6374 6374
3686 6379
644 6380
6381 6381
6383 6383
671 6387
6388 6388
6389 6389
5743 6396
6200 6398
1014 6399
6402 6402
4042 6405
6406 6406
6407 6407
6308 6408
911 6412
4359 6414
3735 6417
1847 6418
6420 6420
6422 6422
6423 6423
6426 6426
2473 6427
6428 6428
6429 6429
6431 6431
5091 6432
6434 6434
6435 6435
6194 6436
6438 6438
6440 6440
6444 6444
6446 6446
6449 6449
4525 6455
6466 6466
6467 6467
4095 6469
6475 6475
6477 6477
6479 6479
6482 6482
4493 6486
5768 6490
6518 6491
6560 6492
828 6494
6499 6499
6504 6504
3616 6505
6508 6508
6510 6510
4623 6511
73 6512
6513 6513
3455 6514
4057 6515
6516 6516
4141 6521
1827 6523
5170 6524
6525 6525
6526 6526
6527 6527
3197 6528
6529 6529
6530 6530
6533 6533
6308 6534
4906 6535
4053 6536
2406 6537
6538 6538
3642 6541
3824 6542
6546 6546
5276 6548
6551 6551
6554 6554
6557 6557
6862 6558
6559 6559
6560 6560
6561 6561
3518 6563
307 6564
777 6565
6566 6566
6567 6567
3329 6569
6573 6573
701 6575
6577 6577
3047 6579
4030 6581
6654 6583
1548 6584
2670 6585
6587 6587
6588 6588
5837 6591
6592 6592
6595 6595
6597 6597
6598 6598
6600 6600
6862 6601
3194 6602
6603 6603
6605 6605
1523 6606
3590 6609
2956 6612
6613 6613
6617 6617
3231 6618
5398 6619
6620 6620
6215 6621
4442 6622
6623 6623
6625 6625
6626 6626
6630 6630
6631 6631
6633 6633
6637 6637
6638 6638
6639 6639
4610 6640
6178 6642
6643 6643
6644 6644
3681 6646
2248 6650
5332 6651
2221 6652
3832 6655
6657 6657
6659 6659
5782 6660
6663 6663
6665 6665
6666 6666
4190 6672
6675 6675
6678 6678
4060 6682
6683 6683
6688 6688
5547 6689
6443 6691
6693 6693
2248 6696
1116 6700
1959 6701
6704 6704
6706 6706
6707 6707
945 6708
1036 6710
6713 6713
6714 6714
6718 6718
6719 6719
6721 6721
3470 6722
1226 6723
6724 6724
6725 6725
6727 6727
1106 6728
6731 6731
4622 6732
6733 6733
6735 6735
2179 6736
6739 6739
2411 6745
418 6749
2444 6751
1180 6752
3783 6753
6754 6754
2056 6755
6756 6756
392 6757
6758 6758
1378 6760
362 6763
6767 6767
3017 6768
5061 6770
5834 6772
6778 6778
6780 6780
4922 6783
6784 6784
6785 6785
6787 6787
6788 6788
1050 6789
6791 6791
2840 6792
6793 6793
4106 6795
6118 6796
6797 6797
5666 6800
6801 6801
4060 6802
6804 6804
1006 6806
6807 6807
6808 6808
6809 6809
6817 6817
6819 6819
6823 6823
6824 6824
1164 6826
6827 6827
6829 6829
6830 6830
6831 6831
6832 6832
6834 6834
4386 6836
6838 6838
6839 6839
6841 6841
6842 6842
872 6843
6844 6844
6655 6847
6848 6848
5763 6849
6838 6854
2532 6856
4251 6857
6859 6859
6860 6860
3924 6861
6865 6865
655 6866
6869 6869
6872 6872
1501 6873
6874 6874
2221 6876
6878 6878
4021 6879
6880 6880
6183 6883
6889 6889
