3748 3748
3774 3774
3629 3629
115 115
3753 3753
3752 3752
3622 3622
3749 3749
6253 6253
6276 6276
6254 6254
3623 3623
3846 3846
113 113
266 266
6271 6271
2797 2797
3845 3845
3633 3633
117 117
18 18
2811 2811
3652 3652
3930 3930
25 25
43 43
291 291
1908 1908
242 242
3562 3562
442 442
3653 3653
190 190
47 47
3931 3931
144 144
3166 3166
3913 3913
3609 3609
78 78
3739 3739
71 71
5369 5369
3859 3859
188 188
3915 3915
3805 3805
72 72
83 83
3558 3558
1907 1907
16 16
3577 3577
3788 3788
6240 6240
3539 3539
6241 6241
3949 3949
87 87
3591 3591
3597 3597
33 33
3588 3588
3823 3823
245 245
3792 3792
3929 3929
354 354
51 51
5640 5640
3801 3801
3550 3550
2140 2140
3542 3542
3578 3578
3829 3829
2268 2268
3821 3821
98 98
3858 3858
3070 3070
2048 2048
6 6
3802 3802
3563 3563
324 324
409 409
3054 3054
330 330
3549 3549
3583 3583
323 323
408 408
3547 3547
107 107
23 23
52 52
156 156
29 29
99 99
348 348
37 37
38 38
22 22
2074 2074
6248 6248
3947 3947
3656 3656
3584 3584
3841 3841
6249 6249
3932 3932
321 321
435 435
39 39
30 30
322 322
3611 3611
2780 2780
3916 3916
3741 3741
438 438
3613 3613
6270 6270
21 21
4 4
356 356
3569 3569
433 433
3165 3165
5840 5840
5458 5458
2056 2056
2057 2057
347 347
6267 6267
312 312
415 415
5595 5595
3572 3572
2046 2046
5602 5602
5588 5588
105 105
344 344
5833 5833
3051 3051
2198 2198
5596 5596
5750 5750
2270 2270
5517 5517
5591 5591
1998 1998
2178 2178
3704 3704
2177 2177
2189 2189
2246 2246
5708 5708
5518 5518
2802 2802
2791 2791
436 436
3617 3617
3745 3745
3667 3667
2127 2127
2054 2054
104 104
2130 2130
5837 5837
5590 5590
2788 2788
5589 5589
5630 5630
6041 6041
2294 2294
2274 2274
1 1
234 234
148 148
2259 2259
2174 2174
5597 5597
2128 2128
5673 5673
2129 2129
2771 2771
2479 2479
2498 2498
5820 5820
5824 5824
1997 1997
2480 2480
2378 2378
2628 2628
416 416
3780 3780
5651 5651
2496 2496
2785 2785
2258 2258
5510 5510
3910 3910
2598 2598
5621 5621
2806 2806
2167 2167
62 62
61 61
5951 5951
3052 3052
147 147
2164 2164
7 7
2596 2596
2119 2119
2470 2470
2597 2597
2595 2595
2150 2150
2801 2801
2616 2616
5578 5578
5844 5844
2604 2604
6238 6238
2382 2382
2478 2478
2506 2506
2386 2386
2477 2477
5819 5819
5456 5456
2212 2212
2084 2084
2774 2774
2180 2180
2061 2061
0 0
2079 2079
3772 3772
6068 6068
3046 3046
2602 2602
1982 1982
3648 3648
5864 5864
2078 2078
6055 6055
2581 2581
5579 5579
5853 5853
5622 5622
149 149
5612 5612
5671 5671
2237 2237
2623 2623
3795 3795
5515 5515
2080 2080
282 282
2600 2600
2239 2239
2590 2590
6231 6231
174 174
5946 5946
2588 2588
3706 3706
6234 6234
6052 6052
6077 6077
3672 3672
5657 5657
5637 5637
2621 2621
5717 5717
5523 5523
5932 5932
306 306
5641 5641
5746 5746
2221 2221
6056 6056
6059 6059
5654 5654
2624 2624
2166 2166
2186 2186
2255 2255
5542 5542
2589 2589
3869 3869
6048 6048
2256 2256
6158 6158
5939 5939
135 135
5975 5975
5684 5684
6061 6061
5539 5539
6064 6064
6073 6073
2364 2364
3644 3644
362 362
2515 2515
5715 5715
5967 5967
2086 2086
5477 5477
5543 5543
3687 3687
3058 3058
2502 2502
2120 2120
258 258
5938 5938
5497 5497
2632 2632
5472 5472
5450 5450
5865 5865
5646 5646
333 333
201 201
6081 6081
2620 2620
6084 6084
3866 3866
3904 3904
2629 2629
2522 2522
3868 3868
5452 5452
2521 2521
2035 2035
2224 2224
2619 2619
173 173
6087 6087
224 224
3877 3877
2670 2670
202 202
2287 2287
2039 2039
5969 5969
376 376
2643 2643
5677 5677
2030 2030
3960 3960
581 581
2093 2093
5978 5978
5663 5663
3808 3808
197 197
3817 3817
2404 2404
512 512
158 158
5974 5974
2650 2650
4022 4022
2027 2027
5471 5471
4019 4019
6881 6881
5973 5973
448 448
2184 2184
5697 5697
5986 5986
2023 2023
3867 3867
2526 2526
3670 3670
5479 5479
5977 5977
6090 6090
3994 3994
2397 2397
6029 6029
5549 5549
3708 3708
196 196
6091 6091
3840 3840
1988 1988
536 536
4020 4020
5727 5727
5559 5559
6143 6143
4011 4011
4006 4006
298 298
3717 3717
284 284
5980 5980
3716 3716
5447 5447
526 526
2453 2453
1987 1987
2687 2687
5550 5550
4000 4000
2022 2022
5870 5870
535 535
3959 3959
2067 2067
508 508
2033 2033
2648 2648
3897 3897
5979 5979
2454 2454
473 473
164 164
371 371
334 334
220 220
3995 3995
5573 5573
519 519
4024 4024
1770 1770
226 226
367 367
225 225
546 546
5561 5561
5527 5527
3965 3965
6101 6101
577 577
560 560
537 537
580 580
3967 3967
1772 1772
2558 2558
5748 5748
554 554
6096 6096
3984 3984
559 559
4025 4025
2431 2431
3691 3691
5902 5902
2655 2655
2571 2571
2538 2538
550 550
1777 1777
2442 2442
481 481
1764 1764
2534 2534
2755 2755
544 544
3899 3899
5449 5449
5706 5706
3490 3490
2662 2662
2544 2544
3969 3969
5566 5566
2567 2567
464 464
518 518
6003 6003
5702 5702
493 493
4032 4032
150 150
490 490
2572 2572
5233 5233
475 475
2676 2676
499 499
5704 5704
3987 3987
494 494
5893 5893
4030 4030
2428 2428
495 495
4037 4037
2424 2424
4038 4038
4048 4048
576 576
2422 2422
181 181
5802 5802
5569 5569
2545 2545
2674 2674
2703 2703
3953 3953
5676 5676
6121 6121
151 151
2696 2696
6011 6011
5995 5995
2657 2657
6000 6000
217 217
5564 5564
4054 4054
2663 2663
4055 4055
556 556
2059 2059
2282 2282
488 488
5804 5804
2756 2756
4056 4056
2215 2215
6166 6166
3812 3812
3996 3996
2577 2577
487 487
6120 6120
6110 6110
4002 4002
5882 5882
4052 4052
2449 2449
3694 3694
3680 3680
5883 5883
2562 2562
2456 2456
5733 5733
5877 5877
4053 4053
5757 5757
2541 2541
5990 5990
4243 4243
2557 2557
440 440
6148 6148
2302 2302
2104 2104
5876 5876
213 213
5705 5705
5402 5402
5879 5879
3364 3364
2463 2463
3718 3718
5996 5996
5885 5885
4203 4203
4206 4206
6006 6006
6112 6112
390 390
6159 6159
2418 2418
6039 6039
215 215
6152 6152
6037 6037
2109 2109
2716 2716
4905 4905
6015 6015
4012 4012
5389 5389
5764 5764
3813 3813
5777 5777
6837 6837
5340 5340
3406 3406
6175 6175
6161 6161
452 452
5712 5712
5749 5749
5808 5808
6117 6117
6217 6217
6024 6024
2425 2425
5406 5406
4169 4169
5401 5401
3343 3343
3068 3068
4264 4264
5350 5350
5796 5796
4975 4975
596 596
702 702
693 693
6168 6168
5349 5349
3900 3900
2468 2468
6122 6122
5330 5330
5352 5352
5811 5811
5812 5812
2855 2855
6753 6753
6402 6402
754 754
5791 5791
4242 4242
5774 5774
3310 3310
3366 3366
6460 6460
3695 3695
212 212
5922 5922
6174 6174
6163 6163
2737 2737
2308 2308
6126 6126
5317 5317
2452 2452
163 163
6107 6107
2761 2761
4831 4831
3892 3892
3311 3311
1430 1430
1924 1924
3362 3362
5909 5909
2435 2435
640 640
5381 5381
6177 6177
5393 5393
587 587
5300 5300
5385 5385
1941 1941
5881 5881
2857 2857
2307 2307
2988 2988
667 667
1927 1927
5888 5888
5769 5769
2993 2993
3032 3032
5785 5785
776 776
5929 5929
5343 5343
1892 1892
682 682
1877 1877
5328 5328
5395 5395
3065 3065
6838 6838
5794 5794
3030 3030
5348 5348
5169 5169
5927 5927
1940 1940
2444 2444
4226 4226
4892 4892
210 210
3363 3363
5168 5168
1272 1272
604 604
697 697
775 775
3271 3271
6419 6419
6415 6415
5439 5439
5891 5891
4799 4799
3316 3316
1962 1962
5186 5186
3062 3062
5816 5816
5336 5336
930 930
1356 1356
769 769
3063 3063
622 622
6754 6754
5906 5906
5117 5117
819 819
3274 3274
2860 2860
3439 3439
3227 3227
3230 3230
3037 3037
6329 6329
1867 1867
1762 1762
4160 4160
4830 4830
4887 4887
1878 1878
3346 3346
5226 5226
3036 3036
1928 1928
6758 6758
6328 6328
3270 3270
6439 6439
5097 5097
5775 5775
3042 3042
3768 3768
3368 3368
3345 3345
1358 1358
4782 4782
3309 3309
6193 6193
5202 5202
5771 5771
714 714
6745 6745
3066 3066
2852 2852
5113 5113
3265 3265
624 624
5388 5388
5907 5907
701 701
1851 1851
6424 6424
1855 1855
771 771
4101 4101
2977 2977
5139 5139
6360 6360
3034 3034
1281 1281
3263 3263
1402 1402
3349 3349
6354 6354
5175 5175
2904 2904
5189 5189
3291 3291
2330 2330
3035 3035
5125 5125
1393 1393
6438 6438
5313 5313
6741 6741
2336 2336
5437 5437
5130 5130
5347 5347
2976 2976
2318 2318
5201 5201
6195 6195
4874 4874
6180 6180
5180 5180
6416 6416
2338 2338
6423 6423
6503 6503
3169 3169
1257 1257
6762 6762
6668 6668
4917 4917
3497 3497
5427 5427
1293 1293
741 741
5174 5174
1850 1850
3281 3281
6181 6181
2952 2952
2975 2975
6684 6684
1760 1760
6713 6713
6359 6359
6665 6665
5150 5150
3298 3298
792 792
6756 6756
3419 3419
6658 6658
6326 6326
6669 6669
5199 5199
2356 2356
423 423
5034 5034
6667 6667
2981 2981
6704 6704
5327 5327
699 699
3247 3247
704 704
1904 1904
5411 5411
943 943
5801 5801
3371 3371
5063 5063
4860 4860
6196 6196
6688 6688
2354 2354
5166 5166
5122 5122
1543 1543
6327 6327
6627 6627
3266 3266
2980 2980
1833 1833
5090 5090
3253 3253
5770 5770
3038 3038
4185 4185
6666 6666
1843 1843
1958 1958
6646 6646
2866 2866
5050 5050
3249 3249
2891 2891
3683 3683
6657 6657
3076 3076
5103 5103
5054 5054
5094 5094
3226 3226
5214 5214
5365 5365
1841 1841
2762 2762
6335 6335
3223 3223
3225 3225
6638 6638
6334 6334
610 610
2744 2744
759 759
4910 4910
5378 5378
3073 3073
5033 5033
3231 3231
5035 5035
5031 5031
5011 5011
6839 6839
2944 2944
2727 2727
4258 4258
4091 4091
6644 6644
6273 6273
5032 5032
2340 2340
4714 4714
5408 5408
5040 5040
1424 1424
4725 4725
4100 4100
5410 5410
1441 1441
6718 6718
5197 5197
6313 6313
6641 6641
6705 6705
2961 2961
6648 6648
2822 2822
6477 6477
613 613
1831 1831
4680 4680
2718 2718
1825 1825
6642 6642
5102 5102
2865 2865
6626 6626
2960 2960
5782 5782
4111 4111
2736 2736
6714 6714
4417 4417
5304 5304
5110 5110
6659 6659
2719 2719
6634 6634
5170 5170
3004 3004
5218 5218
6319 6319
5194 5194
2890 2890
1295 1295
5029 5029
600 600
4982 4982
4183 4183
1421 1421
5074 5074
5039 5039
4741 4741
1346 1346
6613 6613
3917 3917
4302 4302
5079 5079
453 453
2939 2939
5780 5780
5067 5067
5066 5066
1291 1291
778 778
2766 2766
6686 6686
4085 4085
6748 6748
6207 6207
5359 5359
5412 5412
2955 2955
4863 4863
5057 5057
5407 5407
6192 6192
6488 6488
3238 3238
4907 4907
1391 1391
6282 6282
5100 5100
6209 6209
6841 6841
3373 3373
4130 4130
2729 2729
824 824
4981 4981
4894 4894
6797 6797
3421 3421
4176 4176
6695 6695
1682 1682
6349 6349
5025 5025
5046 5046
1740 1740
1832 1832
1704 1704
1837 1837
790 790
1681 1681
1707 1707
1953 1953
6318 6318
2746 2746
1506 1506
1243 1243
4849 4849
5075 5075
3219 3219
6615 6615
4429 4429
652 652
4827 4827
5144 5144
3400 3400
2874 2874
6214 6214
1674 1674
4795 4795
4155 4155
743 743
5390 5390
5204 5204
6395 6395
1445 1445
1245 1245
4134 4134
806 806
5290 5290
4778 4778
4158 4158
1639 1639
6767 6767
1697 1697
1808 1808
1748 1748
3444 3444
1719 1719
5275 5275
4979 4979
1973 1973
1643 1643
4146 4146
6693 6693
4299 4299
2938 2938
4175 4175
1702 1702
3379 3379
4793 4793
1713 1713
4312 4312
4792 4792
2941 2941
1968 1968
1824 1824
6470 6470
1377 1377
1715 1715
6807 6807
1348 1348
5027 5027
400 400
708 708
1586 1586
660 660
1746 1746
3449 3449
3902 3902
706 706
3012 3012
2949 2949
3235 3235
709 709
782 782
1977 1977
1718 1718
4308 4308
4140 4140
4076 4076
826 826
1727 1727
4777 4777
1646 1646
3408 3408
5185 5185
1676 1676
1553 1553
4141 4141
3242 3242
3470 3470
1731 1731
1708 1708
805 805
4149 4149
1380 1380
1860 1860
4885 4885
1816 1816
1556 1556
6467 6467
4791 4791
606 606
711 711
1744 1744
4909 4909
4902 4902
1591 1591
1965 1965
4300 4300
1669 1669
1948 1948
1653 1653
1820 1820
4717 4717
3216 3216
1654 1654
5356 5356
4786 4786
734 734
4294 4294
1745 1745
1638 1638
6353 6353
6469 6469
4105 4105
4077 4077
6374 6374
4269 4269
3412 3412
1329 1329
3295 3295
4123 4123
1946 1946
789 789
4219 4219
6342 6342
3407 3407
1648 1648
1741 1741
6346 6346
3332 3332
1592 1592
6367 6367
1645 1645
3392 3392
4106 4106
3333 3333
1721 1721
1572 1572
3403 3403
637 637
1535 1535
3205 3205
3376 3376
4688 4688
4796 4796
2848 2848
4686 4686
1684 1684
2964 2964
1201 1201
1976 1976
6339 6339
6848 6848
4687 4687
3377 3377
1330 1330
1737 1737
2877 2877
5285 5285
5206 5206
1409 1409
1563 1563
4698 4698
6341 6341
6431 6431
1631 1631
923 923
5324 5324
1611 1611
4412 4412
3203 3203
4230 4230
5323 5323
6793 6793
3458 3458
4276 4276
3194 3194
4208 4208
926 926
5253 5253
736 736
1625 1625
2819 2819
1610 1610
6849 6849
6827 6827
4316 4316
1605 1605
6338 6338
4165 4165
4114 4114
3183 3183
4805 4805
4210 4210
3195 3195
1668 1668
6830 6830
1729 1729
2846 2846
1577 1577
1396 1396
6778 6778
6862 6862
1753 1753
1519 1519
2971 2971
991 991
6865 6865
924 924
6851 6851
6860 6860
3460 3460
6777 6777
1240 1240
6794 6794
4211 4211
3010 3010
6835 6835
6829 6829
3180 3180
6465 6465
3178 3178
1481 1481
4285 4285
6457 6457
6855 6855
1026 1026
1000 1000
3190 3190
3383 3383
6731 6731
1038 1038
1482 1482
1397 1397
3385 3385
4332 4332
6790 6790
2884 2884
3319 3319
1274 1274
1027 1027
1755 1755
996 996
1135 1135
3384 3384
4331 4331
657 657
989 989
6812 6812
1039 1039
654 654
3193 3193
6818 6818
3389 3389
1126 1126
1531 1531
4735 4735
1792 1792
1128 1128
6784 6784
4145 4145
2823 2823
1037 1037
1129 1129
1001 1001
6809 6809
391 391
3192 3192
1134 1134
3382 3382
987 987
5222 5222
2932 2932
939 939
4215 4215
1345 1345
4957 4957
1834 1834
6823 6823
1015 1015
3086 3086
1147 1147
6735 6735
993 993
6308 6308
726 726
4290 4290
1796 1796
253 253
1148 1148
1462 1462
1270 1270
6602 6602
4108 4108
1460 1460
3177 3177
984 984
6608 6608
1461 1461
1634 1634
4963 4963
6456 6456
1484 1484
965 965
632 632
1795 1795
3186 3186
846 846
6291 6291
808 808
1156 1156
1113 1113
631 631
3085 3085
4424 4424
891 891
1145 1145
4956 4956
6301 6301
615 615
941 941
4964 4964
919 919
2951 2951
6524 6524
5259 5259
1786 1786
6582 6582
4958 4958
964 964
3112 3112
4750 4750
807 807
3136 3136
1797 1797
4718 4718
1004 1004
970 970
3090 3090
4289 4289
1058 1058
974 974
4329 4329
4820 4820
908 908
1061 1061
750 750
6591 6591
6376 6376
6580 6580
6368 6368
6589 6589
3111 3111
3109 3109
6588 6588
4719 4719
845 845
4237 4237
1447 1447
617 617
980 980
3113 3113
6389 6389
720 720
1485 1485
1062 1062
725 725
1174 1174
3157 3157
3761 3761
3108 3108
809 809
4425 4425
621 621
3016 3016
6578 6578
385 385
1068 1068
1054 1054
749 749
6719 6719
722 722
1065 1065
1094 1094
6541 6541
1085 1085
4372 4372
3014 3014
905 905
4749 4749
6538 6538
958 958
1021 1021
4326 4326
4613 4613
4729 4729
6597 6597
1160 1160
1368 1368
4601 4601
4423 4423
1172 1172
6561 6561
4193 4193
950 950
6721 6721
963 963
6514 6514
4619 4619
3017 3017
6305 6305
1799 1799
3505 3505
2827 2827
1465 1465
6522 6522
4986 4986
2826 2826
6311 6311
1265 1265
4295 4295
883 883
6508 6508
4734 4734
6595 6595
961 961
1451 1451
1359 1359
1045 1045
1108 1108
4607 4607
4602 4602
4593 4593
1095 1095
1466 1466
4296 4296
1182 1182
881 881
6303 6303
4478 4478
900 900
3140 3140
6297 6297
4812 4812
4369 4369
3128 3128
2844 2844
1076 1076
4376 4376
3473 3473
3474 3474
932 932
5248 5248
6526 6526
1101 1101
4343 4343
904 904
1139 1139
1262 1262
3125 3125
6560 6560
886 886
4692 4692
4730 4730
1188 1188
1204 1204
1066 1066
4341 4341
6520 6520
1032 1032
4991 4991
6373 6373
6539 6539
796 796
1250 1250
1496 1496
1178 1178
4495 4495
897 897
1493 1493
858 858
4525 4525
946 946
3147 3147
1029 1029
874 874
4562 4562
3088 3088
1071 1071
1164 1164
4814 4814
4523 4523
4524 4524
4944 4944
833 833
889 889
6385 6385
873 873
4480 4480
1779 1779
4455 4455
6569 6569
5264 5264
4941 4941
4353 4353
3152 3152
2833 2833
863 863
4522 4522
4436 4436
4930 4930
1803 1803
1222 1222
6872 6872
4583 4583
4494 4494
1528 1528
4989 4989
4509 4509
1501 1501
4453 4453
4397 4397
864 864
4400 4400
4971 4971
4973 4973
4653 4653
4839 4839
4454 4454
4940 4940
834 834
4506 4506
4661 4661
4574 4574
4712 4712
4321 4321
4358 4358
4844 4844
4335 4335
4440 4440
4932 4932
4534 4534
4636 4636
4568 4568
4445 4445
4573 4573
4456 4456
4333 4333
4516 4516
