0 0
1 1
4 4
6 6
7 7
2255 8
2947 9
2358 13
382 14
16 16
1634 17
18 18
21 21
22 22
23 23
2881 24
25 25
29 29
30 30
2479 31
318 32
33 33
2633 34
1929 36
37 37
38 38
39 39
1312 40
43 43
1515 44
47 47
2609 48
1859 49
245 50
51 51
52 52
2285 53
3498 56
2091 58
123 59
61 61
62 62
492 68
671 70
71 71
72 72
225 73
2226 74
3369 75
78 78
3556 79
2984 81
83 83
1405 84
1438 85
87 87
873 89
2212 90
1903 95
2085 96
1980 97
98 98
99 99
78 103
104 104
105 105
728 106
107 107
3204 109
113 113
115 115
1165 116
117 117
570 119
2723 120
2851 122
376 124
2761 125
578 126
973 127
242 128
135 135
1730 138
1042 141
1501 142
1427 143
144 144
147 147
148 148
149 149
150 150
151 151
2689 152
3272 153
2685 155
156 156
158 158
850 162
163 163
164 164
1743 165
277 171
2078 172
173 173
174 174
1450 175
2560 177
2809 180
181 181
3654 182
1992 183
2040 184
188 188
3246 189
190 190
708 192
196 196
197 197
1357 200
201 201
202 202
2535 203
2729 204
2755 206
2078 208
141 209
210 210
860 211
212 212
213 213
975 214
215 215
217 217
514 218
220 220
3133 221
1099 222
2155 223
224 224
225 225
226 226
393 228
234 234
2250 235
2759 236
3131 238
242 242
2226 243
245 245
3159 248
1000 249
539 252
253 253
258 258
2975 259
2056 260
140 261
762 262
2867 263
1205 264
266 266
1037 271
533 276
1548 279
2056 281
282 282
284 284
3332 286
291 291
2440 293
638 297
298 298
1492 300
42 301
436 302
3264 303
555 304
306 306
1087 308
312 312
2636 315
321 321
322 322
323 323
324 324
1427 325
3314 326
330 330
333 333
334 334
1951 335
941 336
1903 337
3296 341
3053 342
344 344
3556 345
347 347
348 348
2024 349
592 350
538 352
1829 353
354 354
2211 355
356 356
2973 357
2085 358
2001 360
2285 361
362 362
28 366
367 367
639 369
728 370
371 371
2294 372
2308 374
1283 375
376 376
42 378
1240 380
2591 382
385 385
171 388
390 390
391 391
706 394
871 395
31 397
400 400
1454 402
2331 403
3591 405
2718 407
408 408
409 409
170 411
2779 412
1513 414
415 415
416 416
117 420
423 423
2665 425
1871 428
36 432
433 433
435 435
436 436
438 438
440 440
442 442
1912 443
1405 444
769 447
448 448
2004 449
1126 450
1584 451
452 452
453 453
1425 455
2539 456
3051 457
1558 458
1584 459
2462 460
464 464
404 468
2575 469
470 470
2206 472
473 473
1869 474
475 475
479 479
90 480
481 481
588 484
487 487
488 488
942 489
490 490
2056 491
493 493
494 494
495 495
123 497
648 498
499 499
636 502
491 504
508 508
11 509
1207 510
512 512
3453 514
20 517
518 518
519 519
526 526
3556 527
797 528
214 529
192 530
3414 531
573 532
535 535
536 536
537 537
2986 539
3674 541
763 542
544 544
546 546
940 549
550 550
1525 551
2182 552
554 554
556 556
3395 557
1466 558
559 559
560 560
2678 562
565 565
567 567
374 570
1244 571
2546 572
31 574
1146 575
576 576
577 577
1141 579
580 580
581 581
238 583
660 584
1004 585
587 587
1501 588
811 593
596 596
3638 597
3131 599
600 600
1411 601
3069 602
2523 603
604 604
3390 605
606 606
610 610
613 613
2110 614
615 615
617 617
563 620
621 621
622 622
624 624
631 631
632 632
22 633
1188 635
2351 636
637 637
3562 639
640 640
2054 641
1249 642
3265 643
2762 644
1903 645
2577 646
1141 647
1162 648
652 652
3086 653
654 654
826 655
657 657
2612 659
660 660
3366 665
667 667
1186 668
3607 669
1577 673
1128 674
775 675
1743 678
310 681
682 682
3038 683
631 687
2350 689
2509 692
693 693
3128 695
1061 696
697 697
699 699
701 701
702 702
427 703
704 704
706 706
708 708
709 709
711 711
1082 713
714 714
720 720
722 722
2146 723
1467 724
725 725
726 726
2016 727
1610 728
2638 731
734 734
736 736
1250 739
31 740
741 741
141 742
743 743
1903 745
749 749
750 750
686 752
754 754
462 757
1734 758
759 759
2460 760
2315 761
3264 763
157 766
769 769
716 770
771 771
3000 773
775 775
776 776
1274 777
778 778
240 779
530 781
782 782
3360 786
239 788
789 789
790 790
792 792
2431 795
796 796
3674 799
1748 801
1935 802
3621 803
111 804
805 805
806 806
807 807
808 808
809 809
2657 811
3220 813
3485 815
816 816
3052 818
819 819
861 821
3288 822
824 824
826 826
2400 829
533 830
2721 831
2087 832
833 833
834 834
1051 836
3036 839
578 840
3283 841
494 843
845 845
846 846
1026 847
2669 849
12 851
357 853
858 858
511 861
863 863
864 864
3089 865
574 867
3599 870
14 872
873 873
874 874
2423 875
879 879
1524 880
881 881
883 883
886 886
692 887
3066 888
889 889
1457 890
891 891
1567 896
897 897
2161 899
900 900
1779 902
904 904
905 905
908 908
2879 910
1850 912
1552 915
919 919
1039 921
923 923
924 924
926 926
2468 927
2707 929
930 930
3504 931
932 932
1927 933
2040 935
3621 936
939 939
42 940
941 941
943 943
568 944
946 946
950 950
674 952
2107 954
166 956
1616 957
958 958
574 959
961 961
98 962
963 963
964 964
965 965
594 969
970 970
974 974
3175 978
1219 979
980 980
3175 981
2226 982
984 984
987 987
3584 988
989 989
430 990
991 991
171 992
993 993
1240 995
996 996
2968 997
1463 999
1000 1000
1001 1001
1004 1004
2163 1005
3218 1006
491 1007
161 1012
835 1013
1015 1015
1021 1021
1743 1022
2562 1023
848 1024
3201 1025
1026 1026
1027 1027
1029 1029
592 1030
2338 1031
1032 1032
1739 1036
1037 1037
1038 1038
1039 1039
1725 1040
2970 1041
1045 1045
2867 1046
2665 1047
1903 1049
917 1051
1054 1054
1058 1058
1505 1059
1061 1061
1062 1062
403 1064
1065 1065
1066 1066
419 1067
1068 1068
1071 1071
3470 1072
1632 1074
1076 1076
3556 1078
1195 1080
1624 1082
2171 1083
1085 1085
2344 1089
1678 1090
2809 1092
3131 1093
1094 1094
1095 1095
1306 1096
1501 1097
411 1099
1101 1101
1087 1103
420 1104
3214 1105
1108 1108
3095 1109
224 1110
2995 1111
978 1112
1113 1113
3058 1114
2713 1115
1009 1117
478 1120
658 1123
1181 1124
1460 1125
1126 1126
3028 1127
1128 1128
1129 1129
1831 1132
1134 1134
1135 1135
1843 1136
1137 1137
237 1138
1139 1139
1140 1140
47 1144
1145 1145
1147 1147
1148 1148
1576 1149
3656 1150
3485 1151
2579 1152
1251 1153
2085 1154
1156 1156
1160 1160
2366 1161
2193 1162
1163 1163
1164 1164
1166 1166
583 1168
1052 1169
1576 1170
3021 1171
1172 1172
443 1173
1174 1174
2206 1175
1178 1178
3597 1180
1182 1182
438 1185
1188 1188
2369 1192
2443 1197
1201 1201
524 1202
1204 1204
3200 1207
1434 1208
852 1218
1707 1219
1222 1222
2352 1224
1996 1225
752 1226
817 1229
2766 1231
2293 1232
3049 1235
991 1238
1240 1240
2711 1241
1243 1243
1245 1245
2212 1246
1441 1248
1250 1250
1462 1253
1859 1256
1257 1257
1788 1258
3314 1259
1262 1262
1265 1265
16 1267
1270 1270
2940 1271
1272 1272
1274 1274
1038 1276
1277 1277
1278 1278
2280 1279
2206 1280
1281 1281
2049 1283
973 1285
880 1286
1610 1288
2859 1289
1616 1290
1291 1291
1293 1293
3671 1294
1295 1295
3516 1299
874 1305
2024 1307
1805 1310
917 1311
665 1312
2206 1314
1533 1315
1066 1317
3214 1322
3220 1324
3220 1328
1329 1329
1330 1330
2028 1332
2005 1334
2978 1336
1853 1337
1624 1339
3477 1340
1176 1341
2005 1342
2784 1343
1119 1344
1345 1345
1346 1346
1348 1348
1353 1353
1356 1356
830 1357
1358 1358
1359 1359
242 1360
362 1361
43 1364
3220 1367
1368 1368
42 1373
2609 1375
1377 1377
1380 1380
1505 1381
1501 1384
2270 1387
1546 1390
1391 1391
1806 1392
1393 1393
213 1395
1396 1396
1397 1397
3214 1400
1294 1401
1402 1402
2173 1403
2714 1404
2217 1405
1409 1409
3556 1412
2839 1414
2229 1416
1112 1418
1600 1419
1421 1421
578 1422
361 1423
1424 1424
233 1425
1704 1427
3351 1428
1430 1430
1707 1434
1441 1441
2723 1444
1445 1445
973 1446
1447 1447
2930 1450
1451 1451
2689 1452
1993 1454
640 1456
1378 1457
2575 1459
1460 1460
1461 1461
1462 1462
1465 1465
1466 1466
3337 1469
251 1472
592 1473
2472 1474
1475 1475
566 1477
1505 1480
1481 1481
1482 1482
150 1483
1484 1484
1485 1485
3243 1487
3204 1488
3548 1492
1493 1493
1496 1496
1501 1501
3037 1503
1506 1506
2239 1507
406 1508
1514 1514
1715 1516
1519 1519
2475 1523
1195 1524
355 1527
1528 1528
1531 1531
2447 1533
3598 1534
1535 1535
1539 1539
391 1540
759 1542
1543 1543
3206 1545
3497 1546
2153 1550
3525 1551
3627 1552
1553 1553
1136 1554
1556 1556
1688 1562
1563 1563
798 1564
2499 1565
3245 1569
1572 1572
1015 1575
3054 1576
1577 1577
3146 1579
1365 1582
2202 1583
2755 1584
759 1585
1586 1586
3498 1589
77 1590
1591 1591
1592 1592
2193 1593
1822 1595
422 1596
3235 1598
1436 1599
2660 1600
3050 1603
1605 1605
2816 1607
2440 1609
1610 1610
1611 1611
3131 1612
1069 1613
2699 1616
2840 1618
1356 1619
3327 1621
973 1623
1625 1625
2935 1628
1631 1631
2824 1632
2055 1633
1634 1634
1638 1638
1639 1639
1643 1643
1645 1645
1646 1646
1648 1648
3426 1650
1653 1653
1654 1654
728 1658
403 1662
1668 1668
1669 1669
1309 1671
1674 1674
197 1675
1676 1676
3059 1677
1681 1681
1682 1682
1684 1684
1259 1688
1048 1689
1175 1690
1575 1692
1487 1693
1259 1695
1697 1697
444 1698
1702 1702
1704 1704
1707 1707
1708 1708
1713 1713
2881 1714
1715 1715
3631 1717
1718 1718
1719 1719
3542 1720
1721 1721
3076 1722
3627 1723
1115 1724
1727 1727
1729 1729
3026 1730
1731 1731
593 1735
1737 1737
596 1738
1740 1740
1741 1741
1744 1744
1745 1745
1746 1746
991 1747
1748 1748
570 1749
2589 1751
1753 1753
1755 1755
2657 1756
1423 1757
3321 1759
1760 1760
1762 1762
1764 1764
1505 1768
1770 1770
942 1771
1772 1772
738 1774
740 1776
1777 1777
2691 1778
1779 1779
3333 1780
1990 1781
1786 1786
1614 1787
1706 1789
251 1790
1831 1791
1792 1792
152 1793
1795 1795
1796 1796
1797 1797
3396 1798
1799 1799
1029 1800
1803 1803
2774 1804
2024 1805
3213 1806
1808 1808
3320 1809
1596 1812
2879 1813
1816 1816
2539 1819
1820 1820
936 1821
1824 1824
1825 1825
2809 1827
1831 1831
1832 1832
1833 1833
1834 1834
374 1836
1837 1837
1841 1841
2133 1842
1843 1843
2285 1845
43 1846
1850 1850
1851 1851
1855 1855
332 1858
1860 1860
3175 1862
2560 1863
588 1865
1867 1867
3379 1868
1324 1870
844 1871
1009 1872
2239 1873
3525 1876
1877 1877
1878 1878
3175 1884
2840 1885
1951 1886
2805 1887
2776 1888
362 1889
2961 1891
1892 1892
348 1895
801 1896
2392 1899
885 1900
3178 1903
1904 1904
2986 1905
1907 1907
1908 1908
2660 1909
971 1912
2597 1914
3371 1915
1456 1916
77 1917
3132 1919
1347 1922
1924 1924
3543 1925
3404 1926
1927 1927
1928 1928
1240 1932
814 1935
1940 1940
1941 1941
1236 1942
232 1944
2345 1945
1946 1946
1948 1948
3369 1950
2597 1951
3627 1952
1953 1953
3536 1954
532 1957
1958 1958
3470 1960
236 1961
1962 1962
3432 1964
1965 1965
1968 1968
709 1969
433 1970
1973 1973
2665 1974
1976 1976
1977 1977
1389 1979
1982 1982
1993 1983
2915 1984
1119 1985
1987 1987
1988 1988
724 1989
447 1990
3 1994
1997 1997
1998 1998
1855 1999
822 2001
2057 2003
3304 2006
2638 2008
1528 2012
2338 2013
860 2014
2924 2016
3631 2017
2022 2022
2023 2023
2211 2025
2027 2027
491 2029
2030 2030
2511 2031
1218 2032
2033 2033
3585 2034
2035 2035
3022 2037
1058 2038
2039 2039
433 2040
529 2041
612 2042
2879 2043
2135 2044
2046 2046
2048 2048
2054 2049
2428 2051
2065 2053
2054 2054
2056 2056
2057 2057
2059 2059
3524 2060
2061 2061
2174 2062
230 2063
572 2065
2067 2067
1584 2070
1309 2072
3184 2073
2074 2074
3647 2076
2078 2078
2079 2079
2080 2080
2627 2081
3603 2083
2084 2084
2086 2086
3047 2087
1505 2091
2093 2093
1647 2094
38 2095
844 2097
3508 2098
2652 2099
608 2101
2104 2104
3657 2105
2114 2107
2109 2109
2447 2111
591 2112
2383 2113
1424 2114
1007 2116
2905 2117
2119 2119
2120 2120
3666 2122
3223 2124
2127 2127
2128 2128
2129 2129
2130 2130
2637 2131
1437 2132
2734 2134
1159 2137
2140 2140
31 2141
2905 2143
1609 2144
2150 2150
1106 2151
3045 2152
3291 2154
1837 2155
1500 2161
3128 2162
965 2163
2164 2164
2166 2166
2167 2167
2943 2170
235 2171
2174 2174
1549 2175
2177 2177
2178 2178
2180 2180
775 2183
2184 2184
3556 2185
2186 2186
88 2187
1547 2188
2189 2189
1454 2193
1511 2194
2414 2195
2198 2198
921 2199
3140 2200
1315 2202
2905 2203
1025 2206
3150 2208
2830 2209
2212 2212
1996 2213
1932 2214
2215 2215
3218 2216
277 2217
998 2218
2080 2220
2221 2221
2224 2224
10 2225
3638 2227
2239 2228
1618 2229
2519 2231
1756 2235
2237 2237
2239 2239
840 2243
2246 2246
1492 2247
2418 2248
428 2250
1120 2253
1373 2254
2255 2255
2256 2256
2258 2258
2259 2259
3638 2260
2550 2261
3551 2263
2436 2266
1972 2267
2268 2268
2032 2269
2270 2270
1501 2271
348 2273
2274 2274
2938 2275
2863 2276
2893 2277
2282 2282
3317 2284
2287 2287
2249 2291
2294 2294
1860 2296
2327 2298
3004 2301
2302 2302
3287 2304
2307 2307
2308 2308
3282 2313
2608 2315
360 2316
2318 2318
1188 2322
1135 2326
1654 2327
2330 2330
863 2331
2768 2333
2336 2336
2338 2338
2499 2339
2340 2340
12 2344
306 2345
1922 2346
2822 2351
2354 2354
911 2355
2356 2356
2556 2358
89 2360
2683 2361
3139 2362
740 2363
2364 2364
150 2365
1501 2368
3034 2369
1280 2370
728 2371
1749 2372
3556 2373
574 2374
2378 2378
216 2379
2382 2382
2970 2384
578 2385
2386 2386
2776 2387
1460 2389
3488 2390
2805 2395
1862 2396
2397 2397
2085 2398
2840 2400
594 2401
3339 2402
1868 2403
2404 2404
3071 2406
775 2407
2418 2412
2250 2413
2580 2417
2418 2418
2422 2422
2424 2424
2425 2425
2428 2428
940 2429
2431 2431
2435 2435
3182 2436
2656 2438
3299 2440
2442 2442
2824 2443
2444 2444
3085 2445
2449 2449
3327 2451
2452 2452
2453 2453
2454 2454
2456 2456
1829 2458
2591 2461
2463 2463
430 2466
2468 2468
2470 2470
2056 2472
1259 2475
2477 2477
2478 2478
2479 2479
2480 2480
165 2482
594 2483
1384 2484
1375 2491
3243 2492
2496 2496
2498 2498
660 2499
368 2500
2502 2502
107 2504
2506 2506
1903 2507
100 2508
219 2510
582 2511
2832 2514
2515 2515
390 2516
3141 2518
2521 2521
2522 2522
1761 2523
259 2525
2526 2526
1793 2529
1408 2531
3055 2533
2534 2534
873 2536
2538 2538
2541 2541
570 2543
2544 2544
2545 2545
2556 2551
3534 2553
2557 2557
2558 2558
1112 2559
1863 2560
2562 2562
1502 2564
937 2566
2567 2567
2571 2571
2572 2572
647 2574
711 2576
2577 2577
2335 2578
422 2579
2581 2581
1068 2582
3118 2584
355 2585
2588 2588
2589 2589
2590 2590
2133 2592
3339 2593
1070 2594
2595 2595
2596 2596
2597 2597
2598 2598
2600 2600
1312 2601
2602 2602
2604 2604
2008 2605
283 2606
1469 2612
3053 2614
2379 2615
2616 2616
1980 2618
2619 2619
2620 2620
2621 2621
775 2622
2623 2623
2624 2624
2943 2627
2628 2628
2629 2629
2087 2630
1215 2631
2632 2632
601 2633
2987 2637
2643 2643
3311 2644
2889 2646
2990 2647
2648 2648
955 2649
2650 2650
511 2652
3578 2654
2655 2655
2657 2657
1343 2659
3462 2660
2662 2662
2663 2663
3258 2668
170 2669
2670 2670
3351 2672
2674 2674
2676 2676
3496 2677
2787 2679
1405 2680
357 2681
286 2683
3504 2684
2687 2687
1731 2688
533 2689
3336 2691
1501 2695
2696 2696
2697 2697
1875 2698
3637 2701
2703 2703
1742 2704
2433 2711
34 2713
1940 2714
3504 2715
2716 2716
2718 2718
2719 2719
1222 2720
2072 2722
2525 2726
2727 2727
3427 2728
2729 2729
1828 2732
2736 2736
2737 2737
1612 2738
2744 2744
3139 2745
2746 2746
327 2747
584 2749
433 2750
2225 2751
2809 2752
387 2753
2755 2755
2756 2756
623 2760
2761 2761
2762 2762
2078 2763
2267 2764
2766 2766
3470 2767
41 2770
2771 2771
2649 2773
2774 2774
2905 2777
1362 2779
2780 2780
2886 2781
2785 2785
491 2786
2481 2787
2788 2788
2924 2790
2791 2791
1609 2794
2623 2795
2797 2797
1451 2798
1968 2799
2042 2800
2801 2801
2802 2802
2415 2804
366 2805
2806 2806
1366 2807
1972 2809
2811 2811
2206 2814
2913 2815
2223 2816
1646 2818
2819 2819
1112 2821
2822 2822
2823 2823
1680 2825
2826 2826
2827 2827
2372 2832
2833 2833
482 2834
2307 2835
3175 2836
500 2841
2575 2842
2844 2844
2846 2846
2848 2848
2852 2852
1482 2853
2855 2855
1961 2856
2857 2857
1139 2859
2860 2860
2502 2861
2865 2865
2866 2866
1316 2867
2978 2871
2874 2874
2371 2876
2877 2877
2043 2879
1393 2881
2884 2884
774 2886
3093 2887
348 2889
2890 2890
2891 2891
422 2893
1723 2896
2150 2897
2846 2903
2904 2904
757 2905
3022 2907
3265 2908
3022 2911
1610 2913
2692 2917
2923 2923
1257 2925
1748 2926
580 2927
3556 2931
2932 2932
1366 2933
2938 2938
2939 2939
2941 2941
2405 2943
2944 2944
3004 2946
1948 2948
2949 2949
1661 2950
2951 2951
2952 2952
1272 2954
2955 2955
3071 2957
3662 2958
2960 2960
2961 2961
1454 2962
2964 2964
3317 2966
1782 2967
2184 2969
543 2970
2971 2971
2975 2975
2976 2976
2977 2977
2980 2980
2981 2981
145 2982
2405 2986
2988 2988
2993 2993
39 2995
252 2998
1898 3000
436 3001
3004 3004
1487 3005
3514 3008
3010 3010
3012 3012
3014 3014
3016 3016
3017 3017
2718 3020
2365 3022
1012 3024
427 3025
201 3026
2300 3028
3030 3030
3383 3031
3032 3032
3404 3033
3034 3034
3035 3035
3036 3036
3037 3037
3038 3038
3042 3042
118 3043
1243 3044
3046 3046
3049 3049
2468 3050
3051 3051
3052 3052
1468 3053
3054 3054
2182 3056
348 3057
3058 3058
2920 3059
3539 3060
2420 3061
3062 3062
3063 3063
3045 3064
3065 3065
3066 3066
1112 3067
3068 3068
1681 3069
3070 3070
3073 3073
803 3074
2695 3075
3076 3076
1015 3078
1523 3080
1049 3081
3085 3085
3086 3086
1875 3087
3088 3088
3090 3090
2927 3096
886 3100
89 3101
3648 3102
2525 3103
3108 3108
3109 3109
3111 3111
3112 3112
3113 3113
368 3116
592 3117
240 3120
2814 3124
3125 3125
2198 3127
3128 3128
1283 3129
1992 3130
1442 3132
1007 3135
3136 3136
2213 3137
2638 3138
3140 3140
1852 3142
763 3143
1722 3144
724 3145
2188 3146
3147 3147
1442 3148
3149 3149
2764 3150
3152 3152
3631 3155
3157 3157
2056 3164
3165 3165
3166 3166
3169 3169
2825 3172
1501 3173
3158 3175
977 3176
3177 3177
3178 3178
3021 3179
3180 3180
3183 3183
647 3185
3186 3186
2352 3189
3190 3190
3192 3192
3193 3193
3194 3194
3195 3195
2646 3196
1120 3197
1273 3199
2612 3202
3203 3203
3205 3205
2497 3207
2589 3209
3633 3211
1185 3213
31 3214
3216 3216
3219 3219
2661 3220
2759 3221
3223 3223
3225 3225
3226 3226
3227 3227
3230 3230
3231 3231
2609 3232
1129 3234
3235 3235
3487 3237
3238 3238
3220 3239
1069 3240
3242 3242
3628 3243
1029 3244
3247 3247
3249 3249
886 3250
2206 3252
3253 3253
3511 3254
740 3257
216 3258
2836 3261
88 3262
3263 3263
3656 3264
3265 3265
3266 3266
602 3269
3270 3270
3271 3271
2303 3272
2078 3273
3274 3274
2193 3275
3019 3276
1619 3278
1119 3279
3281 3281
3220 3285
1332 3286
1857 3288
3291 3291
3129 3294
3295 3295
578 3296
3298 3298
2304 3299
265 3300
647 3303
2105 3304
1029 3305
1596 3306
1584 3307
1388 3308
3309 3309
3310 3310
3311 3311
1290 3314
3316 3316
3319 3319
3133 3320
1727 3323
1702 3324
804 3326
1427 3327
2787 3328
1416 3330
3332 3332
3333 3333
3113 3335
3019 3337
1726 3342
3343 3343
3345 3345
3346 3346
3349 3349
535 3350
3432 3356
3323 3358
3380 3361
3362 3362
3363 3363
3364 3364
3148 3365
3366 3366
3368 3368
2556 3369
3371 3371
3373 3373
1816 3374
3376 3376
3377 3377
3506 3378
3379 3379
3382 3382
3383 3383
3384 3384
3385 3385
3604 3387
3516 3388
3389 3389
12 3390
3392 3392
1062 3393
588 3394
3398 3398
3049 3399
3400 3400
3213 3402
3403 3403
494 3405
3406 3406
3407 3407
3408 3408
694 3409
3412 3412
2206 3413
3327 3415
1186 3416
624 3417
3290 3418
3419 3419
340 3420
3421 3421
3483 3424
1259 3425
3248 3426
343 3427
2539 3428
3638 3430
1041 3433
1038 3436
2734 3437
3580 3438
3439 3439
3470 3441
150 3443
3444 3444
2740 3447
1596 3448
3449 3449
3591 3450
566 3453
2579 3454
3458 3458
3460 3460
2212 3461
2547 3462
710 3465
2784 3466
251 3467
2341 3468
84 3469
3470 3470
478 3471
3473 3473
3474 3474
1428 3475
2978 3476
2173 3477
1743 3479
3556 3481
2864 3482
1063 3483
1247 3484
1582 3486
3490 3490
1438 3493
3603 3495
2232 3496
3497 3497
199 3499
1560 3500
1405 3501
3597 3503
3505 3505
2193 3511
1341 3513
2460 3515
1013 3518
2054 3521
2571 3524
1926 3525
1188 3529
1456 3531
2196 3532
2787 3535
3539 3539
739 3540
3542 3542
3214 3544
706 3545
3547 3547
3549 3549
3550 3550
1548 3552
342 3553
246 3554
3558 3558
1609 3561
3562 3562
3563 3563
873 3566
2096 3567
3569 3569
3113 3571
3572 3572
2867 3573
3577 3577
3578 3578
2873 3579
3583 3583
3584 3584
763 3585
3037 3586
3588 3588
2217 3589
3591 3591
2762 3592
818 3593
87 3595
3597 3597
2947 3598
1032 3600
2986 3604
2925 3608
3609 3609
3611 3611
2631 3612
3613 3613
3617 3617
2315 3620
3622 3622
3623 3623
3245 3625
3629 3629
3457 3630
3633 3633
3634 3634
2278 3637
2538 3639
2138 3641
2959 3642
3644 3644
2344 3645
3648 3648
465 3649
2870 3651
3652 3652
3653 3653
1887 3654
3656 3656
774 3659
1948 3660
3411 3661
2163 3662
1026 3664
3667 3667
3670 3670
3672 3672
235 3674
3945 3677
5243 3678
4719 3679
3680 3680
5000 3681
3683 3683
3730 3685
5815 3686
3687 3687
5200 3688
6389 3690
3691 3691
3694 3694
3695 3695
4885 3696
3680 3698
4380 3700
4999 3702
6582 3703
3704 3704
3706 3706
3708 3708
5040 3709
3720 3711
5957 3714
3716 3716
3717 3717
3718 3718
4981 3720
4777 3722
4417 3723
3689 3727
6810 3728
4209 3729
5893 3731
6640 3732
4271 3733
6305 3734
4976 3736
4572 3737
4814 3738
3739 3739
6476 3740
3741 3741
5755 3744
3745 3745
6690 3746
3748 3748
3749 3749
6764 3751
3752 3752
3753 3753
4915 3755
5510 3757
5725 3758
6196 3759
4976 3760
3761 3761
4855 3765
5123 3767
3768 3768
5236 3769
3772 3772
3774 3774
4318 3775
6841 3776
5253 3779
3780 3780
4038 3781
5064 3782
6816 3787
3788 3788
4543 3791
3792 3792
4211 3793
3795 3795
5354 3796
4377 3798
4932 3799
6676 3800
3801 3801
3802 3802
6764 3804
3805 3805
5717 3806
3808 3808
3812 3812
3813 3813
6542 3814
3817 3817
6334 3818
4435 3819
5382 3820
3821 3821
3823 3823
5219 3826
6744 3827
3829 3829
5937 3830
6339 3831
6517 3832
5120 3835
6887 3839
3840 3840
3841 3841
4009 3842
4409 3844
3845 3845
3846 3846
3881 3847
5225 3851
5401 3853
5828 3855
4753 3857
3858 3858
3859 3859
6553 3862
3849 3865
3866 3866
3867 3867
3868 3868
3869 3869
3873 3870
4513 3871
5357 3873
6389 3874
6324 3876
3877 3877
3971 3880
6480 3881
5082 3882
4953 3883
6810 3884
4733 3888
5872 3889
5929 3890
4598 3891
3892 3892
6830 3895
5944 3896
3897 3897
5777 3898
3899 3899
3900 3900
5748 3901
3902 3902
6266 3903
3904 3904
5064 3905
6403 3908
3910 3910
5159 3912
3913 3913
3915 3915
3916 3916
3917 3917
4665 3919
6479 3921
5261 3922
4853 3923
6479 3924
4631 3926
3929 3929
3930 3930
3931 3931
3932 3932
5722 3933
5992 3934
5431 3938
4377 3941
4879 3943
5105 3945
6744 3946
3947 3947
3949 3949
5613 3950
5684 3952
3953 3953
4424 3954
6095 3955
6529 3956
5725 3957
4268 3958
3959 3959
3960 3960
6746 3964
3965 3965
6786 3966
3967 3967
4410 3968
3969 3969
3779 3971
5185 3972
6578 3973
4007 3975
5341 3978
6877 3980
4748 3983
3984 3984
4440 3985
4582 3986
3987 3987
3988 3988
5314 3989
3991 3991
3992 3992
3994 3994
3995 3995
3996 3996
4209 3997
4159 3998
4213 3999
4000 4000
4002 4002
4003 4003
4006 4006
6260 4007
4141 4008
5308 4009
4011 4011
4012 4012
3774 4014
3798 4015
5169 4018
4019 4019
4020 4020
4096 4021
4022 4022
4024 4024
4025 4025
4782 4026
4117 4028
4030 4030
4032 4032
6425 4034
4037 4037
4038 4038
6605 4045
6744 4046
4048 4048
4780 4049
4314 4051
4052 4052
4053 4053
4054 4054
4055 4055
4056 4056
5048 4057
3712 4063
4276 4065
4246 4066
5128 4067
6857 4070
5006 4072
5153 4074
4076 4076
4077 4077
3689 4078
5159 4079
3992 4081
4188 4083
4085 4085
4753 4086
5846 4090
4091 4091
4211 4094
4534 4096
4826 4099
4100 4100
4101 4101
6266 4102
5031 4104
4105 4105
4106 4106
4108 4108
4111 4111
5159 4112
5382 4113
4114 4114
4948 4115
5632 4116
5811 4117
6030 4119
4165 4120
6377 4121
4123 4123
4752 4125
6665 4126
5573 4127
5398 4128
4130 4130
3836 4131
5360 4133
4134 4134
4140 4140
4141 4141
6127 4143
4145 4145
4146 4146
4149 4149
6860 4152
4155 4155
4423 4156
4158 4158
4160 4160
5357 4162
5944 4163
4949 4164
4165 4165
6263 4167
4169 4169
5843 4171
6719 4172
3890 4173
3932 4174
4175 4175
4176 4176
5342 4177
6248 4178
6808 4179
3746 4180
4183 4183
4326 4184
4185 4185
6534 4187
6629 4189
6764 4190
6234 4191
4193 4193
4410 4195
6628 4197
6711 4201
5600 4202
4203 4203
4081 4204
4206 4206
4208 4208
4210 4210
4211 4211
5540 4213
4215 4215
4819 4216
6806 4217
4219 4219
6086 4221
4271 4225
4226 4226
6517 4227
5129 4228
4230 4230
6250 4231
4939 4232
3732 4233
5141 4234
6401 4235
5056 4236
4237 4237
6154 4238
4242 4242
4243 4243
6127 4247
5401 4249
3832 4250
5197 4257
4258 4258
6860 4259
3840 4262
4264 4264
5022 4265
5129 4266
6253 4267
4269 4269
5128 4270
5868 4272
4276 4276
5351 4280
4574 4281
5002 4283
4271 4284
4285 4285
4289 4289
4290 4290
4082 4291
4976 4292
4783 4293
4294 4294
4295 4295
4296 4296
4299 4299
4300 4300
4302 4302
4308 4308
6488 4309
4312 4312
4316 4316
3919 4318
6092 4319
6055 4320
4321 4321
6452 4323
4773 4325
4326 4326
6234 4327
4329 4329
4331 4331
4332 4332
4333 4333
4335 4335
4337 4337
4341 4341
4343 4343
4218 4345
6259 4347
4209 4348
6387 4349
4350 4350
6840 4351
4353 4353
4330 4354
6057 4356
4463 4357
4358 4358
6038 4360
6754 4361
6676 4366
4671 4367
4369 4369
6844 4370
4372 4372
6854 4373
4666 4374
6775 4375
4376 4376
6475 4379
4175 4380
4384 4384
3860 4385
5775 4386
6327 4388
4905 4389
6234 4390
5777 4392
4788 4396
4397 4397
4398 4398
4400 4400
4401 4401
5374 4402
3816 4409
4412 4412
5875 4413
5477 4414
5772 4416
4417 4417
6684 4419
6621 4420
3723 4421
4390 4422
4423 4423
4424 4424
4425 4425
5752 4426
3911 4428
4429 4429
6335 4430
6191 4431
5308 4432
4406 4433
4436 4436
4440 4440
5864 4443
4445 4445
4377 4446
4971 4447
4448 4448
4855 4449
4375 4450
4451 4451
4453 4453
4454 4454
4455 4455
4456 4456
5961 4457
3691 4458
4618 4459
4449 4461
4065 4463
6235 4465
5260 4466
4577 4467
5723 4471
5481 4473
4478 4478
4480 4480
4012 4481
4485 4485
4677 4486
4487 4487
6703 4488
4490 4490
4493 4493
4494 4494
4495 4495
6568 4496
3943 4497
4283 4501
4502 4502
4504 4504
4506 4506
4518 4507
4509 4509
3761 4510
4680 4512
4969 4513
4516 4516
6630 4517
5201 4519
4522 4522
4523 4523
4524 4524
4525 4525
6416 4528
5477 4529
5593 4531
5159 4532
6475 4533
4534 4534
4535 4535
4536 4536
4538 4538
6234 4541
4710 4542
4777 4544
5773 4545
4547 4547
3823 4548
4683 4549
4535 4551
4552 4552
4665 4554
4555 4555
4556 4556
4829 4558
4562 4562
5360 4564
5720 4565
5839 4566
4567 4567
4568 4568
6306 4569
4570 4570
4573 4571
4573 4573
4574 4574
3832 4576
4489 4577
5372 4579
3978 4580
4583 4583
5547 4585
4114 4586
4570 4587
4613 4588
4829 4589
6857 4592
4593 4593
4441 4598
5614 4600
4601 4601
4602 4602
4607 4607
5078 4609
6087 4610
5580 4611
4613 4613
4213 4614
4737 4618
4619 4619
6759 4620
6387 4622
3721 4623
4209 4625
4626 4626
4627 4627
4631 4631
6500 4632
5260 4633
4634 4634
4636 4636
4637 4637
3741 4638
4228 4640
3759 4644
5974 4646
5687 4648
4650 4650
6332 4651
6465 4652
4653 4653
5943 4654
5463 4655
5807 4658
6410 4660
4661 4661
4686 4662
6213 4663
4666 4666
6025 4667
4669 4669
3969 4670
4274 4671
4673 4673
4690 4674
6442 4675
6092 4678
5559 4679
4680 4680
6083 4683
6358 4684
5601 4685
4686 4686
4687 4687
4688 4688
3958 4691
4692 4692
4693 4693
6883 4695
6287 4697
4698 4698
4211 4699
5025 4702
4976 4704
6536 4708
4710 4710
4711 4711
4712 4712
4713 4713
4714 4714
5493 4715
3914 4716
4717 4717
4718 4718
4719 4719
5264 4720
6358 4721
5131 4722
5499 4724
4725 4725
4843 4726
6291 4727
4729 4729
4730 4730
4449 4731
4734 4734
4735 4735
4260 4737
6223 4739
4741 4741
4055 4742
4513 4743
4745 4745
6279 4748
4749 4749
4750 4750
5536 4751
6500 4753
6307 4755
6848 4756
4757 4757
4758 4758
6536 4759
6269 4760
6888 4761
6517 4762
4132 4766
5833 4767
6871 4771
5490 4773
6256 4776
4777 4777
4778 4778
4969 4781
4782 4782
4786 4786
4520 4790
4791 4791
4792 4792
4793 4793
4795 4795
4796 4796
3932 4797
3842 4798
4799 4799
4296 4801
4802 4802
4805 4805
5120 4807
4682 4808
4233 4809
6256 4810
4753 4811
4812 4812
4814 4814
5755 4815
5865 4817
4820 4820
6113 4824
3916 4826
4827 4827
4829 4829
4830 4830
4831 4831
4476 4832
5066 4833
5593 4834
6269 4836
6713 4837
4838 4838
4839 4839
5559 4841
4349 4842
5327 4843
4844 4844
5253 4845
5146 4846
6764 4847
4849 4849
5390 4850
4246 4854
5470 4858
4860 4860
4863 4863
6037 4864
4065 4865
6843 4866
6394 4867
4341 4868
6387 4869
3817 4870
4676 4872
4469 4873
4874 4874
3929 4875
3890 4876
6200 4878
6210 4879
6481 4880
5094 4883
4885 4885
4097 4886
4887 4887
3869 4889
4269 4891
4892 4892
5446 4893
4894 4894
4279 4895
4976 4896
3969 4898
3778 4899
4221 4901
4902 4902
6883 4904
4905 4905
4907 4907
4811 4908
4909 4909
4910 4910
5914 4913
5153 4914
6778 4915
4349 4916
4917 4917
4978 4918
6344 4919
3853 4920
6434 4922
4732 4926
4930 4930
5548 4931
4932 4932
5823 4933
4849 4935
4960 4937
5695 4939
4940 4940
4941 4941
5872 4943
4944 4944
4948 4948
5088 4950
6250 4952
4956 4956
4957 4957
4958 4958
5846 4959
4963 4963
4964 4964
5981 4966
3775 4967
4368 4968
5726 4969
4971 4971
6553 4972
4973 4973
4975 4975
4979 4976
5105 4977
4979 4979
4981 4981
4982 4982
4600 4983
6085 4985
4986 4986
4989 4989
5434 4990
4991 4991
4270 4992
4995 4995
5224 4996
4999 4997
5386 4998
5436 4999
5690 5000
5750 5003
6585 5004
4751 5008
5733 5009
6454 5010
5011 5011
6695 5020
6102 5021
5055 5024
5025 5025
5243 5026
5027 5027
4821 5028
5029 5029
6560 5030
5031 5031
5032 5032
5033 5033
5034 5034
5035 5035
3881 5036
5888 5037
5039 5039
5040 5040
6452 5043
4411 5045
5046 5046
4819 5048
6664 5049
5050 5050
5054 5054
5057 5057
6412 5058
6781 5059
5330 5061
5063 5063
5998 5064
5944 5065
5066 5066
5067 5067
4324 5068
3932 5069
4555 5070
5393 5072
5074 5074
5075 5075
4201 5076
6103 5077
5079 5079
6432 5082
6195 5083
3960 5084
6452 5085
5090 5090
6432 5091
5094 5094
6394 5095
5469 5096
5097 5097
5693 5098
4359 5099
5100 5100
5576 5101
5102 5102
5103 5103
3911 5107
5110 5110
6885 5112
5113 5113
5693 5115
4242 5116
5117 5117
5122 5122
4998 5124
5125 5125
4373 5126
5284 5127
4188 5128
5130 5130
5424 5133
6338 5134
6864 5136
3940 5137
6603 5138
5139 5139
4132 5140
5144 5144
4073 5145
5166 5146
6218 5147
5056 5149
5150 5150
5593 5151
6188 5154
3686 5155
4550 5156
4911 5157
6048 5160
4614 5163
5166 5166
5168 5168
5169 5169
5170 5170
6410 5172
5174 5174
5175 5175
5507 5176
6086 5178
5180 5180
3790 5182
6772 5183
4762 5184
5185 5185
5186 5186
5693 5187
5189 5189
5284 5190
4391 5192
6085 5193
5194 5194
6791 5195
4227 5196
5197 5197
5199 5199
5434 5200
5201 5201
5202 5202
5907 5203
5204 5204
6429 5205
5206 5206
4427 5207
4482 5209
3840 5211
5214 5214
5218 5218
4770 5219
5222 5222
5048 5224
5226 5226
4141 5231
5974 5232
5233 5233
6809 5235
3929 5236
5239 5239
6094 5240
4690 5242
4234 5243
4829 5246
5248 5248
4911 5249
5253 5253
5415 5254
6592 5255
4884 5257
5259 5259
5129 5260
5551 5261
5264 5264
4819 5267
6198 5268
5075 5269
5275 5275
4706 5276
3751 5277
5730 5278
3903 5279
5412 5280
6085 5281
3873 5283
6237 5284
5285 5285
6689 5287
5290 5290
5146 5291
6761 5293
4773 5295
5300 5300
6579 5302
5488 5303
5304 5304
5488 5306
4581 5308
5313 5313
6808 5314
5317 5317
4652 5319
6692 5322
5323 5323
5324 5324
3787 5325
5327 5327
5328 5328
6688 5329
5330 5330
5888 5331
6114 5332
5336 5336
4635 5337
5429 5339
5340 5340
6724 5341
4959 5342
5343 5343
4106 5345
5347 5347
5348 5348
5349 5349
5350 5350
3890 5351
5352 5352
3681 5353
5222 5355
5356 5356
5359 5359
4841 5362
4419 5363
5365 5365
6424 5366
5823 5367
5180 5368
5369 5369
4732 5373
5413 5375
4124 5377
5378 5378
4023 5379
5381 5381
4847 5382
5385 5385
6492 5386
5388 5388
5389 5389
5390 5390
5393 5393
4877 5394
5395 5395
6353 5397
5356 5398
5325 5400
5401 5401
5402 5402
4464 5405
5406 5406
5407 5407
5408 5408
4573 5409
5410 5410
5411 5411
5412 5412
5103 5413
5690 5415
5342 5416
5846 5418
5748 5419
4553 5421
6301 5422
4347 5424
5260 5425
5489 5426
5427 5427
5089 5430
5784 5432
5156 5436
5437 5437
5439 5439
5254 5440
5996 5441
3866 5442
6730 5444
5488 5445
5447 5447
5495 5448
5449 5449
5450 5450
5452 5452
6297 5453
5456 5456
5458 5458
3867 5460
3775 5461
5974 5462
4375 5463
5243 5465
5068 5469
3902 5470
5471 5471
5472 5472
5189 5473
6269 5474
4302 5475
5477 5477
5479 5479
6752 5480
3840 5483
4405 5484
4786 5487
6517 5488
5464 5489
5129 5493
4837 5494
6329 5495
6357 5496
5497 5497
6053 5500
6235 5501
4773 5503
6845 5505
4083 5506
5316 5507
6412 5508
5151 5509
5510 5510
4642 5511
5166 5512
3983 5514
5515 5515
5911 5516
5517 5517
5518 5518
4353 5519
5865 5521
5523 5523
4230 5524
6617 5525
3861 5526
5527 5527
3940 5529
4476 5530
5082 5531
6143 5532
6711 5533
6201 5534
6882 5537
5539 5539
6247 5540
5542 5542
5543 5543
5793 5544
5432 5545
6878 5547
5995 5548
5549 5549
5550 5550
6339 5556
4221 5557
5559 5559
5163 5560
5561 5561
6372 5562
5446 5563
5564 5564
6883 5565
5566 5566
5569 5569
5421 5571
5573 5573
6781 5575
5576 5576
5578 5578
5579 5579
3903 5585
3712 5587
5588 5588
5589 5589
5590 5590
5591 5591
5401 5592
4932 5594
5595 5595
5596 5596
5597 5597
3890 5599
6595 5600
5602 5602
3978 5603
6255 5605
3971 5607
4819 5608
3752 5611
5612 5612
4212 5615
5025 5620
5621 5621
5622 5622
5999 5626
3817 5628
5630 5630
4420 5631
5750 5635
4624 5636
5637 5637
5640 5640
5641 5641
3860 5642
5748 5643
5646 5646
6640 5647
5651 5651
6364 5652
5654 5654
5879 5655
5657 5657
6353 5658
6234 5660
5663 5663
5842 5665
6403 5667
5671 5671
5673 5673
5676 5676
5677 5677
6092 5682
5684 5684
3837 5685
6696 5687
4653 5691
5972 5693
6325 5696
5697 5697
5702 5702
4845 5703
5704 5704
5705 5705
5706 5706
5734 5707
5708 5708
5709 5709
5712 5712
5715 5715
5717 5717
3798 5720
4675 5721
6033 5722
6692 5724
4165 5725
5727 5727
3947 5728
5397 5731
5405 5732
5733 5733
6329 5740
6425 5743
3702 5745
5746 5746
5748 5748
5749 5749
5750 5750
4706 5754
5757 5757
4384 5759
5301 5760
5333 5762
5764 5764
6367 5765
4387 5767
5060 5768
5769 5769
5770 5770
5771 5771
4777 5772
5774 5774
5775 5775
5777 5777
5780 5780
6080 5781
5782 5782
5931 5783
4081 5784
5785 5785
5877 5786
6542 5787
6876 5788
5791 5791
5794 5794
5796 5796
5096 5797
3712 5798
4718 5799
5752 5800
5801 5801
5802 5802
5804 5804
5943 5805
5808 5808
5326 5810
5811 5811
5812 5812
5816 5816
6668 5817
3940 5818
5819 5819
5820 5820
5264 5822
6432 5823
5824 5824
5480 5825
6670 5826
5874 5827
6428 5828
4139 5830
6853 5831
5833 5833
6787 5835
5837 5837
6432 5839
5840 5840
4969 5841
4948 5842
6803 5843
5844 5844
5526 5845
5849 5848
6840 5849
5918 5850
5853 5853
5724 5854
6467 5855
6826 5858
6263 5862
5864 5864
5865 5865
4854 5869
5870 5870
4536 5871
4943 5872
4006 5873
6375 5875
5876 5876
5877 5877
5879 5879
5881 5881
5882 5882
5883 5883
5885 5885
6054 5886
5888 5888
3721 5889
5890 5890
5891 5891
5893 5893
4194 5895
4940 5896
4829 5898
3741 5900
5602 5901
5902 5902
3953 5903
3866 5905
5906 5906
5907 5907
5909 5909
4587 5911
4690 5918
5922 5922
5927 5927
5128 5928
5929 5929
5603 5930
5932 5932
4602 5935
3712 5937
5938 5938
5939 5939
5455 5940
4691 5942
3709 5943
5946 5946
5970 5947
4586 5949
5951 5951
4454 5952
4812 5954
6124 5955
6026 5957
6380 5958
6246 5959
4248 5961
5992 5963
6652 5964
5967 5967
5969 5969
3890 5972
5973 5973
5974 5974
5975 5975
5743 5976
5977 5977
5978 5978
5979 5979
5980 5980
5409 5981
4648 5984
5986 5986
5600 5987
4377 5989
5990 5990
5991 5991
4076 5993
6180 5994
5995 5995
5996 5996
6000 6000
5488 6002
6003 6003
6006 6006
6122 6007
6011 6011
5378 6014
6015 6015
3906 6016
4131 6017
4732 6019
4479 6021
6024 6024
4194 6025
5906 6026
6029 6029
4021 6033
6037 6037
6039 6039
6041 6041
3757 6042
5825 6044
6859 6045
6048 6048
6052 6052
3906 6053
6559 6054
6055 6055
6056 6056
6329 6058
6059 6059
6061 6061
5993 6063
6064 6064
5229 6067
6068 6068
5006 6070
6073 6073
4775 6075
5732 6076
6077 6077
4666 6078
6779 6080
6081 6081
6000 6082
4212 6083
6084 6084
4573 6085
5018 6086
6087 6087
6090 6090
6091 6091
4503 6092
5992 6093
6840 6094
6096 6096
6101 6101
6517 6103
6109 6104
6107 6107
5163 6108
4647 6109
6110 6110
5503 6111
6112 6112
4047 6114
3882 6115
3996 6116
6117 6117
4798 6119
6120 6120
6121 6121
6122 6122
4539 6124
6079 6125
6126 6126
5243 6128
6181 6132
5925 6134
5204 6135
4976 6137
4250 6138
6419 6139
4194 6141
6143 6143
5318 6145
6284 6146
6148 6148
4665 6150
6152 6152
3971 6154
6158 6158
6159 6159
6161 6161
6163 6163
3996 6165
6166 6166
5413 6167
6168 6168
6448 6169
6174 6174
6175 6175
6177 6177
5541 6178
6180 6180
6181 6181
5761 6184
5611 6188
6434 6191
6192 6192
6193 6193
6195 6195
6196 6196
5921 6199
4247 6201
6684 6202
6207 6207
6209 6209
4419 6212
6214 6214
6002 6215
5189 6216
6217 6217
4760 6219
5064 6220
6810 6221
5071 6223
5716 6224
5044 6226
6416 6227
5582 6228
6231 6231
5974 6233
6234 6234
6086 6235
6465 6236
6238 6238
6240 6240
6241 6241
5693 6244
6310 6245
4958 6246
6248 6248
6249 6249
3712 6250
6253 6253
6254 6254
6878 6257
5130 6258
6335 6259
4269 6260
5865 6263
6810 6264
5690 6266
6267 6267
6236 6269
6270 6270
6271 6271
6273 6273
6276 6276
6702 6279
6242 6281
6282 6282
4710 6284
5409 6286
4255 6287
4729 6289
6313 6290
6291 6291
6177 6296
6297 6297
6301 6301
6303 6303
6305 6305
6799 6307
6308 6308
6038 6310
6311 6311
5434 6312
6313 6313
4680 6314
6461 6315
4666 6316
5004 6317
6318 6318
6319 6319
4060 6321
4903 6322
6145 6325
6326 6326
6327 6327
6328 6328
6329 6329
5693 6333
6334 6334
6335 6335
6338 6338
6339 6339
6857 6340
6341 6341
6342 6342
3786 6343
6346 6346
4732 6348
6349 6349
4066 6351
4408 6352
6353 6353
6354 6354
5503 6355
6083 6357
6127 6358
6359 6359
6360 6360
5190 6361
6395 6362
4110 6363
4344 6365
5444 6366
6367 6367
6368 6368
4708 6372
6373 6373
6374 6374
6376 6376
5918 6377
5477 6379
6079 6380
3940 6382
6385 6385
4885 6386
6269 6387
6389 6389
5683 6390
4882 6391
5176 6392
5889 6393
6395 6395
4038 6398
6402 6402
6382 6407
4468 6408
3727 6410
5490 6413
6415 6415
6416 6416
5823 6418
6419 6419
4807 6420
4777 6421
4187 6422
6423 6423
6424 6424
5473 6425
4172 6430
6431 6431
5507 6432
6787 6434
6438 6438
6439 6439
5551 6442
5580 6443
6461 6444
5999 6445
5159 6447
3978 6449
3921 6452
6542 6454
3744 6455
6456 6456
6457 6457
6522 6459
6460 6460
6465 6465
6467 6467
6469 6469
6470 6470
4675 6471
4830 6475
4597 6476
6477 6477
6465 6480
6379 6481
4007 6485
6488 6488
6553 6492
6878 6502
6503 6503
6504 6504
6505 6505
6724 6507
6508 6508
4953 6511
6514 6514
3686 6515
6229 6518
5504 6519
6520 6520
6522 6522
3958 6523
6524 6524
6526 6526
6247 6527
6617 6530
3800 6531
5504 6535
6094 6536
6538 6538
6539 6539
6541 6541
4819 6545
3890 6548
6578 6551
6772 6554
4351 6556
3906 6557
6559 6559
6560 6560
6561 6561
3735 6564
3700 6565
4979 6568
6569 6569
6337 6571
4155 6572
4250 6575
5412 6576
6578 6578
6580 6580
3699 6581
6582 6582
6850 6587
6588 6588
6589 6589
6591 6591
6595 6595
6597 6597
4705 6598
6453 6601
6602 6602
4457 6603
4705 6605
3838 6607
6608 6608
6799 6609
3721 6611
6613 6613
5743 6614
6615 6615
4940 6617
6032 6619
5555 6621
4617 6623
6730 6624
6368 6625
6626 6626
6627 6627
5434 6628
5110 6630
3941 6631
5630 6632
6634 6634
6355 6636
6638 6638
6641 6641
6642 6642
6644 6644
3948 6645
6646 6646
6648 6648
4721 6651
4170 6653
4536 6654
5129 6656
6657 6657
6658 6658
6659 6659
6242 6661
6665 6665
6666 6666
6667 6667
6668 6668
6669 6669
6651 6670
6803 6673
6101 6675
4505 6676
4662 6677
5722 6678
6730 6682
6684 6684
3909 6685
6686 6686
5260 6687
6688 6688
6479 6690
4782 6691
3758 6692
6693 6693
5388 6694
6695 6695
5207 6696
6362 6699
4856 6700
6704 6704
6705 6705
4213 6706
6387 6707
3951 6709
6819 6710
6769 6712
6713 6713
6714 6714
5034 6717
6718 6718
6719 6719
6721 6721
6133 6724
5011 6728
6199 6730
6731 6731
6736 6734
6735 6735
6363 6739
6741 6741
4753 6744
6745 6745
6453 6747
6748 6748
5714 6749
3812 6750
6395 6751
6091 6752
6753 6753
6754 6754
6756 6756
6758 6758
4326 6759
4723 6761
6762 6762
3751 6764
4721 6766
6767 6767
4435 6771
3681 6775
6777 6777
6778 6778
5867 6779
6030 6780
5962 6781
6784 6784
6021 6786
6790 6790
6793 6793
6794 6794
3966 6795
5819 6796
6797 6797
5159 6798
6694 6799
3818 6801
6807 6807
4302 6808
6809 6809
5117 6810
6812 6812
4967 6813
4760 6814
5075 6816
6810 6817
6818 6818
5968 6819
3931 6821
6823 6823
3917 6825
6827 6827
6829 6829
6830 6830
4565 6831
6835 6835
6837 6837
6838 6838
6839 6839
6841 6841
4007 6843
6885 6844
6380 6845
4535 6847
6848 6848
6849 6849
3927 6850
6851 6851
6855 6855
6408 6858
3932 6859
6860 6860
6862 6862
4064 6863
6865 6865
4409 6868
6872 6872
6031 6873
4020 6874
5226 6876
4966 6880
6881 6881
5285 6882
5823 6884
6372 6885
6888 6888
6810 6889
