1285 1285
6411 6411
1207 1207
1165 1165
1120 1120
8640 8640
6204 6204
6561 6561
1018 1018
6551 6551
8561 8561
925 925
8552 8552
1078 1078
1060 1060
8017 8017
965 965
6750 6750
6799 6799
1281 1281
7526 7526
6217 6217
6329 6329
7533 7533
6436 6436
7720 7720
8674 8674
8247 8247
784 784
866 866
6562 6562
8664 8664
7473 7473
8599 8599
6654 6654
8548 8548
8476 8476
5205 5205
7780 7780
7070 7070
7255 7255
8642 8642
6614 6614
1379 1379
8685 8685
7823 7823
8748 8748
8754 8754
1029 1029
7727 7727
7204 7204
973 973
8607 8607
1110 1110
828 828
7789 7789
8461 8461
8466 8466
1104 1104
8262 8262
6700 6700
2429 2429
999 999
6526 6526
8597 8597
1014 1014
8408 8408
716 716
7346 7346
560 560
2728 2728
8628 8628
8470 8470
1369 1369
867 867
1153 1153
1135 1135
625 625
419 419
5891 5891
7866 7866
6753 6753
8710 8710
5412 5412
6810 6810
9480 9480
595 595
8128 8128
7661 7661
8453 8453
1174 1174
5345 5345
7093 7093
8979 8979
6272 6272
5402 5402
5983 5983
1053 1053
6290 6290
997 997
6384 6384
5120 5120
6751 6751
1085 1085
7815 7815
8926 8926
6237 6237
7788 7788
6198 6198
5225 5225
6490 6490
1218 1218
8243 8243
1132 1132
708 708
7861 7861
6771 6771
1250 1250
6864 6864
5978 5978
413 413
7383 7383
8096 8096
9040 9040
8749 8749
7465 7622
5022 5022
7782 7782
6837 6837
6805 6805
7092 7092
5031 5031
8878 8878
8621 8621
452 452
8322 8322
2510 2510
5942 5942
5823 5823
7275 7275
6744 6744
1391 1391
8295 8295
1071 1071
6703 6703
1074 1074
7812 7812
5226 5226
5734 5734
6353 6353
7907 7907
252 252
9416 9416
5832 5832
8366 8366
6681 6681
6203 6254
1144 1144
6269 6269
6080 6080
8325 8325
4868 4868
7520 7520
787 787
401 401
2856 2856
6090 6090
1334 1334
5761 5761
5590 5590
811 811
727 727
7951 7951
1308 1308
617 617
7310 7310
2110 2110
2179 2179
6600 6600
4906 4906
4823 4823
2823 2823
2584 2584
2566 2566
482 482
8678 8678
1444 1444
754 754
8927 8927
697 697
2490 2490
5532 5532
6469 6469
5975 5975
1579 1579
5631 5631
7828 7828
1502 1502
5726 5726
6062 6062
7531 7531
4926 4926
9173 9173
7822 7822
2564 2564
1185 1185
5292 5292
945 945
5432 5432
6777 6777
390 390
359 359
357 357
5974 5974
8124 8124
459 459
825 825
402 402
2612 2612
5145 5145
1237 1237
5686 5686
13 13
5002 5002
1341 1341
7063 7063
1869 1869
6908 6908
9605 9605
1975 1975
7965 7965
7608 7608
6107 6107
7837 7837
1611 1611
6554 6554
2905 2905
2059 2059
6193 6193
8913 8913
664 664
577 577
7936 7936
1372 1372
9586 9586
5405 5405
517 517
9801 9801
7178 7178
7454 7454
3759 3759
7849 7849
2917 2917
8759 8759
2242 2242
1345 1345
5784 5784
6223 6223
7697 7697
5269 5269
8120 8120
304 304
98 98
7167 7167
4056 4056
5445 5445
4030 4030
5737 5737
8792 8792
1517 1517
8119 8119
2412 2412
2680 2680
2884 2884
5837 5837
202 202
2061 2061
7643 7643
4756 4756
7518 7518
6229 6229
8966 8966
9132 9132
9385 9385
7027 7027
9264 9264
7153 7153
5993 5993
1888 1888
5148 5148
1095 1095
3011 3011
4909 4909
3015 3015
2262 2262
5329 5329
8914 8914
7561 7561
1075 1075
6569 6569
3766 3766
7976 7976
4882 4882
3223 3223
3097 3097
9349 9349
5957 5957
4919 4919
3842 3842
1447 1447
2771 2771
2410 2410
3569 3569
3183 3183
2708 2708
2221 2221
5858 5858
3289 3289
3537 3537
1209 1209
776 776
9228 9228
9821 9821
1318 1318
6683 6683
5282 5282
3190 3190
7598 7598
9241 9241
234 234
9778 9778
7631 7173
4200 4200
4755 4755
3348 3348
3586 3586
5266 5266
4994 4994
2738 2738
2155 2155
3821 3821
9198 9198
9789 9789
9056 9056
1927 1927
191 191
4134 4134
2840 2840
1403 1403
71 71
2209 2209
3950 3950
2032 2032
9313 9313
1551 1551
5324 5324
9867 9867
6037 5966
9761 9761
2548 2548
332 332
2172 2172
9573 9573
4640 4640
3187 3187
9199 9199
3180 3180
8077 8077
5111 5111
816 816
3684 3684
5951 5951
9316 9316
3970 3970
9216 9216
280 280
5389 5389
1692 1692
3290 3290
9967 9967
2718 2718
4912 4912
4736 4736
2073 2073
1638 1638
4544 4544
6344 6388
9135 9135
9070 9070
9724 9724
3853 3853
9894 9894
9950 9950
7491 7491
5299 5299
1906 1906
366 366
3661 3661
4596 4596
12 12
3292 3292
9408 9408
5304 5304
2966 2966
9277 9277
2808 2808
2034 2034
5311 5311
9066 9066
4450 4450
3042 3042
6209 6209
1589 1589
3782 3782
4844 4844
2274 2274
162 162
321 321
4978 4978
8212 8173
4376 4376
4370 4370
3087 3087
2782 2782
231 231
4694 4694
142 142
5523 5523
6602 6602
3650 3650
1937 1937
227 227
9753 9753
203 203
1934 1934
3982 3982
4254 4254
4767 4767
4360 4360
3939 3939
6731 6731
6792 6792
3610 3610
9843 9843
209 209
4638 4638
9726 9726
1538 1538
3539 3539
3411 3411
213 213
3550 3550
3877 3877
3254 3254
9829 9829
3570 3570
5790 5790
9957 9957
3646 3646
3530 3530
2085 2085
2066 2066
5732 5732
2551 2551
9917 9917
9896 9896
4195 4195
3415 3415
6955 6955
4478 4478
5063 5063
2289 2289
3091 3091
1771 1771
1544 1544
4038 4038
2906 2906
6708 6708
3241 3744
2181 2181
2280 2280
8135 8135
8245 8245
7880 7880
2127 1890
2177 2177
2093 2093
2008 2008
2090 2090
4314 4314
3370 3243
9 9
4445 4706
4251 4251
4383 4383
3698 3730
6405 6405
2847 2847
4355 4355
3429 3429
3814 3814
3043 3043
3007 3007
7077 7077
4483 4531
3240 3240
4163 4163
2001 2001
9925 9925
2667 2667
1908 2154
5668 5668
3534 3534
2169 2169
3132 3132
84 84
9919 9919
4372 4372
9715 9715
6035 6035
5301 5291
2762 2762
3933 3933
5011 5011
3940 3786
86 86
