4911 3
4926 6
664 8
9 9
12 12
13 13
42 14
2422 15
3164 18
2129 21
4557 23
4845 24
3509 28
589 31
3804 36
5236 39
52 42
1938 43
1735 44
2233 45
5281 46
2520 47
525 49
4154 52
2276 53
3929 54
968 58
5284 62
1880 65
892 66
3933 68
3688 70
71 71
1368 73
4302 78
84 84
4307 85
86 86
3340 87
3581 97
98 98
5119 100
2002 107
1270 109
62 110
4844 112
4019 116
607 121
5135 123
2283 125
1668 127
5014 129
2167 130
3894 132
716 134
3827 135
3774 138
2839 139
142 142
4755 145
2605 155
162 162
2764 164
383 165
1454 166
1194 167
2749 169
1095 172
1168 173
1424 175
3309 179
1548 182
1256 186
1698 188
191 191
441 192
4039 197
2625 200
3113 201
202 202
203 203
5228 205
209 209
15 210
213 213
3650 218
635 219
4694 220
3738 222
604 224
1813 226
227 227
3774 228
3399 230
231 231
4744 232
234 234
3151 235
3121 236
2588 237
257 243
5073 244
433 245
4365 247
3754 249
3963 250
252 252
3299 253
576 257
2215 259
2362 262
2695 263
5234 264
535 265
3279 266
3494 269
2880 270
2071 275
1982 276
2714 277
284 278
280 280
1813 281
1394 284
2431 290
2944 292
2764 297
3901 302
304 304
2876 306
2752 308
1093 310
1754 311
4170 315
2128 316
912 318
2888 319
321 321
2205 322
1092 324
1896 325
2974 326
13 328
332 332
3219 333
1227 334
3444 339
373 340
3270 341
2999 342
348 343
4960 344
3555 349
2630 350
3532 351
62 353
2459 354
357 357
359 359
3605 361
5085 365
366 366
4064 367
1013 371
1355 373
108 376
1816 378
384 380
3354 383
3664 385
4620 386
1397 387
3286 389
390 390
4945 391
2440 392
487 393
3223 394
3628 396
827 398
2752 400
401 401
402 402
1485 410
413 413
3327 414
3685 416
419 419
1290 423
942 427
1090 429
1560 437
2229 438
4040 440
2264 442
3508 443
1896 444
1674 446
222 448
4749 449
2421 450
452 452
2236 454
459 459
2179 460
2460 461
1812 465
1779 468
267 471
5191 472
825 474
1053 475
2298 477
4313 478
482 482
4159 489
2990 490
3241 493
4844 495
4093 498
768 499
3572 502
3341 506
5237 508
987 511
517 517
1165 519
2741 521
2803 527
230 534
4310 535
3293 539
2303 540
2843 542
100 544
2002 546
3367 547
482 550
3966 551
358 555
450 558
560 560
4837 562
4425 563
2583 564
3343 565
2516 567
4085 570
1290 572
1487 573
2467 575
3596 576
577 577
2080 578
3461 580
2649 581
3772 583
5272 585
3730 589
2977 590
1227 591
309 592
162 594
595 595
2740 597
3596 601
349 602
2603 603
2356 605
657 607
4759 610
952 612
4769 614
4582 615
617 617
2129 618
1740 620
2646 621
625 625
481 627
624 628
1521 629
1698 631
4823 633
139 637
1123 640
4200 647
4949 648
800 649
3348 651
1526 653
4904 655
3940 658
664 664
3471 667
283 673
2820 674
2552 679
5285 680
218 681
1604 685
2886 686
2843 688
3438 691
697 697
1082 700
4184 702
3814 703
5120 706
708 708
4647 709
3331 713
716 716
1430 719
1123 720
3217 722
3730 723
3730 724
440 726
727 727
133 732
4947 733
2912 734
2871 736
3627 739
3182 741
3331 742
84 744
4369 749
1624 751
754 754
1993 756
1270 757
3523 765
5204 766
2721 767
2456 768
3579 772
3011 773
5228 775
776 776
4227 779
273 782
784 784
3854 785
787 787
4219 789
2535 790
4584 791
368 792
2841 794
491 797
3546 798
1669 802
368 807
658 808
4597 810
811 811
5251 812
3835 814
1831 815
816 816
5229 820
825 825
2639 827
828 828
5317 830
3471 832
4644 833
1615 835
3931 837
2777 839
1632 842
2896 847
3978 849
1558 854
4790 857
267 858
1277 859
3466 861
866 866
867 867
3862 871
1861 873
1383 879
227 885
525 889
3628 890
4915 893
1719 894
390 895
580 896
3680 897
1719 901
4148 903
3353 905
3833 906
2002 907
315 910
4562 911
4272 912
4596 913
3471 918
2780 920
4909 921
4597 922
925 925
390 927
2229 928
1464 931
3384 932
2073 935
1454 936
2030 937
4673 938
1000 940
2819 942
119 944
945 945
5232 946
86 948
4458 950
5232 955
617 957
3063 959
2632 963
965 965
4039 969
4113 971
973 973
2276 975
1707 980
55 985
2686 990
1936 994
997 997
999 999
3159 1001
3050 1003
2741 1007
1014 1014
1723 1015
466 1016
4551 1017
1018 1018
712 1019
4445 1021
1406 1023
4417 1027
1029 1029
4451 1030
487 1032
2617 1034
1579 1036
3597 1038
4768 1039
4396 1052
1053 1053
671 1054
4572 1057
1060 1060
4947 1063
452 1067
1071 1071
1074 1074
1075 1075
2954 1077
1078 1078
2330 1079
2917 1081
1085 1085
5254 1089
2781 1090
1238 1091
1242 1093
1095 1095
2520 1096
2847 1099
3579 1100
2781 1101
1104 1104
1630 1107
1131 1108
1400 1109
1110 1110
3251 1111
2539 1116
1120 1120
1016 1122
4543 1123
1467 1125
2704 1128
155 1131
1132 1132
4390 1133
1443 1134
1135 1135
303 1138
2335 1140
955 1141
1144 1144
4039 1145
1511 1146
2999 1147
3084 1148
1370 1151
2548 1152
1153 1153
278 1154
1345 1155
4195 1156
1230 1157
1786 1158
3000 1162
2766 1163
1165 1165
2993 1167
3549 1170
1032 1171
1174 1174
2149 1175
1141 1177
4784 1180
3481 1181
1185 1185
4318 1188
2255 1196
355 1197
2649 1201
2652 1202
1270 1203
4988 1204
529 1206
1207 1207
1209 1209
59 1210
1761 1211
4846 1213
1252 1215
1218 1218
261 1224
5126 1229
5281 1231
4157 1233
2309 1235
2740 1236
1237 1237
1659 1238
333 1241
3389 1244
4186 1245
4101 1246
2943 1247
1250 1250
2311 1251
2550 1252
912 1257
308 1262
1661 1264
350 1265
1119 1266
4619 1269
328 1270
2186 1272
3922 1276
1441 1277
162 1278
2697 1279
1281 1281
375 1283
1285 1285
4534 1286
1227 1292
3774 1294
2083 1295
178 1296
4751 1297
127 1299
2884 1300
766 1301
702 1302
4390 1303
4291 1304
702 1305
1290 1307
1308 1308
4155 1310
2123 1311
968 1315
2186 1316
1318 1318
4845 1320
1269 1323
2166 1324
3279 1326
827 1327
967 1329
2682 1330
823 1331
363 1332
4738 1333
1334 1334
2022 1337
3729 1339
1341 1341
895 1344
1345 1345
912 1346
2422 1350
3372 1351
754 1353
5005 1355
3216 1356
1900 1358
1369 1369
4266 1371
1372 1372
1759 1374
4024 1377
1379 1379
750 1380
2083 1381
1319 1385
1391 1391
768 1393
4596 1394
3017 1395
5261 1401
3827 1402
1403 1403
2880 1404
1421 1407
2562 1408
784 1409
3754 1413
2353 1415
2422 1416
4731 1418
4006 1421
488 1422
2233 1423
1872 1426
3156 1431
5160 1434
4744 1439
4597 1442
1444 1444
1447 1447
3047 1454
258 1457
2512 1463
3933 1464
2917 1465
690 1468
4607 1471
3350 1473
3020 1474
1960 1475
1108 1476
1159 1477
3774 1480
3893 1481
3550 1483
4093 1484
4599 1488
802 1491
4473 1494
3893 1496
1624 1497
3508 1499
4280 1501
1502 1502
2149 1505
4815 1506
3774 1508
4366 1510
243 1516
1517 1517
2803 1522
1956 1523
1013 1526
4534 1530
2091 1532
3812 1533
222 1534
1538 1538
5116 1539
1913 1541
4696 1542
1085 1543
1544 1544
925 1545
3742 1549
1551 1551
5220 1552
5085 1555
2997 1560
2513 1561
4538 1563
1566 1566
1851 1567
4050 1569
3612 1574
4827 1577
1579 1579
1324 1586
3270 1587
1589 1589
3213 1590
4243 1592
1986 1595
194 1596
5076 1598
2053 1599
159 1601
2803 1604
1771 1609
1611 1611
1551 1614
2470 1615
3978 1620
3771 1622
1123 1624
3666 1625
624 1631
3076 1632
2079 1633
1638 1638
1754 1641
5274 1642
2017 1643
122 1647
795 1650
1880 1655
3896 1658
4588 1659
3136 1664
2491 1669
5254 1670
1473 1671
432 1677
3311 1678
5116 1679
4620 1680
1186 1681
1488 1686
2137 1687
4116 1691
1692 1692
2354 1696
2535 1697
1698 1698
2079 1700
1702 1702
3581 1703
4696 1704
1270 1707
802 1709
3693 1710
4555 1711
3901 1712
265 1713
2632 1720
127 1723
2774 1724
952 1726
3691 1727
5282 1730
4290 1731
802 1734
2410 1739
4539 1740
2739 1741
2733 1742
2516 1744
1144 1755
376 1756
892 1758
2759 1763
5247 1764
2631 1765
894 1766
3583 1767
3226 1770
1771 1771
3091 1772
2588 1773
1125 1774
3394 1777
368 1778
1757 1781
1361 1782
3618 1785
754 1787
4647 1788
1948 1789
4292 1793
2000 1794
408 1799
3507 1800
5085 1801
228 1802
119 1803
3991 1804
5005 1805
1826 1806
1935 1808
2331 1817
5281 1818
2471 1823
3232 1826
4125 1831
4892 1832
545 1833
2656 1837
1095 1840
2874 1842
4231 1843
630 1844
5064 1845
5313 1847
4338 1849
2777 1851
3833 1853
635 1856
2241 1861
836 1866
1869 1869
1135 1870
2416 1879
2625 1880
2303 1884
4881 1885
1888 1888
2127 1890
228 1891
756 1893
1303 1894
239 1896
4612 1900
5003 1901
4008 1902
1228 1903
1463 1905
1906 1906
1626 1911
4821 1915
281 1916
4686 1917
3487 1919
4171 1921
3435 1924
1927 1927
432 1930
3579 1933
1934 1934
4521 1935
5236 1936
1937 1937
2000 1938
4515 1939
5307 1940
1615 1941
1942 1942
1705 1943
3194 1944
2181 1947
4372 1948
760 1950
1560 1954
3677 1960
4891 1962
624 1965
2125 1967
3017 1971
2127 1973
1094 1974
1975 1975
1095 1978
4568 1979
2166 1983
3842 1984
4022 1987
2126 1988
862 1990
394 1991
4186 1992
1797 1993
2946 1995
199 2000
2001 2001
2708 2002
3481 2004
3041 2005
2008 2008
3151 2009
4879 2011
3904 2014
2878 2015
1132 2017
4759 2019
1448 2021
2371 2024
2730 2025
2847 2027
2845 2028
1906 2029
4980 2031
2032 2032
2034 2034
2275 2036
5262 2037
4541 2040
1119 2041
2738 2045
1820 2049
1270 2050
89 2052
4638 2053
3978 2057
743 2058
2059 2059
2061 2061
3175 2063
2066 2066
3198 2067
955 2072
2073 2073
2085 2085
2040 2087
2090 2090
209 2091
2093 2093
3278 2099
4855 2100
1128 2102
1754 2103
270 2104
2110 2110
358 2111
2723 2113
2247 2115
2127 2127
2773 2129
4286 2130
3220 2134
837 2136
308 2137
1202 2139
3036 2141
716 2142
106 2144
1348 2147
4283 2149
942 2150
3526 2151
3865 2152
1908 2154
2155 2155
2602 2157
333 2163
1303 2165
2169 2169
1962 2170
2172 2172
2223 2174
1469 2175
2177 2177
3455 2178
2179 2179
203 2180
2181 2181
3618 2182
2967 2183
2516 2187
1345 2188
1094 2189
1607 2190
2002 2191
1393 2193
1968 2194
1841 2197
3698 2199
1624 2200
4633 2203
4322 2204
3761 2205
185 2208
2209 2209
1051 2210
3475 2213
981 2215
3290 2216
1352 2217
3271 2219
4140 2220
2221 2221
4958 2227
3187 2230
1019 2231
3169 2236
2766 2237
2242 2242
2335 2244
1435 2245
3485 2248
1372 2249
4735 2251
176 2256
3251 2258
2807 2260
2262 2262
4453 2263
518 2264
1016 2265
3644 2269
2840 2271
2274 2274
2951 2275
4759 2276
5034 2277
5242 2279
2280 2280
2463 2282
5254 2285
3962 2286
2289 2289
626 2293
3801 2299
5041 2300
3931 2303
699 2304
4075 2312
358 2313
1906 2316
1980 2321
4707 2322
5278 2323
4153 2327
3730 2330
4125 2331
1004 2332
2973 2334
4350 2335
1694 2337
2019 2339
3931 2340
4390 2341
4731 2343
2975 2347
2512 2348
5191 2349
4634 2350
1819 2353
1591 2355
3530 2356
3672 2361
2988 2363
2933 2370
3332 2372
3108 2373
2244 2374
1287 2376
1317 2379
323 2381
4896 2382
3471 2384
2924 2385
2445 2387
1218 2389
1392 2390
1530 2391
1686 2393
4354 2394
2215 2395
2516 2396
2076 2399
5206 2400
1012 2404
2832 2405
2113 2406
2410 2410
1248 2411
2412 2412
968 2414
2379 2419
2439 2425
3053 2427
2429 2429
3348 2430
4890 2431
1540 2433
3759 2434
3363 2436
4272 2437
2803 2438
3392 2440
70 2441
3528 2442
3343 2443
333 2444
1550 2455
2568 2456
2421 2458
3754 2461
1311 2466
2471 2471
2855 2476
2391 2477
4799 2478
3285 2483
1116 2485
2490 2490
5249 2491
1825 2495
4868 2496
2186 2498
3896 2499
1087 2500
3111 2501
3916 2503
4350 2504
3370 2509
2510 2510
4537 2511
368 2513
4820 2514
5142 2515
1511 2518
1852 2519
1380 2520
4841 2521
204 2525
3644 2528
2210 2529
1503 2530
4176 2533
1757 2534
4064 2537
874 2539
1107 2543
124 2545
4651 2546
2548 2548
2550 2550
2551 2551
4280 2552
2269 2554
4316 2555
5148 2556
70 2558
5232 2562
919 2563
2564 2564
802 2565
2566 2566
440 2568
5100 2570
312 2576
5162 2579
3584 2580
2040 2582
2584 2584
1740 2585
100 2587
3723 2590
4571 2592
3963 2595
2250 2596
422 2597
1090 2598
3392 2599
4911 2604
1270 2605
5126 2606
1707 2611
2612 2612
4628 2614
1662 2615
3318 2619
293 2624
4045 2626
2721 2630
1186 2632
4555 2634
124 2638
918 2639
1661 2644
1509 2645
2000 2646
2341 2647
3441 2648
2243 2649
2312 2650
2812 2651
390 2652
2720 2653
727 2656
1907 2660
1723 2661
5005 2665
5206 2666
2667 2667
3241 2670
189 2673
766 2676
3755 2678
1684 2679
2680 2680
2752 2681
3745 2682
4617 2683
3441 2686
4093 2689
2630 2691
4845 2693
608 2697
5311 2699
3424 2703
4845 2707
2708 2708
2773 2709
4864 2714
4350 2716
3755 2717
2718 2718
2923 2720
4390 2723
2728 2728
229 2729
646 2731
3835 2735
5162 2736
2738 2738
4377 2742
4110 2743
3753 2744
5271 2745
452 2749
2762 2762
2771 2771
3745 2772
2764 2773
725 2774
2614 2775
4892 2776
3537 2777
3893 2778
4437 2780
1101 2781
2782 2782
4617 2784
2316 2785
4755 2789
982 2796
2730 2797
4184 2806
2808 2808
2896 2809
4003 2810
2107 2817
431 2820
3583 2822
2823 2823
671 2825
1005 2826
2740 2827
4342 2828
127 2830
4014 2831
618 2832
1095 2834
3424 2837
2840 2840
5287 2844
2847 2847
1906 2848
1691 2849
468 2850
2856 2856
942 2857
4636 2862
1324 2863
776 2865
337 2866
3901 2872
1779 2873
3945 2874
4033 2877
3840 2878
5232 2881
2387 2882
2884 2884
2030 2887
925 2888
253 2890
1440 2891
3757 2893
1060 2894
3596 2897
3283 2903
4367 2904
2905 2905
2906 2906
1051 2912
1506 2914
1187 2915
2917 2917
264 2919
1365 2920
1069 2921
1986 2926
2855 2928
2412 2929
4222 2934
2019 2948
1996 2951
2858 2958
3843 2960
3375 2964
2196 2965
2966 2966
4308 2970
3617 2971
544 2972
1660 2978
3954 2980
429 2984
4597 2985
1370 2989
1890 2992
119 2996
4024 2998
2448 3000
2942 3001
979 3002
3229 3005
3417 3006
3007 3007
4208 3010
3011 3011
5218 3013
4095 3014
3015 3015
2080 3017
3327 3019
1227 3021
1261 3023
4315 3026
2396 3028
3545 3029
307 3034
1825 3036
322 3039
3628 3040
3042 3042
3043 3043
3189 3047
4497 3049
1493 3050
200 3055
930 3056
4303 3057
3318 3059
1741 3063
96 3065
2214 3066
4338 3070
501 3076
310 3079
2550 3080
1282 3084
0 3085
3087 3087
2946 3088
3487 3089
3091 3091
3270 3093
1113 3095
2878 3096
3097 3097
1542 3098
3862 3099
1509 3100
2841 3104
1906 3105
4619 3106
4152 3107
4376 3110
4620 3111
4451 3112
3279 3114
4789 3115
3691 3120
503 3121
967 3122
5284 3126
1925 3130
3621 3131
3132 3132
718 3134
3870 3135
4119 3136
3680 3138
4569 3142
3731 3146
3851 3148
4827 3156
4541 3158
4497 3159
3425 3160
1197 3162
365 3163
3410 3164
1490 3166
4143 3167
2055 3168
1968 3169
5307 3172
929 3177
2331 3179
3180 3180
3183 3183
4807 3185
1703 3186
3187 3187
2966 3189
3190 3190
3978 3193
2533 3195
4125 3198
2994 3201
1696 3205
3208 3208
2353 3211
3836 3215
5175 3216
485 3218
3223 3223
3229 3229
4924 3231
2543 3234
1630 3235
5160 3236
1604 3237
3240 3240
4729 3242
3370 3243
3583 3244
4538 3246
4418 3248
4307 3249
2111 3251
2069 3253
3254 3254
5089 3257
3353 3261
2002 3263
2078 3267
2578 3268
4911 3269
3162 3270
1613 3272
5159 3274
3288 3277
3533 3280
4372 3281
9 3282
802 3283
1814 3284
2858 3285
4693 3287
5236 3288
3289 3289
3290 3290
3292 3292
2574 3293
495 3295
1056 3296
136 3297
3312 3298
4346 3299
2739 3305
4648 3306
4189 3312
827 3321
2850 3327
3073 3328
3893 3330
494 3333
4592 3336
1400 3338
4579 3339
5020 3340
2030 3342
1519 3345
3904 3346
3348 3348
3508 3353
5174 3356
5126 3360
1914 3362
4620 3363
4116 3364
609 3367
3902 3368
4947 3370
2054 3372
4270 3376
4868 3378
184 3380
3167 3384
4445 3385
1540 3386
1341 3387
2106 3388
919 3391
4066 3392
4845 3394
2812 3396
3702 3398
1268 3401
397 3407
2985 3410
3411 3411
1301 3412
1354 3413
3415 3415
406 3416
2686 3417
4764 3420
995 3421
3586 3422
617 3425
2566 3426
452 3427
3429 3429
5000 3430
247 3431
3890 3432
43 3439
3501 3442
2766 3443
2166 3444
777 3445
4913 3447
1540 3448
2812 3449
3784 3451
37 3452
243 3453
2233 3454
3183 3456
452 3457
3426 3459
3211 3463
3327 3467
1502 3470
4937 3471
1334 3472
4290 3473
4473 3474
403 3479
1903 3485
457 3487
3481 3488
500 3491
1301 3493
1827 3494
1430 3495
4097 3497
3205 3498
3561 3499
4093 3500
1270 3501
743 3506
2819 3511
4844 3512
3820 3514
5278 3516
1890 3519
312 3520
1788 3523
2774 3524
2179 3527
4101 3529
3530 3530
624 3531
3745 3532
3534 3534
3537 3537
3539 3539
2370 3540
2556 3543
5278 3544
1664 3545
2074 3546
2441 3547
4153 3548
3550 3550
596 3551
4694 3553
4093 3554
4537 3555
3236 3557
4539 3562
3627 3564
2078 3565
3597 3568
3569 3569
3570 3570
4555 3571
4832 3576
544 3581
2512 3583
3003 3584
3586 3586
2771 3589
4616 3591
425 3592
346 3593
4323 3595
2471 3596
3219 3598
686 3600
4153 3603
4316 3607
2002 3609
3610 3610
3848 3611
1805 3616
4441 3617
974 3618
3539 3622
5160 3624
4995 3629
3229 3631
4810 3634
705 3636
4862 3638
1341 3642
3646 3646
4551 3647
586 3649
3650 3650
1683 3654
4026 3655
792 3658
3661 3661
4347 3663
2043 3665
607 3666
4568 3667
929 3668
3963 3670
5182 3671
373 3673
135 3680
3684 3684
1962 3689
1394 3691
891 3693
3418 3699
1218 3701
2712 3705
77 3706
3178 3708
3951 3711
395 3713
3580 3715
2311 3718
892 3719
2993 3722
1640 3723
2544 3725
3537 3726
4759 3728
3698 3730
2966 3738
379 3739
4568 3741
4746 3742
3241 3744
652 3748
897 3749
717 3751
4431 3753
3738 3757
3759 3759
3766 3766
1505 3767
4597 3769
4133 3770
1372 3776
3782 3782
550 3784
3940 3786
2476 3788
4638 3790
1615 3794
122 3795
942 3796
2548 3797
4182 3798
5231 3804
3010 3805
3487 3806
3821 3807
5293 3809
2594 3810
1345 3811
309 3813
3814 3814
4 3816
807 3817
1290 3819
3821 3821
3950 3826
2840 3827
2448 3828
2245 3829
4198 3831
1092 3832
1025 3833
199 3835
3220 3837
408 3839
3842 3842
5192 3843
1552 3844
1266 3845
2625 3846
3162 3851
2780 3852
3853 3853
1877 3855
138 3856
1607 3857
4222 3858
2548 3860
1916 3866
4084 3869
3965 3870
4280 3872
5024 3875
3877 3877
3619 3878
3681 3880
1290 3881
1270 3884
4811 3887
3760 3891
4093 3892
3622 3893
3321 3894
4633 3895
929 3899
1974 3902
38 3904
4637 3905
3159 3907
310 3908
5100 3912
3392 3914
4128 3915
5077 3918
3754 3919
856 3920
2217 3921
4649 3925
3508 3926
921 3928
2378 3931
4099 3932
3933 3933
397 3934
2422 3937
3939 3939
2204 3940
272 3941
3505 3942
2456 3943
3036 3945
1452 3949
3950 3950
1477 3953
2824 3954
2137 3959
4076 3961
5055 3967
3970 3970
2040 3974
2873 3979
1199 3980
4693 3981
3982 3982
2353 3984
4882 3986
2632 3987
3988 3988
1794 3991
229 3992
4394 3993
2422 3996
4028 3997
4908 4000
3273 4001
1925 4002
4844 4004
4451 4005
1896 4007
4620 4016
1638 4019
1821 4021
2314 4022
1233 4028
4030 4030
3583 4031
3353 4034
1868 4035
4038 4038
3444 4039
3537 4040
2639 4042
4376 4043
35 4046
2632 4048
4075 4052
1389 4053
1473 4055
4056 4056
2861 4059
4943 4060
2275 4063
2718 4070
5251 4072
2081 4073
3219 4078
3392 4079
398 4080
1123 4083
4084 4084
1159 4085
5162 4088
2236 4091
1854 4095
1615 4096
851 4097
4961 4098
2749 4101
898 4102
3876 4103
2396 4106
807 4107
3112 4108
4967 4110
565 4114
1525 4115
2738 4117
1786 4118
2884 4121
1571 4130
3180 4131
1436 4132
4134 4134
1311 4135
3370 4136
3219 4142
1643 4143
3950 4145
2312 4147
4292 4150
2422 4151
4823 4154
4596 4156
1741 4158
2099 4159
615 4162
4163 4163
4024 4165
4987 4166
1590 4167
3294 4169
2336 4170
2383 4173
176 4180
1457 4182
209 4183
5052 4185
1257 4186
359 4188
1356 4191
1359 4192
3167 4194
4195 4195
892 4198
4200 4200
950 4206
5191 4211
2855 4215
5272 4218
3842 4222
1600 4226
4147 4227
2509 4230
5185 4232
525 4234
4235 4235
1345 4236
2967 4240
3978 4243
1306 4245
658 4247
5231 4250
4251 4251
1908 4252
4254 4254
5232 4255
494 4259
1105 4262
246 4263
2728 4266
206 4267
4502 4269
1513 4270
107 4271
3169 4273
876 4274
276 4275
2283 4278
2322 4279
3225 4281
368 4283
3659 4284
3939 4285
3625 4290
3819 4291
3979 4293
1826 4294
2741 4295
3082 4298
3532 4299
2756 4311
3730 4312
4314 4314
1797 4317
4270 4319
3661 4321
1158 4322
2191 4325
3265 4328
228 4329
155 4330
3897 4331
1497 4335
685 4336
2963 4339
3501 4344
3455 4348
3752 4349
2975 4350
635 4353
4355 4355
4155 4356
256 4359
4360 4360
5154 4361
4539 4363
4495 4364
3859 4365
3425 4366
1630 4367
4370 4370
4372 4372
4882 4373
3931 4374
4376 4376
2819 4377
2949 4378
2419 4381
4383 4383
1549 4384
320 4388
4589 4389
532 4390
4615 4391
4590 4395
3771 4397
3698 4398
3772 4400
3979 4403
657 4404
2233 4405
1430 4409
514 4416
2448 4417
1818 4419
4947 4422
1030 4423
3667 4424
2445 4425
2060 4426
5137 4427
2924 4437
3900 4438
2456 4439
1027 4441
1925 4442
2002 4444
3350 4446
4450 4450
558 4451
2764 4452
4534 4453
4367 4454
2516 4455
4971 4456
376 4457
1518 4458
5028 4459
3171 4460
209 4462
2080 4463
3814 4464
2843 4468
4271 4471
4764 4473
421 4476
1345 4477
4478 4478
1728 4481
560 4484
2421 4485
4911 4489
2700 4490
3111 4493
4844 4494
3882 4496
69 4499
147 4500
2548 4501
3673 4502
3109 4504
1393 4506
3327 4507
28 4509
5155 4510
5293 4511
5032 4512
1261 4520
1770 4521
267 4523
1683 4524
5005 4525
243 4527
4483 4531
1166 4532
584 4534
2971 4538
5032 4540
814 4542
89 4543
4544 4544
2058 4547
327 4549
425 4552
4270 4555
3755 4557
1270 4560
1277 4563
1448 4567
935 4568
1773 4571
1062 4577
3677 4579
3548 4582
4577 4584
3213 4585
2605 4589
2016 4590
3493 4593
2252 4595
4596 4596
2896 4597
5095 4600
5247 4601
1016 4602
3545 4604
4948 4606
912 4612
398 4613
2226 4617
2423 4618
4307 4621
4034 4622
2445 4626
1504 4628
4184 4629
2179 4631
3555 4632
3114 4633
4005 4636
4638 4638
4640 4640
2939 4642
3939 4643
3712 4646
2933 4647
2575 4649
2730 4652
5003 4653
3833 4655
3833 4658
3963 4660
3156 4661
4033 4664
754 4665
702 4669
3515 4670
5160 4674
3262 4678
1728 4679
1558 4681
5094 4684
1120 4685
4338 4686
1758 4688
3877 4691
3219 4692
4694 4694
2803 4695
4377 4698
2211 4699
4205 4703
199 4704
1214 4705
4445 4706
4072 4707
1430 4708
5036 4712
3201 4715
979 4718
1848 4724
1585 4728
390 4733
1114 4734
4736 4736
237 4739
3470 4741
3843 4744
4316 4749
1228 4752
191 4754
4755 4755
4756 4756
4347 4757
2378 4759
323 4760
1632 4763
1937 4765
3106 4766
4767 4767
1479 4772
238 4774
2287 4777
2333 4779
3091 4782
3754 4783
2422 4784
4601 4786
1806 4789
1131 4790
3605 4791
2345 4798
3263 4799
4878 4800
3426 4802
1966 4803
1754 4804
4541 4811
2773 4814
1506 4815
4597 4818
2749 4820
4823 4823
1369 4824
107 4826
558 4829
247 4832
1277 4834
3273 4837
3583 4838
4844 4844
4466 4846
2312 4848
580 4850
3597 4853
1743 4854
2019 4855
2087 4858
5232 4861
1588 4862
3377 4863
2179 4867
4868 4868
194 4869
2903 4873
623 4876
3168 4879
3637 4880
4882 4882
3390 4885
729 4887
2968 4889
243 4890
5251 4892
3508 4893
4950 4894
1345 4896
2377 4897
2929 4904
4906 4906
4845 4907
4909 4909
3726 4911
4912 4912
549 4917
4919 4919
1297 4920
1186 4923
4179 4924
4926 4926
2192 4928
2530 4931
4646 4934
1095 4936
4823 4937
286 4940
2759 4941
1088 4943
2843 4944
3926 4945
1397 4948
5272 4949
37 4950
2128 4952
4845 4953
3501 4954
2151 4955
2841 4960
1550 4962
2627 4966
1165 4969
4914 4972
4978 4978
802 4984
4398 4985
4010 4988
4888 4990
1566 4991
2068 4992
4994 4994
3726 4998
5002 5002
155 5006
523 5008
4931 5010
5011 5011
2855 5019
5022 5022
4371 5026
4181 5027
1270 5028
3157 5029
5031 5031
834 5037
1986 5040
1871 5043
212 5046
871 5047
4694 5048
4744 5051
3655 5052
4810 5055
1119 5060
3386 5061
5063 5063
626 5068
3299 5069
3800 5077
5079 5079
3166 5081
2463 5082
2917 5086
349 5089
5041 5094
4892 5095
882 5096
736 5100
3703 5106
652 5107
607 5108
1980 5109
5111 5111
2204 5112
3539 5115
2380 5116
5120 5120
4185 5121
3000 5123
2226 5125
1397 5128
4188 5133
4385 5136
2754 5137
4911 5138
395 5139
5187 5140
3862 5142
5145 5145
2450 5147
5148 5148
5242 5151
127 5156
4203 5157
1992 5159
222 5164
2209 5168
2196 5169
4157 5174
1027 5177
2646 5178
2614 5182
4019 5183
209 5185
1393 5188
3084 5197
2773 5198
4331 5199
390 5203
5251 5204
5205 5205
2186 5207
2233 5210
5312 5215
4961 5216
2148 5220
1120 5221
950 5222
3243 5224
5225 5225
5226 5226
1270 5229
3911 5230
59 5232
2310 5234
5203 5236
3911 5239
1797 5240
1374 5243
980 5247
927 5248
52 5249
390 5250
2078 5253
2099 5254
2512 5255
204 5257
1868 5258
5291 5262
1644 5264
5266 5266
5234 5267
1901 5268
5269 5269
291 5272
3859 5273
4534 5274
5066 5278
1076 5281
5282 5282
5301 5291
5292 5292
3978 5295
4538 5296
3677 5298
5299 5299
4555 5301
1630 5303
5304 5304
2251 5310
5311 5311
4424 5312
5210 5313
3871 5315
646 5316
8430 5319
5324 5324
8366 5325
9025 5326
6231 5328
5329 5329
9510 5330
9673 5331
6184 5335
9031 5337
8465 5338
6827 5341
7033 5344
5345 5345
9811 5347
5533 5352
9504 5355
8241 5357
6063 5358
7136 5360
6915 5362
7247 5365
8474 5366
7543 5368
7010 5370
8150 5372
7708 5374
5507 5375
9117 5378
8200 5380
6444 5383
7668 5385
6386 5386
6410 5388
5389 5389
8478 5390
6148 5401
5402 5402
5405 5405
5899 5408
6415 5410
8176 5411
5412 5412
5389 5413
6275 5415
8835 5416
5398 5417
6041 5419
5551 5420
8527 5421
8562 5422
6734 5423
9656 5427
6406 5429
9132 5431
5432 5432
8217 5433
8231 5435
7355 5436
7486 5439
5445 5445
9252 5448
7481 5449
8180 5450
6848 5451
6650 5452
8993 5455
7672 5457
7960 5461
8016 5462
5362 5471
6089 5472
8445 5475
9039 5479
7304 5480
9068 5484
6110 5487
7169 5489
6034 5495
6905 5499
8404 5501
6011 5502
7516 5506
6290 5509
7314 5515
5523 5523
8643 5528
6027 5531
5532 5532
6533 5535
5481 5536
7462 5538
9416 5540
6511 5542
5957 5543
5969 5548
7400 5549
7093 5550
6085 5551
7402 5554
7005 5558
5413 5560
6269 5562
7583 5567
8678 5568
6189 5569
5863 5572
8439 5575
9627 5577
6843 5578
8000 5579
6211 5581
9391 5588
7308 5589
5590 5590
8452 5592
6051 5594
5405 5596
7320 5601
7983 5604
7812 5608
7319 5609
9277 5611
7029 5612
7178 5616
9460 5618
7444 5620
7922 5621
6879 5627
6318 5628
7668 5629
5631 5631
5958 5632
9590 5633
7976 5635
9360 5641
7337 5642
7304 5645
6950 5646
6193 5649
7185 5650
9736 5651
9683 5652
8231 5653
5762 5654
6400 5655
7728 5661
6888 5664
9260 5666
5668 5668
7006 5671
6181 5672
8970 5683
5686 5686
7668 5689
8969 5690
5972 5692
8245 5695
8247 5696
5966 5697
5324 5699
7005 5700
9860 5703
6350 5705
8965 5706
7065 5707
6339 5708
9487 5710
7790 5712
6755 5713
6712 5714
5338 5717
6561 5719
7686 5720
6806 5723
6290 5725
5726 5726
6283 5728
9443 5729
9054 5731
5732 5732
5734 5734
6024 5735
5737 5737
8681 5740
7674 5742
6950 5745
8495 5747
6037 5750
6755 5752
6016 5753
7254 5756
8488 5757
6722 5758
5761 5761
7324 5762
6344 5764
9296 5768
7481 5770
6011 5772
8997 5774
7523 5776
8019 5783
5784 5784
8783 5788
5790 5790
6489 5792
8674 5794
5759 5796
6890 5800
8881 5802
7337 5804
8086 5809
7199 5811
6554 5814
6476 5815
8222 5817
7691 5818
9565 5819
5823 5823
9039 5824
7390 5826
7416 5831
5832 5832
6063 5834
8033 5835
5837 5837
6710 5841
9738 5842
5460 5843
8208 5844
6558 5847
9687 5848
8883 5855
5858 5858
5355 5859
7045 5860
5869 5862
9089 5864
6862 5865
5375 5867
8261 5868
5391 5869
9035 5870
7185 5871
9089 5872
8478 5875
8554 5876
6906 5877
7299 5880
8076 5886
7180 5888
7565 5889
9153 5890
5891 5891
7565 5893
9128 5895
7558 5897
6322 5901
9078 5902
8669 5903
8294 5905
9756 5906
6734 5907
9039 5909
8308 5910
5336 5911
7803 5914
7922 5915
8996 5916
9824 5918
7842 5921
6520 5923
6526 5925
8738 5930
9406 5932
6539 5938
5942 5942
8019 5943
5717 5950
5951 5951
9323 5952
6138 5954
6719 5955
7191 5956
5957 5957
9141 5958
6712 5959
9658 5961
9757 5963
6037 5966
9588 5967
7587 5969
5974 5974
5975 5975
7099 5976
5978 5978
6546 5979
5577 5981
6546 5982
5983 5983
8665 5985
8271 5986
7963 5987
8229 5989
5993 5993
8059 5995
6716 5998
5972 6001
7678 6004
9688 6005
8643 6007
9520 6008
7464 6009
8710 6010
9047 6012
9745 6013
5429 6016
6473 6017
5375 6022
7170 6024
9204 6026
8722 6027
7866 6030
9276 6031
6035 6035
6862 6037
5686 6039
5907 6042
7769 6044
8489 6046
6625 6048
8258 6050
9541 6052
6992 6054
7361 6056
8064 6057
8118 6058
7361 6060
8727 6061
6062 6062
6955 6063
8585 6064
5381 6068
8845 6069
6721 6071
6555 6072
7459 6074
6863 6076
7780 6077
8424 6078
6470 6079
6080 6080
9574 6082
8130 6083
7440 6086
6090 6090
9322 6091
5455 6093
8330 6095
9888 6096
5889 6099
9534 6104
6107 6107
9295 6108
8969 6111
9454 6112
7522 6115
8684 6116
9684 6119
8343 6120
9820 6121
7123 6123
9358 6124
8261 6127
8061 6128
9241 6130
5422 6132
9432 6134
9419 6145
5411 6147
6576 6149
8582 6150
6361 6153
5548 6155
8079 6156
6263 6157
5981 6160
8127 6161
7780 6162
7902 6164
5872 6168
7946 6171
6752 6172
5885 6173
9821 6174
8520 6175
6558 6176
6201 6177
9015 6180
7749 6182
6828 6185
5332 6190
6193 6193
6062 6194
6198 6198
8426 6200
8467 6203
6204 6204
6862 6205
7849 6206
5624 6208
6209 6209
9896 6211
7922 6213
5768 6214
6521 6215
6196 6216
6217 6217
7456 6219
7698 6222
6223 6223
5625 6224
7312 6225
8424 6227
6229 6229
6516 6233
7985 6235
6237 6237
5709 6240
7874 6244
7990 6248
5985 6249
9193 6250
8766 6252
6203 6254
7143 6256
6862 6257
8281 6260
7733 6262
7668 6265
8118 6267
6269 6269
6227 6271
6272 6272
9113 6274
9565 6276
8208 6279
8589 6281
7679 6282
5338 6284
9195 6285
8417 6286
8029 6287
6290 6290
7167 6291
9226 6293
9475 6299
5920 6302
9821 6306
8184 6307
5694 6308
9663 6309
9570 6310
5636 6311
8309 6315
7026 6319
7247 6321
6543 6324
7444 6325
6863 6328
6329 6329
9380 6332
6091 6334
6294 6339
5760 6341
8054 6342
8736 6343
9919 6345
8532 6347
7603 6348
7691 6351
6353 6353
7247 6355
7588 6359
7242 6361
8633 6362
7171 6366
6751 6369
7433 6371
5413 6372
6997 6373
8105 6375
6137 6377
7720 6379
6255 6380
6384 6384
9811 6387
6344 6388
5965 6389
5754 6392
7201 6394
7872 6395
9486 6396
9453 6397
7769 6399
8131 6403
6405 6405
6204 6409
7210 6410
6411 6411
8172 6412
5462 6414
7236 6417
7161 6419
6085 6420
5636 6421
6011 6422
7711 6427
9265 6428
6950 6429
7544 6430
9045 6433
8847 6435
6436 6436
8087 6439
8834 6440
7357 6444
6275 6449
9811 6454
6098 6459
8443 6460
6488 6461
8432 6465
6263 6466
7692 6467
6469 6469
5865 6471
8573 6473
8757 6481
5740 6482
6375 6484
5729 6485
6490 6490
7112 6493
7793 6496
6339 6500
6726 6503
8280 6505
5972 6511
8677 6513
9679 6514
8997 6515
7003 6518
6044 6519
6326 6520
6535 6524
7720 6525
6526 6526
5949 6528
8033 6529
5723 6532
7603 6536
5965 6538
8245 6542
5740 6544
6690 6550
6551 6551
8281 6552
6554 6554
6828 6556
5822 6558
7240 6559
6511 6560
6561 6561
6562 6562
7827 6563
6202 6565
6688 6568
6569 6569
9928 6572
6321 6574
6523 6575
9456 6576
8496 6577
6743 6578
6890 6582
8078 6583
8217 6584
8366 6586
8236 6588
7959 6590
5351 6591
7584 6592
6160 6596
9757 6597
9694 6598
5593 6599
6600 6600
6602 6602
9874 6604
6543 6607
8200 6609
6678 6611
6753 6612
6614 6614
6975 6619
6367 6622
9487 6624
7849 6627
6683 6632
5491 6633
8549 6634
8573 6647
9728 6651
9054 6653
6654 6654
6330 6657
6992 6658
5850 6659
7465 6664
8669 6667
9289 6669
7608 6675
9199 6676
5708 6677
6990 6678
9252 6679
6681 6681
6683 6683
6843 6688
9822 6689
7411 6692
8521 6696
6700 6700
6703 6703
5525 6706
6708 6708
9955 6711
8722 6713
6160 6719
8573 6726
5541 6730
6731 6731
9799 6741
6744 6744
8852 6745
8148 6749
6750 6750
6751 6751
9297 6752
6753 6753
6600 6755
8365 6759
7902 6760
7574 6761
5869 6762
7148 6763
7465 6764
9450 6766
6190 6770
6771 6771
5797 6772
8931 6773
9132 6774
6777 6777
5926 6779
5561 6781
8679 6783
9816 6784
8949 6786
8680 6789
6792 6792
6577 6796
6978 6797
6799 6799
7140 6802
9052 6803
6805 6805
9658 6807
9749 6808
7652 6809
6810 6810
8722 6811
6269 6813
8350 6814
8079 6815
6688 6817
7576 6818
6141 6820
7589 6825
8969 6827
8404 6829
8662 6830
7493 6833
6719 6835
6837 6837
8250 6839
5981 6842
6298 6843
8967 6844
9520 6846
8554 6847
8977 6849
8269 6850
8574 6851
9970 6853
9022 6858
6007 6859
7872 6862
6864 6864
7140 6865
5940 6866
6519 6868
5580 6869
6552 6871
7789 6873
5320 6874
7334 6875
7253 6877
6862 6879
5421 6882
8520 6888
5981 6889
5940 6892
7527 6897
8403 6898
6721 6901
9644 6902
6953 6904
8684 6905
7065 6907
6908 6908
8488 6909
6625 6910
7584 6912
6933 6916
9586 6921
8634 6922
9174 6925
5536 6930
5884 6934
9362 6937
8367 6939
6862 6945
5417 6947
5445 6948
8070 6950
7877 6951
7887 6952
6955 6955
5836 6956
9892 6957
7499 6958
9003 6963
9476 6965
8424 6967
8148 6969
5952 6972
7831 6974
7922 6975
8573 6978
6952 6979
6990 6981
5911 6984
5463 6985
7068 6987
8016 6994
9541 6997
6917 6998
5859 6999
7438 7002
8968 7005
8573 7010
7623 7017
5413 7020
8949 7021
9710 7022
7027 7027
5940 7028
9546 7030
6673 7032
8814 7033
9745 7034
8369 7036
7465 7037
7148 7045
5694 7047
7903 7050
7348 7052
5481 7054
6983 7055
8684 7058
6167 7059
7063 7063
7494 7064
7099 7065
8323 7067
7070 7070
8736 7072
7555 7073
8174 7074
7077 7077
8433 7081
7109 7082
6274 7084
8264 7086
8367 7088
7538 7090
9578 7091
7092 7092
7093 7093
6296 7094
8322 7095
5800 7096
6857 7099
7238 7100
8489 7101
7803 7103
8869 7105
5929 7106
5408 7108
9678 7111
7688 7112
7959 7114
6777 7117
6959 7119
5405 7125
9047 7126
7893 7127
9597 7129
7974 7133
6905 7134
6922 7135
5987 7138
7180 7143
8281 7144
7948 7145
7401 7148
7153 7153
6118 7154
7483 7156
5957 7158
7985 7160
5836 7161
9523 7162
7495 7164
7167 7167
8252 7168
9919 7172
7631 7173
8943 7176
8173 7177
7178 7178
5518 7179
9919 7183
8426 7185
9596 7186
5648 7188
5969 7189
7723 7190
9165 7193
8153 7198
6994 7199
6198 7202
6243 7203
7204 7204
7770 7206
8589 7209
7815 7212
5937 7216
7268 7217
9137 7219
7989 7222
6786 7225
8279 7227
8699 7238
8901 7240
7419 7242
8122 7245
9883 7247
5569 7248
5797 7250
6667 7251
8950 7253
6214 7254
7255 7255
7305 7256
5981 7257
6683 7260
8570 7261
6538 7263
5631 7266
6213 7267
8347 7268
8467 7273
6167 7274
7275 7275
6777 7279
7581 7280
6407 7282
7140 7283
6646 7284
9269 7286
9474 7294
6739 7295
9360 7297
6201 7299
6296 7304
7465 7305
5847 7306
6822 7309
7310 7310
5753 7315
6975 7319
8679 7320
9114 7322
6275 7328
6690 7329
7363 7331
6552 7332
5434 7333
9745 7334
6532 7336
5578 7337
7822 7340
7728 7343
9387 7345
7346 7346
7985 7347
9873 7351
6313 7355
8149 7356
8536 7357
8499 7360
6798 7361
7391 7363
5937 7365
7314 7366
9418 7367
9180 7369
9824 7371
6919 7375
6719 7378
8164 7379
7922 7382
7383 7383
5826 7389
9737 7391
6683 7396
8536 7401
8349 7404
8643 7406
7228 7407
9159 7408
8997 7409
9796 7411
6234 7412
5620 7413
6848 7414
6473 7418
8680 7421
9891 7424
9045 7428
6797 7429
5335 7430
9060 7434
7497 7438
7301 7439
5921 7440
8348 7442
6534 7444
6407 7446
8775 7448
7244 7449
9616 7452
7454 7454
7139 7455
5356 7456
6673 7459
9011 7462
8231 7464
6269 7468
7690 7470
6211 7472
7473 7473
8281 7474
6131 7476
8365 7478
5655 7479
9459 7480
7542 7482
9078 7483
6717 7485
7109 7489
6682 7490
7491 7491
7785 7492
7673 7495
5338 7496
9626 7500
9826 7501
9614 7502
5495 7503
8261 7504
9278 7506
7691 7507
7391 7508
8169 7509
8332 7511
9387 7516
7341 7517
7518 7518
7520 7520
8469 7524
7526 7526
9730 7527
5939 7530
7531 7531
7533 7533
9658 7535
5353 7540
5768 7542
5640 7543
5749 7544
9394 7545
9626 7547
5755 7551
6867 7552
9559 7557
7561 7561
6558 7565
7536 7567
7798 7568
7981 7569
8472 7570
7812 7573
7577 7575
6600 7576
5324 7582
9618 7583
5411 7587
7149 7590
7341 7591
9401 7593
9652 7596
7598 7598
8407 7603
8217 7604
7608 7608
5768 7612
6595 7617
8659 7620
9490 7621
7465 7622
8253 7625
9720 7629
9449 7633
6972 7634
5411 7636
9823 7639
9795 7640
6697 7641
7643 7643
7795 7644
5526 7645
8493 7647
9505 7650
8139 7651
9387 7653
7661 7661
6156 7664
6503 7667
9890 7671
7481 7674
8975 7683
9890 7684
8949 7686
5601 7688
8417 7689
7697 7697
5658 7698
6902 7699
9395 7704
5989 7712
8519 7713
5671 7716
5340 7717
9520 7718
8570 7719
7720 7720
6600 7722
7057 7723
9689 7724
7727 7727
5879 7732
8504 7739
7304 7742
8814 7743
7358 7746
5958 7747
9554 7748
6905 7752
8487 7760
6454 7762
9453 7765
7581 7768
6067 7769
6797 7774
6357 7777
7465 7779
7780 7780
9187 7781
7782 7782
8997 7784
7325 7786
7788 7788
7789 7789
7324 7793
8776 7796
8081 7797
5890 7798
7519 7799
8118 7800
9632 7802
6721 7803
5669 7804
8834 7805
7812 7812
7581 7813
7815 7815
6568 7817
7791 7818
7822 7822
7823 7823
7828 7828
7922 7829
7154 7832
8177 7833
7837 7837
5398 7840
7020 7848
7849 7849
9794 7850
6813 7852
6296 7855
5345 7856
6823 7858
6700 7859
9387 7860
7861 7861
8869 7865
7866 7866
7850 7868
7789 7872
7304 7873
9349 7878
8682 7879
7880 7880
8806 7882
6330 7884
9652 7888
7925 7889
8968 7890
8794 7892
8548 7894
6792 7896
9236 7897
8773 7898
7958 7900
9444 7901
5338 7902
7654 7904
5969 7906
7907 7907
5451 7908
9175 7909
7283 7911
7731 7912
7043 7913
8965 7914
7960 7915
8128 7916
5569 7917
7798 7919
7938 7920
9332 7924
5335 7925
6403 7931
5831 7932
8324 7933
9078 7934
8170 7935
7936 7936
7847 7937
5605 7943
5516 7946
6200 7949
7951 7951
8840 7955
6612 7957
6290 7958
6525 7959
8521 7960
7965 7965
9501 7968
8677 7969
7976 7976
6710 7977
9694 7980
6751 7981
8072 7983
5452 7985
6667 7986
6160 7989
7761 7990
8128 7992
5743 7993
6588 7994
7791 7996
9799 8002
7185 8004
6870 8007
7139 8008
6093 8012
5722 8013
8669 8014
8574 8015
7342 8016
8017 8017
6076 8019
8997 8021
7109 8023
5923 8024
9699 8026
8583 8030
6815 8032
8312 8033
7558 8037
7801 8045
8573 8063
8691 8064
8238 8065
8386 8066
7320 8068
7555 8069
7260 8071
7800 8072
9219 8074
7985 8075
7937 8076
8077 8077
8086 8079
8776 8080
5477 8083
6642 8085
7985 8087
8173 8092
8096 8096
5782 8100
8794 8102
5762 8103
9837 8105
9816 8106
7840 8107
7686 8111
8964 8115
5533 8116
6936 8117
7304 8118
8119 8119
8120 8120
7109 8121
8124 8124
9626 8126
8128 8128
6890 8129
8268 8130
6401 8131
5710 8132
8135 8135
8581 8139
7289 8140
7189 8141
9462 8146
9917 8147
5935 8149
9292 8151
7344 8155
7650 8157
9134 8161
8537 8162
7922 8164
9393 8165
8212 8173
9033 8175
6571 8176
6499 8182
7933 8183
5518 8184
7178 8185
6848 8187
9236 8189
8920 8190
5849 8195
8862 8199
5561 8201
9704 8204
8986 8205
6607 8206
5764 8210
7342 8213
9457 8214
8424 8215
6263 8216
8348 8217
9716 8218
9752 8220
7104 8221
9364 8224
5481 8225
6712 8226
6504 8227
9375 8229
9783 8231
9076 8234
5714 8239
9296 8240
6907 8242
8243 8243
9419 8244
8245 8245
5561 8246
8247 8247
8742 8253
6211 8254
6303 8256
6678 8259
8262 8262
5411 8263
7070 8264
7361 8265
8840 8266
7213 8268
6843 8269
7260 8272
7265 8273
6760 8274
5592 8277
9930 8278
7400 8279
6303 8280
7086 8281
7271 8282
9655 8285
5331 8286
7402 8289
6955 8290
6411 8291
8295 8295
8426 8296
9132 8297
7161 8298
5686 8300
8076 8301
7794 8307
6214 8311
5545 8314
9395 8315
8322 8322
8325 8325
7333 8328
6923 8329
6363 8330
8790 8331
6797 8334
9818 8339
5942 8341
9430 8342
9671 8344
6119 8348
8017 8352
9384 8357
7633 8358
6223 8359
6172 8362
8366 8366
5631 8367
8054 8374
6973 8375
8467 8378
9510 8386
7562 8387
8327 8389
7735 8390
6635 8395
8556 8396
7697 8401
9520 8402
8944 8404
8408 8408
7068 8412
9278 8413
7068 8419
9033 8421
8474 8425
8599 8427
5481 8428
7981 8430
7013 8431
6041 8436
6515 8440
9204 8441
6719 8442
6407 8443
9025 8444
7733 8445
5937 8446
8669 8448
8757 8450
8276 8452
8453 8453
8668 8456
5682 8460
8461 8461
7708 8465
8466 8466
9627 8467
8470 8470
7731 8471
8711 8472
8476 8476
7869 8477
7769 8478
8059 8481
9565 8483
5922 8486
7401 8492
9266 8494
5515 8496
6786 8499
9065 8502
9276 8505
6182 8507
5835 8510
7440 8511
6950 8513
9956 8521
6357 8523
7208 8528
9245 8530
6702 8531
8429 8533
5493 8534
7010 8535
9089 8539
6305 8541
7119 8546
8548 8548
8552 8552
6797 8553
9632 8554
8669 8558
8561 8561
7079 8562
7565 8565
5435 8566
9565 8568
7291 8569
9175 8575
9408 8579
5787 8582
6296 8583
6701 8584
8039 8587
9496 8589
8350 8590
9188 8591
7604 8592
5568 8593
6862 8595
8597 8597
8599 8599
7922 8600
8153 8602
8032 8603
5853 8604
8607 8607
7344 8609
6721 8611
9917 8612
7668 8613
8287 8615
9890 8618
7401 8620
8621 8621
8628 8628
8149 8629
8518 8631
5878 8633
6701 8634
8030 8638
6256 8639
8640 8640
8642 8642
7917 8644
9086 8645
5686 8649
9025 8653
7918 8654
9260 8655
9264 8657
9614 8658
6189 8661
8749 8663
8664 8664
5686 8666
5589 8667
7654 8669
6856 8671
8674 8674
8589 8675
7392 8677
8678 8678
6095 8679
8685 8685
9265 8686
9310 8688
7140 8695
8386 8703
6789 8706
7968 8708
8710 8710
8281 8712
5810 8713
8086 8718
6329 8719
9682 8728
6797 8730
7057 8732
9769 8735
5967 8736
6587 8739
6063 8740
8878 8741
8465 8743
7419 8744
7553 8745
8748 8748
8749 8749
9134 8751
7827 8752
8754 8754
9054 8756
8759 8759
8846 8760
8723 8764
7189 8770
9360 8771
7268 8772
8287 8774
6022 8777
7827 8780
9293 8781
9924 8786
7272 8788
9104 8790
8792 8792
9705 8794
6469 8795
6091 8797
6055 8799
6226 8800
7167 8802
9801 8803
8587 8805
5835 8806
8766 8807
7160 8810
6451 8813
8084 8814
9443 8815
6515 8816
8424 8819
6694 8820
8051 8822
7880 8823
7502 8825
6314 8828
9587 8831
8242 8833
6827 8836
8107 8838
5396 8839
9487 8840
5727 8842
5617 8843
8252 8844
9576 8845
7552 8848
8865 8852
7456 8855
9861 8862
7013 8863
9272 8868
7029 8870
8261 8872
7974 8874
5391 8875
8878 8878
9002 8879
8076 8881
9440 8885
6546 8887
5999 8888
9230 8891
8914 8893
7801 8894
6235 8895
8906 8899
9968 8900
7931 8902
8155 8911
9538 8912
8913 8913
8914 8914
6602 8915
7125 8919
6950 8920
9930 8921
8749 8923
8969 8924
9563 8925
8926 8926
8927 8927
5517 8931
9248 8934
7600 8936
6049 8938
5835 8940
7593 8941
5425 8943
6261 8946
8417 8947
9318 8948
8259 8949
8751 8950
8829 8951
8782 8955
5888 8958
8520 8962
9850 8963
5905 8964
8966 8966
8445 8968
6087 8971
7989 8978
8979 8979
6708 8980
6379 8983
5922 8985
7128 8986
6702 8988
9347 8990
6470 8996
6515 8997
6849 8998
8417 8999
9236 9009
6754 9011
5805 9014
7825 9015
6296 9019
7443 9020
9443 9021
9395 9022
6598 9026
5375 9027
6490 9028
7481 9029
8898 9032
7814 9033
6848 9039
9040 9040
6202 9045
9402 9047
5911 9049
9056 9056
7931 9058
8119 9060
7558 9061
9040 9062
9816 9064
7735 9065
9066 9066
5636 9069
9070 9070
5710 9073
6010 9075
8483 9077
7380 9078
9630 9079
8478 9080
6141 9084
7069 9086
9766 9089
8369 9090
5592 9091
8993 9095
7182 9097
6223 9098
5577 9102
5357 9103
7000 9105
9016 9108
8279 9109
6155 9112
5543 9113
8244 9118
6922 9119
6859 9121
9781 9122
8348 9123
6994 9130
9132 9132
6698 9134
9135 9135
5436 9136
6131 9138
8403 9141
7668 9146
8706 9147
5346 9148
7985 9149
8797 9163
6591 9164
6694 9166
5968 9167
5337 9168
6953 9170
9173 9173
8510 9175
9522 9176
6848 9181
6124 9182
9240 9183
7922 9187
8559 9188
5772 9189
9198 9198
9199 9199
6599 9200
9331 9201
9231 9202
8912 9203
6667 9204
6006 9207
7029 9210
9441 9212
8369 9214
7529 9215
9216 9216
8711 9220
7388 9222
5596 9224
6213 9226
6207 9227
9228 9228
7206 9229
5912 9233
9523 9235
7014 9238
9241 9241
6041 9246
5325 9247
6018 9251
8079 9252
6155 9253
7670 9255
9364 9259
5744 9261
6843 9262
7182 9263
9264 9264
6296 9265
8722 9268
7540 9269
6062 9274
8323 9275
7363 9276
9277 9277
8100 9280
6922 9281
6477 9282
5552 9283
9596 9288
9116 9290
5884 9291
8180 9294
9830 9296
6357 9297
6600 9301
8488 9308
9640 9312
9313 9313
9316 9316
8153 9319
5886 9322
9609 9327
9524 9328
6174 9329
9908 9331
9187 9332
5574 9334
8643 9338
6600 9342
9297 9347
9349 9349
6625 9350
6213 9358
6315 9359
6740 9360
5973 9362
9159 9364
5460 9365
9541 9367
9809 9370
9658 9371
5518 9373
7357 9374
7906 9376
5710 9377
6267 9378
7603 9384
9385 9385
8485 9386
8548 9387
9520 9389
7584 9393
6164 9394
8077 9399
6922 9401
6386 9402
9187 9406
9408 9408
8276 9409
6209 9414
9416 9416
9387 9417
5729 9421
6386 9423
7438 9424
8563 9426
5679 9427
5640 9428
8738 9429
7812 9430
5926 9432
5949 9433
9860 9436
8016 9438
7033 9443
7531 9444
5972 9447
8212 9449
8847 9450
9060 9456
9706 9457
9837 9460
5958 9461
7337 9462
9387 9465
8180 9471
6688 9475
6122 9476
9480 9480
7045 9481
7522 9483
8325 9484
6625 9488
7382 9491
6062 9495
9679 9500
8242 9501
6515 9512
7769 9518
7266 9519
7589 9520
5862 9521
6137 9524
9468 9526
7875 9527
8780 9533
6848 9536
7574 9538
7668 9540
8853 9542
8603 9543
6628 9548
7663 9551
9543 9552
6994 9554
8086 9556
9716 9557
7334 9559
6862 9560
8059 9562
8369 9563
7164 9565
5551 9566
9807 9567
7144 9568
5656 9569
9969 9571
9573 9573
7334 9575
9596 9576
6669 9577
5969 9579
7985 9582
9586 9586
7081 9587
6625 9588
7827 9591
5942 9592
6797 9593
8235 9596
5548 9597
9506 9600
7791 9601
5972 9603
9605 9605
5581 9606
5459 9607
7022 9610
9600 9612
7356 9615
7849 9617
6249 9620
6523 9621
8077 9622
6695 9623
9801 9624
9156 9625
8685 9627
7527 9629
5606 9630
7020 9633
8573 9635
8396 9636
7924 9641
7095 9642
7582 9646
7487 9647
7629 9652
5395 9654
5922 9655
9015 9659
6487 9662
7812 9663
8014 9665
6091 9667
7464 9673
9674 9674
6511 9677
6761 9678
7128 9682
7248 9684
8212 9685
6755 9686
8148 9687
8105 9688
7522 9689
5396 9691
9480 9692
9694 9694
9478 9696
6796 9697
9543 9702
8726 9711
6200 9712
6750 9713
9715 9715
8540 9716
6313 9720
6227 9721
9724 9724
6379 9725
9726 9726
8790 9728
9807 9734
5937 9736
8612 9737
8441 9740
7892 9742
8839 9746
8131 9748
9753 9753
5695 9754
7568 9755
7363 9760
9761 9761
5712 9762
9658 9765
6681 9767
9276 9771
6011 9774
8852 9775
7174 9776
9778 9778
6160 9779
8766 9780
6857 9782
6511 9783
8773 9785
9789 9789
8419 9792
9613 9797
9801 9801
8722 9803
9807 9807
9809 9809
8336 9811
8225 9812
7191 9813
6640 9816
9511 9817
5460 9818
9821 9821
6367 9824
9829 9829
6786 9831
5940 9833
7226 9834
9694 9836
7030 9837
9930 9838
6275 9841
6608 9842
9843 9843
6667 9844
7815 9845
6056 9847
9480 9848
5800 9849
5922 9850
5814 9851
9693 9853
6952 9857
9860 9860
5590 9861
5502 9862
5696 9864
6973 9865
8129 9866
9867 9867
9173 9868
6738 9870
6046 9871
5692 9872
9659 9873
5445 9874
8240 9878
9837 9887
8805 9892
9894 9894
9896 9896
9711 9899
8550 9901
5902 9904
7092 9905
6797 9906
6351 9907
6059 9911
8214 9912
5729 9914
9917 9917
9005 9918
9919 9919
7985 9922
9925 9925
7388 9929
9816 9932
8738 9933
9706 9936
6800 9939
8618 9940
7382 9941
7607 9945
9728 9948
9950 9950
5624 9951
6990 9955
9957 9957
8273 9964
9967 9967
8749 9968
9440 9969
