5659 5659
5458 5458
5508 5508
5595 5595
5845 5845
5840 5840
5464 5464
5610 5610
5753 5753
5517 5517
5750 5750
2140 2140
5674 5674
5951 5951
5651 5651
5613 5613
3775 3775
3629 3629
15 15
6238 6238
5445 5445
6231 6231
5952 5952
113 113
5635 5635
5630 5630
261 261
140 140
5634 5634
3774 3774
2049 2049
2136 2136
5837 5837
112 112
3776 3776
117 117
6276 6276
5506 5506
6278 6278
5828 5828
243 243
6057 6057
2130 2130
432 432
26 26
2127 2127
6055 6055
240 240
442 442
3056 3056
6264 6264
6271 6271
6246 6246
6267 6267
6265 6265
6245 6245
279 279
6248 6248
5468 5468
2214 2214
227 227
146 146
312 312
1907 1907
76 76
311 311
2129 2129
429 429
5641 5641
3909 3909
1906 1906
6056 6056
3846 3846
341 341
3937 3937
355 355
3638 3638
228 228
3703 3703
5450 5450
2274 2274
3777 3777
322 322
6263 6263
3643 3643
340 340
3747 3747
321 321
436 436
435 435
29 29
46 46
3922 3922
3653 3653
409 409
356 356
2815 2815
64 64
408 408
3702 3702
65 65
2811 2811
3588 3588
5838 5838
3739 3739
2795 2795
189 189
2260 2260
119 119
22 22
3516 3516
2799 2799
2817 2817
3833 3833
51 51
3826 3826
2383 2383
36 36
10 10
2779 2779
6076 6076
37 37
3828 3828
330 330
3925 3925
2294 2294
6077 6077
2167 2167
2292 2292
5953 5953
5933 5933
6063 6063
5452 5452
2164 2164
5932 5932
344 344
3634 3634
6062 6062
5522 5522
3530 3530
104 104
5939 5939
2261 2261
5726 5726
2128 2128
6045 6045
2480 2480
5543 5543
2801 2801
5698 5698
94 94
5966 5966
6064 6064
6061 6061
2052 2052
1992 1992
3750 3750
3547 3547
5930 5930
2150 2150
2124 2124
415 415
3911 3911
3552 3552
5851 5851
6079 6079
2174 2174
3568 3568
3566 3566
3577 3577
3586 3586
3571 3571
5539 5539
3554 3554
5834 5834
2498 2498
5584 5584
2598 2598
2180 2180
3567 3567
5697 5697
3565 3565
2499 2499
2061 2061
157 157
5826 5826
5581 5581
5678 5678
2095 2095
3667 3667
2485 2485
7 7
6085 6085
5686 5686
2239 2239
3704 3704
2393 2393
2 2
3908 3908
295 295
62 62
2470 2470
61 61
5986 5986
6086 6086
2471 2471
2611 2611
2596 2596
5551 5551
5677 5677
5684 5684
2593 2593
5717 5717
6095 6095
6090 6090
5546 5546
2472 2472
3706 3706
6142 6142
2086 2086
2514 2514
5575 5575
6147 6147
5982 5982
5981 5981
2256 2256
5980 5980
6101 6101
2506 2506
5985 5985
5497 5497
3884 3884
5706 5706
5742 5742
3672 3672
2027 2027
2146 2146
174 174
5862 5862
2204 2204
1986 1986
5734 5734
2030 2030
260 260
5448 5448
5987 5987
5865 5865
2197 2197
3906 3906
5855 5855
5484 5484
6160 6160
2280 2280
381 381
5487 5487
6161 6161
5988 5988
2594 2594
2610 2610
2614 2614
2067 2067
5802 5802
393 393
333 333
2092 2092
2036 2036
2233 2233
2413 2413
3163 3163
5994 5994
2441 2441
2457 2457
5526 5526
3673 3673
6149 6149
6005 6005
2602 2602
2245 2245
5532 5532
5679 5679
406 406
5997 5997
5664 5664
2014 2014
3818 3818
6163 6163
2588 2588
2432 2432
5663 5663
2600 2600
6128 6128
2584 2584
5915 5915
2585 2585
5991 5991
6117 6117
5869 5869
6159 6159
2022 2022
6033 6033
2017 2017
258 258
158 158
2018 2018
3839 3839
2699 2699
2431 2431
5549 5549
507 507
5494 5494
153 153
6108 6108
374 374
5902 5902
6157 6157
6010 6010
6006 6006
6039 6039
2703 2703
3941 3941
504 504
2182 2182
6175 6175
511 511
2743 2743
2020 2020
197 197
5740 5740
3877 3877
2019 2019
2229 2229
2282 2282
201 201
6023 6023
6024 6024
2709 2709
2031 2031
5573 5573
2629 2629
468 468
3691 3691
217 217
5783 5783
5756 5756
583 583
3989 3989
2550 2550
3692 3692
4004 4004
2295 2295
3785 3785
203 203
4054 4054
5691 5691
5560 5560
6169 6169
3487 3487
2733 2733
2558 2558
3991 3991
3489 3489
4050 4050
200 200
151 151
6887 6887
3690 3690
4001 4001
537 537
5239 5239
5807 5807
2534 2534
215 215
550 550
368 368
6889 6889
563 563
5778 5778
2449 2449
5235 5235
3727 3727
3955 3955
4066 4066
2423 2423
2434 2434
2296 2296
498 498
487 487
2109 2109
2440 2440
466 466
3490 3490
2089 2089
1774 1774
2112 2112
4032 4032
3437 3437
533 533
489 489
3868 3868
2443 2443
556 556
5767 5767
560 560
552 552
3338 3338
4034 4034
3361 3361
559 559
5777 5777
4016 4016
2722 2722
2101 2101
5567 5567
4013 4013
273 273
3362 3362
2317 2317
5385 5385
3979 3979
4006 4006
300 300
2648 2648
2308 2308
5704 5704
2102 2102
546 546
4018 4018
2721 2721
2662 2662
4039 4039
4045 4045
2448 2448
2467 2467
2646 2646
3316 3316
4048 4048
5791 5791
367 367
2425 2425
6225 6225
5430 5430
2351 2351
4036 4036
3965 3965
3367 3367
4037 4037
2747 2747
3358 3358
3368 3368
2312 2312
2644 2644
2576 2576
5785 5785
2654 2654
3738 3738
5387 5387
3313 3313
2104 2104
2429 2429
3340 3340
441 441
5794 5794
3280 3280
3348 3348
3728 3728
3284 3284
3229 3229
3278 3278
2318 2318
3296 3296
3349 3349
2321 2321
3277 3277
3255 3255
5799 5799
3279 3279
3292 3292
3261 3261
3281 3281
6193 6193
5405 5405
2444 2444
2719 2719
2446 2446
178 178
3223 3223
2751 2751
5406 5406
3266 3266
4807 4807
3237 3237
5813 5813
5390 5390
1928 1928
6817 6817
5403 5403
6196 6196
5901 5901
6212 6212
3254 3254
2541 2541
1949 1949
5381 5381
3249 3249
255 255
5881 5881
6187 6187
6179 6179
5904 5904
6838 6838
3812 3812
6834 6834
3246 3246
3252 3252
4799 4799
387 387
1280 1280
1951 1951
3241 3241
3371 3371
6733 6733
5927 5927
168 168
6191 6191
587 587
6754 6754
6841 6841
3059 3059
6610 6610
2728 2728
1556 1556
6850 6850
6758 6758
6794 6794
225 225
4058 4058
1940 1940
6809 6809
6600 6600
6848 6848
3813 3813
6819 6819
2753 2753
3720 3720
6868 6868
210 210
6727 6727
6827 6827
3407 3407
1688 1688
6771 6771
6778 6778
6801 6801
6804 6804
3168 3168
6595 6595
4762 4762
6792 6792
6793 6793
1937 1937
5117 5117
5095 5095
6704 6704
6865 6865
211 211
5132 5132
586 586
3373 3373
6791 6791
6784 6784
819 819
3445 3445
1962 1962
6788 6788
1687 1687
1600 1600
3391 3391
3323 3323
5437 5437
3380 3380
3421 3421
3444 3444
3190 3190
1966 1966
5081 5081
3242 3242
6785 6785
1932 1932
5079 5079
1625 1625
5097 5097
1568 1568
1655 1655
6586 6586
1598 1598
6739 6739
3682 3682
5378 5378
6606 6606
3201 3201
4900 4900
5193 5193
1913 1913
6869 6869
3169 3169
1578 1578
5192 5192
5054 5054
632 632
1741 1741
1553 1553
6807 6807
6797 6797
6576 6576
5221 5221
6688 6688
4308 4308
5409 5409
6334 6334
3418 3418
1953 1953
3333 3333
1914 1914
6638 6638
1571 1571
1977 1977
1680 1680
2877 2877
1593 1593
6675 6675
3206 3206
3376 3376
6666 6666
1585 1585
6844 6844
5077 5077
5075 5075
845 845
1579 1579
5198 5198
6706 6706
1968 1968
3171 3171
1548 1548
6678 6678
1595 1595
1787 1787
6657 6657
3196 3196
5056 5056
5196 5196
601 601
3195 3195
6714 6714
2912 2912
6683 6683
3683 3683
721 721
3177 3177
5411 5411
1611 1611
5119 5119
1660 1660
801 801
6721 6721
1912 1912
6685 6685
5120 5120
5053 5053
5113 5113
1220 1220
6626 6626
5130 5130
6592 6592
4728 4728
1615 1615
3109 3109
1647 1647
4814 4814
1194 1194
3395 3395
6644 6644
5153 5153
6591 6591
5211 5211
1758 1758
6719 6719
4698 4698
3044 3044
4234 4234
1190 1190
942 942
3113 3113
5370 5370
1323 1323
399 399
4725 4725
677 677
830 830
3132 3132
5348 5348
1060 1060
5377 5377
5208 5208
5090 5090
3194 3194
1711 1711
4299 4299
1524 1524
1567 1567
6650 6650
3037 3037
3388 3388
3383 3383
1791 1791
5069 5069
1916 1916
880 880
3216 3216
5019 5019
4836 4836
5128 5128
3012 3012
995 995
652 652
3172 3172
5047 5047
3112 3112
1061 1061
1523 1523
5136 5136
3944 3944
1755 1755
2881 2881
613 613
1833 1833
3320 3320
1492 1492
5089 5089
2884 2884
2829 2829
1724 1724
2887 2887
1753 1753
805 805
6489 6489
1619 1619
3892 3892
943 943
1302 1302
1265 1265
3077 3077
1674 1674
1359 1359
1424 1424
4963 4963
3076 3076
4849 4849
2969 2969
1123 1123
2885 2885
996 996
4693 4693
4073 4073
1049 1049
3090 3090
3389 3389
3098 3098
3385 3385
3423 3423
5142 5142
1129 1129
610 610
1379 1379
1678 1678
3115 3115
6346 6346
4644 4644
4459 4459
846 846
6617 6617
3036 3036
1488 1488
6693 6693
6295 6295
1391 1391
1386 1386
997 997
1188 1188
4650 4650
3178 3178
1825 1825
4285 4285
2880 2880
1809 1809
4425 4425
1005 1005
1275 1275
620 620
1886 1886
6431 6431
1795 1795
1137 1137
1233 1233
1634 1634
4317 4317
2833 2833
3116 3116
1264 1264
1140 1140
4962 4962
4153 4153
1490 1490
1353 1353
6587 6587
302 302
3900 3900
5141 5141
4424 4424
4593 4593
1683 1683
4158 4158
3135 3135
4428 4428
2821 2821
4294 4294
1747 1747
5100 5100
1498 1498
705 705
691 691
2822 2822
4966 4966
1670 1670
4738 4738
1080 1080
4388 4388
6475 6475
1796 1796
2840 2840
4293 4293
1661 1661
3007 3007
4174 4174
621 621
4443 4443
5179 5179
4389 4389
3766 3766
3136 3136
1164 1164
4335 4335
3137 3137
6566 6566
4238 4238
1382 1382
933 933
1780 1780
841 841
6319 6319
4538 4538
3099 3099
2865 2865
4760 4760
4197 4197
1449 1449
4372 4372
4290 4290
2856 2856
6389 6389
4167 4167
1014 1014
1526 1526
1037 1037
2858 2858
1013 1013
1393 1393
1542 1542
5251 5251
1396 1396
6426 6426
1409 1409
1745 1745
1737 1737
4379 4379
4683 4683
1798 1798
4282 4282
4391 4391
5186 5186
4463 4463
1136 1136
1121 1121
3689 3689
1090 1090
3759 3759
927 927
6303 6303
4237 4237
4548 4548
4240 4240
4114 4114
4564 4564
1487 1487
4935 4935
1153 1153
4607 4607
6425 6425
4110 4110
4446 4446
1531 1531
4166 4166
6405 6405
5271 5271
4921 4921
4820 4820
3088 3088
4392 4392
4321 4321
4485 4485
2998 2998
4653 4653
1439 1439
4210 4210
4522 4522
1200 1200
4431 4431
1035 1035
4493 4493
3006 3006
6567 6567
5262 5262
5265 5265
1541 1541
4084 4084
4677 4677
1799 1799
4687 4687
1270 1270
4329 4329
3014 3014
4746 4746
4494 4494
4337 4337
4868 4868
2898 2898
6302 6302
2895 2895
4664 4664
4386 4386
2826 2826
177 177
412 412
791 791
4101 4101
6370 6370
6499 6499
2950 2950
4736 4736
6573 6573
4641 4641
6546 6546
1168 1168
4553 4553
6412 6412
6510 6510
4135 4135
861 861
923 923
3472 3472
6473 6473
6286 6286
5234 5234
4230 4230
4909 4909
6368 6368
4734 4734
4500 4500
4713 4713
4543 4543
3507 3507
1018 1018
6330 6330
4155 4155
4744 4744
4433 4433
6433 6433
4729 4729
4552 4552
4465 4465
4116 4116
2819 2819
4148 4148
4956 4956
4481 4481
4934 4934
253 253
4637 4637
884 884
5295 5295
3152 3152
2962 2962
882 882
2868 2868
5225 5225
6323 6323
6872 6872
3155 3155
1854 1854
1464 1464
6434 6434
4562 4562
4568 4568
4863 4863
4267 4267
988 988
1075 1075
4573 4573
4709 4709
1010 1010
4470 4470
4878 4878
4918 4918
4711 4711
4503 4503
4991 4991
932 932
4149 4149
4310 4310
1334 1334
924 924
4985 4985
3023 3023
891 891
6509 6509
869 869
1857 1857
767 767
6559 6559
1293 1293
958 958
970 970
4449 4449
1178 1178
1115 1115
5365 5365
4999 4999
4943 4943
4571 4571
1460 1460
946 946
1033 1033
4575 4575
723 723
1103 1103
4672 4672
6527 6527
1141 1141
1480 1480
6281 6281
1185 1185
1187 1187
903 903
6360 6360
1096 1096
4583 4583
1108 1108
853 853
955 955
4930 4930
3125 3125
3129 3129
3495 3495
4597 4597
4628 4628
4950 4950
973 973
641 641
901 901
