3225 1
2 2
5222 3
2653 5
7 7
592 9
10 10
354 14
15 15
2453 20
4212 21
22 22
4091 23
6572 24
26 26
750 27
29 29
1605 30
6171 31
4317 32
1880 35
36 36
37 37
3083 38
46 46
3041 48
5065 50
51 51
1222 57
61 61
62 62
64 64
65 65
6236 66
3440 67
1804 68
1379 69
1548 70
3800 71
76 76
5876 77
6466 82
6658 83
1438 85
3680 86
4439 91
3095 93
94 94
5597 99
1897 100
2793 103
104 104
6536 108
109 109
112 112
113 113
3671 114
6546 115
117 117
119 119
3494 120
122 122
376 124
1084 125
3186 128
824 129
3023 130
2261 131
4554 132
586 134
4265 135
2060 136
5704 139
140 140
3369 142
2829 145
146 146
3515 149
6230 150
151 151
6670 152
153 153
4376 154
157 157
158 158
686 160
2031 161
4573 163
3479 165
3322 167
168 168
4014 169
1547 173
174 174
1906 175
177 177
178 178
722 183
4376 185
189 189
4881 191
4822 192
197 197
14 199
200 200
201 201
203 203
354 204
678 205
4089 208
2300 209
210 210
211 211
624 212
393 213
215 215
217 217
6668 219
4793 220
3031 221
6574 222
225 225
227 227
228 228
2168 229
2 231
5184 232
327 233
3772 239
240 240
242 242
243 243
6238 245
3172 246
2092 247
5539 249
253 253
6408 254
255 255
6567 257
258 258
3135 259
260 260
261 261
6546 266
5930 267
5374 269
1728 270
273 273
1053 277
5373 278
279 279
2997 280
1929 283
6641 284
2204 285
4691 288
6472 290
423 292
4135 294
295 295
3680 297
4222 299
300 300
302 302
3440 308
6851 310
311 311
312 312
6772 314
6472 316
4317 318
321 321
322 322
1746 323
1187 324
936 326
2437 327
6358 328
330 330
5162 332
333 333
212 336
340 340
341 341
713 342
344 344
6608 345
3047 348
351 351
355 355
356 356
4665 358
6406 359
5861 360
5273 361
1703 364
2869 366
367 367
368 368
2111 370
488 372
374 374
1778 376
598 377
1932 380
381 381
2247 382
3417 384
729 385
387 387
3771 390
514 392
393 393
3525 394
2608 395
1759 396
399 399
5675 401
406 406
408 408
409 409
1311 410
6365 411
412 412
5397 414
415 415
429 429
1452 430
1254 431
432 432
3245 433
435 435
436 436
441 441
442 442
3507 445
1957 446
4719 447
2908 449
939 453
2457 456
232 457
592 458
2530 460
3579 461
6578 463
466 466
468 468
3652 469
1028 470
6027 472
6670 473
2773 477
3835 478
2076 479
2411 481
3322 484
485 485
487 487
489 489
3967 490
3189 491
3978 492
5166 494
498 498
327 499
3055 500
4326 503
504 504
6617 505
507 507
1920 510
511 511
512 512
6131 514
6696 521
5206 526
6608 527
533 533
6586 536
537 537
3509 539
3343 541
4773 543
546 546
550 550
4276 551
552 552
1467 553
4009 554
556 556
2830 557
1164 558
559 559
560 560
3869 562
563 563
3453 566
220 576
3041 582
583 583
585 585
586 586
587 587
351 591
840 594
2916 595
276 597
3436 598
134 599
601 601
603 603
1039 604
607 607
608 608
2300 609
610 610
613 613
1765 614
5884 615
638 617
4719 618
3581 619
620 620
621 621
5472 622
687 631
632 632
2145 636
1456 640
641 641
3083 643
3776 644
2080 645
3965 646
2854 648
1118 650
652 652
2221 653
6413 657
6707 658
2737 659
1151 661
1659 662
4313 670
5733 671
672 672
952 674
2869 675
677 677
392 683
1790 685
691 691
901 693
3661 695
4019 697
754 698
4383 700
1857 701
1049 702
705 705
4602 708
4140 709
715 715
1662 716
2498 720
721 721
723 723
5332 730
3888 736
738 738
739 739
741 741
4366 742
5677 743
2080 745
1630 747
5368 752
754 754
4703 758
759 759
248 760
2626 762
6408 765
2584 766
767 767
1688 768
1828 769
771 771
1838 773
4892 776
615 778
678 781
782 782
786 786
2670 787
4219 788
3047 790
791 791
3309 792
2080 796
4805 798
5673 799
4089 800
801 801
6665 802
805 805
2080 806
2340 808
4947 813
5495 815
819 819
4078 820
4547 824
830 830
3621 831
2369 833
2112 836
841 841
5166 843
3605 844
845 845
846 846
993 847
709 850
853 853
2330 856
5952 857
861 861
327 863
2980 868
869 869
395 871
880 880
882 882
948 883
884 884
3789 886
4421 887
3947 888
891 891
6472 894
2700 899
901 901
1738 902
903 903
5927 905
910 910
637 911
2945 913
4749 914
179 916
624 917
6499 919
5180 921
923 923
924 924
927 927
2983 931
932 932
933 933
4105 940
2959 941
942 942
943 943
2917 945
946 946
3959 947
5505 948
674 952
955 955
4615 957
958 958
6692 961
6652 962
2297 968
970 970
973 973
2513 974
3161 978
6820 979
192 980
2499 984
4337 987
988 988
5876 990
105 991
4603 992
995 995
996 996
997 997
1467 998
1907 1000
3429 1001
4341 1003
1005 1005
44 1006
1149 1007
1010 1010
3898 1012
1013 1013
1014 1014
458 1016
1018 1018
639 1023
6596 1024
3664 1026
2884 1027
3652 1029
6765 1032
1033 1033
1035 1035
1037 1037
2724 1043
3414 1044
993 1047
1049 1049
6869 1052
3671 1053
2269 1056
1060 1060
1061 1061
3393 1062
2793 1063
680 1065
4054 1068
1094 1072
1429 1073
1075 1075
2031 1076
5361 1077
1080 1080
3135 1082
715 1087
1090 1090
3289 1091
5484 1093
5127 1094
1096 1096
2294 1098
6154 1100
1572 1101
1103 1103
2752 1104
3680 1105
1108 1108
4497 1111
2854 1113
3363 1114
1115 1115
3245 1117
1467 1118
1121 1121
1123 1123
450 1126
5258 1128
1129 1129
5678 1132
4921 1133
1136 1136
1137 1137
1140 1140
1141 1141
1630 1143
4744 1144
4670 1146
1430 1148
5207 1151
5164 1152
1153 1153
4302 1156
863 1159
3542 1160
2193 1162
6238 1163
1164 1164
4528 1166
1168 1168
4580 1170
2972 1173
821 1175
2885 1177
1178 1178
1274 1181
1018 1182
1185 1185
1187 1187
1188 1188
6408 1189
1190 1190
1194 1194
3680 1196
262 1198
4796 1199
1200 1200
5241 1207
6820 1219
1220 1220
2081 1221
1223 1223
6185 1225
4359 1226
2715 1227
1774 1229
1233 1233
3126 1234
6432 1235
3026 1236
1238 1238
5865 1240
1241 1241
4303 1242
1418 1245
6529 1246
3765 1248
14 1250
174 1251
3229 1254
1880 1255
6219 1258
5603 1259
1264 1264
1265 1265
6858 1266
3047 1267
1270 1270
1233 1272
4528 1274
1275 1275
4957 1276
4869 1278
1280 1280
3494 1282
5189 1283
3045 1290
1493 1291
1293 1293
592 1294
4947 1296
3388 1299
2102 1301
1302 1302
6504 1305
3456 1306
290 1313
5101 1314
139 1316
2399 1319
1323 1323
1326 1326
2980 1330
1167 1331
3919 1332
3245 1333
1334 1334
5048 1335
6571 1337
5968 1339
1342 1342
4078 1344
3083 1346
3710 1351
1353 1353
1356 1356
1359 1359
3288 1360
6813 1361
5584 1362
2039 1364
6668 1367
2465 1368
544 1369
2825 1370
993 1371
853 1375
3708 1377
1379 1379
6831 1380
1370 1381
1382 1382
6626 1383
1386 1386
4982 1387
2912 1388
1391 1391
1393 1393
1396 1396
6668 1398
3391 1399
2195 1401
1402 1402
6820 1403
5150 1404
4400 1407
4734 1408
1409 1409
1411 1411
6608 1412
1979 1413
1416 1416
1417 1417
6247 1418
5793 1420
4808 1422
1424 1424
1703 1425
6820 1426
4582 1427
4992 1429
4138 1430
4649 1435
2214 1438
1439 1439
929 1440
2166 1441
2418 1445
5407 1447
1449 1449
150 1451
2415 1452
13 1453
3098 1455
4449 1456
1460 1460
6326 1461
1464 1464
2429 1466
2737 1469
4868 1470
4592 1471
3919 1473
4246 1474
4636 1475
4399 1476
6884 1479
1480 1480
3718 1481
4684 1484
1487 1487
1488 1488
1490 1490
1492 1492
1605 1494
3967 1496
1498 1498
4110 1499
4116 1500
1503 1503
2399 1507
168 1508
3243 1511
1798 1516
1762 1517
1523 1523
1524 1524
2809 1525
1526 1526
5168 1528
1531 1531
1535 1535
3582 1536
1537 1537
1538 1538
1541 1541
1542 1542
3671 1544
6567 1545
4138 1547
1548 1548
2997 1550
4582 1551
1553 1553
6209 1554
1556 1556
3987 1560
6094 1563
1567 1567
1568 1568
6572 1570
1571 1571
5059 1575
1578 1578
1579 1579
1101 1580
4670 1582
4370 1583
1585 1585
4190 1588
1196 1589
2833 1591
4083 1592
1593 1593
5135 1594
1595 1595
1598 1598
1600 1600
6356 1601
3586 1603
3369 1604
5975 1605
4392 1607
6008 1610
1611 1611
5930 1613
1466 1614
1615 1615
6048 1617
1619 1619
6462 1620
3778 1624
1625 1625
3104 1627
1833 1628
209 1629
381 1631
1634 1634
3357 1635
3829 1638
3369 1640
458 1641
1647 1647
1638 1649
4303 1650
3099 1653
4232 1654
1655 1655
5538 1656
1660 1657
4302 1659
1660 1660
1661 1661
4071 1663
4995 1667
4580 1668
1670 1670
4082 1673
1674 1674
3771 1677
1678 1678
1504 1679
1680 1680
1683 1683
3921 1684
1687 1687
1688 1688
1429 1690
5018 1692
732 1695
882 1696
2470 1699
2269 1702
5365 1710
1711 1711
3365 1712
1630 1713
6381 1720
1482 1722
1724 1724
2472 1728
5318 1729
4546 1730
6357 1734
1737 1737
4716 1739
1741 1741
678 1743
1745 1745
4436 1746
1747 1747
801 1748
1753 1753
1755 1755
1758 1758
6517 1759
1760 1760
5127 1763
972 1771
5264 1772
1774 1774
1467 1775
304 1776
1780 1780
2589 1785
1787 1787
830 1788
1791 1791
3126 1794
1795 1795
1796 1796
4731 1797
1798 1798
1799 1799
3652 1800
1770 1801
2300 1804
1392 1806
1809 1809
2091 1812
1817 1817
962 1820
3864 1821
2868 1823
1825 1825
5896 1826
2845 1827
2112 1830
1831 1831
6657 1832
1833 1833
1430 1834
1838 1838
1839 1839
6599 1841
5649 1844
5774 1847
1778 1850
6670 1851
3489 1852
6650 1853
1854 1854
1857 1857
1860 1860
2972 1861
5751 1862
1863 1863
5464 1874
1875 1875
1876 1876
3129 1877
1878 1878
319 1879
1880 1880
1886 1886
3489 1888
4047 1890
4133 1891
533 1897
1852 1898
2860 1899
3816 1900
243 1901
702 1903
1906 1906
1907 1907
4353 1908
3440 1909
1025 1910
960 1911
1912 1912
1913 1913
1914 1914
1916 1916
1136 1925
1430 1926
3571 1927
1928 1928
3496 1929
2624 1930
1932 1932
1937 1937
2294 1938
2811 1939
1940 1940
1949 1949
1951 1951
1953 1953
4577 1956
3948 1957
4089 1958
1962 1962
1966 1966
1968 1968
458 1971
245 1976
1977 1977
3031 1983
1986 1986
6431 1988
5615 1990
1992 1992
6710 1995
4084 1996
4594 1997
1891 1998
2454 2000
3894 2004
681 2006
5952 2007
5959 2011
5168 2012
392 2013
2014 2014
67 2015
2017 2017
2018 2018
2019 2019
2020 2020
2022 2022
2411 2023
1388 2024
4115 2025
2027 2027
4007 2029
2030 2030
2031 2031
4792 2033
2036 2036
2718 2037
1804 2043
6796 2044
6588 2046
2049 2049
2052 2052
6677 2053
658 2054
1918 2057
2061 2061
6114 2063
171 2066
2067 2067
398 2068
1064 2069
2640 2071
4089 2078
2086 2086
4392 2087
2330 2088
2089 2089
2092 2092
5831 2094
2095 2095
1133 2099
2101 2101
2102 2102
2104 2104
3299 2107
2109 2109
2112 2112
1215 2113
535 2115
4467 2118
993 2122
2124 2124
4744 2125
1075 2126
2127 2127
2128 2128
2129 2129
2130 2130
972 2134
2136 2136
5726 2137
6472 2138
2140 2140
3579 2142
1555 2144
5560 2145
2146 2146
2150 2150
4007 2151
5464 2152
497 2155
6701 2156
268 2162
2164 2164
2167 2167
2233 2169
3479 2170
2174 2174
1768 2175
2102 2176
5855 2177
608 2178
884 2179
2180 2180
6650 2181
2182 2182
6608 2185
5546 2194
6692 2196
2197 2197
2204 2204
5138 2206
4941 2210
1592 2213
2214 2214
5303 2216
1195 2224
4456 2226
3891 2227
2399 2228
2229 2229
1955 2232
2233 2233
4868 2234
1329 2236
2239 2239
4115 2240
5179 2241
5212 2244
2245 2245
4637 2246
4957 2249
1363 2252
1564 2253
3861 2254
2256 2256
2772 2257
5350 2258
4995 2259
2260 2260
2261 2261
6567 2265
6410 2266
5225 2270
6839 2272
1929 2273
2274 2274
5673 2275
2280 2280
2282 2282
2168 2287
6665 2288
857 2289
2292 2292
5774 2293
2294 2294
2295 2295
2296 2296
5675 2297
6235 2298
3671 2301
2233 2303
24 2305
937 2306
5421 2307
2308 2308
428 2311
2312 2312
678 2315
2317 2317
2318 2318
2321 2321
5442 2328
6677 2333
981 2335
6056 2340
4015 2342
6498 2345
4869 2347
6502 2348
2351 2351
3369 2353
3391 2355
563 2356
262 2359
5496 2361
4315 2362
304 2363
1478 2364
1918 2366
2657 2369
748 2372
6608 2373
3216 2377
2662 2378
1630 2380
4317 2382
2383 2383
878 2384
1106 2385
3542 2386
2393 2393
2099 2395
6473 2396
3126 2399
1885 2400
6310 2402
5531 2405
1410 2411
2413 2413
3117 2414
5821 2420
3549 2422
2423 2423
2348 2424
2425 2425
6608 2426
2429 2429
2431 2431
2432 2432
5546 2433
2434 2434
3586 2435
108 2437
4016 2438
2440 2440
2441 2441
4246 2442
2443 2443
2444 2444
1703 2445
2446 2446
2448 2448
2449 2449
2429 2451
2747 2452
2291 2454
2457 2457
5496 2459
5421 2460
355 2461
4264 2463
2467 2467
2468 2468
925 2469
2470 2470
2471 2471
2472 2472
4528 2475
2480 2480
3479 2482
3798 2483
2485 2485
6455 2486
1814 2493
4641 2494
4057 2495
327 2496
2498 2498
2499 2499
2985 2503
2506 2506
1049 2507
3171 2508
2514 2514
1037 2516
372 2519
4057 2520
2300 2526
6712 2530
2080 2531
2089 2533
2534 2534
4810 2535
2548 2538
2565 2540
2541 2541
5324 2544
2544 2545
6819 2547
1605 2548
2550 2550
1086 2554
6472 2556
2558 2558
177 2560
592 2563
315 2564
4859 2565
912 2566
5076 2568
5302 2573
2576 2576
3965 2577
1476 2579
536 2582
500 2583
2584 2584
2585 2585
530 2586
2588 2588
6008 2589
2593 2593
2594 2594
5324 2595
2596 2596
2598 2598
6597 2599
2600 2600
4008 2601
2602 2602
3138 2605
2162 2606
2610 2610
2611 2611
2043 2612
2614 2614
2668 2616
5127 2620
235 2621
347 2624
3028 2625
5531 2627
6408 2628
2629 2629
4604 2631
34 2633
3500 2635
315 2636
6472 2637
5540 2639
5770 2643
2644 2644
4464 2645
2646 2646
2648 2648
1605 2649
2491 2651
2654 2654
3083 2655
2662 2662
6094 2664
4089 2665
6469 2666
2623 2671
6083 2674
5977 2676
3671 2679
4603 2680
3364 2681
1652 2684
3926 2687
1601 2688
2699 2699
2630 2700
4439 2702
2703 2703
2099 2705
2709 2709
5465 2713
1652 2715
3372 2718
2719 2719
2813 2720
2721 2721
2722 2722
4629 2724
884 2725
5073 2727
2728 2728
59 2729
5365 2731
2733 2733
2702 2738
2535 2739
122 2740
96 2741
2743 2743
6300 2744
6780 2746
2747 2747
3158 2748
2751 2751
2753 2753
5073 2754
6230 2755
5272 2756
882 2757
2166 2759
3592 2762
4906 2764
2980 2766
4152 2771
5127 2773
3744 2775
2779 2779
5522 2783
1955 2786
3501 2787
3683 2791
2792 2792
2917 2794
2795 2795
6230 2796
2799 2799
3322 2800
2801 2801
6712 2804
1290 2805
3243 2808
2811 2811
4213 2813
2815 2815
2817 2817
2819 2819
2821 2821
2822 2822
327 2823
6573 2824
2826 2826
2829 2829
2305 2831
2833 2833
1338 2835
6230 2838
4163 2839
2840 2840
3727 2841
3652 2842
6310 2843
615 2844
2846 2846
2848 2848
789 2851
2856 2856
2858 2858
1289 2859
2304 2861
3335 2862
2863 2863
3398 2864
2865 2865
338 2867
2868 2868
4801 2869
1858 2870
976 2871
351 2873
6596 2876
2877 2877
2056 2878
5200 2879
2880 2880
2881 2881
2884 2884
2885 2885
2887 2887
1922 2891
2895 2895
2898 2898
3197 2899
1283 2902
2904 2904
2905 2905
6652 2906
2912 2912
1008 2913
636 2914
882 2918
6808 2919
3023 2920
1071 2927
3109 2932
2941 2941
2942 2942
5531 2943
2950 2950
2955 2955
4792 2956
2962 2962
2963 2963
5196 2966
2969 2969
6538 2970
2971 2971
2803 2972
2224 2975
2977 2977
2980 2980
2981 2981
4276 2982
2722 2984
3583 2985
3509 2986
6472 2987
3643 2989
6472 2991
2992 2992
2998 2998
6596 2999
3288 3000
3840 3001
3004 3004
3006 3006
3007 3007
4705 3010
3012 3012
3014 3014
6048 3016
4845 3018
283 3019
3023 3023
2805 3026
4912 3029
5127 3030
5613 3031
5054 3033
2513 3034
789 3035
3036 3036
3037 3037
914 3039
1329 3041
3044 3044
2813 3045
6193 3046
6413 3047
5134 3048
6069 3049
1916 3053
4791 3054
3056 3056
4169 3058
3059 3059
1388 3060
212 3061
4115 3062
4940 3067
6235 3068
3076 3076
3077 3077
2972 3078
620 3079
4813 3080
5250 3081
947 3085
327 3087
3088 3088
3090 3090
535 3091
6033 3093
3098 3098
3099 3099
6177 3103
6785 3104
3109 3109
1719 3110
3112 3112
3113 3113
3115 3115
3116 3116
2195 3117
2102 3122
3628 3124
3125 3125
3279 3126
4310 3128
3129 3129
5880 3130
672 3131
3132 3132
3717 3133
2637 3134
3135 3135
3136 3136
3137 3137
1023 3139
5443 3142
1482 3144
4842 3146
2599 3147
4574 3149
3152 3152
6193 3153
3155 3155
6529 3156
229 3158
5127 3160
3163 3163
5106 3164
6599 3166
3841 3167
3168 3168
3169 3169
2355 3170
3171 3171
3172 3172
4603 3173
3177 3177
3178 3178
1969 3179
4604 3182
210 3183
3437 3186
1094 3187
4197 3188
6509 3189
3190 3190
3194 3194
3195 3195
3196 3196
2619 3200
3201 3201
3206 3206
4319 3207
1281 3210
304 3214
3216 3216
5323 3219
3223 3223
2474 3226
4575 3228
3229 3229
5103 3230
3720 3233
3237 3237
3399 3238
4069 3240
3241 3241
3242 3242
3652 3244
3246 3246
1217 3247
3249 3249
487 3250
3687 3251
3252 3252
3254 3254
3255 3255
304 3257
6538 3259
4671 3260
3261 3261
5427 3264
3266 3266
5291 3269
4089 3273
3649 3275
2220 3276
3277 3277
3278 3278
3279 3279
3280 3280
3281 3281
3284 3284
3671 3285
6743 3288
3292 3292
5042 3294
3479 3295
3296 3296
4276 3299
337 3302
6157 3303
5127 3304
4303 3306
5603 3308
3313 3313
945 3314
3316 3316
4163 3317
3500 3319
3320 3320
3323 3323
4246 3325
5759 3330
1379 3332
3333 3333
2089 3334
5845 3335
6459 3337
3338 3338
3340 3340
5398 3345
6136 3346
5869 3347
3348 3348
3349 3349
2501 3350
4303 3353
234 3355
3358 3358
3361 3361
3362 3362
3421 3363
1761 3365
3367 3367
3368 3368
6197 3369
3371 3371
3373 3373
3376 3376
1075 3378
3916 3379
3380 3380
6373 3381
2171 3382
3383 3383
3385 3385
2831 3386
3388 3388
3389 3389
3391 3391
5139 3392
2602 3393
3395 3395
4820 3396
3670 3397
848 3398
2943 3399
2773 3401
4549 3403
1939 3405
3407 3407
6685 3408
5083 3411
3037 3414
3418 3418
313 3419
779 3420
3421 3421
3423 3423
2663 3429
4853 3430
678 3431
535 3435
3670 3436
3437 3437
6408 3441
3444 3444
3445 3445
327 3451
3323 3452
514 3453
3002 3455
6000 3456
4213 3457
6338 3462
3472 3472
5427 3473
6820 3477
1215 3478
2927 3482
6086 3485
2473 3486
3487 3487
3489 3489
3490 3490
6608 3492
4593 3493
3495 3495
1955 3496
6142 3497
4724 3499
3671 3501
2814 3502
4366 3506
3507 3507
3702 3508
2362 3511
3516 3516
821 3521
347 3524
2912 3525
4392 3529
3530 3530
3836 3537
1379 3539
5728 3545
2243 3546
3547 3547
3552 3552
578 3553
3554 3554
1186 3559
179 3560
6468 3561
638 3563
3565 3565
3566 3566
3567 3567
3568 3568
3571 3571
2927 3572
5617 3573
3577 3577
6567 3579
2649 3580
6048 3581
2250 3582
3586 3586
3588 3588
3143 3591
5953 3593
2206 3596
3299 3605
370 3607
1329 3609
1906 3611
2634 3615
5249 3616
678 3620
2359 3621
3437 3623
6408 3626
269 3628
3629 3629
638 3630
884 3632
3634 3634
2019 3635
3873 3636
3638 3638
3479 3640
3643 3643
2088 3647
3582 3648
3083 3651
4301 3652
3653 3653
5407 3655
936 3657
4270 3659
337 3666
3667 3667
6002 3670
3672 3672
3673 3673
6087 3675
6128 3678
2806 3680
3682 3682
3683 3683
6422 3684
3689 3689
3690 3690
3691 3691
3692 3692
607 3694
6872 3695
864 3696
5999 3698
5354 3699
3702 3702
3703 3703
3704 3704
1114 3705
3706 3706
1171 3708
327 3709
3152 3710
1467 3713
5084 3716
3720 3720
4843 3721
6523 3726
3727 3727
3728 3728
3856 3730
514 3731
1017 3733
4054 3735
3738 3738
3739 3739
5373 3742
5985 3744
3747 3747
3750 3750
3735 3752
4672 3753
2055 3756
3437 3757
3759 3759
3501 3760
5645 3764
640 3765
3766 3766
140 3767
5913 3768
5167 3769
4045 3773
3774 3774
3775 3775
3776 3776
3777 3777
2048 3779
3655 3780
3785 3785
6622 3787
3392 3788
6675 3796
3129 3797
3771 3799
3933 3800
2805 3801
5127 3802
789 3805
5090 3806
2692 3808
3812 3812
3813 3813
4159 3815
3818 3818
5962 3819
3169 3821
151 3823
2600 3824
3826 3826
3828 3828
2080 3832
3833 3833
2313 3834
2381 3837
3839 3839
1744 3842
3846 3846
3374 3849
914 3851
3663 3854
4138 3859
2158 3860
1243 3861
6712 3864
2192 3865
3868 3868
1914 3870
3636 3873
2377 3874
2313 3875
3877 3877
5442 3879
6431 3880
3479 3882
3884 3884
2868 3885
3055 3888
3892 3892
2443 3895
3289 3897
2261 3898
3900 3900
4412 3903
3906 3906
3908 3908
3909 3909
5541 3910
3911 3911
2348 3913
3313 3914
5883 3915
5999 3917
3922 3922
210 3924
3925 3925
3927 3927
3178 3929
5069 3932
3937 3937
3941 3941
242 3943
3944 3944
3680 3946
6357 3947
714 3950
2845 3951
3213 3952
6370 3954
3955 3955
5774 3957
5790 3958
275 3960
1755 3962
3965 3965
3967 3967
2624 3968
4671 3969
3671 3970
6230 3972
392 3975
5393 3978
3979 3979
2951 3984
3720 3988
3989 3989
3991 3991
6387 3994
337 3996
400 3998
4303 4000
4001 4001
2227 4002
4004 4004
4006 4006
2175 4009
5504 4010
391 4011
4013 4013
997 4014
669 4015
4016 4016
2225 4017
4018 4018
4037 4019
6477 4020
4177 4021
6808 4023
4032 4032
4034 4034
3908 4035
4036 4036
4037 4037
4039 4039
4315 4042
4045 4045
4048 4048
4050 4050
5127 4053
4054 4054
6568 4056
592 4057
4058 4058
1060 4059
4917 4061
4066 4066
5365 4067
1518 4069
2471 4070
3255 4071
4073 4073
1005 4076
3609 4077
4084 4084
4238 4085
4091 4091
4093 4093
6820 4094
3951 4096
1798 4097
2983 4098
1494 4100
4101 4101
3166 4103
327 4104
6008 4105
3655 4107
4110 4110
4114 4114
4116 4116
4138 4120
5795 4122
4123 4123
4124 4124
2895 4125
4126 4126
4127 4127
3013 4128
1060 4129
3411 4131
4135 4135
4868 4137
888 4138
2162 4143
6646 4145
4148 4148
4149 4149
4973 4150
4153 4153
4155 4155
856 4156
3134 4157
4158 4158
4162 4162
798 4164
4166 4166
4167 4167
4168 4168
432 4171
5499 4172
4174 4174
5899 4177
5737 4182
3768 4186
273 4187
4957 4189
4192 4192
4197 4197
4198 4198
4202 4202
4210 4210
4007 4212
3271 4214
6087 4217
5876 4221
2162 4223
2972 4225
4226 4226
4227 4227
5930 4229
4230 4230
4234 4234
4237 4237
4238 4238
4240 4240
968 4241
4242 4242
4244 4244
5968 4246
4247 4247
6710 4248
2664 4252
3289 4256
4257 4257
2189 4258
5514 4259
3318 4261
4262 4262
4267 4267
1484 4268
6812 4272
4813 4276
4078 4279
1551 4281
4282 4282
2407 4283
4285 4285
4290 4290
1814 4291
2201 4292
4293 4293
4294 4294
5536 4295
510 4296
5463 4297
4299 4299
6121 4300
907 4302
1563 4303
6696 4307
4308 4308
4213 4309
4310 4310
3542 4316
4317 4317
6608 4319
4321 4321
6408 4323
5127 4325
1988 4326
4541 4327
4582 4328
4329 4329
4335 4335
880 4336
4337 4337
5179 4338
804 4343
2506 4358
4366 4362
414 4365
742 4366
5019 4371
4372 4372
2980 4373
4089 4374
5138 4377
2325 4378
4379 4379
2041 4380
5669 4381
6479 4382
2331 4383
4386 4386
6285 4387
4388 4388
4389 4389
4665 4390
4391 4391
4392 4392
6819 4393
6066 4395
1258 4403
729 4404
4889 4405
3103 4409
4813 4411
4412 4412
6472 4415
1630 4419
6804 4421
4665 4422
856 4423
4424 4424
4425 4425
4428 4428
917 4429
4431 4431
6408 4432
4433 4433
3662 4436
2349 4440
1852 4441
4443 4443
3046 4445
4446 4446
4449 4449
1619 4452
2530 4453
1747 4455
2626 4457
4459 4459
4463 4463
5908 4464
4465 4465
6308 4468
4470 4470
3042 4472
567 4473
654 4477
5801 4478
4481 4481
4485 4485
1184 4489
5472 4490
2049 4492
4493 4493
4494 4494
5504 4495
3776 4497
4500 4500
748 4501
1778 4502
4503 4503
3274 4504
3647 4506
3313 4512
4303 4513
3419 4515
6641 4516
3076 4517
1060 4518
134 4520
4522 4522
4530 4525
6736 4526
1479 4528
6426 4533
4538 4538
4543 4543
4548 4548
1388 4551
4552 4552
4553 4553
132 4554
1430 4555
2261 4556
2772 4557
4562 4562
4564 4564
3479 4566
2474 4567
4568 4568
6235 4569
4571 4571
4573 4573
4575 4575
247 4582
4583 4583
4116 4587
1204 4589
4593 4593
4597 4597
5463 4602
592 4603
4639 4604
6598 4606
4607 4607
5166 4609
6470 4610
5336 4614
377 4618
3542 4619
5156 4620
1142 4625
3311 4626
4628 4628
1850 4631
6011 4636
4637 4637
4641 4641
4644 4644
5488 4648
269 4649
4650 4650
4653 4653
1379 4654
1204 4662
2091 4663
4664 4664
4235 4665
5789 4671
4672 4672
4677 4677
6608 4678
719 4681
4683 4683
1871 4684
4685 4685
1630 4686
4687 4687
2596 4688
4693 4693
1573 4697
4698 4698
4089 4699
5985 4700
5607 4701
3501 4704
4705 4705
4709 4709
4711 4711
4713 4713
3224 4715
2429 4717
3247 4719
4722 4722
4725 4725
6408 4726
4728 4728
4729 4729
1609 4731
1889 4732
4773 4733
4734 4734
4736 4736
2367 4737
4738 4738
5393 4742
4744 4744
4746 4746
1449 4747
2417 4750
739 4751
786 4755
3587 4758
4760 4760
4762 4762
5292 4763
5005 4764
3579 4768
4378 4772
6413 4773
6581 4775
4665 4777
2626 4779
4383 4790
2869 4792
2844 4793
4797 4797
2411 4798
4799 4799
4599 4801
5413 4802
6730 4803
5929 4805
4806 4806
4807 4807
2036 4808
3680 4811
2843 4813
4814 4814
4817 4817
3083 4818
4820 4820
2772 4822
882 4826
1608 4827
6295 4828
4830 4830
4831 4831
5530 4832
1028 4835
4836 4836
5801 4839
4399 4845
4849 4849
6765 4850
1060 4851
1407 4854
5283 4855
4940 4859
160 4860
4863 4863
4357 4864
6341 4865
2472 4866
4868 4868
109 4871
5134 4872
4874 4874
4878 4878
5200 4884
5319 4889
1195 4891
3407 4892
5685 4893
4693 4894
4900 4900
242 4905
4909 4909
4910 4910
4912 4912
6357 4914
4915 4915
989 4917
4918 4918
4921 4921
2741 4923
6014 4925
1798 4927
2300 4929
4930 4930
2513 4931
3023 4932
4934 4934
4935 4935
2594 4936
5373 4938
3374 4939
6606 4940
2210 4941
3876 4942
4943 4943
3311 4944
5127 4947
4950 4950
5195 4951
2150 4953
2069 4954
5498 4955
4956 4956
6246 4958
3279 4959
5999 4960
2737 4961
4962 4962
4963 4963
4966 4966
6648 4970
5005 4978
4982 4982
4845 4984
4985 4985
5104 4986
4900 4987
6338 4989
4991 4991
2136 4992
2521 4995
6072 4997
4999 4999
2031 5003
6294 5005
388 5007
6357 5008
942 5009
6408 5014
5271 5018
5019 5019
1072 5020
1585 5023
5301 5024
6674 5025
5233 5027
186 5029
327 5031
5435 5037
5127 5038
1784 5041
5047 5047
3126 5049
5272 5052
5053 5053
5054 5054
5056 5056
3397 5058
1821 5059
370 5064
619 5065
3444 5067
6296 5068
5069 5069
6851 5070
3545 5071
2960 5072
6838 5073
5734 5074
5075 5075
5077 5077
6139 5078
5079 5079
5051 5080
5081 5081
5091 5082
6195 5083
4592 5084
3452 5086
5089 5089
5090 5090
393 5093
6169 5094
5095 5095
5097 5097
5100 5100
2181 5101
1430 5103
732 5104
3045 5107
2067 5110
5113 5113
5117 5117
5119 5119
5120 5120
2506 5122
3109 5125
2980 5126
6652 5127
5128 5128
5130 5130
6017 5131
5132 5132
5136 5136
5333 5138
5141 5141
5142 5142
448 5143
3366 5144
1488 5145
2342 5152
5153 5153
3133 5156
4878 5158
2399 5161
3522 5162
1063 5163
2712 5165
4191 5171
4905 5174
5179 5179
6230 5185
5186 5186
2845 5189
5192 5192
5193 5193
5196 5196
3237 5197
5198 5198
4089 5204
4631 5205
6087 5206
6648 5207
5208 5208
5211 5211
1852 5212
4671 5214
423 5215
1174 5217
5221 5221
6746 5223
5225 5225
6820 5231
5234 5234
5235 5235
980 5236
3787 5238
5239 5239
240 5241
6408 5242
2803 5249
5251 5251
2972 5256
3369 5258
881 5259
4082 5261
5262 5262
5265 5265
1741 5269
5271 5271
5373 5274
6505 5275
2632 5280
6356 5281
5282 5282
2619 5284
3869 5289
2596 5291
6323 5292
1703 5293
6119 5294
5295 5295
5300 5300
5760 5301
2613 5302
5303 5303
5304 5304
1630 5305
5306 5306
404 5311
5489 5314
5607 5316
1270 5319
4637 5323
1038 5324
5350 5325
5327 5327
5329 5329
5332 5332
4488 5333
5033 5334
4283 5336
5339 5339
3043 5341
3497 5343
5348 5348
5349 5349
4954 5350
5353 5353
3552 5354
6808 5355
2229 5357
5360 5360
3509 5362
5365 5365
2698 5366
678 5367
5370 5370
1576 5374
5734 5375
5377 5377
5378 5378
5381 5381
4105 5384
5385 5385
5387 5387
5390 5390
1329 5393
5938 5395
3909 5396
4801 5399
4639 5400
5403 5403
5405 5405
5406 5406
5409 5409
1780 5410
5411 5411
1688 5416
2813 5419
748 5421
24 5423
3565 5427
5430 5430
6310 5433
3496 5436
5437 5437
5440 5440
673 5442
3118 5443
5445 5445
3150 5446
2718 5447
5448 5448
5450 5450
5452 5452
1551 5456
5458 5458
4395 5461
5464 5464
5468 5468
2930 5469
2744 5472
6470 5473
4639 5474
1630 5478
6851 5479
4547 5480
2594 5483
5484 5484
6119 5486
5487 5487
6707 5489
3343 5490
5494 5494
2031 5496
5497 5497
2829 5499
5011 5501
4089 5502
5506 5506
5176 5507
5508 5508
2983 5509
6272 5510
2829 5515
5517 5517
1622 5519
2997 5520
4817 5521
5522 5522
271 5523
4082 5525
5526 5526
2829 5528
5532 5532
3583 5533
4268 5535
387 5536
6740 5537
6315 5538
5539 5539
1236 5540
743 5541
5543 5543
5546 5546
5549 5549
4568 5550
5551 5551
2542 5552
2627 5559
5560 5560
2043 5566
5567 5567
3270 5571
6860 5572
5573 5573
5575 5575
3464 5578
518 5580
5581 5581
695 5582
6820 5583
5584 5584
2910 5585
5569 5589
5100 5590
2983 5593
3023 5594
5595 5595
5300 5596
3170 5597
524 5601
4592 5603
6358 5604
3671 5608
5610 5610
5613 5613
2429 5620
391 5622
5988 5625
6470 5626
3787 5629
5630 5630
5119 5631
2279 5632
5634 5634
5635 5635
1790 5636
4023 5638
5641 5641
5059 5645
6841 5646
3680 5647
5702 5648
6677 5650
5651 5651
4601 5656
5659 5659
4930 5661
5663 5663
5664 5664
5127 5671
5674 5674
1684 5675
5677 5677
5678 5678
5679 5679
6608 5682
5684 5684
5686 5686
4832 5687
4530 5689
5691 5691
1340 5693
1430 5694
1222 5695
5697 5697
5698 5698
2971 5703
5704 5704
3683 5705
5706 5706
6750 5708
1972 5711
5717 5717
1738 5720
4533 5721
1503 5724
5726 5726
2646 5728
3245 5730
5368 5732
6712 5733
5734 5734
1379 5739
5740 5740
2145 5741
5742 5742
6357 5743
6825 5748
5750 5750
1281 5752
5753 5753
6820 5754
2869 5755
5756 5756
4534 5759
966 5760
627 5763
6820 5765
1810 5766
5767 5767
2031 5769
238 5773
327 5774
5777 5777
5778 5778
5579 5780
2060 5781
6055 5782
5783 5783
5785 5785
4526 5786
4881 5788
6733 5789
5791 5791
3045 5793
5794 5794
2647 5795
3647 5796
5799 5799
1722 5801
5802 5802
3869 5803
5354 5804
1094 5806
5807 5807
1490 5811
5813 5813
5012 5817
3017 5820
6235 5824
5826 5826
1771 5827
5828 5828
4082 5831
5834 5834
5012 5836
5837 5837
5838 5838
5091 5839
5840 5840
4303 5841
398 5842
1553 5844
5845 5845
4891 5847
724 5850
5851 5851
5855 5855
5862 5862
5865 5865
1852 5866
327 5867
5869 5869
2041 5874
678 5875
6692 5877
273 5878
2181 5880
5881 5881
5388 5882
6063 5884
99 5885
1735 5887
6538 5888
1060 5892
2961 5893
5012 5895
3555 5899
5901 5901
5902 5902
1289 5903
5904 5904
5426 5909
1494 5910
5915 5915
2721 5917
5914 5920
370 5923
2666 5926
5927 5927
5733 5928
5930 5930
5932 5932
5933 5933
3528 5935
5939 5939
5876 5943
5610 5949
2125 5950
5951 5951
5952 5952
5953 5953
209 5958
6246 5959
3041 5964
5966 5966
3680 5971
2507 5974
5127 5975
991 5976
5980 5980
5981 5981
5982 5982
5985 5985
5986 5986
5987 5987
5988 5988
3442 5989
510 5990
5991 5991
5994 5994
5997 5997
2501 5998
3989 5999
1782 6000
4092 6002
6005 6005
6006 6006
1094 6007
2183 6008
4482 6009
6010 6010
4484 6014
5913 6017
5696 6020
6023 6023
6024 6024
4082 6027
4202 6030
2039 6032
6033 6033
1918 6037
6039 6039
1929 6040
4009 6043
6045 6045
6658 6047
6416 6050
1069 6052
535 6053
6055 6055
6056 6056
6057 6057
5834 6058
5855 6059
5647 6060
6061 6061
6062 6062
6063 6063
6064 6064
818 6067
724 6074
6076 6076
6077 6077
4089 6078
6079 6079
2060 6080
2687 6081
6085 6085
6086 6086
6851 6087
2217 6088
6090 6090
2916 6092
6095 6095
2869 6096
398 6098
1222 6099
6101 6101
4467 6102
2764 6103
4806 6105
6108 6108
2450 6109
5350 6112
2327 6113
3479 6115
337 6116
6117 6117
5658 6125
3986 6127
6128 6128
3271 6129
824 6132
787 6133
4089 6135
5137 6141
6142 6142
808 6143
2772 6144
5962 6145
6147 6147
6149 6149
592 6150
209 6151
6285 6152
4658 6153
464 6154
6157 6157
6159 6159
6160 6160
6161 6161
6163 6163
6641 6168
6169 6169
2279 6170
719 6171
1864 6172
6175 6175
2069 6177
6179 6179
1669 6185
6187 6187
3311 6189
6191 6191
6193 6193
6196 6196
6398 6200
5009 6201
4913 6205
6209 6209
4879 6210
6212 6212
5999 6216
4614 6217
3869 6220
6225 6225
4868 6228
6231 6231
869 6235
6238 6238
5551 6243
518 6244
6245 6245
6246 6246
6248 6248
2772 6251
1506 6252
3809 6257
5789 6260
294 6261
2916 6262
6263 6263
6264 6264
6265 6265
4641 6266
6267 6267
2525 6269
6271 6271
1222 6272
5612 6273
6276 6276
6278 6278
4868 6279
4301 6280
6281 6281
2091 6285
6286 6286
2737 6289
4238 6293
5005 6294
6295 6295
6302 6302
6303 6303
2268 6305
1929 6306
3896 6314
4317 6318
6319 6319
933 6320
3076 6322
6323 6323
5221 6324
1108 6326
1388 6328
3609 6329
6330 6330
6334 6334
6338 6338
1053 6339
997 6341
2851 6342
754 6345
6346 6346
5936 6349
1983 6351
2840 6353
6358 6358
3047 6359
6360 6360
4599 6361
327 6362
6363 6363
6364 6364
6368 6368
6370 6370
3381 6373
6169 6374
1743 6375
5116 6385
3517 6387
6389 6389
393 6390
3646 6396
2100 6397
6398 6398
6608 6399
960 6400
6402 6402
2607 6404
6405 6405
672 6406
1370 6407
6406 6408
3271 6409
2327 6411
6412 6412
6578 6415
678 6418
6420 6420
1306 6422
6423 6423
6499 6424
6425 6425
6426 6426
4907 6429
1949 6430
6431 6431
6433 6433
6434 6434
6435 6435
669 6437
4631 6438
3500 6439
6442 6442
3723 6446
6598 6449
327 6450
2043 6451
4009 6456
6193 6460
6467 6467
6525 6468
3039 6470
290 6472
6473 6473
6475 6475
6185 6482
882 6484
6635 6487
5398 6488
6489 6489
5134 6494
6499 6499
1673 6502
948 6505
169 6507
6006 6508
6509 6509
6510 6510
3130 6512
5506 6514
1801 6518
722 6519
403 6520
6635 6523
5127 6524
4360 6525
4849 6526
6527 6527
2899 6528
3147 6530
5915 6533
6546 6534
2961 6535
3682 6537
6338 6538
6546 6546
3935 6549
2399 6552
6559 6559
6566 6566
6567 6567
5153 6571
4609 6572
6573 6573
1933 6574
6576 6576
4303 6580
6769 6581
5799 6585
6586 6586
6587 6587
6711 6589
6591 6591
6592 6592
6595 6595
2834 6597
6689 6598
6600 6600
6606 6606
6610 6610
6617 6617
2667 6619
2419 6620
2748 6622
6626 6626
189 6628
2960 6631
2399 6632
4101 6633
5657 6636
4463 6637
6638 6638
2595 6639
5103 6640
5541 6642
265 6643
6644 6644
3950 6645
6757 6647
5214 6648
6650 6650
3981 6651
5127 6652
5224 6654
304 6656
6657 6657
4382 6658
3929 6659
6027 6660
520 6661
2523 6663
6666 6666
1739 6667
5127 6668
3369 6672
3633 6674
6675 6675
6678 6678
5346 6679
6710 6680
6683 6683
6685 6685
1222 6686
2983 6687
6688 6688
6598 6689
6693 6693
4276 6696
30 6700
1973 6703
6704 6704
6706 6706
3513 6709
6648 6711
2415 6712
1554 6713
6714 6714
6831 6715
2227 6717
1515 6718
6719 6719
6721 6721
482 6724
4628 6725
6727 6727
268 6728
2240 6729
5569 6731
4957 6732
6733 6733
2171 6735
4594 6736
6739 6739
3378 6745
327 6751
6754 6754
6758 6758
1988 6759
3484 6760
1238 6762
5083 6765
6114 6768
2945 6769
6771 6771
6778 6778
5543 6780
5962 6781
5373 6782
6784 6784
6785 6785
6788 6788
6343 6789
6791 6791
6792 6792
6793 6793
6794 6794
6797 6797
6801 6801
2700 6803
6804 6804
6807 6807
1040 6808
6809 6809
6817 6817
6819 6819
3180 6823
6827 6827
59 6828
4089 6829
563 6830
1380 6831
6834 6834
6838 6838
2272 6839
3083 6840
6841 6841
713 6843
6844 6844
6848 6848
6850 6850
102 6852
4627 6853
6008 6855
1446 6856
2429 6858
1795 6859
3081 6862
925 6864
6865 6865
1520 6866
6868 6868
6869 6869
2937 6871
6872 6872
789 6875
1216 6879
2448 6880
2770 6881
4191 6883
678 6884
6887 6887
6889 6889
