409 409
27 27
5594 5594
315 315
328 328
407 407
3774 3774
1907 1907
294 294
408 408
3739 3739
3829 3829
3851 3851
6248 6248
341 341
322 322
3833 3833
2783 2783
327 327
3824 3824
117 117
359 359
439 439
330 330
6267 6267
63 63
3633 3633
435 435
2799 2799
65 65
3806 3806
5750 5750
119 119
2795 2795
2815 2815
3637 3637
3925 3925
3789 3789
3547 3547
3531 3531
5724 5724
3753 3753
6275 6275
5508 5508
64 64
2811 2811
6261 6261
85 85
5596 5596
10 10
5845 5845
73 73
3555 3555
109 109
3667 3667
5659 5659
3703 3703
5708 5708
5753 5753
3586 3586
245 245
3565 3565
6237 6237
3571 3571
3911 3911
3568 3568
6238 6238
3579 3579
5933 5933
5959 5959
6231 6231
2 2
5939 5939
2178 2178
5838 5838
62 62
5944 5944
2046 2046
6055 6055
5523 5523
5452 5452
3655 3655
5978 5978
2052 2052
2246 2246
6045 6045
4 4
5543 5543
5641 5641
2191 2191
3884 3884
2129 2129
5834 5834
6077 6077
2180 2180
6064 6064
6042 6042
5542 5542
3906 3906
2375 2375
2044 2044
5980 5980
5538 5538
6084 6084
374 374
2377 2377
2485 2485
5539 5539
2124 2124
3910 3910
2598 2598
3883 3883
258 258
4012 4012
2061 2061
6030 6030
5665 5665
2278 2278
5581 5581
2393 2393
2239 2239
2506 2506
2193 2193
3691 3691
3782 3782
4050 4050
4010 4010
448 448
6090 6090
158 158
4019 4019
4022 4022
4044 4044
5233 5233
6011 6011
2517 2517
2610 2610
5646 5646
3965 3965
5745 5745
4037 4037
2596 2596
3870 3870
5988 5988
2565 2565
5677 5677
4042 4042
4039 4039
2566 2566
4035 4035
2623 2623
6006 6006
2523 2523
4023 4023
5991 5991
5526 5526
5484 5484
3892 3892
3954 3954
6125 6125
4045 4045
3978 3978
3976 3976
180 180
505 505
2146 2146
2030 2030
3695 3695
3694 3694
269 269
3738 3738
2634 2634
6023 6023
2086 2086
466 466
6024 6024
5487 5487
4001 4001
2636 2636
2639 2639
2567 2567
3955 3955
5869 5869
164 164
507 507
2558 2558
3683 3683
401 401
3811 3811
498 498
220 220
558 558
5709 5709
3437 3437
544 544
487 487
295 295
490 490
560 560
537 537
3766 3766
2272 2272
6160 6160
2652 2652
2215 2215
163 163
5702 5702
5691 5691
387 387
2648 2648
5915 5865
3316 3316
2018 2018
3682 3682
182 182
3368 3368
2241 2241
2020 2020
1988 1988
5569 5569
3445 3445
3372 3372
2536 2536
2700 2700
6610 6610
3373 3373
6834 6834
3283 3283
3421 3421
6159 6159
2317 2317
1919 1919
6758 6758
3447 3447
255 255
3340 3340
2308 2308
6750 6750
3371 3371
271 271
2432 2432
3278 3278
6704 6704
3308 3308
2702 2702
6788 6788
3423 3423
6175 6175
5807 5807
5806 5806
3292 3292
3207 3207
3266 3266
3417 3417
2104 2104
6642 6642
1940 1940
6827 6827
6817 6817
3456 3456
3314 3314
6627 6627
1968 1968
5783 5783
3249 3249
1586 1586
2324 2324
6708 6708
5705 5705
6630 6630
6170 6170
3388 3388
2330 2330
1966 1966
1976 1976
6731 6731
226 226
3246 3246
6666 6666
6804 6804
6644 6644
6688 6688
2243 2243
3223 3223
6683 6683
6706 6706
6657 6657
3460 3460
2321 2321
3386 3386
5812 5812
1942 1942
1277 1277
1600 1600
6791 6791
2318 2318
6603 6603
3195 3195
3196 3196
6866 6866
1977 1977
6862 6862
1353 1353
3389 3389
1741 1741
6595 6595
6830 6830
3723 3723
1163 1163
1687 1687
5913 5913
1588 1588
6602 6602
2437 2437
1689 1689
5378 5378
5095 5095
2740 2740
721 721
5813 5813
3180 3180
3131 3131
5198 5198
1591 1591
1515 1515
3183 3183
6778 6778
249 249
5411 5411
933 933
5074 5074
801 801
3182 3182
1129 1129
6797 6797
3335 3335
2468 2468
3242 3242
5814 5814
1132 1132
5075 5075
2833 2833
1188 1188
2425 2425
6800 6800
5158 5158
1534 1534
5195 5195
3730 3730
5053 5053
3216 3216
1122 1122
3177 3177
3132 3132
4709 4709
6529 6529
302 302
1625 1625
4459 4459
4675 4675
1140 1140
4119 4119
1000 1000
4372 4372
840 840
4389 4389
4978 4978
4538 4538
4493 4493
4729 4729
1795 1795
4335 4335
6225 6225
5251 5251
1456 1456
3109 3109
1323 1323
4285 4285
4799 4799
4762 4762
215 215
1524 1524
6721 6721
3100 3100
5780 5780
2719 2719
1137 1137
6370 6370
5086 5086
6383 6383
4358 4358
5056 5056
4337 4337
1251 1251
4424 4424
3944 3944
211 211
4623 4623
4912 4912
4687 4687
6560 6560
3728 3728
3168 3168
6559 6559
4329 4329
4973 4973
4494 4494
6591 6591
4123 4123
1791 1791
4956 4956
2826 2826
3090 3090
1013 1013
5292 5292
1265 1265
4934 4934
1886 1886
4150 4150
4166 4166
6389 6389
1014 1014
4734 4734
5090 5090
1700 1700
882 882
1369 1369
5377 5377
1018 1018
3158 3158
1037 1037
1168 1168
5262 5262
4966 4966
2848 2848
3511 3511
4486 4486
1023 1023
1619 1619
3012 3012
1112 1112
1449 1449
2821 2821
2829 2829
6573 6573
5041 5041
1598 1598
4878 4878
4757 4757
1200 1200
1620 1620
4537 4537
2825 2825
1264 1264
3001 3001
4492 4492
1280 1280
4831 4831
6510 6510
1628 1628
4550 4550
6508 6508
4293 4293
924 924
6468 6468
1245 1245
1737 1737
4953 4953
990 990
5193 5193
4950 4950
4299 4299
586 586
1824 1824
585 585
6431 6431
3137 3137
4839 4839
4470 4470
5324 5324
1275 1275
1526 1526
5282 5282
5342 5342
927 927
1838 1838
4443 4443
1684 1684
750 750
4746 4746
2926 2926
2858 2858
4711 4711
697 697
4369 4369
1571 1571
6281 6281
1074 1074
4883 4883
4607 4607
5265 5265
6332 6332
4174 4174
5211 5211
4889 4889
2971 2971
4461 4461
2865 2865
652 652
1045 1045
4930 4930
923 923
4968 4968
1881 1881
1860 1860
1382 1382
1409 1409
1506 1506
1356 1356
965 965
1021 1021
594 594
6282 6282
884 884
1093 1093
4951 4951
1027 1027
809 809
2989 2989
1799 1799
1393 1393
4338 4338
6315 6315
2868 2868
3006 3006
5113 5113
788 788
1380 1380
6302 6302
1753 1753
695 695
4808 4808
4192 4192
4728 4728
4149 4149
1761 1761
4241 4241
1101 1101
1103 1103
1464 1464
1876 1876
4844 4844
6872 6872
4452 4452
621 621
2932 2932
2923 2923
743 743
4396 4396
4417 4417
5281 5281
1627 1627
4202 4202
4573 4573
2885 2885
4874 4874
4127 4127
4568 4568
6429 6429
