0 0
2 2
2118 3
5 5
7 7
1448 9
10 10
11 11
1871 14
16 16
17 17
18 18
723 19
1208 20
7 26
27 27
2192 28
33 33
2633 34
35 35
36 36
37 37
3651 38
1346 39
665 40
1385 42
47 47
1046 49
1641 53
54 54
3470 57
59 59
1626 60
819 61
1243 63
64 64
2739 66
67 67
69 69
907 70
2136 72
1175 73
2226 74
899 77
78 78
79 79
80 80
1880 81
82 82
2298 83
1053 84
3036 85
87 87
89 89
90 90
91 91
1170 92
1138 95
98 98
2724 99
101 101
103 103
164 104
946 105
2142 106
108 108
489 109
1759 112
1222 115
1892 116
2140 117
119 119
1336 120
634 121
122 122
3593 126
2456 128
391 129
368 130
131 131
2539 132
1162 133
134 134
1475 135
1805 136
138 138
2824 140
141 141
142 142
1039 144
145 145
3644 146
1308 149
153 153
3319 154
155 155
168 157
1243 158
159 159
1888 161
163 163
164 164
1950 166
167 167
398 168
277 171
2575 172
1841 173
175 175
2259 179
181 181
986 182
527 184
520 185
186 186
187 187
188 188
1559 191
1033 192
193 193
196 196
2153 198
199 199
2440 200
201 201
202 202
1955 203
871 205
2061 207
609 209
210 210
1417 211
1754 212
213 213
214 214
215 215
2341 216
514 218
3328 219
222 222
223 223
224 224
3053 226
227 227
228 228
230 230
231 231
1615 232
440 234
238 238
240 240
3082 243
2413 244
1279 251
253 253
1929 255
256 256
257 257
258 258
259 259
260 260
261 261
2580 262
1012 264
555 265
266 266
267 267
1170 268
276 276
2481 277
279 279
1389 281
282 282
285 285
287 287
290 290
291 291
973 295
296 296
1452 299
300 300
3619 301
302 302
3264 303
890 304
305 305
1945 306
308 308
311 311
312 312
314 314
315 315
316 316
1948 318
1312 320
795 322
3412 324
325 325
1306 326
1887 327
328 328
943 330
331 331
332 332
1548 333
2583 334
3507 335
854 336
339 339
3131 341
342 342
1853 343
45 344
1794 345
3175 346
2932 347
348 348
349 349
351 351
352 352
2946 353
2681 357
359 359
360 360
3071 361
588 362
3137 363
2445 364
2362 369
370 370
371 371
374 374
2816 378
620 381
382 382
653 385
386 386
2825 387
3492 389
394 394
396 396
3648 398
3284 401
520 402
405 405
2833 407
408 408
409 409
410 410
411 411
2779 412
414 414
2770 416
11 418
419 419
420 420
421 421
423 423
2187 424
665 425
2784 426
1055 429
1632 430
432 432
3556 433
2153 434
436 436
2140 438
439 439
441 441
1912 443
448 448
449 449
1584 451
3311 453
1218 455
456 456
3051 457
1584 459
2462 460
1500 461
464 464
466 466
2748 467
468 468
470 470
2347 471
472 472
1851 473
1848 474
475 475
3505 478
480 480
481 481
483 483
342 489
3540 491
493 493
494 494
495 495
497 497
498 498
499 499
140 500
636 502
1278 503
505 505
11 509
3200 510
829 511
2549 513
966 514
3131 516
1903 517
519 519
2031 520
522 522
526 526
79 527
1024 528
1081 530
573 532
535 535
533 537
538 538
395 539
3131 540
542 542
544 544
2942 545
1235 548
384 549
551 551
3500 552
3128 553
1457 555
3202 556
557 557
559 559
560 560
2003 561
3091 562
1347 563
565 565
171 569
374 570
2053 571
573 573
867 574
1558 575
2062 576
578 578
445 579
1691 580
582 582
584 584
591 591
1848 592
596 596
2967 598
134 599
601 601
3405 602
603 603
604 604
665 605
1312 606
70 607
1833 608
609 609
3413 611
845 613
617 617
618 618
924 621
623 623
624 624
625 625
626 626
38 629
3250 630
1855 632
633 633
635 635
93 638
3065 639
640 640
2544 641
642 642
445 647
2359 649
650 650
3328 651
652 652
654 654
659 659
660 660
2744 665
1208 666
738 667
668 668
1497 669
670 670
671 671
673 673
3631 677
2474 678
269 679
680 680
682 682
2621 683
684 684
489 686
687 687
2350 689
690 690
691 691
693 693
306 694
3265 696
698 698
2159 699
700 700
701 701
1919 703
3493 704
706 706
1777 707
559 708
950 709
2575 712
713 713
3478 716
718 718
507 721
722 722
723 723
2964 725
1288 728
2244 729
730 730
1332 731
2814 732
733 733
866 735
736 736
738 738
739 739
2431 741
742 742
2047 744
332 746
3083 747
749 749
438 750
752 752
754 754
908 756
1555 757
758 758
759 759
760 760
871 761
1402 764
2232 766
1913 767
768 768
2350 770
771 771
773 773
775 775
1274 777
779 779
2410 780
871 781
2213 783
2020 784
3336 785
787 787
788 788
1380 789
792 792
1066 793
250 794
795 795
2659 796
1979 797
3402 798
1312 800
1854 802
807 807
809 809
1243 813
2225 816
202 817
818 818
825 825
826 826
1344 827
828 828
2645 831
3442 836
3036 839
578 840
3283 841
843 843
845 845
1029 847
849 849
950 850
852 852
2491 853
3470 854
1906 860
3258 862
863 863
789 864
2524 867
2850 870
274 873
874 874
880 880
2062 881
3058 883
1704 884
3100 886
3066 888
3222 890
3375 893
2833 897
901 901
903 903
905 905
3470 906
1868 908
3528 909
914 914
917 917
918 918
213 919
1273 920
921 921
922 922
2312 927
2909 928
822 929
1032 930
2946 931
932 932
79 934
1344 935
325 936
2306 937
938 938
2420 941
943 943
533 945
1699 952
2679 953
864 954
2539 956
957 957
2524 959
961 961
2761 962
963 963
2522 964
3125 965
2276 967
1567 968
822 969
2478 970
481 972
975 975
977 977
1499 978
3082 982
2738 986
987 987
946 989
2634 990
105 991
1623 992
1699 994
3493 996
997 997
998 998
1907 1001
3285 1002
1003 1003
3287 1007
747 1009
2906 1011
1012 1012
1013 1013
1014 1014
2919 1015
1606 1016
1018 1018
1019 1019
3330 1021
3305 1026
1163 1027
1504 1028
3617 1029
2947 1030
2338 1031
1041 1041
1042 1042
1239 1044
319 1046
2575 1047
3178 1049
917 1051
2195 1053
1054 1054
1055 1055
1057 1057
1581 1060
1061 1061
1062 1062
1063 1063
1064 1064
1312 1065
1356 1066
1067 1067
1068 1068
2020 1069
1179 1070
1071 1071
3296 1074
2223 1076
649 1077
1080 1080
2047 1081
1439 1082
1083 1083
1084 1084
453 1085
1086 1086
2238 1087
319 1088
957 1093
1094 1094
1287 1099
1100 1100
1961 1101
2352 1103
1104 1104
2110 1105
533 1106
3019 1107
224 1110
1112 1112
858 1113
1118 1118
1684 1119
1121 1121
1929 1123
1124 1124
1125 1125
1127 1127
1128 1128
1130 1130
465 1131
864 1132
2024 1134
937 1135
1137 1137
621 1139
1140 1140
3337 1141
47 1144
1145 1145
2556 1146
1149 1149
3264 1150
2902 1151
2204 1155
2739 1159
1160 1160
1162 1162
1164 1164
2581 1165
1166 1166
1167 1167
3345 1168
1169 1169
1170 1170
2054 1174
829 1175
212 1176
1177 1177
1178 1178
1179 1179
370 1181
2697 1186
1187 1187
3470 1189
1312 1191
200 1194
1196 1196
42 1198
2197 1199
1202 1202
324 1204
2556 1206
3200 1207
1312 1208
1209 1209
84 1213
1215 1215
3271 1217
1312 1219
1220 1220
1223 1223
1224 1224
1225 1225
1652 1227
1228 1228
817 1229
1238 1238
1596 1242
1515 1245
1246 1246
84 1247
640 1248
1249 1249
1362 1250
3370 1252
129 1253
1254 1254
1255 1255
3289 1258
3649 1259
1260 1260
1262 1262
38 1263
1265 1265
1675 1266
1267 1267
2539 1271
1626 1273
3204 1280
1281 1281
3341 1282
1283 1283
2222 1284
1181 1287
1292 1292
311 1293
1295 1295
2661 1296
1297 1297
3315 1298
915 1303
3145 1304
2024 1307
1691 1308
1311 1311
665 1312
1313 1313
1314 1314
1533 1315
1675 1316
2782 1319
1320 1320
985 1322
114 1324
1326 1326
1327 1327
3429 1328
1446 1332
1411 1334
1588 1335
571 1336
2707 1337
212 1341
2784 1343
2357 1345
584 1346
1348 1348
503 1349
1351 1351
665 1354
1356 1356
954 1357
1641 1361
1362 1362
2252 1363
2139 1365
3119 1367
2684 1369
1370 1370
42 1373
960 1374
2410 1376
1379 1379
475 1380
1382 1382
1295 1383
1384 1384
1386 1386
1387 1387
1092 1388
250 1389
1393 1393
719 1396
1990 1397
1312 1403
1298 1405
3274 1406
1408 1408
1409 1409
1410 1410
79 1412
2318 1414
1415 1415
1416 1416
860 1417
3585 1420
1159 1424
233 1425
2870 1427
1429 1429
1430 1430
1431 1431
2337 1432
401 1433
1312 1434
1517 1436
1437 1437
1169 1439
1440 1440
1919 1442
1606 1443
561 1445
1447 1447
3501 1448
1449 1449
2930 1450
2796 1451
2206 1452
444 1453
3485 1454
1456 1456
1463 1457
1458 1458
2575 1459
1460 1460
1727 1461
571 1463
1465 1465
1466 1466
195 1470
2946 1472
1367 1473
3042 1475
3143 1477
1478 1478
871 1479
1484 1484
1487 1487
880 1488
1067 1489
1367 1491
1492 1492
1493 1493
1689 1494
3105 1495
1497 1497
1498 1498
1502 1502
1503 1503
2420 1504
2782 1507
2528 1510
1513 1513
1816 1514
1515 1515
1516 1516
3670 1518
1524 1524
1525 1525
1912 1526
1527 1527
2012 1528
2346 1531
2543 1532
2447 1533
1534 1534
1316 1536
1541 1541
759 1542
785 1544
1545 1545
1145 1548
1093 1549
1965 1550
201 1551
281 1555
1556 1556
1557 1557
1446 1558
1560 1560
1562 1562
1565 1565
1979 1566
1568 1568
1143 1569
1570 1570
1571 1571
671 1575
1576 1576
1577 1577
1730 1578
1788 1579
2556 1582
2655 1583
1585 1585
2480 1586
1588 1588
543 1589
932 1591
1592 1592
1595 1595
1598 1598
11 1599
1600 1600
1601 1601
1603 1603
1605 1605
945 1607
1938 1608
1610 1610
1523 1613
1614 1614
2830 1615
2803 1618
1619 1619
171 1623
1339 1624
1625 1625
2539 1626
1879 1627
1632 1632
2381 1633
332 1636
1638 1638
1639 1639
1247 1640
1757 1642
2930 1644
875 1646
1648 1648
3495 1652
354 1654
2575 1656
1660 1657
3432 1660
1661 1661
1662 1662
3052 1663
1228 1665
1666 1666
3299 1667
1668 1668
58 1670
1428 1672
1673 1673
1676 1676
2372 1679
1728 1680
1683 1683
1684 1684
572 1686
1687 1687
3618 1688
715 1689
942 1692
728 1694
1695 1695
1697 1697
1699 1699
1700 1700
1731 1702
1704 1704
1705 1705
1710 1710
1711 1711
3405 1712
1714 1714
1517 1716
1717 1717
1718 1718
1719 1719
1720 1720
1721 1721
621 1724
1725 1725
1729 1729
1731 1731
2724 1733
1736 1736
1737 1737
1497 1738
1739 1739
1740 1740
3410 1742
1066 1744
1683 1747
304 1750
1751 1751
2150 1753
2154 1754
1755 1755
1810 1757
1758 1758
2756 1759
3576 1761
1762 1762
2636 1764
319 1765
1766 1766
3223 1767
887 1768
2206 1769
1770 1770
423 1772
1773 1773
1774 1774
2542 1775
2669 1778
2334 1781
1783 1783
526 1785
1786 1786
1788 1788
2408 1789
1792 1792
152 1793
1794 1794
1795 1795
1797 1797
1798 1798
1799 1799
1326 1800
1801 1801
1803 1803
2774 1804
3539 1805
3505 1806
600 1808
1811 1811
1596 1812
467 1813
1815 1815
960 1818
18 1820
730 1821
2146 1823
2833 1824
2127 1825
1828 1828
1860 1831
1833 1833
1834 1834
1636 1836
1837 1837
429 1838
1839 1839
2455 1840
1841 1841
1845 1845
1846 1846
1076 1849
1851 1851
1852 1852
1853 1853
1854 1854
821 1857
2640 1858
933 1860
2810 1861
841 1864
3627 1865
825 1866
3379 1868
1873 1873
1708 1877
3599 1879
1805 1881
1883 1883
2181 1885
657 1887
1888 1888
1641 1889
1406 1890
2341 1892
1893 1893
3217 1898
1899 1899
235 1900
243 1901
2061 1902
61 1903
1904 1904
1595 1905
1346 1909
650 1910
1913 1913
2939 1914
2473 1915
3053 1916
77 1917
1919 1919
3379 1920
577 1922
1517 1923
1926 1926
2127 1927
908 1928
1929 1929
1930 1930
791 1933
3470 1936
96 1941
1461 1943
1305 1944
3498 1945
1946 1946
3463 1947
1948 1948
1949 1949
3627 1950
1491 1952
1953 1953
1378 1954
1312 1958
1959 1959
1536 1960
1962 1962
1472 1963
3117 1964
2569 1965
1966 1966
583 1968
2107 1972
1973 1973
1312 1974
2732 1976
1977 1977
1978 1978
1389 1980
1981 1981
1982 1982
1984 1984
942 1986
1987 1987
1475 1988
3436 1994
1577 1996
1997 1997
1998 1998
1755 2000
2001 2001
2057 2003
1024 2006
2278 2007
1046 2009
2012 2012
1225 2014
264 2015
2082 2016
3079 2019
3016 2020
2022 2022
2024 2024
752 2025
3659 2026
2062 2027
2056 2029
1496 2030
2031 2031
1218 2032
2033 2033
1420 2034
2914 2036
1058 2038
1477 2041
1951 2043
2904 2046
2048 2048
2171 2049
649 2050
2581 2051
1409 2052
3521 2054
2055 2055
1083 2056
2057 2057
1965 2058
2571 2060
2061 2061
2063 2063
2066 2066
45 2069
1584 2070
1309 2072
1058 2073
2074 2074
3463 2077
665 2078
2079 2079
2080 2080
2228 2083
1087 2087
1811 2089
2337 2090
3379 2091
1638 2092
1861 2094
2095 2095
2096 2096
164 2101
934 2102
932 2104
1498 2105
2060 2106
2107 2107
590 2108
2886 2110
2447 2111
1801 2113
2451 2115
2116 2116
2119 2119
2121 2121
665 2122
2124 2124
2125 2125
2126 2126
347 2128
2129 2129
1591 2130
2131 2131
2110 2133
2107 2135
2136 2136
2138 2138
2679 2139
2140 2140
2142 2142
2145 2145
2147 2147
1208 2148
2150 2150
2056 2151
2569 2153
2154 2154
2155 2155
3215 2157
1642 2158
2372 2159
2160 2160
852 2161
2238 2162
3125 2163
2659 2165
1039 2166
2168 2168
3185 2169
2254 2170
1312 2173
2175 2175
3492 2176
3470 2179
2628 2182
2183 2183
79 2185
2186 2186
2187 2187
1547 2188
5 2190
3053 2191
2858 2193
2194 2194
1950 2195
2542 2196
2737 2198
3140 2200
2201 2201
1315 2202
925 2203
2204 2204
3210 2205
2206 2206
3505 2207
1537 2209
863 2211
2212 2212
2216 2216
277 2217
1765 2218
2606 2222
3226 2223
3542 2224
10 2225
79 2226
281 2227
2782 2228
2230 2230
2902 2232
2233 2233
1385 2234
2236 2236
2237 2237
2239 2239
2240 2240
3328 2242
2243 2243
2440 2244
428 2247
2248 2248
2501 2249
2250 2250
2251 2251
2256 2256
1877 2258
2260 2260
2461 2263
1606 2264
2267 2267
1345 2268
2269 2269
2270 2270
588 2271
348 2273
281 2275
1596 2277
1311 2279
2280 2280
2821 2284
588 2285
3506 2287
802 2288
3525 2291
864 2292
2855 2295
2296 2296
921 2298
2300 2300
506 2301
1681 2302
287 2303
1714 2305
2306 2306
2307 2307
2308 2308
1406 2309
1803 2313
2474 2315
3094 2316
2241 2317
2585 2318
2319 2319
2322 2322
2325 2325
2208 2327
743 2330
2335 2335
2336 2336
1114 2338
3362 2340
830 2342
2539 2343
852 2344
3498 2345
2825 2346
2347 2347
2350 2350
2140 2351
1384 2353
2355 2355
2357 2357
2403 2359
2683 2361
2362 2362
2364 2364
2366 2366
3553 2367
3108 2370
728 2371
345 2373
676 2375
746 2376
3216 2377
980 2379
1048 2381
2382 2382
189 2383
2385 2385
2386 2386
2387 2387
1169 2388
2389 2389
2335 2391
2875 2392
2393 2393
2395 2395
2860 2396
2400 2400
2401 2401
2402 2402
2159 2403
3350 2407
373 2410
2411 2411
2417 2417
2418 2418
1762 2419
2420 2420
1110 2421
2423 2423
2424 2424
2425 2425
345 2426
2189 2430
3432 2432
3630 2434
2435 2435
2436 2436
2068 2437
188 2438
382 2440
2441 2441
1711 2442
2032 2445
2447 2447
2448 2448
1266 2449
941 2451
2452 2452
2454 2454
2456 2456
2457 2457
1403 2458
1104 2459
2325 2461
613 2463
1326 2464
439 2468
2470 2470
2 2471
2472 2472
1366 2473
2815 2475
2476 2476
213 2478
2480 2480
2066 2481
2254 2482
1276 2483
1243 2484
2485 2485
78 2487
1812 2489
2490 2490
2492 2492
1259 2493
561 2494
1247 2495
2496 2496
2498 2498
2501 2501
2502 2502
2581 2504
2505 2505
1955 2508
3050 2510
3222 2512
831 2514
2616 2518
1213 2520
371 2521
2522 2522
2523 2523
2526 2526
1980 2527
2528 2528
2532 2532
2533 2533
2539 2539
2540 2540
2541 2541
2542 2542
1536 2543
2547 2547
2550 2550
1053 2551
728 2552
1915 2556
343 2559
2562 2562
3501 2563
3327 2564
2565 2565
2567 2567
1070 2570
1543 2571
2144 2573
3303 2574
1439 2576
2577 2577
2578 2578
2579 2579
2393 2581
2582 2582
3403 2583
2584 2584
2585 2585
2587 2587
2589 2589
2590 2590
375 2593
2596 2596
2597 2597
1339 2598
2599 2599
2600 2600
2602 2602
2603 2603
2539 2605
2346 2606
503 2608
1610 2609
2611 2611
2612 2612
2014 2613
2615 2615
1312 2616
38 2617
215 2619
2620 2620
2621 2621
2622 2622
2623 2623
2864 2626
2628 2628
1039 2631
1411 2633
2634 2634
2635 2635
2636 2636
2637 2637
1402 2639
3491 2641
2642 2642
2643 2643
2639 2644
2858 2646
2670 2648
2650 2650
59 2651
3291 2653
188 2656
1343 2659
813 2661
201 2664
1786 2667
1434 2668
2669 2669
1423 2673
2674 2674
2903 2675
2677 2677
2678 2678
2358 2679
278 2680
1137 2682
286 2683
2219 2684
2685 2685
1013 2687
2688 2688
1112 2689
2165 2690
2658 2692
871 2694
2562 2697
3396 2698
1730 2700
2701 2701
1151 2702
1406 2703
11 2704
2636 2706
2996 2710
511 2711
2633 2713
1940 2714
1652 2715
2716 2716
3516 2718
2720 2720
2722 2722
2726 2726
1158 2727
2731 2731
2732 2732
2733 2733
463 2734
604 2737
2738 2738
699 2740
2933 2743
2744 2744
815 2748
584 2749
293 2751
1388 2752
428 2753
948 2756
3470 2757
2674 2758
1397 2759
623 2760
2762 2762
2764 2764
2769 2769
2770 2770
3227 2773
188 2774
2775 2775
2776 2776
2123 2778
2779 2779
3143 2780
2618 2781
345 2782
2783 2783
2785 2785
2787 2787
2788 2788
2789 2789
2082 2790
2572 2791
2793 2793
700 2794
2795 2795
1421 2797
391 2798
2788 2799
2800 2800
3039 2805
2806 2806
857 2807
2808 2808
2809 2809
2811 2811
959 2812
2815 2815
917 2818
2819 2819
2821 2821
601 2822
195 2823
2824 2824
387 2825
2827 2827
2829 2829
2542 2830
2959 2832
902 2834
2835 2835
2049 2836
785 2837
1447 2839
2840 2840
3206 2841
2665 2842
2472 2843
2845 2845
1855 2846
2680 2847
1907 2848
2936 2850
2851 2851
2856 2856
2066 2857
2858 2858
1139 2859
2010 2863
2864 2864
2866 2866
2956 2867
1667 2868
1288 2869
39 2870
908 2872
2873 2873
2874 2874
2392 2875
1439 2877
3203 2878
2879 2879
2880 2880
2881 2881
332 2882
370 2886
3463 2888
2889 2889
2890 2890
416 2891
422 2893
1581 2900
2705 2902
2572 2904
558 2905
673 2906
2909 2909
2915 2915
3258 2916
3470 2918
1919 2922
2082 2924
540 2929
689 2930
924 2932
1448 2933
2569 2935
1971 2940
2941 2941
3575 2943
2944 2944
1891 2945
1970 2946
1948 2948
3348 2949
2421 2950
939 2951
1156 2952
657 2954
887 2959
2960 2960
483 2961
2962 2962
2393 2964
708 2965
2969 2969
2576 2972
2196 2974
499 2976
932 2977
2979 2979
2274 2981
2869 2985
2988 2988
2936 2990
1736 2991
2992 2992
274 2994
2812 2996
2999 2999
3000 3000
3001 3001
437 3002
3003 3003
3004 3004
3006 3006
2486 3007
3009 3009
3010 3010
2136 3012
3013 3013
3016 3016
863 3017
2833 3020
950 3021
1012 3024
2384 3028
1657 3029
3030 3030
3180 3032
3404 3033
3042 3034
3036 3036
3037 3037
3038 3038
2372 3040
3206 3043
2993 3044
3045 3045
637 3046
176 3047
2408 3048
667 3049
1603 3050
3051 3051
3052 3052
3053 3053
3054 3054
500 3055
3056 3056
348 3057
3058 3058
3539 3060
3062 3062
3063 3063
552 3064
3065 3065
3067 3067
3068 3068
3070 3070
2878 3072
3073 3073
2686 3074
3075 3075
3077 3077
829 3078
126 3079
1903 3081
3082 3082
1979 3083
1472 3084
3521 3087
3547 3088
3090 3090
1777 3091
182 3093
2000 3095
3097 3097
1930 3101
3103 3103
3104 3104
3107 3107
2998 3109
3110 3110
3111 3111
3112 3112
2480 3113
182 3118
3120 3120
1367 3123
3125 3125
2737 3127
3129 3129
1907 3132
3133 3133
3134 3134
1150 3136
3137 3137
1332 3138
3139 3139
3140 3140
3142 3142
1742 3145
2188 3146
3147 3147
3149 3149
1505 3151
3152 3152
3075 3154
3095 3160
3161 3161
2922 3162
1007 3164
2526 3165
115 3166
42 3167
3168 3168
3169 3169
3147 3170
511 3171
3621 3172
1623 3173
3174 3174
3176 3176
3177 3177
3178 3178
2098 3180
1472 3181
1058 3184
463 3185
3186 3186
969 3188
3189 3189
1860 3190
3192 3192
924 3194
3195 3195
3196 3196
3199 3199
2447 3200
3201 3201
3202 3202
3203 3203
2874 3204
2581 3205
3207 3207
3374 3208
1990 3210
3488 3213
3216 3216
2408 3220
1955 3221
3223 3223
3206 3229
1598 3235
980 3236
3240 3240
3241 3241
1598 3242
3617 3244
3247 3247
1596 3248
3250 3250
2533 3252
3255 3255
3492 3256
1244 3257
980 3258
1777 3259
1174 3260
3261 3261
3262 3262
3263 3263
3656 3264
3267 3267
3083 3268
602 3269
3270 3270
3271 3271
2575 3273
3274 3274
3277 3277
1803 3282
192 3283
3286 3286
3287 3287
3131 3289
3291 3291
2249 3292
3294 3294
2254 3295
1643 3297
2440 3299
3303 3303
462 3304
1596 3306
2755 3307
3309 3309
96 3310
2059 3311
3313 3313
2917 3314
1366 3315
3316 3316
819 3317
765 3318
3320 3320
3321 3321
953 3322
2127 3323
1702 3324
2420 3327
2679 3328
1903 3329
2593 3330
3331 3331
3332 3332
1780 3333
2480 3335
3337 3337
601 3338
3339 3339
1061 3340
3470 3341
985 3342
3343 3343
1828 3344
3396 3345
3348 3348
3350 3350
350 3356
933 3358
438 3361
3363 3363
3366 3366
1757 3370
3371 3371
3375 3375
1023 3376
3377 3377
742 3378
3379 3379
438 3380
3383 3383
3281 3384
3385 3385
3389 3389
1475 3392
1439 3396
3398 3398
738 3399
67 3400
3505 3402
3403 3403
3404 3404
494 3405
3406 3406
3519 3408
342 3411
2742 3412
2106 3413
1186 3416
671 3418
2166 3419
3423 3423
3425 3425
828 3428
3429 3429
3430 3430
1332 3432
314 3433
638 3436
3437 3437
3440 3440
3470 3441
2365 3443
2897 3445
1249 3446
3447 3447
1596 3448
2287 3449
3450 3450
2127 3452
3453 3453
2538 3457
465 3459
3460 3460
2283 3461
2547 3462
3464 3464
2657 3465
3466 3466
2946 3467
3470 3470
489 3472
3473 3473
571 3476
1312 3477
871 3479
3071 3480
2864 3482
2470 3484
3204 3485
1937 3489
3178 3490
186 3491
2668 3492
721 3495
272 3498
3500 3500
2358 3501
3502 3502
3597 3503
1300 3504
1042 3506
3507 3507
2443 3508
3044 3509
2193 3511
3513 3513
3518 3518
3519 3519
3557 3520
3521 3521
357 3522
385 3524
1926 3525
3527 3527
3528 3528
3529 3529
640 3531
730 3533
444 3535
3538 3538
3539 3539
3540 3540
3541 3541
394 3545
3546 3546
1796 3547
3548 3548
883 3550
3551 3551
279 3552
942 3553
3554 3554
3557 3557
3558 3558
533 3561
3562 3562
3563 3563
3565 3565
3567 3567
3568 3568
2480 3571
3572 3572
1682 3575
2266 3577
3578 3578
3579 3579
3120 3580
3275 3582
3104 3583
3585 3585
3117 3586
3587 3587
1405 3589
1349 3590
3591 3591
2232 3593
521 3596
3315 3598
3367 3601
3602 3602
2902 3605
871 3606
1786 3607
1595 3608
2152 3609
3127 3611
3612 3612
3613 3613
3627 3614
3616 3616
3617 3617
648 3618
2142 3619
871 3620
3622 3622
3623 3623
3429 3627
3628 3628
586 3630
3631 3631
3470 3632
3633 3633
3516 3634
2289 3637
1162 3639
3644 3644
665 3645
3646 3646
3648 3648
2821 3649
3650 3650
924 3653
3656 3656
2611 3661
1141 3663
1800 3664
1244 3665
665 3666
1976 3667
3501 3668
359 3669
2551 3671
3673 3673
563 3674
6248 3675
3676 3676
3900 3678
4719 3679
3680 3680
5705 3683
4396 3689
3692 3692
6836 3693
3695 3695
3696 3696
3690 3697
4061 3699
3700 3700
3701 3701
5800 3702
6113 3703
3704 3704
3705 3705
3706 3706
6174 3709
5024 3710
6163 3721
5288 3723
3911 3724
4142 3727
3764 3731
6305 3734
3735 3735
4617 3740
3741 3741
3742 3742
5272 3744
3745 3745
4953 3747
6786 3748
3750 3750
3752 3752
5637 3753
3754 3754
3755 3755
3757 3757
4485 3759
3762 3762
6711 3763
4131 3764
4449 3765
3766 3766
6114 3768
6380 3769
6453 3770
5933 3771
3772 3772
3807 3775
5304 3776
3777 3777
3767 3778
4627 3780
3781 3781
3787 3787
3789 3789
4091 3795
3796 3796
6644 3799
3800 3800
3801 3801
3802 3802
3805 3805
3808 3808
4578 3814
3810 3816
3817 3817
5362 3818
6214 3819
6595 3821
4607 3824
6770 3825
3829 3829
5681 3830
3881 3832
3833 3833
3952 3835
3836 3836
4427 3837
3840 3840
6840 3842
3844 3844
5785 3845
6341 3846
5160 3847
4222 3848
3849 3849
4918 3850
4440 3854
3856 3856
5330 3858
3859 3859
4133 3863
3864 3864
3865 3865
3866 3866
3869 3869
3925 3870
5945 3871
5267 3872
4162 3873
3874 3874
4304 3878
4584 3879
3971 3880
6375 3882
3886 3886
3888 3888
3890 3890
3892 3892
3894 3894
3895 3895
6724 3896
4980 3897
5752 3901
5903 3902
5401 3903
5237 3907
3909 3909
5445 3911
6186 3912
3913 3913
3915 3915
3916 3916
3917 3917
4636 3918
3920 3920
6337 3923
3924 3924
3870 3925
3927 3927
4527 3933
3935 3935
4342 3938
6122 3939
6702 3940
5174 3943
4825 3945
6020 3947
3948 3948
4061 3949
5613 3950
5430 3953
6319 3954
6119 3957
5356 3960
3962 3962
4893 3964
3759 3967
3968 3968
3969 3969
4976 3970
4238 3971
6752 3972
4368 3974
3975 3975
3976 3976
3979 3979
6724 3980
3981 3981
3982 3982
3983 3983
3985 3985
3986 3986
3987 3987
3989 3989
3992 3992
3994 3994
3995 3995
6659 3996
5765 3997
4426 3998
5334 3999
6136 4001
4003 4003
6105 4004
4873 4006
4007 4007
6570 4008
6198 4009
4010 4010
6181 4011
4964 4014
4015 4015
4018 4018
5753 4021
4023 4023
4175 4030
4032 4032
4034 4034
4035 4035
4038 4038
4661 4040
4043 4043
5849 4046
4047 4047
5869 4048
4050 4050
4054 4054
4055 4055
4342 4057
5482 4060
3699 4061
5974 4062
6863 4064
4549 4065
4066 4066
4536 4068
4071 4071
4072 4072
4073 4073
5575 4074
3686 4075
4077 4077
5520 4078
3992 4081
4582 4082
4083 4083
6285 4084
4085 4085
5421 4086
5913 4092
4093 4093
4171 4097
4099 4099
4102 4102
4843 4105
4106 4106
5407 4107
4111 4111
3804 4113
4322 4115
4116 4116
5970 4117
4165 4120
4122 4122
4123 4123
4125 4125
4126 4126
4127 4127
3897 4130
4131 4131
4812 4133
4134 4134
4135 4135
4468 4138
6568 4139
6570 4141
5405 4142
4144 4144
4157 4157
4160 4160
6824 4161
4163 4163
3952 4164
4166 4166
4168 4168
4169 4169
4170 4170
6779 4171
4174 4174
4175 4175
4176 4176
5753 4177
4818 4180
4560 4181
4182 4182
4185 4185
4186 4186
5019 4188
6798 4189
5810 4191
6172 4192
4193 4193
5264 4194
6016 4196
4199 4199
4200 4200
4201 4201
4203 4203
5784 4204
5933 4206
4986 4208
4301 4209
4768 4211
5314 4212
5657 4213
6329 4214
3780 4215
4219 4219
4901 4221
4222 4222
6411 4223
4224 4224
4064 4228
3877 4230
6355 4232
4233 4233
5811 4234
5699 4235
4925 4236
5304 4237
4240 4240
5153 4241
6271 4242
4078 4245
4442 4247
4328 4248
4701 4249
4251 4251
6372 4252
5214 4259
4262 4262
5994 4263
4636 4265
4267 4267
4268 4268
4269 4269
4270 4270
6604 4273
3697 4275
4276 4276
5064 4277
4278 4278
4319 4279
4281 4281
4016 4283
5886 4285
5189 4286
4287 4287
4289 4289
4225 4291
4293 4293
4296 4296
3690 4297
6108 4298
4299 4299
4903 4300
5275 4302
4903 4308
6488 4309
4310 4310
5103 4313
4316 4316
4320 4320
6532 4323
4465 4324
4773 4325
4886 4327
4331 4331
6724 4334
4335 4335
5982 4336
4337 4337
5666 4338
4340 4340
4341 4341
6682 4342
4768 4343
4344 4344
3807 4345
5578 4347
4349 4349
4350 4350
5386 4351
4353 4353
3880 4355
6865 4356
4357 4357
4360 4360
4361 4361
4362 4362
5914 4365
4366 4366
5208 4367
6343 4369
4370 4370
5117 4372
4376 4376
5153 4377
4533 4379
4380 4380
3886 4382
4384 4384
5642 4385
4386 4386
4387 4387
4301 4394
4558 4395
4396 4396
4397 4397
3969 4398
4399 4399
4400 4400
4401 4401
4402 4402
4403 4403
6013 4406
5076 4407
3945 4408
4034 4409
4410 4410
4411 4411
4412 4412
5316 4413
4417 4417
4418 4418
3698 4426
4429 4429
6674 4430
4433 4433
4430 4434
4435 4435
5527 4437
4439 4439
4499 4440
4441 4441
6708 4442
6081 4445
6146 4447
4448 4448
4461 4449
4535 4453
4454 4454
4455 4455
4457 4457
4458 4458
4459 4459
4460 4460
4462 4462
5438 4463
4464 4464
6447 4466
4468 4468
3717 4469
4470 4470
4471 4471
4636 4472
4893 4476
3685 4477
5837 4478
6021 4479
3906 4483
3953 4485
4487 4487
5472 4490
4493 4493
4274 4495
6487 4499
5643 4500
4503 4503
6166 4504
4505 4505
5482 4507
4508 4508
5328 4509
4510 4510
6124 4513
3881 4518
5390 4519
5826 4520
4521 4521
4523 4523
4525 4525
4528 4528
4530 4530
6846 4531
6186 4532
4533 4533
4534 4534
4535 4535
6088 4536
4537 4537
6124 4539
4540 4540
6369 4541
4301 4542
6406 4543
4782 4547
3683 4548
6622 4549
4289 4550
5451 4551
4552 4552
5627 4553
4555 4555
4556 4556
5744 4557
5606 4558
3878 4560
5735 4561
4564 4564
4565 4565
6375 4566
5764 4567
6667 4569
4570 4570
6869 4572
4168 4573
4574 4574
4577 4577
6450 4578
5662 4579
3710 4583
4570 4587
6419 4588
3686 4589
4590 4590
4602 4591
4986 4594
4597 4597
4599 4599
5011 4601
6604 4603
5474 4604
6583 4605
4606 4606
4607 4607
6031 4608
4609 4609
5781 4612
4613 4613
4615 4615
4602 4616
4617 4617
4737 4618
4619 4619
6759 4620
6127 4622
4626 4626
6623 4628
4629 4629
4927 4631
4635 4635
4636 4636
3741 4638
6835 4639
4375 4640
4641 4641
5649 4642
4485 4644
6553 4647
4648 4648
4649 4649
5821 4650
4721 4652
4331 4653
6328 4654
4904 4655
4822 4656
5889 4658
5159 4659
4663 4663
4485 4664
5699 4665
6570 4666
6766 4669
4558 4670
5826 4671
4672 4672
4673 4673
4830 4675
4220 4676
5362 4677
4680 4680
6185 4685
4687 4687
4688 4688
4689 4689
4694 4690
6105 4691
5237 4692
4694 4694
4904 4695
4698 4698
4326 4703
4704 4704
3921 4708
4709 4709
5933 4714
4716 4716
6041 4717
4718 4718
4384 4719
6424 4722
4725 4725
3765 4727
3941 4728
4730 4730
4737 4737
4740 4740
6803 4741
4578 4743
4744 4744
4745 4745
4747 4747
5295 4748
4749 4749
4752 4752
4630 4753
5705 4757
4792 4758
3869 4759
4760 4760
6888 4761
5933 4764
3952 4765
6293 4766
6699 4769
6413 4773
6672 4774
4061 4775
4779 4779
6840 4780
6293 4783
5864 4784
6031 4785
5974 4786
4788 4788
5042 4791
3744 4792
5233 4793
3777 4796
6353 4798
6865 4799
4043 4800
4802 4802
4803 4803
5684 4807
4241 4808
4809 4809
5613 4810
6283 4811
6235 4812
6310 4813
4814 4814
5755 4815
4816 4816
4818 4818
4964 4820
4821 4821
5583 4822
4824 4824
4826 4826
4828 4828
3817 4829
5687 4832
4429 4835
6122 4838
4958 4839
6036 4840
5833 4843
6523 4844
5422 4845
6486 4846
4996 4847
3741 4848
4849 4849
5039 4853
4854 4854
4855 4855
5699 4857
4858 4858
4860 4860
6345 4861
4864 4864
4865 4865
4873 4873
4883 4883
4885 4885
6027 4886
4768 4887
4889 4889
5705 4892
4893 4893
6564 4894
4224 4895
6522 4897
4670 4898
4899 4899
4901 4901
4902 4902
4903 4903
4904 4904
5777 4908
4909 4909
3773 4914
5684 4915
4077 4916
3699 4917
6487 4918
4925 4925
6682 4926
4927 4927
4929 4929
4930 4930
4934 4934
3776 4935
5483 4936
4960 4937
4938 4938
4397 4939
4940 4940
4941 4941
4000 4942
4944 4944
4947 4947
4948 4948
3952 4949
4950 4950
6770 4951
4231 4952
4953 4953
4956 4956
4960 4960
5954 4961
4485 4963
4964 4964
4690 4965
4966 4966
5921 4968
6542 4969
4970 4970
4973 4973
4977 4977
4978 4978
6339 4979
5937 4981
4982 4982
4985 4985
4986 4986
4999 4987
6532 4988
4989 4989
3689 4990
5619 4992
5491 4993
4018 4997
6164 4998
6287 4999
5002 5002
5003 5003
5005 5005
6568 5007
5009 5009
4231 5013
6532 5014
6670 5016
6123 5017
5018 5018
5019 5019
4429 5021
5023 5023
5024 5024
4019 5027
5029 5029
5031 5031
6735 5032
6152 5033
5034 5034
5035 5035
6586 5036
5039 5039
5040 5040
4776 5042
6452 5043
4482 5044
5045 5045
4588 5046
4996 5048
5129 5049
6130 5051
5755 5052
5053 5053
6745 5055
5056 5056
5057 5057
5558 5060
3781 5062
5063 5063
6447 5064
5066 5066
4174 5069
4555 5070
4081 5071
4115 5072
4528 5073
5074 5074
6424 5076
5141 5079
5247 5081
4131 5083
3960 5084
6791 5086
5088 5088
6452 5092
5094 5094
5099 5099
5100 5100
5101 5101
5102 5102
6478 5103
6201 5106
5107 5107
6283 5111
6885 5112
5304 5113
5117 5117
5575 5118
5119 5119
5744 5121
4992 5123
6371 5124
4562 5125
4528 5126
6656 5129
5424 5133
3965 5134
6308 5135
5136 5136
5497 5137
5138 5138
4636 5139
6293 5140
4973 5143
4465 5145
5512 5146
6369 5149
5510 5150
5509 5151
5611 5154
4878 5158
4397 5162
5163 5163
3999 5164
6636 5165
5166 5166
6371 5167
3902 5168
6735 5172
5174 5174
5175 5175
5178 5178
5666 5179
3767 5180
5181 5181
5182 5182
5183 5183
6214 5184
5304 5186
5511 5188
5189 5189
5284 5190
5192 5192
5193 5193
5194 5194
6813 5195
6434 5196
5813 5198
5200 5200
5201 5201
4452 5202
3682 5205
5722 5206
4010 5208
6013 5209
5210 5210
5211 5211
5212 5212
5836 5217
6536 5218
4134 5221
5222 5222
5011 5223
4042 5225
5226 5226
3945 5228
5229 5229
4773 5234
5235 5235
3929 5236
6755 5237
5238 5238
5239 5239
5241 5241
5243 5243
5244 5244
5246 5246
4096 5247
5249 5249
6400 5251
5252 5252
6301 5253
5254 5254
6878 5255
4884 5257
5258 5258
5261 5261
4881 5262
5859 5263
6293 5268
4964 5269
4464 5272
4976 5273
5274 5274
5511 5278
5279 5279
5281 5281
4669 5282
4855 5283
6636 5284
5285 5285
5287 5287
6668 5289
6761 5293
6358 5294
5295 5295
5297 5297
5649 5299
5302 5302
5303 5303
4158 5304
6034 5305
5196 5306
4686 5310
5153 5311
5031 5312
6176 5313
4671 5314
5317 5317
5011 5318
5321 5321
5325 5325
4330 5328
6043 5331
5332 5332
4377 5333
5336 5336
6802 5338
4267 5339
6836 5340
3863 5344
4106 5345
5346 5346
5347 5347
5349 5349
5350 5350
4448 5352
6213 5353
5356 5356
4549 5357
5359 5359
4564 5360
5361 5361
3769 5362
5167 5363
5365 5365
4415 5367
4855 5368
5369 5369
6606 5374
5413 5375
5376 5376
5378 5378
6018 5380
4342 5382
6250 5383
5808 5384
5420 5386
5387 5387
5607 5388
5390 5390
6532 5391
5393 5393
5700 5394
5397 5397
5398 5398
5399 5399
5402 5402
3813 5403
6874 5405
5406 5406
5407 5407
5408 5408
4573 5409
5708 5411
4138 5413
5000 5415
4647 5417
5748 5419
5030 5420
5336 5421
5423 5423
6124 5424
6518 5426
5427 5427
5428 5428
6305 5429
5430 5430
3721 5432
5433 5433
5435 5435
3809 5436
5438 5438
6380 5441
5443 5443
5445 5445
5933 5447
4565 5448
5449 5449
5451 5451
5748 5452
5511 5454
5456 5456
4778 5466
5467 5467
5468 5468
5068 5469
3902 5470
5471 5471
5472 5472
3923 5473
5474 5474
5275 5475
5479 5479
5191 5480
5622 5481
5483 5483
6804 5484
3886 5490
5700 5491
4491 5492
5496 5496
5499 5499
4233 5500
5501 5501
4773 5503
5504 5504
6358 5505
5506 5506
6215 5508
4343 5509
5510 5510
5958 5511
5166 5512
5513 5513
5514 5514
5515 5515
5516 5516
6799 5517
5518 5518
5233 5522
6530 5525
5304 5526
5527 5527
5528 5528
4773 5529
5294 5530
4833 5532
4050 5533
5534 5534
6110 5535
5536 5536
6882 5537
6527 5540
3877 5542
4526 5545
6215 5547
5572 5551
4737 5552
4142 5555
4221 5557
4497 5559
5560 5560
5563 5563
4904 5565
5566 5566
5567 5567
5570 5570
5571 5571
5573 5573
5578 5578
5837 5579
5582 5582
5584 5584
3713 5586
5590 5590
5591 5591
5592 5592
4107 5595
5110 5596
6191 5601
4007 5603
6818 5604
5605 5605
5606 5606
3752 5611
5347 5612
4567 5616
5474 5619
5025 5620
5621 5621
6124 5623
5625 5625
3817 5628
5238 5629
5630 5630
3686 5633
3705 5635
3877 5637
5641 5641
5642 5642
5643 5643
5648 5648
4909 5651
5652 5652
4410 5653
3945 5655
5656 5656
5657 5657
5659 5659
4602 5660
5692 5661
5663 5663
4537 5664
5101 5665
6078 5667
5015 5668
5671 5671
4068 5672
5673 5673
5674 5674
5676 5676
5678 5678
4514 5681
4485 5684
4411 5685
5686 5686
5019 5687
5689 5689
5690 5690
4459 5691
5692 5692
6226 5695
3886 5698
5701 5701
5702 5702
5127 5703
5705 5705
5411 5706
5708 5708
5711 5711
6343 5712
4480 5713
6649 5715
4507 5718
4536 5719
6442 5721
4844 5722
3697 5723
4571 5724
5725 5725
5728 5728
6283 5730
5731 5731
5733 5733
5734 5734
5736 5736
5737 5737
5738 5738
5739 5739
5740 5740
5741 5741
5742 5742
3878 5744
5986 5746
5748 5748
4067 5751
5753 5753
5165 5755
4131 5756
5757 5757
4384 5759
5760 5760
6314 5761
6248 5763
6570 5765
4491 5766
5616 5769
5770 5770
4588 5771
5773 5773
5774 5774
5775 5775
4345 5776
5777 5777
5778 5778
5837 5780
5783 5783
3814 5787
6733 5789
6755 5793
4902 5794
5795 5795
5797 5797
5798 5798
4176 5799
5800 5800
6668 5803
5804 5804
5943 5805
5807 5807
5350 5816
4150 5818
3906 5819
5352 5820
4232 5821
5822 5822
5824 5824
6752 5825
5827 5827
6764 5830
5685 5834
5450 5835
6124 5836
4839 5837
4174 5840
6542 5841
5489 5842
6070 5844
6115 5845
3721 5849
5159 5850
5853 5853
5854 5854
6467 5855
6138 5856
6476 5861
5769 5863
5864 5864
5107 5866
5943 5867
5868 5868
5869 5869
5873 5873
6433 5876
4452 5882
6200 5885
5886 5886
3708 5887
6311 5891
5893 5893
4194 5895
5935 5897
5899 5899
3741 5900
4033 5902
5430 5903
5905 5905
5906 5906
4760 5909
5911 5911
4250 5912
4461 5917
4690 5918
6692 5919
4133 5920
5251 5921
5923 5923
4171 5924
5591 5925
5927 5927
4337 5933
4121 5937
3900 5939
5941 5941
6701 5942
6174 5943
6283 5945
5946 5946
4945 5948
6261 5950
5951 5951
5952 5952
5859 5956
5159 5960
4201 5961
5962 5962
5808 5964
5966 5966
5547 5968
5947 5970
5973 5973
6407 5975
5330 5979
4357 5980
5981 5981
5982 5982
4227 5984
5985 5985
5986 5986
5988 5988
5333 5989
5991 5991
5994 5994
6082 6000
6849 6001
6699 6003
5159 6007
6013 6009
6015 6015
4760 6024
6025 6025
5906 6026
6739 6027
6029 6029
6032 6032
4882 6034
6035 6035
6036 6036
5160 6038
6039 6039
5434 6040
5311 6041
6042 6042
6045 6045
5258 6049
5420 6051
6052 6052
6043 6053
6054 6054
6718 6055
4166 6057
6467 6059
3945 6060
6061 6061
6062 6062
6493 6066
6070 6070
6186 6071
6072 6072
4690 6074
6769 6075
6076 6076
6077 6077
4302 6079
4723 6080
4445 6081
4997 6082
6878 6083
6085 6085
6086 6086
5843 6089
6090 6090
5692 6092
6285 6095
6096 6096
5842 6098
4089 6100
4583 6101
6103 6103
6104 6104
5065 6105
6111 6111
5613 6114
6375 6115
5233 6117
6308 6118
4105 6120
6122 6122
5159 6123
4301 6124
6125 6125
6126 6126
6828 6127
5051 6130
6131 6131
6091 6132
5153 6133
6134 6134
6136 6136
6137 6137
4250 6138
4836 6139
4661 6141
6147 6147
6151 6151
6152 6152
5671 6153
6016 6154
5386 6155
6763 6156
6158 6158
6159 6159
5516 6162
6163 6163
5472 6168
4010 6169
6170 6170
3807 6173
6031 6176
6522 6177
6181 6181
4904 6183
6314 6184
4572 6185
6187 6187
5611 6188
6288 6189
6712 6190
6191 6191
6424 6192
6319 6193
4485 6196
5314 6198
5228 6199
6200 6200
4828 6201
5376 6205
6206 6206
4636 6207
6210 6210
4636 6211
6212 6212
4272 6213
5615 6214
4836 6215
3923 6216
6217 6217
4872 6218
6668 6220
5267 6221
6447 6222
5071 6223
6094 6227
4998 6228
6229 6229
5846 6234
5742 6236
4303 6237
6414 6238
3977 6239
3797 6241
5015 6244
6248 6248
5121 6251
6253 6253
6013 6254
6255 6255
3763 6256
5119 6257
6258 6258
5065 6260
3735 6261
4477 6265
6266 6266
6267 6267
4675 6268
6269 6269
6254 6270
6724 6271
4661 6272
6274 6274
6275 6275
6277 6277
4941 6281
6282 6282
4301 6284
4989 6285
5981 6286
6705 6288
6289 6289
6290 6290
6177 6291
6295 6292
6294 6294
6291 6296
6297 6297
6301 6301
6302 6302
6305 6305
6308 6308
4487 6311
4224 6312
6313 6313
5856 6318
6791 6319
6763 6320
5859 6321
4903 6322
6323 6323
6324 6324
3842 6326
4359 6327
5739 6328
6329 6329
6330 6330
6332 6332
6336 6336
3988 6337
6338 6338
4536 6339
6724 6340
4740 6341
3786 6343
6813 6344
5087 6345
5791 6346
5994 6347
5108 6348
4060 6352
6587 6353
6354 6354
6072 6357
6359 6359
6360 6360
5190 6361
6751 6362
6527 6363
6364 6364
4387 6365
4068 6366
6319 6370
6371 6371
5562 6372
5708 6373
6376 6376
4220 6378
4843 6382
6383 6383
6385 6385
5046 6386
6388 6388
6389 6389
4246 6390
5316 6392
6395 6395
6235 6398
6550 6399
6400 6400
4605 6401
4485 6402
4031 6404
6062 6405
6406 6406
5748 6409
6410 6410
5350 6411
5490 6413
6415 6415
6465 6417
4415 6418
6419 6419
5684 6420
6422 6422
6424 6424
6426 6426
6430 6430
6433 6433
6434 6434
6435 6435
6436 6436
6437 6437
6439 6439
6185 6440
5159 6441
6509 6442
4695 6444
5999 6445
6448 6448
4007 6449
6450 6450
4694 6452
6543 6453
6456 6456
6457 6457
4345 6458
6459 6459
4445 6460
6462 6462
4830 6466
6467 6467
3911 6468
6469 6469
6470 6470
5455 6472
6473 6473
6475 6475
3740 6476
6478 6478
6480 6480
4880 6481
4685 6482
4385 6483
6484 6484
5615 6485
6487 6487
6488 6488
6491 6491
4263 6493
4514 6496
6497 6497
6499 6499
6656 6500
6503 6503
6504 6504
6505 6505
6507 6507
6509 6509
4597 6510
5023 6512
4686 6514
6883 6515
4701 6516
6517 6517
4269 6518
6523 6523
4009 6524
4110 6527
3952 6528
6531 6531
6534 6534
5314 6536
6348 6537
6538 6538
4398 6539
5854 6540
6541 6541
6124 6542
6544 6544
3811 6546
6550 6550
6554 6554
5159 6555
6559 6559
6560 6560
4882 6562
5933 6563
6565 6565
4174 6566
6567 6567
4979 6568
5015 6570
5423 6572
6573 6573
6574 6574
4250 6575
4437 6576
6578 6578
6214 6579
6397 6580
3699 6581
6621 6582
6583 6583
6584 6584
6585 6585
6586 6586
6587 6587
4274 6589
5159 6590
6767 6591
6594 6594
6597 6597
6599 6599
6083 6600
5030 6601
4562 6602
4417 6603
6605 6605
6736 6606
6611 6611
6714 6613
6271 6617
6123 6618
6806 6620
6621 6621
3766 6623
6624 6624
6626 6626
6627 6627
5494 6630
5491 6632
6634 6634
4838 6636
6637 6637
6638 6638
6659 6639
5030 6640
6643 6643
6644 6644
6646 6646
5725 6647
5214 6648
6843 6651
4551 6655
6659 6659
6661 6661
4274 6662
4178 6665
6666 6666
5214 6667
6668 6668
6669 6669
4241 6670
3697 6672
6674 6674
6101 6675
6676 6676
6678 6678
6679 6679
6680 6680
5258 6681
6683 6683
4456 6684
6685 6685
6686 6686
6688 6688
5788 6689
3924 6690
5113 6693
5994 6694
6695 6695
4427 6696
6751 6699
6755 6700
3940 6702
6706 6706
4682 6707
6708 6708
6120 6709
5913 6710
6715 6715
6279 6717
6718 6718
4039 6719
6684 6720
5687 6723
5153 6724
6725 6725
6550 6726
5650 6727
5214 6728
4068 6730
5705 6731
6732 6732
6733 6733
6447 6734
6736 6736
6740 6740
4085 6742
6745 6745
3948 6746
5708 6750
6751 6751
4460 6753
6754 6754
6319 6756
4326 6759
4723 6761
6762 6762
6763 6763
6765 6765
6766 6766
5552 6769
5330 6770
5131 6771
5222 6772
6021 6773
6774 6774
4927 6775
6669 6777
4648 6781
6782 6782
6785 6785
6831 6787
4662 6788
6790 6790
4237 6791
6792 6792
4562 6793
6682 6799
6800 6800
4033 6801
5583 6802
5040 6803
3965 6804
6188 6805
6806 6806
6807 6807
6809 6809
6810 6810
5994 6811
6812 6812
3922 6814
4301 6815
6816 6816
4228 6826
6828 6828
6830 6830
6834 6834
6837 6837
4528 6838
6839 6839
4053 6840
5852 6842
6358 6843
6416 6844
5376 6845
4643 6846
5451 6847
6849 6849
6850 6850
6851 6851
5692 6852
5715 6853
5358 6855
6857 6857
5214 6860
5124 6863
6865 6865
5137 6867
6868 6868
4572 6869
6872 6872
6083 6874
5226 6876
4199 6877
5968 6878
6880 6880
6882 6881
5285 6882
5316 6884
6535 6887
6888 6888
