1999 1999
2268 2268
2140 2140
2246 2246
2294 2294
2177 2177
2378 2378
2480 2480
2137 2137
2385 2385
2370 2370
2127 2127
2130 2130
113 113
2046 2046
2129 2129
2482 2482
2608 2608
8 8
2274 2274
2492 2492
341 341
2167 2167
2797 2797
2811 2811
2472 2472
2598 2598
2595 2595
4 4
5840 5840
2081 2081
29 29
408 408
2164 2164
2170 2170
5638 5638
2506 2506
2801 2801
5845 5845
3055 3055
124 124
3530 3530
3640 3640
3533 3533
3547 3547
5746 5746
3555 3555
3926 3926
5951 5951
3925 3925
3739 3739
5630 5630
311 311
46 46
6248 6248
5504 5504
326 326
2516 2516
3634 3634
438 438
2623 2623
235 235
3753 3753
3566 3566
321 321
3553 3553
245 245
6231 6231
3568 3568
2086 2086
7 7
3613 3613
51 51
6269 6269
415 415
158 158
2240 2240
5641 5641
3584 3584
3633 3633
2146 2146
6267 6267
2627 2627
3604 3604
2624 2624
5654 5654
5542 5542
2629 2629
2239 2239
5634 5634
5470 5470
5932 5932
5697 5697
2544 2544
2558 2558
5554 5554
6055 6055
376 376
5939 5939
368 368
164 164
2573 2573
5619 5619
258 258
165 165
2245 2245
2675 2675
2536 2536
367 367
5716 5716
5717 5717
2648 2648
2572 2572
2449 2449
2456 2456
62 62
6077 6077
2215 2215
2676 2676
3485 3485
2662 2662
179 179
5684 5684
3667 3667
464 464
2302 2302
512 512
548 548
3493 3493
5839 5823
2295 2295
271 271
546 546
2465 2465
2444 2444
5447 5447
386 386
3437 3437
2466 2466
2020 2020
5497 5497
5663 5663
550 550
5526 5526
390 390
220 220
5549 5549
2308 2308
3361 3361
2326 2326
5532 5532
203 203
2351 2351
3360 3360
5977 5977
3687 3687
3490 3490
3672 3672
6159 6159
5802 5802
3488 3488
3237 3237
6026 6026
163 163
2713 2713
3366 3366
6160 6160
3287 3287
2311 2311
3281 3281
3368 3368
333 333
5876 5876
2340 2340
3266 3266
2207 2207
3241 3241
3238 3238
3225 3225
225 225
3288 3288
3253 3253
3373 3373
5996 5996
252 252
2101 2101
6157 6157
3213 3213
3251 3251
5910 5910
2109 2109
177 177
3246 3246
3407 3407
1951 1951
3380 3380
2104 2104
6225 6225
1924 1924
5381 5381
3329 3329
3190 3190
3399 3399
400 400
3759 3759
3403 3403
5410 5410
1683 1683
6180 6180
3335 3335
3717 3717
1940 1940
5811 5811
3402 3402
3393 3393
1396 1396
3216 3216
1976 1976
1684 1684
2718 2718
1977 1977
3182 3182
1575 1575
3384 3384
1741 1741
3464 3464
846 846
5901 5901
3194 3194
3991 3991
3892 3892
1591 1591
726 726
1481 1481
677 677
5890 5890
5785 5785
1482 1482
1938 1938
3893 3893
249 249
1850 1850
6210 6210
631 631
1580 1580
1572 1572
3383 3383
1692 1692
1546 1546
1753 1753
3976 3976
3195 3195
1548 1548
3870 3870
5429 5429
3177 3177
1755 1755
5782 5782
1674 1674
1795 1795
734 734
802 802
1120 1120
3695 3695
1831 1831
1856 1856
5411 5411
1409 1409
1593 1593
1648 1648
801 801
2877 2877
6812 6812
1609 1609
217 217
919 919
1304 1304
633 633
1611 1611
2926 2926
3718 3718
3012 3012
3109 3109
3006 3006
3497 3497
686 686
1356 1356
1334 1334
6853 6853
1737 1737
1027 1027
1257 1257
1407 1407
720 720
2998 2998
3064 3064
3004 3004
923 923
1358 1358
2830 2830
1326 1326
5075 5075
1382 1382
3076 3076
3116 3116
3088 3088
3063 3063
5377 5377
1302 1302
924 924
5086 5086
5202 5202
3108 3108
3090 3090
5117 5117
5142 5142
1251 1251
3136 3136
2822 2822
1746 1746
5096 5096
6793 6793
1145 1145
6791 6791
1780 1780
5125 5125
2746 2746
2932 2932
5027 5027
6731 6731
1524 1524
996 996
1390 1390
1709 1709
6602 6602
1090 1090
1248 1248
776 776
3099 3099
786 786
5123 5123
4502 4502
905 905
4696 4696
808 808
4644 4644
1013 1013
1037 1037
805 805
1014 1014
965 965
3150 3150
4290 4290
970 970
6848 6848
4607 4607
6721 6721
1663 1663
912 912
5079 5079
900 900
6801 6801
3505 3505
973 973
4820 4820
4956 4956
4604 4604
5089 5089
958 958
4143 4143
2890 2890
4992 4992
1101 1101
1863 1863
6561 6561
987 987
3125 3125
1806 1806
1185 1185
4793 4793
4083 4083
853 853
1402 1402
871 871
6797 6797
4562 4562
601 601
4631 4638
4424 4424
4486 4486
1073 1073
1178 1178
6285 6285
1118 1118
6566 6566
1466 1466
1108 1108
4503 4503
6286 6286
4863 4863
1004 1004
4379 4379
4485 4485
952 952
6305 6305
4163 6327
6625 6625
4494 4494
881 881
4149 4149
4155 4155
4727 4727
4294 4294
4989 4989
2826 2826
6657 6657
6630 6630
1163 1163
6438 6438
6370 6370
4930 4930
4470 4470
