1907 1
4 4
308 6
7 7
8 8
3197 12
2199 14
3296 19
3281 23
3464 25
2209 27
29 29
2954 32
179 34
482 42
46 46
2735 48
448 49
51 51
3395 55
2564 59
62 62
73 65
928 70
504 71
1857 72
2868 73
3279 74
282 82
165 87
873 89
2193 99
741 103
2178 104
3139 108
3616 109
898 111
113 113
2695 114
330 117
124 124
2032 126
3338 128
710 129
186 132
197 139
3593 140
2496 141
2604 143
778 148
2552 149
697 151
1891 153
1411 155
3210 157
158 158
3454 160
1649 162
163 163
164 164
165 165
1228 166
3336 171
463 174
177 177
1120 178
179 179
342 180
1184 182
823 187
2215 189
2279 193
117 194
1392 196
203 203
3618 204
1392 206
2697 210
214 214
2736 215
217 217
3118 218
220 220
14 221
225 225
1823 228
1286 229
3000 230
235 235
2375 243
245 245
249 249
3173 251
252 252
2425 253
2774 257
258 258
1618 261
3632 262
1536 263
271 271
45 275
284 284
1693 287
791 288
3615 293
648 296
2411 303
3128 308
2372 310
311 311
1283 313
1935 318
321 321
3061 325
326 326
333 333
3403 334
2930 335
2967 337
341 341
3411 342
1728 344
1345 351
1922 352
2712 353
254 357
3311 360
367 367
368 368
3654 374
376 376
2877 378
3359 380
386 386
390 390
2263 392
2829 393
3049 395
1043 398
400 400
3575 405
892 406
408 408
3425 410
2603 411
2004 414
415 415
3563 416
3262 418
3505 420
1916 428
438 438
1683 440
697 442
1365 444
3658 446
872 449
450 450
391 451
391 459
179 461
464 464
1181 468
888 470
1823 473
175 475
3213 478
929 487
2422 490
3491 496
1615 500
2479 501
2823 505
1234 507
414 510
512 512
2304 514
2335 519
103 520
275 521
72 523
685 524
607 526
2150 531
755 533
3608 539
3542 540
2832 543
546 546
548 548
550 550
729 551
3530 556
863 557
630 559
3520 560
3611 561
3087 562
391 564
2433 566
2207 567
2912 568
3654 570
584 573
3113 577
845 579
1965 581
585 585
691 586
587 587
1274 589
1828 591
1466 593
3031 594
1688 597
2909 599
1671 600
601 601
2811 603
2383 604
2070 605
607 607
610 610
3491 614
615 615
1429 620
621 621
2526 625
631 631
2846 632
633 633
1228 634
1261 640
641 641
1070 646
315 648
652 652
1254 653
3565 657
123 661
180 665
3137 671
672 672
2407 673
1338 675
677 677
1349 678
686 686
2288 688
3629 691
3525 692
151 697
2144 700
559 702
704 704
3192 706
3178 708
3505 710
905 717
3513 719
720 720
3621 724
726 726
1821 730
734 734
1844 735
2330 737
2608 741
2955 745
3607 748
3010 749
479 750
1429 752
754 754
1670 756
1743 761
204 764
454 765
3254 766
3202 767
3615 768
1364 769
363 775
776 776
3136 779
2602 782
3527 783
308 784
786 786
125 792
596 795
1886 796
665 800
801 801
802 802
805 805
808 808
2840 810
3565 812
492 814
296 815
3542 816
3448 817
305 818
2331 822
710 824
1980 833
3346 836
3378 837
3546 840
3203 842
3169 843
846 846
2225 847
1486 850
798 851
853 853
738 854
1147 855
2728 858
2276 861
992 866
3483 869
871 871
2624 873
1382 880
881 881
3061 882
1922 885
1139 886
649 889
407 897
2885 898
2370 899
900 900
1999 904
905 905
738 906
912 912
919 919
923 923
924 924
2777 927
932 932
933 933
2169 939
3306 941
943 943
2975 946
952 952
1445 954
813 956
958 958
2096 962
3599 963
965 965
1627 966
55 968
970 970
2624 971
973 973
605 979
23 980
3481 982
3017 983
1339 986
987 987
813 992
2570 994
996 996
1004 1004
2746 1005
2433 1007
81 1011
1013 1013
1014 1014
1990 1015
19 1017
1265 1020
393 1021
3436 1024
1027 1027
3599 1032
2897 1033
1801 1035
3200 1036
1037 1037
669 1038
3102 1039
955 1041
1692 1043
738 1044
2326 1045
1788 1047
3436 1048
126 1052
3614 1053
2088 1054
3218 1055
1787 1059
1465 1061
3491 1067
3533 1068
1530 1070
2275 1071
1073 1073
3317 1074
2304 1075
300 1082
1617 1083
1668 1086
3232 1088
1090 1090
2252 1096
1101 1101
53 1102
1174 1103
332 1105
3507 1106
498 1107
1108 1108
644 1111
1674 1113
2276 1114
2713 1115
1118 1118
1521 1119
1120 1120
2525 1130
2612 1131
1248 1133
186 1144
1145 1145
855 1147
2172 1148
1646 1149
3128 1156
1450 1158
502 1160
1163 1163
2390 1170
884 1171
1357 1177
1178 1178
710 1180
1185 1185
490 1188
1536 1189
196 1191
3085 1192
1662 1193
2160 1194
3177 1198
1885 1202
1272 1204
431 1205
448 1212
3173 1213
1221 1221
1170 1226
1565 1228
786 1230
714 1236
307 1238
380 1240
3173 1247
1248 1248
1144 1249
946 1250
1251 1251
2641 1252
2813 1254
3030 1256
1257 1257
1803 1259
214 1260
2716 1262
1456 1264
3166 1266
1430 1267
1270 1270
2679 1271
2667 1272
572 1274
1281 1276
1277 1277
1287 1280
738 1282
1900 1284
1684 1292
1293 1293
1878 1299
1302 1302
2504 1303
1304 1304
326 1306
1545 1307
432 1308
3489 1309
1949 1311
2202 1315
2215 1321
1326 1326
3008 1328
1334 1334
3491 1336
2960 1337
596 1338
336 1341
1342 1342
596 1343
3267 1346
1041 1348
1349 1349
1690 1350
1688 1351
909 1352
1353 1353
2553 1354
1356 1356
2258 1357
1358 1358
1575 1360
1868 1363
2318 1367
2344 1371
1131 1373
906 1379
1382 1382
956 1384
3396 1386
569 1387
1390 1390
1540 1392
3468 1394
3561 1395
1396 1396
863 1397
3546 1399
1402 1402
2515 1405
1295 1406
1407 1407
1409 1409
321 1410
1522 1413
1957 1415
1283 1416
3002 1419
3491 1423
2930 1429
3136 1431
607 1433
2746 1438
1429 1441
1792 1442
2258 1445
813 1446
1526 1461
1540 1462
3134 1464
1466 1466
3040 1467
1813 1469
2712 1473
3054 1474
1649 1475
2960 1477
1481 1481
1482 1482
1451 1483
1727 1485
2404 1487
1922 1489
118 1492
2993 1493
2328 1494
2193 1508
929 1511
734 1519
1545 1521
92 1523
1524 1524
3505 1526
275 1527
2802 1532
1646 1535
288 1539
1540 1540
2840 1543
1546 1546
3580 1547
1548 1548
29 1549
2504 1552
1761 1556
3472 1557
1466 1559
1395 1562
1120 1564
1268 1565
2555 1566
342 1571
1572 1572
1575 1575
2099 1577
1580 1580
3113 1586
1591 1591
1450 1592
1593 1593
2660 1594
3087 1597
1779 1598
2808 1605
3322 1606
2797 1608
1609 1609
3136 1610
1611 1611
1979 1613
1187 1615
430 1617
1196 1619
3054 1622
343 1629
1909 1639
3491 1641
1648 1648
14 1654
1229 1661
1663 1663
1827 1666
3491 1668
2304 1669
2475 1671
1674 1674
1677 1677
1678 1678
1683 1683
1684 1684
1692 1692
711 1695
785 1699
3049 1703
1708 1708
1709 1709
3548 1710
1021 1715
1677 1722
1058 1723
2713 1724
3231 1726
356 1727
3111 1729
738 1732
561 1734
1737 1737
1671 1738
1522 1740
1741 1741
3621 1742
2405 1743
1746 1746
1748 1748
1753 1753
1346 1754
1755 1755
431 1756
2712 1767
3017 1770
213 1771
719 1777
3372 1778
1780 1780
1411 1787
2858 1788
1795 1795
1645 1804
1806 1806
3043 1809
2392 1811
918 1812
305 1813
2573 1814
1131 1823
1037 1824
806 1825
2103 1827
1831 1831
1832 1832
1129 1833
3348 1834
597 1837
3008 1845
1850 1850
2496 1851
1855 1855
1856 1856
2436 1857
1860 1860
55 1862
1863 1863
1870 1870
73 1878
3278 1879
224 1880
3355 1884
2598 1886
2468 1892
2612 1893
621 1895
1896 1896
2585 1898
1126 1905
1953 1908
1957 1922
1924 1924
3407 1925
1583 1926
2172 1927
3408 1928
948 1929
2615 1933
2995 1936
1938 1938
2811 1939
1940 1940
1685 1941
2370 1946
1951 1951
3593 1955
255 1961
1599 1962
2468 1963
3262 1965
1293 1968
974 1969
3119 1971
3133 1972
1527 1973
1976 1976
1977 1977
3175 1978
1024 1979
74 1985
1468 1986
3149 1987
2604 1988
1883 1990
3030 1991
213 1993
1572 1994
68 1995
3489 1996
3650 1998
1999 1999
1044 2001
2168 2004
1228 2008
3488 2012
1417 2014
2020 2020
2479 2021
3014 2030
2005 2031
1795 2036
769 2039
2046 2046
2254 2050
2468 2051
38 2052
3491 2053
221 2055
2498 2061
615 2062
2378 2067
308 2068
1392 2070
2254 2071
2515 2076
665 2078
2267 2079
2081 2081
3446 2083
631 2084
2086 2086
950 2088
191 2095
1895 2096
1861 2097
2001 2100
2101 2101
2104 2104
393 2106
2109 2109
3012 2113
2604 2115
3578 2119
3021 2120
2187 2126
2127 2127
2129 2129
2130 2130
1083 2134
354 2136
2137 2137
3042 2138
2140 2140
2529 2142
1609 2144
863 2145
2146 2146
462 2151
3025 2153
981 2155
2991 2157
186 2158
1005 2163
2164 2164
1690 2166
2167 2167
378 2169
2170 2170
644 2172
851 2173
615 2174
2177 2177
1316 2179
3531 2191
3260 2199
1777 2203
730 2204
1418 2206
2207 2207
2099 2212
2215 2215
2461 2216
1982 2218
3281 2221
1929 2222
2031 2223
5709 2226
945 2229
1018 2234
2128 2238
2239 2239
2240 2240
3015 2241
3008 2242
2245 2245
2246 2246
1575 2247
142 2250
2639 2256
3540 2266
1956 2267
2268 2268
2486 2273
2274 2274
393 2283
191 2291
2294 2294
2295 2295
2302 2302
3598 2306
2308 2308
2311 2311
1743 2315
3315 2320
3505 2322
2535 2325
2326 2326
2248 2327
298 2330
2738 2331
1575 2335
1631 2339
2340 2340
1007 2350
2351 2351
1141 2354
108 2355
2890 2357
1547 2364
1727 2369
2370 2370
3278 2372
2378 2378
3494 2381
3437 2382
2385 2385
1280 2387
3308 2391
2029 2395
1371 2400
2238 2404
3491 2406
3086 2408
107 2409
526 2411
3581 2412
2712 2414
1638 2416
3040 2419
1148 2420
1095 2421
308 2423
1871 2424
3354 2427
3296 2430
165 2431
2528 2432
3070 2434
890 2435
2799 2441
134 2443
2444 2444
251 2448
2449 2449
948 2450
2456 2456
2941 2457
1272 2462
3005 2463
2465 2465
2466 2466
3491 2469
295 2470
2472 2472
734 2474
11 2475
470 2476
1738 2478
2712 2479
2480 2480
2482 2482
3472 2485
1186 2489
2492 2492
1727 2499
995 2500
73 2505
2506 2506
1258 2508
431 2513
2516 2516
3439 2519
3343 2522
1814 2526
3578 2529
658 2530
2536 2536
50 2540
2544 2544
2492 2557
2558 2558
409 2569
2572 2572
2573 2573
3335 2574
2729 2575
1112 2578
386 2582
2604 2585
3110 2589
269 2591
2595 2595
1612 2597
2598 2598
2884 2603
3159 2606
2608 2608
3017 2611
2610 2613
1916 2614
2126 2615
3491 2618
2623 2623
2624 2624
2915 2625
2972 2626
2627 2627
2629 2629
3563 2630
1264 2634
894 2643
1759 2645
2648 2648
3602 2652
2424 2656
431 2657
3102 2658
1549 2660
2662 2662
2603 2669
2175 2670
179 2674
2675 2675
2676 2676
828 2678
2889 2686
3505 2687
2079 2689
1753 2691
2405 2694
1755 2698
515 2705
1268 2710
3231 2712
2713 2713
2718 2718
1835 2719
1922 2720
738 2725
1383 2726
1709 2727
245 2734
14 2738
1386 2740
9 2743
2746 2746
1728 2748
6 2752
284 2755
3158 2759
2134 2760
1315 2761
2729 2763
3002 2765
1316 2775
186 2781
845 2784
49 2788
1615 2794
2797 2797
2801 2801
978 2804
3243 2808
1632 2810
2811 2811
971 2813
2032 2816
2819 2819
2253 2820
2822 2822
2954 2823
1015 2824
2826 2826
393 2829
2830 2830
760 2832
2397 2833
1392 2838
199 2839
1797 2841
2967 2843
778 2844
537 2845
2846 2846
1365 2847
2848 2848
2629 2849
1139 2851
2389 2852
3023 2853
1666 2858
1043 2860
3012 2861
2865 2865
2548 2868
684 2869
3599 2874
2877 2877
291 2885
186 2886
2890 2890
2604 2894
404 2895
3535 2897
3505 2899
2199 2902
85 2904
3633 2909
2615 2910
391 2911
2817 2914
1316 2918
3359 2923
2926 2926
2511 2930
2932 2932
3008 2933
3008 2937
1365 2940
47 2944
2595 2949
3345 2951
2955 2955
3491 2957
2413 2960
200 2961
254 2967
18 2968
2766 2980
2981 2981
2486 2984
135 2985
1598 2991
2994 2994
3262 2997
2998 2998
828 3001
2319 3002
3004 3004
3193 3005
3006 3006
1172 3009
1478 3010
3012 3012
2515 3014
1660 3015
718 3019
3045 3021
3015 3029
115 3030
235 3031
3355 3035
3036 3036
2869 3041
1128 3044
3505 3046
640 3053
3055 3055
3599 3058
3059 3059
92 3062
3063 3063
3064 3064
615 3069
1044 3070
1913 3073
3076 3076
337 3081
463 3085
3088 3088
3090 3090
791 3093
2832 3095
3099 3099
2230 3101
713 3102
3108 3108
3109 3109
2878 3110
356 3113
3116 3116
944 3118
1245 3121
3008 3123
3125 3125
1654 3127
902 3128
2396 3131
3136 3136
2030 3137
2712 3138
852 3142
2675 3144
1617 3147
787 3149
3150 3150
3113 3151
3505 3153
1796 3155
1826 3156
3563 3163
1801 3164
3169 3169
1773 3170
1574 3171
1987 3176
3177 3177
559 3178
1638 3180
3182 3182
986 3188
3190 3190
2713 3193
3194 3194
3195 3195
3254 3196
1619 3198
3182 3202
1513 3209
2667 3210
3213 3213
3216 3216
3225 3225
577 3227
1033 3234
3237 3237
3238 3238
3241 3241
1594 3242
255 3243
3246 3246
2799 3247
3538 3250
3251 3251
2731 3252
3253 3253
3318 3261
2002 3262
3314 3264
3641 3265
3266 3266
3474 3267
3493 3269
1199 3270
2043 3275
3442 3277
3281 3281
3621 3282
3287 3287
3288 3288
2127 3292
3395 3294
3640 3295
3348 3302
1730 3305
3379 3314
3482 3319
3358 3323
3494 3326
3329 3329
489 3330
1780 3333
3335 3335
1848 3336
354 3337
2199 3339
3507 3340
3327 3341
3378 3342
3406 3343
3 3348
1709 3349
3541 3350
3579 3352
3525 3353
1690 3354
3231 3357
3360 3360
3361 3361
1411 3362
3366 3366
1020 3367
3368 3368
3370 3369
3491 3370
1432 3371
3497 3372
3373 3373
1848 3375
3587 3377
1955 3378
3380 3380
3023 3381
3383 3383
3384 3384
2467 3385
3437 3391
3393 3393
1395 3395
3398 3396
3621 3398
3399 3399
1658 3400
259 3401
3402 3402
3403 3403
186 3404
851 3405
1594 3406
3407 3407
463 3408
1686 3409
848 3412
752 3425
741 3427
3356 3429
3581 3430
1228 3432
3437 3437
957 3438
3581 3440
1616 3442
3491 3454
1027 3459
1895 3460
3288 3461
3347 3462
3464 3464
438 3465
3188 3472
3491 3476
3229 3478
3485 3485
3119 3486
3487 3487
3488 3488
3490 3490
3493 3493
409 3494
3497 3497
1749 3498
3648 3502
2712 3504
3505 3505
3507 3507
3379 3510
617 3511
961 3513
145 3514
2088 3515
3388 3516
74 3520
430 3521
1957 3525
1069 3529
3530 3530
3533 3533
2504 3536
3599 3542
3576 3543
3631 3546
3547 3547
3553 3553
3491 3554
3555 3555
916 3560
3542 3561
3457 3563
3341 3565
3566 3566
2230 3567
3568 3568
3235 3569
108 3581
2250 3582
3584 3584
3343 3587
786 3590
1074 3593
1539 3595
47 3599
3604 3604
3640 3606
1644 3611
3613 3613
2199 3615
3472 3618
2170 3620
2947 3627
1966 3628
3633 3633
3634 3634
3640 3640
3561 3646
1769 3649
1115 3653
3658 3656
3367 3664
3667 3667
755 3668
1389 3669
2263 3670
3672 3672
5811 3678
5705 3683
3988 3685
3687 3687
4948 3688
6026 3691
3695 3695
6410 3696
6583 3697
6271 3698
6803 3700
6500 3703
4192 3704
6526 3705
5100 3706
4992 3707
5879 3708
4751 3710
3717 3717
3718 3718
5015 3719
5128 3720
4989 3721
4526 3723
5034 3726
5321 3727
4067 3730
3951 3731
5010 3732
5302 3733
6305 3734
4075 3736
3739 3739
6842 3741
6108 3743
6385 3746
3753 3753
4533 3754
3759 3759
6682 3760
4178 3761
4402 3763
4727 3765
6857 3767
6108 3768
5441 3769
3904 3770
5122 3771
4226 3774
6841 3776
5789 3780
3727 3790
4189 3791
5015 3793
5627 3796
5989 3798
4932 3799
5272 3800
6837 3802
4964 3805
5978 3806
6206 3807
4142 3809
6595 3812
4797 3813
6290 3815
6801 3818
5530 3819
4548 3823
5086 3825
5865 3826
4475 3833
4411 3837
5622 3838
4960 3841
4481 3843
5627 3844
6781 3847
5042 3864
4540 3866
5803 3869
3870 3870
6206 3872
4335 3874
4350 3878
3708 3887
6062 3888
4124 3889
4473 3890
3892 3892
3893 3893
6040 3894
6127 3895
6108 3896
5186 3900
4485 3902
3727 3903
4895 3907
5493 3912
3811 3913
4310 3914
5495 3915
5906 3917
5747 3918
5288 3919
3925 3925
3926 3926
4525 3928
5069 3932
4021 3933
3819 3936
6583 3938
4717 3942
6210 3943
5931 3944
4881 3949
5452 3955
5975 3956
3705 3958
3945 3959
5883 3960
4200 3961
6030 3963
4354 3965
5810 3970
6206 3974
6696 3975
3976 3976
6206 3977
3845 3982
4684 3983
5588 3986
6134 3987
5990 3989
4124 3990
3991 3991
4272 3995
6659 3996
4350 4000
4650 4006
6242 4007
5015 4008
5199 4009
6056 4010
4124 4012
4917 4015
4726 4016
5332 4017
4037 4019
3708 4022
5711 4024
5811 4028
6663 4032
6569 4035
5634 4037
4237 4039
4350 4041
6731 4044
3717 4045
5353 4049
6813 4051
6408 4058
4188 4066
5138 4067
6856 4068
6746 4069
3980 4070
5297 4074
4771 4075
6117 4076
4334 4077
3815 4082
4083 4083
4436 4087
5380 4093
5972 4094
5116 4095
6503 4099
3975 4104
5265 4105
5495 4107
4075 4113
6376 4115
5684 4116
5811 4117
6117 4119
5377 4124
5561 4126
6426 4127
4134 4134
6279 4135
4626 4137
5929 4141
5762 4142
4143 4143
4895 4144
4740 4147
6117 4148
4149 4149
5819 4150
4751 4152
4155 4155
5497 4157
4158 4158
5359 4160
5604 4162
4512 4163
3952 4164
5789 4166
5600 4167
4950 4179
4188 4188
4200 4196
4740 4197
6833 4198
4350 4200
4749 4201
6780 4202
6841 4205
6748 4208
4237 4210
5015 4211
3691 4214
4574 4215
6206 4218
4357 4223
4128 4224
4653 4226
4230 4230
6786 4231
5811 4234
5194 4237
6317 4241
4241 4242
6878 4246
6414 4248
4864 4250
5092 4253
4401 4254
3782 4256
5915 4257
6206 4263
6516 4268
5190 4269
6206 4273
3745 4274
6206 4275
5557 4276
4104 4279
4526 4284
4609 4285
5820 4286
6818 4287
6118 4288
5466 4289
4290 4290
6682 4292
4294 4294
5641 4299
4350 4304
4837 4305
3745 4307
4960 4309
3754 4310
4124 4311
6736 4313
5495 4317
4104 4319
4469 4320
6637 4324
5592 4328
5591 4330
4864 4332
6360 4335
6668 4339
4350 4341
3929 4343
3745 4349
6058 4352
3865 4354
5436 4356
5891 4357
4358 4358
5365 4359
4751 4362
6781 4366
4420 4370
4891 4378
4379 4379
5845 4381
5262 4382
6229 4383
5582 4387
4495 4388
5549 4391
6599 4392
3716 4393
5988 4396
4166 4398
5722 4399
4070 4402
5638 4404
4526 4405
6172 4406
4751 4411
6039 4412
5810 4414
5532 4420
4424 4424
6667 4427
4215 4428
6702 4432
5427 4434
5016 4435
4572 4440
5284 4443
5168 4445
4621 4454
4449 4461
6490 4462
4865 4463
4564 4465
6232 4467
4418 4468
6118 4469
4470 4470
4221 4480
4481 4481
4485 4485
4486 4486
4964 4487
4494 4494
3745 4495
6231 4497
4893 4499
6198 4500
6298 4501
4502 4502
4503 4503
6803 4505
6770 4506
4200 4508
4350 4513
4954 4515
5684 4516
5801 4517
5584 4520
6134 4521
4735 4523
4672 4527
6206 4529
4648 4530
5689 4533
6118 4534
6768 4535
5794 4537
4350 4539
4893 4543
3731 4549
4635 4550
5361 4555
4911 4556
6226 4557
4562 4562
4564 4564
5709 4568
5835 4569
5899 4572
4573 4573
5264 4574
5975 4577
4392 4579
5703 4581
4691 4583
4487 4588
4977 4589
6206 4591
5743 4592
5851 4597
5920 4598
6751 4600
5426 4601
4604 4604
4607 4607
4139 4608
6660 4613
5849 4615
4961 4623
4272 4626
3962 4627
4810 4629
4393 4634
4637 4637
4631 4638
5446 4639
6505 4641
4644 4644
4074 4646
5783 4647
5687 4649
3991 4650
4863 4653
6682 4655
4667 4656
5763 4658
5505 4660
4664 4664
4677 4677
5388 4679
6567 4680
6001 4681
3764 4683
6239 4687
6359 4690
5661 4695
4696 4696
3983 4697
5123 4698
5015 4699
3769 4701
6682 4704
5419 4705
6172 4706
5458 4711
4837 4712
6644 4713
6743 4716
5537 4718
5975 4722
4727 4727
4449 4731
5458 4734
4808 4742
4350 4743
6163 4746
4213 4748
6428 4755
4756 4756
4892 4757
6118 4758
5817 4759
5279 4763
6567 4768
6713 4770
4603 4771
5597 4772
6206 4774
6434 4775
4461 4776
4350 4781
4750 4784
4545 4788
5926 4792
4793 4793
5975 4796
4797 4797
4200 4803
4765 4805
5120 4807
6351 4810
4350 4815
3723 4816
6848 4817
4820 4820
5643 4821
4034 4824
6385 4826
6430 4828
6843 4830
4958 4831
5183 4832
3877 4833
4837 4837
6731 4839
5388 4841
4350 4843
5516 4845
4338 4846
4631 4848
4229 4850
4105 4852
4014 4855
6471 4860
4863 4863
6410 4864
3754 4865
5645 4866
6312 4871
6206 4877
6039 4878
6210 4879
6206 4880
4377 4884
6659 4887
4350 4888
5698 4889
5544 4891
4075 4896
3896 4897
4864 4899
5801 4903
6210 4905
5412 4906
6438 4907
4200 4908
6157 4909
5346 4913
5551 4914
5947 4920
3745 4921
5806 4922
6206 4924
4544 4925
3783 4926
4930 4930
5845 4931
6731 4932
5082 4933
4089 4934
4762 4940
6360 4941
4124 4943
4058 4947
4780 4950
6125 4951
6786 4952
6839 4953
4350 4955
4956 4956
4540 4960
6402 4963
6857 4964
4443 4966
5207 4970
6226 4971
4350 4972
4150 4973
6117 4975
6682 4977
6225 4987
4989 4989
6660 4990
6610 4991
4992 4992
6287 4994
6536 4997
6133 4999
4544 5001
4529 5007
4508 5010
5773 5011
3904 5012
6786 5013
4805 5015
4893 5019
6128 5026
5027 5027
5042 5028
6412 5031
5891 5032
6826 5033
4271 5034
4105 5035
5656 5036
3924 5037
5961 5039
3796 5040
3924 5043
6832 5045
5403 5046
5724 5047
5385 5050
5112 5054
5627 5055
6541 5057
5946 5058
3708 5061
6118 5064
5180 5066
3733 5068
5840 5069
5632 5072
4749 5074
5075 5075
6680 5076
5079 5079
3856 5081
3937 5083
3924 5085
5086 5086
5089 5089
5638 5093
5096 5096
6107 5099
5117 5100
5227 5101
4832 5106
4333 5110
6668 5111
6274 5112
6374 5116
5117 5117
5554 5118
4664 5120
4350 5121
5123 5123
5125 5125
3764 5128
5783 5129
4224 5131
5280 5134
6832 5136
6372 5137
4241 5138
5142 5142
4189 5143
6688 5145
5716 5146
5004 5148
5263 5149
4241 5153
6832 5157
4326 5158
4200 5159
4240 5165
3784 5167
3902 5168
4552 5169
4909 5175
6432 5176
6235 5178
4401 5182
3952 5185
4659 5188
6628 5189
3952 5191
5664 5192
4168 5193
5380 5194
5109 5195
4257 5197
5202 5202
5015 5204
6438 5205
6075 5208
5374 5212
6453 5214
6106 5215
4350 5217
5237 5218
5220 5220
6098 5223
5015 5231
6773 5239
4152 5244
5094 5245
5453 5249
5516 5253
5520 5254
4377 5257
6588 5259
3816 5262
3931 5264
6206 5267
5876 5271
4821 5275
4727 5283
6660 5284
6883 5286
5279 5292
4614 5297
3740 5298
4868 5299
4478 5300
4751 5301
3856 5302
4545 5303
5304 5304
4487 5311
4066 5315
3769 5316
5426 5318
4350 5320
4865 5321
4954 5325
6206 5326
5194 5327
3788 5328
3708 5330
4921 5332
6485 5333
5264 5337
4525 5338
6278 5339
4771 5340
6160 5343
6134 5346
5517 5348
3915 5349
6037 5352
6740 5353
5357 5357
4038 5360
6694 5362
6206 5363
5770 5364
5624 5368
4044 5370
4567 5371
6793 5376
5377 5377
5630 5378
5381 5381
5532 5387
5882 5388
5016 5389
3937 5390
6206 5392
5173 5393
5661 5394
3945 5395
5961 5396
3767 5397
6134 5398
4403 5403
6083 5405
6481 5406
5981 5409
5410 5410
5411 5411
4002 5412
4432 5413
4508 5424
5499 5427
5429 5429
3834 5436
5550 5437
4909 5439
5996 5441
5925 5442
3724 5445
5447 5447
6376 5448
3951 5450
6309 5451
4321 5458
5931 5459
6128 5465
5080 5466
6672 5468
5302 5469
5470 5470
3851 5473
6851 5479
5622 5480
5783 5493
6848 5494
5314 5495
4322 5496
5497 5497
4694 5498
5015 5502
5504 5504
4034 5508
4121 5511
6848 5521
4831 5523
4641 5524
5526 5526
6405 5527
6599 5529
5645 5530
4841 5531
5532 5532
5542 5542
6117 5543
5726 5546
6235 5547
5845 5548
5549 5549
5709 5550
3863 5553
5554 5554
4075 5556
5388 5559
4821 5561
5783 5562
3846 5563
5572 5568
4842 5575
5594 5579
4481 5581
5034 5582
6786 5587
5117 5590
6524 5591
6731 5594
4932 5596
6780 5600
6813 5606
6209 5610
5365 5611
4066 5615
5619 5619
4350 5620
4412 5621
4350 5623
4014 5624
5630 5630
5634 5634
5638 5638
5641 5641
6117 5644
6120 5648
5931 5649
6108 5652
4149 5653
5654 5654
4313 5657
5663 5663
5794 5664
6331 5674
6390 5675
5067 5677
4865 5678
5497 5679
5931 5680
4104 5682
6109 5683
5684 5684
6667 5685
4449 5689
5848 5690
5011 5696
5697 5697
6401 5700
6045 5704
4892 5705
5579 5706
4970 5707
5411 5708
4751 5711
3935 5712
3745 5713
5716 5716
5717 5717
6856 5719
5689 5721
5591 5725
3707 5726
3913 5729
5180 5733
5385 5736
4689 5743
4230 5745
5746 5746
6690 5747
4105 5748
6686 5749
5083 5756
6502 5757
4341 5762
5783 5763
3890 5765
4013 5767
4964 5771
5299 5774
4345 5775
6206 5776
4932 5780
5782 5782
4821 5784
5785 5785
4095 5787
4970 5788
3962 5789
5375 5791
6770 5796
4932 5801
5802 5802
4245 5806
5811 5811
4706 5813
6788 5814
3676 5816
5891 5820
5839 5823
5925 5824
4042 5831
3750 5835
4350 5836
6161 5837
4679 5839
5840 5840
4350 5841
5845 5845
5427 5847
4334 5849
5495 5852
6134 5853
5855 5855
4864 5856
5987 5862
6848 5865
3836 5866
4075 5871
4124 5872
4360 5873
6002 5874
5507 5875
5876 5876
4350 5877
5081 5878
4410 5879
3785 5881
5202 5882
4793 5884
3945 5887
4635 5888
3971 5889
5890 5890
6875 5891
5493 5894
6001 5895
6842 5900
5901 5901
3953 5903
4317 5904
5582 5908
5910 5910
3845 5911
5540 5912
6790 5923
6567 5924
6524 5925
6340 5928
4473 5929
4640 5930
4350 5931
5932 5932
6069 5935
4124 5936
3945 5938
5939 5939
4350 5945
6713 5949
5951 5951
4043 5952
4388 5953
4960 5957
4409 5961
6525 5962
5783 5965
5861 5966
6410 5970
6832 5974
4504 5975
6584 5976
5977 5977
5697 5980
3708 5983
6145 5984
6839 5986
6030 5987
3979 5988
6621 5990
6872 5991
6786 5992
6117 5993
4771 5994
5996 5996
5982 5997
4420 5998
3967 6006
4200 6007
6514 6008
5050 6010
3708 6011
6567 6012
6109 6013
5829 6017
5147 6021
6026 6026
6477 6029
6117 6030
3958 6033
4865 6035
5783 6036
6459 6037
4635 6043
5961 6047
5788 6050
4198 6054
6055 6055
5495 6057
4915 6061
5783 6065
4160 6067
3841 6068
4436 6073
6077 6077
5178 6080
4485 6081
6164 6083
3858 6084
3819 6086
6567 6089
6786 6093
5379 6095
5419 6096
3884 6097
4215 6102
5733 6103
4574 6108
4762 6110
6118 6111
4731 6112
5096 6113
5362 6115
6059 6117
5801 6121
5584 6131
6682 6137
6001 6141
5532 6143
5835 6145
6106 6154
4200 6155
4840 6156
6157 6157
6026 6158
6159 6159
6160 6160
5824 6162
5975 6166
6001 6167
5280 6169
6206 6173
5561 6174
5717 6175
3778 6177
3858 6178
6180 6180
6668 6185
5729 6189
4461 6195
3759 6196
3740 6200
5961 6201
4075 6204
5845 6207
3924 6208
4837 6209
6210 6210
4731 6219
6206 6221
6225 6225
5770 6227
4588 6228
4648 6229
4473 6230
6231 6231
6567 6233
4854 6235
6206 6239
6117 6240
6177 6241
5096 6245
5782 6247
6248 6248
5165 6254
5436 6257
4821 6259
5755 6260
6267 6267
6269 6269
6705 6270
5283 6273
6556 6275
6276 6276
6740 6279
6624 6283
6285 6285
6286 6286
6522 6289
3767 6291
5504 6292
4935 6302
6611 6304
6305 6305
6428 6307
4796 6308
4188 6312
4424 6319
4840 6320
3932 6324
5214 6325
4907 6326
4163 6327
5274 6332
6801 6334
3968 6337
4762 6338
4251 6340
6479 6341
6206 6347
4713 6349
5245 6357
4073 6358
6416 6359
3908 6360
5561 6362
6317 6363
4014 6364
6365 6365
4593 6368
6370 6370
5411 6373
6069 6375
6206 6378
4994 6383
3819 6384
5788 6388
4350 6397
4439 6398
6583 6400
6206 6401
4644 6402
4960 6405
4350 6407
6876 6409
5066 6410
6522 6411
5432 6412
5082 6418
6420 6420
6103 6422
5255 6424
4731 6426
5381 6428
6438 6429
5559 6432
3846 6434
5104 6436
6438 6438
6875 6439
4200 6441
6145 6442
5617 6444
6706 6446
5456 6447
4461 6449
4095 6454
5037 6456
5806 6457
6206 6458
3676 6459
6428 6464
6026 6469
6242 6470
5961 6473
4350 6474
4855 6475
5174 6477
6385 6484
4960 6488
4837 6489
4213 6490
6172 6496
4200 6498
4909 6499
4350 6500
6660 6502
5632 6507
5437 6508
4921 6509
5116 6512
5811 6513
6415 6514
6462 6515
6351 6518
6134 6524
3816 6525
4849 6526
5584 6531
5865 6533
3839 6535
6365 6538
4350 6542
6616 6544
3924 6547
5237 6549
6551 6551
4090 6552
4378 6554
4382 6557
4198 6559
6561 6561
5237 6562
5717 6565
6566 6566
3978 6569
4179 6574
3951 6581
6682 6583
6696 6584
6201 6586
3745 6589
3687 6591
5295 6592
5411 6595
3798 6597
5247 6598
5638 6600
6602 6602
3717 6605
6428 6609
4874 6610
6468 6617
5237 6618
4276 6622
5279 6623
6625 6625
6680 6628
6630 6630
4124 6633
4540 6634
5070 6636
5501 6637
6659 6639
5979 6642
5572 6645
5374 6646
5426 6648
6134 6652
3767 6653
6856 6654
5783 6656
6657 6657
5341 6659
6608 6663
6754 6666
5426 6667
4058 6668
5436 6670
6433 6680
5789 6683
4655 6684
5271 6685
6748 6686
4473 6691
6797 6692
6056 6693
6768 6699
4341 6702
6219 6703
4568 6704
6213 6705
5529 6706
6808 6708
4838 6709
6422 6711
5124 6714
6832 6715
6242 6717
5782 6718
5344 6719
6721 6721
4669 6723
5297 6724
4450 6727
3703 6729
6731 6731
5789 6734
4200 6736
5845 6737
6039 6740
5582 6742
4749 6743
5627 6745
6254 6748
6595 6750
6159 6754
5384 6757
5199 6759
4840 6763
3693 6764
4070 6765
4756 6767
3873 6768
6613 6770
4349 6771
4188 6772
5446 6774
6431 6778
6567 6779
6117 6780
6507 6781
5530 6783
5557 6787
5379 6788
6340 6790
6791 6791
6793 6793
3776 6794
6797 6797
6428 6799
6461 6800
6801 6801
4800 6807
5198 6809
6206 6811
6812 6812
6600 6818
5019 6819
5539 6823
5741 6825
5834 6830
4563 6837
4350 6840
4893 6843
6619 6845
6848 6848
4254 6850
6853 6853
3893 6858
4960 6859
6327 6860
3782 6865
6872 6872
4139 6873
6502 6881
5853 6882
6583 6883
4575 6889
