5510 5510
5610 5610
5636 5636
5599 5599
5458 5458
5600 5600
5736 5736
5750 5750
5589 5589
5596 5596
6238 6238
5754 5754
5517 5517
5840 5840
5507 5507
5634 5634
5622 5622
5972 5972
6231 6231
3629 3629
3701 3701
3843 3843
3753 3753
6056 6056
2140 2140
3855 3855
3774 3774
5844 5844
5630 5630
5828 5828
5746 5746
6059 6059
6254 6254
6276 6276
5637 5637
6055 6055
2268 2268
5641 5641
5959 5959
5523 5523
5541 5541
3530 3530
3653 3653
5542 5542
5825 5825
6275 6275
3620 3620
5933 5933
5966 5966
6077 6077
3516 3516
5580 5580
5961 5961
408 408
5452 5452
3823 3823
3824 3824
3788 3788
5932 5932
3825 3825
3534 3534
3929 3929
3845 3845
3926 3926
3826 3826
5936 5936
3549 3549
3821 3821
6064 6064
2797 2797
3835 3835
3633 3633
46 46
5539 5539
117 117
5939 5939
3566 3566
5472 5472
6061 6061
6248 6248
6249 6249
112 112
5717 5717
433 433
2608 2608
2780 2780
6042 6042
3747 3747
3634 3634
6246 6246
3667 3667
3592 3592
2246 2246
5716 5716
435 435
29 29
438 438
65 65
189 189
2127 2127
3577 3577
2801 2801
3608 3608
190 190
2173 2173
322 322
40 40
3606 3606
2076 2076
2491 2491
6081 6081
4 4
6244 6244
2294 2294
1905 1905
3590 3590
2779 2779
2598 2598
3617 3617
3597 3597
3704 3704
321 321
3570 3570
5581 5581
289 289
5367 5367
356 356
3604 3604
2163 2163
2177 2177
2378 2378
2595 2595
73 73
1 1
2128 2128
5684 5684
2164 2164
2596 2596
3568 3568
2498 2498
2480 2480
2084 2084
6091 6091
5646 5646
6143 6143
2078 2078
6095 6095
5974 5974
2167 2167
6090 6090
6142 6142
2081 2081
2470 2470
2482 2482
5976 5976
2602 2602
5697 5697
2616 2616
5487 5487
3771 3771
5977 5977
5978 5978
415 415
5855 5855
2124 2124
5980 5980
5865 5865
2221 2221
2012 2012
5986 5986
2390 2390
192 192
5979 5979
2500 2500
5982 5982
2239 2239
3648 3648
2588 2588
5981 5981
5549 5549
5677 5677
5481 5481
5470 5470
3706 3706
5532 5532
2170 2170
2365 2365
2357 2357
62 62
2506 2506
6110 6110
5559 5559
2086 2086
5480 5480
5531 5531
5915 5915
6029 6029
3868 3868
5571 5571
3910 3910
5875 5875
5872 5872
61 61
4022 4022
2515 2515
4019 4019
3882 3882
5995 5995
2507 2507
5550 5550
3867 3867
2627 2627
2682 2682
5996 5996
5916 5916
245 245
4011 4011
3708 3708
5903 5903
5902 5902
2519 2519
2565 2565
2670 2670
3046 3046
2405 2405
5991 5991
2401 2401
3996 3996
3877 3877
2120 2120
2553 2553
3045 3045
6115 6115
6116 6116
6157 6157
6005 6005
4020 4020
2629 2629
5882 5882
2217 2217
5709 5709
5667 5667
6006 6006
6011 6011
5879 5879
5609 5609
3887 3887
4026 4026
2687 2687
4033 4033
5704 5704
6160 6160
3954 3954
4052 4052
5886 5886
3991 3991
6024 6024
147 147
5908 5908
2245 2245
4008 4008
2648 2648
4034 4034
3959 3959
5388 5388
5430 5430
4047 4047
2093 2093
6010 6010
3890 3890
3785 3785
2675 2675
3889 3889
5802 5802
4037 4037
5393 5393
2215 2215
2282 2282
2560 2560
2665 2665
2558 2558
2544 2544
6168 6168
2253 2253
333 333
5705 5705
2295 2295
6175 6175
2022 2022
2676 2676
2302 2302
2694 2694
2536 2536
3818 3818
2431 2431
5922 5922
2572 2572
5929 5929
2545 2545
5381 5381
6163 6163
164 164
3049 3049
3361 3361
2575 2575
2088 2088
5403 5403
5881 5881
2755 2755
3362 3362
3338 3338
2449 2449
5765 5765
5406 5406
3373 3373
2456 2456
197 197
2754 2754
3421 3421
3360 3360
5927 5927
6193 6193
165 165
2713 2713
3344 3344
6178 6178
5395 5395
5379 5379
450 450
196 196
158 158
3683 3683
5385 5385
3900 3900
3443 3443
3393 3393
3392 3392
6196 6196
3329 3329
3316 3316
5785 5785
3892 3892
6225 6225
5812 5812
5429 5429
368 368
5796 5796
3390 3390
5811 5811
5219 5219
2465 2465
2344 2344
2104 2104
3388 3388
2109 2109
4012 4012
3487 3487
5410 5410
3444 3444
3380 3380
5232 5232
6210 6210
6230 6230
2444 2444
5158 5158
3407 3407
3368 3368
1927 1927
2315 2315
3225 3225
5441 5441
3381 3381
3274 3274
512 512
5015 5015
3237 3237
3465 3465
3366 3366
5412 5412
3396 3396
3431 3431
5056 5056
2727 2727
3460 3460
367 367
2762 2762
3266 3266
3244 3244
2744 2744
1969 1969
3385 3385
3219 3219
2351 2351
3246 3246
3333 3333
3389 3389
3251 3251
2719 2719
5074 5074
3249 3249
3253 3253
3387 3387
3384 3384
3718 3718
3399 3399
3213 3213
2349 2349
3402 3402
5221 5221
3349 3349
5086 5086
5192 5192
3759 3759
5069 5069
5075 5075
5191 5191
4807 4807
5098 5098
5079 5079
3763 3763
2340 2340
5153 5153
2766 2766
5073 5073
6334 6334
5193 5193
3183 3183
3194 3194
3238 3238
3664 3664
3490 3490
5201 5201
3812 3812
5100 5100
559 559
5220 5220
550 550
3234 3234
5091 5091
252 252
5204 5204
5130 5130
5174 5174
5050 5050
3190 3190
3295 3295
567 567
556 556
3765 3765
3177 3177
5120 5120
1940 1940
3193 3193
5115 5115
3902 3902
6838 6838
3813 3813
5202 5202
5082 5082
3180 3180
3178 3178
3179 3179
3197 3197
6694 6694
6758 6758
5141 5141
5168 5168
5139 5139
6714 6714
3497 3497
6750 6750
6704 6704
6607 6607
5113 5113
6841 6841
6718 6718
249 249
6756 6756
3943 3943
6778 6778
1886 1886
1977 1977
1556 1556
1741 1741
6784 6784
1037 1037
6794 6794
6657 6657
1968 1968
6641 6641
2853 2853
6659 6659
400 400
1976 1976
6613 6613
1257 1257
1040 1040
4868 4868
1014 1014
6602 6602
919 919
995 995
1584 1584
4805 4805
6719 6719
1001 1001
6633 6633
2890 2890
6854 6854
1026 1026
1856 1856
1062 1062
6823 6823
1591 1591
4611 4611
6829 6829
996 996
3477 3477
1334 1334
3503 3503
2965 2965
4114 4114
587 587
2826 2826
413 413
1546 1546
3006 3006
6533 6533
2848 2848
923 923
4729 4729
6801 6801
1345 1345
1850 1850
2838 2838
1638 1638
846 846
6576 6576
3509 3509
4688 4688
2925 2925
4644 4644
6595 6595
5316 5316
891 891
1674 1674
6793 6793
2884 2884
6370 6370
585 585
1553 1553
2855 2855
4329 4329
6597 6597
1145 1145
4607 4607
5348 5348
924 924
2822 2822
1506 1506
5138 5138
1248 1248
6788 6788
6721 6721
6561 6561
1831 1831
1027 1027
1796 1796
631 631
1832 1832
1481 1481
6529 6529
3088 3088
3505 3505
3014 3014
6508 6508
987 987
4915 4915
632 632
1235 1235
3085 3085
4905 4905
2819 2819
1760 1760
2932 2932
1188 1188
4413 4413
3109 3109
868 868
4679 4679
2833 2833
3136 3136
1349 1349
1466 1466
2820 2820
816 816
708 708
5248 5248
801 801
3022 3022
3116 3116
6799 6799
750 750
1069 1069
1090 1090
1421 1421
6566 6566
2907 2907
4124 4124
741 741
1304 1304
1185 1185
6431 6431
5280 5280
6346 6346
702 702
798 798
808 808
1377 1377
3125 3125
1709 1709
1526 1526
1111 1111
1670 1670
3507 3507
1707 1707
4696 4696
1366 1366
943 943
4566 4566
4164 4164
6516 6516
6551 6551
1086 1086
4701 4701
1368 1368
4343 4343
1799 1799
2877 2877
4602 4602
4677 4677
2980 2980
3042 3042
4863 4863
6303 6303
4734 4734
1029 1029
4167 4167
2981 2981
1528 1528
4134 4134
6423 6423
6338 6338
1460 1460
1342 1342
4358 4358
3021 3021
4321 4321
6288 6288
4497 4497
4749 4749
4830 4830
4424 4424
6375 6375
4562 4562
3037 3037
4711 4711
4337 4337
4636 4636
970 970
2865 2865
839 839
1409 1409
4786 4786
4158 4158
4332 4332
4335 4335
6569 6569
4831 4831
4909 4909
4141 4141
3479 3479
4963 4963
6367 6367
6305 6305
1045 1045
4369 4369
4360 4360
4267 4267
1178 1178
805 805
4949 4949
4664 4664
5323 5323
4940 4940
4494 4494
4941 4941
873 873
5295 5295
1101 1101
4573 4573
1227 1227
1115 1115
4958 4958
1359 1359
4386 4386
4637 4637
4333 4333
4713 4713
803 803
4445 4445
904 904
4933 4933
4841 4841
4516 4516
4568 4568
4930 4930
4464 4464
