1 1
4 4
3533 6
10 10
2942 12
1699 13
14 14
2670 16
23 23
843 24
26 26
1100 27
1353 29
2237 33
2859 34
688 35
2229 36
3253 40
1809 42
1515 44
45 45
2246 46
3573 49
2396 50
615 51
54 54
2267 55
1879 56
59 59
1903 61
62 62
65 65
2322 69
2267 70
2669 71
72 72
73 73
1369 74
2017 76
2317 79
82 82
85 85
3259 86
87 87
763 90
1685 93
1618 99
104 104
105 105
2130 113
1626 116
117 117
1033 121
122 122
123 123
124 124
242 128
2509 131
3262 132
133 133
2206 138
1257 142
2175 145
146 146
147 147
148 148
153 153
156 156
485 157
158 158
1015 160
163 163
2743 167
3423 171
3533 173
174 174
175 175
1550 176
179 179
180 180
1119 184
298 186
189 189
2095 190
3228 192
193 193
1054 196
199 199
440 200
2614 204
2867 207
210 210
3563 212
1692 213
215 215
217 217
218 218
2679 219
220 220
3379 221
223 223
55 224
1984 230
2966 231
1474 232
233 233
354 234
2774 235
2900 237
239 239
242 242
245 245
1199 246
2708 247
249 249
1586 252
253 253
256 256
258 258
3573 263
1969 264
2428 265
267 267
3344 269
578 270
271 271
2591 273
99 275
3051 276
2857 277
279 279
280 280
282 282
511 285
940 287
2788 291
293 293
295 295
1261 296
490 298
303 303
3047 306
307 307
1433 309
2967 310
311 311
312 312
313 313
2443 314
315 315
3358 316
3132 320
322 322
323 323
882 325
326 326
328 328
1586 329
330 330
333 333
335 335
339 339
1478 340
342 342
2715 345
347 347
349 349
1491 350
1834 352
264 359
387 366
367 367
1240 368
372 372
1854 374
376 376
3533 377
123 378
653 385
388 388
1119 389
566 392
2055 393
761 395
396 396
204 398
399 399
400 400
403 403
1972 406
407 407
408 408
410 410
3408 411
861 412
1550 418
1370 419
420 420
421 421
3603 427
1624 428
430 430
436 436
2674 440
328 441
495 443
2742 445
1619 448
3571 450
88 451
1975 454
2132 455
456 456
2206 457
1767 458
88 459
3099 462
3095 464
1909 465
1303 466
403 467
2249 470
1533 471
473 473
1412 476
2253 478
3153 479
3264 480
1126 482
483 483
2743 484
485 485
3425 487
3672 488
2316 489
490 490
497 497
3606 503
766 504
512 512
3535 513
514 514
515 515
3337 519
3240 524
1774 525
2124 527
245 529
905 531
449 536
1586 539
1559 540
1024 542
3563 543
544 544
546 546
1586 548
587 550
551 551
620 553
2679 555
2687 556
557 557
2057 561
201 563
2899 564
566 566
569 569
1549 570
501 572
576 576
585 585
1164 587
834 592
460 593
3553 594
3343 596
1788 597
1821 598
3444 600
602 602
603 603
623 604
2612 607
546 608
610 610
907 611
613 613
615 615
620 620
621 621
1721 623
1589 624
170 630
631 631
2846 632
633 633
1046 634
1627 635
2936 638
640 640
37 642
356 644
2742 645
924 647
1186 649
3440 650
3535 651
652 652
653 653
1590 654
829 656
826 657
3521 658
1457 660
3067 661
970 663
712 665
1774 670
671 671
672 672
2819 676
677 677
370 679
70 684
2709 685
686 686
687 687
921 689
3153 690
691 691
693 693
2614 695
697 697
749 699
1279 702
704 704
3563 706
3153 709
710 710
2522 711
575 712
342 713
714 714
2316 715
716 716
1602 719
720 720
2137 723
1749 724
726 726
893 727
2259 729
1332 731
732 732
1281 736
741 741
743 743
2289 744
1771 746
750 750
2005 752
754 754
656 755
1827 758
2525 759
2212 760
763 763
3198 765
2243 766
767 767
1490 768
769 769
354 770
771 771
1541 772
1373 775
776 776
1795 777
323 778
782 782
784 784
100 787
789 789
397 790
12 798
3575 799
494 800
801 801
802 802
803 803
377 804
3299 805
1796 806
807 807
808 808
809 809
815 815
559 819
2254 826
1119 827
2795 828
1957 831
1322 837
860 838
839 839
1339 840
841 841
793 842
602 843
846 846
1549 849
712 851
1076 854
743 856
121 859
1574 861
864 864
1699 865
678 871
1618 872
873 873
876 876
881 881
942 883
829 884
891 891
892 892
1699 894
897 897
899 899
900 900
901 901
699 902
903 903
1421 904
905 905
910 910
1087 911
3535 915
916 916
187 918
921 921
1735 922
923 923
924 924
841 925
926 926
932 932
933 933
3272 939
1888 940
942 942
943 943
3102 944
942 948
952 952
2679 953
2807 956
130 958
2343 960
3394 961
2283 964
965 965
966 966
131 967
970 970
973 973
1619 976
832 980
981 981
1369 982
405 983
779 984
986 986
987 987
988 988
715 991
992 992
993 993
999 999
1000 1000
1126 1001
2096 1003
1004 1004
1005 1005
1006 1006
2748 1010
1013 1013
1014 1014
3496 1015
2645 1017
1018 1018
1369 1020
2025 1024
1712 1026
1027 1027
2321 1029
1699 1030
449 1031
2491 1034
2593 1035
1037 1037
2490 1040
1043 1043
1591 1045
1614 1046
2241 1049
2636 1050
722 1052
3469 1053
1056 1056
2285 1058
1873 1060
3011 1066
1523 1068
1069 1069
1071 1071
928 1073
783 1074
1075 1075
1223 1076
1077 1077
2216 1082
872 1083
1803 1086
1087 1087
1919 1089
1090 1090
3092 1091
1092 1092
632 1098
2060 1099
3552 1100
1101 1101
2123 1102
2388 1103
3638 1106
1742 1109
138 1112
1118 1118
3647 1120
1121 1121
1122 1122
1622 1124
786 1126
1129 1129
700 1130
637 1131
3158 1133
3372 1135
1136 1136
991 1141
1145 1145
2419 1148
2739 1149
3506 1150
1129 1155
2596 1157
2029 1159
3292 1160
1162 1162
1163 1163
1164 1164
2705 1168
2224 1170
1061 1171
1172 1172
1175 1175
1177 1177
1178 1178
957 1182
1433 1184
478 1185
1975 1189
3592 1190
1083 1191
2919 1192
2606 1197
1199 1199
1200 1200
1204 1204
3356 1206
1458 1207
1212 1212
1526 1217
119 1223
1764 1224
1386 1225
1586 1230
1231 1231
1369 1234
1015 1236
1238 1238
1240 1240
1484 1241
501 1244
1515 1245
2034 1246
1251 1251
1699 1252
605 1253
305 1254
786 1257
2540 1258
2165 1259
1197 1264
1265 1265
1270 1270
2522 1279
736 1281
1975 1282
1283 1283
1623 1285
1951 1287
3647 1291
2809 1292
1293 1293
2330 1298
1299 1299
362 1303
1306 1306
3607 1309
804 1312
1314 1314
1145 1320
1322 1322
3535 1325
1326 1326
2719 1327
2095 1330
744 1332
2822 1334
1342 1342
3397 1343
1781 1346
1905 1349
2490 1350
1351 1351
2002 1352
1353 1353
3223 1354
3311 1355
1356 1356
1358 1358
1359 1359
3077 1364
2028 1365
956 1367
1368 1368
2694 1374
1375 1375
1386 1386
1390 1390
1391 1391
2838 1392
1393 1393
2226 1394
1396 1396
3353 1400
2285 1401
1406 1406
1407 1407
1409 1409
1411 1411
3157 1413
1419 1419
1771 1420
1421 1421
313 1422
1531 1424
1311 1425
1537 1427
1602 1428
258 1430
1435 1435
1360 1437
1438 1438
2059 1440
82 1441
183 1442
1623 1443
1445 1445
3423 1446
1523 1447
1455 1452
362 1453
551 1455
1456 1456
1460 1460
3085 1463
1464 1464
1466 1466
352 1467
1471 1471
1474 1474
3647 1475
1458 1476
829 1478
1349 1480
1481 1481
376 1483
709 1486
2597 1487
2429 1488
28 1489
1490 1490
1498 1498
1293 1501
1503 1503
1506 1506
1511 1511
1515 1515
349 1516
3654 1517
1519 1519
3535 1520
2992 1521
1523 1523
1080 1524
1526 1526
2687 1528
1458 1533
918 1536
2655 1537
2364 1541
848 1542
1053 1544
1546 1546
1548 1548
1553 1553
1484 1555
1556 1556
1557 1557
3506 1559
1594 1562
1567 1567
1873 1569
1570 1570
483 1571
403 1576
1010 1577
598 1578
2876 1579
3660 1580
952 1584
2525 1585
1586 1586
1623 1588
1591 1591
984 1593
1360 1594
3000 1600
306 1604
48 1607
1855 1608
1609 1609
1906 1610
700 1613
315 1614
388 1623
3150 1624
1625 1625
857 1626
1629 1629
1250 1633
1638 1638
1699 1642
409 1643
1906 1646
1647 1647
1040 1649
2129 1652
2718 1653
3299 1655
1659 1659
2028 1660
1661 1661
3573 1664
3647 1665
1669 1669
2319 1670
3398 1671
2287 1673
1611 1674
1677 1677
1678 1678
2726 1680
3433 1682
2140 1683
1684 1684
1685 1685
365 1686
1687 1687
1465 1688
1250 1692
1693 1693
30 1695
1699 1699
1703 1703
1704 1704
1376 1705
1708 1708
1709 1709
1711 1711
1714 1714
1715 1715
2580 1718
1825 1719
1360 1721
362 1723
1139 1724
3358 1727
1728 1728
1268 1729
495 1730
3113 1735
1623 1736
1737 1737
1692 1739
1741 1741
1742 1742
1745 1745
1747 1747
1748 1748
1795 1763
1764 1764
1076 1765
1287 1768
155 1769
1631 1770
449 1771
2429 1772
1773 1773
1774 1774
376 1778
1780 1780
3397 1785
2259 1788
247 1793
1795 1795
1796 1796
3391 1797
2132 1798
1799 1799
905 1802
2096 1805
1825 1807
362 1810
3446 1812
2436 1813
2162 1814
3482 1821
1824 1824
1825 1825
1184 1827
351 1830
1831 1831
1832 1832
1833 1833
1839 1839
1843 1843
2015 1849
1850 1850
1851 1851
1455 1853
1854 1854
1855 1855
1856 1856
1879 1858
1860 1860
1863 1863
1762 1866
1874 1874
1875 1875
1878 1878
356 1882
3290 1883
2212 1885
1220 1886
1683 1888
1890 1890
569 1894
1896 1896
1770 1899
2997 1901
1119 1902
2965 1903
1904 1904
3571 1905
1907 1907
2533 1910
1235 1911
1916 1916
1918 1918
1919 1919
2447 1922
1924 1924
1925 1925
3113 1927
1744 1928
1932 1932
1076 1935
1999 1938
1939 1939
2598 1940
160 1943
1946 1946
88 1947
1948 1948
1951 1951
1604 1952
1953 1953
3593 1955
1956 1956
1054 1960
1961 1961
6 1962
1119 1963
2679 1964
1619 1965
1968 1968
2088 1969
2029 1972
2801 1973
1712 1974
1976 1976
2436 1981
1980 1982
2442 1983
1984 1984
3042 1988
1550 1989
1992 1992
3612 1993
2938 1994
308 1996
3545 1997
2830 1998
1550 2002
2003 2003
1828 2004
2005 2005
2092 2006
88 2008
2011 2011
1388 2012
966 2013
2014 2014
2494 2019
2020 2020
3353 2021
2022 2022
2742 2024
2027 2027
2029 2029
803 2031
1516 2032
1465 2034
1147 2035
2036 2036
2470 2037
362 2038
362 2042
2046 2046
857 2047
1510 2051
866 2053
1402 2054
2056 2056
2057 2057
2061 2061
2062 2062
2857 2066
2068 2068
3202 2069
88 2070
2972 2072
1012 2075
3014 2076
2542 2079
2080 2080
424 2082
74 2083
2084 2084
2086 2086
1692 2087
750 2088
2474 2091
1182 2092
2095 2095
2101 2101
2104 2104
942 2106
2107 2107
2512 2110
1458 2111
2573 2113
1433 2114
2360 2116
2752 2119
2330 2120
2124 2124
661 2125
617 2126
2127 2127
2129 2129
2130 2130
3606 2132
1202 2135
2451 2142
3008 2143
1537 2144
1052 2145
3077 2146
2147 2147
857 2148
2150 2150
2151 2151
2379 2154
2155 2155
444 2158
2254 2159
2160 2160
1005 2163
2164 2164
370 2165
2167 2167
1825 2172
3223 2173
2867 2176
2923 2178
2180 2180
1458 2182
3029 2185
2189 2189
2761 2190
1708 2191
1694 2193
1721 2194
483 2197
2778 2199
1894 2201
2876 2202
2205 2205
178 2207
2849 2208
1817 2209
2259 2211
30 2212
2746 2214
3423 2217
2221 2221
1618 2222
2304 2224
2227 2227
721 2228
2229 2229
3646 2233
3531 2236
2238 2238
2239 2239
1119 2241
2247 2247
1261 2250
2256 2256
678 2257
2260 2260
1119 2262
2930 2263
1623 2264
2266 2266
1239 2268
1753 2272
2274 2274
1711 2276
2282 2282
2286 2286
2288 2288
1631 2292
2294 2294
2295 2295
2876 2297
2299 2299
2300 2300
323 2302
212 2303
2305 2305
75 2306
2308 2308
2309 2309
1393 2313
528 2314
1119 2317
7 2318
2617 2320
2322 2322
2325 2325
761 2329
556 2330
1302 2331
350 2339
2340 2340
2942 2344
326 2348
2351 2351
2352 2352
1257 2353
1624 2354
2089 2355
644 2357
1295 2362
376 2365
2366 2366
2367 2367
2132 2368
62 2369
609 2370
2317 2373
130 2378
3620 2380
3308 2382
2540 2385
2386 2386
1526 2387
1632 2388
2389 2389
1728 2396
2401 2401
2404 2404
3571 2405
1699 2406
3513 2407
3068 2411
1283 2412
2292 2415
2761 2416
3232 2417
3142 2418
1059 2420
3014 2422
2425 2425
2427 2427
2439 2428
2431 2431
3603 2432
2252 2433
2436 2436
1172 2437
1469 2438
1619 2439
2440 2440
1386 2441
1250 2442
2444 2444
2449 2449
1837 2450
859 2453
793 2454
2457 2457
3160 2460
2463 2463
554 2467
1699 2470
2471 2471
1461 2473
2032 2474
1422 2475
2477 2477
1820 2478
2480 2480
350 2484
1295 2486
2800 2488
3446 2489
2492 2492
2125 2494
377 2497
2498 2498
2500 2500
2502 2502
2125 2505
2506 2506
2514 2514
2088 2515
2516 2516
2472 2517
2519 2519
2521 2521
2523 2523
1644 2525
1687 2528
954 2529
2632 2531
1438 2534
568 2548
1018 2550
362 2551
1294 2552
2132 2556
2557 2557
2558 2558
2960 2559
1925 2560
2700 2565
2568 2568
1516 2571
2572 2572
1595 2574
2927 2576
121 2581
679 2582
1418 2583
2584 2584
3066 2585
3371 2588
2590 2590
2591 2591
449 2593
3535 2594
2596 2596
2598 2598
2600 2600
103 2603
3160 2604
2606 2606
3531 2611
3194 2612
1750 2618
1458 2620
2623 2623
2624 2624
1572 2626
1611 2629
1115 2633
1158 2634
2635 2635
2636 2636
3442 2639
2643 2643
1277 2644
2392 2646
3533 2650
1370 2654
1752 2655
2658 2658
370 2659
623 2660
2663 2663
1786 2667
2548 2669
2670 2670
2674 2674
2675 2675
2676 2676
3555 2677
1267 2678
2685 2685
2553 2687
3496 2689
1242 2690
3347 2692
1894 2695
2428 2696
2789 2697
498 2699
713 2702
590 2704
2705 2705
1624 2707
2350 2708
1145 2709
2711 2711
2859 2713
2819 2715
2718 2718
2719 2719
2813 2722
2724 2724
2726 2726
2727 2727
2728 2728
2729 2729
2732 2732
2096 2735
2737 2737
14 2738
2739 2739
2740 2740
2058 2741
2742 2742
2679 2743
2657 2744
2746 2746
119 2747
2226 2750
10 2751
2754 2754
2631 2759
1061 2770
803 2771
2160 2776
2618 2777
3243 2779
2780 2780
866 2781
676 2782
2783 2783
431 2784
2785 2785
2786 2786
569 2787
3095 2788
2791 2791
2795 2795
2797 2797
907 2799
2807 2800
2801 2801
684 2805
2809 2809
1786 2810
2811 2811
2814 2814
2817 2817
2819 2819
2821 2821
2822 2822
1195 2824
1287 2825
2826 2826
2202 2827
2204 2830
2831 2831
2833 2833
1342 2835
2836 2836
1191 2838
2839 2839
524 2841
2844 2844
986 2845
2848 2848
2853 2853
2856 2856
1123 2861
2863 2863
2865 2865
2866 2866
2966 2868
1143 2870
346 2873
5290 2874
268 2875
2877 2877
3440 2879
2884 2884
3535 2888
3648 2889
644 2890
492 2891
1522 2894
2816 2897
2903 2903
151 2904
1488 2906
2908 2908
3009 2909
3290 2915
1873 2916
3321 2917
3596 2919
2920 2920
2923 2923
121 2924
1843 2926
388 2928
3646 2930
2317 2931
2932 2932
2925 2935
1994 2938
2939 2939
2792 2940
2941 2941
1660 2942
1586 2943
1699 2947
2948 2948
2950 2950
2955 2955
2958 2958
2051 2964
3228 2965
2966 2966
1195 2970
270 2972
2976 2976
2413 2979
2981 2981
2363 2983
1725 2984
3221 2985
1586 2986
678 2987
3626 2988
479 2993
2994 2994
3571 2998
3660 3005
3006 3006
3648 3010
3012 3012
309 3016
3017 3017
3563 3018
1523 3019
3023 3023
3028 3028
1119 3029
1143 3030
2429 3031
1926 3033
3035 3035
3036 3036
3037 3037
1879 3040
2927 3041
3044 3044
217 3046
2363 3048
356 3049
2057 3053
3054 3054
3056 3056
3347 3058
3059 3059
3063 3063
3064 3064
2958 3069
1264 3072
3218 3073
930 3085
3087 3087
3088 3088
4558 3089
3090 3090
976 3091
1728 3093
581 3097
3098 3098
3099 3099
1909 3100
2023 3103
2774 3104
3108 3108
3109 3109
2968 3111
3112 3112
2254 3113
1302 3115
2285 3117
2490 3118
3124 3124
3125 3125
3127 3127
3128 3128
14 3129
2094 3130
3131 3131
301 3132
2051 3134
1673 3135
3136 3136
2252 3137
956 3138
3246 3139
924 3140
3143 3143
3144 3144
2002 3145
3148 3148
2972 3149
14 3150
724 3151
3152 3152
2993 3153
84 3154
1195 3158
2256 3161
2402 3164
1111 3167
3169 3169
2017 3172
1520 3173
3177 3177
435 3180
3182 3182
3183 3183
2285 3184
3397 3185
600 3186
3188 3188
2879 3189
3190 3190
1369 3191
3193 3193
3195 3195
590 3198
3539 3201
2612 3202
300 3209
3216 3216
3221 3221
3223 3223
3295 3224
3225 3225
3509 3230
3234 3234
3295 3238
3535 3239
3241 3241
3635 3243
3558 3244
3246 3246
3622 3247
3249 3249
2669 3250
3251 3251
695 3252
3255 3255
1119 3256
1566 3257
3275 3260
3261 3261
1123 3263
360 3264
3433 3265
3266 3266
3267 3267
866 3268
1118 3269
3274 3274
3618 3275
3276 3276
3281 3281
3627 3285
3287 3287
3288 3288
3651 3292
3362 3294
2474 3295
3453 3296
88 3307
3308 3308
1072 3310
2621 3314
2088 3315
3316 3316
3317 3317
3318 3318
3319 3319
3460 3321
1293 3323
3436 3324
2883 3327
2679 3328
3330 3330
1104 3332
3333 3333
3592 3335
1177 3337
3338 3338
3339 3339
3500 3345
3552 3346
238 3348
3349 3349
3625 3351
3227 3352
3540 3354
3355 3355
3535 3356
2307 3357
1125 3358
3359 3359
3571 3360
3363 3363
530 3365
712 3366
1790 3367
3368 3368
3371 3371
3372 3372
3457 3374
3376 3376
3452 3377
3380 3380
2853 3381
3382 3382
3388 3388
3549 3389
242 3393
3423 3394
3347 3396
403 3397
2261 3398
3509 3399
3533 3400
46 3407
180 3408
910 3411
3413 3413
3414 3414
3318 3415
797 3416
3260 3418
421 3419
1849 3424
3425 3425
3620 3428
1116 3430
1012 3433
3535 3434
1256 3435
3436 3436
3437 3437
3439 3439
3397 3440
3588 3442
3372 3443
3658 3448
3377 3452
3453 3453
2296 3460
3260 3461
1773 3464
824 3465
1723 3469
2704 3474
2021 3476
144 3478
2474 3479
3485 3485
3487 3487
3649 3489
3493 3493
3496 3496
3497 3497
1247 3501
3534 3503
2184 3506
3507 3507
3588 3508
3571 3509
3261 3510
3516 3516
3517 3517
3518 3518
1287 3519
3324 3523
3347 3524
3529 3529
3530 3530
2087 3533
1649 3534
3535 3535
3537 3537
2674 3539
3540 3540
803 3542
3543 3543
2854 3544
3547 3547
3588 3548
3551 3551
3553 3553
3554 3554
3323 3558
3560 3560
3440 3561
3355 3562
3423 3564
797 3565
2536 3566
3568 3568
1527 3569
467 3572
2651 3574
1292 3579
3 3582
3583 3583
2435 3586
3588 3588
1699 3589
3571 3592
1407 3593
3290 3595
3534 3597
1699 3598
2384 3599
3571 3604
2474 3606
2384 3610
3611 3611
3612 3612
3331 3613
3397 3616
901 3617
3227 3619
3621 3621
3622 3622
2196 3624
121 3625
1975 3626
2285 3627
3628 3628
3629 3629
3460 3631
610 3633
130 3634
2939 3636
2124 3637
730 3638
3354 3639
924 3640
205 3641
3644 3644
2252 3646
1992 3649
3402 3653
3301 3654
2017 3656
3657 3657
1200 3658
517 3660
1746 3662
259 3663
544 3664
3667 3667
3650 3670
3672 3672
657 3673
3275 3674
3676 3676
5465 3678
3937 3679
3684 3684
4623 3685
3687 3687
3688 3688
6389 3690
4833 3692
6353 3696
5620 3698
4259 3699
4505 3700
4934 3701
4435 3703
3704 3704
3706 3706
5574 3711
4063 3712
5730 3714
3716 3716
5582 3717
3718 3718
3927 3720
6102 3721
6053 3723
4520 3724
4722 3727
3704 3728
6716 3729
5342 3731
6413 3732
3745 3733
4221 3735
6709 3737
6644 3738
5644 3739
6705 3741
3743 3743
5039 3746
3749 3749
5721 3750
3753 3753
6475 3754
4476 3756
3757 3757
4644 3759
3724 3763
4675 3765
3767 3767
3768 3768
5367 3769
3946 3770
4714 3771
3749 3774
4312 3775
3777 3777
5571 3778
4314 3779
4313 3782
4361 3783
6816 3787
4889 3789
3792 3792
4100 3793
4561 3796
4461 3797
3799 3799
5328 3802
5723 3803
4968 3807
5732 3808
5364 3809
4201 3810
6750 3812
6222 3814
5767 3815
3818 3818
5302 3819
6173 3820
3821 3821
5110 3823
3824 3824
4325 3825
4817 3826
4574 3827
5421 3828
3829 3829
5012 3832
3720 3837
4168 3840
3841 3841
6287 3842
3845 3845
5962 3847
3852 3852
6828 3853
3854 3854
5113 3855
6613 3861
3868 3868
4063 3869
5637 3877
5707 3881
4237 3882
4691 3885
3910 3887
4124 3889
3892 3892
6131 3894
3915 3897
6260 3898
5300 3899
3900 3900
4463 3901
6188 3903
6697 3905
3908 3908
3909 3909
4579 3918
3765 3925
3927 3927
6369 3928
3930 3930
6566 3932
4916 3933
6599 3935
6795 3939
5195 3943
6408 3946
3948 3948
3949 3949
6081 3952
3954 3954
3956 3956
5597 3958
4579 3959
3960 3960
4132 3961
6413 3962
6780 3963
6804 3965
6865 3966
6876 3969
3919 3970
4389 3971
4502 3972
4968 3974
4649 3975
4968 3977
5341 3978
6867 3979
5036 3980
4927 3982
4201 3983
3985 3985
5534 3986
3988 3988
3990 3990
4650 3991
4137 3992
4609 3996
6716 3997
5074 3998
4552 4001
5757 4003
4006 4006
6617 4007
5603 4010
4124 4012
4013 4013
5368 4014
6271 4015
5255 4017
4037 4019
5486 4021
4212 4023
4137 4029
6583 4031
4032 4032
4237 4033
4034 4034
6120 4035
4058 4036
5602 4037
6225 4039
4651 4043
6731 4044
5777 4045
5730 4046
4048 4048
4050 4050
4780 4051
3907 4053
6621 4054
4632 4055
4139 4056
5137 4058
6014 4059
6786 4064
4964 4065
6843 4066
5105 4068
3948 4069
6038 4070
5342 4073
4077 4077
3865 4078
6403 4080
4752 4082
5755 4084
4436 4087
4198 4090
4091 4091
6271 4093
4534 4096
5353 4099
5771 4102
4773 4103
5399 4105
5644 4108
5586 4112
6604 4113
6713 4114
4853 4115
5953 4116
4784 4118
6240 4119
6005 4120
5582 4122
4123 4123
6154 4128
4130 4130
4131 4131
4134 4134
6319 4135
6828 4137
5799 4147
5543 4148
5623 4151
3792 4153
4155 4155
4205 4157
4158 4158
5364 4159
4964 4162
6168 4164
5004 4165
4166 4166
5862 4167
4123 4168
6584 4169
6816 4170
6805 4172
5636 4173
3971 4174
3976 4175
5486 4177
6341 4179
5999 4185
5885 4187
6022 4191
4687 4192
6192 4195
4908 4196
5056 4198
4913 4199
6030 4202
4203 4203
6592 4205
3935 4207
4100 4211
4212 4212
4172 4217
6546 4219
6584 4221
6769 4223
6512 4224
4118 4225
4226 4226
5485 4228
6828 4229
4230 4230
4444 4233
5041 4236
4237 4237
4238 4238
4267 4243
6481 4244
3865 4245
4247 4247
4179 4248
4420 4249
5183 4251
4196 4252
4254 4254
3680 4255
6565 4256
4258 4258
4259 4259
4262 4262
6604 4263
4264 4264
6222 4266
4267 4267
4583 4268
5184 4269
4271 4271
4274 4274
4605 4275
5696 4276
5910 4280
3766 4283
4756 4290
4651 4292
5188 4293
4294 4294
4297 4297
5664 4298
4299 4299
4300 4300
4069 4302
4497 4306
5128 4307
5657 4309
5083 4310
6470 4315
4799 4317
5568 4320
4321 4321
5962 4322
4706 4327
4902 4328
5503 4329
3917 4340
5712 4341
6026 4344
4968 4345
5088 4346
4357 4347
4622 4349
5207 4352
5847 4353
4356 4356
6525 4360
5994 4361
6442 4363
6584 4367
4651 4368
4504 4370
4137 4371
4372 4372
5472 4373
5206 4376
6105 4377
4585 4378
4267 4381
5775 4386
6327 4388
5088 4389
4546 4392
4816 4396
4773 4397
4398 4398
4362 4401
6876 4404
4440 4407
4968 4408
5963 4416
4417 4417
6772 4418
4424 4424
4425 4425
5081 4428
5165 4432
4684 4434
5396 4435
4436 4436
6113 4439
6564 4440
5496 4441
4613 4442
5849 4443
4631 4445
3925 4449
4454 4454
6482 4455
5464 4457
4459 4459
5486 4464
4465 4465
6126 4467
5621 4468
4470 4470
4906 4471
4267 4472
6230 4473
5516 4475
5294 4476
4920 4477
5493 4479
4240 4482
4486 4486
3745 4489
5015 4490
3806 4494
4495 4495
3864 4500
4502 4502
4505 4505
6716 4507
6469 4510
6411 4515
6014 4518
6330 4520
4629 4522
5553 4523
6095 4525
5257 4526
5396 4527
4968 4529
6110 4530
4948 4534
4139 4536
5192 4537
4538 4538
4886 4541
4886 4544
3864 4546
4308 4548
5042 4549
6605 4550
4552 4552
5516 4553
5493 4554
6583 4557
4558 4558
4229 4559
6355 4560
6102 4563
6047 4564
5437 4568
4760 4569
4570 4570
5239 4571
5229 4572
4573 4573
3815 4574
3710 4583
4629 4585
4586 4586
4570 4587
5390 4588
5051 4590
4592 4592
4940 4594
5541 4595
5496 4598
4503 4600
6628 4601
4454 4602
4992 4604
4607 4607
6372 4610
5910 4611
6222 4612
6254 4613
5799 4617
6332 4621
3692 4622
4687 4623
5910 4624
4085 4626
6017 4629
6438 4631
4574 4633
4892 4637
4132 4638
6786 4640
5574 4642
4198 4643
4915 4644
4609 4646
4650 4650
4968 4651
4669 4652
4653 4653
4654 4654
6613 4658
4063 4659
6654 4662
4663 4663
4807 4664
5963 4665
4435 4669
3765 4675
4677 4677
6480 4678
4849 4679
5864 4680
4946 4681
4683 4683
6827 4684
5885 4685
4687 4687
5886 4688
4693 4693
4540 4697
4100 4699
6479 4700
4711 4711
4837 4713
4714 4714
5648 4717
4719 4718
5469 4719
5707 4721
4172 4724
5880 4727
4729 4729
4730 4730
5145 4731
4734 4734
3776 4735
3994 4736
4071 4737
4738 4738
6599 4744
4745 4745
4747 4747
4464 4749
3855 4755
5602 4756
5071 4761
6845 4762
4130 4763
6383 4764
6168 4765
4085 4767
6519 4768
5249 4772
4775 4775
5331 4778
5162 4780
5814 4786
4534 4788
5968 4789
5868 4792
5259 4793
3810 4796
4797 4797
4799 4799
4651 4800
5601 4804
6499 4806
6420 4807
4671 4810
4812 4812
4814 4814
3815 4815
4816 4816
3974 4819
4821 4821
5210 4824
6368 4827
4929 4828
4958 4831
5635 4833
6413 4835
6330 4836
5103 4838
4932 4839
4562 4841
4103 4843
4172 4844
4846 4846
4849 4849
5222 4853
5619 4855
6460 4858
3852 4860
4766 4861
4343 4862
4653 4863
4864 4864
6554 4865
4866 4866
6654 4867
4614 4869
4651 4870
4042 4873
4593 4874
5875 4875
5636 4876
3960 4878
4293 4879
4609 4887
6583 4888
4432 4889
6817 4890
4371 4891
4892 4892
4894 4894
3836 4897
4705 4900
4901 4901
6045 4902
6257 4906
4196 4908
4909 4909
4399 4913
3699 4917
4764 4918
4663 4920
4886 4923
6654 4924
4929 4929
4930 4930
4267 4931
4372 4934
4497 4935
6627 4937
4940 4940
4941 4941
3748 4947
6376 4948
4473 4949
6302 4950
4951 4951
4953 4953
4585 4954
5623 4955
4956 4956
4957 4957
4770 4958
6644 4959
3755 4961
5750 4963
6856 4967
6213 4969
5255 4970
4973 4973
6588 4975
4139 4977
5691 4978
5270 4983
5799 4984
4985 4985
6013 4988
4126 4989
6707 4990
5377 4991
5081 4992
3842 4997
5012 4998
5771 5000
5041 5001
5423 5005
5008 5008
5009 5009
6408 5010
4571 5013
6097 5015
5434 5016
4063 5017
5396 5018
5039 5019
4948 5021
4267 5022
5760 5024
5903 5026
5032 5032
4354 5033
4561 5034
3907 5035
6398 5036
4137 5039
4535 5040
4549 5042
6785 5045
4663 5046
5221 5050
4724 5055
5056 5056
6120 5057
5257 5059
3808 5063
6660 5065
5652 5068
5069 5069
3680 5070
6797 5072
3747 5073
6330 5076
5370 5078
5079 5079
5619 5081
4618 5083
5084 5084
5334 5088
4485 5089
6276 5090
4649 5093
5344 5094
5095 5095
5469 5096
5910 5098
5100 5100
5674 5102
6660 5106
6177 5107
4318 5108
4333 5110
4947 5112
5113 5113
5910 5115
5117 5117
5086 5119
5122 5122
4760 5123
5125 5125
5472 5126
5130 5130
4964 5131
5166 5132
5088 5134
3973 5135
6426 5136
4377 5138
5141 5141
5142 5142
5145 5145
5041 5149
5059 5154
6617 5157
4132 5159
5160 5160
6666 5163
4053 5165
5897 5166
6216 5169
4361 5171
3754 5172
6449 5178
6696 5180
4647 5182
4502 5185
5186 5186
5910 5187
5961 5189
6524 5190
5192 5192
5193 5193
4947 5194
5824 5196
6869 5200
5201 5201
6428 5202
4100 5204
5941 5208
5044 5209
6695 5210
4651 5216
5623 5217
5295 5218
5221 5221
5011 5223
6417 5232
6755 5234
4621 5235
5957 5237
5239 5239
4163 5244
3876 5245
4588 5247
5472 5248
5509 5251
5086 5255
6222 5260
6809 5263
5265 5265
6332 5267
5275 5275
5910 5276
6332 5277
6786 5278
5280 5280
5281 5281
4576 5282
3960 5284
5096 5287
5290 5290
4846 5291
6868 5293
5295 5295
4982 5296
6742 5299
5596 5300
5760 5301
5476 5306
6254 5311
4597 5314
4614 5317
5011 5318
6433 5321
6028 5322
5323 5323
5838 5327
6650 5333
4773 5334
6716 5338
5339 5339
4829 5340
4274 5341
5982 5342
6161 5343
6064 5348
4552 5349
4223 5350
5636 5351
4561 5354
6418 5358
4801 5359
5359 5361
4237 5362
4862 5363
5365 5365
5620 5366
4223 5368
5369 5369
5300 5370
4267 5371
4774 5373
4037 5377
5378 5378
4312 5382
5050 5385
6464 5388
6013 5391
4886 5392
5393 5393
6288 5399
6164 5401
5403 5403
5665 5405
5406 5406
4017 5408
4573 5409
5410 5410
5412 5412
3745 5416
5957 5417
4198 5418
4432 5419
6404 5420
6790 5421
6557 5424
4574 5425
4760 5426
4528 5428
5996 5429
3920 5431
5123 5433
5469 5434
6508 5437
4221 5438
6418 5441
6288 5442
6789 5443
4774 5444
6442 5445
5469 5446
5447 5447
4310 5448
4483 5449
4066 5450
5458 5458
4240 5459
6727 5463
5903 5465
6754 5468
5068 5469
6460 5470
4623 5478
6418 5482
4465 5484
3920 5485
4528 5486
5076 5488
5117 5491
5494 5494
5178 5496
4878 5499
4100 5502
3859 5503
4007 5504
6586 5506
4021 5508
6222 5509
5510 5510
6638 5512
3680 5513
6064 5517
5937 5520
4817 5521
5610 5523
6109 5524
5526 5526
5962 5530
4237 5531
5532 5532
4552 5533
6766 5534
5056 5538
5539 5539
5677 5541
5542 5542
6117 5543
5344 5544
6505 5547
4267 5548
5549 5549
6860 5551
5342 5552
6296 5554
5557 5557
6637 5561
3865 5564
4651 5565
6341 5566
5064 5567
3764 5568
6731 5569
5570 5570
6426 5573
4574 5574
4172 5575
5526 5577
4082 5578
5780 5579
5910 5580
4481 5581
5910 5583
4571 5587
4044 5589
5100 5590
5941 5591
5752 5597
5598 5598
5636 5599
4119 5602
5603 5603
4791 5604
5609 5609
6113 5612
5954 5613
5474 5619
3758 5620
5623 5623
3925 5624
5116 5626
5572 5627
5630 5630
5631 5631
5641 5641
5530 5645
5648 5648
5651 5651
6177 5652
5103 5659
5192 5664
5056 5666
5910 5668
4267 5669
3833 5671
3901 5674
6695 5676
4382 5683
6475 5685
5046 5690
5691 5691
4454 5693
4773 5695
4286 5696
5980 5697
6809 5700
5782 5702
4845 5703
5304 5704
3823 5705
5706 5706
5708 5708
4972 5710
3808 5711
6330 5713
3804 5714
5094 5715
4837 5716
6175 5717
6014 5718
5105 5719
5721 5721
5239 5724
4439 5726
4813 5727
3950 5728
3853 5729
4574 5730
5397 5731
6140 5733
4873 5734
4401 5735
4443 5737
5104 5741
5200 5742
5743 5743
5746 5746
6626 5748
5750 5750
4142 5751
5384 5752
5910 5754
4289 5755
5756 5756
4866 5759
5761 5761
5194 5763
5910 5765
3848 5768
6867 5769
4663 5771
4886 5772
5773 5773
4651 5775
4968 5776
5777 5777
5780 5780
5782 5782
6637 5784
3845 5785
5623 5787
6406 5788
5791 5791
3722 5792
5799 5793
5881 5794
5360 5797
4766 5798
4369 5799
4478 5801
5802 5802
3796 5804
5058 5805
5864 5808
5811 5811
5812 5812
4956 5813
5749 5817
5820 5820
4237 5823
4197 5824
4762 5826
5011 5827
5113 5828
4550 5834
5790 5835
5623 5836
6161 5837
5428 5838
5840 5840
5623 5841
5842 5842
5845 5845
4267 5847
4845 5849
3854 5852
5487 5853
5855 5855
4269 5856
6809 5859
6618 5860
3766 5864
5782 5873
6424 5874
6253 5883
6063 5884
4593 5890
5891 5891
6406 5896
5132 5897
4540 5899
4756 5901
6064 5902
3902 5903
5866 5904
6353 5905
5957 5906
5203 5907
5676 5908
5619 5917
6779 5924
5941 5925
5927 5927
5928 5928
5754 5929
3758 5931
5932 5932
5933 5933
4454 5935
4229 5940
5701 5941
6676 5942
5058 5943
6309 5944
5946 5946
4261 5948
5499 5950
4454 5952
6707 5953
6658 5954
6809 5956
6026 5957
4063 5960
5962 5962
4261 5963
5966 5966
6796 5967
6097 5972
6882 5973
6862 5974
5978 5978
5796 5979
5130 5980
5981 5981
4583 5982
6084 5983
3837 5984
5986 5986
4202 5987
3798 5989
6510 5990
5991 5991
4261 5992
4148 5993
4267 5995
4878 5997
6425 6001
6424 6002
6403 6004
6005 6005
5130 6006
4132 6007
5925 6008
6010 6010
6084 6011
6519 6012
4343 6014
5030 6015
6308 6016
4829 6019
6024 6024
6026 6026
4596 6028
6780 6030
6032 6032
6033 6033
6268 6037
5365 6040
6042 6042
5165 6043
6880 6044
6048 6048
4203 6052
6559 6054
6056 6056
6265 6061
4107 6068
6073 6073
6442 6075
4682 6076
6077 6077
4772 6079
6083 6083
6085 6085
6413 6087
6090 6090
6044 6091
6095 6095
4929 6098
4912 6100
6103 6103
3720 6104
6107 6107
5745 6108
4745 6109
6110 6110
5289 6111
6268 6112
6658 6113
5245 6114
4237 6115
3973 6118
5529 6119
6679 6120
4517 6121
6795 6122
5835 6127
6131 6131
4139 6137
6863 6138
6638 6139
5623 6141
6143 6143
6337 6145
4162 6149
4703 6151
6636 6152
4420 6153
6492 6154
4908 6155
4137 6158
6159 6159
6160 6160
4333 6161
6162 6162
4635 6163
5864 6166
4744 6167
3935 6170
6175 6175
3783 6176
3778 6177
5677 6178
6180 6180
6618 6182
6362 6184
5564 6186
4271 6188
4207 6189
6192 6192
6460 6193
4824 6198
5976 6205
5541 6206
4267 6207
6713 6209
5150 6214
6058 6216
5553 6217
4968 6221
6159 6223
4124 6224
6225 6225
5069 6231
6852 6234
6235 6235
6711 6236
5328 6237
6238 6238
6117 6240
3797 6241
6242 6242
6835 6243
5910 6244
4770 6246
6247 6247
6248 6248
6817 6251
4671 6253
6192 6254
4489 6257
6258 6258
4525 6259
4007 6260
6052 6261
6263 6263
5771 6266
6267 6267
3797 6268
4093 6271
5656 6273
5548 6274
6275 6275
6276 6276
6828 6279
6282 6282
6583 6284
6286 6286
6258 6289
4105 6290
5909 6291
5421 6293
5423 6294
4828 6295
4483 6298
6013 6299
5127 6301
5113 6303
6013 6304
5138 6309
5302 6310
6311 6311
4758 6313
4956 6315
4100 6316
6182 6318
6756 6319
6322 6322
4763 6323
4540 6324
5753 6325
6326 6326
5138 6327
4810 6330
5910 6333
6334 6334
6512 6337
6338 6338
4139 6339
5405 6341
4159 6343
6346 6346
6126 6350
4272 6354
6285 6355
6356 6356
6360 6360
6003 6362
6364 6364
4593 6368
4198 6369
6370 6370
6817 6371
6373 6373
6374 6374
4562 6375
6376 6376
4389 6382
4459 6383
5757 6385
4189 6386
4309 6388
4066 6390
4237 6392
4776 6396
6398 6398
4912 6399
6402 6402
4501 6407
4902 6408
4223 6411
6005 6413
6646 6414
6415 6415
4106 6416
6788 6423
5767 6425
4828 6426
5007 6427
3855 6428
4929 6433
4160 6434
6439 6439
4132 6441
3922 6442
5910 6443
4295 6445
4184 6448
4070 6449
3854 6451
6452 6452
6459 6459
6403 6461
4841 6462
4829 6463
4669 6465
6466 6466
6467 6467
5784 6468
5264 6470
4242 6473
6475 6475
5247 6476
6408 6478
4798 6479
5401 6480
5039 6484
4846 6486
6828 6490
6235 6491
4686 6492
6654 6493
6883 6494
5982 6499
6817 6501
3978 6503
6504 6504
4066 6505
4916 6507
5130 6508
4097 6514
4651 6515
6449 6517
6055 6520
6097 6521
4147 6526
6102 6529
6533 6533
6259 6535
6856 6537
3995 6538
4571 6540
6616 6544
6380 6546
6016 6549
5538 6550
4992 6554
6549 6555
6605 6557
6583 6558
6559 6559
6560 6560
5589 6561
6566 6566
6213 6567
5146 6569
5897 6570
5303 6571
5166 6572
6573 6573
3785 6574
6863 6575
6578 6578
4727 6579
5623 6580
4917 6581
4440 6582
5810 6583
5683 6584
4432 6585
5036 6586
6731 6588
6589 6589
4063 6590
6591 6591
6592 6592
6055 6593
6595 6595
4948 6596
6874 6597
6214 6598
6083 6600
6602 6602
6355 6603
4847 6604
4271 6605
4293 6611
3858 6613
5141 6615
6359 6616
3766 6619
6126 6620
6111 6626
4744 6627
6650 6628
4839 6630
4124 6633
3764 6635
5755 6636
5180 6637
3819 6639
5188 6643
6644 6644
4576 6646
5799 6647
6789 6650
5042 6651
6325 6652
6177 6653
4982 6655
6222 6656
6657 6657
5011 6658
5974 6659
5378 6663
6666 6666
3748 6668
6395 6673
5012 6674
6675 6675
4649 6676
5342 6678
6173 6682
6693 6693
4562 6694
4780 6700
5619 6703
6508 6704
5868 6705
4703 6710
4629 6711
5568 6712
5330 6714
6170 6717
6530 6718
5541 6720
6721 6721
4313 6722
5408 6723
6242 6724
6727 6727
4448 6728
3767 6729
6731 6731
6735 6735
4267 6737
6577 6739
6743 6743
6408 6744
6745 6745
5749 6748
6750 6750
6044 6752
6754 6754
6248 6755
6794 6756
6762 6762
3974 6764
4066 6766
5796 6770
5396 6772
4414 6773
5474 6774
3982 6775
4581 6776
6778 6778
4148 6780
6781 6781
4361 6782
6783 6783
6292 6785
5485 6786
4878 6787
6788 6788
5673 6789
5845 6791
6794 6794
6013 6795
5056 6800
4588 6805
3894 6806
6807 6807
4184 6808
4558 6813
5160 6814
5396 6819
5769 6824
3815 6825
3809 6827
6828 6828
4100 6829
6830 6830
6426 6832
4110 6834
3922 6835
6839 6839
6842 6842
4003 6844
5494 6848
5767 6849
4007 6850
5712 6851
5117 6852
4845 6855
6857 6857
6556 6858
6860 6860
6404 6861
4361 6862
6865 6865
4651 6866
6865 6867
6869 6869
6872 6872
6876 6876
4913 6877
4886 6879
6404 6885
4383 6887
4394 6889
