2709 0
1 1
2932 4
7 7
8 8
2933 9
4895 11
3206 14
17 17
17 18
4653 22
24 24
604 25
26 26
27 27
762 28
1592 33
34 34
35 35
36 36
99 37
5941 38
5320 40
44 44
4290 46
51 51
54 54
392 55
1527 59
62 62
63 63
64 64
65 65
1669 71
73 73
76 76
241 78
1183 79
82 82
1548 83
1491 84
3 87
1274 89
94 94
1660 96
100 100
3318 101
2023 103
104 104
3158 105
411 106
747 110
1442 111
112 112
113 113
753 116
117 117
6707 118
119 119
122 122
3054 126
128 128
130 130
133 133
556 135
138 138
140 140
1828 144
2462 145
2005 146
147 147
151 151
153 153
155 155
6842 156
157 157
158 158
160 160
163 163
825 165
1374 166
204 168
169 169
2649 173
4091 174
177 177
564 178
5186 179
180 180
182 182
1127 183
189 189
2789 191
2755 192
376 196
630 199
200 200
231 201
203 203
168 204
825 205
861 208
983 209
210 210
2161 213
214 214
217 217
218 218
2510 219
220 220
784 224
225 225
226 226
227 227
231 231
239 239
891 240
241 241
242 242
244 244
245 245
2055 246
1907 249
2946 251
544 256
1112 257
258 258
260 260
261 261
6122 263
4392 264
1727 265
3397 267
270 270
2506 271
273 273
972 275
2933 277
279 279
282 282
285 285
3052 286
465 287
289 289
2379 290
292 292
2591 293
294 294
295 295
340 296
2359 297
2515 298
299 299
302 302
521 303
2625 307
309 309
312 312
313 313
315 315
1376 316
527 317
1462 320
5079 321
322 322
323 323
325 325
327 327
328 328
330 330
333 333
2350 334
1986 335
338 338
340 340
2711 341
343 343
344 344
346 346
347 347
4540 348
4226 349
351 351
356 356
365 357
2468 358
359 359
360 360
2670 366
367 367
368 368
369 369
4395 373
374 374
376 376
380 380
382 382
384 384
387 387
2933 389
392 392
393 393
1501 395
396 396
2197 398
399 399
401 401
430 403
3020 407
408 408
2245 415
536 416
464 419
2247 420
421 421
452 424
6887 425
5809 427
428 428
429 429
430 430
432 432
436 436
439 439
3127 440
441 441
442 442
409 448
1850 451
456 456
911 457
1165 458
1850 459
131 460
718 463
464 464
466 466
2945 467
468 468
1173 469
1561 470
472 472
1952 474
6736 475
1849 479
203 482
485 485
487 487
489 489
492 492
494 494
3114 496
746 501
887 502
1624 504
505 505
507 507
1241 511
514 514
2817 515
5516 519
1329 520
604 523
524 524
4327 527
529 529
5431 531
1008 532
533 533
537 537
538 538
2245 539
540 540
544 544
545 545
546 546
4560 547
553 553
2602 555
1139 556
2147 557
558 558
560 560
1127 561
1274 565
566 566
1377 567
1094 569
570 570
576 576
2929 578
4298 579
831 583
585 585
586 586
2047 588
591 591
594 594
2021 595
532 596
821 597
598 598
2985 599
5269 601
602 602
2162 604
607 607
610 610
2842 611
615 615
619 619
620 620
3347 622
1332 626
3758 627
1643 629
2649 630
632 632
633 633
636 636
640 640
821 641
2474 642
825 644
4232 646
2985 649
652 652
2762 656
118 658
2670 661
669 669
671 671
674 674
676 676
677 677
604 684
948 688
691 691
5466 692
693 693
5256 695
696 696
697 697
700 700
1280 701
3272 702
4544 703
704 704
705 705
2475 706
589 708
556 709
966 711
6755 712
0 714
715 715
4238 719
721 721
95 722
723 723
726 726
729 729
5683 730
732 732
2408 733
6631 734
231 736
738 738
298 743
663 745
212 747
649 748
241 749
2260 752
754 754
758 758
759 759
11 760
6710 762
764 764
767 767
771 771
1892 772
773 773
776 776
2478 777
778 778
125 779
3113 782
783 783
725 785
552 787
788 788
3841 790
746 797
1120 798
1183 799
2257 800
802 802
803 803
808 808
974 811
382 821
823 823
1850 824
6845 826
527 827
831 831
1329 832
1097 834
4727 835
838 838
839 839
840 840
2237 842
843 843
846 846
150 847
556 850
2757 854
2746 855
1471 861
1062 862
1526 863
864 864
4670 865
869 869
825 871
873 873
875 875
880 880
881 881
882 882
308 883
884 884
319 890
891 891
892 892
897 897
901 901
981 902
903 903
904 904
4866 907
1970 908
912 912
2636 914
1869 915
1490 916
3155 917
919 919
2077 920
1644 921
923 923
924 924
890 925
926 926
927 927
3186 930
5539 932
933 933
527 935
936 936
2522 938
942 942
946 946
2132 947
430 954
955 955
439 956
958 958
5752 963
965 965
679 966
1250 967
970 970
873 971
972 972
973 973
2390 974
975 975
2453 976
978 978
981 981
2936 985
987 987
988 988
2316 989
853 990
1364 991
401 993
995 995
996 996
997 997
999 999
4088 1002
1003 1003
1004 1004
1005 1005
1006 1006
821 1007
746 1009
1010 1010
2566 1011
1013 1013
1014 1014
2077 1016
1017 1017
1018 1018
1023 1023
1631 1024
194 1026
2691 1029
1243 1030
1033 1033
2314 1034
1035 1035
1037 1037
2619 1041
1043 1043
1044 1044
1048 1048
1432 1049
1052 1052
1055 1055
1127 1056
1180 1058
4233 1059
4088 1060
1061 1061
916 1062
5982 1068
1461 1069
1071 1071
1074 1074
2698 1075
4906 1083
4344 1084
232 1087
1090 1090
1091 1091
1093 1093
1096 1096
3205 1097
1098 1098
1101 1101
1106 1106
1108 1108
356 1111
1112 1112
1114 1114
1118 1118
1165 1119
1122 1122
1123 1123
1125 1125
1789 1128
1129 1129
1132 1132
2685 1133
1135 1135
1136 1136
1137 1137
1115 1139
1140 1140
1141 1141
1145 1145
1243 1146
1147 1147
2611 1149
1151 1151
882 1152
1153 1153
2468 1154
2039 1155
1159 1159
2279 1161
2431 1163
1164 1164
1168 1168
1169 1169
70 1170
556 1171
3016 1173
1175 1175
1023 1182
180 1184
1187 1187
1188 1188
1190 1190
2390 1192
3348 1195
1836 1196
3650 1197
1199 1199
1200 1200
2851 1201
140 1202
1203 1203
2549 1206
1814 1207
4634 1208
1660 1210
1263 1212
1214 1214
1220 1220
1287 1221
1223 1223
1224 1224
261 1225
1227 1227
1889 1228
1062 1235
1236 1236
1238 1238
1345 1239
1240 1240
1241 1241
1245 1245
3765 1248
6358 1250
4670 1252
6029 1253
1254 1254
1255 1255
2602 1257
1258 1258
2091 1259
109 1261
1721 1262
3127 1264
1265 1265
2834 1272
1917 1274
1275 1275
738 1276
1277 1277
1279 1279
2758 1281
1946 1284
417 1291
1292 1292
3123 1294
2792 1303
1584 1304
1306 1306
2670 1309
1127 1310
1311 1311
2257 1312
6624 1313
6254 1314
525 1318
2617 1321
1323 1323
1326 1326
1327 1327
2468 1332
1334 1334
1337 1337
1329 1338
803 1339
1342 1342
1831 1343
297 1344
1928 1345
1967 1352
1353 1353
1355 1355
1356 1356
1358 1358
525 1360
6766 1363
769 1364
1332 1365
1369 1369
186 1372
2933 1374
174 1375
2855 1377
356 1378
1386 1386
1387 1387
149 1389
1390 1390
1393 1393
311 1396
4648 1397
1402 1402
5320 1403
1407 1407
2052 1409
2655 1411
2432 1412
6170 1417
1418 1418
1419 1419
1421 1421
1293 1424
1084 1430
1433 1433
586 1435
1438 1438
1440 1440
1210 1443
807 1445
1449 1449
1587 1452
1454 1454
5930 1455
4828 1456
2474 1457
1458 1458
1461 1461
1464 1464
6382 1466
428 1469
749 1470
1280 1477
1478 1478
1481 1481
1482 1482
1488 1488
6111 1489
1492 1492
6613 1493
2995 1494
1497 1497
764 1499
4641 1500
1503 1503
1505 1505
1506 1506
3927 1508
1407 1511
1660 1512
1515 1515
1123 1518
1564 1523
1524 1524
1525 1525
1526 1526
1305 1527
1529 1529
4102 1531
1534 1534
1535 1535
1537 1537
1538 1538
1541 1541
1545 1545
1546 1546
1554 1554
1556 1556
1425 1557
1561 1561
3068 1562
1568 1568
1570 1570
1571 1571
1572 1572
2645 1574
1576 1576
1578 1578
1579 1579
3133 1580
6558 1581
295 1582
2577 1583
798 1584
1585 1585
1586 1586
1452 1587
1243 1588
1422 1590
442 1591
1593 1593
1598 1598
1600 1600
2344 1602
1603 1603
297 1606
2494 1607
1608 1608
1609 1609
1611 1611
1462 1613
1614 1614
1615 1615
1617 1617
1619 1619
2792 1620
1622 1622
1625 1625
458 1626
1628 1628
1633 1633
1634 1634
5288 1636
1638 1638
328 1639
2837 1640
1646 1646
1647 1647
2412 1648
1649 1649
1652 1652
674 1653
1655 1655
1657 1657
411 1658
1660 1660
1662 1662
1663 1663
5279 1665
4201 1666
1669 1669
2716 1671
742 1673
1674 1674
1677 1677
1678 1678
6072 1680
1681 1681
1683 1683
1684 1684
1687 1687
1689 1689
872 1690
3 1692
3048 1698
1699 1699
1700 1700
1703 1703
2379 1705
973 1706
567 1707
3870 1708
1709 1709
4096 1711
1712 1712
1714 1714
2314 1716
2709 1717
762 1718
1720 1720
1514 1721
1724 1724
1725 1725
2936 1726
3107 1729
1730 1730
1228 1732
2348 1733
1737 1737
1738 1738
1739 1739
1741 1741
431 1743
1745 1745
1746 1746
1748 1748
1749 1749
1882 1750
779 1751
464 1752
1755 1755
556 1756
6472 1757
1758 1758
1759 1759
1761 1761
3018 1762
1766 1766
1769 1769
1774 1774
1778 1778
1780 1780
1782 1782
1784 1784
1787 1787
1788 1788
5007 1789
1791 1791
4477 1793
2290 1794
1795 1795
1796 1796
234 1797
1798 1798
1799 1799
1929 1801
5822 1803
41 1804
1061 1809
882 1812
551 1813
1615 1814
6113 1817
2576 1823
1824 1824
1826 1826
4648 1828
1830 1830
1831 1831
1832 1832
2832 1834
1838 1838
1839 1839
3183 1841
1843 1843
439 1848
1850 1850
570 1852
2461 1853
1854 1854
1855 1855
1856 1856
1857 1857
2922 1858
1860 1860
1861 1861
1862 1862
1863 1863
1864 1864
1867 1867
1871 1871
1882 1872
1210 1873
1874 1874
1875 1875
1876 1876
1878 1878
1881 1881
5288 1882
3066 1884
1885 1885
1886 1886
5743 1888
1314 1890
1891 1891
1183 1894
1896 1896
1897 1897
1904 1904
3676 1906
2193 1909
3583 1910
1912 1912
1913 1913
1914 1914
1916 1916
892 1917
1918 1918
1919 1919
1924 1924
1925 1925
1928 1928
4532 1931
1933 1933
3201 1934
5677 1935
2724 1937
1938 1938
1939 1939
3913 1940
1943 1943
1757 1947
1949 1949
1951 1951
1727 1954
1050 1956
2206 1962
3123 1964
2296 1966
6738 1967
819 1974
1976 1976
2471 1978
1983 1983
1993 1993
4593 1999
5422 2000
2004 2004
2005 2005
6665 2006
2007 2007
2837 2009
2011 2011
1046 2016
2017 2017
2018 2018
2019 2019
1269 2021
2022 2022
2025 2025
2027 2027
2468 2028
2030 2030
2035 2035
2036 2036
557 2039
1848 2042
299 2043
2044 2044
2046 2046
5121 2051
2052 2052
2056 2056
2061 2061
2062 2062
1259 2063
2067 2067
2068 2068
3858 2076
557 2079
2080 2080
2245 2081
2187 2083
2086 2086
2087 2087
2120 2088
2089 2089
2092 2092
2093 2093
1615 2094
2095 2095
4217 2096
2349 2097
2099 2099
2101 2101
2104 2104
3143 2106
2113 2113
2114 2114
2116 2116
4079 2117
2613 2118
1526 2120
1376 2121
2124 2124
2127 2127
2211 2128
2129 2129
2130 2130
356 2131
1931 2133
4992 2136
2408 2139
5089 2140
2144 2144
2145 2145
2146 2146
1967 2149
2150 2150
2152 2152
1024 2155
1930 2156
1618 2160
5789 2161
2163 2163
2164 2164
2167 2167
402 2169
1826 2171
2174 2174
2175 2175
3212 2176
2177 2177
2035 2178
2180 2180
2181 2181
2182 2182
2402 2184
480 2188
1155 2190
2193 2193
504 2194
2933 2195
2197 2197
1644 2199
2437 2200
4532 2203
2204 2204
1197 2205
3 2209
2210 2210
2211 2211
2213 2213
2214 2214
2215 2215
2216 2216
1094 2217
2220 2220
2221 2221
2225 2225
2068 2227
2930 2229
1608 2231
2232 2232
140 2233
1410 2234
5879 2235
1474 2238
2239 2239
2240 2240
2241 2241
1970 2242
2243 2243
2246 2246
3182 2247
1212 2249
2250 2250
2254 2254
2256 2256
2261 2261
2263 2263
2266 2266
441 2267
916 2268
2272 2272
2214 2274
2759 2276
2837 2277
2278 2278
2280 2280
3109 2282
2232 2283
4212 2284
626 2285
2287 2287
3174 2288
2289 2289
1869 2290
2292 2292
2294 2294
2295 2295
2296 2296
2895 2297
2299 2299
2946 2301
2302 2302
2305 2305
2306 2306
2308 2308
96 2310
2312 2312
3977 2314
4530 2316
2317 2317
2318 2318
2321 2321
2324 2324
2325 2325
2326 2326
2433 2327
2090 2332
169 2338
2340 2340
2342 2342
1271 2344
2943 2346
2585 2347
6717 2348
2689 2349
2350 2350
5314 2356
1928 2357
2362 2362
1850 2365
3127 2366
2367 2367
2375 2375
2377 2377
2378 2378
2381 2381
2383 2383
3865 2384
2385 2385
2389 2389
401 2391
2393 2393
6585 2396
2397 2397
2468 2398
2400 2400
2401 2401
599 2402
971 2405
4670 2406
1865 2407
2268 2408
447 2411
2412 2412
2413 2413
2933 2414
1666 2415
1493 2422
2425 2425
2432 2432
2434 2434
2435 2435
563 2436
2437 2437
1165 2439
2441 2441
2444 2444
1422 2445
2448 2448
3340 2450
6144 2453
232 2454
2928 2455
957 2456
2457 2457
2461 2461
6887 2464
2466 2466
2468 2468
1258 2471
2472 2472
5083 2474
2475 2475
2480 2480
474 2481
825 2482
2483 2483
2485 2485
1025 2490
2493 2493
2499 2499
2500 2500
1594 2501
848 2502
6371 2504
3687 2506
2508 2508
2509 2509
2511 2511
1882 2512
556 2513
2514 2514
6714 2515
2517 2517
2519 2519
725 2520
2523 2523
641 2529
1604 2532
2533 2533
2537 2537
2541 2541
6707 2544
401 2545
2550 2550
6855 2557
2558 2558
2559 2559
3732 2562
2933 2563
1356 2564
586 2568
2572 2572
1173 2575
2576 2576
2299 2577
1598 2585
2588 2588
2591 2591
2594 2594
2596 2596
2598 2598
1164 2600
242 2602
2610 2610
428 2612
2613 2613
2614 2614
1087 2621
2888 2622
2623 2623
2624 2624
218 2625
1212 2628
2629 2629
2630 2630
2631 2631
2634 2634
2445 2636
2639 2639
2643 2643
2644 2644
2352 2645
2646 2646
5941 2647
2648 2648
5757 2649
3170 2650
1630 2653
2654 2654
556 2657
2662 2662
1028 2666
1375 2667
1149 2670
2671 2671
2822 2674
599 2677
513 2679
1154 2680
2684 2684
44 2686
2692 2692
825 2694
1332 2695
2764 2698
483 2699
1379 2700
2705 2705
2707 2707
2709 2709
2711 2711
3833 2712
784 2714
2715 2715
2719 2719
2721 2721
2722 2722
2724 2724
2909 2726
2728 2728
2731 2731
4409 2732
2733 2733
234 2738
1946 2739
2740 2740
4346 2743
2746 2746
2748 2748
2751 2751
2753 2753
1850 2755
604 2758
752 2759
5 2761
2268 2762
4634 2763
2764 2764
4555 2768
619 2769
2940 2772
4207 2773
2775 2775
3396 2776
742 2778
1949 2779
2780 2780
3138 2781
2783 2783
2786 2786
3047 2788
2792 2792
2793 2793
2794 2794
2795 2795
2797 2797
912 2798
2801 2801
1225 2805
2807 2807
2808 2808
2811 2811
3174 2812
6039 2813
2814 2814
2815 2815
515 2817
2818 2818
2819 2819
2822 2822
1226 2824
2825 2825
2826 2826
2829 2829
2831 2831
1175 2834
3137 2835
798 2838
2839 2839
4437 2840
701 2841
2844 2844
2845 2845
1165 2847
2848 2848
2853 2853
2858 2858
2713 2859
2863 2863
2865 2865
917 2867
2868 2868
2591 2872
232 2874
199 2875
1150 2876
2877 2877
2880 2880
2881 2881
5288 2882
2887 2887
1251 2890
2895 2895
2408 2896
2897 2897
2898 2898
523 2902
2904 2904
2905 2905
1850 2907
2912 2912
2913 2913
2004 2915
1854 2918
2919 2919
2920 2920
2923 2923
3049 2925
2926 2926
2927 2927
2929 2929
1007 2930
2301 2931
2932 2932
2468 2935
2946 2937
2942 2942
1973 2944
2680 2947
1680 2949
5575 2953
2280 2954
2955 2955
2928 2957
2958 2958
2961 2961
2962 2962
2963 2963
2967 2967
2969 2969
2971 2971
1038 2972
3865 2973
926 2981
2984 2984
594 2985
2245 2986
2989 2989
1243 2991
2390 2993
2994 2994
2245 2998
3000 3000
3001 3001
3003 3003
3004 3004
3006 3006
3007 3007
3865 3008
3012 3012
649 3013
330 3014
59 3017
4010 3019
3020 3020
3023 3023
3026 3026
3029 3029
1673 3031
2032 3032
3035 3035
3036 3036
3039 3039
3044 3044
3045 3045
555 3048
3050 3050
491 3051
1613 3052
3053 3053
3054 3054
3056 3056
4364 3057
5684 3060
2678 3061
3062 3062
3063 3063
366 3064
3165 3065
3067 3067
77 3068
3069 3069
4395 3071
3076 3076
3077 3077
3078 3078
3079 3079
2594 3081
1117 3082
5088 3083
4861 3084
2098 3085
2631 3087
3090 3090
1410 3092
662 3093
3094 3094
3096 3096
3099 3099
2099 3102
990 3103
3104 3104
2510 3105
3106 3106
3107 3107
3109 3109
3112 3112
356 3113
3115 3115
3116 3116
3120 3120
934 3122
1736 3123
3125 3125
1955 3127
3129 3129
3131 3131
3132 3132
3134 3134
3137 3137
1651 3138
3142 3142
3144 3144
2126 3146
5185 3148
3150 3150
3152 3152
2946 3154
3155 3155
1614 3160
1013 3161
3163 3163
936 3166
1911 3167
3168 3168
3169 3169
3171 3171
3172 3172
1332 3173
1934 3175
3177 3177
556 3179
3180 3180
3182 3182
3183 3183
1422 3186
3189 3189
3190 3190
2468 3191
6457 3192
6193 3194
3195 3195
3196 3196
1501 3199
3201 3201
428 3202
99 3203
3204 3204
3206 3206
3207 3207
746 3212
2140 3213
3216 3216
3272 3218
3219 3219
3506 3221
3223 3223
3225 3225
3395 3227
3228 3228
3234 3234
3235 3235
2484 3238
3240 3240
3241 3241
3242 3242
3324 3243
3597 3244
3375 3245
3246 3246
3470 3248
3249 3249
3251 3251
3252 3252
3297 3253
3254 3254
3255 3255
3239 3257
3261 3261
3375 3262
3660 3263
3455 3264
6704 3266
3267 3267
3436 3270
3232 3271
3558 3272
3275 3275
3277 3277
3278 3278
3603 3279
3283 3283
3556 3285
3287 3287
3289 3289
3290 3290
3420 3291
3292 3292
3441 3293
3508 3294
3512 3298
3287 3299
3483 3304
3597 3305
3470 3306
3553 3308
3528 3310
3587 3311
3230 3312
3299 3313
3316 3316
3317 3317
3320 3320
3631 3321
3323 3323
3325 3325
3668 3328
3507 3330
3639 3331
3362 3332
3333 3333
3334 3334
3335 3335
3338 3338
3340 3339
3340 3340
3536 3341
3642 3343
3344 3344
3561 3346
3348 3348
3599 3350
6684 3351
3441 3353
3290 3354
3355 3355
3434 3356
3301 3357
3358 3358
3359 3359
3362 3362
3363 3363
3365 3365
3347 3366
3367 3367
3368 3368
3291 3369
3668 3370
3372 3372
3376 3376
3506 3378
3381 3381
3383 3383
3545 3384
3386 3386
3399 3387
3388 3388
3371 3390
3569 3395
3397 3397
3674 3398
622 3399
3258 3401
3647 3402
3337 3403
3405 3405
3551 3406
3407 3407
3529 3409
3268 3410
3631 3411
3320 3412
3414 3414
3417 3417
3663 3419
3423 3423
3462 3424
3425 3425
3470 3426
3663 3427
3297 3428
3314 3436
3439 3439
3442 3442
3647 3444
3445 3445
3525 3446
3447 3447
3654 3448
3452 3452
3453 3453
3456 3456
3457 3457
6668 3458
3460 3460
3461 3461
3612 3462
3464 3464
3377 3466
3262 3467
3268 3469
3361 3471
3472 3472
3550 3473
3318 3481
3522 3482
3322 3484
3485 3485
3487 3487
3647 3488
3490 3490
3258 3491
3493 3493
3268 3494
3495 3495
3497 3497
3500 3500
1892 3501
3647 3505
3506 3506
3507 3507
3508 3508
3511 3511
3276 3513
3529 3514
3388 3516
3518 3518
3615 3519
3466 3524
3511 3525
3310 3526
3310 3528
3308 3529
3530 3530
3517 3531
3533 3533
3465 3534
3220 3535
3338 3537
6688 3539
3540 3540
3547 3541
3542 3542
3543 3543
3446 3544
3669 3545
3546 3546
3547 3547
3548 3548
3389 3549
3551 3551
3552 3552
3553 3553
3554 3554
3262 3557
3564 3559
3561 3561
3565 3565
3566 3566
3567 3567
3568 3568
3424 3569
3323 3571
3605 3572
3422 3575
3576 3576
3577 3577
3424 3578
3579 3579
3352 3580
3581 3581
3583 3583
3584 3584
3552 3585
3586 3586
3511 3587
3588 3588
3486 3589
3590 3590
3591 3591
3452 3592
3330 3593
3595 3595
3596 3596
3237 3597
6684 3598
3347 3600
3601 3601
3602 3602
3375 3603
3399 3604
3287 3605
3399 3608
3609 3609
3600 3611
3615 3615
3616 3616
3355 3618
3376 3619
3621 3621
3396 3623
3470 3626
3625 3627
3628 3628
3629 3629
3631 3631
3470 3632
3274 3633
3634 3634
3635 3635
3637 3637
3461 3638
3267 3640
3643 3643
3503 3645
3649 3649
3650 3650
3350 3651
3380 3653
3655 3655
3623 3656
3397 3657
3661 3661
3662 3662
3419 3663
3667 3667
3393 3668
3670 3670
3220 3671
3672 3672
3673 3673
3674 3674
6028 3677
6769 3679
3682 3682
3683 3683
6836 3686
3687 3687
6410 3696
725 3697
3699 3699
4473 3701
3702 3702
3703 3703
3704 3704
3705 3705
3706 3706
3707 3707
5301 3710
5133 3713
5093 3716
3810 3717
3718 3718
5346 3721
3723 3723
4201 3726
4391 3727
3728 3728
3730 3730
3731 3731
1125 3734
4676 3736
4278 3737
3738 3738
4076 3739
5673 3740
3743 3743
3935 3744
6741 3746
5573 3750
3753 3753
2198 3755
4803 3758
4924 3760
4385 3762
1083 3763
3764 3764
4828 3765
3766 3766
3767 3767
5984 3768
5607 3769
3771 3771
3692 3772
4863 3774
3974 3775
3777 3777
5214 3778
6198 3780
5899 3781
3782 3782
5058 3785
6341 3786
428 3787
4676 3794
6578 3795
5816 3797
3736 3804
3693 3807
6136 3808
3811 3811
3812 3812
5304 3813
5613 3816
6793 3818
5145 3819
3974 3820
3821 3821
3824 3824
3825 3825
3826 3826
3828 3828
3829 3829
3833 3833
4592 3836
5984 3837
4994 3839
3840 3840
3904 3841
3843 3843
3796 3844
4863 3845
5255 3846
3847 3847
3848 3848
3850 3850
3851 3851
6555 3853
6613 3858
3861 3861
4634 3867
5709 3868
5783 3869
5216 3872
4246 3873
3874 3874
6456 3875
3932 3881
3883 3883
3884 3884
4866 3885
3886 3886
6809 3890
1821 3891
3892 3892
4313 3893
6581 3894
3895 3895
5489 3897
3899 3899
5186 3900
3953 3902
4232 3904
3906 3906
4309 3907
3908 3908
5528 3909
3911 3911
4560 3912
4776 3914
5879 3918
6332 3920
3922 3922
6361 3924
4131 3925
4631 3926
5852 3927
4600 3928
5186 3930
2994 3932
4922 3933
5309 3934
5473 3935
3936 3936
4760 3937
3942 3942
3734 3943
3811 3947
6351 3948
6645 3950
3954 3954
3955 3955
5427 3956
4775 3958
5879 3959
5288 3961
3962 3962
3963 3963
5004 3965
2330 3967
5544 3969
5191 3972
4717 3973
6493 3974
3978 3978
3979 3979
3980 3980
4855 3981
4001 3982
4201 3983
4744 3984
5062 3986
3990 3990
3991 3991
4626 3992
3744 3994
4574 3995
4544 3997
6616 3999
4201 4002
5051 4003
4650 4006
4007 4007
3904 4009
4010 4010
6224 4012
4013 4013
4015 4015
3897 4016
5059 4018
5377 4019
6236 4021
6147 4026
4029 4029
4032 4032
5882 4033
4034 4034
4035 4035
4036 4036
6030 4037
6675 4038
4039 4039
4889 4042
6458 4043
4044 4044
5777 4045
5833 4046
3863 4047
4048 4048
5353 4049
6355 4051
4164 4052
5036 4054
4916 4055
3804 4056
6634 4058
4719 4061
6098 4065
5597 4066
6860 4067
6493 4068
5128 4069
4073 4073
4076 4076
5173 4077
4895 4078
4965 4079
4084 4084
6087 4085
5203 4087
6284 4088
5230 4090
4091 4091
5834 4095
5314 4096
665 4100
3873 4104
5157 4107
5121 4109
6247 4110
5501 4111
4713 4114
4115 4115
1083 4116
4076 4119
4123 4123
4124 4124
6256 4125
4127 4127
5283 4130
4461 4131
5025 4136
6094 4138
5979 4140
5320 4141
4142 4142
4143 4143
6103 4146
4148 4148
4149 4149
4150 4150
4435 4152
6007 4154
4155 4155
5330 4156
4157 4157
4158 4158
4214 4159
4161 4161
4163 4163
5862 4167
4168 4168
6843 4169
5816 4170
6573 4172
4454 4173
4174 4174
3791 4175
4031 4181
4798 4182
4752 4183
4186 4186
4852 4189
3736 4190
4192 4192
4225 4193
3961 4196
4198 4198
4184 4199
4859 4201
3963 4202
5435 4204
3943 4205
4206 4206
6413 4207
4230 4210
6648 4212
4049 4213
6446 4214
4984 4215
6332 4216
6494 4220
5118 4222
5665 4224
6236 4225
6157 4226
4227 4227
4433 4229
4230 4230
5309 4231
3717 4232
3900 4234
4774 4235
6526 4237
4238 4238
4240 4240
4241 4241
4110 4242
4244 4244
4895 4245
5059 4246
4248 4248
3813 4249
5757 4250
6007 4253
4418 4255
6589 4259
6332 4260
4262 4262
5879 4265
4268 4268
6351 4269
6527 4272
6364 4276
4277 4277
5228 4279
4454 4280
6549 4281
4282 4282
4284 4284
4285 4285
4077 4289
6442 4291
4293 4293
4294 4294
4165 4295
6359 4296
5724 4297
4298 4298
4299 4299
4300 4300
3981 4302
4306 4306
4813 4307
3773 4309
5178 4310
4221 4314
4752 4315
5157 4316
4317 4317
4327 4319
4321 4321
4744 4323
4382 4324
5783 4325
5567 4326
4242 4328
4816 4329
5346 4330
4185 4331
6528 4332
4333 4333
5072 4334
4335 4335
5789 4336
3706 4337
4338 4338
5159 4339
4340 4340
725 4342
3736 4345
3974 4346
4772 4347
5443 4349
3815 4350
5080 4351
4352 4352
5640 4354
4356 4356
5977 4358
5961 4359
4785 4361
3680 4364
4133 4366
6465 4367
4232 4369
4217 4370
5019 4371
4372 4372
3813 4375
5866 4379
6425 4382
4383 4383
4386 4386
4387 4387
4389 4389
4392 4392
6813 4395
4984 4396
5387 4398
4387 4400
5976 4402
4289 4404
4405 4405
5827 4407
3699 4409
4648 4411
5807 4412
4020 4415
4417 4417
5330 4423
4424 4424
4425 4425
5290 4427
6789 4428
5245 4433
4436 4436
4772 4439
5794 4440
5743 4441
4442 4442
4443 4443
4652 4448
4131 4449
5898 4451
4452 4452
5952 4454
4459 4459
4533 4461
4463 4463
6075 4465
6652 4468
4065 4469
4470 4470
4905 4474
4906 4476
4478 4478
4088 4479
4481 4481
5089 4485
6793 4486
4515 4487
4488 4488
4489 4489
4492 4492
4493 4493
4494 4494
6210 4497
5461 4498
4201 4499
6425 4500
4502 4502
4503 4503
4366 4505
5979 4506
5177 4507
5288 4508
5503 4510
3854 4515
4164 4516
4903 4517
4088 4518
6390 4519
4560 4532
5842 4533
5192 4537
4538 4538
6122 4539
4543 4543
6170 4545
4018 4546
6147 4547
4550 4550
4553 4553
3974 4554
5171 4559
6114 4561
4562 4562
4369 4563
4015 4565
5756 4570
4571 4571
6243 4572
4573 4573
4575 4575
4417 4576
4592 4577
4580 4580
5757 4581
4789 4582
4583 4583
6713 4586
6035 4590
4684 4592
4593 4593
5461 4595
5461 4596
4597 4597
5096 4601
4936 4602
3974 4603
6221 4605
4607 4607
6176 4608
5512 4609
5784 4613
5673 4617
4553 4618
4621 4621
5463 4623
6659 4624
4628 4628
4631 4631
5159 4633
4637 4637
5230 4643
4409 4648
4649 4649
3991 4650
2005 4653
4641 4654
5286 4656
5497 4658
4371 4668
6122 4674
4675 4675
6334 4677
4923 4678
4207 4681
4762 4682
5968 4683
4538 4684
4685 4685
5236 4686
2941 4687
6338 4689
5279 4690
4693 4693
6106 4696
5689 4703
4118 4705
5177 4706
4707 4707
4709 4709
4102 4711
3771 4714
1082 4716
4145 4718
4992 4719
4727 4727
5568 4728
4730 4730
6493 4732
5169 4733
4102 4734
6185 4736
4737 4737
2729 4739
6122 4743
4744 4744
6337 4745
4746 4746
4747 4747
4626 4748
6254 4750
4752 4752
4754 4754
5882 4755
4756 4756
4757 4757
5177 4759
4760 4760
5722 4761
4762 4762
4763 4763
6383 4764
4619 4769
6489 4770
4785 4771
5637 4775
5446 4776
3961 4780
4744 4781
6809 4782
4785 4785
3929 4786
4789 4789
4383 4790
5519 4791
4793 4793
4794 4794
5152 4796
3932 4797
5353 4798
4799 4799
6458 4800
5288 4803
4804 4804
4806 4806
4808 4808
4810 4810
4982 4814
5375 4815
4396 4816
6848 4817
3902 4820
4454 4823
4824 4824
4830 4830
5557 4833
5473 4835
4837 4837
3841 4838
4839 4839
4878 4845
4846 4846
4849 4849
4854 4854
6724 4856
4711 4858
4859 4859
4971 4861
2902 4864
6410 4865
6518 4866
4868 4868
6530 4871
6180 4872
4873 4873
4991 4874
6169 4878
4355 4879
4442 4881
4883 4883
3974 4886
6659 4887
6332 4890
6648 4891
4892 4892
4893 4893
4635 4894
4676 4896
5461 4898
2198 4899
378 4901
6322 4903
4355 4905
4907 4907
2005 4909
6231 4910
4911 4911
4912 4912
5436 4914
4916 4916
4918 4918
6645 4921
4552 4927
5322 4928
4930 4930
4932 4932
5441 4933
4934 4934
4935 4935
5483 4936
5777 4937
4940 4940
4941 4941
4744 4942
4713 4943
6660 4944
5513 4947
4950 4950
4951 4951
5309 4952
4953 4953
4855 4954
4956 4956
2300 4957
4770 4958
4962 4962
4310 4964
5007 4967
4968 4968
1083 4970
4150 4973
4975 4975
6753 4977
4978 4978
4855 4981
4982 4982
4985 4985
4987 4987
6122 4988
6338 4989
6585 4990
4124 4991
4992 4992
5403 4995
4605 4996
5346 5002
4468 5004
5005 5005
5404 5006
5007 5007
5008 5008
6626 5012
5016 5016
5894 5017
5486 5021
5879 5022
4917 5024
6063 5027
6327 5028
4369 5033
6619 5034
6169 5036
5283 5039
5041 5041
5045 5045
4001 5046
5047 5047
3813 5050
5051 5051
5053 5053
5137 5054
5469 5055
5056 5056
5058 5058
4670 5060
6505 5063
5868 5064
6198 5065
4247 5066
5840 5069
4356 5071
4092 5072
6040 5074
5076 5076
5078 5078
5079 5079
5080 5080
5441 5082
5083 5083
6188 5086
5079 5089
6499 5093
5095 5095
5101 5101
6329 5102
6287 5104
4061 5107
5110 5110
6007 5111
5113 5113
5116 5116
5117 5117
5118 5118
5452 5119
5482 5121
5124 5124
5125 5125
5128 5128
5130 5130
5055 5131
5166 5132
6413 5133
6660 5134
5138 5138
2005 5141
5143 5143
4765 5144
5166 5146
5461 5147
4010 5150
4093 5153
5869 5154
5156 5156
6724 5157
5288 5159
5163 5163
5166 5166
4485 5168
5052 5169
4605 5171
4279 5177
3735 5178
5179 5179
4700 5181
4357 5184
5304 5186
5188 5188
5018 5189
6851 5190
5192 5192
4573 5193
4200 5194
5195 5195
5196 5196
6160 5197
5198 5198
5368 5200
5203 5203
5205 5205
4016 5206
1083 5207
5208 5208
6279 5210
5211 5211
5212 5212
4111 5214
5215 5215
4744 5217
4200 5218
5221 5221
6198 5222
3974 5224
5225 5225
4532 5227
4634 5231
5234 5234
5235 5235
3732 5237
5406 5239
4801 5241
4765 5248
6027 5249
5250 5250
5251 5251
6574 5252
725 5258
6525 5262
4923 5263
5266 5266
5155 5267
6217 5270
5448 5271
4442 5272
4819 5273
6597 5275
6659 5276
4113 5277
4745 5279
5065 5280
6356 5281
3844 5282
4855 5283
4649 5285
4236 5286
5287 5287
5146 5291
5292 5292
2437 5293
4411 5294
5295 5295
5297 5297
5760 5301
4772 5302
5601 5303
5304 5304
6415 5312
4860 5315
5321 5321
5323 5323
6444 5324
428 5325
5327 5327
6035 5328
5329 5329
4765 5330
2614 5332
5333 5333
4339 5334
6158 5335
4626 5336
5337 5337
5339 5339
4072 5340
6860 5341
5837 5343
5612 5347
4258 5349
3135 5350
6809 5351
4798 5352
3796 5354
6035 5355
6058 5364
5441 5367
5370 5370
5879 5371
5374 5374
4622 5375
4037 5377
5378 5378
5379 5379
5986 5381
4345 5382
6361 5384
5125 5385
4875 5388
6189 5390
5393 5393
4411 5396
5619 5397
375 5400
4499 5402
5186 5403
6028 5404
4201 5405
5406 5406
5410 5410
5411 5411
4465 5412
5225 5413
5230 5418
5793 5419
5868 5421
6413 5424
4585 5426
5427 5427
6106 5429
5228 5431
4269 5434
5438 5438
5443 5443
3974 5444
5631 5445
5446 5446
4714 5447
5448 5448
5452 5452
5453 5453
6284 5457
5458 5458
5088 5459
5007 5461
5463 5463
5464 5464
3680 5466
4361 5468
4065 5469
5903 5470
4303 5475
5476 5476
5121 5477
4079 5478
4426 5479
4408 5482
5483 5483
5484 5484
5365 5486
5284 5488
6103 5489
6378 5492
4756 5494
6451 5495
5499 5499
4634 5502
5032 5505
6499 5506
5996 5507
5508 5508
4544 5509
5427 5510
5511 5511
3680 5513
5514 5514
5790 5518
5865 5521
5522 5522
4831 5523
5953 5525
5526 5526
4577 5528
4990 5530
4859 5534
5535 5535
5536 5536
5538 5538
5540 5540
5330 5541
5542 5542
5543 5543
4538 5544
3865 5545
5549 5549
4506 5550
5797 5552
5554 5554
4457 5555
4901 5557
4670 5558
5560 5560
3815 5564
5567 5567
5569 5569
3768 5570
5788 5571
6509 5572
5575 5575
6094 5576
5780 5579
4476 5584
5576 5585
5811 5588
5589 5589
5590 5590
4622 5591
3813 5592
4231 5593
5596 5596
3933 5597
5600 5600
6076 5601
5603 5603
4357 5604
5642 5605
4395 5606
3831 5608
6094 5609
4964 5612
4291 5613
4774 5614
4408 5617
6158 5621
5573 5624
5988 5625
5630 5630
4481 5634
5635 5635
4917 5637
4532 5639
4354 5640
5641 5641
6472 5642
4118 5643
5644 5644
4018 5645
5646 5646
2005 5651
4223 5652
6602 5653
5654 5654
4772 5656
4120 5657
6586 5658
5659 5659
3977 5661
5663 5663
5665 5665
5666 5666
4634 5667
4085 5671
5526 5672
5674 5674
5678 5678
5088 5680
4327 5682
5208 5683
5691 5691
6833 5692
5016 5696
4320 5697
5698 5698
4334 5702
5398 5703
5705 5705
5706 5706
4029 5707
5708 5708
4402 5711
4987 5712
5714 5714
5724 5724
5000 5729
6410 5731
5732 5732
4772 5733
5734 5734
5403 5736
5866 5739
5740 5740
5741 5741
4169 5743
5745 5745
5746 5746
5748 5748
5750 5750
3798 5751
5821 5752
5753 5753
6835 5759
5760 5760
4200 5763
725 5766
6323 5768
5743 5769
4001 5771
6603 5773
6849 5774
4386 5775
5777 5777
5778 5778
5783 5783
5615 5784
4947 5786
5788 5788
5789 5789
4082 5790
5979 5796
5799 5799
5800 5800
5801 5801
5802 5802
3679 5804
5806 5806
5807 5807
6619 5808
5812 5812
5813 5813
5814 5814
5608 5815
6039 5818
4722 5820
5441 5823
5191 5825
4034 5826
6303 5828
5829 5829
6493 5830
4918 5831
4088 5832
5817 5833
5834 5834
4744 5836
6161 5837
5838 5838
5840 5840
4744 5841
5842 5842
4641 5843
4149 5844
5845 5845
5177 5846
6288 5849
5851 5851
3988 5852
5309 5854
5855 5855
4744 5860
5862 5862
3947 5867
4815 5868
5869 5869
5815 5871
5397 5873
5784 5874
6072 5878
4905 5879
5778 5880
5794 5881
5884 5884
5170 5885
4052 5887
5890 5890
4641 5891
6555 5894
6271 5896
5416 5899
5134 5900
6030 5901
5113 5902
5430 5903
5711 5905
5908 5908
5489 5909
665 5910
4866 5913
5915 5915
5760 5917
5403 5924
6361 5925
5927 5927
4023 5928
2253 5929
5932 5932
5933 5933
4249 5935
5936 5936
5879 5938
5272 5942
6849 5946
6410 5947
5431 5948
5950 5950
4571 5952
375 5954
6122 5955
4923 5956
5784 5958
5610 5959
5961 5961
5962 5962
5309 5963
5966 5966
4712 5969
6410 5970
4516 5972
3982 5973
4634 5974
5977 5977
5978 5978
6613 5979
5981 5981
3124 5982
6268 5984
6338 5985
5600 5987
5988 5988
5989 5989
5991 5991
4076 5993
5994 5994
5997 5997
4286 5999
5755 6005
5437 6006
4174 6008
5403 6010
5979 6011
3804 6019
4426 6020
6023 6023
6024 6024
6027 6027
6180 6031
6523 6032
4069 6033
4878 6035
5171 6036
5881 6039
2300 6041
6045 6045
4744 6046
4023 6047
6054 6054
6057 6057
6479 6058
6059 6059
6062 6062
5644 6063
6064 6064
6472 6065
5441 6066
725 6070
5744 6071
6072 6072
6073 6073
6077 6077
4469 6079
4489 6080
6082 6082
6600 6083
4337 6090
5309 6093
6101 6101
5164 6102
5262 6105
6358 6106
6108 6108
6110 6110
2751 6113
6117 6117
6849 6118
6119 6119
6121 6121
6041 6126
5928 6127
5510 6129
6573 6130
4248 6133
4217 6134
6139 6139
6219 6140
4257 6142
6143 6143
4527 6145
6404 6146
6147 6147
6279 6151
1391 6153
4240 6154
6087 6155
2005 6157
3942 6158
6161 6161
4102 6162
6163 6163
2437 6164
5528 6166
4744 6167
2253 6168
4878 6169
6170 6170
6172 6172
6175 6175
4651 6176
5489 6177
3858 6178
6181 6180
6187 6187
5036 6188
5783 6189
6190 6190
5665 6191
6235 6192
4711 6193
6195 6195
3974 6197
5039 6198
5121 6199
6390 6201
4785 6204
6106 6210
6212 6212
2729 6214
4881 6216
6555 6222
6225 6225
4615 6227
5481 6230
6231 6231
5228 6232
5076 6235
6256 6236
6238 6238
4061 6243
6310 6245
4242 6247
6248 6248
5642 6255
5645 6257
6261 6261
5862 6263
6264 6264
5781 6266
5816 6268
6269 6269
2308 6270
6457 6272
6275 6275
6276 6276
6457 6277
6278 6278
5235 6280
6577 6285
6286 6286
4889 6287
6288 6288
5515 6290
5190 6293
6294 6294
6288 6297
3849 6298
6122 6299
6302 6302
4744 6304
1125 6305
5530 6306
5882 6307
6413 6308
6309 6309
6312 6312
6315 6315
4383 6316
6317 6317
6319 6319
4923 6321
5596 6322
6323 6323
5973 6324
6527 6329
5076 6330
6332 6332
6337 6337
6338 6338
5119 6341
6180 6344
6346 6346
3804 6348
6349 6349
5099 6350
5488 6351
6065 6352
3869 6354
6008 6355
6356 6356
6505 6358
3779 6359
6281 6360
4810 6362
6363 6363
6546 6364
6365 6365
6180 6366
4593 6368
6370 6370
6373 6373
5256 6374
5441 6375
5121 6379
6039 6382
5328 6384
6389 6389
5781 6390
2535 6395
3839 6396
6012 6398
6004 6399
725 6400
4993 6401
6402 6402
4916 6405
6406 6406
6410 6410
6412 6412
4526 6413
4145 6414
6417 6417
5441 6418
4664 6420
6423 6423
5820 6424
4248 6425
5614 6427
5882 6428
6438 6429
5689 6430
3988 6433
6435 6435
5689 6436
6597 6437
6438 6438
6440 6440
3796 6442
6444 6444
6446 6446
4469 6450
5498 6456
4045 6457
5898 6458
4362 6459
710 6460
5161 6461
4819 6463
6467 6467
5571 6468
6577 6469
6201 6471
5461 6472
5575 6473
4352 6476
6222 6478
5083 6480
6170 6482
5793 6485
4169 6487
6209 6489
4867 6493
6122 6500
6027 6502
3811 6503
6505 6505
5121 6506
6509 6509
6511 6511
6337 6512
4050 6514
5236 6516
5314 6517
6103 6522
6592 6526
6527 6527
6529 6529
5953 6530
4268 6531
6533 6533
5777 6534
6537 6537
4878 6539
3811 6541
6122 6542
5497 6544
6332 6545
3815 6546
3680 6549
6578 6551
4279 6552
4937 6553
6554 6554
5124 6558
6559 6559
4326 6560
6561 6561
6563 6563
6566 6566
6567 6567
3974 6568
5687 6569
6571 6571
5132 6572
6573 6573
6574 6574
6578 6578
4746 6580
5301 6581
4504 6582
6584 6584
5567 6585
6587 6587
6588 6588
6048 6589
6591 6591
6592 6592
4698 6593
6412 6594
6595 6595
4990 6597
6600 6600
5304 6602
6603 6603
6606 6606
5161 6608
5882 6609
4108 6610
4905 6613
4242 6617
4577 6620
4731 6622
6623 6623
4060 6624
5890 6625
6626 6626
5222 6628
6630 6630
6631 6631
6558 6632
5936 6633
6637 6637
6638 6638
6119 6639
5481 6641
5979 6642
6643 6643
6644 6644
5696 6645
6648 6648
6600 6649
6650 6650
3964 6651
5894 6656
6657 6657
4671 6658
6663 6663
6666 6666
479 6673
6675 6675
6676 6676
1931 6677
6678 6678
3419 6680
1165 6681
2933 6682
6683 6683
3660 6688
6147 6691
6693 6693
3275 6696
3607 6700
2961 6703
3549 6704
1041 6705
6706 6706
59 6710
6712 6712
6713 6713
3114 6714
6715 6715
6412 6717
6719 6719
6624 6720
6721 6721
6007 6722
6724 6724
6725 6725
4789 6728
6731 6731
5190 6732
6733 6733
2460 6734
6739 6739
359 6742
3772 6745
6750 6750
6029 6752
6754 6754
2012 6756
6758 6758
2437 6761
2089 6762
4676 6764
6219 6765
6766 6766
6767 6767
1528 6770
3724 6772
5809 6773
5446 6774
6778 6778
4552 6779
6780 6780
6785 6785
6788 6788
405 6790
6791 6791
6602 6793
1586 6794
6195 6797
2245 6799
6800 6800
2180 6803
5807 6804
4242 6806
3972 6807
6809 6809
6558 6810
4785 6811
1041 6812
6493 6813
4088 6815
6817 6817
3923 6818
5286 6820
6823 6823
4161 6824
6122 6826
5566 6827
378 6828
6479 6830
6520 6831
6832 6832
4785 6836
6839 6839
6652 6840
6841 6841
6843 6843
6844 6844
3844 6845
6848 6848
6850 6850
4819 6852
3942 6853
6856 6856
1951 6857
882 6858
6859 6859
1325 6861
6865 6865
6866 6866
6868 6868
2097 6869
2933 6871
6872 6872
6874 6874
6415 6876
3853 6877
2821 6878
6880 6880
464 6884
6887 6887
6889 6889
