fileid src, tar [before rigid reg] correct shot pairs 	 total shot pairs 	 correct prune pairs 	 total prune pairs [after rigid reg] correct shot pairs 	 total shot pairs 	 correct prune pairs 	 total prune pairs 
0 0 1 760 3244 686 686 760 3244 686 686
1 0 2 1658 3604 1471 1471 1658 3604 1471 1471
2 0 3 834 2615 742 743 834 2615 742 743
3 0 4 1654 4035 1576 1576 1654 4035 1576 1576
4 0 5 1673 4011 1607 1607 1673 4011 1607 1607
5 0 6 1552 3579 1327 1327 1552 3579 1327 1327
6 0 7 858 2929 718 718 858 2929 718 718
7 0 8 52 2319 28 57 52 2319 28 57
8 0 9 1996 3866 1666 1666 1996 3866 1666 1666
9 0 10 654 3117 490 490 654 3117 490 490
10 1 11 784 3136 687 688 784 3136 687 688
11 1 12 1755 3672 1501 1502 1755 3672 1501 1502
12 1 13 1837 3662 1492 1493 1837 3662 1492 1493
13 1 14 1264 3530 1194 1195 1264 3530 1194 1195
14 1 15 2109 3800 1918 1918 2109 3800 1918 1918
15 1 16 2017 3790 1688 1688 2017 3790 1688 1688
16 1 17 472 3095 387 388 472 3095 387 388
17 1 18 28 2274 11 29 28 2274 11 29
18 1 19 1741 3643 1425 1425 1741 3643 1425 1425
19 1 20 555 2956 365 370 555 2956 365 370
20 2 21 671 3233 621 621 671 3233 621 621
21 2 22 1731 3707 1590 1590 1731 3707 1590 1590
22 2 23 1670 3476 1455 1455 1670 3476 1455 1455
23 2 24 455 2680 438 441 455 2680 438 441
24 2 25 1853 3521 1745 1745 1853 3521 1745 1745
25 2 26 1593 3268 1365 1365 1593 3268 1365 1365
26 2 27 619 2636 510 511 619 2636 510 511
27 2 28 69 2471 49 63 69 2471 49 63
28 2 29 1941 3750 1672 1672 1941 3750 1672 1672
29 2 30 1060 3405 943 944 1060 3405 943 944
30 3 31 1215 3161 1119 1119 1215 3161 1119 1119
31 3 32 1124 3634 1056 1056 1124 3634 1056 1056
32 3 33 722 3217 636 638 722 3217 636 638
33 3 34 2823 4365 2649 2649 2823 4365 2649 2649
34 3 35 1154 3579 1126 1126 1154 3579 1126 1126
35 3 36 738 3225 664 664 738 3225 664 664
36 3 37 231 2963 186 188 231 2963 186 188
37 3 38 16 2359 2 11 16 2359 2 11
38 3 39 1310 3134 1155 1155 1310 3134 1155 1155
39 3 40 270 2827 177 180 270 2827 177 180
40 4 41 698 2791 602 602 698 2791 602 602
41 4 42 927 3369 865 865 927 3369 865 865
42 4 43 950 3411 800 800 950 3411 800 800
43 4 44 1446 3656 1341 1341 1446 3656 1341 1341
44 4 45 2202 3987 2085 2085 2202 3987 2085 2085
45 4 46 1545 3420 1299 1299 1545 3420 1299 1299
46 4 47 657 2711 535 535 657 2711 535 535
47 4 48 50 2429 31 44 50 2429 31 44
48 4 49 1530 3552 1323 1323 1530 3552 1323 1323
49 4 50 941 3048 758 758 941 3048 758 758
50 5 51 2117 3680 1842 1842 2117 3680 1842 1842
51 5 52 1899 3659 1659 1659 1899 3659 1659 1659
52 5 53 2039 3643 1724 1724 2039 3643 1724 1724
53 5 54 2081 3793 1922 1922 2081 3793 1922 1922
54 5 55 2400 4089 2216 2216 2400 4089 2216 2216
55 5 56 2124 3773 1819 1819 2124 3773 1819 1819
56 5 57 1129 3030 952 952 1129 3030 952 952
57 5 58 29 2288 18 33 29 2288 18 33
58 5 59 2102 3711 1869 1869 2102 3711 1869 1869
59 5 60 644 3319 600 600 644 3319 600 600
60 6 61 1191 3265 1026 1026 1191 3265 1026 1026
61 6 62 2095 3848 1856 1856 2095 3848 1856 1856
62 6 63 1008 3334 860 860 1008 3334 860 860
63 6 64 903 3449 856 856 903 3449 856 856
64 6 65 1427 3592 1324 1324 1427 3592 1324 1324
65 6 66 1709 3446 1502 1502 1709 3446 1502 1502
66 6 67 905 2867 788 788 905 2867 788 788
67 6 68 18 2254 5 25 18 2254 5 25
68 6 69 1201 3356 1079 1079 1201 3356 1079 1079
69 6 70 378 2956 215 218 378 2956 215 218
70 7 71 890 3026 813 813 890 3026 813 813
71 7 72 1105 3430 1022 1022 1105 3430 1022 1022
72 7 73 628 3202 568 569 628 3202 568 569
73 7 74 987 3502 951 951 987 3502 951 951
74 7 75 1150 3369 1092 1092 1150 3369 1092 1092
75 7 76 1385 3266 1199 1199 1385 3266 1199 1199
76 7 77 280 2832 232 233 280 2832 232 233
77 7 78 40 2677 12 34 40 2677 12 34
78 7 79 902 3389 797 797 902 3389 797 797
79 7 80 218 2792 158 162 218 2792 158 162
80 8 81 561 3064 507 507 561 3064 507 507
81 8 82 1321 3710 1197 1197 1321 3710 1197 1197
82 8 83 1618 3373 1377 1377 1618 3373 1377 1377
83 8 84 986 3334 928 928 986 3334 928 928
84 8 85 1471 3253 1344 1344 1471 3253 1344 1344
85 8 86 661 3010 577 577 661 3010 577 577
86 8 87 940 3143 797 798 940 3143 797 798
87 8 88 17 2485 1 19 17 2485 1 19
88 8 89 1154 3356 994 994 1154 3356 994 994
89 8 90 742 3243 483 488 742 3243 483 488
90 9 91 1267 3567 1157 1157 1267 3567 1157 1157
91 9 92 1507 3549 1347 1347 1507 3549 1347 1347
92 9 93 1427 3367 1225 1225 1427 3367 1225 1225
93 9 94 1973 4091 1875 1875 1973 4091 1875 1875
94 9 95 1835 3716 1731 1731 1835 3716 1731 1731
95 9 96 1923 3773 1634 1634 1923 3773 1634 1634
96 9 97 488 2715 419 422 488 2715 419 422
97 9 98 39 2548 12 39 39 2548 12 39
98 9 99 1711 3932 1469 1469 1711 3932 1469 1469
