5221 0
1 1
2 2
4 4
4397 11
376 12
4160 14
5758 16
930 22
23 23
6667 25
26 26
5325 27
29 29
5674 31
4091 32
2803 37
6872 39
804 40
2784 42
43 43
273 45
2246 46
706 47
4973 49
51 51
3629 55
4095 57
5974 61
62 62
4320 71
5631 73
2399 74
2077 75
4160 78
6072 81
82 82
85 85
1731 86
3600 87
6670 92
94 94
4588 95
363 96
3863 99
100 100
101 101
104 104
109 109
5428 112
113 113
2577 115
117 117
1551 119
5053 120
6275 122
124 124
6003 126
4819 127
130 130
6062 133
5789 134
3278 137
3925 144
4948 145
148 148
151 151
153 153
2155 157
158 158
2341 159
164 164
27 165
2603 170
3017 173
174 174
177 177
4876 178
3674 184
6323 185
4542 187
2494 191
197 197
1229 202
3113 205
2795 207
209 209
6628 213
214 214
217 217
220 220
2669 222
1397 224
226 226
2448 227
228 228
432 231
3121 232
4525 234
2810 238
6509 241
3794 242
245 245
1956 246
249 249
253 253
255 255
494 256
258 258
4166 260
1614 263
2356 266
270 270
271 271
1727 277
279 279
1409 281
381 282
4024 287
2163 289
5309 290
5319 291
4463 293
5572 294
3335 301
302 302
5790 303
4623 304
6075 305
3127 308
2577 310
3648 311
4663 312
671 313
6287 314
882 315
2659 317
438 321
322 322
323 323
325 325
5280 326
330 330
333 333
838 334
3507 335
1627 337
1082 342
343 343
4330 349
2888 350
3648 352
905 353
741 356
720 358
3777 364
5237 366
367 367
3328 373
6359 374
1870 376
380 380
1727 383
5225 387
390 390
2892 396
977 402
1499 403
5016 406
407 407
3318 408
410 410
3776 412
413 413
786 415
3068 416
421 421
2647 425
5463 427
1248 428
2025 430
432 432
2537 433
5395 434
435 435
3380 438
2499 439
4719 440
1694 445
1769 447
4173 451
2409 452
89 454
2530 457
5693 459
506 465
466 466
468 468
6216 470
6146 474
956 476
2287 481
3896 483
223 485
487 487
6368 488
490 490
4601 491
492 492
494 494
6379 496
6842 497
498 498
3060 499
5094 500
4668 501
4701 503
2851 506
507 507
512 512
1727 513
515 515
2623 518
1073 519
3937 523
2805 526
6865 528
529 529
5852 530
1588 531
6865 534
788 538
540 540
5319 542
4542 545
546 546
6506 547
56 549
2229 551
5783 554
2717 555
5571 557
6326 561
2577 563
563 565
5115 567
5986 571
4060 574
5047 575
576 576
2000 577
578 578
4024 579
1756 581
3973 582
585 585
587 587
3755 593
594 594
4851 595
5349 596
3296 599
601 601
602 602
604 604
607 607
608 608
1042 609
610 610
1531 611
2278 614
4436 615
6131 618
621 621
2744 622
6565 625
6688 630
632 632
4828 633
636 636
4326 643
224 647
6158 649
1821 650
659 659
6850 663
4109 666
669 669
123 672
676 676
3571 678
633 686
6330 688
697 697
699 699
6280 702
2580 706
5238 707
893 708
709 709
3046 710
6291 716
3938 717
507 721
2904 726
403 728
2198 730
5986 735
4412 736
1774 738
742 742
743 743
3993 746
4973 747
4375 748
4160 749
750 750
2234 756
758 758
759 759
1222 762
89 765
849 768
1833 771
776 776
1027 777
778 778
678 782
783 783
3376 787
789 789
4876 798
1233 800
801 801
5887 804
805 805
2060 806
808 808
3437 809
1343 812
1325 813
217 814
1160 817
639 818
61 819
3873 821
692 831
2875 832
2515 834
2708 835
764 836
838 838
3036 839
1548 842
843 843
846 846
5916 850
2691 851
6191 852
490 856
6865 862
2727 868
869 869
6432 871
873 873
2383 874
2032 876
724 877
311 878
4627 880
882 882
5967 886
891 891
4771 894
3073 896
897 897
399 899
900 900
1769 902
904 904
1981 907
4760 910
912 912
916 916
4430 917
3872 922
923 923
4677 924
5343 926
932 932
6084 933
4669 935
936 936
376 937
1173 941
943 943
944 944
2113 945
2897 951
3682 952
955 955
958 958
52 959
4375 960
965 965
6138 969
970 970
2612 972
1783 977
419 978
2962 979
5240 980
1605 983
3346 984
2708 986
988 988
4790 990
2042 992
6493 994
995 995
996 996
1000 1000
5882 1001
1004 1004
1005 1005
770 1007
3654 1008
153 1010
1013 1013
2015 1015
1432 1016
4378 1017
1018 1018
1846 1020
3571 1022
1026 1026
1027 1027
3776 1030
1032 1031
5450 1035
1037 1037
2868 1043
1045 1045
6536 1051
1055 1055
1446 1058
3992 1060
4409 1069
424 1070
191 1071
1429 1073
1074 1074
1075 1075
3374 1080
3396 1084
4397 1088
4352 1092
1098 1098
886 1099
6269 1102
3745 1107
1108 1108
4537 1110
6841 1111
1122 1122
5585 1124
5828 1126
513 1128
1130 1130
5658 1131
6195 1132
4846 1135
1136 1136
1140 1140
1141 1141
1147 1147
1149 1149
3789 1150
174 1153
6230 1156
2399 1157
1163 1163
2308 1166
3160 1168
118 1169
191 1170
950 1171
6660 1173
2155 1174
5408 1175
4325 1176
6128 1177
6443 1180
5658 1181
6125 1183
861 1184
3663 1187
1188 1188
6062 1190
5707 1196
1710 1197
1200 1200
1202 1202
6332 1203
1926 1204
5277 1206
3945 1210
2888 1213
236 1214
2740 1215
5368 1218
4772 1220
1221 1221
3033 1222
1251 1223
1226 1226
6303 1230
4279 1234
5531 1235
1240 1240
360 1241
1243 1243
3132 1244
1539 1246
1251 1251
3596 1254
6647 1256
539 1257
3873 1264
1278 1267
1270 1270
5764 1272
1275 1275
4941 1279
6075 1280
1883 1281
4297 1282
4435 1283
5851 1286
1027 1288
1289 1289
1291 1291
4029 1298
1343 1301
2260 1302
5220 1304
673 1311
5887 1312
4411 1314
3667 1317
1323 1323
4496 1325
2505 1326
2470 1328
1330 1330
2409 1332
1334 1334
1337 1337
1233 1338
4336 1339
5047 1340
1342 1342
4879 1345
5171 1346
5459 1347
1353 1353
3372 1358
1359 1359
2316 1362
1990 1364
2727 1368
676 1369
6293 1373
5053 1374
4499 1375
3154 1384
3007 1388
1390 1390
5825 1392
724 1393
3121 1394
3648 1396
5314 1397
1341 1398
580 1400
2743 1401
6309 1402
5068 1406
6765 1407
1599 1409
238 1410
1416 1416
783 1417
1418 1418
3733 1420
1608 1421
1195 1426
3118 1430
1433 1433
804 1434
3308 1435
1438 1438
2006 1439
6499 1440
2752 1441
2669 1442
4088 1443
5277 1446
2836 1447
2752 1450
4113 1453
1458 1458
2624 1460
1461 1461
1464 1464
6109 1465
4984 1466
3787 1469
4181 1472
480 1477
97 1478
3571 1479
842 1480
1481 1481
1482 1482
2304 1484
3021 1486
1490 1490
4506 1493
1496 1496
1499 1499
6170 1500
1506 1506
1603 1509
4204 1511
3085 1513
908 1517
4487 1519
1523 1523
807 1525
1526 1526
3505 1528
3159 1529
1968 1531
4095 1532
6090 1534
1542 1542
1543 1543
1545 1545
6142 1546
684 1548
5883 1549
6163 1551
1554 1554
1557 1557
1954 1558
1561 1561
6056 1563
5618 1566
1568 1568
3132 1569
2029 1570
1571 1571
1404 1572
551 1576
5451 1580
6691 1584
4883 1590
1591 1591
3172 1592
1593 1593
41 1594
1598 1598
2016 1602
6345 1606
4379 1609
98 1610
4799 1611
4881 1612
2809 1616
619 1618
5188 1619
1620 1620
2622 1621
2765 1622
6199 1623
2816 1625
6437 1627
2197 1629
4980 1631
4717 1634
908 1636
579 1639
448 1643
6111 1645
2325 1650
2528 1651
6224 1652
6211 1653
1660 1660
2802 1665
4604 1667
1670 1670
4768 1671
984 1672
1674 1674
6621 1676
1677 1677
1681 1681
1683 1683
551 1689
4364 1691
6476 1693
4139 1699
249 1700
1709 1709
669 1710
1712 1712
4623 1713
1717 1717
1722 1722
3323 1727
6728 1728
2582 1729
89 1732
4456 1736
1981 1738
4900 1740
4693 1741
3920 1742
3113 1743
1745 1745
1746 1746
3681 1747
1748 1748
5888 1749
3712 1750
4628 1751
676 1761
4766 1765
1769 1769
1774 1774
374 1777
1778 1778
1780 1780
1782 1782
402 1783
5128 1788
751 1790
4678 1794
1795 1795
1796 1796
1798 1798
5504 1800
2798 1806
1809 1809
2866 1810
3137 1811
5221 1815
1816 1816
52 1818
5350 1821
1682 1822
100 1823
1824 1824
3335 1825
1826 1826
5096 1828
1832 1832
4121 1833
3445 1835
3993 1836
1837 1837
1839 1839
1004 1843
5314 1846
1919 1849
1850 1850
4635 1851
1852 1852
1854 1854
1855 1855
1860 1860
4450 1865
1867 1867
1778 1870
14 1871
5143 1872
4851 1873
1874 1874
1875 1875
1880 1880
5018 1885
1886 1886
5047 1889
4496 1892
2042 1894
1896 1896
3466 1906
2180 1907
5588 1908
5309 1911
1913 1913
5321 1916
1918 1918
2180 1919
2767 1923
1890 1924
1925 1925
6231 1928
1525 1929
1932 1932
2181 1934
1940 1940
1352 1941
4960 1945
5497 1947
4992 1949
4379 1951
1097 1952
2056 1955
5242 1957
4721 1958
5119 1962
5146 1963
3794 1964
1968 1968
5916 1969
3445 1970
6098 1972
1976 1976
1977 1977
3971 1979
1744 1980
6874 1981
1983 1983
2001 1984
6403 1985
1988 1988
1993 1993
1415 1997
4874 1999
4820 2001
1516 2003
2005 2005
5905 2006
4528 2007
4689 2010
2011 2011
1778 2016
5618 2021
4236 2026
3201 2029
2030 2030
505 2031
2036 2036
3804 2038
5489 2039
2046 2046
5349 2048
2054 2054
6830 2055
4575 2058
5653 2060
2062 2062
4884 2063
6662 2069
12 2070
5194 2071
3588 2072
6684 2075
856 2076
2080 2080
3132 2082
4846 2083
2086 2086
3188 2087
6186 2091
616 2098
4485 2100
2101 2101
3185 2102
1103 2103
2104 2104
2105 2105
138 2106
4150 2107
2113 2113
2114 2114
1807 2115
5325 2118
6382 2121
2392 2125
1930 2126
6319 2127
3740 2128
5585 2132
1731 2133
2493 2135
2023 2136
4303 2137
6775 2142
2144 2144
822 2145
5068 2147
4121 2150
2152 2152
4452 2153
2155 2155
1448 2158
1488 2160
6030 2163
2164 2164
2167 2167
4237 2170
760 2172
2174 2174
3185 2176
2178 2178
2180 2180
5617 2187
2191 2191
5775 2195
3536 2201
4033 2204
3542 2206
1115 2208
2692 2209
2210 2210
2211 2211
2215 2215
2216 2216
2220 2220
2221 2221
221 2227
2398 2228
4772 2229
2231 2231
6556 2234
3992 2236
437 2238
2113 2240
2245 2245
2246 2246
2250 2250
3933 2252
206 2253
741 2254
4750 2256
5891 2258
5978 2259
2260 2260
1261 2265
2113 2266
1239 2268
2923 2274
2278 2278
2280 2280
3790 2281
2282 2282
2288 2288
857 2289
1237 2293
2294 2294
2295 2295
2296 2296
244 2297
83 2298
2299 2299
370 2300
4375 2301
2302 2302
671 2304
1700 2306
1094 2313
4659 2314
3564 2317
2318 2318
5198 2321
2324 2324
6038 2325
5602 2326
3776 2329
2330 2330
2883 2333
4215 2336
5920 2339
2340 2340
3944 2342
545 2343
2691 2344
2348 2348
4201 2349
2351 2351
5309 2353
3245 2356
2362 2362
6691 2365
3193 2366
4229 2370
4678 2373
2375 2375
2377 2377
2378 2378
2382 2382
3873 2383
5791 2385
5762 2388
3686 2393
1020 2394
2708 2395
2397 2397
2630 2400
2748 2402
6384 2404
6497 2408
311 2413
1222 2417
1816 2419
2927 2420
2119 2421
2423 2423
2427 2427
1527 2430
5304 2431
2432 2432
536 2437
4384 2438
1520 2439
229 2440
2441 2441
4520 2443
2801 2444
4623 2447
2449 2449
6324 2450
93 2460
264 2462
900 2465
2468 2468
2155 2472
2475 2475
5515 2476
2480 2480
586 2483
3389 2484
2370 2486
4109 2488
3723 2489
930 2491
495 2494
5915 2500
3107 2502
5560 2503
3873 2505
2506 2506
3728 2507
4054 2508
2409 2510
1225 2511
2959 2514
2516 2516
2623 2518
2596 2523
3834 2527
460 2531
3776 2532
2534 2534
2020 2535
2536 2536
6877 2541
3106 2542
2778 2544
70 2548
2550 2550
2647 2552
6714 2555
279 2557
2558 2558
1497 2559
2560 2560
6351 2561
5810 2563
2565 2565
2566 2566
4329 2567
2568 2568
5710 2571
2791 2572
1225 2573
3992 2575
914 2576
2016 2577
3906 2580
5277 2581
1007 2583
2588 2588
4913 2589
1537 2590
872 2591
3278 2592
3175 2597
2598 2598
5096 2599
2600 2600
5952 2605
4790 2607
98 2609
2610 2610
2169 2611
3712 2617
5439 2621
2593 2622
5220 2627
3368 2629
6509 2630
4990 2631
6404 2638
2639 2639
2643 2643
2404 2649
2654 2654
4618 2656
5275 2658
2662 2662
2663 2663
274 2669
3815 2670
3184 2673
6466 2674
2675 2675
2676 2676
6686 2678
3807 2679
2813 2681
2685 2685
5047 2691
869 2693
3113 2694
2409 2696
1076 2697
4392 2698
1875 2700
4084 2703
5478 2704
5678 2707
2708 2708
5469 2709
5430 2713
676 2715
2718 2718
2719 2719
4289 2720
2636 2722
2868 2724
2728 2728
4549 2731
1096 2732
1338 2735
657 2736
5390 2737
2740 2740
3686 2743
2746 2746
4036 2749
709 2752
2754 2754
3083 2756
4579 2762
6227 2765
4095 2767
1220 2769
2256 2770
41 2773
1704 2775
3278 2777
2689 2778
5055 2780
4678 2782
4222 2789
2797 2797
2801 2801
1622 2803
2808 2808
2814 2814
1854 2815
2819 2819
5390 2821
5939 2822
2824 2824
2826 2826
6134 2827
3657 2828
2829 2829
3552 2830
2833 2833
4660 2836
2839 2839
2808 2840
4493 2842
2056 2843
2844 2844
2845 2845
2846 2846
4450 2847
2848 2848
2851 2851
2853 2853
4906 2854
6029 2855
2856 2856
5663 2857
2863 2863
2865 2865
4197 2872
2877 2877
3019 2879
2880 2880
870 2883
706 2886
6619 2887
644 2890
2892 2892
2951 2895
1164 2897
2006 2898
6438 2899
5908 2900
5370 2903
2904 2904
6691 2907
1933 2910
4782 2911
4724 2912
2773 2913
1992 2916
1103 2919
130 2920
6324 2921
2923 2923
2926 2926
6616 2927
6199 2928
4428 2929
2932 2932
2623 2937
646 2938
2081 2943
4700 2944
4496 2947
965 2949
4359 2951
1305 2956
1158 2959
5272 2962
2409 2964
2969 2969
5459 2970
2971 2971
1725 2972
4880 2973
6123 2974
6774 2975
5408 2976
2980 2980
2981 2981
2982 2982
5788 2984
2245 2986
64 2989
3177 2990
5548 2993
2994 2994
3177 2995
2998 2998
4457 3000
5829 3002
1885 3007
3012 3012
3014 3014
4225 3016
3020 3020
4782 3022
3023 3023
879 3025
4025 3030
3042 3034
913 3035
3036 3036
29 3037
3042 3042
6309 3043
3044 3044
2648 3045
2221 3050
5582 3051
105 3052
2304 3055
3059 3059
2361 3060
3063 3063
6734 3066
2493 3067
305 3068
1452 3073
2116 3074
3076 3076
489 3077
517 3079
1782 3080
4678 3082
5378 3084
3794 3085
817 3086
307 3087
3088 3088
2079 3093
2558 3101
4276 3103
1640 3105
2412 3106
402 3108
3109 3109
3115 3115
3116 3116
3789 3118
5796 3119
3121 3121
5094 3124
4088 3126
1827 3127
2114 3130
1278 3132
3136 3136
2807 3138
2863 3142
3144 3144
869 3146
4213 3149
5877 3157
2427 3159
714 3160
3882 3162
3163 3163
6835 3164
3165 3165
3169 3169
4450 3173
908 3174
2883 3177
3180 3180
1708 3182
3183 3183
5429 3186
6801 3193
3194 3194
4876 3197
1006 3209
1341 3212
6592 3214
6204 3215
6057 3218
3219 3219
1097 3220
3225 3225
6611 3228
3229 3229
3237 3237
5882 3238
1378 3239
1514 3240
1393 3241
4837 3244
1667 3246
3249 3249
4973 3250
3251 3251
5220 3253
6382 3256
600 3257
6857 3261
3266 3266
5539 3269
3274 3274
3275 3275
4248 3277
4121 3278
23 3281
4773 3282
3405 3285
5034 3288
3886 3289
3290 3290
6056 3292
2109 3294
3571 3295
4970 3296
2285 3297
5180 3299
6775 3304
3121 3305
5349 3309
2287 3311
3314 3314
4930 3316
4393 3317
298 3322
3323 3323
3741 3326
3201 3330
6163 3331
3333 3333
3335 3335
2554 3336
3337 3337
3340 3340
5240 3341
6138 3343
5287 3348
3349 3349
1159 3353
4806 3354
1853 3355
3272 3357
2998 3360
4117 3362
1278 3365
3366 3366
3367 3367
3368 3368
2991 3369
4139 3371
3372 3372
3373 3373
3376 3376
3378 3378
4883 3379
3381 3381
3238 3384
3386 3386
6784 3387
4764 3388
3389 3389
249 3390
5547 3391
1475 3392
4875 3393
6256 3395
1478 3397
2925 3399
1731 3401
3046 3402
2186 3403
2308 3404
3405 3405
3407 3407
905 3410
6245 3411
3413 3413
4849 3415
3421 3421
1919 3424
3425 3425
3758 3426
2411 3427
1894 3429
599 3430
27 3431
1059 3434
3435 3435
3439 3439
3444 3444
1164 3445
3905 3446
3447 3447
4214 3448
4146 3449
3452 3452
2015 3454
3455 3455
4181 3467
4771 3469
908 3470
5254 3473
27 3479
973 3480
3492 3481
497 3482
5542 3483
3489 3489
3490 3490
3493 3493
3037 3494
3495 3495
2443 3496
368 3497
3352 3500
651 3501
3502 3502
4687 3504
3046 3505
3506 3506
6784 3509
2767 3512
4330 3515
3518 3518
1712 3523
4281 3525
5750 3530
6167 3532
1850 3534
3807 3535
420 3537
428 3542
3543 3543
3547 3547
3161 3548
6084 3549
1984 3552
3554 3554
2418 3555
3601 3556
2897 3557
3560 3560
1615 3561
3565 3565
3566 3566
4930 3568
3571 3571
3177 3575
6809 3576
3578 3578
1688 3581
6860 3583
3584 3584
3585 3585
1588 3586
5868 3587
5277 3589
29 3590
5820 3591
4349 3595
1931 3599
3602 3602
6784 3604
3571 3606
6784 3608
4077 3609
3103 3612
4353 3615
5585 3619
2636 3621
1639 3624
2474 3625
1614 3626
3629 3629
3631 3631
2167 3633
3634 3634
3640 3640
5198 3643
856 3647
6660 3650
5097 3652
3653 3653
5571 3656
3657 3657
4150 3658
774 3659
6699 3660
5797 3661
5907 3662
3667 3667
2847 3668
3672 3672
3673 3673
5877 3675
2327 3676
3953 3678
3682 3682
3683 3683
3981 3684
3687 3687
3964 3689
3691 3691
3692 3692
3694 3694
3966 3695
3808 3696
4075 3697
3913 3699
4026 3701
4067 3703
3980 3705
3858 3708
4828 3709
4452 3712
4084 3717
3726 3720
3759 3721
2040 3722
3723 3723
4067 3724
337 3728
2705 3732
2855 3734
3742 3736
3739 3739
3964 3743
5773 3745
3898 3746
3747 3747
3753 3753
3757 3757
1985 3758
3380 3759
3536 3760
5395 3762
3764 3764
3771 3771
2666 3772
3845 3774
4451 3775
3776 3776
3777 3777
4096 3778
4004 3779
3737 3781
1096 3786
3733 3787
3887 3788
2695 3794
3795 3795
3799 3799
5442 3801
1573 3802
6560 3803
3806 3806
3900 3813
6138 3814
3818 3818
6204 3820
3821 3821
3823 3823
3825 3825
1176 3828
3701 3835
1461 3836
2443 3837
4026 3838
2327 3839
5452 3842
3843 3843
4015 3844
3845 3845
3733 3846
3847 3847
3848 3848
2184 3852
3855 3855
1627 3857
3887 3858
1086 3859
5140 3861
1215 3864
3868 3868
921 3870
2810 3871
4452 3872
4014 3873
3877 3877
5805 3880
3335 3882
6464 3883
3399 3884
3889 3889
956 3890
3892 3892
3865 3893
3899 3899
3900 3900
1161 3901
3952 3902
3100 3903
3906 3906
3921 3907
4070 3909
3910 3910
3907 3917
6293 3918
3773 3924
3925 3925
3926 3926
1141 3927
3769 3929
3932 3932
2184 3933
5046 3935
3748 3940
6586 3941
4424 3942
3944 3944
3948 3948
3380 3952
3902 3953
3954 3954
5631 3955
3994 3956
803 3958
3918 3959
4397 3961
3963 3963
671 3964
3166 3966
3967 3967
4026 3972
5871 3974
3716 3975
3976 3976
3697 3977
3978 3978
364 3982
3983 3983
2087 3986
3726 3988
3990 3990
3991 3991
2647 3993
5099 4000
4001 4001
5099 4003
4053 4004
4006 4006
3951 4007
4010 4010
4014 4014
3978 4015
3888 4016
3944 4018
4019 4019
4022 4022
3769 4024
1391 4027
4028 4028
2325 4029
3855 4033
4037 4037
4038 4038
4039 4039
3977 4043
4044 4044
336 4046
4504 4048
4050 4050
4052 4052
3748 4053
4074 4055
6180 4056
656 4059
2313 4060
3601 4062
502 4063
3920 4064
3911 4065
3781 4066
4067 4067
2409 4068
2360 4069
3975 4070
4071 4071
1491 4075
4991 4076
3725 4077
547 4081
6471 4083
1198 4085
4087 4087
2241 4088
4091 4091
3906 4095
4096 4096
4623 4097
2588 4098
656 4100
4101 4101
4522 4102
1198 4106
4991 4108
3727 4110
6226 4112
1384 4113
4114 4114
4115 4115
1955 4118
4119 4119
3561 4120
409 4121
2360 4122
4124 4124
4126 4126
1992 4129
288 4131
4973 4133
4047 4134
691 4137
6359 4138
5309 4139
978 4142
5390 4145
5057 4146
44 4147
4148 4148
4149 4149
540 4153
870 4154
4155 4155
3014 4156
4158 4158
4320 4160
1564 4164
6298 4165
4166 4166
4167 4167
5656 4169
5438 4170
5861 4172
5887 4173
4174 4174
6560 4176
4177 4177
5436 4179
4186 4186
1871 4188
1367 4196
5450 4197
4202 4202
1639 4204
356 4205
4206 4206
6020 4207
2849 4208
6215 4210
5563 4212
3602 4213
4215 4215
2004 4217
6295 4219
2847 4220
5554 4222
4224 4224
3130 4225
4226 4226
1595 4228
1261 4229
4230 4230
1200 4232
4851 4236
3571 4237
4254 4254
4257 4257
43 4259
5258 4263
5250 4266
3321 4272
6560 4277
2599 4278
2691 4280
1766 4281
4286 4286
4217 4287
2431 4288
4293 4293
4871 4298
4300 4300
4305 4305
5863 4306
4308 4308
5038 4309
4311 4311
4314 4314
4321 4321
6133 4322
4992 4324
4333 4333
381 4334
4337 4337
1736 4338
4340 4340
5316 4343
873 4344
4113 4345
6796 4347
16 4350
2809 4352
4356 4356
1226 4357
4358 4358
4360 4360
3043 4362
5094 4363
5755 4364
4873 4365
1075 4366
6301 4367
1058 4368
6357 4374
2198 4378
278 4386
2984 4387
4660 4393
5309 4395
6742 4397
2589 4399
4185 4401
2091 4403
4404 4404
1689 4406
4407 4407
4790 4411
1128 4414
4417 4417
3132 4419
3014 4423
3954 4424
620 4428
394 4429
533 4431
4772 4435
3417 4438
4439 4439
636 4440
550 4443
5601 4446
989 4449
6180 4451
5328 4453
4459 4459
5750 4462
1106 4463
671 4464
1041 4466
5514 4467
4470 4470
950 4472
823 4475
3395 4476
3408 4477
4478 4478
3189 4480
4481 4481
2384 4483
4486 4486
4489 4489
3672 4493
4494 4494
58 4497
6331 4500
4937 4501
4502 4502
4503 4503
4505 4505
5737 4509
509 4512
686 4520
5265 4523
5070 4524
200 4525
5373 4526
1836 4532
2198 4533
3284 4535
4537 4537
4538 4538
4550 4550
4552 4552
1353 4562
6437 4565
4568 4568
4572 4572
6359 4574
4575 4575
2840 4577
519 4579
4997 4580
4683 4582
475 4583
1575 4585
804 4591
4592 4592
4593 4593
2530 4598
426 4600
3765 4601
166 4603
4607 4607
3859 4610
2155 4613
6363 4615
4619 4619
4627 4627
4628 4628
1533 4630
4631 4631
3973 4632
6796 4635
5916 4636
4709 4637
4352 4641
4511 4643
5607 4647
2724 4648
4527 4649
4650 4650
6177 4660
2574 4662
2663 4665
3790 4668
5880 4669
52 4670
4601 4671
1666 4673
5406 4674
5604 4675
1059 4676
4677 4677
2081 4679
2803 4683
3896 4684
2106 4691
3163 4692
4873 4693
381 4697
6660 4698
1233 4699
5875 4701
4095 4703
1642 4711
4713 4713
3237 4714
6592 4720
3446 4726
4728 4728
4729 4729
4731 4731
6180 4732
2659 4733
3376 4734
6634 4735
4737 4737
4740 4740
1159 4743
4744 4744
4746 4746
139 4749
1261 4751
29 4755
4756 4756
4762 4762
4763 4763
4764 4764
6641 4765
4885 4768
4770 4770
2752 4772
5328 4775
2779 4784
1698 4785
724 4787
5065 4788
3016 4790
5119 4792
4793 4793
4797 4797
2745 4798
4799 4799
3445 4800
5742 4801
4804 4804
4935 4806
2474 4809
6047 4810
2196 4815
4817 4817
4821 4821
2285 4822
2691 4823
223 4828
4831 4831
4832 4832
505 4833
5442 4835
4837 4837
1677 4839
539 4841
4844 4844
5190 4845
4687 4846
4893 4853
4268 4854
4856 4856
6098 4860
1581 4861
4511 4862
4863 4863
6729 4865
2155 4866
3064 4868
5330 4870
3043 4871
4874 4874
2498 4877
1111 4879
2840 4883
4278 4885
2791 4892
1680 4893
5009 4895
2680 4896
52 4898
1469 4899
3294 4900
1533 4901
4903 4903
3592 4905
1692 4906
4907 4907
263 4908
3085 4910
4913 4913
5036 4916
4918 4918
4922 4922
3185 4923
4034 4928
155 4929
4930 4930
3042 4931
4932 4932
4237 4933
4036 4939
4943 4943
515 4944
1632 4946
2939 4954
4958 4958
2577 4960
4961 4961
6196 4963
1441 4964
2175 4965
500 4970
3027 4973
4024 4974
4975 4975
6382 4977
4978 4978
6180 4979
3204 4980
2145 4981
6237 4982
2659 4983
5218 4984
4683 4990
4992 4992
2863 4999
630 5000
3012 5003
256 5005
1735 5006
2814 5008
3888 5009
6325 5011
89 5014
3682 5015
1395 5016
5578 5018
5707 5021
5030 5030
5031 5031
5032 5032
6765 5034
4370 5035
2764 5036
5264 5038
4828 5040
5710 5043
2767 5044
1 5047
242 5048
5009 5049
5050 5050
5051 5051
2959 5054
2819 5056
2010 5058
4140 5061
3261 5062
3202 5064
6430 5068
5069 5069
1225 5072
5073 5073
1647 5074
5075 5075
5080 5080
5086 5086
5089 5089
5090 5090
4237 5091
6324 5092
2843 5094
5097 5097
5887 5098
5557 5104
5277 5105
5110 5110
5113 5113
6264 5114
6560 5115
5118 5118
5119 5119
178 5120
1667 5123
5125 5125
5339 5126
1883 5127
5130 5130
2962 5133
3577 5141
6224 5142
280 5143
5015 5144
2385 5145
4501 5148
5294 5152
6805 5154
6321 5161
5466 5165
5618 5166
5603 5170
5588 5172
1586 5176
551 5178
2477 5180
5585 5182
6509 5184
5186 5186
5887 5187
1619 5188
2185 5189
5192 5192
2097 5196
5197 5197
550 5202
5203 5203
5205 5205
1885 5206
4131 5207
844 5210
3001 5211
1852 5212
6261 5215
4257 5219
4562 5220
2282 5221
6603 5222
3870 5223
3831 5224
5449 5225
5233 5233
3884 5236
4809 5238
2476 5240
89 5242
1289 5243
3863 5245
5309 5246
2744 5248
5047 5250
121 5251
803 5253
810 5255
5106 5256
3051 5257
5259 5259
6351 5261
1604 5267
1551 5275
5937 5278
5954 5279
5245 5280
3691 5281
6325 5283
5106 5284
5287 5287
121 5291
5292 5292
3688 5294
2172 5295
4409 5297
5298 5298
2347 5299
5300 5300
1439 5301
5303 5303
5304 5304
4315 5306
2847 5309
6534 5311
817 5312
5267 5313
1575 5315
5696 5318
4601 5319
774 5322
5323 5323
5324 5324
5325 5325
2847 5326
5329 5329
709 5330
2198 5332
1561 5333
5337 5337
6680 5338
5339 5339
5341 5341
5342 5342
5343 5343
694 5345
5348 5348
5350 5350
5353 5353
2279 5356
5357 5357
1466 5358
2745 5359
4675 5368
5604 5369
5845 5371
4067 5374
4024 5376
5377 5377
5631 5379
5381 5381
242 5382
3015 5383
1905 5388
1830 5389
4071 5390
2775 5393
5397 5397
6818 5401
5403 5403
5410 5410
5411 5411
3041 5414
5270 5417
38 5420
6725 5421
5423 5423
3973 5424
4727 5426
449 5427
4843 5431
6387 5432
657 5436
4618 5439
5443 5443
872 5446
5448 5448
5452 5452
5453 5453
5458 5458
518 5462
5464 5464
2859 5465
3047 5466
2938 5467
2377 5468
3923 5469
1160 5471
5208 5476
3790 5479
1736 5483
5314 5489
600 5493
2534 5494
5662 5499
2175 5500
5501 5501
3542 5502
2689 5504
869 5505
6115 5507
5508 5508
5510 5510
5879 5511
1712 5512
5517 5517
4598 5518
5521 5521
2321 5522
5523 5523
5525 5525
5526 5526
5528 5528
5532 5532
5539 5539
2667 5540
5542 5542
5543 5543
6330 5547
950 5548
5549 5549
3121 5552
1914 5553
2986 5559
6688 5560
5685 5566
6835 5572
170 5573
409 5574
5579 5579
5581 5581
1929 5583
5905 5585
753 5587
5589 5589
4714 5594
5596 5596
5600 5600
598 5601
5602 5602
5315 5604
3807 5608
5609 5609
5610 5610
3623 5611
2266 5615
5893 5619
4702 5620
6438 5622
2938 5623
5627 5627
1762 5629
5632 5632
5634 5634
5635 5635
3552 5637
5113 5641
166 5642
5644 5644
4590 5648
5654 5654
2106 5658
2993 5659
6583 5660
5664 5664
5189 5667
2300 5676
1857 5678
4301 5682
5168 5684
5826 5687
3132 5688
503 5690
5691 5691
2580 5695
5696 5696
5697 5697
1602 5698
2256 5702
5704 5704
5706 5706
942 5707
5708 5708
204 5713
5806 5714
2125 5715
5716 5716
5717 5717
299 5720
4379 5721
2778 5727
2033 5728
4549 5732
3948 5733
4499 5736
3542 5737
6774 5739
6592 5741
5743 5743
5745 5745
5746 5746
5194 5747
4397 5748
5750 5750
5751 5751
3139 5752
2196 5755
3344 5760
1275 5763
6477 5764
804 5765
2285 5766
5767 5767
4711 5768
637 5771
5615 5773
4130 5774
4068 5775
1620 5776
4293 5779
4932 5780
3455 5781
1661 5782
5783 5783
5785 5785
3648 5789
5282 5790
5791 5791
5800 5800
3144 5801
5802 5802
4682 5804
520 5807
2409 5809
5812 5812
5813 5813
1954 5815
3157 5817
5820 5820
2597 5824
2553 5825
5828 5828
3132 5830
3898 5831
3186 5833
1614 5836
5837 5837
4237 5839
5840 5840
5843 5843
1850 5845
1245 5847
1469 5848
4998 5849
4899 5852
5485 5854
5855 5855
5862 5862
6488 5863
5865 5865
1492 5867
5872 5872
6256 5876
2646 5880
415 5882
2256 5883
5884 5884
2126 5885
3154 5887
4325 5888
5890 5890
1343 5892
688 5893
3973 5894
4219 5895
3229 5896
4687 5897
5902 5902
1528 5903
5907 5907
5845 5909
5913 5913
5541 5916
1979 5918
5920 5920
790 5923
1815 5925
2221 5927
842 5930
5932 5932
5005 5933
3027 5935
5936 5936
5939 5939
2966 5944
4303 5945
3945 5948
5949 5949
5950 5950
1446 5952
5954 5954
4303 5955
1883 5958
5959 5959
2764 5961
6509 5962
5383 5963
5188 5965
5966 5966
970 5967
1466 5971
5974 5974
5349 5975
5977 5977
5978 5978
1969 5979
5980 5980
3035 5984
2270 5985
5986 5986
2923 5987
5989 5989
883 5990
5993 5993
1723 5994
3399 5996
5997 5997
6448 5998
6005 6005
6006 6006
613 6010
6011 6011
1100 6015
1064 6018
4113 6019
3691 6020
362 6021
4966 6023
6024 6024
1018 6025
5038 6026
6029 6029
6030 6030
168 6032
6035 6035
2281 6038
6039 6039
6042 6042
551 6048
6622 6050
3599 6051
6055 6055
6056 6056
6059 6059
2196 6062
6063 6063
6064 6064
5979 6066
4054 6067
6115 6069
5309 6070
6123 6071
5203 6073
6077 6077
3992 6078
3352 6083
6084 6084
4966 6085
1857 6086
1275 6087
5007 6088
2851 6095
5395 6097
3707 6098
6102 6102
5891 6112
5220 6115
2797 6117
5864 6120
6121 6121
3267 6125
4217 6126
2040 6129
4792 6133
1281 6136
2113 6140
5968 6141
6142 6142
6143 6143
4825 6144
6291 6145
6147 6147
6151 6151
5710 6154
3882 6156
6157 6157
4295 6158
6160 6160
6161 6161
6162 6162
6163 6163
5504 6165
5152 6166
3638 6167
196 6168
300 6169
2350 6170
6172 6172
6 6174
6175 6175
2409 6176
5066 6177
6178 6178
6179 6179
3435 6182
1194 6185
5618 6186
637 6188
6191 6191
6193 6193
370 6194
4644 6196
4133 6198
1097 6199
3289 6201
1059 6202
5371 6207
6209 6209
644 6210
2448 6212
6214 6214
6215 6215
1417 6216
5148 6227
5729 6228
2960 6229
6230 6230
6231 6231
823 6233
6238 6238
6240 6240
168 6242
6243 6243
4069 6245
6246 6246
6248 6248
1243 6250
2868 6256
4851 6262
6263 6263
6264 6264
3716 6268
2962 6272
6275 6275
6276 6276
1138 6277
6278 6278
249 6280
4747 6281
905 6283
3945 6284
6094 6285
3205 6286
6294 6294
3870 6306
6784 6307
2074 6313
507 6315
5504 6316
4321 6319
4306 6320
6322 6322
292 6323
6326 6326
916 6328
1233 6329
1587 6330
5571 6331
6332 6332
5887 6333
6334 6334
973 6339
6412 6340
1007 6341
4523 6342
4771 6344
6346 6346
6349 6349
535 6350
5397 6353
2742 6362
4960 6363
2636 6365
3776 6366
5887 6367
6368 6368
6370 6370
3177 6372
6373 6373
4933 6375
5311 6376
4608 6379
5118 6381
3734 6382
6383 6383
5773 6385
4278 6386
6509 6387
6388 6388
5530 6390
3113 6392
3002 6395
3605 6397
857 6401
4644 6402
3712 6404
6405 6405
1086 6408
2737 6411
967 6412
3571 6418
103 6419
6438 6420
6324 6421
3391 6422
897 6423
473 6424
3581 6425
6325 6426
4771 6427
1883 6430
6431 6431
4237 6432
6257 6433
6438 6438
5352 6439
1233 6443
1489 6446
5514 6448
520 6452
4409 6453
5309 6462
3736 6463
6784 6464
1222 6469
3803 6470
3927 6471
4617 6476
2775 6484
1008 6488
6489 6489
2350 6491
1100 6493
1627 6496
6502 6502
6504 6504
6505 6505
6508 6508
443 6514
5330 6515
3113 6516
4668 6518
946 6520
5083 6522
3515 6524
6527 6527
6530 6530
2540 6531
3626 6532
4305 6533
6539 6539
5071 6542
3938 6543
4961 6544
1448 6545
6546 6546
6714 6547
4678 6550
6551 6551
6557 6557
5887 6558
6561 6561
2305 6563
990 6564
6565 6565
6567 6567
6577 6577
6579 6579
6039 6582
6285 6585
6588 6588
435 6591
6581 6593
2091 6594
6595 6595
6602 6602
6605 6605
6606 6606
6784 6609
6610 6610
6611 6611
3132 6612
6302 6614
6615 6615
6254 6616
6393 6618
6120 6621
6623 6623
1100 6624
6625 6625
3320 6626
3859 6627
1885 6628
6630 6630
6633 6633
6113 6637
6280 6639
6645 6645
2709 6653
647 6655
6657 6657
5236 6659
5099 6661
2478 6665
1018 6666
6325 6667
3291 6668
1631 6670
5309 6672
6676 6676
1233 6677
5170 6679
6072 6680
474 6682
2056 6690
6693 6693
539 6694
4212 6696
1097 6698
1508 6699
101 6701
2223 6702
536 6703
6704 6704
41 6705
1899 6706
6655 6707
6269 6710
6713 6713
6714 6714
6715 6715
480 6719
1058 6720
6721 6721
2938 6722
1399 6723
6724 6724
6725 6725
4678 6726
6731 6731
1828 6732
5038 6734
4160 6740
1585 6741
4303 6744
1491 6749
6750 6750
6756 6756
6758 6758
2792 6760
3616 6761
6762 6762
1223 6763
1097 6764
6767 6767
1416 6768
2738 6772
6066 6773
4427 6774
6266 6775
1614 6776
6778 6778
4148 6780
241 6781
4450 6782
2281 6783
2764 6787
6793 6793
3571 6794
2975 6796
6797 6797
6799 6799
2317 6800
6801 6801
2000 6804
4812 6806
4800 6807
3682 6809
5258 6811
1260 6812
6814 6814
6332 6817
2106 6818
2232 6819
6438 6823
2367 6832
6296 6835
1446 6836
2308 6840
6841 6841
2705 6842
6844 6844
6848 6848
3427 6850
4281 6851
6838 6854
4998 6855
6537 6856
5652 6857
6859 6859
6862 6862
4844 6868
4685 6869
1446 6873
6876 6876
514 6877
3185 6879
2851 6882
3571 6884
6872 6885
6066 6886
1260 6888
