5594 5594
5675 5675
5840 5840
5458 5458
5590 5590
5750 5750
5630 5630
5837 5837
5641 5641
6238 6238
5952 5952
113 113
5959 5959
65 65
5539 5539
5654 5654
5936 5936
1997 1997
5542 5542
5932 5932
3547 3547
3634 3634
408 408
6054 6054
6073 6073
5939 5939
245 245
51 51
6063 6063
409 409
4 4
6077 6077
3530 3530
3165 3165
43 43
311 311
5648 5648
2167 2167
3824 3824
6056 6056
117 117
5944 5944
3829 3829
6276 6276
2174 2174
327 327
3584 3584
6248 6248
442 442
456 456
3823 3823
2785 2785
330 330
2480 2480
5855 5855
3932 3932
2801 2801
122 122
5986 5986
6263 6263
5862 5862
289 289
5978 5978
2274 2274
2498 2498
356 356
6101 6101
193 193
2221 2221
5977 5977
104 104
6090 6090
2164 2164
2177 2177
6117 6117
3613 3613
6142 6142
6095 6095
2124 2124
5717 5717
6121 6121
2596 2596
2061 2061
2130 2130
2163 2163
2500 2500
2011 2011
3568 3568
2588 2588
2600 2600
3667 3667
2401 2401
5497 5497
2239 2239
2067 2067
2564 2564
5663 5663
5884 5884
2397 2397
147 147
3704 3704
2523 2523
2519 2519
2302 2302
5549 5549
295 295
5802 5802
5532 5532
2022 2022
6024 6024
5886 5886
5991 5991
5526 5526
2295 2295
376 376
3706 3706
158 158
5695 5695
3899 3899
3437 3437
448 448
6159 6159
3687 3687
2231 2231
2457 2457
3359 3359
6162 6162
3976 3976
2304 2304
3812 3812
6161 6161
2558 2558
3316 3316
4045 4045
5527 5527
2352 2352
2431 2431
3889 3889
2308 2308
5901 5901
3694 3694
3281 3281
3717 3717
2572 2572
4037 4037
3965 3965
3900 3900
3267 3267
3255 3255
5890 5890
3892 3892
2536 2536
163 163
3695 3695
4032 4032
3237 3237
5907 5907
3241 3241
3249 3249
5812 5812
5521 5521
3214 3214
5777 5777
3251 3251
3990 3990
3223 3223
6839 6839
5791 5791
5239 5239
3246 3246
3368 3368
6754 6754
2444 2444
2451 2451
5235 5235
516 516
6841 6841
2435 2435
464 464
544 544
5775 5775
394 394
3487 3487
6778 6778
396 396
5393 5393
2662 2662
308 308
3718 3718
6868 6868
6713 6713
6791 6791
3216 3216
6862 6862
400 400
6823 6823
6626 6626
6809 6809
1977 1977
5117 5117
6638 6638
6807 6807
6834 6834
3371 3371
2104 2104
5406 5406
3373 3373
6610 6610
5705 5705
3333 3333
253 253
6788 6788
6630 6630
1932 1932
3372 3372
6793 6793
6797 6797
6602 6602
1572 1572
6767 6767
1546 1546
1928 1928
6644 6644
6225 6225
6595 6595
3190 3190
1598 1598
1603 1603
6706 6706
6657 6657
652 652
3327 3327
2873 2873
1556 1556
5410 5410
5097 5097
6592 6592
1687 1687
1727 1727
1555 1555
3452 3452
1595 1595
601 601
390 390
1755 1755
1737 1737
3195 3195
6209 6209
4644 4644
6309 6309
6533 6533
1684 1684
4158 4158
1565 1565
4148 4148
3076 3076
4149 4149
2719 2719
1833 1833
6591 6591
3177 3177
3388 3388
5079 5079
1460 1460
6721 6721
4299 4299
726 726
6523 6523
1753 1753
3063 3063
4677 4677
2932 2932
1850 1850
4157 4157
3037 3037
5197 5197
2971 2971
5377 5377
4730 4730
5378 5378
4145 4145
4831 4831
4372 4372
4155 4155
3113 3113
970 970
5056 5056
1746 1746
5129 5129
4693 4693
2926 2926
987 987
965 965
1795 1795
6370 6370
2853 2853
3036 3036
6319 6319
610 610
4729 4729
6559 6559
901 901
6438 6438
4329 4329
1135 1135
5343 5343
6561 6561
1506 1506
1306 1306
4607 4607
1223 1223
4412 4412
1137 1137
3127 3127
3006 3006
4300 4300
5110 5110
1121 1121
4918 4918
1481 1481
3109 3109
6560 6560
1396 1396
4285 4285
4963 4963
4966 6286
4238 4238
926 926
3090 3090
1780 1780
4167 4167
776 776
2848 2848
4749 4749
808 808
2994 2994
903 903
697 697
881 881
4650 4650
4454 4454
5295 5295
6429 6429
1342 1342
4794 4794
1393 1393
1409 1409
2833 2833
2844 2844
4776 4776
4091 4091
5304 5304
4814 4814
1860 1860
1681 1681
2826 2826
3088 3088
6310 6310
2865 2865
4932 4932
693 693
6349 6349
4930 4930
3116 3116
3023 3023
801 801
1799 1799
1014 1014
6360 6360
4502 4502
839 839
4504 4504
933 933
891 891
1147 1147
1270 1270
1071 1071
1178 1178
4503 4503
1090 1090
1464 1464
952 952
2923 2923
1013 1013
995 995
4573 4573
4436 4436
4494 4494
