4 4
492 6
798 12
2641 13
121 15
1630 16
543 18
92 21
226 24
1220 25
1718 28
415 29
1411 34
1214 37
2319 42
43 43
764 44
1852 45
51 51
1898 52
2380 53
2869 55
176 56
900 62
65 65
553 66
2225 67
604 72
2102 74
1515 76
880 80
3099 81
1773 83
2904 85
2296 89
2338 90
1624 91
1236 92
3093 94
99 98
2443 99
1150 101
1919 102
1027 103
104 104
991 105
3100 106
3221 108
1828 109
2061 111
2639 112
113 113
1109 114
117 117
1836 119
122 122
2718 124
1202 126
3305 127
3023 130
2514 133
807 136
3172 138
566 140
2564 143
1880 145
147 147
2816 149
151 151
3280 153
432 154
1170 155
325 156
2367 157
158 158
163 163
3049 165
1517 166
3305 171
993 172
1153 174
870 176
2560 177
2614 180
2731 185
1705 186
1368 190
2810 191
193 193
3447 194
1169 195
2969 199
1891 200
975 201
2010 202
3078 203
3464 204
3049 205
2798 206
1939 207
2514 210
27 211
3267 212
2898 214
1168 215
217 217
511 218
113 220
1629 221
1151 225
2035 227
2146 229
1331 230
623 231
1254 233
1220 234
2707 236
609 239
3633 240
1197 241
667 242
2102 243
2747 244
245 245
3569 247
253 253
1561 258
604 259
2726 267
2748 268
193 270
1744 272
126 274
1939 277
1145 279
3284 286
289 289
295 295
2993 298
3100 301
1763 302
2429 303
2855 304
568 305
1043 307
308 308
2454 310
311 311
1625 312
2881 314
1818 316
708 317
1846 318
3094 325
327 327
2836 328
2441 329
330 330
305 333
2606 334
2656 335
1033 337
2054 341
3137 349
827 350
443 351
2257 353
2197 354
3595 355
356 356
2384 357
869 358
3117 361
2612 363
1844 366
808 369
1290 374
1215 375
376 376
3100 378
3297 379
203 381
3527 383
270 386
3305 388
390 390
1422 393
394 394
396 396
14 398
400 400
1504 401
2284 403
435 407
408 408
409 409
1201 411
2287 412
2851 414
333 421
993 425
1264 426
2311 428
3567 431
435 435
321 438
442 442
2451 446
448 448
1264 449
415 450
2451 454
3229 455
456 456
1919 458
1937 460
1169 461
2667 462
464 464
2786 467
246 472
232 473
1939 476
2993 479
285 480
223 483
2145 487
2231 488
869 489
553 491
2765 493
1514 495
265 496
394 499
1615 500
1040 504
836 506
3093 508
3527 513
516 516
2344 518
3478 519
509 521
186 522
1891 523
1992 524
3460 529
862 530
1222 532
933 537
1565 538
1257 539
719 543
544 544
3145 547
1126 548
3189 551
2564 554
121 558
1445 561
1109 562
3380 564
3305 569
2111 570
2817 578
631 579
887 580
1687 581
585 585
1818 588
2143 589
1727 593
1264 594
2102 595
173 596
601 601
603 603
1564 605
607 607
608 608
610 610
615 615
2711 618
621 621
556 622
948 623
1655 633
1939 634
2351 636
3395 637
870 638
375 640
2499 642
2357 644
3583 650
652 652
3229 653
16 657
640 659
2576 663
1056 664
1470 667
2636 670
2852 673
2851 675
1712 676
3134 681
3611 684
716 689
693 693
1176 694
1627 696
697 697
1498 701
61 702
61 708
1377 709
438 710
821 715
3478 718
3150 723
726 726
2808 729
2860 732
2057 734
930 735
998 738
1629 739
741 741
2422 743
827 744
1579 749
330 750
3365 751
754 754
1148 756
2360 757
3618 758
2402 759
1414 760
3049 761
2419 764
2685 766
2548 768
3019 770
1323 771
650 773
1555 774
776 776
2651 784
415 786
326 789
580 790
56 793
3658 799
801 801
1804 806
536 807
808 808
2865 810
1727 811
285 816
2010 817
1238 819
92 822
1223 823
407 824
1381 826
708 827
272 829
2731 832
242 833
1333 834
475 836
689 838
839 839
3221 840
1121 841
3473 842
2952 844
846 846
2545 847
1377 850
1564 851
295 857
1695 858
2549 859
1632 861
3017 863
1368 868
759 869
2429 871
2304 872
873 873
787 875
2198 876
1944 879
881 881
3400 883
891 891
1678 892
1700 894
1590 895
1824 897
540 898
901 901
903 903
3493 904
2451 906
802 908
1976 919
923 923
924 924
926 926
933 933
2681 934
236 936
955 938
2914 939
1293 940
2451 941
1194 942
1238 946
980 947
1377 950
952 952
494 956
2604 957
547 960
1195 963
965 965
970 970
2042 973
242 974
3270 975
628 976
2017 978
567 979
61 980
155 981
2564 984
987 987
991 989
1238 991
3305 992
995 995
2104 996
1912 997
555 999
927 1001
1565 1003
1539 1006
760 1010
1461 1012
1013 1013
1014 1014
3049 1022
2545 1026
2884 1027
1700 1030
1939 1033
577 1034
1261 1035
2745 1036
3251 1037
2685 1042
1441 1043
2846 1045
2545 1047
1899 1054
2885 1057
1627 1061
3408 1063
1635 1066
246 1068
2651 1069
1705 1070
1071 1071
1250 1074
742 1075
808 1076
482 1080
791 1083
1564 1089
1090 1090
2604 1093
3188 1096
2231 1098
2542 1100
455 1102
2521 1110
2357 1111
2112 1112
3577 1115
3380 1120
1121 1121
1169 1124
1169 1127
2792 1128
3234 1129
1027 1131
2106 1134
1135 1135
1137 1137
2611 1138
1724 1139
946 1141
1391 1143
1630 1144
1828 1145
1147 1147
2770 1150
2291 1156
2102 1157
1164 1164
1565 1166
3506 1174
2089 1175
2384 1176
1178 1178
2140 1185
2351 1188
39 1190
1148 1193
1708 1194
1174 1195
1264 1197
2839 1199
568 1202
3154 1203
327 1214
41 1222
1223 1223
2493 1224
1290 1225
2293 1228
1126 1230
1478 1233
2974 1236
1062 1239
1240 1240
2256 1245
2010 1246
3150 1248
133 1250
2765 1254
1229 1255
3384 1257
1471 1259
2914 1261
2403 1263
2260 1264
2278 1265
3134 1266
2451 1268
1270 1270
827 1271
2249 1276
1875 1277
1928 1278
2224 1279
3521 1280
3298 1281
3305 1285
1017 1286
1724 1289
453 1290
2549 1291
639 1295
3388 1299
2510 1300
2137 1302
1306 1306
47 1308
521 1311
2987 1313
255 1315
2359 1317
589 1324
3383 1326
1295 1329
1334 1334
498 1337
3515 1338
567 1340
1342 1342
790 1346
1618 1351
1353 1353
1564 1354
1356 1356
1194 1357
1591 1358
3194 1359
275 1360
1705 1366
993 1371
555 1378
3100 1379
239 1380
2418 1382
3469 1384
2319 1385
2111 1387
2919 1388
3 1389
555 1391
1393 1393
1939 1394
1396 1396
840 1397
2262 1401
2914 1407
1409 1409
577 1410
1411 1411
532 1415
1063 1417
618 1418
3225 1421
1052 1422
1529 1424
1254 1425
567 1426
283 1427
604 1429
3408 1433
2628 1436
1440 1437
604 1441
827 1443
2151 1447
3213 1451
1837 1452
3638 1454
2631 1456
667 1457
1460 1460
3213 1462
1464 1464
2069 1465
3575 1467
2667 1470
68 1471
3096 1476
1474 1480
1481 1481
3076 1482
3020 1483
242 1485
242 1486
1565 1489
1411 1490
1081 1491
1250 1492
2549 1493
1610 1494
1887 1497
2080 1498
543 1502
1503 1503
1506 1506
2102 1507
3305 1512
1986 1513
502 1514
3579 1515
1384 1520
1169 1521
3027 1523
482 1524
346 1525
3437 1527
1360 1529
1314 1531
2451 1532
1996 1533
1535 1535
1093 1539
3213 1540
1041 1541
2162 1542
1422 1543
1546 1546
266 1547
1555 1555
1556 1556
2234 1560
1565 1565
492 1567
2257 1569
118 1571
1572 1572
791 1574
2982 1575
540 1576
2281 1580
1374 1582
2073 1588
176 1589
2904 1591
72 1592
1595 1595
1598 1598
1603 1603
1440 1605
2231 1608
2856 1609
1149 1612
2491 1613
1094 1614
2808 1618
3305 1623
1017 1624
3609 1625
3131 1629
1926 1630
789 1633
1402 1634
1649 1638
3167 1642
482 1644
3183 1646
2574 1649
494 1652
1654 1654
3168 1657
3100 1658
944 1662
1630 1668
3670 1669
18 1670
1478 1671
2808 1673
386 1676
1678 1678
1555 1679
723 1680
1681 1681
1684 1684
1687 1687
3522 1688
47 1691
1730 1693
2951 1694
2851 1697
1384 1699
2248 1703
802 1704
2380 1705
1127 1707
3440 1708
3194 1709
3221 1711
1630 1718
384 1719
3221 1720
3076 1722
1708 1725
1727 1727
989 1728
3670 1733
1737 1737
2134 1738
2761 1740
56 1744
2130 1745
1746 1746
1748 1748
1847 1752
1753 1753
1755 1755
1966 1759
3653 1760
1963 1761
176 1768
26 1769
1075 1772
154 1773
706 1777
2826 1779
1780 1780
1317 1781
3515 1785
2460 1787
1595 1789
364 1792
1795 1795
3019 1797
1799 1799
993 1800
863 1805
1223 1807
3170 1808
3653 1809
1750 1810
2919 1811
668 1812
1008 1814
2190 1815
584 1816
547 1818
2614 1821
719 1822
2981 1824
1586 1825
2770 1826
1955 1828
1831 1831
1833 1833
235 1837
1627 1839
1056 1840
3584 1843
788 1844
555 1845
2293 1847
3305 1848
3100 1849
1850 1850
832 1852
3134 1854
1739 1857
1685 1858
1860 1860
3442 1862
1867 1863
1919 1864
1463 1865
1554 1867
695 1868
1870 1870
1284 1871
3272 1875
201 1876
1215 1877
1900 1883
2215 1886
1960 1887
592 1889
2168 1893
3305 1894
2854 1895
722 1898
1056 1902
61 1903
3152 1909
859 1911
2641 1915
2184 1917
1758 1918
2420 1920
706 1923
2296 1924
2815 1926
1377 1927
1928 1928
1932 1932
2308 1934
2451 1936
2231 1938
2447 1943
512 1944
176 1945
682 1948
2856 1951
1457 1954
86 1957
628 1965
468 1966
3148 1967
1377 1969
3527 1970
443 1972
326 1973
919 1976
1977 1977
1109 1979
1744 1980
1834 1983
2198 1986
3066 1994
2348 1995
1997 1997
3672 1999
1100 2000
3055 2004
3577 2005
1957 2006
2286 2007
3305 2008
1015 2010
2011 2011
27 2014
2631 2020
2022 2022
170 2023
1994 2024
2130 2027
1496 2030
3338 2031
2542 2034
2534 2035
2798 2037
3536 2038
2350 2039
1919 2040
512 2048
3391 2055
2061 2061
1431 2063
1056 2064
2286 2066
2067 2067
335 2069
119 2071
1514 2074
385 2075
592 2077
2069 2079
439 2080
1572 2084
3566 2086
636 2087
2503 2089
97 2091
1109 2092
239 2093
791 2094
212 2096
1483 2101
2919 2103
2104 2104
2702 2106
3187 2108
2089 2112
2451 2115
2460 2118
1908 2119
2124 2124
1402 2125
3241 2126
2127 2127
2129 2129
2130 2130
2380 2131
1222 2133
2266 2134
2945 2135
3182 2136
553 2137
1374 2138
3344 2146
2176 2148
3496 2151
3422 2154
600 2156
1727 2158
2128 2160
3581 2161
2163 2163
2164 2164
182 2165
2020 2166
2167 2167
1076 2172
1127 2173
2174 2174
408 2175
2177 2177
608 2178
1000 2180
481 2188
1890 2189
706 2192
1232 2195
2284 2206
2975 2208
641 2209
1992 2210
3305 2217
2221 2221
2335 2222
1174 2224
2486 2229
2231 2231
2119 2233
1561 2234
1377 2235
2275 2237
154 2238
2239 2239
568 2240
1463 2242
46 2246
554 2250
3003 2256
1877 2258
275 2259
3642 2261
83 2266
2274 2274
1590 2279
822 2283
3305 2290
3648 2291
2917 2292
2231 2294
2295 2295
1404 2297
2197 2298
1561 2299
2302 2302
2304 2304
2308 2308
1504 2309
3507 2311
2040 2312
600 2318
494 2321
1818 2329
3522 2345
1518 2346
3577 2348
2291 2349
1548 2350
321 2351
2352 2352
1017 2354
2225 2355
2558 2357
154 2364
3020 2365
421 2367
1543 2371
958 2378
216 2379
1590 2381
870 2384
1576 2386
2873 2388
1125 2389
3545 2391
2681 2394
2413 2395
2397 2397
1570 2398
296 2400
2401 2401
1771 2402
2098 2403
3563 2407
1232 2414
3171 2415
1478 2416
3016 2418
2300 2421
1323 2425
3425 2427
386 2430
2431 2431
2239 2432
598 2433
2435 2435
3093 2441
907 2442
2444 2444
1983 2445
2808 2446
2959 2447
1270 2449
2388 2450
2451 2451
247 2452
2071 2453
3181 2455
128 2456
2457 2457
2257 2458
266 2460
1195 2462
993 2464
2257 2469
662 2472
543 2475
2480 2480
1284 2483
1386 2485
1077 2486
2582 2487
1565 2489
930 2491
3188 2492
92 2493
180 2494
2498 2498
2500 2500
769 2502
2962 2503
2051 2504
3251 2506
61 2507
1295 2509
265 2510
3396 2511
1727 2513
1276 2514
2549 2515
367 2516
1979 2517
2132 2518
2519 2519
3111 2522
2523 2523
2257 2524
3182 2525
1465 2526
2316 2530
1897 2533
1629 2535
2536 2536
279 2541
3131 2542
1112 2545
1248 2547
555 2549
798 2553
2451 2555
2558 2558
3442 2559
2564 2564
1492 2565
628 2569
1705 2570
255 2571
2572 2572
933 2573
2972 2576
1402 2578
532 2580
1632 2582
2588 2588
3404 2590
2596 2596
1993 2597
2215 2598
2600 2600
1470 2602
543 2604
494 2605
3230 2609
3007 2620
2795 2623
3546 2625
3399 2627
1172 2628
2892 2630
2392 2632
1411 2633
768 2635
102 2637
1320 2642
18 2643
1900 2644
791 2645
2423 2648
1579 2650
810 2651
3544 2655
1727 2657
1517 2661
2662 2662
1303 2663
3304 2664
432 2669
2490 2670
2812 2672
2242 2673
2107 2677
266 2678
870 2681
1564 2682
603 2684
1828 2685
3505 2687
2789 2690
1778 2691
3607 2693
3049 2694
1719 2701
1890 2703
1468 2707
2929 2709
494 2715
2719 2719
1585 2721
1441 2724
2451 2725
2651 2729
1685 2730
9 2731
2296 2734
1637 2735
2815 2736
43 2738
122 2740
724 2741
513 2743
160 2745
3359 2746
1694 2747
2919 2752
336 2757
1017 2758
770 2759
1048 2760
2357 2762
1711 2764
1368 2766
2257 2768
1811 2769
1028 2770
1616 2775
2780 2780
2102 2782
2783 2783
2785 2785
889 2788
3391 2789
2904 2791
173 2793
1232 2794
3225 2797
3213 2798
2801 2801
3437 2803
67 2804
2811 2811
2819 2819
798 2820
2069 2821
3338 2822
2826 2826
1545 2828
2181 2830
3638 2832
2833 2833
2206 2836
1919 2837
1804 2841
2844 2844
1591 2846
2848 2848
3026 2849
870 2850
2826 2851
1440 2852
2853 2853
1345 2855
228 2856
1724 2859
2446 2860
1951 2863
3183 2864
2865 2865
3096 2867
2213 2868
1181 2870
1990 2872
2873 2873
305 2877
1885 2878
2542 2879
1663 2880
1754 2882
3667 2884
1744 2886
3502 2887
3527 2888
154 2889
2564 2894
1576 2895
2484 2896
3380 2899
14 2902
1299 2903
2791 2904
2798 2907
2798 2911
708 2916
336 2918
2923 2923
2926 2926
2932 2932
589 2933
2380 2934
628 2935
1887 2938
3238 2943
3657 2944
1463 2946
2588 2947
993 2949
2892 2952
487 2953
2190 2954
2955 2955
2958 2958
1690 2963
909 2965
695 2969
2564 2970
2971 2971
1109 2974
3674 2975
2395 2976
1591 2977
1633 2979
2981 2981
1425 2982
3238 2986
693 2989
2994 2994
3231 2996
3093 2999
2774 3002
2319 3003
3004 3004
3006 3006
2914 3007
870 3008
154 3010
3012 3012
1919 3015
407 3020
3023 3023
336 3025
1567 3027
2100 3028
2590 3030
3612 3031
3036 3036
3037 3037
1498 3038
97 3040
1377 3042
764 3043
2454 3045
3505 3046
3404 3047
1877 3053
310 3056
657 3057
3400 3058
3059 3059
3063 3063
3064 3064
2670 3065
2062 3069
350 3071
1548 3072
1402 3074
3076 3076
743 3078
2175 3083
667 3085
3229 3086
3088 3088
2743 3089
3090 3090
1109 3091
3183 3092
563 3095
248 3096
3335 3098
1638 3099
3109 3109
1763 3111
3113 3113
2987 3114
384 3115
3116 3116
3413 3118
3499 3121
747 3123
1725 3124
3125 3125
3127 3127
1187 3131
3421 3136
1383 3139
1482 3144
1028 3149
72 3150
3505 3153
1109 3157
1149 3158
1629 3164
3165 3165
3125 3169
3147 3170
3284 3172
570 3176
3177 3177
819 3178
242 3179
3032 3180
1708 3182
1396 3183
917 3189
3190 3190
3194 3193
621 3194
3195 3195
2380 3199
955 3200
1044 3201
1416 3206
2403 3212
438 3213
3214 3214
3216 3216
3223 3223
2661 3224
1628 3228
133 3229
1926 3232
841 3234
3335 3235
3237 3237
3241 3241
3246 3246
3249 3249
2023 3250
3251 3251
2292 3252
2626 3254
3255 3255
2564 3259
2362 3261
1940 3266
3267 3267
3069 3269
2001 3270
993 3273
275 3274
2656 3277
2777 3278
2102 3279
3281 3281
1725 3284
2599 3287
2483 3290
2451 3293
2963 3296
1082 3299
1391 3300
2451 3301
993 3302
2527 3304
1618 3308
290 3315
3316 3316
3104 3320
2296 3321
3452 3323
1579 3324
818 3325
667 3326
3327 3327
3150 3330
2664 3331
3333 3333
351 3334
1108 3335
1708 3337
3577 3338
14 3339
1395 3344
246 3348
354 3354
768 3355
3359 3359
415 3360
3380 3361
3228 3367
3368 3368
265 3370
3371 3371
3372 3372
3373 3373
2000 3374
3261 3378
2319 3379
438 3380
3076 3381
2442 3382
2377 3385
1126 3387
3388 3388
1564 3390
1470 3393
2206 3400
1728 3403
2604 3404
1396 3406
1195 3412
2451 3415
1644 3418
2503 3421
3100 3424
2440 3430
1939 3432
2564 3435
3437 3437
2746 3439
67 3440
3020 3443
3386 3447
3452 3452
1148 3457
1457 3463
3380 3471
3049 3479
3117 3480
3487 3487
1045 3493
628 3494
494 3495
357 3498
3120 3500
2140 3505
1951 3507
3399 3509
3458 3514
1299 3516
766 3517
2064 3520
176 3522
3530 3530
3150 3531
1373 3538
3019 3540
3630 3542
3214 3544
3648 3545
3547 3547
3284 3550
70 3552
3052 3553
1286 3561
2815 3563
3305 3564
2536 3566
493 3567
3568 3568
265 3574
603 3576
3584 3584
3103 3585
1076 3592
705 3593
2181 3596
708 3601
3238 3604
1685 3610
3613 3613
3100 3619
2661 3620
3456 3623
1109 3624
1123 3628
3473 3631
3634 3634
2945 3636
1148 3638
497 3639
602 3643
1564 3645
2993 3647
3583 3649
231 3650
311 3651
601 3653
1290 3656
2545 3664
993 3666
3667 3667
2127 3670
1232 3671
1855 3672
6624 3677
3733 3679
5926 3680
4314 3684
5883 3685
3687 3687
4212 3688
4733 3691
3694 3694
3695 3695
4921 3698
4254 3699
5145 3700
5481 3701
4489 3702
4744 3703
3704 3704
4711 3705
3706 3706
6499 3707
4077 3713
3717 3717
3718 3718
3684 3720
6665 3721
3841 3723
4241 3724
6787 3727
4575 3728
3847 3730
6269 3731
6566 3734
5196 3737
5056 3738
6559 3739
4182 3740
4249 3742
6189 3744
3868 3747
6689 3752
5385 3757
5305 3758
4963 3759
4477 3761
3698 3763
4152 3764
5446 3765
4025 3766
6451 3767
5909 3768
6007 3770
4333 3771
5958 3772
5361 3773
4653 3774
6822 3775
6637 3778
6236 3780
4225 3781
3921 3782
6874 3786
5499 3790
4227 3791
6415 3795
4639 3797
3996 3803
5663 3804
5090 3806
3812 3812
6566 3813
4868 3815
6793 3818
5878 3819
6822 3820
5634 3821
3798 3822
3823 3823
3824 3824
3829 3829
5577 3831
4664 3835
5852 3837
4742 3842
5581 3843
5023 3844
4163 3847
5806 3849
4477 3853
5381 3855
4881 3856
4421 3859
5577 3861
3895 3864
6665 3866
6035 3870
5175 3873
4003 3874
4268 3877
5047 3884
4324 3885
6613 3887
3889 3889
5365 3891
3892 3892
3746 3893
6434 3894
6195 3895
3899 3899
3900 3900
5469 3901
6026 3904
5906 3907
6570 3908
4636 3910
3846 3914
6530 3915
4079 3918
6774 3925
4631 3926
5244 3927
4421 3931
3932 3932
4659 3934
4855 3936
5744 3938
4432 3940
6617 3941
6305 3943
4917 3949
5446 3951
4485 3952
4729 3953
6370 3954
6524 3956
5380 3957
4079 3959
6062 3962
5600 3963
4115 3964
3965 3965
4798 3966
4161 3969
5656 3975
3976 3976
5760 3978
4248 3980
5496 3982
5335 3984
6502 3986
4224 3988
4772 3989
3990 3990
6834 3992
6659 3996
4650 4006
4990 4007
4805 4008
6665 4009
4568 4011
5923 4013
4629 4014
4007 4017
4037 4019
6305 4020
4424 4021
4177 4024
6686 4025
4473 4026
5852 4030
4032 4032
5882 4033
4291 4034
4037 4037
5306 4038
5325 4039
4200 4040
5225 4042
5259 4044
4045 4045
6007 4046
4182 4049
3921 4051
6525 4054
5103 4055
6769 4065
4871 4067
3745 4069
6066 4072
3777 4074
5097 4076
6665 4078
4880 4079
3931 4082
6007 4086
5907 4087
5250 4088
4091 4091
3941 4093
6734 4095
5496 4097
4184 4099
6570 4100
5695 4103
5127 4105
6072 4107
4108 4108
6860 4115
5084 4116
6030 4119
3874 4123
4124 4124
5831 4125
3699 4127
6620 4128
5914 4133
4135 4135
3921 4136
4921 4138
4646 4139
3708 4140
4145 4145
5311 4146
4182 4147
4148 4148
4149 4149
5698 4150
4955 4151
4254 4152
4155 4155
5845 4156
4157 4157
4158 4158
4999 4160
6410 4162
4067 4163
4067 4166
4167 4167
4246 4169
5446 4170
3731 4175
6141 4180
5913 4185
5958 4188
4889 4193
5906 4194
5512 4198
5758 4200
6594 4201
5600 4202
4157 4205
6133 4207
4256 4208
5734 4212
4815 4214
4520 4215
6352 4216
5978 4217
4815 4219
5180 4221
5453 4224
4424 4225
4226 4226
4623 4229
4230 4230
4238 4238
4773 4240
4079 4243
5747 4245
5546 4246
4889 4248
4179 4250
6662 4251
5195 4252
6822 4260
6776 4263
5879 4265
6017 4270
4259 4274
6352 4275
5298 4278
6822 4279
4805 4280
3721 4281
4285 4285
4102 4287
4290 4290
4294 4294
5225 4295
3805 4298
4299 4299
4300 4300
5597 4302
4308 4308
5439 4310
3917 4313
4622 4316
4015 4317
6822 4318
4788 4320
4321 4321
5068 4324
4233 4325
3869 4328
4329 4329
4664 4332
6381 4334
6281 4335
6007 4339
4099 4341
5199 4344
4371 4347
6050 4348
6026 4350
5051 4351
4740 4353
6652 4355
3702 4360
5327 4363
6002 4371
4372 4372
5909 4378
3958 4380
5879 4381
4386 4386
5336 4387
6594 4391
5077 4392
4134 4399
5913 4401
3816 4402
5298 4403
6764 4408
5262 4409
4476 4411
4412 4412
5320 4413
5792 4415
4575 4416
6872 4417
6668 4418
6050 4419
4509 4420
5070 4421
5845 4423
3954 4424
6827 4425
5555 4426
4776 4427
5051 4428
4436 4436
6768 4437
4324 4439
4125 4441
5124 4447
3909 4448
6774 4449
5663 4452
4163 4453
4454 4454
4909 4455
4951 4456
5577 4460
4427 4461
5290 4462
6885 4468
3735 4469
4470 4470
6613 4472
6429 4473
5401 4477
5780 4478
6662 4480
4481 4481
6748 4482
5430 4485
4304 4491
4493 4493
4494 4494
4879 4497
4235 4498
4465 4500
4947 4501
4502 4502
4503 4503
4504 4504
6822 4511
6288 4512
5493 4513
4604 4515
5120 4516
4517 4517
6214 4520
5758 4524
6653 4525
4900 4527
6727 4528
4533 4530
4965 4531
5586 4532
5568 4533
4948 4535
4538 4538
5493 4539
3786 4543
3996 4544
4548 4548
6769 4549
4543 4551
5667 4554
4340 4555
4880 4557
6309 4565
5293 4567
4752 4570
6703 4572
4573 4573
6636 4574
5378 4575
4868 4576
6076 4577
4580 4579
5443 4580
3796 4583
4176 4585
4125 4587
5241 4590
4396 4594
4235 4596
4371 4597
4377 4598
5618 4600
3886 4601
5236 4602
6554 4604
4607 4607
4634 4609
6111 4610
4805 4611
4890 4612
6598 4613
6216 4614
6329 4615
4646 4616
4182 4617
4622 4619
6154 4626
5731 4628
6035 4629
4631 4631
6007 4632
3832 4635
3708 4636
4637 4637
6774 4639
6855 4641
4644 4644
6624 4645
6248 4647
4762 4649
4650 4650
5663 4658
5868 4663
4575 4665
5156 4668
4891 4671
5489 4672
4172 4673
4719 4675
4677 4677
5975 4679
5401 4680
4040 4681
4575 4682
4246 4683
4687 4687
4359 4691
4693 4693
6822 4695
4855 4697
3833 4698
4969 4702
4575 4704
5213 4708
5190 4709
6209 4712
4714 4714
5496 4716
5456 4717
4096 4718
4494 4721
4199 4724
5488 4727
5118 4728
4729 4729
4730 4730
6774 4731
5555 4733
4102 4734
4071 4737
6554 4738
6136 4740
4742 4742
4889 4744
5393 4745
6360 4747
5029 4748
4749 4749
3676 4751
4740 4752
4003 4754
5202 4755
4756 4756
4964 4760
3850 4764
4664 4765
5695 4767
4163 4769
6209 4770
5909 4772
6352 4774
4014 4775
4776 4776
5814 4777
5695 4778
4473 4782
5712 4788
4007 4789
6535 4790
4303 4792
4793 4793
4794 4794
4200 4795
5911 4796
4797 4797
4182 4798
4799 4799
4664 4807
6789 4808
4873 4812
6310 4813
4814 4814
4055 4815
6326 4820
4805 4823
6257 4824
5106 4830
4831 4831
3796 4832
6713 4837
6287 4838
4478 4839
4079 4840
4583 4844
4849 4849
5496 4850
4893 4853
5474 4855
5042 4856
6789 4859
5473 4860
5433 4866
6297 4868
5591 4869
4464 4871
5794 4875
5146 4877
6855 4878
6305 4879
4708 4881
3800 4883
4752 4884
4729 4885
6659 4887
4232 4889
5320 4890
5705 4892
5009 4893
3853 4894
6112 4899
5930 4901
3899 4903
6305 4905
4907 4907
5195 4908
6305 4910
3766 4913
4644 4915
6086 4916
3949 4917
4918 4918
6199 4926
5496 4927
6786 4928
4930 4930
5879 4931
4932 4932
5227 4933
4575 4934
6515 4936
3746 4939
4664 4949
4953 4953
4956 4956
6374 4957
6112 4961
5512 4962
4963 4963
4964 4964
6029 4967
4200 4969
5213 4972
4973 4973
6602 4974
6240 4975
4646 4976
4575 4977
4982 4982
6085 4985
4428 4986
4543 4989
6822 4993
6576 4995
6576 4998
4352 4999
5697 5000
5007 5007
5255 5008
5038 5012
5481 5015
4464 5019
4203 5020
5757 5021
5879 5022
5982 5023
4517 5027
6187 5028
4951 5030
6072 5031
6413 5033
5560 5034
6072 5036
5652 5039
4921 5040
5076 5042
4001 5046
5686 5047
5833 5051
4165 5052
5056 5056
5083 5059
5188 5060
6405 5063
5365 5065
5845 5067
6411 5068
5840 5069
4340 5070
6055 5072
3868 5073
4749 5074
4392 5077
5079 5079
6872 5080
5478 5081
5996 5082
4461 5083
5967 5086
4767 5087
3869 5088
5996 5091
3851 5092
6787 5093
6783 5094
5097 5097
4805 5098
4434 5099
5100 5100
5293 5101
6527 5104
5665 5105
5962 5106
5110 5110
6822 5114
4805 5115
4799 5116
5117 5117
6188 5119
4304 5121
5977 5122
5125 5125
6538 5127
5390 5128
5129 5129
5760 5131
4685 5133
6466 5136
4911 5138
6613 5139
5365 5153
3998 5154
4744 5156
6381 5157
5944 5158
5076 5160
5758 5162
6837 5164
4485 5168
6385 5169
5763 5173
5840 5174
4575 5179
3763 5180
5603 5183
5205 5185
5186 5186
4805 5187
3717 5189
6085 5193
6769 5196
5197 5197
5299 5199
5379 5200
5203 5203
6429 5205
6845 5208
4409 5214
3975 5215
4432 5225
4297 5230
3899 5233
4610 5234
5235 5235
4634 5236
6549 5238
5239 5239
4684 5247
4664 5248
6381 5249
5378 5250
6460 5253
4833 5254
3696 5255
5405 5257
4793 5259
6822 5263
6409 5266
4475 5268
5269 5269
5446 5271
4349 5272
3816 5282
5474 5283
5968 5285
4766 5288
4432 5289
5233 5291
3847 5293
6236 5294
5295 5295
4392 5296
6322 5300
5023 5301
5304 5304
3721 5308
5697 5311
5107 5314
5799 5315
5570 5317
5092 5322
5324 5324
3893 5331
5695 5334
5029 5336
6192 5337
4951 5338
6617 5341
5508 5342
5343 5343
5914 5344
6026 5345
4509 5346
5717 5348
4604 5350
5290 5352
6576 5356
5882 5362
6050 5363
5441 5367
5879 5371
5034 5372
5744 5373
4705 5375
5377 5377
5378 5378
3828 5384
6881 5387
3911 5390
4646 5392
5393 5393
6822 5394
6576 5398
5698 5399
5446 5400
6415 5403
5851 5405
5406 5406
6662 5407
5019 5408
4573 5409
5410 5410
6595 5411
6216 5412
6237 5414
6571 5416
4219 5417
5964 5421
5771 5422
5322 5424
4717 5428
5089 5430
6050 5432
5550 5437
6291 5439
6621 5442
4018 5443
4291 5448
5287 5451
5072 5452
5250 5457
5458 5458
4223 5469
3893 5471
3724 5473
6411 5474
5205 5480
6429 5481
4079 5482
6515 5483
3940 5485
5781 5488
4871 5489
4079 5492
4753 5493
6644 5494
6512 5496
5497 5497
5038 5498
6855 5499
4221 5501
5926 5503
5519 5504
5036 5506
4890 5509
5385 5510
5226 5514
4842 5515
4001 5516
3809 5519
5521 5521
4831 5523
6621 5524
4911 5525
5526 5526
5527 5527
6499 5528
6140 5530
5532 5532
6584 5533
4149 5534
5364 5535
5539 5539
5845 5541
5542 5542
4119 5543
5322 5544
6310 5546
5018 5547
5549 5549
4061 5552
4917 5554
5975 5559
4951 5562
6544 5564
5759 5566
5466 5568
6588 5569
6598 5572
5195 5574
6072 5575
4224 5576
4805 5580
6571 5584
6743 5585
5590 5590
5594 5594
6525 5595
5300 5596
5703 5597
3828 5598
3717 5603
3764 5604
5156 5607
5770 5609
5949 5610
6404 5614
4894 5615
3680 5621
6145 5624
4773 5626
5283 5627
4438 5629
5630 5630
4409 5631
3833 5632
4481 5634
5516 5635
5929 5636
5641 5641
5648 5648
6050 5650
6602 5653
5654 5654
3778 5656
3842 5662
5663 5663
5687 5665
6294 5668
5879 5669
3937 5674
5675 5675
5499 5676
4767 5681
4649 5683
4485 5684
5118 5686
3796 5687
5089 5690
4805 5693
5695 5695
5909 5696
4568 5697
5529 5698
6822 5700
4399 5701
4351 5704
5705 5705
5579 5706
6595 5708
6460 5709
6185 5712
4003 5715
5717 5717
4430 5727
5464 5728
4760 5732
5917 5735
4145 5739
4748 5740
6406 5743
3878 5744
3980 5745
4432 5747
5562 5748
6254 5749
5750 5750
5199 5753
5866 5756
5698 5757
5408 5759
6288 5761
4618 5762
5484 5763
4881 5764
4805 5765
6776 5766
5849 5767
4184 5770
4001 5771
4646 5772
5775 5775
5777 5777
5801 5780
3944 5781
3865 5783
4783 5786
5962 5790
5791 5791
6386 5794
6544 5795
4464 5800
5596 5801
5802 5802
4432 5803
6076 5804
4998 5807
6050 5809
6615 5811
5812 5812
3971 5815
6686 5817
4099 5819
5570 5820
5496 5824
5262 5826
6136 5827
6260 5831
5482 5832
6686 5833
5837 5837
5996 5839
5840 5840
5493 5841
4752 5843
5975 5844
6822 5846
5054 5849
4659 5850
4152 5852
5855 5855
6822 5859
3893 5860
4182 5861
5862 5862
6615 5863
5521 5865
4449 5866
3863 5874
5320 5875
4675 5876
5213 5877
3904 5878
3734 5879
6740 5880
5154 5881
5655 5882
5884 5884
4527 5885
5886 5886
5463 5887
3893 5888
3893 5889
5890 5890
4641 5891
5124 5892
5307 5894
4040 5895
4520 5896
4543 5900
5901 5901
4729 5903
4350 5906
5907 5907
5534 5908
5658 5912
4221 5913
5690 5914
4437 5917
4079 5921
5245 5925
3904 5926
4277 5927
5481 5929
4433 5930
5932 5932
5936 5936
4079 5938
5939 5939
4509 5941
5118 5942
5944 5944
4187 5946
6783 5950
5952 5952
6822 5956
5959 5959
4201 5961
6306 5962
5625 5964
4753 5965
3941 5966
6659 5974
5127 5975
5405 5976
5977 5977
5978 5978
5697 5980
5845 5983
4865 5984
4939 5985
5986 5986
4081 5990
5991 5991
4076 5993
4905 5994
6613 5995
3837 6002
6519 6004
5845 6008
6415 6010
4728 6012
6411 6017
6786 6018
6024 6024
4202 6030
3971 6031
6603 6032
5745 6033
5236 6036
4461 6037
5763 6039
5365 6040
3893 6043
5306 6047
6050 6051
3893 6053
6054 6054
3913 6055
6056 6056
4067 6057
6317 6062
6063 6063
5194 6065
4187 6068
4696 6069
4304 6070
6073 6073
4442 6075
6077 6077
5139 6078
6098 6079
4244 6082
6011 6084
4573 6085
4150 6087
4878 6089
6090 6090
3952 6091
6095 6095
6830 6096
5250 6097
6101 6101
6319 6102
6598 6104
5790 6108
5909 6113
4679 6115
6294 6116
6117 6117
5701 6119
6121 6121
4564 6125
4409 6127
6594 6128
6628 6130
5262 6131
6317 6133
4272 6134
6294 6135
4575 6137
5440 6139
6142 6142
5532 6143
3878 6144
5909 6145
4075 6147
5667 6150
3885 6157
4105 6158
6159 6159
6161 6161
6162 6162
6659 6165
5971 6167
5047 6172
5717 6175
4324 6177
5845 6178
4644 6181
3893 6182
6822 6183
5592 6189
5306 6191
4592 6192
4963 6196
6050 6202
6209 6209
5069 6210
5879 6211
4846 6212
5913 6214
5474 6219
4711 6223
6225 6225
5038 6226
5648 6227
6247 6228
6822 6232
6306 6236
6837 6237
6238 6238
6769 6243
4805 6244
6728 6245
6248 6248
5680 6254
5909 6256
4900 6257
4461 6258
4891 6260
4015 6261
6263 6263
5239 6264
4865 6268
6530 6269
6276 6276
5336 6277
6247 6279
4966 6286
4461 6289
5842 6295
5652 6296
5381 6303
4828 6306
6409 6308
6309 6309
6310 6310
5280 6311
6260 6318
6319 6319
6822 6321
3899 6322
6793 6324
5909 6325
6326 6326
4994 6327
4703 6328
6627 6329
6187 6330
5406 6332
4805 6333
3818 6334
5962 6335
5453 6337
4989 6338
4575 6339
3944 6340
6353 6341
6141 6343
6349 6349
6576 6350
5360 6351
6026 6355
4454 6356
3950 6357
6242 6358
6360 6360
6611 6362
6365 6365
5792 6366
4805 6367
4874 6368
6370 6370
5194 6375
4304 6378
4023 6380
5751 6381
4658 6382
6781 6387
5227 6392
5586 6393
4921 6395
6822 6399
4646 6401
6402 6402
4658 6407
3893 6408
5721 6410
5926 6413
3764 6417
5227 6418
6845 6419
3973 6422
4592 6424
4227 6425
4646 6427
5202 6428
6429 6429
6538 6431
5996 6432
5446 6433
6769 6434
5944 6437
6438 6438
6114 6440
3714 6442
4805 6443
3965 6445
5038 6447
5443 6449
5357 6451
3893 6456
4165 6457
6434 6459
4297 6461
3878 6462
5202 6464
6467 6467
4009 6470
4808 6471
3878 6474
4182 6476
3734 6477
3721 6478
6555 6481
6713 6489
6076 6491
3878 6493
4767 6496
5493 6500
4274 6507
4259 6512
4201 6519
4473 6521
3767 6522
6523 6523
6592 6526
4664 6528
5784 6529
4871 6530
4812 6531
6533 6533
3746 6534
4254 6535
3829 6538
3979 6541
5493 6542
3893 6547
5038 6553
3921 6557
6559 6559
6560 6560
6561 6561
3850 6563
5928 6564
4738 6571
6033 6573
5885 6576
3765 6579
4798 6585
3810 6586
5255 6587
6117 6588
6662 6589
6591 6591
6592 6592
4224 6593
3753 6594
6595 6595
5341 6597
5788 6598
3944 6600
4951 6601
6602 6602
5990 6603
5777 6606
4297 6608
6610 6610
3734 6613
3755 6615
4015 6617
4577 6620
6114 6621
4601 6622
6626 6626
5958 6628
6630 6630
4665 6632
6103 6635
4947 6636
6638 6638
6659 6639
6050 6640
6644 6644
5417 6645
5448 6646
5127 6652
6035 6653
4753 6656
6657 6657
5733 6658
4093 6659
6273 6662
4575 6663
5868 6664
5737 6666
3886 6667
5975 6669
4752 6673
5262 6675
6678 6676
6287 6683
4438 6686
5954 6688
6068 6689
4473 6691
4946 6692
4797 6693
5499 6695
4067 6696
4005 6699
6141 6700
3765 6703
5550 6704
6706 6706
6187 6707
5909 6711
6713 6713
5174 6714
5878 6715
6721 6721
3764 6723
6814 6725
6653 6728
4629 6729
6308 6732
6647 6734
4641 6735
5879 6737
6822 6738
4748 6740
6374 6741
4577 6743
5962 6745
5962 6746
5195 6747
6754 6754
6270 6755
5072 6758
4921 6761
4061 6762
6767 6767
6451 6774
6525 6775
6778 6778
4878 6779
5612 6781
3878 6782
6219 6783
6788 6788
4219 6789
4697 6790
6791 6791
6793 6793
4497 6794
6171 6795
5118 6796
6797 6797
5882 6799
6644 6800
6793 6801
6822 6802
6807 6807
6809 6809
6156 6810
6776 6811
5271 6814
4461 6816
6698 6817
4188 6819
6823 6823
5674 6827
4229 6828
4362 6831
6834 6834
5400 6835
5747 6836
6839 6839
6841 6841
4125 6842
3964 6843
5771 6845
4878 6847
5299 6849
5375 6851
4664 6854
4369 6855
3754 6857
3893 6858
5853 6859
4254 6860
5195 6861
6862 6862
4951 6863
5140 6867
6868 6868
3731 6869
6248 6872
3971 6873
3809 6877
3696 6881
5227 6884
5698 6885
6417 6887
4122 6888
