356 356
23 23
3852 3852
138 138
3547 3547
3776 3776
27 27
113 113
344 344
76 76
289 289
3749 3749
3754 3754
1908 1908
3552 3552
442 442
1907 1907
3544 3544
3823 3823
3588 3588
5603 5603
438 438
5369 5369
3069 3069
5659 5659
3596 3596
5597 5597
3843 3843
3629 3629
3949 3949
17 17
279 279
2809 2809
245 245
3774 3774
3926 3926
3825 3825
2797 2797
239 239
435 435
3546 3546
85 85
351 351
50 50
99 99
124 124
5634 5634
5510 5510
3628 3628
54 54
122 122
156 156
3561 3561
6265 6265
5519 5519
3757 3757
5707 5707
59 59
5949 5949
5458 5458
5933 5933
5848 5848
6057 6057
5721 5721
5538 5538
5542 5542
5651 5651
5543 5543
5654 5654
1 1
3818 3818
5604 5604
5837 5837
5611 5611
174 174
2222 2222
7 7
282 282
2246 2246
5539 5539
3687 3687
4019 4019
5977 5977
5716 5716
6052 6052
5820 5820
3648 3648
2178 2178
5827 5827
2177 2177
6063 6063
4010 4010
0 0
3662 3662
2127 2127
6061 6061
3962 3962
2378 2378
5533 5533
5982 5982
6090 6090
5495 5495
2180 2180
158 158
5646 5646
3956 3956
376 376
6143 6143
6142 6142
2221 2221
4071 4071
217 217
6035 6035
2395 2395
5664 5664
5575 5575
6005 6005
2274 2274
6125 6125
3988 3988
3487 3487
6121 6121
6149 6149
5233 5233
5475 5475
151 151
153 153
3493 3493
6109 6109
538 538
374 374
5679 5679
466 466
472 472
5644 5644
5802 5802
6147 6147
5740 5740
6160 6160
6162 6162
5756 5756
6010 6010
6161 6161
473 473
3873 3873
4799 4799
2204 2204
372 372
3889 3889
4038 4038
3980 3980
475 475
2565 2565
3676 3676
5989 5989
4037 4037
3720 3720
4308 4308
6215 6215
2296 2296
2068 2068
5573 5573
4012 4012
2302 2302
2295 2295
386 386
2067 2067
5791 5791
2521 2521
1309 1309
3813 3813
2588 2588
2305 2305
5852 5852
2299 2299
2035 2035
2402 2402
2317 2317
3731 3731
4230 4230
4793 4793
4076 4076
6850 6850
6834 6834
5876 5876
2635 2635
2325 2325
2629 2629
4188 4188
2413 2413
6225 6225
4294 4294
2318 2318
1968 1968
6781 6781
1722 1722
3683 3683
1976 1976
3437 3437
1299 1299
768 768
3077 3077
1251 1251
2643 2643
1591 1591
1925 1925
691 691
801 801
3414 3414
2572 2572
1546 1546
6788 6788
1875 1875
2446 2446
3381 3381
3274 3274
6853 6853
3281 3281
1741 1741
2444 2444
2415 2415
6769 6769
6808 6808
3314 3314
1570 1570
3249 3249
1953 1953
1523 1523
929 929
6780 6780
671 671
6338 6338
1025 1025
1586 1586
3225 3225
6790 6790
3237 3237
2914 2914
6848 6848
3452 3452
4828 4828
3076 3076
3219 3219
3292 3292
1600 1600
3246 3246
5813 5813
3497 3497
4155 4155
2821 2821
5928 5928
2989 2989
2541 2541
6721 6721
3124 3124
652 652
3460 3460
2846 2846
5356 5356
3373 3373
1883 1883
2844 2844
891 891
697 697
1358 1358
6791 6791
2833 2833
995 995
3388 3388
1357 1357
6713 6713
5344 5344
2836 2836
3382 3382
4237 4237
615 615
4797 4797
3204 3204
6581 6581
6584 6584
4091 4091
3386 3386
225 225
3196 3196
3036 3036
2689 2689
1258 1258
6630 6630
6610 6610
1938 1938
6323 6323
585 585
6587 6587
1788 1788
4691 4691
6841 6841
6591 6591
5782 5782
892 892
6475 6475
3765 3765
1000 1000
4486 4486
6620 6620
1780 1780
632 632
4175 4175
6564 6564
1850 1850
5433 5433
999 999
6589 6589
1163 1163
4538 4538
1593 1593
6429 6429
4664 4664
2662 2662
6801 6801
4221 4221
6724 6724
1014 1014
6466 6466
6319 6319
926 926
6561 6561
1576 1576
4321 4321
1140 1140
990 990
4267 4267
226 226
4995 4995
1013 1013
4254 4254
3044 3044
3148 3148
4356 4356
4698 4698
1832 1832
1831 1831
1904 1904
3016 3016
3194 3194
6337 6337
2994 2994
882 882
2853 2853
4481 4481
4736 4736
4764 4764
839 839
4504 4504
2919 2919
3407 3407
6373 6373
613 613
4553 4553
3104 3104
1526 1526
4693 4693
2915 2915
4502 4502
4587 4587
6625 6625
6486 6486
6312 6312
5145 5145
3323 3323
3478 3478
4991 4991
4795 4795
6511 6511
1364 1364
1644 1644
968 968
4427 4427
6633 6633
6683 6683
6526 6526
5410 5410
4794 4794
1860 1860
4915 4915
5438 5438
808 808
6438 6438
3319 3319
4522 4522
2722 2722
993 993
3144 3144
4225 4225
1833 1833
4745 4745
3026 3026
3333 3333
5265 5265
4127 4127
1314 1314
4149 4149
5097 5097
4476 4476
5036 5036
6334 6334
1390 1390
6693 6693
4586 4586
6398 6398
2746 2746
4593 4593
4846 4846
3120 3120
4383 4383
4943 4943
4552 4552
6695 6695
4533 4533
5244 5244
4960 4960
815 815
873 873
5262 5262
1758 1758
5172 5172
4448 4448
6433 6433
4114 4114
1461 1461
1306 1306
2719 2719
4907 4907
6426 6426
958 958
778 778
4564 4564
2718 2718
3113 3113
965 965
2101 2101
4677 4677
1293 1293
2104 2104
3193 3193
5323 5323
1481 1481
654 654
1827 1827
2960 2960
4631 4631
881 881
4119 4119
672 672
848 848
3115 3115
1527 1527
1747 1747
3088 3088
6381 6381
4964 4964
1397 1397
1153 1153
1238 1238
4583 4583
4334 4334
6566 6566
4162 4162
875 875
1132 1132
602 602
4455 4455
1733 1733
6370 6370
919 919
970 970
6415 6415
1101 1101
2881 2881
1676 1676
1100 1100
1468 1468
249 249
2971 2971
4311 4311
4711 4711
6529 6529
4592 4592
1477 1477
4407 4407
1867 1867
4197 4197
5250 5250
2880 2880
860 860
4951 4951
1678 1678
5197 5197
1633 1633
3125 3125
4517 4517
932 932
3128 3128
4393 4393
4436 4436
4917 4917
3155 3155
1044 1044
