5610 5610
5750 5750
5589 5589
5840 5840
5613 5613
5842 5842
5708 5708
6231 6231
6077 6077
6076 6076
5746 5746
6079 6079
6064 6064
5551 5551
5452 5452
3522 3522
3624 3624
5523 5523
5641 5641
1907 1907
5952 5952
5932 5932
6248 6248
6090 6090
5539 5539
5959 5959
3932 3932
3774 3774
408 408
23 23
330 330
2049 2049
43 43
6276 6276
5977 5977
435 435
2797 2797
2180 2180
3584 3584
3571 3571
3667 3667
2178 2178
347 347
3516 3516
6107 6107
2177 2177
1 1
3568 3568
6030 6030
2129 2129
3566 3566
51 51
2779 2779
5646 5646
245 245
2274 2274
3672 3672
5487 5487
4 4
3706 3706
6035 6035
4044 4044
5546 5546
2221 2221
3954 3954
4039 4039
6024 6024
2197 2197
5233 5233
5575 5575
4045 4045
5497 5497
393 393
5915 5915
2624 2624
2086 2086
2588 2588
2022 2022
3695 3695
3694 3694
3889 3889
268 268
3873 3873
3687 3687
5526 5526
158 158
2231 2231
3717 3717
308 308
3765 3765
295 295
5494 5494
2233 2233
2516 2516
2648 2648
1764 1764
6195 6195
2560 2560
2295 2295
271 271
3372 3372
3735 3735
3368 3368
464 464
2676 2676
253 253
2663 2663
2308 2308
2456 2456
400 400
5521 5521
3333 3333
1938 1938
2097 2097
6229 6229
2435 2435
174 174
3737 3737
3388 3388
3335 3335
3177 3177
3447 3447
412 412
5786 5786
3812 3812
6862 6862
3376 3376
2104 2104
6665 6665
6778 6778
3323 3323
6610 6610
6630 6630
2536 2536
3373 3373
1438 1438
6865 6865
6657 6657
2719 2719
3225 3225
3281 3281
249 249
2243 2243
1977 1977
6791 6791
3195 3195
4799 4799
729 729
6625 6625
6731 6731
6626 6626
1741 1741
4329 4329
6693 6693
3237 3237
1546 1546
2994 2994
1464 1464
6848 6848
1000 1000
1147 1147
5054 5054
5069 5069
1409 1409
1755 1755
1833 1833
999 999
987 987
1356 1356
1037 1037
996 996
1591 1591
6602 6602
4749 4749
4729 4729
6591 6591
4412 4412
6533 6533
1780 1780
5075 5075
4702 4702
3012 3012
1870 1870
1481 1481
1824 1824
5410 5410
3109 3109
4238 4238
4734 4734
4180 4180
4956 4956
5283 5283
4101 4101
1421 1421
3507 3507
1045 1045
1044 1044
4158 4158
1014 1014
1860 1860
6429 6429
6566 6566
6721 6721
1424 1424
610 610
693 693
1867 1867
3023 3023
923 923
3116 3116
924 924
3216 3216
801 801
1466 1466
5125 5125
4689 4689
1508 1508
4155 4155
2826 2826
4738 4738
4814 4814
1674 1674
4958 4958
1737 1737
2932 2932
912 1451
6383 6383
904 904
973 973
6326 6326
1285 1285
2926 2926
3036 3036
