1 1
4 4
4392 8
2790 9
1942 11
4687 12
2466 14
23 23
14 25
5553 30
1776 31
1614 32
1386 35
4615 37
1198 39
3365 40
43 43
5896 44
3823 46
2720 47
6219 48
1968 50
51 51
3853 52
4857 53
1127 58
3235 59
1903 61
4149 62
308 67
6177 69
2119 76
6790 80
4737 82
380 85
2726 87
2510 88
1363 91
2159 97
377 99
1172 101
259 103
5028 105
6332 107
5178 108
4866 109
1393 115
2468 116
4351 119
1683 122
2718 124
6134 125
3023 130
5516 135
1730 136
1173 140
6332 142
6061 146
6750 147
2303 149
124 150
816 152
3320 153
6745 155
158 158
4168 163
5709 164
27 165
1508 168
6430 169
363 170
174 174
6553 176
526 188
3148 192
6471 193
857 196
3766 201
4222 204
2795 208
5225 210
4340 212
2824 221
73 225
3870 226
6499 228
398 229
2252 232
4465 233
1837 234
2209 235
5355 236
4317 237
2156 239
3756 240
2588 242
3458 244
245 245
364 247
249 249
2884 252
253 253
3628 255
3750 259
4317 260
4501 262
6326 264
268 268
271 271
4246 274
5245 275
6031 278
1502 281
1554 289
842 291
6509 293
295 295
3833 296
5500 297
490 298
5478 304
5368 305
2159 306
1529 307
308 308
3033 310
3156 312
6857 313
48 315
1746 323
3039 325
4229 326
4010 328
330 330
297 332
2760 333
4772 335
5685 342
6507 343
5128 344
544 345
30 346
347 347
4775 349
1854 352
235 355
5526 356
3803 358
5402 371
372 372
5446 375
2380 379
1932 380
2630 382
6545 383
393 393
3648 394
6346 399
400 400
6455 401
3020 407
408 408
412 412
5339 413
2196 416
6177 420
3017 423
4601 428
6318 429
5572 430
935 433
435 435
4445 438
6743 440
5212 443
6581 445
4623 448
3106 449
4687 451
1031 453
5385 455
2942 456
4687 459
5265 462
464 464
3418 467
1933 472
5919 473
4924 474
5792 476
3030 477
6438 478
3246 481
1946 483
4828 485
4702 486
3672 488
6508 490
2790 496
1934 500
4475 502
3287 504
265 507
310 508
3806 512
6545 513
2338 515
6603 519
5206 520
3707 523
16 532
2884 539
4946 541
2653 543
2684 544
5802 546
2380 547
2884 548
1167 551
5433 557
1172 565
3055 566
1102 568
2790 571
3535 575
829 586
747 589
5131 591
2134 594
3495 595
2140 601
2241 603
4760 604
607 607
2326 608
610 610
5633 612
6010 613
4087 615
1610 616
6843 618
152 619
621 621
3229 624
2552 628
3103 630
4991 632
3347 637
2419 638
1456 640
6841 644
5317 645
1027 647
2247 648
6545 651
652 652
2132 660
1069 661
2854 662
6716 664
6862 665
3769 667
2135 670
6433 671
6684 674
2429 675
155 677
757 683
3733 689
2910 690
3510 691
5926 692
693 693
1176 694
5042 695
3133 696
697 697
3808 699
4493 702
2790 703
4037 704
4313 706
2681 707
886 711
715 715
671 718
5705 726
2790 727
729 729
5059 730
2051 735
5653 738
739 739
5677 743
6809 744
3785 745
4246 749
3759 750
1154 751
1128 753
5170 755
3583 769
4170 770
6839 771
1391 777
4436 778
3915 780
6279 784
5503 788
1854 790
480 791
4502 798
6733 799
801 801
3054 807
873 808
6643 813
6756 814
4691 816
6057 817
3178 819
2199 821
521 822
5741 823
912 824
3915 825
3409 826
5206 832
3042 833
1165 834
3017 835
6059 839
1929 844
4677 846
2234 848
5021 849
5047 851
1613 853
2127 860
3017 863
120 867
4210 871
586 872
2536 873
6413 875
1644 876
1523 882
2015 883
5478 890
923 891
390 897
3933 899
693 901
904 904
1619 905
3441 906
2304 907
1719 908
19 910
2685 911
4502 912
3585 913
4890 915
5389 919
923 923
924 924
2552 925
2790 931
932 932
2127 933
2705 936
2738 939
2543 941
3845 943
6370 944
807 948
6084 950
468 954
5112 955
5110 958
5661 960
5853 962
5600 965
3188 968
2452 969
2359 971
973 973
1891 975
4391 978
987 987
6109 989
5028 991
5865 995
996 996
6881 997
999 999
1000 1000
6716 1002
4085 1003
3889 1004
3631 1006
1417 1008
1014 1014
6422 1015
27 1022
3362 1027
5799 1028
1372 1030
5551 1035
1037 1037
5046 1038
1073 1040
2238 1041
1044 1044
1045 1045
6058 1048
4575 1049
4489 1052
5340 1058
5213 1059
5976 1061
2652 1064
4720 1067
8 1068
5261 1075
3535 1078
2552 1079
3418 1082
1015 1083
5758 1086
5532 1090
1891 1092
1261 1096
631 1101
1083 1103
5568 1107
1474 1108
6055 1110
6841 1111
556 1115
152 1116
4668 1118
3365 1121
2998 1126
2435 1128
903 1129
6215 1131
2397 1135
988 1136
4372 1137
815 1138
1216 1142
1165 1143
87 1145
3491 1146
1147 1147
3202 1148
283 1151
668 1152
1153 1153
1767 1154
3272 1156
6153 1161
986 1162
1164 1164
6758 1169
6751 1173
6098 1174
4452 1176
4573 1178
124 1180
6616 1182
2552 1183
1455 1184
3046 1185
6056 1187
5130 1188
2175 1190
5516 1192
6045 1198
3226 1204
6326 1205
3927 1215
4129 1216
5777 1217
2884 1221
3166 1222
4205 1223
2817 1224
6017 1226
2884 1230
5339 1231
1701 1232
4237 1235
6407 1239
5865 1240
1241 1241
6180 1243
5782 1245
818 1246
6710 1258
2031 1259
5346 1260
2869 1261
5696 1264
4032 1265
2552 1269
2449 1270
363 1274
6301 1279
6766 1283
4169 1284
1285 1285
1962 1288
3505 1289
4435 1290
298 1291
5054 1295
530 1296
1299 1299
3964 1302
725 1303
27 1304
4546 1306
1922 1308
4092 1311
6396 1314
4233 1322
4483 1323
107 1324
4846 1327
466 1329
5516 1330
2695 1332
5939 1334
2912 1338
3908 1344
1239 1345
2569 1352
1356 1356
2020 1357
5539 1358
3628 1360
5756 1363
43 1364
956 1367
3915 1376
3042 1377
5620 1379
5736 1380
5807 1381
5245 1382
1884 1383
6332 1384
5436 1387
1390 1390
4984 1393
2102 1394
2790 1398
969 1399
4241 1402
1052 1404
3491 1405
1246 1407
1409 1409
601 1411
961 1415
1421 1421
1424 1424
5385 1425
5148 1427
6636 1430
1295 1431
1438 1438
6654 1446
8 1447
912 1451
3096 1454
3569 1455
1460 1460
6326 1461
2380 1463
1464 1464
1466 1466
6857 1468
3150 1469
6643 1472
516 1474
3910 1475
1785 1476
5712 1477
27 1479
6335 1480
1481 1481
3646 1484
2568 1488
5500 1489
5776 1491
139 1494
2030 1496
3414 1503
2167 1506
1508 1508
110 1509
4231 1510
1154 1512
2031 1523
1526 1526
275 1527
2962 1531
6298 1536
4016 1537
242 1538
6288 1541
5342 1542
1546 1546
1922 1547
6414 1548
5963 1550
1520 1552
6209 1554
1168 1555
3704 1556
339 1557
4286 1560
3621 1561
5769 1563
376 1564
1216 1569
1853 1572
1574 1574
3350 1577
4602 1581
5007 1588
1630 1590
1591 1591
1644 1592
2018 1593
5345 1596
275 1605
3672 1608
4039 1611
6696 1612
3853 1613
6710 1615
4492 1616
562 1621
5797 1624
3893 1625
4489 1632
2256 1634
1768 1635
1649 1638
5869 1639
3429 1640
5652 1644
412 1648
2224 1649
6638 1652
739 1659
2049 1662
6581 1663
6634 1670
1674 1674
5500 1675
6161 1677
5369 1683
2576 1684
3414 1687
1801 1690
6433 1692
3939 1696
362 1698
6332 1700
869 1703
1595 1706
1571 1708
6334 1709
1827 1710
6337 1711
1049 1712
3038 1714
4775 1715
5478 1716
6269 1720
1520 1723
4233 1726
5315 1728
2087 1729
1737 1737
1525 1739
1741 1741
27 1743
6588 1745
5500 1752
3167 1754
1755 1755
919 1759
3747 1760
3365 1761
1764 1764
1154 1767
1883 1771
2300 1772
1780 1780
433 1784
5994 1789
5003 1791
5035 1792
5360 1793
1458 1795
2167 1796
6881 1798
3316 1799
2970 1807
4289 1808
6599 1809
2879 1814
4412 1816
5412 1820
14 1821
1982 1822
401 1823
1824 1824
3241 1826
6370 1831
6657 1832
1833 1833
2790 1835
19 1837
4943 1843
3714 1844
4885 1849
5570 1851
1856 1856
2442 1857
788 1858
1860 1860
1856 1863
3132 1864
2468 1865
1867 1867
474 1869
1870 1870
2724 1871
6554 1877
6226 1879
3449 1881
3106 1883
468 1884
6855 1885
6024 1886
462 1888
4047 1890
4371 1891
3766 1895
5770 1899
1900 1900
1154 1902
3728 1903
4262 1904
2884 1905
1907 1907
6265 1908
6287 1909
4038 1910
3425 1913
4223 1916
1880 1917
1503 1919
3027 1922
2172 1928
5987 1932
6110 1937
1938 1938
2159 1945
1661 1948
2790 1950
5309 1952
6048 1955
5926 1957
844 1961
6275 1966
4394 1967
182 1972
4115 1973
1977 1977
5158 1978
2910 1981
279 1984
4022 1988
870 1989
91 1995
1286 1998
2815 2000
5430 2005
3365 2007
892 2010
1461 2012
2095 2015
5881 2017
4291 2019
2022 2022
4002 2023
220 2027
5130 2030
2822 2031
6710 2034
2178 2035
4016 2036
3372 2037
1058 2038
769 2039
6608 2040
6218 2042
3750 2043
3773 2044
5569 2046
2049 2049
5857 2050
6481 2051
5660 2053
2738 2054
1246 2055
4212 2056
1644 2057
1965 2058
4083 2059
111 2061
4837 2062
4687 2070
3853 2075
3128 2079
215 2080
2884 2081
4129 2083
1154 2085
2086 2086
706 2092
3274 2093
659 2095
2097 2097
2693 2099
4835 2100
104 2101
2104 2104
4997 2106
5793 2114
232 2116
5478 2117
497 2119
743 2120
5021 2123
1556 2124
6319 2127
2129 2129
113 2130
3915 2131
2742 2132
1469 2134
3733 2136
586 2137
3505 2140
5478 2143
2039 2146
2875 2147
4952 2149
5214 2151
1727 2154
1823 2162
5600 2163
923 2164
1645 2165
5357 2166
6657 2167
1469 2169
27 2170
741 2172
6610 2174
2177 2177
2178 2178
2180 2180
1476 2181
4249 2183
463 2184
5842 2186
3429 2187
6425 2188
3763 2189
410 2190
3870 2191
4066 2193
346 2194
2815 2196
2197 2197
6774 2198
1661 2200
5478 2203
6438 2207
1170 2211
6876 2213
1932 2214
1886 2215
2678 2220
2221 2221
1124 2223
2975 2224
6444 2226
2231 2231
2233 2233
3515 2234
4246 2237
6545 2242
2243 2243
5519 2244
2884 2245
4859 2248
4526 2249
5929 2253
5138 2255
1644 2258
2446 2259
2824 2260
2686 2266
6435 2267
6087 2270
1320 2273
2274 2274
4649 2276
1370 2277
5618 2279
2504 2285
6269 2287
1077 2288
5469 2291
6620 2292
2295 2295
5749 2300
6121 2302
4821 2307
2308 2308
5208 2311
6608 2312
6177 2322
1216 2323
2764 2325
398 2327
5726 2331
6332 2332
4939 2336
3079 2338
530 2341
6809 2343
5047 2344
2159 2345
6571 2346
5808 2352
6145 2354
10 2355
6288 2356
5807 2359
1011 2362
120 2363
5516 2369
4229 2371
544 2373
3168 2375
4573 2377
2662 2378
4275 2379
1613 2381
2505 2383
5093 2385
4048 2389
2833 2397
4848 2401
5885 2404
41 2411
6387 2413
5609 2417
3106 2418
5536 2423
6260 2424
6839 2425
4092 2427
2419 2429
5314 2430
4230 2431
3738 2432
3102 2433
2435 2435
1725 2436
3437 2437
4948 2438
4221 2442
3517 2443
4294 2444
5385 2445
275 2446
2045 2453
2456 2456
2942 2457
5166 2464
1982 2467
5951 2468
5590 2470
378 2471
6491 2472
2188 2475
4477 2477
2851 2478
1776 2479
27 2482
3605 2483
725 2484
5397 2485
4085 2489
6459 2494
6031 2495
2430 2496
1199 2497
2022 2498
1728 2502
5847 2503
6332 2504
3585 2505
5291 2507
1929 2508
5492 2510
2790 2512
2516 2516
6716 2518
4355 2527
855 2534
2536 2536
5342 2541
5094 2542
6639 2544
2595 2545
5858 2546
1048 2548
2016 2551
4687 2553
2829 2557
5840 2558
4871 2559
2560 2560
1816 2562
2790 2563
5888 2564
4691 2568
5758 2577
961 2580
2316 2584
658 2587
2588 2588
5165 2590
2790 2592
5180 2593
5416 2595
2020 2599
2589 2604
27 2608
3017 2611
5474 2612
1825 2613
5008 2621
2241 2623
2624 2624
5021 2625
6566 2629
5619 2631
1809 2632
4485 2633
1154 2638
5800 2639
2648 2648
6855 2649
787 2652
2993 2653
4002 2656
1519 2659
6198 2660
2663 2663
5769 2664
2490 2666
2523 2668
578 2670
2676 2676
5519 2677
352 2678
6031 2680
2623 2682
5166 2684
2699 2685
3926 2687
4710 2688
516 2692
27 2694
5994 2696
5894 2701
3661 2702
870 2704
6549 2705
2468 2706
2003 2707
3290 2708
6614 2712
4485 2713
1057 2714
1589 2717
2719 2719
2815 2720
1409 2722
788 2730
1109 2731
377 2732
1922 2736
6554 2737
6491 2739
5644 2746
3744 2747
986 2756
3939 2757
2794 2759
5853 2761
4849 2762
5615 2764
6751 2765
5789 2769
5401 2770
1616 2775
5478 2777
2779 2779
5522 2783
5438 2789
2833 2791
6856 2792
2241 2795
124 2796
2797 2797
3249 2801
239 2803
658 2804
3111 2808
4338 2811
4578 2812
5062 2814
3062 2816
4016 2818
3006 2819
4687 2820
6228 2823
2826 2826
3785 2828
4314 2830
4918 2831
3683 2833
1184 2836
4436 2844
1878 2848
2419 2850
6732 2854
6714 2855
475 2856
3505 2859
244 2860
5474 2861
1954 2866
4738 2868
1585 2872
5770 2875
5676 2876
6223 2881
3667 2884
3631 2887
2504 2888
3648 2889
6565 2891
2372 2892
4890 2896
5929 2899
6716 2900
6325 2902
3683 2904
6134 2906
1534 2911
5985 2914
2699 2919
5594 2920
6332 2922
2790 2924
2926 2926
4016 2927
4238 2929
5571 2930
4962 2931
2932 2932
1913 2938
2022 2941
27 2943
5364 2944
4270 2945
1372 2947
2355 2949
6105 2953
2080 2954
6055 2955
6471 2963
5994 2964
27 2965
6751 2972
2227 2975
1358 2977
120 2978
1824 2981
2790 2983
4489 2985
1602 2988
4493 2989
5482 2991
6380 2992
2994 2994
924 2998
5676 2999
5519 3000
6581 3002
2600 3004
4775 3005
1014 3006
4489 3007
5076 3010
3012 3012
5254 3013
5661 3015
3106 3016
1195 3019
3023 3023
5926 3030
5516 3034
3036 3036
3414 3037
3950 3038
3910 3042
5673 3043
1456 3053
1677 3059
1092 3060
6148 3065
3378 3066
692 3070
2790 3071
5317 3074
4713 3076
4212 3077
1831 3078
4609 3081
2750 3084
5938 3085
3547 3088
2790 3089
5630 3090
2580 3095
1943 3098
1080 3106
1783 3108
3109 3109
3893 3112
3571 3113
3116 3116
5660 3117
706 3120
1853 3121
3895 3124
3812 3125
6857 3128
6571 3131
4687 3132
5687 3133
5747 3134
3135 3135
102 3138
1661 3140
6716 3141
4392 3142
1539 3143
5619 3150
3552 3152
362 3154
3233 3155
5 3156
5817 3157
6332 3162
5038 3163
3532 3165
6614 3166
2606 3171
807 3176
3177 3177
1049 3178
5619 3182
4169 3189
2523 3191
668 3192
6334 3193
3818 3194
3195 3195
5712 3196
3041 3200
3591 3201
3150 3202
273 3203
153 3204
6332 3205
5534 3207
3320 3210
4585 3211
6460 3213
2790 3215
3216 3216
2468 3222
4338 3223
3225 3225
5687 3227
3861 3230
3237 3237
6072 3240
1216 3245
5062 3247
4204 3250
2676 3251
6653 3260
3429 3262
2416 3263
5909 3264
5980 3266
2106 3270
5536 3271
1018 3272
6707 3275
573 3278
5941 3279
3281 3281
5047 3283
6845 3289
3299 3290
971 3291
27 3295
2790 3297
5094 3298
6017 3299
2051 3300
426 3302
4740 3303
4687 3307
1031 3311
5919 3312
4776 3313
5561 3317
1572 3319
1466 3320
2790 3322
3323 3323
342 3325
725 3328
5180 3330
4219 3331
3333 3333
3335 3335
6332 3336
5939 3338
2199 3339
4745 3345
2836 3346
5212 3347
4668 3348
3745 3354
3732 3357
6841 3358
4108 3359
2884 3360
4485 3362
4691 3363
265 3367
3368 3368
2924 3369
5952 3371
3372 3372
3373 3373
4952 3375
3376 3376
5261 3378
3543 3381
5032 3382
3429 3384
2884 3387
3388 3388
5550 3389
5047 3390
3769 3393
2468 3394
145 3397
6765 3400
6438 3402
4124 3407
328 3408
4233 3416
6308 3417
6442 3418
2794 3419
3230 3422
4102 3424
557 3427
6027 3438
5993 3439
308 3440
3447 3447
5025 3448
2147 3449
5327 3452
668 3454
5466 3457
3383 3461
6545 3463
4866 3464
1857 3466
43 3472
4246 3473
1444 3475
6728 3478
27 3479
5397 3483
4445 3488
834 3489
4286 3496
5609 3500
2232 3502
124 3503
6460 3505
5261 3506
3507 3507
5021 3510
3422 3513
3516 3516
6177 3519
4322 3521
3522 3522
6716 3523
5869 3524
2523 3526
6177 3529
5750 3530
5283 3531
2089 3533
4687 3534
1592 3539
6017 3540
2975 3542
4284 3545
2167 3547
3290 3548
4691 3551
59 3558
5478 3559
3698 3562
3566 3566
3568 3568
6828 3569
5516 3570
3571 3571
2790 3574
5897 3576
3658 3578
2466 3583
3584 3584
3646 3585
2884 3590
1172 3591
6841 3592
1170 3593
4364 3596
124 3597
359 3600
5718 3603
2824 3605
27 3606
4016 3609
788 3610
3106 3612
2606 3615
3839 3616
3624 3624
1968 3629
926 3634
4246 3635
4310 3636
1653 3637
4016 3638
2635 3642
4493 3643
5551 3650
1198 3651
2651 3655
4229 3657
4569 3661
4864 3663
120 3665
3667 3667
4215 3670
3672 3672
4389 3675
4270 3679
6125 3685
3687 3687
3694 3694
3695 3695
990 3696
5322 3700
4687 3701
5153 3702
1825 3705
3706 3706
14 3707
2437 3709
38 3713
3312 3714
297 3715
3717 3717
2273 3724
4575 3728
1216 3729
4317 3730
2113 3733
1239 3734
3735 3735
3737 3737
3090 3738
1102 3744
3106 3745
1262 3746
5478 3748
3774 3749
3870 3750
5869 3752
5629 3761
3765 3765
5875 3769
4632 3770
3634 3771
3774 3774
741 3776
6664 3780
5317 3786
6596 3790
3052 3798
958 3799
5909 3800
5737 3802
1154 3803
6545 3804
5090 3806
956 3807
3628 3808
842 3810
3812 3812
310 3815
5917 3816
5660 3817
4149 3818
2904 3823
4849 3825
773 3829
1519 3832
3964 3837
1655 3839
1393 3841
5076 3847
526 3848
914 3851
3235 3853
120 3857
3613 3859
3915 3860
5806 3861
5748 3863
155 3864
2298 3870
1491 3872
3873 3873
562 3875
4084 3880
3205 3883
5047 3884
6145 3885
3910 3887
787 3888
3889 3889
5047 3890
5572 3891
5817 3893
6729 3895
299 3896
1728 3897
582 3898
5233 3899
4523 3905
6404 3908
1531 3909
5551 3911
6746 3914
5466 3917
5807 3921
1420 3922
3339 3925
376 3926
5028 3927
3932 3932
6353 3935
5661 3938
2159 3940
4849 3943
4413 3945
6040 3947
4442 3949
3046 3952
3954 3954
3994 3956
331 3957
3274 3960
1816 3966
2030 3967
3230 3971
6257 3975
699 3976
343 3978
3923 3980
2209 3981
668 3984
3847 3985
2813 3986
6134 3987
4693 3991
4653 3992
1931 3993
5019 3994
6716 3997
1511 4004
2801 4006
6193 4009
912 4011
3889 4012
4282 4015
2236 4016
380 4019
5844 4020
3602 4021
6084 4022
4687 4026
2884 4033
4409 4034
4039 4039
5478 4041
3183 4042
4044 4044
4045 4045
3586 4048
5516 4052
1978 4055
16 4058
6716 4059
5114 4060
1149 4065
2910 4067
1544 4068
1246 4070
2468 4072
880 4073
107 4075
632 4076
4099 4081
346 4083
4124 4087
4091 4091
3833 4093
4101 4101
815 4104
3933 4107
6610 4108
1978 4110
816 4111
6836 4113
3584 4114
5076 4115
2648 4118
1417 4120
4168 4123
2634 4127
6636 4128
1216 4129
6661 4133
2585 4135
3515 4137
4391 4142
1402 4143
3915 4144
6136 4147
3439 4148
4149 4149
4155 4155
4158 4158
4569 4162
2830 4165
3107 4166
995 4167
6435 4169
5047 4173
4176 4176
4180 4180
6326 4183
2316 4188
4890 4190
5660 4191
3743 4193
5345 4194
4525 4196
123 4199
3865 4200
1890 4203
741 4205
6716 4209
1024 4215
2896 4216
99 4217
3735 4221
598 4224
1831 4225
120 4228
3235 4229
3667 4230
1978 4232
3571 4237
4238 4238
3938 4244
1942 4245
2742 4249
1519 4250
4588 4267
3483 4269
752 4270
1511 4271
6598 4272
1588 4273
1997 4284
6644 4285
6288 4289
2981 4290
4294 4294
2864 4295
6851 4296
1164 4299
5770 4303
5478 4304
5219 4305
4351 4306
4837 4308
1922 4309
3750 4310
3584 4311
6136 4315
4465 4316
4321 4321
3743 4322
5869 4326
2047 4327
4249 4328
4329 4329
2220 4331
958 4333
2210 4335
2552 4339
6643 4342
4731 4347
4317 4349
4099 4351
246 4352
1613 4355
3308 4357
4360 4360
652 4361
2418 4362
5354 4363
4217 4370
5516 4373
2742 4375
4379 4379
5516 4381
6410 4384
6860 4388
1154 4390
4129 4394
1184 4402
1011 4405
6583 4408
4691 4411
4412 4412
5358 4415
5660 4416
6851 4418
3350 4420
1854 4421
3803 4422
6325 4427
2051 4431
3448 4434
3789 4435
4124 4436
244 4437
6364 4440
5138 4441
4631 4445
91 4446
4394 4447
1788 4448
5254 4450
5994 4451
2445 4452
784 4453
2289 4454
5403 4455
4830 4459
424 4460
4530 4463
2107 4464
2552 4466
4502 4473
2232 4476
5168 4485
4677 4486
1916 4487
683 4488
1813 4489
6332 4491
4492 4492
5717 4494
5327 4497
3027 4501
376 4502
3006 4503
4467 4504
2350 4515
3543 4517
6716 4518
1151 4520
6134 4521
2817 4522
1442 4528
6018 4532
5321 4533
1161 4534
6828 4535
699 4537
4538 4538
4578 4539
4580 4543
46 4548
315 4550
1032 4551
3352 4553
924 4562
3596 4565
27 4566
1940 4568
695 4569
3216 4573
182 4580
2852 4581
4610 4582
2325 4585
2560 4586
6774 4587
2080 4590
4877 4591
1855 4593
497 4594
5880 4601
2790 4603
5603 4606
2493 4620
6611 4623
2971 4628
120 4630
2199 4635
4637 4637
1124 4638
3707 4639
5408 4649
5891 4654
1982 4658
2552 4659
5345 4661
3046 4664
6098 4671
6157 4672
3693 4676
4149 4677
1661 4680
2167 4684
705 4685
5431 4686
4689 4689
70 4691
1816 4692
2162 4693
3238 4696
3945 4701
4702 4702
3486 4704
1926 4708
2462 4709
4711 4711
6489 4712
4285 4713
120 4715
6743 4716
3017 4717
6107 4724
6043 4726
5390 4727
2944 4728
4729 4729
901 4730
3491 4732
4734 4734
3291 4735
2244 4737
4738 4738
4775 4741
2652 4742
3007 4745
4929 4748
4749 4749
4784 4750
739 4751
4757 4757
3733 4760
2416 4761
2799 4763
4764 4764
5929 4765
809 4767
784 4769
5926 4773
2635 4778
1776 4781
4687 4782
6627 4784
27 4786
4504 4789
5578 4790
2844 4793
4797 4797
5397 4798
4799 4799
4372 4804
5426 4810
5546 4813
4814 4814
3562 4815
4817 4817
6836 4819
5131 4824
2074 4826
3672 4827
3205 4829
4831 4831
5138 4832
759 4836
4837 4837
4839 4839
4340 4843
3877 4844
5897 4846
956 4848
741 4849
3803 4851
5040 4852
1996 4856
2523 4861
335 4865
6645 4866
3938 4870
2231 4874
5316 4875
2028 4877
2172 4879
5478 4888
5225 4889
1024 4891
3683 4892
6302 4900
6279 4901
3543 4903
5879 4905
1461 4907
6231 4910
4285 4912
2211 4916
5881 4920
168 4921
2047 4923
6310 4929
4930 4930
5516 4931
3023 4932
563 4939
4941 4941
5610 4943
5963 4945
260 4951
1129 4953
4956 4956
4958 4958
692 4960
5538 4962
3759 4963
3337 4964
2924 4966
1372 4967
5951 4968
5010 4969
4629 4970
4150 4973
6602 4974
3486 4977
163 4985
2092 4989
3143 4995
3596 4999
5920 5002
1092 5003
5005 5005
5007 5007
518 5015
6256 5019
2703 5020
1935 5036
433 5041
4442 5042
3441 5043
6292 5045
1467 5049
5054 5054
14 5059
3304 5062
2915 5064
910 5066
490 5067
5069 5069
1922 5070
6185 5072
5339 5073
5075 5075
2020 5077
4729 5079
1961 5084
4485 5089
6276 5090
27 5091
1128 5095
200 5096
6610 5097
1534 5100
5053 5101
6825 5102
2168 5103
1942 5112
1353 5113
6809 5114
6460 5120
5122 5122
1667 5123
5951 5124
5125 5125
180 5128
1776 5129
2826 5130
5919 5133
5422 5134
1543 5135
6292 5136
4650 5138
4397 5140
5142 5142
3982 5143
1049 5146
2809 5153
6836 5155
4610 5156
6468 5160
6315 5161
5758 5162
5397 5163
125 5164
5423 5166
6326 5168
5687 5170
1417 5173
6613 5174
27 5176
807 5180
5711 5182
4049 5183
6058 5189
912 5191
163 5193
1942 5194
5551 5196
3766 5199
4322 5200
853 5201
1126 5202
3020 5205
2974 5209
1593 5211
3552 5212
5807 5213
869 5214
5487 5220
2531 5225
121 5228
5233 5233
4351 5234
2942 5235
3884 5236
1381 5238
2022 5239
4283 5241
1931 5242
199 5244
377 5245
2790 5246
5516 5248
346 5249
6663 5250
6332 5251
1437 5255
1455 5257
5589 5259
1700 5267
191 5272
1544 5273
6332 5274
2603 5279
4168 5281
5283 5283
4246 5285
4390 5286
3008 5288
4675 5290
4032 5291
4628 5298
3055 5301
2380 5307
2790 5310
5385 5312
5994 5313
2260 5318
3053 5321
1701 5322
585 5323
3571 5327
3612 5328
4900 5329
4939 5335
4913 5336
4135 5337
6848 5343
6134 5346
2018 5349
2350 5350
6814 5355
3143 5356
6851 5361
2468 5363
2499 5365
1519 5366
5016 5368
5132 5370
1027 5372
1027 5376
5630 5378
1467 5380
3932 5385
5807 5386
6143 5387
1221 5388
6055 5389
5083 5390
3939 5391
3457 5393
3135 5400
3628 5401
2022 5406
6842 5408
5409 5409
5410 5410
5708 5411
1728 5414
5222 5416
3312 5417
2074 5422
2196 5424
2790 5425
5441 5429
2012 5430
5660 5432
6508 5437
1524 5438
5984 5439
5447 5440
3750 5446
5901 5447
2039 5448
4510 5449
5551 5450
6581 5451
5452 5452
728 5453
2790 5454
4394 5457
4734 5458
788 5459
3886 5463
4289 5466
5143 5468
6460 5470
563 5471
191 5473
4604 5474
6083 5475
1576 5476
1569 5477
376 5480
912 5481
4822 5482
4526 5484
1569 5485
5487 5487
120 5493
5494 5494
3330 5495
44 5496
5497 5497
3111 5499
1922 5503
2419 5508
5385 5510
3822 5511
6280 5512
6270 5513
3870 5516
1287 5518
5521 5521
6644 5522
5523 5523
5046 5524
4871 5525
5526 5526
4077 5527
3960 5528
5304 5531
3183 5536
5539 5539
3667 5542
5546 5546
6162 5549
490 5550
5551 5551
299 5554
1783 5557
5604 5561
4892 5569
87 5571
5575 5575
5478 5577
2662 5579
2623 5580
6845 5585
870 5586
5589 5589
295 5590
6463 5593
5888 5598
5047 5599
5411 5600
1442 5601
5901 5602
2790 5606
5610 5610
5613 5613
5661 5614
5307 5617
912 5622
428 5627
1381 5629
3274 5638
5478 5639
3196 5640
5641 5641
5799 5643
5646 5646
3757 5653
5466 5657
5869 5658
3722 5660
3831 5663
5298 5665
4790 5667
426 5668
5482 5672
768 5673
1261 5674
2030 5677
72 5678
788 5680
491 5683
4445 5684
2824 5687
4830 5691
5980 5697
1602 5698
5782 5702
3821 5706
5368 5707
5708 5708
482 5711
1040 5712
491 5713
5872 5716
1544 5719
3233 5722
5660 5723
2866 5724
2238 5725
4742 5728
3053 5732
2020 5733
3541 5735
6600 5740
134 5742
2380 5744
5746 5746
5750 5750
3723 5755
4889 5763
1630 5764
6332 5766
1466 5774
1433 5777
4660 5778
4391 5782
1464 5784
5786 5786
4227 5788
2349 5789
1883 5790
2790 5792
3118 5797
6455 5800
4270 5804
387 5807
5885 5808
6554 5816
5807 5818
1755 5821
27 5823
3950 5827
4562 5828
1688 5829
1216 5832
5494 5837
27 5839
5840 5840
5842 5842
3685 5848
6027 5849
2169 5852
4523 5857
6809 5859
1600 5861
1240 5862
1410 5863
5521 5865
815 5867
1588 5871
4412 5877
3959 5879
4724 5880
6056 5881
5364 5883
3407 5884
562 5889
2104 5890
6716 5892
5042 5896
5423 5897
4676 5898
4290 5901
3505 5903
6762 5904
2603 5905
3565 5906
4165 5909
6297 5912
6670 5913
5915 5915
6084 5916
3312 5919
2729 5920
2922 5921
2265 5922
905 5927
6433 5928
3235 5930
5932 5932
27 5935
4729 5939
5532 5941
4632 5945
1024 5946
3584 5949
2600 5951
5952 5952
1444 5955
6809 5956
6270 5957
5959 5959
2756 5961
5920 5964
3628 5967
5219 5969
3143 5975
5977 5977
2826 5980
6023 5981
632 5993
395 5996
1614 6003
2900 6004
6742 6005
4325 6007
1913 6010
752 6017
3758 6018
6024 6024
4889 6027
3097 6028
1291 6029
6030 6030
5989 6032
4691 6033
6035 6035
1644 6037
3201 6040
6413 6045
3441 6046
2181 6047
808 6056
121 6060
2514 6062
6610 6063
6064 6064
5233 6073
4270 6075
6076 6076
6077 6077
6079 6079
6326 6081
5677 6084
2377 6085
402 6086
5674 6087
6090 6090
124 6091
73 6095
2523 6097
4866 6104
6107 6107
180 6109
4975 6117
232 6125
1701 6129
1688 6130
6757 6134
873 6143
398 6145
6022 6146
4569 6149
1000 6153
115 6154
4525 6155
5811 6157
5265 6158
5197 6160
5837 6161
5794 6162
5777 6163
426 6165
5010 6167
944 6169
6064 6175
1595 6176
1667 6179
2552 6186
3628 6188
758 6189
705 6191
4514 6194
6195 6195
4445 6196
586 6198
3429 6199
4065 6201
6332 6202
3441 6208
988 6209
4846 6212
5712 6213
3017 6214
6374 6215
6705 6216
3686 6218
640 6219
2552 6222
3889 6224
6319 6225
5782 6227
5046 6228
6229 6229
4687 6230
6231 6231
3785 6233
474 6239
4148 6240
1644 6241
5551 6243
5262 6245
6246 6246
5782 6247
6248 6248
6332 6251
551 6252
428 6258
4796 6259
4495 6260
2234 6261
3495 6262
5521 6263
939 6267
6774 6268
3674 6269
1749 6270
118 6271
5237 6272
2383 6273
6276 6276
6594 6278
2523 6280
2134 6281
5193 6286
1937 6288
3150 6289
3609 6293
5866 6296
4249 6297
1942 6298
2815 6302
1353 6303
1239 6305
398 6306
2884 6307
4998 6308
5032 6311
2636 6313
1661 6314
3738 6315
426 6316
3013 6317
6319 6319
3543 6322
6667 6325
6326 6326
5042 6327
4915 6328
4149 6334
2523 6336
759 6340
3449 6343
2588 6347
4010 6350
3628 6353
4985 6356
972 6358
2437 6362
4054 6364
4989 6365
6370 6370
6643 6371
965 6373
3017 6376
1569 6379
4217 6380
5807 6382
6383 6383
1454 6385
2229 6387
3136 6389
27 6392
344 6396
1422 6398
6332 6400
4644 6402
1922 6405
6705 6409
6439 6413
4565 6414
6578 6415
4562 6428
6429 6429
27 6432
3485 6436
912 6438
439 6441
4131 6442
2419 6447
1232 6448
3483 6449
5660 6453
6705 6455
2693 6457
5646 6460
2016 6463
2884 6464
5136 6466
6467 6467
4626 6469
4201 6470
6703 6475
630 6476
6714 6477
2577 6478
3837 6480
2790 6481
4789 6484
5782 6485
2372 6488
4770 6489
5206 6490
5807 6492
3693 6494
6013 6496
2593 6499
1128 6501
3909 6503
4133 6504
1852 6505
4442 6507
6260 6509
5848 6511
4994 6512
27 6516
91 6517
3958 6525
1586 6526
5929 6528
5355 6529
4871 6530
6533 6533
1224 6534
3149 6541
4578 6542
6009 6543
4890 6545
5047 6548
5050 6551
5894 6555
2715 6559
3982 6560
5654 6561
1529 6564
6566 6566
5973 6567
4100 6569
2880 6571
4396 6573
6717 6576
2745 6582
6310 6584
6710 6587
4044 6588
6591 6591
4205 6592
6215 6594
6750 6595
2155 6597
5790 6598
6602 6602
1523 6605
3372 6607
2884 6609
6610 6610
1485 6613
4010 6620
3027 6621
5552 6622
2411 6623
6625 6625
6626 6626
6491 6628
6630 6630
3601 6632
4101 6633
2771 6635
1556 6644
6083 6646
463 6648
6505 6649
5315 6651
1017 6653
6657 6657
702 6659
3143 6660
1407 6664
6665 6665
3017 6676
5438 6678
4721 6680
6332 6684
3485 6685
2790 6687
1524 6688
1160 6689
2018 6690
4687 6691
6693 6693
283 6696
4514 6697
3686 6698
4702 6700
398 6703
963 6705
2229 6711
5415 6712
1554 6713
5330 6714
4129 6716
4230 6719
4857 6720
6721 6721
5463 6727
6198 6728
6731 6731
6390 6740
6743 6741
4746 6742
5261 6745
6236 6746
3812 6750
2430 6751
124 6752
6389 6754
3153 6756
2279 6757
5452 6758
1880 6759
2634 6762
1522 6765
3131 6766
2274 6767
1531 6768
4270 6769
10 6771
2790 6773
6778 6778
2229 6781
5478 6782
924 6784
5573 6785
6791 6791
846 6793
3571 6794
1886 6797
2419 6798
2884 6799
1963 6800
4149 6801
5019 6803
5952 6807
6468 6808
2289 6809
1588 6811
4213 6812
1216 6815
1463 6817
1575 6819
959 6826
2151 6830
1416 6831
398 6835
5646 6841
3 6842
6809 6846
6581 6847
6848 6848
2359 6853
5516 6854
138 6855
834 6856
2794 6857
43 6860
6862 6862
5660 6863
6865 6865
1000 6866
279 6868
2917 6869
3177 6872
1916 6875
2950 6878
5293 6882
1569 6883
4971 6889
