2140 2140
3649 3649
3776 3776
3774 3774
3524 3524
3773 3773
3702 3702
2289 2289
3629 3629
5659 5659
2222 2222
5519 5519
5750 5750
5600 5600
3628 3628
5598 5598
5732 5732
2127 2127
3753 3753
3703 3703
5602 5602
3778 3778
3777 3777
3643 3643
351 351
3621 3621
3757 3757
408 408
3638 3638
6248 6248
5840 5840
3852 3852
5638 5638
5596 5596
2163 2163
3845 3845
5504 5504
3853 3853
2811 2811
2490 2490
6263 6263
330 330
409 409
407 407
3747 3747
3633 3633
5736 5736
191 191
5724 5724
8 8
6278 6278
2381 2381
46 46
3704 3704
2292 2292
244 244
2152 2152
3550 3550
3667 3667
2400 2400
3560 3560
436 436
261 261
6275 6275
5830 5830
3616 3616
435 435
239 239
2005 2005
2511 2511
5536 5536
6265 6265
6238 6238
3566 3566
5951 5951
3548 3548
227 227
5651 5651
2294 2294
37 37
2795 2795
432 432
2807 2807
5674 5674
456 456
117 117
3833 3833
356 356
3565 3565
3518 3518
2258 2258
5624 5624
36 36
325 325
3547 3547
3541 3541
312 312
5452 5452
3829 3829
2124 2124
5837 5837
3828 3828
231 231
3825 3825
347 347
439 439
2775 2775
3823 3823
3609 3609
2052 2052
17 17
429 429
2801 2801
122 122
3600 3600
81 81
123 123
315 315
5514 5514
3932 3932
2167 2167
128 128
5634 5634
3529 3529
5635 5635
2497 2497
2212 2212
1983 1983
64 64
3530 3530
5614 5614
6057 6057
6059 6059
3569 3569
3602 3602
5958 5958
5443 5443
85 85
5939 5939
5829 5829
2499 2499
2061 2061
2375 2375
5525 5525
2213 2213
2595 2595
442 442
3613 3613
2278 2278
1990 1990
292 292
1993 1993
6054 6054
6077 6077
5522 5522
5468 5468
5820 5820
5838 5838
5933 5933
2389 2389
3936 3936
2485 2485
5930 5930
5544 5544
245 245
2084 2084
3648 3648
3906 3906
100 100
6045 6045
2475 2475
2594 2594
3568 3568
5641 5641
5540 5540
91 91
3567 3567
5524 5524
2377 2377
3884 3884
94 94
2514 2514
155 155
3883 3883
2623 2623
2239 2239
2503 2503
59 59
5542 5542
5648 5648
2181 2181
6085 6085
2506 2506
5834 5834
5538 5538
2095 2095
3706 3706
5827 5827
3792 3792
3571 3571
62 62
5499 5499
4019 4019
2254 2254
5581 5581
5741 5741
2393 2393
268 268
2256 2256
2210 2210
6090 6090
5678 5678
2204 2204
6143 6143
5666 5666
3941 3941
3685 3685
5974 5974
2600 2600
6101 6101
3795 3795
4028 4028
295 295
3163 3163
3687 3687
6147 6147
380 380
6130 6130
2280 2280
5497 5497
5496 5496
258 258
5982 5982
2067 2067
2508 2508
2509 2509
5985 5985
2517 2517
406 406
5483 5483
2516 2516
2565 2565
3874 3874
2092 2092
3962 3962
2184 2184
4023 4023
2634 2634
5239 5239
4071 4071
3952 3952
5862 5862
2566 2566
5714 5714
4066 4066
2642 2642
6110 6110
2086 2086
3976 3976
5235 5235
3979 3979
4048 4048
3982 3982
2523 2523
6117 6117
3991 3991
2397 2397
5865 5865
5487 5487
2636 2636
4052 4052
4042 4042
2018 2018
3985 3985
2215 2215
2182 2182
5571 5571
3811 3811
2643 2643
376 376
5988 5988
4032 4032
4036 4036
4035 4035
5760 5760
2287 2287
5526 5526
2660 2660
3810 3810
158 158
3161 3161
374 374
2272 2272
4045 4045
372 372
5549 5549
4038 4038
5994 5994
2109 2109
3897 3897
3899 3899
3975 3975
2229 2229
2342 2342
5793 5793
3797 3797
333 333
6126 6126
2684 2684
5997 5997
4039 4039
5869 5869
3839 3839
2533 2533
2688 2688
5903 5903
5783 5783
6157 6157
468 468
5991 5991
284 284
5663 5663
3662 3662
5762 5762
6154 6154
5494 5494
2567 2567
2296 2296
3840 3840
203 203
2295 2295
6119 6119
2300 2300
5777 5777
2031 2031
5807 5807
3726 3726
2544 2544
5767 5767
2101 2101
3692 3692
5740 5740
5768 5768
1766 1766
186 186
179 179
2705 2705
2441 2441
6160 6160
2297 2297
387 387
2545 2545
2089 2089
5664 5664
2648 2648
2104 2104
2346 2346
3782 3782
2412 2412
396 396
475 475
1772 1772
6161 6161
178 178
6159 6159
5785 5785
1764 1764
521 521
5788 5788
2250 2250
4807 4807
3781 3781
2432 2432
566 566
2715 2715
6163 6163
2317 2317
560 560
2105 2105
2662 2662
505 505
217 217
5521 5521
2691 2691
2676 2676
507 507
5794 5794
151 151
5789 5789
2559 2559
2308 2308
5816 5816
5884 5884
538 538
5799 5799
6023 6023
2703 2703
5813 5813
3437 3437
3728 3728
2348 2348
2305 2305
466 466
537 537
529 529
5775 5775
6024 6024
1938 1938
2663 2663
2326 2326
3361 3361
546 546
5880 5880
2207 2207
480 480
3738 3738
5609 5609
2536 2536
3355 3355
2743 2743
2711 2711
5782 5782
493 493
2309 2309
1943 1943
2449 2449
398 398
3766 3766
6172 6172
2350 2350
2351 2351
3338 3338
2340 2340
2423 2423
2321 2321
255 255
3289 3289
3440 3440
3316 3316
5702 5702
3284 3284
4058 4058
3288 3288
5927 5927
2733 2733
2467 2467
570 570
5899 5899
2434 2434
3283 3283
2722 2722
3229 3229
3267 3267
2468 2468
3682 3682
3278 3278
2740 2740
3281 3281
3255 3255
3372 3372
271 271
5385 5385
1561 1561
2425 2425
3168 3168
2448 2448
3270 3270
5393 5393
3367 3367
1875 1875
3261 3261
3371 3371
5387 5387
3241 3241
1968 1968
1966 1966
3223 3223
3213 3213
3258 3258
1942 1942
5405 5405
3249 3249
3260 3260
441 441
252 252
1722 1722
5705 5705
6838 6838
1904 1904
1977 1977
6834 6834
1874 1874
2989 2989
2980 2980
2898 2898
1687 1687
1438 1438
2444 2444
1689 1689
1611 1611
1976 1976
3242 3242
5051 5051
1932 1932
1356 1356
2822 2822
1440 1440
3246 3246
6817 6817
1541 1541
1600 1600
3221 3221
3169 3169
1342 1342
6750 6750
2897 2897
3219 3219
2977 2977
1556 1556
1601 1601
3447 3447
1393 1393
3445 3445
6713 6713
5410 5410
2981 2981
2895 2895
2718 2718
1953 1953
6741 6741
5406 5406
6790 6790
1299 1299
1559 1559
6185 6185
3073 3073
1603 1603
1578 1578
4849 4849
1588 1588
1586 1586
3407 3407
6778 6778
1595 1595
6689 6689
5054 5054
6768 6768
6603 6603
696 696
1163 1163
6791 6791
3066 3066
1549 1549
6602 6602
6641 6641
1598 1598
699 699
6725 6725
6225 6225
3452 3452
1399 1399
5379 5379
400 400
5411 5411
773 773
1277 1277
4650 4650
6830 6830
6212 6212
391 391
4912 4912
776 776
2719 2719
1164 1164
4915 4915
4916 4916
3495 3495
399 399
6665 6665
5072 5072
6715 6715
1876 1876
6797 6797
6683 6683
4881 4881
5409 5409
6196 6196
4651 4651
6214 6214
6643 6643
6444 6444
1433 1433
5198 5198
6626 6626
6800 6800
6623 6623
6809 6809
6440 6440
6200 6200
1407 1407
6850 6850
1223 1223
1579 1579
384 384
3429 3429
1505 1505
2729 2729
6663 6663
1140 1140
1628 1628
5053 5053
3380 3380
1387 1387
6666 6666
6788 6788
5056 5056
3381 3381
788 788
5080 5080
1857 1857
6638 6638
1515 1515
1392 1392
1576 1576
6706 6706
1568 1568
5292 5292
6783 6783
4837 4837
6856 6856
6865 6865
6859 6859
3464 3464
933 933
6767 6767
6827 6827
5124 5124
1661 1661
5378 5378
5020 5020
930 930
5075 5075
995 995
4417 4417
3063 3063
3333 3333
6699 6699
1534 1534
6644 6644
3207 3207
3076 3076
1912 1912
4740 4740
3216 3216
5160 5160
1573 1573
693 693
6650 6650
5078 5078
636 636
4709 4709
1787 1787
4184 4184
3172 3172
302 302
6724 6724
3402 3402
3423 3423
6565 6565
6439 6439
3813 3813
6315 6315
845 845
5197 5197
5050 5050
1327 1327
4687 4687
5086 5086
4935 4935
4833 4833
6595 6595
4744 4744
1788 1788
1452 1452
1003 1003
4688 4688
6563 6563
3385 3385
303 303
6317 6317
5130 5130
6693 6693
6866 6866
6721 6721
3457 3457
6592 6592
4473 4473
6605 6605
4816 4816
4982 4982
4340 4340
830 830
3196 3196
6332 6332
1662 1662
801 801
2853 2853
4262 4262
1714 1714
4932 4932
4277 4277
1026 1026
1246 1246
6559 6559
3144 3144
6350 6350
4174 4174
1334 1334
4729 4729
843 843
1200 1200
4387 4387
2915 2915
5178 5178
1227 1227
4987 4987
1000 1000
926 926
4386 4386
1791 1791
4455 4455
3090 3090
4730 4730
6584 6584
3195 3195
6591 6591
4934 4934
1806 1806
4930 4930
4454 4454
676 676
1695 1695
1061 1061
4331 4331
5181 5181
5150 5150
6561 6561
3386 3386
4119 4119
4878 4878
819 819
721 721
632 632
1717 1717
1564 1564
5211 5211
4389 4389
4757 4757
5041 5041
1125 1125
4369 4369
1350 1350
674 674
4452 4452
6596 6596
1326 1326
1351 1351
1033 1033
1024 1024
1224 1224
3185 3185
4814 4814
1023 1023
3107 3107
1619 1619
6479 6479
4290 4290
5251 5251
1885 1885
625 625
2848 2848
1069 1069
1833 1833
3120 3120
4337 4337
4764 4764
4167 4167
5249 5249
3139 3139
5110 5110
652 652
720 720
1168 1168
6467 6467
4963 4963
6512 6512
5207 5207
5205 5205
5007 5007
4123 4123
4577 4577
3112 3112
4332 4332
4150 4150
5188 5188
4329 4329
4407 4407
900 900
1122 1122
1130 1130
4317 4317
927 927
4424 4424
4856 4856
1132 1132
1667 1667
729 729
1129 1129
4284 4284
6285 6285
4477 4477
919 919
4808 4808
6875 6875
1795 1795
1013 1013
6538 6538
4372 4372
5179 5179
6537 6537
2965 2965
1330 1330
858 858
2967 2967
6319 6319
4899 4899
6482 6482
6507 6507
1780 1780
4675 4675
1203 1203
1169 1169
4746 4746
1823 1823
1275 1275
4956 4956
4469 4469
1458 1458
975 975
1449 1449
6370 6370
3113 3113
4953 4953
1497 1497
4146 4146
6527 6527
5266 5266
6551 6551
3197 3197
6569 6569
839 839
1864 1864
818 818
4962 4962
5182 5182
771 771
3177 3177
4901 4901
4689 4689
734 734
1304 1304
1080 1080
4621 4621
5225 5225
5333 5333
4897 4897
6383 6383
1150 1150
3688 3688
4157 4157
4084 4084
603 603
3137 3137
4954 4954
6573 6573
4158 4158
1861 1861
4909 4909
6295 6295
1435 1435
4724 4724
4197 4197
6526 6526
601 601
4354 4354
6292 6292
1170 1170
4166 4166
4550 4550
1265 1265
949 949
5354 5354
4907 4907
784 784
1419 1419
838 838
4192 4192
1535 1535
6566 6566
2971 2971
5295 5295
2998 2998
4487 4487
3500 3500
3096 3096
1182 1182
1760 1760
1753 1753
6430 6430
2845 2845
808 808
1809 1809
1018 1018
1167 1167
5101 5101
658 658
3037 3037
5192 5192
1323 1323
5120 5120
1761 1761
4169 4169
1369 1369
4212 4212
1652 1652
3125 3125
1045 1045
6327 6327
3044 3044
2880 2880
1375 1375
3029 3029
1466 1466
1055 1055
965 965
978 978
610 610
256 256
955 955
2887 2887
4335 4335
3006 3006
4396 4396
4796 4796
1064 1064
860 860
4725 4725
1113 1113
6323 6323
1758 1758
6429 6429
857 857
952 952
6281 6281
6567 6567
1149 1149
4968 4968
6389 6389
3155 3155
6465 6465
6466 6466
1482 1482
4985 4985
1421 1421
967 967
1093 1093
1409 1409
1173 1173
970 970
4966 4966
973 973
4973 4973
639 639
1499 1499
3156 3156
4440 4440
1145 1145
4653 4653
4238 4238
4206 4206
1178 1178
4763 4763
1236 1236
1251 1251
901 901
6546 6546
4895 4895
1737 1737
5089 5089
1185 1185
4989 4989
4298 4298
4108 4108
5297 5297
4637 4637
4493 4493
4443 4443
4607 4607
4549 4549
4489 4489
4698 4698
1108 1108
905 905
4543 4543
4433 4433
904 904
6872 6872
1091 1091
4504 4504
688 688
1240 1240
1396 1396
2826 2826
6337 6337
3094 3094
3012 3012
3016 3016
4227 4227
4134 4134
1071 1071
4641 4641
4392 4392
4377 4377
4941 4941
4572 4572
4573 4573
957 957
4237 4237
4503 4503
4664 4664
4516 4516
2825 2825
764 764
2914 2914
3130 3130
3017 3017
4240 4240
4282 4282
4668 4668
4597 4597
4571 4571
873 873
621 621
4950 4950
6554 6554
1101 1101
