2632 0
2180 1
3217 3
4677 4
2165 6
8 8
669 10
973 13
2764 14
1391 15
17 17
3110 18
5913 19
2742 21
1349 22
1277 23
4210 27
2636 28
2474 31
5784 32
1287 33
6128 34
36 36
37 37
5051 39
2095 41
374 42
1837 43
46 46
287 49
3233 50
4874 51
6311 54
5647 56
59 59
6659 61
62 62
64 64
3388 65
268 66
3440 67
4462 69
5597 71
5350 72
5379 73
3941 76
6850 78
2183 80
81 81
2880 82
85 85
1167 86
91 91
719 93
94 94
5312 95
4100 96
374 97
6792 98
100 100
6850 103
991 105
383 107
2498 111
2130 113
4526 115
6493 116
117 117
5374 118
3966 119
304 121
122 122
123 123
3020 124
2581 127
128 128
4932 130
4042 133
3914 134
3561 136
609 141
3862 143
5651 146
5203 148
151 151
155 155
4948 156
946 157
158 158
1452 160
4884 161
6115 165
4414 166
5876 168
1035 169
1398 171
6112 175
178 178
179 179
234 181
3583 182
10 184
186 186
2656 188
191 191
6465 194
5929 196
5614 198
5863 199
1951 200
203 203
2611 204
2796 206
1075 209
5225 210
3331 212
5914 214
4213 215
217 217
392 218
6514 222
4929 223
2985 226
227 227
360 228
2412 229
231 231
5506 232
1036 238
239 239
4296 240
6774 241
1907 242
244 244
245 245
2731 246
2752 247
2547 248
5647 250
252 252
3278 253
2401 254
255 255
256 256
258 258
659 259
261 261
3027 263
268 268
3485 269
271 271
5831 273
630 274
4269 276
1588 277
3324 280
2692 283
284 284
3288 285
4579 287
235 288
316 290
292 292
3496 293
5950 294
295 295
4663 297
6323 301
302 302
303 303
3440 308
4599 310
312 312
5016 313
3395 314
315 315
5618 317
2140 321
3547 322
881 323
5463 324
325 325
330 330
333 333
2039 335
3081 337
6201 341
5797 343
347 347
351 351
115 352
5047 353
2327 354
6086 355
356 356
2345 357
5618 365
3254 366
3826 368
372 372
374 374
376 376
4409 377
380 380
6310 382
5246 383
384 384
6514 385
387 387
6394 388
4333 390
391 391
6675 392
4284 394
396 396
6538 397
398 398
399 399
400 400
5186 404
406 406
407 407
408 408
409 409
2465 413
1366 417
4526 419
339 420
3255 421
4576 426
429 429
432 432
435 435
436 436
6196 438
439 439
441 441
442 442
2571 443
3173 444
5143 448
5354 449
2796 451
2637 452
3905 454
344 455
456 456
2796 459
360 460
464 464
630 465
466 466
6410 467
468 468
2471 469
1193 470
4429 471
714 473
475 475
3830 476
2207 478
2088 479
480 480
944 482
2418 483
6295 485
5677 490
2472 491
492 492
493 493
843 494
2074 495
3464 498
4579 499
2248 500
5361 501
3085 503
505 505
507 507
1416 511
3087 516
695 517
5910 518
402 520
521 521
4840 522
2945 523
529 529
5081 533
2692 536
537 537
538 538
2081 539
6517 540
3458 543
546 546
252 548
587 550
1429 551
379 555
3178 559
560 560
1445 561
3471 564
566 566
2755 567
568 568
570 570
4759 573
1044 574
3173 575
1852 578
502 582
1077 583
586 586
6852 588
591 591
218 597
2929 598
3897 600
601 601
2241 602
603 603
4223 604
2109 607
4366 609
610 610
2844 615
1822 617
6131 618
6787 620
621 621
6739 624
625 625
632 632
636 636
639 639
2761 642
2172 644
6655 647
2815 649
1398 651
652 652
6514 653
2269 654
1198 655
4410 656
658 658
4283 660
6546 661
6850 663
745 664
503 667
4859 669
674 674
676 676
2840 677
3272 679
945 683
688 688
604 689
247 690
4627 691
5857 692
693 693
5016 695
696 696
699 699
4343 702
5614 703
4343 708
3465 710
1261 713
2632 714
1395 715
6296 716
3787 718
1018 719
720 720
721 721
383 725
776 726
729 729
4812 732
734 734
5694 735
1874 736
5268 737
738 738
6419 740
5677 743
332 746
6850 749
5677 750
5325 752
754 754
3656 763
764 764
2535 766
6296 768
4223 770
771 771
773 773
776 776
4793 778
216 780
4841 782
705 783
784 784
788 788
2243 789
2335 791
5361 797
6122 799
801 801
4340 802
5395 804
2593 807
808 808
4130 809
4635 810
834 813
203 816
818 818
819 819
6144 820
4449 821
5160 822
1414 823
5818 826
830 830
6574 836
838 838
839 839
3143 840
1864 841
843 843
845 845
4486 846
3664 847
5400 848
4652 849
2214 855
490 856
857 857
858 858
5395 859
860 860
398 861
4557 862
4865 864
3414 867
911 869
1743 871
873 873
4576 874
2075 878
4073 880
5589 881
333 886
4313 887
5868 889
1000 890
583 896
3059 897
900 900
901 901
3508 902
904 904
905 905
4565 907
1061 908
6852 909
5685 910
1827 911
6438 912
2116 913
661 914
999 915
3560 916
919 919
2298 921
4977 922
926 926
927 927
3288 929
930 930
5539 932
933 933
4285 935
1281 939
3558 940
3774 943
276 945
4254 946
6211 947
949 949
952 952
2051 953
1788 954
955 955
957 957
4036 961
3562 962
310 963
6363 964
965 965
514 966
967 967
970 970
6382 971
973 973
975 975
5376 976
4901 977
978 978
5636 979
4067 981
5489 989
5909 990
3699 991
6394 992
1520 993
995 995
4047 997
1000 1000
5844 1001
1003 1003
4991 1004
6030 1005
3811 1006
3417 1008
3983 1012
1013 1013
5123 1017
1018 1018
5911 1019
4047 1021
1023 1023
1024 1024
1026 1026
1754 1028
2751 1029
392 1031
3400 1032
1033 1033
1222 1034
2516 1037
2162 1039
232 1040
609 1042
5009 1043
1045 1045
685 1047
6280 1049
1055 1055
1678 1057
3463 1058
509 1060
1061 1061
667 1062
1064 1064
3172 1068
1069 1069
1501 1070
1071 1071
308 1074
966 1075
4703 1076
1768 1077
1080 1080
5160 1082
2649 1085
4170 1087
4722 1090
1091 1091
1093 1093
4829 1097
2726 1100
1101 1101
1063 1103
1167 1105
2634 1107
1108 1108
4849 1111
5287 1112
1113 1113
6101 1114
5026 1115
5694 1117
6663 1121
1122 1122
2193 1123
1125 1125
1129 1129
1130 1130
1132 1132
822 1133
21 1134
2397 1135
6713 1136
4372 1137
5903 1139
1140 1140
4079 1143
1145 1145
1313 1146
2177 1147
1149 1149
1150 1150
6772 1151
1277 1153
3633 1155
4393 1156
5488 1159
1163 1163
1164 1164
383 1165
1167 1167
1168 1168
1169 1169
1170 1170
2404 1172
1173 1173
3260 1174
3529 1177
1178 1178
1501 1179
5401 1181
1182 1182
6288 1183
5153 1184
1185 1185
1942 1193
4889 1196
5546 1197
1200 1200
261 1202
1203 1203
4470 1204
1012 1205
4027 1206
4493 1211
4514 1212
3239 1213
2967 1214
604 1215
5933 1218
1317 1222
1223 1223
1224 1224
2041 1226
1227 1227
820 1228
5226 1229
252 1230
6122 1232
6432 1235
1236 1236
1240 1240
6620 1241
5268 1242
1246 1246
1264 1248
1474 1250
1251 1251
4919 1252
2796 1253
5341 1254
5899 1255
902 1258
6831 1259
498 1264
1265 1265
1222 1266
6189 1272
1275 1275
1277 1277
6770 1278
6727 1279
2889 1280
3901 1281
5679 1282
2631 1283
2236 1284
1592 1286
5903 1289
3901 1290
231 1292
5799 1295
4009 1297
5672 1298
1299 1299
1687 1300
2402 1302
1304 1304
2265 1307
4213 1308
4295 1309
6450 1322
1323 1323
2051 1324
1326 1326
1327 1327
973 1328
1330 1330
5694 1333
1334 1334
5062 1337
502 1338
911 1339
5636 1340
5399 1341
1342 1342
4905 1345
4750 1346
2482 1349
1350 1350
1351 1351
5614 1352
4 1353
1356 1356
2977 1358
2727 1359
3964 1362
1837 1364
1369 1369
627 1370
685 1371
1313 1372
2012 1373
1375 1375
6474 1376
5995 1377
379 1378
4116 1379
1427 1383
4135 1385
4588 1386
1387 1387
307 1388
231 1389
1392 1392
1393 1393
3830 1394
1396 1396
1633 1397
1399 1399
1398 1401
1402 1402
3716 1404
973 1405
428 1406
1407 1407
4440 1408
1409 1409
1417 1417
1418 1418
1419 1419
1421 1421
255 1422
506 1425
5636 1426
310 1427
1044 1428
3045 1430
1433 1433
1435 1435
5679 1437
1438 1438
5525 1439
1440 1440
6411 1441
6233 1442
1044 1444
5891 1445
1398 1446
2051 1448
1449 1449
1452 1452
5246 1453
2549 1457
1458 1458
6267 1460
4907 1461
5526 1463
3247 1465
1466 1466
4899 1469
4623 1470
2269 1471
5180 1474
6338 1478
1482 1482
3042 1485
6678 1488
446 1489
973 1491
2422 1493
1398 1495
5677 1496
1497 1497
2728 1498
1499 1499
6174 1500
1505 1505
3547 1506
1407 1511
6810 1512
2863 1514
1515 1515
2928 1517
4222 1518
4102 1523
5344 1524
2012 1528
5868 1533
1534 1534
1535 1535
1541 1541
5444 1544
4282 1545
5219 1546
5657 1547
4409 1548
1549 1549
4841 1553
6713 1554
1616 1555
1556 1556
1559 1559
1561 1561
1564 1564
4309 1565
5361 1566
2817 1567
1568 1568
24 1570
1573 1573
3330 1575
1576 1576
2339 1577
1578 1578
1579 1579
4579 1580
1313 1582
3585 1585
1586 1586
1588 1588
2269 1590
3805 1592
1595 1595
1598 1598
1600 1600
1601 1601
1603 1603
4296 1605
3672 1608
1951 1609
125 1610
1611 1611
4070 1612
5930 1613
4700 1616
5118 1617
705 1618
1619 1619
140 1624
3112 1625
1628 1628
6658 1629
1634 1634
2710 1635
1637 1637
1638 1638
4919 1640
6852 1641
81 1647
1961 1648
1649 1649
6557 1650
6515 1651
1652 1652
2498 1653
1657 1657
1660 1660
1661 1661
1662 1662
1663 1663
5900 1664
688 1666
1667 1667
2288 1670
6557 1672
5665 1673
4091 1674
3059 1677
3562 1679
2958 1681
1684 1684
2445 1686
1687 1687
2493 1688
1689 1689
58 1691
1695 1695
5285 1697
6537 1699
1700 1700
1704 1704
3868 1709
816 1711
2623 1712
1714 1714
5805 1715
1717 1717
3203 1721
1722 1722
4346 1727
3296 1730
662 1731
1737 1737
1667 1738
4852 1740
5721 1741
6418 1743
6588 1745
323 1746
1749 1749
477 1752
1753 1753
1758 1758
2511 1759
1760 1760
1761 1761
1834 1763
1764 1764
1766 1766
863 1770
1772 1772
5374 1773
1774 1774
1780 1780
1880 1782
5041 1784
1787 1787
1788 1788
1791 1791
2963 1793
1795 1795
3547 1796
1737 1799
5922 1800
2438 1804
6417 1805
1806 1806
5818 1807
1809 1809
3044 1810
4349 1817
1823 1823
4039 1825
4251 1827
2388 1830
6657 1832
1833 1833
1838 1838
1857 1839
4837 1843
383 1845
473 1851
5525 1853
3565 1854
1857 1857
1861 1861
4305 1863
1864 1864
1870 1870
3743 1871
1874 1874
1875 1875
1876 1876
3797 1877
65 1878
1133 1880
3292 1881
1885 1885
6503 1887
5119 1890
3000 1895
801 1896
2103 1897
3243 1898
2105 1900
702 1903
1904 1904
2081 1905
1000 1907
2237 1909
1912 1912
410 1913
5830 1915
5678 1916
4552 1918
1959 1921
5030 1923
4837 1925
1704 1926
1825 1927
2172 1928
3951 1929
656 1930
1932 1932
5366 1933
1080 1934
1167 1937
1938 1938
5697 1940
1942 1942
1943 1943
5649 1944
1894 1950
1953 1953
5689 1955
1881 1956
6285 1957
2734 1959
1734 1960
5171 1964
1966 1966
1968 1968
4275 1971
6435 1972
1976 1976
1977 1977
3061 1979
2345 1980
521 1981
1983 1983
5571 1984
467 1986
4705 1987
1990 1990
1993 1993
3275 1994
5449 1997
1420 1998
1855 1999
2915 2004
2005 2005
526 2006
857 2007
3258 2008
287 2009
5949 2011
6081 2012
392 2013
600 2015
2022 2016
6792 2017
2018 2018
2436 2020
5361 2021
621 2023
6699 2024
4604 2025
6588 2027
3817 2028
1188 2030
2031 2031
5900 2032
2326 2035
346 2036
383 2038
4821 2039
5215 2044
1892 2045
6731 2046
2928 2051
2052 2052
5489 2054
5652 2056
2061 2061
4493 2064
4867 2066
2067 2067
2483 2068
2692 2069
2796 2070
6084 2076
1800 2078
2084 2084
6644 2085
2086 2086
2089 2089
2710 2091
2092 2092
6620 2093
6502 2094
2095 2095
2055 2097
4871 2098
1133 2099
2101 2101
5618 2102
2104 2104
2105 2105
5222 2107
2109 2109
1769 2112
5268 2115
1417 2118
6084 2120
685 2122
3175 2123
2124 2124
4135 2125
2127 2127
4504 2128
2129 2129
6065 2131
4053 2133
5474 2136
186 2138
5477 2139
2140 2140
6538 2141
3128 2145
3949 2146
2247 2147
2152 2152
6519 2153
1804 2155
2163 2163
3368 2164
2167 2167
4359 2168
6115 2170
1927 2172
4108 2174
3267 2175
2246 2177
2326 2178
4663 2179
1907 2180
2181 2181
2182 2182
2184 2184
4981 2186
3146 2188
2703 2189
2969 2191
3427 2194
5246 2195
2039 2197
3797 2198
2298 2199
6515 2201
2204 2204
246 2206
2207 2207
4866 2209
2210 2210
2212 2212
2213 2213
855 2214
2215 2215
2427 2216
1890 2220
2222 2222
1174 2224
2229 2229
4577 2230
4593 2231
3261 2232
6103 2233
3498 2236
3862 2238
2239 2239
1435 2240
1398 2242
1739 2243
305 2244
3219 2246
1395 2247
863 2248
657 2249
2250 2250
2254 2254
2256 2256
2258 2258
2433 2263
2398 2264
4169 2267
1239 2268
1209 2269
2272 2272
4295 2273
758 2276
5268 2277
2278 2278
2280 2280
5221 2282
3949 2284
2287 2287
2289 2289
3817 2290
6469 2291
2292 2292
4690 2293
2294 2294
2295 2295
2296 2296
2297 2297
6145 2298
2300 2300
6561 2302
5627 2304
2305 2305
2308 2308
2309 2309
3728 2312
2317 2317
1140 2318
3070 2319
2321 2321
4100 2323
2326 2326
6658 2327
14 2331
6675 2338
2340 2340
2342 2342
2346 2346
2348 2348
1100 2349
2350 2350
2351 2351
3592 2357
1588 2358
4750 2359
6205 2361
1162 2362
1044 2363
339 2366
82 2367
5983 2369
1205 2371
3324 2374
2375 2375
2377 2377
4060 2379
2381 2381
4842 2385
4398 2386
199 2387
1830 2388
2389 2389
2012 2390
5789 2391
2393 2393
6671 2394
2397 2397
3817 2398
4100 2399
2400 2400
896 2401
1809 2403
6398 2404
6115 2405
2412 2412
973 2414
4759 2417
914 2420
5389 2421
2330 2422
2423 2423
2425 2425
2928 2428
464 2429
2432 2432
1395 2433
2434 2434
4386 2435
2441 2441
2444 2444
2448 2448
2449 2449
4889 2451
2928 2453
128 2456
456 2457
2941 2458
4884 2459
5784 2462
5084 2463
6746 2466
2467 2467
2468 2468
758 2471
3114 2473
2475 2475
3691 2477
5246 2481
6442 2483
2485 2485
657 2489
2490 2490
6419 2491
6699 2496
2497 2497
2499 2499
5071 2501
2503 2503
383 2504
200 2505
2506 2506
1049 2507
2508 2508
2509 2509
1520 2510
2511 2511
2514 2514
2516 2516
2517 2517
4493 2518
4417 2522
2523 2523
3345 2525
3506 2526
1667 2529
5307 2532
2533 2533
2214 2534
2536 2536
348 2538
2578 2540
6868 2541
3585 2542
2544 2544
2545 2545
1044 2546
5711 2547
5246 2549
2549 2551
6230 2553
5617 2554
1146 2556
5840 2558
2559 2559
4493 2561
4615 2562
3463 2563
2565 2565
2566 2566
2567 2567
620 2568
3071 2570
4404 2571
1773 2574
2297 2576
519 2583
4413 2586
561 2587
2663 2588
4913 2589
3331 2590
2594 2594
2595 2595
4688 2596
6622 2597
1886 2598
2600 2600
503 2602
2237 2603
6418 2608
1934 2609
5207 2611
2258 2614
6206 2615
666 2618
6888 2619
6405 2620
4620 2622
2623 2623
808 2624
3175 2625
5799 2626
2081 2627
6693 2629
2634 2634
6052 2635
2636 2636
2642 2642
2643 2643
4916 2645
2193 2646
2648 2648
5475 2650
4229 2651
6282 2653
2660 2660
5485 2661
2662 2662
2663 2663
2256 2667
5706 2675
2676 2676
6706 2678
2684 2684
5055 2685
2688 2688
647 2690
2691 2691
4565 2698
2306 2701
2703 2703
2705 2705
557 2709
3379 2710
2711 2711
5026 2713
2715 2715
2718 2718
2719 2719
2722 2722
1044 2723
5876 2724
6430 2726
5073 2727
392 2728
2729 2729
5030 2730
2733 2733
2737 2737
335 2738
6509 2739
2740 2740
4100 2741
2743 2743
3366 2744
3233 2745
4148 2746
1261 2748
4285 2750
3819 2751
5743 2753
5185 2755
887 2757
684 2758
2172 2762
6491 2764
6101 2765
4627 2770
2311 2771
6851 2773
2775 2775
2167 2780
2783 2783
4203 2785
2721 2786
2510 2787
4700 2788
3339 2789
697 2791
5171 2792
2910 2793
2209 2794
2795 2795
1253 2796
2797 2797
870 2799
2801 2801
392 2803
561 2804
4077 2805
2807 2807
5499 2808
5182 2809
2811 2811
1981 2814
2815 2815
404 2816
516 2817
3307 2820
2822 2822
364 2823
2825 2825
2826 2826
784 2828
6384 2829
4764 2831
5862 2833
973 2837
5185 2838
1574 2843
2845 2845
2848 2848
2853 2853
4913 2854
6029 2855
255 2856
1588 2857
5903 2859
1966 2860
6862 2866
4084 2867
2107 2872
1933 2873
2992 2876
333 2877
1007 2879
2880 2880
2449 2881
1222 2882
4230 2884
2887 2887
3592 2890
3525 2891
2895 2895
4346 2896
2897 2897
2898 2898
2903 2903
2904 2904
2905 2905
2542 2908
6573 2912
2914 2914
2915 2915
6507 2917
4932 2920
4493 2921
855 2923
1004 2926
5799 2927
288 2929
3496 2930
3109 2932
1588 2933
3805 2939
2941 2941
2942 2942
6115 2943
4635 2944
2742 2948
2955 2955
2175 2959
5016 2962
2549 2964
2965 2965
3170 2966
2967 2967
2971 2971
2977 2977
2445 2978
2980 2980
2981 2981
5239 2983
4084 2984
2081 2986
6720 2987
2989 2989
6720 2991
4506 2993
4797 2994
4708 2995
4045 2996
3938 2997
2998 2998
2999 2999
5686 3000
3001 3001
3190 3002
3004 3004
6655 3005
3006 3006
1636 3011
3012 3012
3016 3016
3017 3017
4758 3018
4932 3023
3983 3024
7 3027
59 3028
3029 3029
5271 3031
3721 3033
6341 3035
3037 3037
5827 3038
5640 3039
5540 3041
3229 3043
3044 3044
6285 3045
6326 3046
311 3047
2379 3048
5507 3049
4251 3051
441 3054
5821 3056
2920 3059
2742 3060
3063 3063
3066 3066
623 3068
4087 3069
4526 3070
465 3072
3073 3073
3076 3076
3521 3077
1961 3078
5935 3081
3959 3085
455 3086
2658 3087
2801 3088
3090 3090
3094 3094
6706 3095
3096 3096
2014 3098
2092 3099
355 3102
1828 3103
5489 3104
3124 3106
3107 3107
4 3109
5302 3110
4296 3111
3112 3112
3113 3113
1313 3114
995 3116
3583 3118
3120 3120
295 3123
3261 3124
3125 3125
3797 3127
2043 3128
4639 3129
3130 3130
5366 3131
6862 3132
6509 3133
4238 3134
3496 3135
3137 3137
2800 3138
3139 3139
745 3141
3144 3144
1487 3146
5539 3148
3496 3150
5218 3151
6326 3153
3155 3155
3156 3156
5 3157
359 3158
4606 3159
5818 3160
3161 3161
3163 3163
4526 3166
4750 3167
3168 3168
3169 3169
3172 3172
3177 3177
5236 3178
4140 3179
4022 3180
4604 3182
6062 3183
383 3184
3185 3185
5769 3187
6560 3192
3195 3195
3196 3196
3197 3197
4559 3199
1158 3202
6435 3204
3207 3207
660 3209
3213 3213
3862 3214
3216 3216
4854 3217
341 3218
3219 3219
3221 3221
3223 3223
1 3225
2811 3228
3229 3229
4832 3231
2815 3232
5528 3233
6172 3234
3399 3238
973 3239
3241 3241
3242 3242
3246 3246
3249 3249
4049 3250
4377 3252
3255 3255
1044 3257
3258 3258
3260 3260
3261 3261
3656 3264
5980 3266
3267 3267
3939 3268
3270 3270
4577 3274
3278 3278
3281 3281
3283 3283
3284 3284
3288 3288
3289 3289
5238 3291
4309 3293
1162 3298
6851 3304
2796 3307
4684 3308
2097 3312
398 3313
684 3314
3316 3316
364 3320
2928 3322
3358 3323
3243 3325
1735 3326
133 3327
2051 3328
2965 3329
1416 3330
1338 3331
339 3332
3333 3333
3776 3335
1177 3337
3338 3338
4284 3340
3064 3345
2700 3348
2727 3349
6842 3354
3355 3355
3452 3358
2746 3359
252 3360
3361 3361
3367 3367
1398 3369
3371 3371
3372 3372
5324 3373
4663 3374
3588 3376
5760 3378
5819 3379
3380 3380
3381 3381
54 3382
5882 3384
3385 3385
3386 3386
252 3387
392 3391
4875 3393
2764 3395
4082 3397
4679 3399
4483 3401
3402 3402
2771 3403
2623 3405
3407 3407
3203 3408
2794 3411
3940 3412
6327 3413
287 3414
1044 3416
5818 3422
3423 3423
6557 3426
820 3428
3429 3429
3395 3430
1690 3436
3437 3437
3440 3440
3445 3445
4663 3446
3447 3447
2063 3449
843 3451
3452 3452
5760 3453
3457 3457
6282 3458
630 3459
529 3460
663 3462
3464 3464
2165 3466
6850 3473
2771 3474
2191 3478
3975 3482
3497 3487
2012 3488
5487 3490
4415 3491
4390 3492
1045 3493
3495 3495
4274 3496
3500 3500
244 3502
905 3504
5168 3505
2287 3506
990 3507
2081 3509
310 3513
3518 3518
6740 3519
5489 3521
3524 3524
6706 3525
3529 3529
3530 3530
3364 3532
821 3533
3222 3536
339 3537
6126 3538
4453 3539
3541 3541
6713 3543
3160 3544
3547 3547
3548 3548
490 3549
3550 3550
6868 3551
3391 3555
3560 3560
3010 3562
3862 3563
1894 3564
3565 3565
3566 3566
3567 3567
3568 3568
3569 3569
3571 3571
5375 3572
3576 3576
2300 3578
6567 3579
1262 3580
4948 3581
6860 3583
1592 3585
748 3587
3588 3588
973 3589
252 3590
3450 3591
2172 3592
133 3595
3600 3600
3602 3602
2081 3604
686 3605
2482 3606
4758 3607
3609 3609
2258 3611
4476 3612
3613 3613
2353 3614
3927 3615
3616 3616
6823 3617
410 3618
3621 3621
630 3623
5395 3625
3628 3628
3629 3629
3633 3633
4714 3634
3508 3636
6809 3637
3638 3638
6065 3641
3643 3643
2771 3646
3648 3648
3649 3649
3228 3652
870 3654
1406 3657
5189 3659
892 3660
4131 3661
3662 3662
4768 3664
3667 3667
6285 3669
3789 3670
973 3671
4900 3673
6291 3676
1420 3679
3003 3680
3682 3682
2791 3683
3098 3684
3685 3685
383 3686
3687 3687
3688 3688
3692 3692
6427 3693
573 3695
6850 3696
6145 3699
3702 3702
3703 3703
3704 3704
5265 3705
3706 3706
3496 3707
6699 3709
511 3710
2371 3712
1222 3715
1015 3716
5268 3717
4624 3719
3723 3723
3724 3724
3726 3726
3941 3727
3728 3728
5395 3729
990 3731
4889 3732
1817 3733
5174 3734
3738 3738
1884 3744
3747 3747
3774 3749
5631 3750
3753 3753
1773 3755
4004 3756
3757 3757
1847 3758
167 3760
5864 3761
6766 3763
342 3764
3766 3766
768 3768
3059 3771
4906 3772
3773 3773
3774 3774
3776 3776
3777 3777
3778 3778
3781 3781
3782 3782
4190 3783
6144 3784
6816 3787
568 3789
3792 3792
3795 3795
3797 3797
1769 3798
6131 3800
2271 3803
5246 3804
3203 3808
1068 3809
3810 3810
3811 3811
6750 3812
3813 3813
502 3815
6334 3818
2549 3820
3169 3821
3823 3823
3825 3825
5915 3826
3828 3828
3829 3829
3833 3833
3839 3839
3840 3840
5581 3843
3552 3844
3845 3845
1962 3846
2692 3847
2305 3850
3852 3852
3853 3853
860 3856
6469 3859
5663 3861
4053 3865
900 3868
6557 3871
3258 3872
3874 3874
656 3876
6474 3879
5498 3881
3883 3883
3884 3884
2799 3885
3425 3895
3897 3897
3275 3898
3899 3899
2633 3900
6081 3902
3906 3906
4065 3911
521 3913
1871 3914
3411 3922
6235 3923
2845 3924
1571 3925
912 3926
2969 3927
745 3928
3178 3929
3644 3930
1489 3931
3932 3932
6169 3933
3901 3935
3936 3936
491 3937
3941 3941
1175 3944
1167 3946
6020 3947
3287 3948
2764 3951
3952 3952
2259 3960
332 3961
3962 3962
1932 3963
3106 3964
3340 3965
656 3968
1198 3971
3975 3975
3976 3976
3979 3979
3982 3982
954 3983
5306 3984
3985 3985
4914 3986
307 3988
715 3989
3991 3991
6318 3992
3218 3994
2507 3996
4493 3997
1018 3999
5349 4001
2801 4006
2186 4010
4902 4013
1107 4014
2443 4018
4019 4019
4023 4023
5088 4025
379 4027
4028 4028
3320 4029
4032 4032
252 4033
4035 4035
4036 4036
4037 4037
4038 4038
4039 4039
4042 4042
6731 4044
4045 4045
695 4047
4048 4048
4052 4052
5071 4053
1576 4054
4867 4056
6493 4057
4058 4058
745 4059
3258 4060
4974 4064
3508 4065
4066 4066
3173 4068
398 4069
1667 4070
4071 4071
725 4072
511 4073
4077 4077
4406 4080
5101 4082
4697 4083
4084 4084
5081 4085
3324 4086
2221 4091
3240 4096
2445 4097
1050 4099
6633 4101
4592 4102
4626 4103
4865 4104
620 4107
4108 4108
4437 4111
1917 4112
6637 4115
4119 4119
5900 4121
4801 4122
4123 4123
5377 4124
1379 4125
4100 4129
4134 4134
4135 4135
5647 4136
1398 4139
2088 4140
5754 4141
978 4142
4092 4143
3550 4145
4146 4146
113 4148
4150 4150
3340 4151
6145 4152
2297 4153
932 4155
4157 4157
4158 4158
552 4159
4061 4160
1007 4162
2401 4165
4166 4166
4167 4167
4168 4168
4169 4169
3337 4170
4174 4174
4030 4175
487 4177
4036 4178
2403 4183
4184 4184
2774 4185
4050 4186
1559 4187
1813 4188
1754 4189
5246 4190
3830 4191
4192 4192
3717 4194
4197 4197
4198 4198
4053 4200
1932 4202
4203 4203
4205 4205
4206 4206
4230 4210
4212 4212
2813 4214
3863 4217
2581 4218
4309 4219
675 4222
6291 4223
4740 4224
1535 4225
4653 4226
4227 4227
2075 4228
1613 4229
4230 4230
310 4232
4237 4237
4238 4238
2795 4239
4240 4240
1418 4241
4242 4242
5983 4243
5968 4247
4023 4248
3741 4249
1993 4251
6762 4254
4749 4256
6533 4257
4262 4262
2051 4263
1471 4264
5652 4269
1624 4271
1547 4272
2440 4274
6807 4275
6364 4276
4277 4277
5229 4278
4282 4282
81 4283
4284 4284
6644 4285
671 4286
2883 4288
310 4289
4290 4290
6515 4292
4351 4293
5698 4295
1308 4296
4298 4298
4299 4299
4300 4300
5475 4302
5868 4303
4306 4306
4308 4308
1018 4309
4601 4310
6209 4311
2928 4312
5213 4313
4317 4317
2692 4322
1592 4324
3458 4325
1239 4326
671 4328
4329 4329
1637 4330
4331 4331
4332 4332
3771 4333
4376 4334
4335 4335
4337 4337
4340 4340
6087 4341
804 4343
2588 4345
3536 4346
3172 4352
4354 4354
6213 4355
2840 4360
4529 4361
5804 4362
2401 4363
4328 4367
4369 4369
4296 4370
4372 4372
4377 4377
5983 4381
6662 4382
4459 4384
4386 4386
4387 4387
4389 4389
2271 4390
4392 4392
6763 4395
4396 4396
4663 4397
3969 4398
4331 4401
6876 4404
4407 4407
105 4412
6418 4413
2928 4414
3428 4416
4417 4417
3230 4421
4424 4424
4433 4433
2844 4436
4309 4438
2483 4439
4440 4440
4393 4441
6762 4442
4443 4443
3862 4444
377 4446
5781 4447
1588 4451
4452 4452
4454 4454
4455 4455
1387 4458
3447 4459
3127 4461
1809 4462
4740 4467
4469 4469
2642 4471
4473 4473
2568 4476
4477 4477
3287 4480
4874 4481
4677 4486
4487 4487
6190 4488
4489 4489
5472 4490
4493 4493
2051 4496
2172 4497
3677 4498
912 4502
4503 4503
4504 4504
6557 4513
5350 4515
4516 4516
3553 4520
6223 4524
692 4526
1667 4527
6226 4528
1398 4529
2941 4531
498 4533
4867 4536
5664 4537
4543 4543
2610 4545
2860 4546
206 4547
5323 4548
4549 4549
4550 4550
4579 4551
3050 4554
2827 4563
6115 4566
5657 4567
2831 4570
4571 4571
4572 4572
4573 4573
681 4574
4577 4577
6474 4584
5476 4585
6209 4586
2032 4587
5397 4588
3817 4591
632 4593
186 4596
4597 4597
4285 4600
6648 4601
5053 4602
383 4603
4607 4607
3463 4608
494 4609
1308 4610
489 4613
4009 4615
3817 4616
5135 4620
4621 4621
5636 4624
4493 4625
4590 4626
4760 4629
5586 4630
6775 4632
3929 4634
203 4635
6011 4636
4637 4637
2436 4639
4641 4641
4898 4645
4887 4646
4650 4650
4651 4651
6465 4652
4653 4653
4453 4654
4368 4655
3027 4657
815 4660
1000 4662
4138 4663
4664 4664
4374 4666
4284 4667
4668 4668
6768 4669
5615 4673
5188 4674
4675 4675
4149 4677
6404 4678
5821 4681
4940 4682
4247 4683
6198 4684
4545 4685
859 4686
4687 4687
4688 4688
4689 4689
5049 4692
231 4694
4422 4695
3238 4696
4698 4698
5754 4699
6617 4700
530 4701
968 4703
6087 4708
4709 4709
6144 4710
1293 4711
1867 4712
3343 4717
6850 4718
6831 4722
745 4723
4724 4724
4725 4725
6858 4726
1107 4727
4729 4729
4730 4730
1264 4731
973 4732
82 4737
1205 4739
4740 4740
6174 4741
1044 4743
4744 4744
5352 4745
4746 4746
1449 4747
6589 4751
1044 4753
4757 4757
526 4758
4492 4761
4763 4763
4764 4764
5140 4767
1867 4770
2563 4771
3679 4775
315 4781
6493 4785
1044 4787
576 4793
5268 4795
4796 4796
347 4797
1163 4798
4275 4800
1222 4803
511 4806
4807 4807
4808 4808
5561 4811
5530 4813
4814 4814
1018 4815
4816 4816
4958 4831
2631 4832
4833 4833
4687 4834
2517 4835
4837 4837
2813 4838
4478 4839
5342 4842
3218 4844
4849 4849
4296 4852
5016 4853
328 4854
5631 4855
4856 4856
2652 4859
2764 4860
339 4864
4247 4865
2248 4866
1588 4867
6527 4868
6661 4873
4593 4874
503 4875
3817 4877
4878 4878
1239 4879
4881 4881
3324 4882
4538 4883
3652 4887
4346 4890
5530 4893
4895 4895
4897 4897
3677 4898
4899 4899
4901 4901
91 4906
4907 4907
4909 4909
3592 4910
4912 4912
1560 4913
4915 4915
4916 4916
3104 4917
6563 4918
6427 4919
2132 4920
5196 4922
5618 4923
2379 4924
1588 4926
1542 4927
4930 4930
4932 4932
4934 4934
4935 4935
2594 4936
1616 4939
3067 4940
4941 4941
6209 4943
2383 4948
4950 4950
1181 4951
4953 4953
4954 4954
4956 4956
5540 4957
4770 4958
2832 4960
4962 4962
4963 4963
4966 4966
1128 4967
4968 4968
772 4971
4973 4973
5296 4974
4764 4978
3897 4980
1156 4981
4982 4982
4985 4985
4987 4987
4989 4989
2789 4990
3243 4995
1398 4996
3254 4997
5690 5000
1343 5002
2769 5003
5007 5007
1617 5008
1286 5009
2601 5015
5164 5017
5178 5018
5426 5019
5020 5020
4760 5023
3425 5024
54 5032
4700 5033
2863 5034
4453 5040
5041 5041
4549 5042
5268 5043
287 5047
5050 5050
5051 5051
4077 5052
5053 5053
5054 5054
5056 5056
4162 5059
6850 5063
2883 5064
2764 5065
4170 5068
2994 5069
5747 5071
5072 5072
6838 5073
5075 5075
5078 5078
5080 5080
6115 5082
6195 5083
1113 5084
28 5085
5086 5086
5 5088
5089 5089
3951 5092
6787 5094
5652 5096
4076 5097
3682 5100
5101 5101
6717 5102
3842 5104
2794 5107
5110 5110
1167 5111
5116 5116
5117 5117
5120 5120
2676 5122
5124 5124
846 5125
868 5126
6361 5127
1981 5128
5130 5130
1714 5132
4737 5136
4377 5138
5141 5141
448 5143
6300 5144
820 5147
5150 5150
4687 5151
5152 5152
5255 5157
5160 5160
6450 5162
4707 5163
2959 5165
602 5166
4445 5168
2855 5174
2849 5175
6418 5176
5178 5178
5179 5179
5181 5181
5182 5182
2692 5184
3900 5186
5188 5188
4011 5191
5192 5192
5981 5193
4036 5194
5197 5197
5198 5198
2240 5200
1126 5202
6063 5203
5205 5205
1224 5206
5207 5207
5211 5211
4283 5213
3260 5214
6515 5216
5268 5217
1867 5219
6042 5221
5492 5224
5225 5225
5312 5226
4285 5230
4306 5234
5235 5235
980 5236
439 5238
5239 5239
911 5245
3789 5247
5249 5249
5251 5251
4684 5255
2573 5256
954 5257
5714 5258
4044 5259
1574 5261
5908 5262
5266 5266
1741 5269
6017 5271
1093 5272
5636 5276
4564 5280
1035 5282
4162 5283
5868 5284
5811 5285
6567 5287
2345 5289
4153 5290
4493 5291
5292 5292
3982 5293
5295 5295
5297 5297
5298 5298
1744 5299
5596 5300
6235 5302
6191 5303
2629 5304
3609 5306
4663 5308
2941 5310
2161 5312
1364 5314
530 5316
1944 5319
5261 5322
46 5323
1469 5325
4414 5326
4237 5327
5329 5329
5333 5333
1979 5335
6189 5336
383 5340
6547 5345
5902 5348
6136 5349
838 5350
2213 5352
3808 5353
5354 5354
3960 5356
5160 5357
2081 5362
5395 5363
3458 5364
1769 5366
403 5368
1747 5369
3463 5373
3056 5375
5378 5378
5379 5379
2588 5382
3728 5383
3099 5384
5385 5385
5387 5387
1110 5389
6274 5392
5393 5393
2235 5395
43 5396
6740 5397
4296 5398
2612 5400
4796 5401
5412 5402
5405 5405
5406 5406
1280 5407
5489 5408
5409 5409
5410 5410
5411 5411
1648 5412
2963 5414
4572 5416
6122 5417
2517 5419
3599 5421
1570 5423
10 5424
2404 5427
3384 5429
1846 5435
1862 5436
6508 5437
2233 5438
871 5441
5443 5443
383 5444
5643 5445
3161 5446
921 5448
6174 5451
5452 5452
4700 5456
4493 5457
4734 5458
1128 5461
685 5462
5468 5468
6858 5471
3164 5474
1439 5475
2928 5477
1193 5479
2798 5480
5358 5482
5483 5483
3965 5484
2928 5485
6119 5486
5487 5487
5619 5488
3742 5492
5900 5493
5494 5494
4298 5495
5496 5496
5497 5497
5499 5499
6201 5501
5504 5504
3437 5510
4998 5511
5166 5512
5140 5513
5514 5514
495 5515
1044 5516
5519 5519
1731 5520
5521 5521
5522 5522
5524 5524
5525 5525
5526 5526
3218 5528
3232 5529
1422 5530
2081 5531
1090 5532
6341 5533
5536 5536
5538 5538
2977 5539
5540 5540
5542 5542
5544 5544
2535 5546
213 5547
5549 5549
490 5550
5416 5551
1420 5552
5082 5559
3897 5561
5647 5562
6858 5564
6883 5565
6731 5569
5571 5571
5706 5579
5581 5581
4070 5584
5401 5588
5569 5589
3682 5590
4429 5591
5239 5593
5596 5596
1439 5597
5598 5598
5600 5600
5602 5602
5826 5604
6065 5605
5609 5609
6209 5610
3473 5611
2316 5613
5614 5614
3511 5615
3050 5617
344 5618
2990 5621
5624 5624
6653 5627
5378 5630
5634 5634
5635 5635
4100 5636
805 5637
5638 5638
914 5640
5641 5641
3439 5644
4346 5646
5648 5648
5651 5651
4170 5652
5213 5653
2302 5654
5431 5655
2269 5658
5659 5659
3830 5660
4183 5662
5663 5663
5664 5664
2014 5665
5666 5666
685 5667
764 5673
5674 5674
2229 5675
2030 5677
5678 5678
3952 5684
5816 5685
2385 5687
5301 5689
630 5690
2831 5691
3966 5694
2298 5696
5980 5697
4655 5699
5702 5702
2629 5704
5705 5705
305 5712
2606 5713
5714 5714
4991 5716
509 5718
3173 5719
118 5720
4061 5721
4450 5723
5724 5724
3157 5725
6288 5730
3203 5731
5732 5732
5413 5734
5736 5736
5740 5740
5741 5741
1574 5742
2051 5744
3225 5746
1884 5748
532 5749
5750 5750
5106 5751
4428 5753
5636 5754
5083 5756
6549 5758
5804 5759
5760 5760
2742 5761
5762 5762
4750 5763
5046 5764
5767 5767
5768 5768
1373 5774
5775 5775
2581 5776
5777 5777
1738 5781
5782 5782
5783 5783
5785 5785
5049 5786
5788 5788
5789 5789
2915 5790
2731 5791
5793 5793
5794 5794
563 5795
5799 5799
546 5802
5883 5803
5807 5807
3547 5812
5813 5813
3324 5814
6493 5815
5816 5816
532 5817
2835 5819
5820 5820
6647 5822
5827 5827
6784 5828
5829 5829
5830 5830
5788 5831
5834 5834
5837 5837
5838 5838
5840 5840
6557 5841
3638 5842
6699 5843
617 5849
3009 5852
4637 5855
6057 5856
3027 5858
5862 5862
5261 5864
5865 5865
6287 5868
5869 5869
5618 5870
4991 5872
683 5874
2136 5876
833 5879
5880 5880
5388 5882
5884 5884
6638 5886
6858 5888
1044 5889
1855 5890
745 5892
2412 5893
6709 5894
4914 5896
5899 5899
1269 5900
5903 5903
410 5905
5203 5907
3816 5908
416 5910
2269 5911
1631 5912
5301 5917
1044 5918
3264 5920
312 5923
5466 5926
5927 5927
70 5928
3366 5929
5930 5930
6858 5931
5933 5933
1731 5934
1479 5935
5588 5938
5939 5939
33 5942
6574 5944
1044 5945
1867 5949
5951 5951
2101 5952
1996 5954
6419 5955
5773 5957
5958 5958
5610 5959
6586 5962
2777 5963
1638 5964
1044 5965
2840 5966
2316 5968
6850 5970
493 5973
5974 5974
4255 5975
2826 5980
5982 5982
6241 5984
5985 5985
4953 5986
3963 5987
5988 5988
5244 5989
4296 5990
5991 5991
3439 5993
5994 5994
3049 5996
5997 5997
502 5998
1478 5999
2813 6001
6573 6002
5679 6003
4285 6004
5130 6006
5736 6010
502 6016
2436 6017
5246 6019
6546 6020
4483 6022
6023 6023
6024 6024
3499 6027
1291 6029
1588 6031
989 6032
5733 6035
4042 6040
6617 6041
6045 6045
3583 6048
5714 6049
3166 6050
2521 6052
6054 6054
6057 6057
6059 6059
5113 6064
4663 6074
2698 6076
6077 6077
3773 6079
993 6080
2687 6081
3067 6082
6085 6085
570 6087
136 6089
6090 6090
5395 6097
5852 6098
1734 6099
6101 6101
5265 6102
2043 6103
3720 6104
4504 6107
5352 6109
6110 6110
3866 6111
3797 6112
3640 6115
6117 6117
6119 6119
1044 6124
2799 6125
6126 6126
6711 6127
5465 6128
6130 6130
514 6131
1302 6133
908 6138
3496 6140
5213 6141
3497 6142
6143 6143
2327 6145
6147 6147
2147 6151
6154 6154
6157 6157
6159 6159
6160 6160
6161 6161
2851 6162
6163 6163
6165 6165
6172 6172
973 6173
6699 6174
5717 6175
1907 6180
647 6184
6185 6185
5361 6186
2017 6187
1551 6189
1851 6192
3629 6193
4974 6194
6196 6196
259 6198
6200 6200
287 6205
4888 6206
5983 6207
4837 6209
3592 6210
6212 6212
502 6213
6214 6214
6133 6216
5072 6217
474 6218
2549 6221
5701 6222
4991 6224
6225 6225
4574 6227
3496 6229
3307 6230
6238 6238
2379 6239
175 6241
6248 6248
4100 6249
6065 6255
4722 6257
2366 6258
4480 6261
6263 6263
6265 6265
170 6266
2456 6267
2737 6268
3966 6270
5821 6272
6206 6274
6275 6275
6276 6276
6278 6278
301 6279
581 6280
6281 6281
3163 6282
6285 6285
3385 6286
2366 6289
1644 6291
6292 6292
2000 6293
6295 6295
1644 6296
6134 6297
6302 6302
4562 6303
4284 6304
5174 6305
2298 6306
252 6307
748 6308
3483 6311
2742 6314
6315 6315
6317 6317
5774 6318
6319 6319
6323 6323
2298 6325
1461 6326
6327 6327
551 6330
6332 6332
62 6334
6337 6337
3261 6340
3846 6341
2527 6342
1588 6348
1925 6349
6350 6350
2764 6351
6144 6352
5397 6353
6457 6359
4941 6360
6363 6363
4989 6365
5809 6366
1855 6368
6370 6370
6350 6374
6418 6375
3290 6376
2075 6377
2928 6379
5989 6381
6383 6383
1193 6385
5229 6386
6389 6389
4169 6390
666 6393
6094 6397
4464 6405
4689 6406
4281 6407
604 6411
6503 6413
6491 6414
6415 6415
570 6416
2431 6418
4994 6419
6420 6420
769 6422
3927 6426
4890 6427
6429 6429
6430 6430
6418 6432
313 6434
688 6435
5205 6438
6439 6439
6440 6440
3595 6442
6444 6444
1678 6449
398 6453
1631 6454
6858 6456
792 6457
2933 6462
252 6464
6465 6465
6466 6466
6467 6467
2335 6471
255 6473
498 6475
6479 6479
33 6480
5845 6481
6482 6482
2938 6484
1193 6485
4493 6486
6783 6487
1635 6488
1867 6489
4135 6490
2379 6494
4261 6495
5342 6499
4994 6502
5985 6503
92 6504
2809 6505
6507 6507
6006 6508
6445 6510
1919 6511
6512 6512
4028 6513
6218 6515
3295 6516
6701 6519
1226 6522
487 6523
5262 6525
6526 6526
6527 6527
3602 6529
5915 6533
4615 6534
439 6536
6537 6537
6538 6538
6546 6546
6551 6551
6554 6554
3817 6558
6559 6559
6538 6560
6561 6561
6563 6563
6564 6564
6565 6565
6566 6566
6567 6567
1398 6568
6569 6569
843 6572
6573 6573
4125 6574
275 6576
6094 6580
6703 6581
6584 6584
4902 6585
1511 6586
6731 6588
235 6589
6591 6591
6592 6592
71 6593
3927 6594
6595 6595
6596 6596
1738 6598
840 6600
6602 6602
6603 6603
6605 6605
6271 6606
4406 6608
252 6609
2174 6610
870 6611
2941 6612
2993 6613
6623 6623
316 6624
6626 6626
4526 6627
382 6628
1722 6630
4124 6633
4526 6634
4981 6635
1547 6636
2739 6637
6638 6638
5974 6639
6087 6640
6641 6641
6643 6643
6644 6644
2764 6645
2208 6648
6650 6650
2238 6651
6851 6652
5325 6653
1199 6655
1044 6656
6663 6663
6665 6665
6666 6666
2208 6667
940 6668
566 6675
1241 6678
5094 6679
362 6681
6683 6683
6072 6685
5012 6686
3015 6687
848 6688
6689 6689
2646 6690
6230 6691
5618 6692
6693 6693
4025 6695
4974 6697
6699 6699
6819 6703
6508 6704
6706 6706
1087 6708
2764 6711
3848 6712
6713 6713
6715 6715
5773 6717
4230 6719
4888 6720
6721 6721
6724 6724
6725 6725
1044 6727
4757 6731
1455 6733
5449 6734
28 6736
6363 6739
5229 6740
6741 6741
4526 6742
1167 6744
377 6746
719 6748
6750 6750
6362 6751
6706 6755
6326 6756
5452 6758
973 6760
4737 6762
1313 6763
2016 6764
5034 6765
6767 6767
6768 6768
4334 6771
5239 6773
3135 6774
379 6776
6778 6778
136 6779
4148 6780
6783 6783
2998 6784
1892 6786
6788 6788
6790 6790
6791 6791
6801 6793
5852 6796
6797 6797
6800 6800
6334 6801
494 6803
583 6804
6594 6805
5210 6806
5101 6808
6809 6809
2051 6811
999 6813
6817 6817
5339 6818
3496 6819
3032 6823
2852 6824
1044 6826
6827 6827
2729 6828
6830 6830
2698 6831
5136 6832
6834 6834
4954 6835
3463 6836
6838 6838
2272 6839
3483 6845
6012 6847
649 6849
6850 6850
4706 6852
6856 6856
3661 6857
6859 6859
999 6862
4567 6864
6865 6865
6866 6866
1984 6868
6872 6872
492 6874
6875 6875
4067 6878
5618 6879
2982 6881
1411 6882
2710 6885
1007 6887
2312 6889
