359 359
138 138
239 239
3499 3499
236 236
3909 3909
6276 6276
76 76
63 63
6257 6257
121 121
15 15
3853 3853
26 26
3587 3587
261 261
3753 3753
330 330
82 82
294 294
3916 3916
81 81
430 430
65 65
340 340
3861 3861
3576 3576
3560 3560
3652 3652
3548 3548
3949 3949
44 44
328 328
3948 3948
3643 3643
94 94
45 45
27 27
37 37
64 64
36 36
23 23
6267 6267
3754 3754
246 246
2056 2056
3845 3845
292 292
6247 6247
117 117
3547 3547
407 407
6248 6248
2046 2046
3936 3936
314 314
2795 2795
128 128
2793 2793
2783 2783
3056 3056
3923 3923
436 436
410 410
3774 3774
321 321
3833 3833
3638 3638
119 119
429 429
3829 3829
6261 6261
408 408
3653 3653
3821 3821
3703 3703
431 431
3806 3806
100 100
3554 3554
432 432
6264 6264
3792 3792
315 315
241 241
2801 2801
6265 6265
421 421
3583 3583
3743 3743
3824 3824
3521 3521
242 242
17 17
2811 2811
3593 3593
1907 1907
3799 3799
3702 3702
6266 6266
351 351
3749 3749
3565 3565
2041 2041
2799 2799
2127 2127
3579 3579
311 311
2780 2780
105 105
312 312
10 10
3596 3596
3568 3568
3601 3601
3613 3613
124 124
3777 3777
2490 2490
2276 2276
146 146
2814 2814
439 439
2292 2292
62 62
3611 3611
2480 2480
3609 3609
2779 2779
5659 5659
122 122
2129 2129
2511 2511
2044 2044
3567 3567
2177 2177
5463 5463
2152 2152
2381 2381
2118 2118
2164 2164
3655 3655
5750 5750
1984 1984
2775 2775
5464 5464
2498 2498
2167 2167
2497 2497
3161 3161
5598 5598
5458 5458
3745 3745
2007 2007
2770 2770
282 282
5519 5519
5535 5535
2175 2175
2499 2499
2274 2274
2150 2150
3705 3705
2278 2278
2052 2052
1993 1993
2 2
5840 5840
155 155
2199 2199
2193 2193
5601 5601
2375 2375
5634 5634
5674 5674
2596 2596
2213 2213
2471 2471
5536 5536
7 7
2485 2485
2061 2061
6238 6238
5522 5522
295 295
3908 3908
5708 5708
5845 5845
2261 2261
2389 2389
2472 2472
6231 6231
5751 5751
6067 6067
333 333
6236 6236
2367 2367
2484 2484
6066 6066
2124 2124
5651 5651
5951 5951
2613 2613
3704 3704
5950 5950
5590 5590
5542 5542
2610 2610
2506 2506
2210 2210
2362 2362
6057 6057
2084 2084
5641 5641
2211 2211
260 260
3 3
6056 6056
6059 6059
5540 5540
2623 2623
2239 2239
3818 3818
5625 5625
2266 2266
3646 3646
5468 5468
2254 2254
3840 3840
6072 6072
3163 3163
2255 2255
6077 6077
5538 5538
147 147
3648 3648
5724 5724
2080 2080
148 148
5443 5443
160 160
2600 2600
2086 2086
2181 2181
2204 2204
5829 5829
5932 5932
2197 2197
2145 2145
258 258
2184 2184
6079 6079
6045 6045
5930 5930
5944 5944
2036 2036
6085 6085
6043 6043
285 285
2022 2022
214 214
2252 2252
2402 2402
5939 5939
5686 5686
5834 5834
3673 3673
5496 5496
2284 2284
5966 5966
5745 5745
2092 2092
5526 5526
174 174
3884 3884
2014 2014
2017 2017
2288 2288
2517 2517
5851 5851
3727 3727
5827 5827
2280 2280
3906 3906
6090 6090
472 472
2685 2685
2250 2250
3883 3883
372 372
374 374
2565 2565
2701 2701
6086 6086
2639 2639
2636 2636
6102 6102
2018 2018
2182 2182
403 403
6147 6147
3068 3068
5978 5978
5549 5549
468 468
2020 2020
2220 2220
6130 6130
5553 5553
5645 5645
217 217
2643 2643
2715 2715
2413 2413
5748 5748
6110 6110
2441 2441
5585 5585
2457 2457
2279 2279
2714 2714
6149 6149
2432 2432
2031 2031
466 466
5982 5982
5981 5981
5664 5664
3684 3684
5486 5486
3874 3874
6117 6117
6108 6108
2087 2087
153 153
6125 6125
2711 2711
5567 5567
464 464
3941 3941
2233 2233
5663 5663
5985 5985
3811 3811
1774 1774
2431 2431
5855 5855
369 369
2272 2272
507 507
3489 3489
5852 5852
6119 6119
2684 2684
2415 2415
2107 2107
2230 2230
6136 6136
4071 4071
3782 3782
492 492
215 215
3728 3728
6157 6157
3967 3967
6889 6889
6160 6160
515 515
4001 4001
2567 2567
5239 5239
2652 2652
2550 2550
5566 5566
6887 6887
5714 5714
5235 5235
6139 6139
2342 2342
5530 5530
6153 6153
3691 3691
2644 2644
5447 5447
3692 3692
2733 2733
2675 2675
2648 2648
3986 3986
560 560
2716 2716
5489 5489
5869 5869
6159 6159
546 546
4029 4029
2538 2538
487 487
540 540
4032 4032
558 558
2671 2671
2692 2692
2646 2646
4036 4036
163 163
545 545
3976 3976
2206 2206
5643 5643
1766 1766
2216 2216
204 204
1924 1924
367 367
3979 3979
2740 2740
4015 4015
552 552
5690 5690
2654 2654
269 269
3690 3690
4067 4067
4035 4035
4018 4018
2103 2103
2299 2299
537 537
2282 2282
2658 2658
5666 5666
524 524
6175 6175
3888 3888
1928 1928
387 387
4006 4006
5741 5741
2286 2286
4058 4058
168 168
5484 5484
2427 2427
5740 5740
2104 2104
199 199
2463 2463
2537 2537
4016 4016
2559 2559
2296 2296
198 198
6005 6005
2434 2434
2461 2461
5702 5702
2295 2295
5997 5997
2873 2873
5406 5406
4013 4013
2423 2423
5991 5991
6172 6172
5403 5403
6834 6834
5573 5573
3168 3168
2468 2468
6039 6039
4789 4789
2105 2105
2536 2536
2467 2467
1562 1562
6794 6794
4900 4900
3354 3354
1625 1625
6010 6010
6598 6598
1689 1689
1976 1976
1561 1561
6023 6023
6832 6832
5989 5989
6170 6170
3062 3062
3338 3338
2435 2435
1568 1568
3169 3169
2448 2448
4799 4799
2722 2722
2312 2312
3229 3229
3228 3228
2308 2308
226 226
3269 3269
3278 3278
2444 2444
570 570
1949 1949
2348 2348
1966 1966
3275 3275
2316 2316
1628 1628
1603 1603
3274 3274
1571 1571
1912 1912
2429 2429
6817 6817
1600 1600
1598 1598
1593 1593
1700 1700
1572 1572
3316 3316
1727 1727
1977 1977
1601 1601
5677 5677
1934 1934
5880 5880
5910 5910
5802 5802
3440 3440
3900 3900
1741 1741
3343 3343
1588 1588
5901 5901
6595 6595
1586 1586
6602 6602
5706 5706
5881 5881
5923 5923
3347 3347
1618 1618
1913 1913
6727 6727
3348 3348
3067 3067
1595 1595
3349 3349
4762 4762
271 271
2765 2765
3249 3249
5389 5389
5928 5928
2749 2749
3292 3292
5387 5387
2306 2306
6721 6721
5679 5679
1655 1655
3365 3365
5734 5734
5128 5128
1660 1660
6719 6719
5393 5393
5793 5793
1553 1553
3892 3892
6724 6724
1688 1688
6725 6725
1559 1559
6594 6594
2753 2753
6592 6592
6791 6791
6581 6581
3078 3078
1916 1916
6591 6591
5783 5783
6605 6605
6574 6574
3283 3283
2729 2729
1579 1579
3281 3281
6792 6792
3252 3252
2728 2728
3284 3284
5896 5896
5927 5927
3225 3225
5409 5409
3317 3317
1619 1619
5215 5215
6597 6597
4706 4706
1587 1587
6827 6827
6587 6587
2718 2718
6606 6606
2719 2719
3241 3241
5767 5767
2984 2984
1223 1223
5201 5201
1578 1578
3223 3223
4649 4649
6577 6577
6859 6859
4651 4651
1140 1140
1556 1556
1314 1314
1277 1277
1355 1355
5080 5080
6185 6185
5410 5410
5438 5438
6589 6589
5778 5778
5192 5192
6781 6781
5186 5186
1900 1900
1614 1614
4652 4652
6865 6865
5762 5762
6866 6866
6862 6862
5435 5435
6850 6850
5081 5081
6584 6584
6754 6754
1662 1662
1164 1164
5153 5153
6848 6848
4709 4709
1573 1573
6804 6804
5136 5136
5179 5179
6830 6830
1854 1854
1613 1613
1657 1657
3294 3294
398 398
6762 6762
5790 5790
5807 5807
1498 1498
4650 4650
5130 5130
1137 1137
6735 6735
6187 6187
936 936
5777 5777
4187 4187
5095 5095
1711 1711
4849 4849
6444 6444
4685 4685
2895 2895
1163 1163
1356 1356
6853 6853
5100 5100
6842 6842
5782 5782
4606 4606
1695 1695
5773 5773
5411 5411
6843 6843
5152 5152
1393 1393
1661 1661
5181 5181
3682 3682
1725 1725
5090 5090
2898 2898
2318 2318
5775 5775
5101 5101
2897 2897
1712 1712
2822 2822
1227 1227
3201 3201
4833 4833
6356 6356
5183 5183
4836 4836
6824 6824
5158 5158
5116 5116
1391 1391
6718 6718
4744 4744
5327 5327
4737 4737
6750 6750
6807 6807
1709 1709
1875 1875
1703 1703
1541 1541
4716 4716
6844 6844
6712 6712
5058 5058
3813 3813
6406 6406
6402 6402
6666 6666
6657 6657
6663 6663
1515 1515
6801 6801
4837 4837
5221 5221
5036 5036
5800 5800
6643 6643
6334 6334
4714 4714
6662 6662
6675 6675
3421 3421
6706 6706
5189 5189
6631 6631
1162 1162
1708 1708
5812 5812
6644 6644
2981 2981
5437 5437
3414 3414
3194 3194
788 788
1258 1258
5035 5035
1663 1663
1506 1506
3063 3063
1832 1832
2319 2319
6190 6190
3442 3442
5053 5053
1452 1452
880 880
5198 5198
3132 3132
4621 4621
1704 1704
3391 3391
1831 1831
3207 3207
6685 6685
6227 6227
5021 5021
3195 3195
1649 1649
6317 6317
5813 5813
5028 5028
5188 5188
4084 4084
3445 3445
1505 1505
937 937
2994 2994
6626 6626
6683 6683
4736 4736
3373 3373
6315 6315
4622 4622
4259 4259
6625 6625
3180 3180
3242 3242
3216 3216
4868 4868
3217 3217
4763 4763
4386 4386
4883 4883
5125 5125
3397 3397
5056 5056
4828 4828
3196 3196
1299 1299
1830 1830
6313 6313
1161 1161
5211 5211
4383 4383
1645 1645
6479 6479
6482 6482
4182 4182
6286 6286
4388 4388
3334 3334
4337 4337
4428 4428
1796 1796
1633 1633
4274 4274
4282 4282
4966 4966
4458 4458
930 930
5047 5047
5143 5143
4389 4389
677 677
721 721
4110 4110
4210 4210
1281 1281
791 791
1130 1130
5084 5084
4913 4913
687 687
4615 4615
3456 3456
4163 4163
631 631
4912 4912
1158 1158
6285 6285
3065 3065
5069 5069
3383 3383
1173 1173
2858 2858
4757 4757
720 720
830 830
802 802
4935 4935
3177 3177
696 696
1383 1383
4340 4340
3193 3193
5287 5287
1167 1167
1795 1795
1749 1749
4174 4174
699 699
1788 1788
4607 4607
6288 6288
3764 3764
1275 1275
1125 1125
4764 4764
1245 1245
1122 1122
4356 4356
5314 5314
1043 1043
767 767
4417 4417
900 900
6282 6282
1737 1737
3321 3321
831 831
1409 1409
5163 5163
4335 4335
1874 1874
1399 1399
1417 1417
3036 3036
4255 4255
3382 3382
943 943
1791 1791
1145 1145
6302 6302
3064 3064
6615 6615
4746 4746
3385 3385
3457 3457
1010 1010
1382 1382
5106 5106
6693 6693
3425 3425
4254 4254
4846 4846
3039 3039
766 766
1018 1018
1255 1255
4454 4454
2910 2910
2912 2912
1433 1433
4391 4391
650 650
4285 4285
3190 3190
1052 1052
1048 1048
4443 4443
3043 3043
741 741
4934 4934
1236 1236
1826 1826
1860 1860
4930 4930
2929 2929
1006 1006
4338 4338
4212 4212
1265 1265
4344 4344
808 808
1044 1044
750 750
2962 2962
2967 2967
4286 4286
1407 1407
1876 1876
1132 1132
3099 3099
975 975
302 302
1529 1529
2914 2914
1673 1673
4689 4689
4396 4396
843 843
691 691
3495 3495
3386 3386
4334 4334
1327 1327
5234 5234
1188 1188
955 955
1200 1200
4135 4135
1147 1147
5269 5269
1418 1418
1027 1027
4806 4806
1033 1033
1862 1862
1003 1003
4240 4240
1013 1013
1326 1326
2835 2835
2927 2927
2834 2834
648 648
2892 2892
3026 3026
1323 1323
1251 1251
1334 1334
3003 3003
4300 4300
993 993
4238 4238
1055 1055
3112 3112
1824 1824
4922 4922
4752 4752
4358 4358
4545 4545
5252 5252
4123 4123
4431 4431
610 610
4372 4372
6537 6537
1637 1637
4359 4359
2955 2955
1168 1168
4550 4550
956 956
671 671
1014 1014
6389 6389
6475 6475
2866 2866
4158 4158
882 882
1537 1537
1293 1293
3500 3500
3134 3134
4747 4747
4354 4354
1784 1784
1513 1513
5262 5262
927 927
4166 4166
1419 1419
1337 1337
892 892
3688 3688
1471 1471
1091 1091
4821 4821
1825 1825
4197 4197
5244 5244
1187 1187
4687 4687
5000 5000
1478 1478
997 997
6370 6370
6557 6557
5250 5250
4392 4392
764 764
652 652
3104 3104
2825 2825
1238 1238
1023 1023
1821 1821
6510 6510
3120 3120
916 916
4728 4728
4150 4150
3502 3502
3118 3118
4470 4470
6566 6566
3098 3098
4894 4894
5247 5247
1449 1449
1071 1071
1881 1881
705 705
5304 5304
783 783
4729 4729
4641 4641
4573 4573
1108 1108
4575 4575
3088 3088
6381 6381
4153 4153
4552 4552
2969 2969
5303 5303
1141 1141
3090 3090
1178 1178
4538 4538
3125 3125
1093 1093
4537 4537
4950 4950
981 981
4493 4493
3511 3511
1460 1460
5332 5332
4543 4543
6529 6529
1061 1061
968 968
4488 4488
4226 4226
5290 5290
4452 4452
4962 4962
6874 6874
6530 6530
4481 4481
1769 1769
967 967
4425 4425
4982 4982
1458 1458
1214 1214
4352 4352
2819 2819
4725 4725
932 932
4814 4814
4628 4628
1292 1292
6511 6511
4142 4142
6538 6538
4940 4940
1464 1464
4727 4727
4412 4412
3029 3029
4299 4299
4663 4663
2884 2884
1063 1063
1799 1799
884 884
6872 6872
4999 4999
4597 4597
4177 4177
6571 6571
5265 5265
4655 4655
4433 4433
6546 6546
3137 3137
1511 1511
621 621
6567 6567
4198 4198
1758 1758
5251 5251
6410 6410
4571 4571
946 946
4534 4534
957 957
4985 4985
4653 4653
4297 4297
4126 4126
4929 4929
1454 1454
6422 6422
6527 6527
2845 2845
2877 2877
6337 6337
5255 5255
848 848
873 873
4951 4951
4528 4528
1087 1087
658 658
3136 3136
4956 4956
2839 2839
4941 4941
901 901
3155 3155
4461 4461
6878 6878
619 619
1118 1118
944 944
1100 1100
