2 2
3 3
17 6
7 7
6718 8
10 10
3544 11
1327 12
3071 13
15 15
17 17
1233 18
4585 19
6223 21
23 23
3738 24
26 26
27 27
4200 28
5113 29
4758 30
4525 33
1724 34
1255 35
36 36
37 37
4495 43
44 44
45 45
4200 47
5698 50
2926 51
1512 53
2404 54
1968 55
115 58
3028 59
1903 61
62 62
63 63
64 64
65 65
6236 66
5788 67
4462 69
2162 70
3913 71
5721 72
5994 75
76 76
3095 80
81 81
82 82
4550 86
5255 87
4564 90
5357 91
94 94
214 98
100 100
5817 101
5802 104
105 105
2142 106
3820 107
4495 109
5642 110
4975 113
117 117
1987 118
119 119
6492 120
121 121
122 122
124 124
1926 125
1285 127
128 128
1943 131
5463 132
1424 133
2443 134
2235 135
138 138
6557 139
5571 140
6835 144
146 146
147 147
148 148
4421 149
6161 151
153 153
155 155
3104 157
1596 159
160 160
405 161
163 163
2470 164
1520 167
168 168
444 171
3244 172
174 174
3750 175
5645 180
5439 181
1006 182
5805 183
2524 184
743 187
5123 191
3909 193
517 195
2282 197
198 198
199 199
3507 200
3779 201
204 204
5910 207
1417 211
214 214
215 215
217 217
4409 218
6588 220
2535 221
1127 222
1103 223
3785 224
226 226
2807 227
4073 228
5665 229
1254 231
1516 233
236 236
1024 238
239 239
241 241
242 242
4328 244
246 246
1907 249
5963 251
4562 252
1164 253
918 254
1543 255
4609 256
258 258
1537 259
260 260
261 261
457 264
209 267
269 269
2593 270
271 271
799 272
5280 275
948 276
5963 280
282 282
5076 283
5929 284
285 285
2403 286
285 287
3299 288
1419 291
292 292
294 294
295 295
6448 296
5067 298
302 302
4492 303
2792 304
649 310
311 311
312 312
2025 313
314 314
315 315
321 321
881 323
2731 326
328 328
405 329
330 330
333 333
6296 335
256 337
3755 339
340 340
4461 342
1901 345
4504 347
5473 348
6395 349
5994 350
351 351
3282 352
3778 354
2313 357
359 359
2612 363
3621 364
4733 366
367 367
369 369
372 372
374 374
2718 376
6201 377
5106 381
1575 382
4097 385
387 387
3453 392
3188 393
4742 394
398 398
6346 399
403 403
5352 406
407 407
408 408
410 410
4182 411
6611 418
2249 419
421 421
5877 422
2428 424
429 429
430 430
431 431
432 432
4609 433
198 434
407 435
436 436
364 437
5684 438
439 439
3054 441
5837 442
2976 445
1532 446
3844 449
5033 453
5037 454
4097 455
6599 457
4100 458
2169 463
464 464
886 465
466 466
468 468
964 471
472 472
1094 477
1021 481
1934 482
1870 484
1222 486
487 487
3672 488
492 492
4609 494
6708 498
3865 501
2447 502
6375 503
3260 504
507 507
1531 508
2589 510
6678 511
4494 512
356 513
5760 514
515 515
1158 516
2132 518
5249 521
524 524
3785 526
1901 527
732 529
310 534
2951 535
537 537
538 538
540 540
1701 541
1369 544
545 545
546 546
4562 548
4984 549
587 550
2492 551
552 552
5953 553
3320 554
558 558
5236 559
560 560
2681 562
1777 563
707 565
570 570
431 572
2928 575
2604 580
135 581
5421 582
583 583
5323 585
586 586
6332 588
591 591
4651 592
5180 594
3082 595
1880 597
1648 598
5426 599
5166 602
1121 603
5909 604
712 605
2631 607
546 608
610 610
5525 611
1335 612
3723 616
619 619
621 621
5384 624
6701 625
6025 627
643 629
631 631
5377 632
5504 633
636 636
5272 642
6841 644
6012 645
2372 646
648 648
650 650
652 652
4510 655
4432 656
1297 657
658 658
1158 659
6692 660
724 662
6417 664
5231 665
3769 667
902 669
3915 670
671 671
672 672
3801 673
952 674
5435 675
4198 676
677 677
6480 679
4886 680
1944 683
2708 684
5910 685
687 687
1012 690
691 691
5564 692
901 693
3077 695
696 696
4037 697
699 699
2702 700
4175 701
4790 702
5250 703
705 705
6478 706
6486 708
3465 710
713 713
5909 716
4783 717
720 720
721 721
6586 729
730 730
5117 731
2814 732
5310 733
3702 736
4692 737
4293 738
741 741
2142 745
748 748
750 750
1603 751
1158 752
754 754
758 758
4289 762
6191 763
764 764
2883 765
766 766
767 767
6781 769
6769 770
4953 771
773 773
4138 775
5705 776
6619 779
782 782
783 783
788 788
3078 789
791 791
5162 793
5885 796
6641 798
802 802
2289 804
1695 805
199 806
1043 807
808 808
5510 809
6164 810
4579 811
5910 812
3586 813
3065 817
4789 818
6659 819
1293 823
3160 826
494 827
829 829
830 830
831 831
888 835
1343 836
2939 838
972 840
3283 841
5671 842
843 843
6010 845
848 848
416 849
1438 855
2007 857
3606 862
789 864
6817 865
4683 869
4527 872
873 873
6268 876
858 879
880 880
882 882
884 884
5064 889
892 892
121 893
2132 894
895 895
3066 896
899 898
5924 899
900 900
901 901
6712 902
5927 905
108 911
1828 913
3511 914
916 916
5877 918
529 919
731 920
3676 921
2164 923
927 927
3118 929
930 930
932 932
2127 933
1119 934
4609 935
936 936
937 937
1476 938
126 939
943 943
944 944
5962 945
946 946
1735 947
2120 950
2470 952
1128 953
955 955
956 956
957 957
4839 958
535 964
2163 965
3378 966
967 967
968 968
5926 969
975 975
121 976
3915 977
5910 979
6097 980
981 981
1901 982
6596 983
2589 984
6427 992
993 993
5994 994
5862 995
997 997
3423 999
1907 1000
5844 1001
1003 1003
4124 1004
1006 1006
2313 1009
1010 1010
600 1011
4647 1012
1013 1013
1014 1014
2381 1015
3432 1016
2505 1017
1018 1018
1901 1020
1406 1021
1023 1023
5324 1026
1027 1027
3652 1029
1828 1031
1033 1033
816 1036
5675 1038
2505 1040
1043 1043
1044 1044
1591 1045
121 1046
1048 1048
5712 1050
2854 1051
1052 1052
1473 1053
1055 1055
6817 1058
3839 1060
1061 1061
1063 1063
1807 1066
5342 1068
1071 1071
563 1072
3540 1073
3730 1074
1226 1075
5213 1077
3502 1080
2645 1083
3013 1084
3801 1085
3033 1086
1087 1087
712 1089
1091 1091
1093 1093
6273 1095
1608 1098
1100 1100
1645 1101
6765 1102
4629 1103
161 1104
5926 1105
1108 1108
6841 1111
5084 1113
3346 1114
5430 1115
3067 1116
1118 1118
4886 1119
3283 1121
1122 1122
1125 1125
1279 1127
1130 1130
1132 1132
2471 1133
3372 1135
1137 1137
1307 1138
1140 1140
1141 1141
1145 1145
1147 1147
5899 1149
230 1150
5752 1151
4692 1152
1158 1158
1161 1161
1162 1162
1163 1163
1164 1164
1167 1167
1168 1168
5989 1169
5371 1171
5427 1172
1173 1173
3397 1174
1178 1178
2445 1181
957 1182
4720 1183
1187 1187
1188 1188
4579 1192
5207 1194
4550 1196
1073 1197
4325 1198
1199 1199
1200 1200
493 1201
4314 1202
6817 1203
510 1207
712 1208
1603 1210
3712 1212
1473 1213
1214 1214
5350 1215
4343 1216
6089 1218
4562 1221
1223 1223
3007 1224
3657 1225
1227 1227
4562 1230
1272 1233
1901 1234
5823 1235
1236 1236
1238 1238
6310 1241
2663 1243
5220 1244
1245 1245
50 1246
1473 1247
5926 1249
1251 1251
1255 1255
5963 1256
1258 1258
4760 1259
493 1262
1265 1265
1630 1267
4972 1268
2449 1270
1275 1275
1277 1277
1279 1279
2702 1280
1281 1281
121 1282
1283 1283
5222 1284
6427 1285
5249 1286
4973 1287
1493 1291
1292 1292
1293 1293
2539 1296
793 1297
1299 1299
2524 1301
5805 1310
1314 1314
4984 1316
1529 1318
1323 1323
1520 1324
1326 1326
1327 1327
5472 1330
684 1331
6492 1333
1334 1334
5994 1335
5220 1336
1337 1337
5421 1338
5910 1340
1541 1341
1828 1343
3943 1345
5818 1346
5189 1350
3363 1351
3109 1353
712 1354
1355 1355
1356 1356
2977 1358
2851 1360
4727 1362
695 1364
5362 1374
3179 1377
1382 1382
1383 1383
1386 1386
1387 1387
1546 1390
1391 1391
284 1392
1393 1393
1091 1394
3364 1396
1399 1399
5926 1400
2792 1401
4388 1402
4820 1404
1407 1407
4916 1408
1409 1409
1645 1410
601 1411
1414 1414
3166 1415
1417 1417
1418 1418
1419 1419
2505 1420
1531 1424
6089 1425
5910 1426
3545 1427
918 1428
1433 1433
169 1435
3790 1437
5721 1441
3352 1442
1128 1448
1449 1449
1452 1452
132 1453
1454 1454
1458 1458
1460 1460
1464 1464
6025 1467
3764 1468
1471 1471
1603 1473
2659 1474
1661 1476
1478 1478
4029 1480
3487 1481
2162 1484
2513 1485
3179 1486
5811 1490
1809 1492
4506 1493
2792 1495
1498 1498
1505 1505
1506 1506
168 1508
1511 1511
1603 1512
1513 1513
35 1514
1515 1515
4768 1516
1983 1518
5527 1522
1259 1523
5510 1527
556 1528
1529 1529
1293 1531
5877 1532
2807 1534
6130 1535
4984 1536
1537 1537
1538 1538
5727 1539
1541 1541
1523 1542
1730 1543
4651 1544
5795 1547
99 1548
6605 1549
1965 1550
1553 1553
1844 1555
1556 1556
4764 1557
1559 1559
1561 1561
1562 1562
4980 1563
3865 1566
1568 1568
1550 1569
4609 1570
1571 1571
1572 1572
1573 1573
1578 1578
1579 1579
5096 1585
1586 1586
1587 1587
1588 1588
3982 1590
4037 1591
1593 1593
1595 1595
1598 1598
1600 1600
1601 1601
1603 1603
6197 1604
4944 1605
1887 1607
6177 1609
875 1610
1613 1613
1614 1614
1145 1615
1618 1618
1619 1619
5994 1620
6279 1621
5214 1624
1625 1625
1628 1628
5222 1632
1633 1633
1637 1637
1638 1638
4910 1639
6113 1644
1645 1645
2486 1646
6772 1647
1064 1648
1649 1649
2715 1652
1655 1655
4100 1656
1657 1657
2828 1658
1660 1660
1661 1661
1662 1662
1663 1663
1669 1669
1670 1670
1673 1673
1306 1678
3502 1680
4947 1682
1683 1683
1688 1688
1689 1689
5597 1692
2522 1694
1695 1695
2428 1698
1700 1700
1703 1703
1704 1704
1708 1708
1709 1709
7 1710
1711 1711
1712 1712
6847 1715
5941 1719
3941 1720
637 1721
5579 1722
1139 1724
1725 1725
5926 1726
1727 1727
5501 1729
5169 1734
1737 1737
5099 1739
5941 1740
1741 1741
2046 1745
4455 1747
1748 1748
1749 1749
4579 1756
6817 1757
1758 1758
1760 1760
1761 1761
2852 1763
121 1765
1766 1766
1769 1769
4948 1770
1774 1774
5889 1777
376 1778
78 1779
2295 1780
6000 1782
1784 1784
2283 1785
2716 1786
6331 1787
1788 1788
1791 1791
5698 1793
1901 1794
1795 1795
1796 1796
1799 1799
3652 1800
6692 1803
3465 1806
1809 1809
2928 1810
6455 1812
2415 1813
1814 1814
3802 1815
2082 1816
1821 1821
1824 1824
1825 1825
1826 1826
5963 1829
1830 1830
1831 1831
1832 1832
1628 1833
5421 1834
4000 1836
6229 1837
1838 1838
1839 1839
3998 1844
1285 1848
912 1850
325 1852
5249 1853
1854 1854
3493 1855
4522 1857
121 1859
1860 1860
3616 1861
1862 1862
2872 1868
1874 1874
1875 1875
1876 1876
4783 1879
1881 1881
5183 1884
6024 1886
5272 1888
6427 1894
801 1896
1897 1897
1900 1900
1901 1901
5910 1902
3081 1903
1904 1904
4562 1905
3182 1906
1907 1907
6882 1909
4776 1910
1912 1912
1913 1913
4515 1914
1916 1916
734 1918
6863 1921
149 1922
418 1923
1924 1924
5054 1926
3629 1927
1928 1928
4119 1932
1169 1933
1934 1934
5103 1935
5085 1936
1968 1937
5697 1940
5768 1943
1807 1945
3612 1946
1949 1949
2939 1951
3749 1953
6529 1956
5564 1957
1292 1962
1966 1966
4703 1973
1976 1976
1977 1977
5384 1978
1541 1982
3062 1983
1984 1984
1917 1989
1993 1993
6058 1994
5456 1996
4103 1997
4409 2004
1334 2005
1410 2006
2007 2007
1603 2008
121 2009
1828 2013
2014 2014
4126 2015
2017 2017
2018 2018
2020 2020
2022 2022
1745 2027
4454 2028
911 2029
2031 2031
4097 2032
1753 2035
2036 2036
2041 2041
2044 2044
2046 2046
6878 2049
4136 2050
2052 2052
4597 2054
3816 2055
2056 2056
1965 2058
453 2059
2061 2061
5203 2062
3135 2069
649 2072
2088 2076
2080 2080
1603 2082
4493 2083
2084 2084
2086 2086
2087 2087
743 2088
6781 2089
1365 2090
2995 2091
2092 2092
524 2094
1461 2095
4550 2096
2106 2099
5910 2102
2103 2103
2104 2104
2105 2105
2107 2107
2320 2108
2631 2109
6492 2110
5335 2111
5762 2112
4476 2113
1771 2116
2118 2118
2088 2120
4401 2123
2124 2124
2127 2127
4672 2128
2129 2129
5642 2131
5926 2133
3809 2135
6554 2136
5684 2140
899 2142
5294 2144
2145 2145
2300 2147
1550 2149
2150 2150
2152 2152
5992 2153
6332 2158
4171 2161
1005 2163
2164 2164
2167 2167
3578 2168
2392 2169
4223 2171
4205 2172
6063 2174
2175 2175
2177 2177
5932 2178
1907 2180
2181 2181
2182 2182
675 2183
2184 2184
2428 2187
2967 2190
4461 2191
6736 2192
2193 2193
2197 2197
2199 2199
5398 2202
1620 2203
2204 2204
2206 2206
2210 2210
2211 2211
5036 2212
2213 2213
2216 2216
2220 2220
1827 2222
1817 2224
2698 2225
1119 2226
2879 2229
2230 2230
3989 2232
2233 2233
1174 2234
3648 2236
886 2237
2239 2239
2243 2243
924 2245
6177 2247
1064 2248
563 2249
2250 2250
2252 2252
6168 2253
2254 2254
2255 2255
2644 2256
6576 2259
2261 2261
2524 2262
3019 2263
2266 2266
3347 2267
6201 2269
1054 2270
2272 2272
5393 2273
2274 2274
2276 2276
4889 2277
2278 2278
2279 2279
2280 2280
2282 2282
1484 2283
2284 2284
2286 2286
4724 2287
2288 2288
2586 2290
2292 2292
2231 2294
2295 2295
2296 2296
2299 2299
6561 2302
1570 2305
2306 2306
2308 2308
3382 2309
1901 2310
4307 2311
2312 2312
1346 2313
1643 2314
2316 2316
3643 2317
2318 2318
2319 2319
6425 2320
2321 2321
5003 2322
5932 2326
918 2333
6796 2336
1901 2337
2539 2341
2342 2342
5276 2344
1807 2345
5400 2346
2348 2348
2069 2354
633 2355
5513 2356
1928 2357
357 2358
5218 2359
2169 2360
6599 2361
2362 2362
3755 2366
2367 2367
2235 2369
1901 2373
2375 2375
5124 2380
2381 2381
3182 2383
4528 2384
4271 2385
1012 2387
2389 2389
2012 2390
6324 2392
3372 2397
4227 2400
1424 2401
2402 2402
6564 2404
4138 2407
2413 2413
6427 2414
2415 2415
1200 2416
6087 2417
2423 2423
2650 2424
2427 2427
2429 2429
2431 2431
2432 2432
2434 2434
2435 2435
6869 2438
2034 2440
2441 2441
2444 2444
6576 2446
2448 2448
4223 2450
4919 2453
4526 2454
2653 2456
2457 2457
4137 2459
2461 2461
2463 2463
3244 2464
3418 2466
2467 2467
2468 2468
1176 2469
6856 2470
2471 2471
2472 2472
1287 2474
6158 2476
5401 2477
2480 2480
1213 2481
5180 2483
2484 2484
2485 2485
4995 2487
1244 2488
2490 2490
4623 2491
2497 2497
2498 2498
2499 2499
4444 2501
4107 2502
3820 2504
3778 2505
2506 2506
256 2507
2511 2511
4579 2513
311 2514
5061 2515
2517 2517
3990 2519
3991 2521
5359 2522
42 2525
3979 2531
1173 2533
4119 2534
2536 2536
2537 2537
2538 2538
4605 2539
1351 2541
1026 2544
2550 2550
5124 2552
1327 2553
361 2556
2559 2559
603 2561
1541 2562
387 2564
2565 2565
2567 2567
1898 2571
3182 2573
2783 2575
2666 2576
2419 2580
1814 2583
3546 2584
1414 2585
2792 2588
6358 2591
5324 2595
2596 2596
6729 2597
2600 2600
1603 2605
2610 2610
497 2611
1158 2612
2613 2613
6278 2614
743 2615
849 2621
4138 2622
2623 2623
838 2625
6693 2629
752 2631
4234 2633
0 2634
5570 2635
2636 2636
2639 2639
2236 2640
2643 2643
2644 2644
5302 2645
2646 2646
2648 2648
3853 2651
2652 2652
2654 2654
5895 2655
4579 2657
2658 2658
6416 2667
3903 2669
2671 2671
234 2674
2675 2675
2506 2676
4580 2677
3044 2679
2217 2680
4420 2681
2684 2684
2685 2685
549 2686
2032 2687
1601 2688
2692 2692
6343 2693
2594 2695
6522 2698
2701 2701
643 2704
6375 2706
5222 2708
4550 2710
2711 2711
2714 2714
2715 2715
2716 2716
2718 2718
2719 2719
2722 2722
1455 2724
1075 2726
5073 2727
2728 2728
2729 2729
2733 2733
3111 2735
5721 2737
6058 2739
2740 2740
1335 2743
6300 2744
4148 2746
4973 2747
2778 2748
2749 2749
2753 2753
2727 2754
2136 2759
2522 2761
4497 2762
2765 2765
6838 2766
502 2768
1452 2769
2770 2770
748 2773
4613 2774
2775 2775
1888 2776
4581 2777
2960 2778
2779 2779
2780 2780
918 2781
2783 2783
1572 2785
696 2789
5963 2790
5343 2791
2594 2792
2793 2793
2795 2795
3022 2798
2799 2799
2801 2801
1986 2803
2209 2804
3057 2806
6586 2808
2304 2810
2811 2811
4937 2813
2814 2814
2815 2815
2819 2819
2822 2822
4475 2823
2825 2825
5130 2826
6517 2827
646 2832
2397 2833
2834 2834
2835 2835
2839 2839
3941 2841
4585 2843
4793 2844
2845 2845
1894 2847
4973 2850
1360 2851
5596 2853
4157 2855
2858 2858
6743 2860
502 2861
575 2862
888 2864
5717 2865
2866 2866
5757 2869
2873 2873
2877 2877
2880 2880
2881 2881
2884 2884
2885 2885
918 2886
2887 2887
356 2888
5715 2889
1928 2890
212 2891
2892 2892
3095 2894
2895 2895
2897 2897
2898 2898
6417 2900
1603 2901
1456 2902
3516 2903
5343 2904
2905 2905
3844 2908
2910 2910
2912 2912
2914 2914
2004 2915
4900 2917
3839 2921
4119 2923
4562 2925
4012 2926
2927 2927
2929 2929
5125 2932
2594 2937
3345 2938
2941 2941
2942 2942
1156 2952
3710 2953
2955 2955
5795 2959
2962 2962
2963 2963
4454 2965
4515 2966
2967 2967
3585 2968
2969 2969
4808 2972
5472 2980
2981 2981
1687 2983
2984 2984
1827 2985
4562 2986
6809 2989
4973 2990
2992 2992
2994 2994
1059 2995
1812 2996
1965 2997
4562 2998
3000 3000
3001 3001
3003 3003
3004 3004
3006 3006
4489 3007
2886 3008
5413 3010
4029 3011
4729 3012
2589 3013
3026 3026
3973 3027
3795 3028
3029 3029
149 3033
2235 3034
6735 3035
3036 3036
701 3038
3039 3039
3043 3043
5059 3045
1335 3048
3479 3049
1595 3050
5012 3051
6584 3054
3056 3056
3062 3062
3063 3063
3064 3064
3065 3065
3067 3067
3068 3068
148 3069
2832 3070
3078 3078
5814 3081
3576 3084
3131 3087
3088 3088
3090 3090
6343 3092
4405 3096
3098 3098
3099 3099
699 3100
3395 3102
3104 3104
1128 3105
3112 3112
3571 3113
1705 3114
995 3116
2491 3117
3118 3118
4783 3119
3120 3120
1880 3124
3125 3125
1124 3126
1837 3128
200 3129
261 3130
3132 3132
3134 3134
2069 3135
3136 3136
3137 3137
1548 3139
6417 3141
5596 3144
4401 3146
5652 3150
2428 3154
3155 3155
3065 3159
4510 3160
3161 3161
3163 3163
1073 3164
3091 3166
3168 3168
3169 3169
5835 3170
5982 3171
4651 3173
1934 3175
2387 3176
3177 3177
3180 3180
3576 3181
6554 3182
6817 3184
2169 3185
6783 3188
6808 3189
3190 3190
4040 3192
3193 3193
3194 3194
3195 3195
3196 3196
6168 3197
3201 3201
1749 3202
3207 3207
954 3211
4972 3214
3216 3216
3217 3217
5034 3218
2246 3219
2428 3220
3130 3221
3223 3223
3225 3225
3228 3228
3229 3229
5734 3231
50 3233
1293 3235
1335 3239
2259 3240
3241 3241
3242 3242
2019 3243
3652 3244
3249 3249
3252 3252
1064 3254
421 3255
571 3257
6053 3259
1631 3260
6845 3261
2428 3262
657 3267
643 3268
3269 3269
6343 3271
4891 3272
4100 3273
3274 3274
3275 3275
4899 3276
3278 3278
1119 3279
3280 3280
3281 3281
3283 3283
3284 3284
5797 3290
3292 3292
3294 3294
3092 3298
5792 3300
6208 3301
847 3302
4351 3310
1684 3311
4153 3312
1694 3313
3316 3316
3317 3317
3321 3321
5086 3323
22 3326
994 3328
3269 3329
1181 3331
2683 3332
5174 3333
3334 3334
1927 3335
6427 3336
659 3337
3338 3338
3343 3343
5096 3346
3347 3347
3348 3348
3349 3349
1315 3350
4420 3352
4045 3353
3354 3354
1848 3356
4550 3357
5905 3358
3365 3365
2718 3372
3373 3373
5310 3375
3361 3380
3382 3382
3383 3383
3238 3384
3385 3385
3386 3386
4562 3387
3391 3391
4875 3393
1520 3394
255 3396
3397 3397
1474 3398
5362 3399
578 3400
4516 3402
6113 3403
3219 3407
637 3408
3160 3409
686 3411
4475 3412
3414 3414
5043 3415
4581 3416
3421 3421
5194 3422
3425 3425
2440 3427
6537 3429
4669 3430
2792 3434
3757 3437
4148 3439
3440 3440
3442 3442
3445 3445
6217 3449
230 3450
5086 3452
4432 3454
3623 3455
3456 3456
3457 3457
5968 3461
5229 3462
1773 3464
218 3466
2792 3469
6229 3472
3408 3473
4172 3483
296 3485
2928 3486
5470 3488
3489 3489
6671 3492
2846 3493
5992 3494
3495 3495
3499 3499
3500 3500
4651 3501
3502 3502
556 3505
4812 3506
3702 3508
3511 3511
724 3512
4947 3513
5411 3516
2851 3519
4416 3520
3521 3521
6417 3523
4527 3531
3044 3535
1500 3537
517 3539
3778 3540
3404 3545
3547 3547
3548 3548
2330 3549
942 3550
1351 3551
1024 3552
4169 3553
3554 3554
3436 3558
3862 3559
3560 3560
3565 3565
2536 3566
3567 3567
3568 3568
123 3569
4205 3571
1834 3572
121 3573
4968 3574
782 3575
3576 3576
2005 3577
3579 3579
3583 3583
4837 3584
2505 3585
3587 3587
6841 3592
3593 3593
5927 3594
3299 3595
3596 3596
3601 3601
406 3602
4562 3604
4562 3608
3609 3609
3611 3611
1680 3612
3613 3613
2349 3615
3819 3616
3652 3617
4768 3619
4165 3626
1461 3629
5163 3631
4134 3633
3771 3634
4446 3636
6809 3637
3638 3638
4562 3640
5642 3641
4767 3642
3643 3643
5727 3644
712 3645
3646 3646
3648 3648
5880 3650
3652 3652
3653 3653
3655 3655
5847 3656
348 3659
3767 3663
847 3666
1855 3672
3673 3673
4051 3675
4213 3680
5046 3681
3682 3682
3684 3684
5201 3685
3688 3688
3690 3690
3691 3691
3692 3692
607 3694
3408 3696
6427 3697
394 3698
3702 3702
3703 3703
3704 3704
3705 3705
3179 3708
566 3710
3605 3716
4980 3717
1084 3721
597 3724
4519 3726
3727 3727
3728 3728
4100 3729
3730 3730
4550 3732
1880 3733
4879 3734
3188 3735
6476 3740
3743 3743
3638 3744
3745 3745
4107 3746
3749 3749
738 3752
3753 3753
3754 3754
1951 3755
3379 3756
5221 3757
3096 3763
3764 3764
640 3765
4223 3768
2315 3769
4714 3771
3774 3774
4651 3775
3777 3777
6696 3778
700 3780
3782 3782
103 3785
4899 3787
5046 3790
3792 3792
6415 3795
1024 3796
3799 3799
1057 3801
3806 3806
5257 3810
3811 3811
3813 3813
2055 3816
3818 3818
5294 3819
2792 3820
3821 3821
2067 3823
3824 3824
1727 3825
995 3826
3829 3829
3833 3833
798 3835
4223 3837
3840 3840
1938 3843
3845 3845
4855 3847
6755 3849
2305 3850
5393 3851
3853 3853
718 3854
5113 3855
1669 3856
6864 3857
3861 3861
1152 3862
508 3863
1028 3866
900 3868
1541 3869
2191 3870
1812 3871
6743 3873
3874 3874
4873 3876
3877 3877
77 3880
5899 3881
3883 3883
3884 3884
363 3886
3888 3888
3892 3892
5180 3895
6450 3896
294 3897
1748 3899
3900 3900
6470 3901
2012 3902
1059 3905
3906 3906
3908 3908
3909 3909
4461 3911
1244 3912
3170 3913
2442 3914
4107 3915
3916 3916
4051 3921
3923 3923
4907 3926
5852 3927
1222 3931
2983 3934
3936 3936
1807 3940
3941 3941
644 3943
4550 3946
3398 3947
3948 3948
3949 3949
4377 3951
556 3952
6370 3954
6584 3958
5503 3961
6376 3964
3967 3967
4651 3970
4053 3971
1407 3975
3976 3976
3979 3979
1455 3981
2477 3983
4692 3984
1837 3985
3986 3986
6359 3987
51 3990
4650 3991
3638 3992
3652 3996
4100 3997
4767 3999
4001 4001
4006 4006
6260 4007
2517 4009
4013 4013
3911 4014
4015 4015
4016 4016
2794 4017
4018 4018
697 4019
3384 4020
5663 4027
4029 4029
3777 4030
4032 4032
1145 4034
4035 4035
4036 4036
4037 4037
4038 4038
6225 4039
133 4042
1087 4045
2389 4048
3483 4049
836 4050
6821 4051
5472 4052
4172 4054
4058 4058
6417 4059
847 4062
5220 4064
5683 4066
4067 4067
132 4068
5396 4069
4071 4071
1520 4072
4073 4073
4074 4074
3439 4076
3618 4077
1244 4079
1601 4080
3299 4082
713 4083
4084 4084
6288 4085
4436 4087
1901 4090
4092 4092
591 4093
712 4094
6488 4095
4096 4096
899 4097
4826 4099
853 4100
2669 4102
4767 4103
1500 4104
4758 4105
294 4107
4110 4110
4028 4117
4148 4119
121 4121
4123 4123
3407 4124
4126 4126
4127 4127
2522 4128
4130 4130
640 4131
3506 4133
1924 4134
4135 4135
4667 4137
6137 4139
4142 4142
1224 4145
2567 4146
113 4148
4150 4150
4153 4153
4849 4157
4158 4158
3092 4159
4160 4160
4162 4162
4163 4163
284 4164
3345 4165
4166 4166
5862 4167
4168 4168
4174 4174
2670 4176
4177 4177
4036 4178
2342 4179
3714 4180
2458 4181
4182 4182
4186 4186
4187 4187
6470 4189
4192 4192
5877 4194
2574 4196
4197 4197
4198 4198
50 4199
563 4200
4201 4201
6780 4202
6592 4205
4206 4206
416 4208
4210 4210
4212 4212
649 4213
6556 4214
5819 4219
5438 4221
718 4223
4224 4224
1380 4225
4226 4226
2181 4227
4230 4230
1551 4232
34 4234
3571 4237
4238 4238
4240 4240
4241 4241
4579 4243
4244 4244
4066 4246
4247 4247
1193 4248
4254 4254
4255 4255
1572 4258
4259 4259
4262 4262
1128 4263
4264 4264
4579 4265
4267 4267
6733 4269
359 4271
4274 4274
4277 4277
712 4280
4468 4281
4282 4282
1476 4283
4405 4284
4285 4285
4286 4286
2237 4287
549 4288
5901 4290
4293 4293
4294 4294
2250 4295
4297 4297
4299 4299
4300 4300
6301 4303
4306 4306
5214 4307
4300 4308
5795 4309
2985 4310
585 4311
2419 4313
3609 4314
3134 4315
5789 4317
5458 4321
4435 4322
47 4325
1910 4327
3904 4329
4434 4330
1914 4331
4334 4334
4335 4335
3937 4336
4337 4337
4338 4338
4340 4340
4213 4341
3586 4342
5250 4343
4344 4344
1620 4345
4525 4347
4100 4348
2010 4349
4352 4352
4354 4354
1614 4355
4356 4356
4358 4358
4359 4359
5262 4360
394 4364
5280 4367
1207 4370
4372 4372
6838 4373
2132 4375
3065 4376
2206 4377
144 4378
6253 4380
2235 4381
4383 4383
4386 4386
2364 4387
4388 4388
4389 4389
4391 4391
4392 4392
4493 4394
4396 4396
582 4397
3086 4398
2953 4399
4287 4403
5740 4407
1717 4409
5433 4411
4412 4412
4417 4417
2589 4418
3586 4419
889 4420
2330 4423
3954 4424
4425 4425
4213 4426
1456 4427
4428 4428
1281 4429
4431 4431
1541 4432
4433 4433
3397 4434
615 4436
3288 4440
4763 4441
246 4442
4443 4443
586 4448
4452 4452
4454 4454
2084 4455
1309 4457
4458 4458
3447 4459
4461 4461
2805 4463
2693 4468
1450 4469
4470 4470
6310 4476
2872 4480
4481 4481
2390 4485
846 4486
4488 4488
3366 4490
4806 4492
4493 4493
2017 4495
1294 4496
6841 4497
1512 4498
6523 4499
5536 4500
124 4502
2422 4506
5503 4508
1315 4509
6671 4511
6708 4515
6168 4516
1827 4519
6359 4521
1156 4522
1166 4524
47 4526
4528 4528
5332 4530
3712 4532
5350 4533
4534 4534
5843 4535
4537 4537
4538 4538
3562 4540
1910 4541
781 4542
4543 4543
5910 4544
4545 4545
1966 4546
4308 4548
1998 4549
4550 4550
633 4551
4552 4552
575 4554
502 4555
6704 4568
1516 4570
4571 4571
4573 4573
1997 4574
4575 4575
1024 4576
551 4577
3189 4579
5615 4585
475 4587
896 4594
1512 4595
4597 4597
4609 4600
1226 4601
1603 4605
4606 4606
4607 4607
3168 4609
5819 4610
5250 4612
4615 4615
3740 4617
1780 4620
4621 4621
4622 4622
5910 4624
3331 4626
4130 4627
4628 4628
6438 4631
3178 4634
2247 4639
6288 4640
4641 4641
1901 4643
4915 4644
3244 4646
6628 4648
4649 4649
4650 4650
4651 4651
4652 4652
4653 4653
4655 4655
5194 4658
2839 4660
4165 4661
4386 4662
4663 4663
1199 4668
1683 4669
3631 4672
247 4673
1335 4676
4486 4677
301 4680
2735 4681
4683 4683
4685 4685
4413 4686
4687 4687
4689 4689
5895 4692
4984 4694
5996 4696
4698 4698
712 4699
1184 4700
2315 4701
3448 4702
4706 4706
4709 4709
1304 4710
1410 4711
4837 4713
4714 4714
6492 4715
4716 4716
5469 4719
2248 4721
6779 4723
4725 4725
1541 4726
4727 4727
4728 4728
4729 4729
4736 4736
4737 4737
6395 4741
4742 4742
4744 4744
4746 4746
4747 4747
4791 4749
739 4751
4752 4752
4756 4756
4757 4757
1645 4758
1929 4761
4762 4762
4763 4763
4764 4764
1564 4765
2429 4766
1635 4767
1867 4770
1294 4771
47 4773
5910 4777
4103 4778
1217 4779
2954 4780
5629 4783
1200 4784
1335 4785
5487 4786
431 4787
917 4788
4789 4789
4776 4791
1645 4792
4889 4795
4799 4799
2589 4801
3055 4804
196 4805
4806 4806
4814 4814
4816 4816
4821 4821
712 4823
3672 4827
4828 4828
3270 4830
4958 4831
4833 4833
1352 4834
4836 4836
4837 4837
4165 4838
4932 4839
4947 4843
4846 4846
4849 4849
3605 4853
4854 4854
3763 4856
4862 4861
200 4865
5123 4866
4868 4868
962 4869
2594 4870
4488 4871
1335 4872
4873 4873
632 4874
4878 4878
1603 4880
4881 4881
4883 4883
1721 4885
4655 4886
781 4888
2686 4889
2572 4892
4894 4894
520 4895
1452 4897
1512 4898
4900 4900
4901 4901
3851 4902
1482 4903
242 4905
6157 4909
4910 4910
4911 4911
4912 4912
4913 4913
4914 4914
5552 4917
2645 4921
4922 4922
4100 4923
4929 4929
4930 4930
2235 4931
4934 4934
4935 4935
5483 4936
2832 4937
4940 4940
4941 4941
497 4948
798 4949
4950 4950
4951 4951
2150 4953
4956 4956
1749 4961
4962 4962
117 4963
4065 4964
4966 4966
724 4973
738 4974
2027 4975
1213 4976
3850 4978
1213 4979
6637 4980
4982 4982
4985 4985
1955 4990
5377 4991
6554 4992
731 4993
1490 4995
2491 4996
2885 4997
1917 4998
4999 4999
5000 5000
4862 5001
2387 5003
2305 5005
3682 5007
2565 5008
807 5009
1861 5011
2419 5012
3187 5014
911 5018
1955 5019
3991 5020
5021 5021
4579 5022
3448 5025
5028 5028
649 5029
2419 5030
3980 5034
5035 5035
5036 5036
6279 5037
6755 5038
5019 5039
6395 5040
1784 5041
1547 5044
6832 5045
1721 5046
5047 5047
5221 5050
5336 5052
5053 5053
5056 5056
5058 5058
479 5061
3986 5062
921 5066
3260 5068
5069 5069
5054 5070
2681 5071
3747 5073
5132 5078
5080 5080
5081 5081
6195 5083
5084 5084
6208 5085
4862 5087
1115 5089
5090 5090
3188 5093
5095 5095
5100 5100
5101 5101
4107 5102
5106 5106
4015 5107
958 5110
4036 5112
1353 5113
5116 5116
295 5117
4188 5118
997 5119
5122 5122
5125 5125
6838 5126
5128 5128
5130 5130
5166 5132
4153 5133
5136 5136
5333 5138
3577 5141
289 5142
5143 5143
5015 5144
3269 5146
1512 5147
3082 5149
2259 5150
5152 5152
5153 5153
6188 5154
338 5157
5158 5158
6407 5162
5163 5163
3737 5164
6478 5165
256 5166
4429 5169
3304 5170
1782 5173
1780 5174
5179 5179
3142 5180
5181 5181
5183 5183
5186 5186
5188 5188
5189 5189
1166 5190
5192 5192
4573 5193
6613 5195
5198 5198
3779 5199
4004 5200
5201 5201
415 5202
5961 5207
5280 5208
5211 5211
4859 5212
2184 5214
5215 5215
4235 5216
924 5220
5221 5221
2670 5225
5009 5226
5927 5227
2428 5228
1254 5229
3244 5232
5234 5234
5235 5235
2586 5236
5239 5239
1176 5240
3187 5242
5244 5244
5210 5245
5247 5247
4490 5248
6170 5249
5250 5250
5251 5251
5252 5252
6266 5254
5255 5255
4143 5257
6611 5260
6715 5261
5262 5262
4281 5264
5265 5265
918 5268
5269 5269
2626 5270
4651 5273
1473 5274
5910 5276
1562 5279
5210 5280
5281 5281
4855 5283
5253 5284
886 5285
5287 5287
5290 5290
2671 5291
5292 5292
899 5293
1680 5294
3689 5297
5298 5298
5596 5300
1880 5302
5303 5303
5304 5304
5124 5305
6002 5306
2428 5309
6817 5313
5314 5314
5367 5316
1861 5318
3219 5323
5324 5324
1158 5325
5327 5327
5328 5328
5329 5329
5061 5330
5332 5332
2841 5333
4103 5334
2313 5335
2693 5336
5337 5337
194 5338
5339 5339
5341 5341
5342 5342
926 5343
5360 5344
2906 5346
3019 5347
6064 5348
5911 5352
5353 5353
1024 5354
2793 5356
6835 5357
5124 5358
3103 5360
1603 5363
4615 5364
6843 5365
4223 5368
1747 5369
4579 5371
5976 5372
905 5373
5753 5374
3582 5375
4293 5376
697 5377
189 5379
587 5381
3779 5384
5221 5385
3166 5386
5387 5387
5389 5389
5393 5393
4605 5394
1711 5396
261 5397
1158 5400
5403 5403
4489 5405
5406 5406
2385 5407
5409 5409
5410 5410
5411 5411
6541 5419
6372 5420
2648 5422
1570 5423
1885 5426
2154 5428
5996 5429
1139 5430
6583 5431
4421 5432
5784 5434
5435 5435
5437 5437
5438 5438
222 5440
5443 5443
3922 5445
5652 5446
5447 5447
115 5449
517 5451
1738 5453
603 5457
5458 5458
5463 5463
5464 5464
3841 5466
4550 5467
5468 5468
2535 5469
5015 5472
3767 5474
2731 5475
5124 5478
5484 5484
5486 5486
5489 5489
6848 5494
5496 5496
6586 5499
2533 5501
2590 5503
4499 5506
5222 5508
5250 5509
905 5511
6492 5513
6102 5514
6539 5515
1161 5516
2879 5518
5519 5519
5963 5520
4817 5521
5522 5522
6246 5523
5526 5526
5530 5530
5535 5535
5536 5536
5538 5538
932 5539
5540 5540
743 5541
5542 5542
2130 5543
6733 5547
5549 5549
3014 5550
3019 5552
5553 5553
3131 5554
2645 5555
4968 5556
3509 5559
3773 5563
5566 5566
5567 5567
2636 5568
6731 5569
6311 5570
5573 5573
370 5574
487 5575
5780 5579
804 5580
712 5583
5585 5585
5927 5586
2983 5587
5369 5588
4044 5589
5590 5590
2222 5591
4107 5595
3311 5597
5598 5598
1005 5600
5601 5601
4585 5604
5642 5605
77 5607
1644 5612
2623 5614
5895 5620
563 5621
1812 5623
5625 5625
3540 5627
6692 5629
5630 5630
3922 5631
5634 5634
5910 5636
3551 5637
2705 5640
5641 5641
6883 5642
5643 5643
3439 5644
5645 5645
1727 5646
4550 5647
6363 5648
4973 5649
5651 5651
2302 5654
2428 5655
649 5657
3340 5658
5659 5659
3522 5660
3082 5661
5663 5663
5664 5664
3506 5665
5666 5666
4100 5667
4579 5669
5957 5671
5674 5674
5677 5677
5679 5679
213 5683
3952 5684
1456 5685
5686 5686
4017 5687
5963 5688
739 5689
5690 5690
712 5693
3120 5694
4964 5696
3266 5697
1279 5699
1028 5701
5702 5702
6652 5703
3823 5705
5706 5706
2879 5707
5708 5708
2303 5710
1131 5711
536 5713
5714 5714
131 5715
1848 5719
3766 5722
5910 5723
5724 5724
6425 5725
5773 5728
4604 5733
5734 5734
4401 5735
2619 5737
2075 5739
5740 5740
5741 5741
1184 5743
2866 5744
5745 5745
5748 5748
5750 5750
5751 5751
5910 5754
3058 5756
3865 5758
4133 5760
1279 5761
5762 5762
1807 5763
1285 5766
5767 5767
2959 5769
5773 5773
5775 5775
5777 5777
5778 5778
422 5779
5782 5782
5783 5783
1812 5787
2493 5788
5790 5790
399 5791
5793 5793
886 5794
2422 5796
2069 5797
3983 5799
5800 5800
4478 5801
5802 5802
3742 5806
5807 5807
1603 5809
3044 5810
5812 5812
5813 5813
1335 5815
3865 5817
318 5819
451 5825
5827 5827
5113 5828
5829 5829
361 5830
4082 5831
5834 5834
4724 5835
6161 5837
2254 5838
5840 5840
4744 5841
517 5843
5845 5845
3556 5846
5025 5849
5851 5851
5852 5852
962 5853
5855 5855
6492 5858
3095 5860
2041 5861
4817 5865
4453 5867
5421 5868
5869 5869
3988 5876
3570 5879
5880 5880
5881 5881
1126 5882
6063 5884
4688 5886
22 5887
2736 5888
3493 5890
5032 5891
5319 5892
6047 5893
2648 5895
5896 5896
5901 5901
3805 5904
4939 5906
5910 5910
5885 5912
3730 5913
4365 5914
1240 5915
3652 5922
5923 5923
3982 5924
3851 5925
6478 5926
5927 5927
5928 5928
5930 5930
5932 5932
5939 5939
6480 5942
5843 5943
5944 5944
663 5947
5950 5950
5951 5951
3371 5952
2181 5953
2577 5957
6660 5961
5656 5962
121 5963
5383 5965
5966 5966
2851 5967
213 5968
3408 5970
4550 5971
847 5974
1719 5975
5978 5978
5130 5980
5981 5981
5982 5982
5985 5985
1833 5986
1147 5987
4396 5988
5989 5989
3457 5990
5991 5991
3439 5993
5997 5997
3456 6000
5249 6002
5582 6003
1601 6004
6005 6005
5130 6006
2202 6008
6010 6010
5272 6015
3778 6017
2586 6021
6023 6023
3012 6024
5877 6025
2577 6026
3499 6027
743 6028
6714 6029
6780 6030
1950 6031
594 6032
5927 6034
273 6038
6039 6039
5183 6041
5221 6042
6043 6043
6045 6045
3616 6047
54 6052
77 6053
5886 6054
6056 6056
6057 6057
6059 6059
3183 6062
6066 6066
6067 6067
3915 6068
1473 6070
6072 6072
3731 6075
5519 6076
6077 6077
6079 6079
3046 6081
3456 6082
6085 6085
6086 6086
1922 6087
6090 6090
3082 6092
250 6094
4826 6096
5842 6098
563 6099
566 6101
6102 6102
3888 6105
6693 6107
6108 6108
4184 6109
6110 6110
549 6111
6268 6112
5160 6113
2565 6114
847 6116
6117 6117
6119 6119
2333 6123
6125 6125
50 6126
1724 6128
6130 6130
3241 6133
6576 6134
712 6135
6136 6136
1024 6138
6139 6139
2919 6140
4305 6142
6576 6143
2245 6144
6177 6145
6147 6147
6149 6149
6153 6153
6157 6157
2622 6158
6159 6159
6160 6160
970 6162
6152 6166
3485 6169
6170 6170
6172 6172
1335 6173
6175 6175
1335 6176
5106 6177
743 6178
5347 6179
1174 6184
6185 6185
6187 6187
6190 6190
1477 6191
1643 6194
4724 6198
2428 6199
5575 6200
2235 6207
5877 6208
1928 6210
4579 6211
2548 6215
3648 6216
6242 6219
2110 6226
6227 6227
4310 6229
6231 6231
4416 6232
2142 6233
551 6235
6236 6236
6238 6238
2130 6240
6268 6241
6589 6242
3612 6245
6247 6247
6248 6248
5910 6249
2539 6251
334 6252
6257 6257
4525 6259
3379 6260
6261 6261
3082 6262
1240 6263
6264 6264
6265 6265
6266 6266
6267 6267
2198 6268
6103 6269
2517 6270
6718 6271
5656 6273
6276 6276
2183 6277
6281 6281
6282 6282
6863 6283
6285 6285
6286 6286
6343 6287
6288 6288
4899 6289
6832 6292
5264 6293
24 6294
485 6295
2319 6297
3273 6300
6343 6301
6302 6302
5113 6303
4562 6307
2731 6312
6313 6313
6315 6315
6317 6317
6756 6319
1482 6322
2169 6324
2031 6326
4015 6327
6332 6332
6334 6334
4706 6336
6337 6337
6338 6338
6340 6340
6346 6346
6449 6351
5401 6353
6356 6356
997 6357
5683 6358
1551 6359
6360 6360
3013 6361
6363 6363
6364 6364
3082 6369
6370 6370
3586 6371
3166 6372
5634 6373
6126 6374
121 6377
5576 6380
6381 6381
2749 6382
1557 6383
3808 6386
3688 6387
6389 6389
356 6394
6396 6396
1193 6397
6398 6398
1901 6399
4605 6400
575 6401
6402 6402
1901 6403
2879 6405
6406 6406
5094 6409
6410 6410
5368 6411
6412 6412
6551 6415
6715 6417
2851 6419
4556 6421
6422 6422
65 6423
553 6425
6426 6426
3855 6428
3578 6430
6431 6431
6433 6433
6530 6437
5032 6439
6482 6440
2034 6442
6444 6444
4255 6445
6446 6446
4973 6447
6449 6449
3854 6451
1812 6454
335 6459
1520 6462
6772 6465
2880 6466
1455 6468
1267 6469
5257 6470
1705 6472
447 6473
6475 6475
5861 6476
6479 6479
6482 6482
4846 6486
3176 6490
356 6493
127 6497
4766 6498
5413 6503
6598 6507
6006 6508
6510 6510
6511 6511
4097 6514
350 6515
1261 6518
712 6521
879 6522
1827 6523
5398 6524
6527 6527
6529 6529
6530 6530
6263 6533
4383 6535
6537 6537
6538 6538
6546 6546
712 6548
3654 6549
1901 6550
5221 6551
5497 6553
4630 6555
6557 6557
6566 6566
6567 6567
444 6568
847 6569
6571 6571
843 6572
6574 6574
3638 6575
6577 6577
6551 6578
863 6579
6581 6581
6584 6584
5036 6586
6587 6587
2046 6588
6589 6589
2333 6590
6591 6591
6592 6592
6594 6594
6595 6595
6597 6597
6598 6598
3965 6599
2781 6601
6602 6602
6605 6605
6606 6606
451 6607
1601 6608
3739 6610
1377 6613
6615 6615
6026 6616
976 6618
3766 6623
6625 6625
6626 6626
2249 6627
390 6630
6631 6631
585 6633
2832 6634
149 6636
5886 6638
337 6639
2781 6640
6643 6643
6644 6644
5742 6646
1217 6647
4727 6651
1158 6653
571 6656
6657 6657
1903 6659
4703 6661
6662 6662
6663 6663
3915 6664
6666 6666
1861 6667
4200 6668
4104 6669
6427 6672
2169 6674
6675 6675
3800 6676
3909 6679
5927 6682
6683 6683
6685 6685
3095 6686
5250 6687
4881 6689
1327 6691
3468 6692
6693 6693
2443 6696
1643 6697
2428 6698
1944 6701
5437 6704
6706 6706
972 6708
6712 6712
2993 6714
4493 6716
6718 6718
6719 6719
6721 6721
6724 6724
6725 6725
1901 6726
6727 6727
3115 6728
6522 6729
3404 6734
6735 6735
5229 6740
5206 6741
2832 6742
4550 6744
3346 6745
3616 6746
6750 6750
905 6753
6754 6754
2419 6755
25 6758
1239 6759
6762 6762
4247 6765
5862 6767
1983 6772
6003 6777
4148 6780
6781 6781
1956 6783
485 6785
73 6788
6791 6791
6792 6792
6602 6793
6794 6794
6637 6796
6024 6797
4475 6798
4562 6799
560 6800
6801 6801
5843 6803
6804 6804
1360 6805
6807 6807
2919 6808
3637 6809
4899 6816
6817 6817
911 6819
5922 6823
6824 6824
6827 6827
6830 6830
6832 6832
1601 6833
6834 6834
1335 6836
2272 6839
520 6840
6842 6842
6843 6843
6844 6844
861 6845
6395 6847
6848 6848
6850 6850
6853 6853
6537 6856
6859 6859
695 6860
6862 6862
1176 6864
6865 6865
6866 6866
77 6870
6872 6872
1335 6873
6874 6874
4193 6877
6878 6878
2624 6881
4051 6885
5963 6886
6887 6887
3311 6888
6889 6889
