2133 2133
1999 1999
1998 1998
12 12
3774 3774
3843 3843
2177 2177
2179 2179
2198 2198
2004 2004
3776 3776
3863 3863
3629 3629
3622 3622
113 113
3805 3805
110 110
2173 2173
277 277
3838 3838
2246 2246
418 418
3845 3845
2372 2372
2167 2167
434 434
5369 5369
3806 3806
3588 3588
3739 3739
275 275
2274 2274
3534 3534
3859 3859
356 356
1908 1908
5368 5368
18 18
408 408
3550 3550
3560 3560
3788 3788
3929 3929
3549 3549
3749 3749
3543 3543
3799 3799
3589 3589
3787 3787
22 22
3652 3652
2384 2384
3847 3847
407 407
3530 3530
3913 3913
312 312
3854 3854
3072 3072
3925 3925
46 46
459 459
45 45
3540 3540
2056 2056
3552 3552
3800 3800
2268 2268
2129 2129
321 321
341 341
3826 3826
3547 3547
2001 2001
2055 2055
3821 3821
442 442
3833 3833
3926 3926
228 228
330 330
279 279
2137 2137
3930 3930
3853 3853
229 229
6270 6270
6265 6265
238 238
2383 2383
3858 3858
5367 5367
27 27
3633 3633
3653 3653
6252 6252
410 410
3069 3069
29 29
3924 3924
458 458
415 415
322 322
6263 6263
311 311
2294 2294
1905 1905
3592 3592
121 121
2130 2130
3590 3590
2058 2058
435 435
2128 2128
2140 2140
43 43
2787 2787
65 65
2057 2057
5675 5675
6267 6267
3830 3830
3594 3594
2122 2122
3566 3566
93 93
2003 2003
59 59
2491 2491
320 320
3551 3551
3591 3591
3747 3747
2174 2174
436 436
3586 3586
5460 5460
323 323
3605 3605
3608 3608
3836 3836
310 310
2808 2808
6246 6246
2153 2153
6245 6245
3578 3578
3584 3584
3656 3656
9 9
57 57
3793 3793
2798 2798
2370 2370
2259 2259
3579 3579
101 101
2783 2783
241 241
3701 3701
90 90
129 129
117 117
2809 2809
2132 2132
2150 2150
2131 2131
2054 2054
5597 5597
5583 5583
337 337
2049 2049
3602 3602
2481 2481
2160 2160
67 67
3600 3600
290 290
2498 2498
3620 3620
5517 5517
2043 2043
5750 5750
6241 6241
3855 3855
3753 3753
5598 5598
5463 5463
456 456
85 85
87 87
3569 3569
5840 5840
3571 3571
124 124
5736 5736
123 123
2389 2389
3570 3570
3568 3568
116 116
146 146
315 315
2480 2480
5845 5845
6242 6242
2002 2002
3617 3617
5589 5589
3612 3612
6255 6255
5461 5461
5621 5621
6276 6276
5588 5588
51 51
2149 2149
2046 2046
2796 2796
2005 2005
3757 3757
6278 6278
143 143
242 242
2816 2816
2258 2258
2811 2811
2155 2155
2801 2801
144 144
122 122
1995 1995
2119 2119
2482 2482
5636 5636
55 55
2780 2780
2779 2779
2487 2487
2797 2797
5610 5610
62 62
5462 5462
3700 3700
2061 2061
2164 2164
2151 2151
2163 2163
2483 2483
5846 5846
2188 2188
5503 5503
5833 5833
5950 5950
189 189
104 104
5951 5951
2006 2006
2357 2357
2376 2376
61 61
5459 5459
2199 2199
5502 5502
5651 5651
2364 2364
2390 2390
232 232
2500 2500
5754 5754
245 245
5507 5507
3910 3910
2506 2506
5614 5614
2221 2221
6231 6231
2608 2608
3657 3657
2774 2774
3745 3745
2365 2365
2170 2170
2180 2180
5616 5616
3052 3052
5622 5622
2396 2396
156 156
5465 5465
2166 2166
2477 2477
5541 5541
5596 5596
3046 3046
2084 2084
5641 5641
5579 5579
6055 6055
2187 2187
6069 6069
2628 2628
2081 2081
4 4
5634 5634
5958 5958
6056 6056
267 267
2598 2598
2192 2192
5735 5735
5959 5959
2172 2172
5586 5586
192 192
5828 5828
2239 2239
6059 6059
5847 5847
2123 2123
5544 5544
2029 2029
5630 5630
3795 3795
5698 5698
3515 3515
2595 2595
2616 2616
3667 3667
5953 5953
5721 5721
3908 3908
5543 5543
2507 2507
2606 2606
2508 2508
2035 2035
5522 5522
5844 5844
2194 2194
5746 5746
5837 5837
3704 3704
6052 6052
1984 1984
2011 2011
5949 5949
2501 2501
5825 5825
5523 5523
5542 5542
6063 6063
5545 5545
2030 2030
5936 5936
2516 2516
2596 2596
5587 5587
1989 1989
3894 3894
2027 2027
2037 2037
5930 5930
6078 6078
148 148
2067 2067
5654 5654
5937 5937
2564 2564
1 1
2012 2012
5539 5539
2402 2402
2223 2223
6076 6076
5820 5820
2612 2612
2601 2601
306 306
2220 2220
5605 5605
6064 6064
307 307
5716 5716
295 295
5935 5935
6044 6044
2405 2405
2218 2218
2397 2397
2553 2553
2404 2404
2519 2519
5472 5472
2602 2602
3058 3058
392 392
2631 2631
3687 3687
3819 3819
2600 2600
147 147
2523 2523
3685 3685
2586 2586
174 174
5717 5717
5939 5939
2623 2623
2034 2034
5581 5581
3882 3882
2624 2624
3706 3706
3648 3648
5557 5557
2590 2590
2569 2569
2588 2588
6081 6081
5969 5969
6042 6042
2245 2245
2086 2086
2526 2526
260 260
333 333
5697 5697
3049 3049
5727 5727
3818 3818
2543 2543
2281 2281
5976 5976
2632 2632
2282 2282
2273 2273
2457 2457
2412 2412
2215 2215
2625 2625
2231 2231
3672 3672
5470 5470
2013 2013
2542 2542
5684 5684
6093 6093
2682 2682
2560 2560
172 172
6083 6083
2570 2570
2633 2633
2287 2287
2088 2088
2627 2627
2066 2066
2532 2532
3938 3938
5986 5986
3839 3839
6143 6143
2558 2558
6086 6086
3972 3972
2544 2544
5552 5552
3735 3735
5487 5487
6142 6142
6101 6101
5857 5857
5528 5528
5446 5446
3796 3796
5532 5532
3867 3867
2300 2300
2431 2431
2683 2683
284 284
2070 2070
5447 5447
2227 2227
5481 5481
5681 5681
2295 2295
2322 2322
3797 3797
403 403
5677 5677
2640 2640
2071 2071
2416 2416
2422 2422
5978 5978
2072 2072
2424 2424
3716 3716
2636 2636
2534 2534
5533 5533
5977 5977
3887 3887
5546 5546
5549 5549
150 150
2022 2022
5526 5526
3732 3732
6131 6131
5475 5475
2433 2433
4011 4011
5531 5531
1988 1988
5448 5448
205 205
4022 4022
2643 2643
5853 5853
3712 3712
2656 2656
5646 5646
5854 5854
5494 5494
4006 4006
0 0
2667 2667
2647 2647
2308 2308
451 451
2688 2688
5644 5644
2687 2687
2288 2288
6030 6030
223 223
186 186
2449 2449
206 206
2755 2755
2420 2420
158 158
3994 3994
2650 2650
3889 3889
220 220
376 376
3877 3877
2101 2101
5243 5243
3890 3890
6145 6145
2691 2691
2545 2545
2754 2754
6128 6128
3726 3726
5663 5663
2663 2663
2207 2207
5480 5480
6148 6148
5987 5987
5479 5479
2427 2427
395 395
3710 3710
3899 3899
5709 5709
2678 2678
2253 2253
5979 5979
5550 5550
2147 2147
5980 5980
298 298
2679 2679
5232 5232
2575 2575
3708 3708
372 372
2020 2020
2676 2676
3954 3954
3664 3664
2344 2344
5521 5521
2109 2109
198 198
3875 3875
2329 2329
3718 3718
2100 2100
3812 3812
3678 3678
5231 5231
2704 2704
5862 5862
4012 4012
4019 4019
5559 5559
3963 3963
2536 2536
2461 2461
5571 5571
4807 4807
3955 3955
3957 3957
2463 2463
3785 3785
6160 6160
529 529
6011 6011
3719 3719
3935 3935
6159 6159
4052 4052
196 196
178 178
2709 2709
6884 6884
2315 2315
2576 2576
2208 2208
2712 2712
2450 2450
2468 2468
6168 6168
1778 1778
5860 5860
2563 2563
5570 5570
180 180
6162 6162
3967 3967
518 518
5239 5239
2541 2541
5520 5520
3970 3970
6034 6034
3934 3934
6132 6132
475 475
1938 1938
368 368
3952 3952
5564 5564
6139 6139
4020 4020
6157 6157
2557 2557
3976 3976
4008 4008
5667 5667
6161 6161
209 209
2425 2425
2351 2351
2438 2438
6019 6019
4056 4056
4045 4045
6033 6033
6165 6165
2759 2759
3956 3956
2464 2464
1924 1924
2327 2327
4039 4039
6005 6005
3975 3975
5236 5236
4044 4044
6175 6175
367 367
2338 2338
473 473
4061 4061
4063 4063
5694 5694
5568 5568
2309 2309
3645 3645
3943 3943
6039 6039
2435 2435
152 152
4028 4028
1945 1945
255 255
4047 4047
4037 4037
2430 2430
179 179
2325 2325
6009 6009
4073 4073
6107 6107
4793 4793
449 449
508 508
5915 5915
6112 6112
1925 1925
5733 5733
4067 4067
514 514
3996 3996
2340 2340
4033 4033
548 548
5676 5676
5802 5802
2757 2757
3680 3680
4026 4026
4068 4068
151 151
5388 5388
5872 5872
2104 2104
3059 3059
1940 1940
6177 6177
6038 6038
512 512
509 509
225 225
3813 3813
3694 3694
5760 5760
2446 2446
2444 2444
4305 4305
575 575
567 567
4307 4307
563 563
6037 6037
490 490
6220 6220
3731 3731
5902 5902
4308 4308
5668 5668
3720 3720
1936 1936
3768 3768
559 559
5383 5383
564 564
4002 4002
5390 5390
5918 5918
1855 1855
576 576
1919 1919
5403 5403
498 498
4720 4720
5430 5430
497 497
1320 1320
6006 6006
5996 5996
2737 2737
2725 2725
5991 5991
2732 2732
5804 5804
2717 2717
557 557
553 553
208 208
1856 1856
2760 2760
483 483
5399 5399
6193 6193
3358 3358
3769 3769
3725 3725
1961 1961
3361 3361
561 561
1438 1438
4299 4299
2726 2726
1440 1440
1960 1960
5406 5406
5391 5391
3679 3679
6208 6208
5758 5758
2874 2874
3437 3437
525 525
5874 5874
2971 2971
2966 2966
1851 1851
3307 3307
2744 2744
3362 3362
218 218
4232 4232
702 702
1356 1356
3006 3006
2243 2243
6225 6225
6224 6224
1435 1435
1891 1891
2718 2718
3734 3734
5410 5410
708 708
2719 2719
3341 3341
3338 3338
5221 5221
2769 2769
4230 4230
6496 6496
4780 4780
587 587
4231 4231
5381 5381
4302 4302
709 709
2998 2998
3340 3340
1958 1958
5989 5989
6758 6758
4786 4786
6199 6199
1828 1828
3308 3308
1857 1857
3900 3900
3271 3271
425 425
3363 3363
1932 1932
3920 3920
5207 5207
1965 1965
1850 1850
2932 2932
6431 6431
5429 5429
2996 2996
1825 1825
6743 6743
5086 5086
305 305
4294 4294
1946 1946
5427 5427
2729 2729
2994 2994
2970 2970
1890 1890
3261 3261
2907 2907
5764 5764
5270 5270
4077 4077
3301 3301
6210 6210
1755 1755
3274 3274
2752 2752
2958 2958
6713 6713
3266 3266
6196 6196
6209 6209
6230 6230
3169 3169
5066 5066
5039 5039
6346 6346
819 819
5038 5038
6754 6754
2935 2935
5043 5043
3289 3289
828 828
3344 3344
4094 4094
1235 1235
4782 4782
733 733
3264 3264
6432 6432
6704 6704
5044 5044
2955 2955
6745 6745
5412 5412
6675 6675
3273 3273
5120 5120
1434 1434
2969 2969
6428 6428
6678 6678
1213 1213
1978 1978
6659 6659
4076 4076
3243 3243
6344 6344
4234 4234
3262 3262
1968 1968
3253 3253
4696 4696
5132 5132
2884 2884
5091 5091
3213 3213
3211 3211
5276 5276
4217 4217
5050 5050
1973 1973
3247 3247
5275 5275
5882 5882
5376 5376
3305 3305
1974 1974
6688 6688
5108 5108
6752 6752
5876 5876
6191 6191
761 761
3000 3000
2951 2951
6657 6657
6646 6646
4701 4701
4783 4783
2950 2950
2997 2997
3369 3369
3004 3004
3225 3225
5040 5040
5437 5437
5213 5213
3249 3249
5133 5133
2949 2949
3314 3314
6182 6182
6653 6653
2945 2945
2993 2993
2960 2960
585 585
6339 6339
1827 1827
817 817
3244 3244
3241 3241
1215 1215
422 422
6179 6179
6613 6613
2882 2882
1833 1833
5220 5220
6614 6614
5409 5409
1741 1741
1219 1219
5765 5765
5117 5117
5920 5920
5069 5069
5441 5441
3281 3281
6736 6736
1556 1556
3219 3219
6334 6334
5079 5079
3251 3251
5280 5280
5084 5084
610 610
3031 3031
1312 1312
5090 5090
3419 3419
6192 6192
6762 6762
3302 3302
3471 3471
5125 5125
1445 1445
1953 1953
5790 5790
3246 3246
5371 5371
2857 2857
5160 5160
1819 1819
1586 1586
1506 1506
3237 3237
613 613
2999 2999
3036 3036
5176 5176
724 724
3902 3902
5168 5168
3441 3441
2859 2859
5075 5075
2980 2980
2952 2952
3171 3171
5377 5377
4699 4699
1270 1270
6620 6620
2974 2974
1875 1875
3366 3366
1420 1420
3028 3028
3439 3439
622 622
5122 5122
6644 6644
5110 5110
2965 2965
611 611
5150 5150
6641 6641
3368 3368
5036 5036
3035 3035
776 776
3892 3892
5811 5811
5085 5085
6750 6750
6207 6207
3349 3349
6407 6407
3034 3034
2863 2863
2977 2977
723 723
6654 6654
6424 6424
6690 6690
5273 5273
3410 3410
3012 3012
5812 5812
3421 3421
5192 5192
4223 4223
5074 5074
1553 1553
3032 3032
1421 1421
1554 1554
2889 2889
704 704
1582 1582
1424 1424
4381 4381
3452 3452
1197 1197
3238 3238
5193 5193
1347 1347
5191 5191
5378 5378
1692 1692
1976 1976
3447 3447
5816 5816
6464 6464
5219 5219
6626 6626
6625 6625
5301 5301
6423 6423
892 892
1817 1817
5022 5022
2877 2877
748 748
5791 5791
644 644
685 685
1903 1903
6717 6717
2865 2865
2948 2948
6714 6714
3373 3373
5056 5056
5034 5034
6460 6460
4726 4726
6639 6639
1352 1352
5015 5015
5068 5068
1536 1536
3443 3443
3901 3901
6680 6680
2878 2878
5020 5020
4186 4186
6763 6763
1727 1727
5210 5210
5269 5269
6348 6348
6426 6426
5929 5929
739 739
1589 1589
6402 6402
5098 5098
5922 5922
1608 1608
752 752
5767 5767
4797 4797
804 804
5202 5202
5794 5794
741 741
5927 5927
6756 6756
1546 1546
618 618
1744 1744
671 671
5891 5891
2890 2890
1591 1591
687 687
3235 3235
1564 1564
6715 6715
1268 1268
5113 5113
1820 1820
1585 1585
1349 1349
2953 2953
2941 2941
5197 5197
5017 5017
1381 1381
1555 1555
621 621
5148 5148
1286 1286
1620 1620
3431 3431
5027 5027
5096 5096
5061 5061
667 667
5099 5099
6691 6691
4852 4852
6819 6819
6638 6638
1392 1392
1282 1282
163 163
6837 6837
929 929
399 399
2899 2899
699 699
2876 2876
1550 1550
5879 5879
693 693
1824 1824
5174 5174
5906 5906
5097 5097
1756 1756
1656 1656
1388 1388
1231 1231
689 689
1314 1314
5350 5350
3216 3216
1351 1351
1748 1748
4237 4237
5172 5172
1752 1752
5186 5186
1687 1687
2822 2822
607 607
1599 1599
5316 5316
1831 1831
6769 6769
1632 1632
778 778
5130 5130
5032 5032
5024 5024
5295 5295
1664 1664
3376 3376
1304 1304
943 943
3453 3453
941 941
5300 5300
1293 1293
1654 1654
5144 5144
3465 3465
4185 4185
4265 4265
3396 3396
6430 6430
1311 1311
5315 5315
4722 4722
3444 3444
1613 1613
5294 5294
750 750
5800 5800
696 696
609 609
5888 5888
1611 1611
5029 5029
5185 5185
601 601
1674 1674
1597 1597
1295 1295
3295 3295
1386 1386
3380 3380
3218 3218
1733 1733
1635 1635
1595 1595
3466 3466
6838 6838
6642 6642
1572 1572
5306 5306
1677 1677
5142 5142
4268 4268
1584 1584
446 446
4718 4718
5881 5881
6351 6351
1904 1904
608 608
1653 1653
6391 6391
1545 1545
710 710
620 620
697 697
1574 1574
6273 6273
769 769
1709 1709
3407 3407
6418 6418
1390 1390
3460 3460
4830 4830
2855 2855
5909 5909
640 640
6420 6420
5189 5189
1737 1737
3329 3329
6633 6633
590 590
1256 1256
1747 1747
5348 5348
5204 5204
659 659
743 743
891 891
3384 3384
6350 6350
1746 1746
3375 3375
6615 6615
1380 1380
3393 3393
3378 3378
4910 4910
4909 4909
1712 1712
4831 4831
1289 1289
5356 5356
1208 1208
1742 1742
4765 4765
4767 4767
5343 5343
6767 6767
5201 5201
4907 4907
5785 5785
5347 5347
3399 3399
4133 4133
6392 6392
4913 4913
5354 5354
3064 3064
6797 6797
5314 5314
4155 4155
5353 5353
5360 5360
391 391
1678 1678
781 781
4719 4719
4149 4149
1257 1257
5324 5324
1406 1406
1624 1624
4112 4112
3014 3014
252 252
6695 6695
1732 1732
6842 6842
5885 5885
3389 3389
3497 3497
782 782
3893 3893
1676 1676
6414 6414
3435 3435
6451 6451
2844 2844
4915 4915
1745 1745
2842 2842
6635 6635
605 605
3683 3683
4683 4683
1832 1832
1657 1657
3203 3203
4276 4276
615 615
1659 1659
2846 2846
6489 6489
6438 6438
1708 1708
3063 3063
4101 4101
6693 6693
1291 1291
4090 4090
6808 6808
6616 6616
6564 6564
1863 1863
6498 6498
6562 6562
5355 5355
4738 4738
6316 6316
1707 1707
4679 4679
1623 1623
4132 4132
3385 3385
6816 6816
3387 3387
1893 1893
3402 3402
6807 6807
4868 4868
3386 3386
3198 3198
3382 3382
1705 1705
6411 6411
171 171
1409 1409
1696 1696
3425 3425
604 604
6813 6813
6835 6835
6728 6728
5780 5780
1643 1643
4693 4693
253 253
4429 4429
4264 4264
4778 4778
6439 6439
4134 4134
3763 3763
6778 6778
6852 6852
4160 4160
4775 4775
1407 1407
6355 6355
6780 6780
2819 2819
1490 1490
926 926
1405 1405
2820 2820
4114 4114
6491 6491
6731 6731
1240 1240
6477 6477
3505 3505
3199 3199
6790 6790
4257 4257
4380 4380
4901 4901
6488 6488
4977 4977
4824 4824
4173 4173
6280 6280
6310 6310
1345 1345
1342 1342
3333 3333
1860 1860
5223 5223
4879 4879
1239 1239
6314 6314
3765 3765
4850 4850
4794 4794
4100 4100
3145 3145
4280 4280
4212 4212
4124 4124
6326 6326
4677 4677
4650 4650
6862 6862
1413 1413
6600 6600
1896 1896
4862 4862
1426 1426
4157 4157
2836 2836
6830 6830
4875 4875
6487 6487
6868 6868
1488 1488
4158 4158
6282 6282
5323 5323
923 923
3477 3477
6829 6829
6823 6823
4261 4261
6311 6311
6848 6848
1483 1483
6799 6799
1822 1822
3509 3509
5304 5304
1212 1212
6475 6475
6727 6727
1334 1334
924 924
916 916
271 271
921 921
1496 1496
1265 1265
6865 6865
2833 2833
1188 1188
1843 1843
4117 4117
4897 4897
4258 4258
4688 4688
4874 4874
1340 1340
6867 6867
4123 4123
6607 6607
6828 6828
6854 6854
2848 2848
254 254
3017 3017
4805 4805
798 798
444 444
1163 1163
4091 4091
1164 1164
4122 4122
3008 3008
6784 6784
4894 4894
6869 6869
6783 6783
1189 1189
6602 6602
2830 2830
6305 6305
919 919
4366 4366
1004 1004
3478 3478
1451 1451
3178 3178
3194 3194
1481 1481
632 632
3197 3197
1053 1053
845 845
4427 4427
3177 3177
3193 3193
844 844
4858 4858
4814 4814
6735 6735
4970 4970
3764 3764
861 861
1330 1330
6300 6300
6307 6307
6467 6467
1069 1069
631 631
1034 1034
1162 1162
6609 6609
1036 1036
4413 4413
3319 3319
5004 5004
2838 2838
3016 3016
995 995
3759 3759
858 858
800 800
918 918
1249 1249
2826 2826
4108 4108
1359 1359
3180 3180
996 996
1039 1039
1022 1022
662 662
1126 1126
4402 4402
983 983
6581 6581
6568 6568
720 720
1251 1251
1484 1484
1135 1135
1014 1014
999 999
1768 1768
6875 6875
1182 1182
249 249
4406 4406
6547 6547
6304 6304
1062 1062
1027 1027
1120 1120
665 665
4812 4812
1146 1146
663 663
1000 1000
1156 1156
1223 1223
6569 6569
6578 6578
1021 1021
1013 1013
1221 1221
1037 1037
1519 1519
988 988
2911 2911
863 863
980 980
4963 4963
1465 1465
6719 6719
1049 1049
1042 1042
4404 4404
846 846
3322 3322
1136 1136
1080 1080
4167 4167
1523 1523
6303 6303
1001 1001
1375 1375
1793 1793
1139 1139
1514 1514
1090 1090
1353 1353
4691 4691
1005 1005
3124 3124
6593 6593
3323 3323
2915 2915
864 864
979 979
1130 1130
4411 4411
1174 1174
4803 4803
3321 3321
4954 4954
958 958
3125 3125
978 978
1806 1806
1462 1462
4960 4960
1471 1471
4119 4119
973 973
6584 6584
6595 6595
2920 2920
1371 1371
4820 4820
993 993
1075 1075
1153 1153
1092 1092
3153 3153
976 976
6291 6291
1796 1796
177 177
1089 1089
6721 6721
3090 3090
6588 6588
1113 1113
1460 1460
1172 1172
412 412
1155 1155
1147 1147
816 816
2925 2925
1018 1018
1024 1024
1528 1528
1078 1078
1145 1145
1180 1180
1157 1157
1114 1114
6576 6576
3152 3152
1128 1128
1459 1459
1108 1108
1461 1461
4602 4602
1031 1031
4425 4425
1076 1076
4956 4956
1144 1144
1029 1029
2926 2926
992 992
1475 1475
4675 4675
1083 1083
4398 4398
970 970
4343 4343
901 901
1111 1111
6286 6286
903 903
807 807
966 966
3023 3023
906 906
1011 1011
4958 4958
4145 4145
4646 4646
4729 4729
4424 4424
808 808
4601 4601
4562 4562
1468 1468
4332 4332
1045 1045
3136 3136
904 904
5259 5259
4607 4607
1185 1185
1518 1518
1499 1499
3088 3088
3113 3113
1098 1098
1800 1800
853 853
4603 4603
4634 4634
6566 6566
947 947
6374 6374
4733 4733
4952 4952
950 950
6504 6504
4943 4943
1479 1479
876 876
840 840
4371 4371
1137 1137
913 913
6376 6376
4599 4599
1230 1230
883 883
6533 6533
4626 4626
4583 4583
6520 6520
3481 3481
809 809
4473 4473
5250 5250
6516 6516
1368 1368
1101 1101
868 868
4499 4499
4372 4372
3085 3085
1150 1150
4360 4360
4164 4164
910 910
873 873
3112 3112
4477 4477
3479 3479
6521 6521
907 907
3133 3133
6543 6543
4329 4329
3022 3022
4919 4919
6560 6560
1780 1780
4593 4593
4644 4644
6368 6368
1103 1103
4946 4946
4930 4930
839 839
3108 3108
1446 1446
4323 4323
6523 6523
6508 6508
850 850
4374 4374
932 932
6540 6540
1455 1455
854 854
4745 4745
6526 6526
4393 4393
870 870
6551 6551
1047 1047
4322 4322
4478 4478
4757 4757
4513 4513
4297 4297
847 847
4561 4561
4358 4358
4666 4666
1480 1480
4503 4503
3109 3109
3081 3081
4362 4362
4712 4712
4655 4655
4973 4973
3116 3116
4933 4933
4941 4941
4990 4990
6522 6522
4631 4631
4455 4455
4433 4433
4586 4586
4338 4338
4949 4949
4495 4495
4432 4432
6528 6528
6872 6872
4658 4658
4311 4311
4522 4522
4991 4991
4440 4440
4671 4671
4445 4445
4448 4448
4592 4592
4386 4386
4334 4334
4711 4711
4336 4336
4844 4844
4937 4937
4505 4505
4494 4494
4465 4465
4436 4436
4459 4459
4637 4637
4564 4564
4566 4566
4516 4516
4573 4573
4567 4567
