0 0
1 1
4013 3
4 4
1370 5
342 8
9 9
1788 10
12 12
692 16
18 18
5824 19
22 22
256 24
27 27
6133 28
29 29
6584 32
4234 34
2514 38
583 39
1065 40
43 43
45 45
46 46
4303 48
51 51
55 55
57 57
59 59
61 61
62 62
65 65
5909 66
67 67
684 68
5909 72
5294 73
982 74
5028 76
5669 77
85 85
87 87
6154 89
90 90
93 93
339 95
3078 97
5034 100
101 101
1779 102
663 103
104 104
991 105
2789 108
2240 109
110 110
581 111
113 113
1053 114
116 116
117 117
6845 118
2469 120
121 121
122 122
123 123
124 124
3079 126
129 129
1943 131
5781 136
5337 138
2482 142
143 143
144 144
5946 145
146 146
147 147
148 148
150 150
151 151
152 152
343 155
156 156
168 157
158 158
3042 162
163 163
6029 164
5091 165
1700 167
6843 168
3323 170
171 171
172 172
5206 173
174 174
6241 175
177 177
178 178
179 179
180 180
3507 181
186 186
2674 188
189 189
2980 190
4808 191
192 192
196 196
198 198
6843 204
205 205
206 206
950 207
208 208
209 209
2959 216
218 218
220 220
2764 221
223 223
225 225
1877 226
228 228
229 229
3591 230
232 232
2758 234
238 238
4852 240
241 241
242 242
245 245
249 249
6726 251
252 252
253 253
254 254
255 255
6739 258
238 259
260 260
1818 265
267 267
271 271
275 275
277 277
279 279
2367 282
284 284
5704 285
2742 286
289 289
290 290
295 295
298 298
2612 301
303 303
305 305
306 306
307 307
848 308
4053 309
310 310
311 311
312 312
315 315
2138 316
3149 319
320 320
321 321
322 322
323 323
4091 324
325 325
3657 326
2437 327
4854 328
330 330
2670 332
333 333
3696 334
1439 335
337 337
2476 340
341 341
3440 344
3929 346
946 351
5070 352
356 356
4057 362
6386 364
367 367
368 368
5818 370
372 372
2588 373
376 376
4306 378
1463 379
5543 380
5908 382
4873 384
6790 387
958 390
391 391
392 392
3232 393
1874 394
395 395
2472 398
399 399
3681 401
403 403
3591 405
5638 406
407 407
408 408
410 410
58 411
412 412
2980 413
415 415
5061 417
418 418
6005 419
3537 420
422 422
4851 423
753 424
425 425
2469 427
6881 432
434 434
435 435
436 436
1779 437
438 438
442 442
444 444
446 446
4227 447
448 448
449 449
451 451
1181 455
456 456
458 458
459 459
5818 460
464 464
5711 465
3447 467
469 469
473 473
4759 474
475 475
478 478
480 480
483 483
5442 484
168 485
1957 486
487 487
1098 488
490 490
2786 491
796 492
5537 493
494 494
497 497
498 498
503 503
508 508
509 509
4801 510
512 512
5709 513
514 514
518 518
6323 520
4446 521
4809 522
729 524
525 525
529 529
530 530
531 531
3160 532
1690 533
4780 534
5537 535
4863 538
539 539
542 542
546 546
548 548
2805 549
550 550
553 553
6776 555
556 556
557 557
559 559
602 560
561 561
357 562
563 563
564 564
565 565
566 566
567 567
2728 568
4792 570
3475 572
4325 573
2996 574
575 575
576 576
581 581
2416 582
4412 584
585 585
587 587
590 590
3461 591
1446 592
5022 593
5029 596
1887 598
6525 599
601 601
3738 602
604 604
605 605
2616 606
607 607
608 608
609 609
610 610
611 611
613 613
615 615
719 617
618 618
620 620
621 621
622 622
3751 626
5940 627
3512 629
4798 630
631 631
632 632
2640 638
2429 639
640 640
616 641
3446 642
644 644
2270 646
4118 648
5504 650
1128 651
1588 654
2388 658
659 659
662 662
663 663
665 665
4260 666
667 667
1095 669
671 671
1405 674
2004 679
3742 680
2544 682
685 685
687 687
689 689
693 693
6058 695
696 696
697 697
699 699
294 700
5942 701
702 702
704 704
2336 706
708 708
709 709
710 710
712 712
4131 713
714 714
716 716
717 717
4234 718
5497 719
720 720
74 721
723 723
724 724
476 725
1876 728
6110 730
733 733
739 739
2996 740
741 741
743 743
5618 745
530 746
748 748
5063 749
750 750
752 752
754 754
462 756
6603 757
5840 760
761 761
90 763
769 769
770 770
771 771
5614 772
776 776
778 778
781 781
782 782
784 784
786 786
2917 787
864 789
6098 791
2577 792
798 798
1679 799
800 800
4481 801
804 804
3391 805
4471 806
807 807
808 808
809 809
5246 810
5022 811
956 813
5076 815
816 816
817 817
819 819
3235 823
6705 826
828 828
5497 829
1598 832
2738 836
839 839
840 840
933 842
1369 843
844 844
845 845
846 846
847 847
850 850
1354 851
3352 852
853 853
854 854
858 858
861 861
863 863
864 864
868 868
870 870
871 871
1420 872
873 873
876 876
2334 877
5466 878
880 880
6561 881
883 883
4013 884
3040 887
891 891
892 892
865 894
900 900
901 901
903 903
904 904
1588 905
906 906
907 907
910 910
1850 912
913 913
916 916
5002 917
918 918
919 919
1848 920
921 921
2901 922
923 923
924 924
3149 925
926 926
3713 927
929 929
4477 930
932 932
4655 934
3254 936
6361 940
941 941
943 943
2995 944
485 946
947 947
4248 948
93 949
950 950
6137 951
3258 953
5905 956
2245 957
958 958
681 962
966 966
970 970
6259 971
3864 972
973 973
162 974
505 975
976 976
1868 977
978 978
979 979
980 980
3252 981
983 983
1980 985
988 988
3949 989
2020 990
992 992
993 993
995 995
996 996
3323 997
999 999
1000 1000
1001 1001
3082 1002
4902 1003
1004 1004
1005 1005
6711 1007
1381 1008
1011 1011
1013 1013
1014 1014
4388 1015
1018 1018
5911 1019
1021 1021
1022 1022
2654 1023
1024 1024
1371 1026
1027 1027
5853 1028
1029 1029
1031 1031
1034 1034
1036 1036
1037 1037
1039 1039
1042 1042
1045 1045
5918 1046
1047 1047
1049 1049
4749 1050
6216 1051
1053 1053
3420 1055
2660 1057
4237 1061
1062 1062
5967 1063
1958 1065
5564 1067
1069 1069
1897 1073
1075 1075
1076 1076
215 1077
1078 1078
3149 1079
1080 1080
1083 1083
5328 1084
3033 1086
1089 1089
1090 1090
1092 1092
2245 1093
4775 1095
1098 1098
1588 1099
3696 1100
1101 1101
1103 1103
2075 1104
5601 1106
1108 1108
1111 1111
1113 1113
1114 1114
5430 1115
6619 1116
6798 1117
1120 1120
1126 1126
5592 1127
1128 1128
1121 1129
1130 1130
5753 1133
6259 1134
1135 1135
1136 1136
1137 1137
1139 1139
4152 1141
1517 1143
1144 1144
1145 1145
1146 1146
1147 1147
4690 1148
1150 1150
1153 1153
1155 1155
1156 1156
1157 1157
2474 1158
4948 1159
4215 1160
1162 1162
1163 1163
1164 1164
6685 1170
5139 1171
1172 1172
1174 1174
1180 1180
1182 1182
1185 1185
4692 1186
1188 1188
1189 1189
1403 1191
705 1194
3540 1195
1197 1197
3409 1198
5595 1199
6482 1202
6173 1203
1870 1206
1208 1208
4735 1209
1212 1212
1213 1213
1370 1214
1215 1215
4086 1216
1219 1219
1221 1221
1223 1223
1624 1224
4232 1225
2316 1226
2241 1227
6876 1229
1230 1230
1231 1231
1235 1235
6399 1237
1239 1239
1240 1240
918 1242
1620 1243
5341 1245
1249 1249
5826 1250
1251 1251
305 1254
1256 1256
1257 1257
2334 1263
1265 1265
3174 1266
1268 1268
1270 1270
311 1272
2086 1274
3248 1275
3160 1276
1277 1277
1278 1278
1703 1280
1281 1281
1282 1282
1284 1284
1286 1286
3267 1287
1289 1289
1291 1291
1293 1293
1295 1295
5048 1301
4034 1302
1304 1304
4613 1305
5763 1308
2100 1309
339 1310
1311 1311
1312 1312
1314 1314
400 1316
5213 1317
1320 1320
6865 1322
2539 1324
4956 1327
6180 1328
1330 1330
2103 1331
1334 1334
2053 1336
3018 1338
1340 1340
1342 1342
1345 1345
1347 1347
1 1348
1349 1349
1351 1351
1352 1352
1353 1353
1354 1354
1356 1356
1359 1359
3408 1360
70 1363
2969 1364
1368 1368
1371 1371
6156 1372
2059 1373
2959 1374
1375 1375
2959 1378
4618 1379
1380 1380
1381 1381
6772 1382
114 1384
1386 1386
1469 1387
1388 1388
1390 1390
1423 1391
1392 1392
695 1395
5647 1400
591 1402
1403 1403
6326 1404
1405 1405
1406 1406
1407 1407
1409 1409
1413 1413
1419 1419
1420 1420
1421 1421
1695 1422
1424 1424
1590 1425
1426 1426
5298 1431
1434 1434
1435 1435
952 1437
1438 1438
1440 1440
838 1441
1590 1442
666 1444
1445 1445
1446 1446
1378 1448
4604 1450
1451 1451
3986 1452
1478 1454
1455 1455
640 1456
1459 1459
1460 1460
1461 1461
1462 1462
1465 1465
1468 1468
659 1469
1471 1471
3912 1472
1475 1475
2041 1477
1479 1479
1480 1480
1481 1481
3144 1482
1483 1483
1484 1484
3179 1485
1488 1488
1490 1490
6180 1491
950 1493
717 1494
6871 1495
1496 1496
2433 1498
1499 1499
593 1501
1503 1503
1381 1505
1506 1506
4354 1508
2439 1510
2204 1511
3535 1512
465 1513
1514 1514
2206 1515
1518 1518
1519 1519
870 1522
1523 1523
259 1524
3569 1527
1528 1528
1536 1536
4230 1539
1540 1540
2413 1541
1545 1545
1546 1546
2959 1547
370 1548
1550 1550
1553 1553
1554 1554
1555 1555
1556 1556
5791 1557
1453 1558
4204 1559
884 1561
361 1562
2072 1563
1564 1564
4818 1565
2432 1568
6632 1569
1572 1572
5781 1573
1574 1574
1516 1580
6515 1581
1582 1582
2620 1583
1584 1584
1585 1585
1586 1586
1589 1589
1591 1591
5352 1592
2347 1593
4243 1594
1595 1595
1597 1597
1599 1599
5663 1603
5171 1604
2023 1605
4655 1606
1608 1608
1611 1611
869 1612
1613 1613
4663 1614
1620 1620
2894 1621
1623 1623
1624 1624
583 1625
223 1629
2736 1631
1632 1632
5446 1633
1635 1635
6344 1641
1643 1643
1825 1645
1133 1648
2946 1650
1653 1653
1654 1654
3661 1655
1656 1656
1657 1657
1659 1659
1102 1662
1664 1664
5515 1667
2996 1672
1674 1674
4405 1675
1676 1676
1677 1677
1678 1678
1858 1685
1687 1687
2144 1688
1692 1692
3452 1695
1696 1696
3105 1698
5051 1704
1705 1705
1707 1707
1708 1708
1709 1709
1712 1712
6021 1713
2503 1717
2713 1724
1727 1727
2125 1729
986 1730
1732 1732
1733 1733
5169 1734
2235 1735
1285 1736
1737 1737
1741 1741
1742 1742
2608 1743
1744 1744
1745 1745
1746 1746
1747 1747
1748 1748
2609 1749
1752 1752
1755 1755
1756 1756
6156 1757
4332 1760
5250 1761
1768 1768
1770 1770
1080 1771
1773 1773
3696 1774
6870 1776
1778 1778
1780 1780
6821 1781
1190 1787
4053 1788
3940 1789
1793 1793
1796 1796
1800 1800
1711 1801
1806 1806
5698 1807
1817 1817
2784 1818
1819 1819
1820 1820
1822 1822
1824 1824
1825 1825
1827 1827
1828 1828
5588 1830
1831 1831
1832 1832
1833 1833
4815 1836
1837 1837
2334 1842
1843 1843
170 1845
1850 1850
1851 1851
1855 1855
1856 1856
1857 1857
5459 1858
1860 1860
1863 1863
1146 1865
1867 1867
1206 1870
2058 1873
4417 1874
1875 1875
248 1876
1877 1877
1878 1878
1879 1879
3149 1882
3413 1884
1890 1890
1891 1891
1893 1893
1896 1896
3909 1897
1158 1898
5681 1901
1903 1903
1904 1904
1905 1905
6522 1906
1908 1908
4449 1916
4552 1918
1919 1919
5838 1920
1924 1924
1925 1925
6397 1926
2172 1928
2184 1929
6674 1930
1932 1932
2049 1934
1936 1936
1938 1938
4393 1939
1940 1940
1945 1945
1946 1946
4389 1947
2166 1951
1953 1953
2959 1954
6449 1956
793 1957
1958 1958
1960 1960
1961 1961
4832 1962
1965 1965
1968 1968
5061 1969
1973 1973
1974 1974
1976 1976
1792 1977
1978 1978
5720 1981
3651 1982
1984 1984
3348 1987
1988 1988
1989 1989
1991 1991
4731 1992
1995 1995
5747 1997
1998 1998
1999 1999
2001 2001
2002 2002
2003 2003
2004 2004
2005 2005
2006 2006
2011 2011
2012 2012
2013 2013
2593 2014
3124 2017
2020 2020
5466 2021
2022 2022
2027 2027
6106 2028
2029 2029
2030 2030
2279 2031
1590 2032
4474 2033
2034 2034
2035 2035
2037 2037
4867 2038
3322 2040
3093 2041
5994 2042
2043 2043
4146 2044
6400 2045
2046 2046
2049 2049
2054 2054
2055 2055
2056 2056
2057 2057
2058 2058
2023 2059
2061 2061
2333 2065
2066 2066
2067 2067
2070 2070
2071 2071
2072 2072
2928 2073
3954 2074
3444 2076
6116 2078
2081 2081
2084 2084
2086 2086
2088 2088
3151 2091
25 2097
2100 2100
2101 2101
2104 2104
4162 2106
1615 2107
2109 2109
1933 2112
396 2114
6555 2117
2119 2119
3291 2121
2122 2122
2123 2123
1598 2125
933 2127
2128 2128
2129 2129
2130 2130
2131 2131
2132 2132
2133 2133
5072 2135
1906 2136
2137 2137
4385 2138
2140 2140
2996 2141
1517 2143
2209 2144
2147 2147
2149 2149
2150 2150
2151 2151
6050 2152
2153 2153
2155 2155
6549 2159
2160 2160
2771 2162
2163 2163
2164 2164
2166 2166
2167 2167
238 2168
2170 2170
5207 2171
2172 2172
2173 2173
2174 2174
238 2175
2177 2177
608 2178
2179 2179
2180 2180
5036 2184
2187 2187
2188 2188
1248 2191
2192 2192
6409 2193
2194 2194
2198 2198
2199 2199
1285 2201
5419 2202
2466 2205
4328 2206
2207 2207
2208 2208
211 2210
1246 2212
6780 2214
2215 2215
2218 2218
2220 2220
2221 2221
2223 2223
4891 2224
2227 2227
2231 2231
4265 2235
2239 2239
2243 2243
2245 2245
2246 2246
3430 2247
4972 2249
2253 2253
1933 2255
4610 2257
2258 2258
2259 2259
3170 2260
5781 2265
2268 2268
1756 2269
2273 2273
2274 2274
6041 2275
111 2278
3406 2279
1044 2280
2281 2281
2282 2282
6504 2283
6511 2286
2287 2287
2288 2288
1121 2289
2294 2294
2295 2295
2571 2296
6586 2298
2300 2300
3878 2301
2308 2308
2309 2309
5497 2313
2315 2315
6710 2316
4956 2321
2322 2322
1336 2323
2325 2325
2035 2326
2327 2327
825 2328
2329 2329
3164 2331
2851 2333
2338 2338
2340 2340
2344 2344
3901 2345
2351 2351
6101 2352
3131 2355
2357 2357
2364 2364
2365 2365
2370 2370
2372 2372
2376 2376
4759 2379
2383 2383
2384 2384
1830 2388
2389 2389
2390 2390
4105 2391
3107 2395
2396 2396
2397 2397
729 2400
2434 2401
2402 2402
2404 2404
2405 2405
2341 2409
1131 2411
2412 2412
131 2413
4057 2414
292 2415
2416 2416
2736 2417
4313 2419
2420 2420
3844 2421
2422 2422
2424 2424
2425 2425
2427 2427
5614 2428
2430 2430
2431 2431
2433 2433
2254 2434
2435 2435
2438 2438
434 2439
2444 2444
2446 2446
2306 2447
2449 2449
2450 2450
2457 2457
2461 2461
2463 2463
2464 2464
2468 2468
4261 2469
227 2470
3149 2472
3468 2473
364 2474
2477 2477
5822 2479
2480 2480
2481 2481
2482 2482
2483 2483
2487 2487
5822 2489
2491 2491
3394 2495
2498 2498
2500 2500
2501 2501
116 2504
6723 2505
2506 2506
2507 2507
2508 2508
2527 2510
6865 2512
4381 2513
5796 2515
2516 2516
5081 2517
5937 2518
2519 2519
3394 2520
2523 2523
2460 2524
2526 2526
5194 2527
531 2528
3654 2531
2532 2532
2118 2533
2534 2534
6357 2535
2536 2536
6414 2538
2541 2541
2542 2542
2543 2543
2544 2544
2545 2545
2553 2553
2557 2557
2558 2558
2560 2560
2782 2561
2563 2563
2564 2564
1011 2567
2569 2569
2570 2570
5705 2572
463 2574
2575 2575
2576 2576
4309 2577
422 2579
1203 2581
763 2584
2586 2586
1452 2587
2588 2588
2590 2590
2402 2591
1906 2593
2595 2595
2596 2596
4775 2597
2598 2598
2600 2600
2601 2601
2602 2602
2606 2606
2608 2608
5293 2610
2612 2612
3053 2614
2616 2616
2647 2618
2623 2623
2624 2624
2625 2625
2415 2626
2627 2627
2628 2628
4 2629
2631 2631
2632 2632
2633 2633
2635 2635
2636 2636
1933 2639
2640 2640
2643 2643
312 2646
2647 2647
2650 2650
2651 2651
4258 2654
2656 2656
1756 2657
6214 2658
2159 2659
1909 2660
2343 2661
6373 2662
2663 2663
2667 2667
2343 2668
1876 2670
1533 2671
666 2672
4776 2674
3023 2675
2676 2676
2678 2678
2679 2679
5386 2681
2682 2682
2683 2683
3090 2684
2687 2687
2688 2688
2691 2691
5547 2692
1022 2694
1588 2695
4972 2697
2704 2704
821 2708
2709 2709
2712 2712
5243 2713
2717 2717
2718 2718
2719 2719
1762 2720
5137 2722
2725 2725
2726 2726
5073 2727
5726 2728
2729 2729
2732 2732
2347 2733
2737 2737
2744 2744
3124 2745
299 2748
4364 2749
1246 2750
2436 2751
2752 2752
3092 2753
2754 2754
2755 2755
2757 2757
1122 2758
2759 2759
2760 2760
5990 2761
6078 2763
5248 2766
3293 2767
2769 2769
1797 2771
2774 2774
4835 2775
132 2776
6776 2777
1305 2778
2779 2779
2780 2780
2783 2783
2787 2787
2795 2795
2796 2796
2797 2797
2798 2798
2212 2799
6180 2800
2801 2801
2808 2808
2809 2809
2811 2811
2845 2813
2450 2814
2816 2816
4618 2817
5737 2818
2819 2819
2820 2820
2822 2822
5118 2824
2826 2826
355 2829
2830 2830
2833 2833
1133 2834
2836 2836
6180 2837
2838 2838
4043 2839
4023 2841
2842 2842
4378 2843
2844 2844
4354 2845
2846 2846
2848 2848
68 2849
2640 2850
5596 2853
1023 2854
2855 2855
2857 2857
2859 2859
3211 2860
2863 2863
3377 2864
2865 2865
2866 2866
4694 2867
2429 2870
247 2872
4142 2873
2874 2874
1718 2875
2876 2876
2877 2877
2878 2878
2882 2882
2884 2884
5030 2886
2889 2889
2890 2890
944 2892
422 2893
4890 2897
2899 2899
5442 2901
4167 2903
2904 2904
5787 2905
2907 2907
2908 2908
2911 2911
3030 2913
2915 2915
2920 2920
2534 2923
727 2924
2925 2925
2926 2926
6584 2927
2034 2930
2932 2932
5195 2933
2935 2935
2941 2941
5082 2943
2945 2945
4867 2946
5461 2947
2948 2948
2949 2949
2950 2950
2951 2951
2952 2952
2953 2953
4136 2954
2955 2955
1316 2956
4389 2957
2958 2958
2960 2960
2961 2961
5925 2962
5119 2963
2928 2964
2965 2965
2966 2966
2190 2967
2969 2969
2970 2970
2971 2971
5030 2973
2974 2974
4530 2975
2977 2977
5278 2978
2980 2980
6469 2984
2699 2985
3027 2987
670 2988
3223 2989
2993 2993
2994 2994
2996 2996
2997 2997
2998 2998
2999 2999
3000 3000
3004 3004
3006 3006
3008 3008
3012 3012
3014 3014
3117 3015
3016 3016
3017 3017
3022 3022
3023 3023
5545 3027
3028 3028
3031 3031
3032 3032
5070 3033
3034 3034
3035 3035
3036 3036
2272 3037
5081 3039
3151 3040
709 3042
2667 3045
3046 3046
6755 3047
3025 3048
3049 3049
5629 3050
3052 3052
4675 3053
3232 3057
3058 3058
3059 3059
3063 3063
3064 3064
3014 3065
5279 3066
3069 3069
310 3070
2588 3071
3072 3072
2775 3074
2528 3075
2240 3077
5058 3078
4921 3079
3081 3081
982 3082
5367 3083
3085 3085
1039 3087
3088 3088
6866 3089
3090 3090
2747 3092
5560 3093
123 3094
4974 3099
3931 3101
4187 3102
5560 3106
3108 3108
3109 3109
3112 3112
3113 3113
3116 3116
1446 3117
4057 3119
5617 3123
3124 3124
3125 3125
3127 3127
3354 3129
6546 3130
5463 3132
3133 3133
3136 3136
3322 3138
3918 3142
1680 3143
3145 3145
5218 3151
3152 3152
3153 3153
2992 3156
3623 3160
3120 3163
1197 3164
3167 3167
3169 3169
3171 3171
3177 3177
3178 3178
5979 3179
3180 3180
838 3182
2928 3184
1599 3185
2086 3186
5068 3189
1188 3190
3193 3193
3194 3194
2970 3195
3197 3197
3198 3198
3199 3199
238 3202
3203 3203
5660 3205
521 3206
3582 3208
3211 3211
3213 3213
3216 3216
1778 3217
3218 3218
3219 3219
5246 3222
5442 3224
3225 3225
2241 3228
1381 3230
2996 3231
3235 3235
2997 3236
3237 3237
3238 3238
4243 3239
3241 3241
2241 3242
3243 3243
3244 3244
3246 3246
3247 3247
5564 3248
3249 3249
3251 3251
3253 3253
524 3254
4537 3255
3369 3256
6182 3259
3261 3261
3262 3262
3264 3264
3266 3266
6226 3268
2795 3269
3271 3271
3273 3273
3274 3274
3182 3277
696 3280
3281 3281
1346 3282
2061 3283
3289 3289
6553 3291
3293 3293
3295 3295
4097 3296
5478 3300
3301 3301
3302 3302
3305 3305
5822 3306
3307 3307
3308 3308
6354 3309
2996 3312
3314 3314
901 3316
3319 3319
3393 3320
3321 3321
3322 3322
3323 3323
4683 3324
443 3325
3293 3327
3329 3329
4399 3331
3333 3333
1845 3336
6258 3337
3338 3338
3340 3340
3341 3341
1980 3342
3344 3344
5838 3345
2445 3347
3349 3349
2672 3351
2309 3355
3358 3358
5884 3359
3361 3361
3362 3362
3363 3363
3685 3364
3366 3366
3368 3368
3369 3369
3223 3371
3373 3373
2050 3374
3375 3375
3376 3376
5737 3377
3378 3378
3380 3380
3382 3382
3384 3384
3385 3385
3386 3386
3387 3387
6263 3388
3389 3389
3645 3390
3393 3393
1146 3394
4276 3395
3396 3396
3399 3399
883 3400
3402 3402
33 3403
4338 3405
3407 3407
78 3408
2345 3409
3410 3410
4692 3416
5112 3417
342 3418
3419 3419
3421 3421
3425 3425
3431 3431
2159 3433
3435 3435
6586 3436
3437 3437
3439 3439
6708 3440
3441 3441
3443 3443
3444 3444
6332 3445
3447 3447
2161 3451
3452 3452
3453 3453
422 3454
1492 3456
3460 3460
5063 3462
181 3464
3465 3465
3466 3466
361 3469
3471 3471
6882 3473
3477 3477
3478 3478
3479 3479
2991 3480
3481 3481
4313 3482
3289 3483
444 3484
3524 3485
3486 3486
3488 3488
3491 3491
3493 3493
3494 3494
4956 3495
4188 3496
3497 3497
1247 3501
1180 3503
3505 3505
3798 3507
1821 3508
3509 3509
6407 3513
3515 3515
3408 3519
2121 3520
4791 3521
3621 3522
5019 3527
2439 3528
2322 3529
3530 3530
3534 3534
1247 3535
3540 3540
4007 3541
3543 3543
1093 3545
3547 3547
3549 3549
3550 3550
3551 3551
3552 3552
5756 3553
5332 3555
2394 3557
6206 3558
3560 3560
3291 3563
3566 3566
3568 3568
3569 3569
3570 3570
3571 3571
211 3577
3578 3578
3579 3579
2606 3581
4259 3583
3584 3584
3767 3585
3586 3586
3588 3588
3589 3589
3590 3590
3591 3591
3592 3592
3594 3594
3600 3600
3602 3602
3605 3605
1786 3607
3608 3608
6365 3609
5680 3610
3612 3612
6577 3613
5442 3614
1375 3616
3617 3617
6405 3618
3620 3620
2609 3621
3622 3622
6094 3624
4612 3625
3629 3629
2745 3631
3633 3633
3103 3636
6485 3639
3640 3640
3641 3641
6564 3644
3645 3645
3014 3647
3648 3648
887 3651
3652 3652
3653 3653
3133 3654
3656 3656
3657 3657
4256 3659
3664 3664
666 3665
425 3666
3667 3667
6440 3670
3672 3672
3965 3675
4530 3676
3678 3678
3679 3679
3680 3680
3683 3683
3685 3685
3687 3687
3909 3688
1577 3689
3694 3694
5888 3695
3979 3698
3949 3699
3700 3700
3701 3701
505 3702
2284 3703
3704 3704
3706 3706
3708 3708
3710 3710
3712 3712
3716 3716
3773 3717
3718 3718
3719 3719
3720 3720
3947 3723
3727 3724
3725 3725
3726 3726
4090 3729
3731 3731
3732 3732
1592 3733
3734 3734
3735 3735
3807 3736
2222 3737
2783 3738
3739 3739
4045 3744
3745 3745
3747 3747
3749 3749
4449 3750
3753 3753
3757 3757
3759 3759
3783 3761
3763 3763
3764 3764
3765 3765
1940 3766
87 3767
3768 3768
3769 3769
1615 3772
3774 3774
3776 3776
3737 3778
3785 3785
3787 3787
3788 3788
3986 3791
4002 3792
3793 3793
3795 3795
3796 3796
3797 3797
3799 3799
3800 3800
3805 3805
3806 3806
3696 3808
3756 3810
3812 3812
3813 3813
3818 3818
3819 3819
361 3820
3821 3821
5781 3822
3776 3825
3826 3826
3939 3827
3829 3829
3830 3830
3992 3832
3833 3833
3835 3835
3836 3836
3838 3838
3839 3839
3761 3841
3843 3843
3710 3844
3845 3845
3847 3847
3876 3850
3692 3852
3853 3853
3854 3854
3855 3855
4064 3857
3858 3858
3859 3859
3825 3861
3863 3863
6858 3866
3867 3867
3747 3868
3765 3870
4885 3872
3875 3875
3877 3877
3882 3882
3151 3886
3887 3887
3692 3888
3889 3889
3890 3890
5337 3891
3892 3892
3893 3893
3894 3894
4738 3896
3899 3899
3900 3900
3901 3901
3902 3902
2891 3903
6301 3904
3875 3906
3908 3908
3910 3910
4041 3912
3913 3913
5999 3916
4025 3917
4057 3919
3920 3920
3924 3921
3778 3922
3924 3924
3925 3925
3926 3926
3927 3927
3929 3929
3930 3930
3932 3932
3934 3934
3935 3935
686 3937
3938 3938
4189 3939
3848 3942
3943 3943
3909 3948
4061 3949
524 3950
3952 3952
3953 3953
3954 3954
3955 3955
3956 3956
3957 3957
3918 3959
5997 3960
1041 3961
3963 3963
3923 3964
3967 3967
3970 3970
833 3971
3972 3972
3975 3975
3976 3976
3810 3978
1381 3987
488 3990
5980 3991
6611 3992
3994 3994
5999 3995
3996 3996
1050 3998
4002 4002
4004 4004
4006 4006
4007 4007
4008 4008
3898 4009
4812 4010
4011 4011
4012 4012
1315 4013
4093 4015
3888 4016
4096 4017
4019 4019
4020 4020
4022 4022
4026 4026
4028 4028
1864 4032
4033 4033
4037 4037
4832 4038
4039 4039
4044 4044
4045 4045
3939 4046
4047 4047
3721 4048
5186 4049
6664 4050
4045 4051
4052 4052
3648 4055
4056 4056
4057 4057
4061 4061
4062 4062
4063 4063
1015 4066
4067 4067
4068 4068
4073 4073
4076 4076
4077 4077
3878 4079
5062 4083
4106 4085
3939 4086
4090 4088
4090 4090
4091 4091
5360 4092
4094 4094
3907 4095
3808 4097
4100 4100
4101 4101
2891 4102
5135 4105
4108 4108
4112 4112
3807 4113
4114 4114
2526 4116
4117 4117
4119 4119
1396 4120
3712 4121
4122 4122
4123 4123
4124 4124
4116 4125
1654 4127
4090 4129
4776 4131
4132 4132
4133 4133
4134 4134
2120 4140
2089 4142
4145 4145
4149 4149
666 4151
4155 4155
4157 4157
4158 4158
4399 4159
4160 4160
4164 4164
4167 4167
5325 4170
431 4171
4173 4173
748 4174
2854 4177
4185 4185
4186 4186
9 4191
5327 4193
5822 4194
1781 4196
3753 4199
6780 4202
6614 4204
4205 4205
4206 4206
5428 4207
6480 4208
4210 4210
3273 4211
4212 4212
2712 4213
2369 4216
4217 4217
4223 4223
4226 4226
5955 4228
4230 4230
4231 4231
4232 4232
4234 4234
1157 4236
4237 4237
4126 4240
3798 4241
5782 4242
5669 4243
1945 4245
5018 4246
4247 4247
6094 4250
4257 4257
4258 4258
4259 4259
4261 4261
4264 4264
4265 4265
4268 4268
3540 4269
3809 4271
1779 4275
4276 4276
1000 4277
3072 4278
4280 4280
2870 4283
6054 4285
1823 4286
1102 4288
1753 4290
6137 4292
4294 4294
3705 4296
4297 4297
4299 4299
4302 4302
5058 4304
4305 4305
6536 4306
4307 4307
4308 4308
6355 4309
2097 4310
4311 4311
1718 4313
811 4315
4977 4318
4320 4320
1860 4321
4322 4322
4323 4323
4324 4324
1614 4328
4329 4329
4332 4332
958 4333
4334 4334
4941 4335
4336 4336
6880 4337
4338 4338
215 4341
4343 4343
5442 4345
4610 4346
2235 4349
352 4350
6087 4351
1525 4352
1161 4357
4358 4358
4360 4360
5442 4361
4362 4362
2969 4363
4719 4365
4366 4366
4017 4367
3064 4370
4371 4371
4372 4372
4374 4374
2316 4377
5835 4378
4380 4380
4381 4381
4751 4383
4384 4384
4386 4386
5428 4387
1513 4389
4393 4393
5061 4395
4398 4398
3541 4399
6678 4400
4402 4402
4404 4404
2908 4405
4406 4406
2959 4408
6711 4409
4411 4411
6231 4412
4413 4413
865 4415
3227 4417
5941 4420
3014 4423
4424 4424
4425 4425
4427 4427
470 4428
4429 4429
5501 4431
4432 4432
4433 4433
4436 4436
4437 4437
4440 4440
4445 4445
4448 4448
3765 4449
3769 4450
1864 4454
4455 4455
1417 4458
4459 4459
4465 4465
1356 4468
3833 4470
3042 4472
4473 4473
1595 4474
4477 4477
4478 4478
4481 4481
4219 4482
4974 4483
4484 4484
4485 4485
4487 4487
4490 4490
6782 4491
4493 4493
4494 4494
4495 4495
6371 4496
4497 4497
4499 4499
4501 4501
4502 4502
4503 4503
4504 4504
4505 4505
36 4509
4513 4513
3293 4514
4516 4516
6322 4517
5 4521
4522 4522
422 4524
6517 4525
1077 4526
1517 4532
4533 4533
5040 4535
4536 4536
4538 4538
6786 4541
1680 4543
432 4545
1853 4546
4547 4547
4548 4548
2066 4554
5007 4558
4482 4560
4561 4561
4562 4562
2666 4563
4564 4564
4566 4566
4567 4567
4568 4568
4569 4569
4573 4573
2429 4574
456 4575
5941 4581
2765 4582
4583 4583
5060 4584
6027 4585
4586 4586
899 4587
3804 4589
660 4590
4592 4592
4593 4593
6156 4596
4599 4599
4601 4601
4602 4602
4603 4603
6296 4604
619 4606
4607 4607
5994 4608
256 4609
5914 4617
4624 4624
4626 4626
5677 4628
686 4629
4631 4631
6865 4633
4634 4634
4636 4636
4637 4637
6296 4639
6881 4641
5030 4642
4644 4644
4646 4646
2708 4648
4650 4650
4226 4653
1056 4654
4655 4655
1189 4657
4658 4658
3149 4659
4660 4660
4664 4664
4666 4666
5822 4667
4671 4671
87 4673
5918 4674
4675 4675
4677 4677
866 4678
4679 4679
5822 4681
5081 4682
4683 4683
5355 4684
4687 4687
4688 4688
6331 4689
4691 4691
5500 4692
4693 4693
1504 4694
4696 4696
4699 4699
4274 4700
4701 4701
312 4702
3950 4705
4709 4709
4711 4711
4712 4712
4713 4713
4333 4714
4718 4718
4719 4719
4720 4720
4722 4722
5781 4723
2156 4724
3030 4725
4726 4726
4729 4729
4733 4733
4711 4734
1027 4736
4738 4738
3710 4741
5728 4742
5643 4744
4745 4745
4526 4746
3063 4747
370 4748
4755 4755
4756 4756
4757 4757
2825 4759
2577 4761
4765 4765
4767 4767
4770 4770
6229 4772
4775 4775
4778 4778
2026 4779
4780 4780
4782 4782
4783 4783
3946 4784
5994 4785
4786 4786
1983 4789
4082 4790
4793 4793
4794 4794
1095 4796
4797 4797
4803 4803
4805 4805
4807 4807
4790 4808
4812 4812
4010 4813
4814 4814
6111 4816
4817 4817
166 4819
4820 4820
105 4821
5187 4823
4824 4824
909 4825
6368 4827
23 4828
4830 4830
4831 4831
6323 4832
3926 4833
390 4839
5995 4840
4841 4841
2716 4843
4844 4844
2917 4845
5250 4846
4057 4847
3940 4848
1041 4849
4850 4850
4852 4852
3773 4856
4858 4858
4862 4862
4899 4863
6664 4866
4868 4868
4122 4869
3955 4873
4874 4874
4875 4875
1089 4876
2457 4877
4879 4879
684 4881
5970 4885
4887 4887
4243 4890
5400 4891
4894 4894
1869 4896
4897 4897
5516 4899
6310 4900
4901 4901
3670 4902
4905 4905
4906 4906
4907 4907
4909 4909
4910 4910
1660 4912
4913 4913
4915 4915
1159 4916
5893 4917
4919 4919
3526 4925
6452 4928
4930 4930
850 4931
4933 4933
6139 4934
4205 4935
4571 4936
4937 4937
3751 4938
4941 4941
4818 4942
4943 4943
2127 4944
4946 4946
5036 4948
4949 4949
4952 4952
3586 4953
4954 4954
2946 4955
4956 4956
4958 4958
5466 4959
4960 4960
4240 4961
4963 4963
4970 4970
2313 4972
4973 4973
6117 4975
2857 4976
4977 4977
4981 4981
366 4984
4990 4990
4991 4991
4995 4995
524 4997
3358 5000
1322 5002
5004 5004
1700 5007
6436 5008
1286 5009
5015 5015
557 5016
5017 5017
815 5018
6337 5019
5020 5020
5022 5022
5024 5024
2713 5026
5027 5027
5029 5029
5032 5032
5034 5034
5848 5035
5036 5036
5038 5038
5039 5039
5040 5040
6746 5042
5043 5043
5044 5044
2971 5046
5463 5047
4800 5048
5050 5050
422 5051
5818 5052
2287 5055
5056 5056
6337 5058
6201 5059
5061 5061
2602 5063
5066 5066
3444 5067
5068 5068
5069 5069
3420 5070
2144 5071
5074 5074
5075 5075
1215 5076
35 5078
5079 5079
226 5083
5084 5084
5085 5085
5086 5086
2058 5087
3458 5088
5090 5090
5091 5091
5096 5096
5097 5097
5098 5098
5099 5099
973 5100
3605 5106
5778 5107
5108 5108
5110 5110
1513 5112
5113 5113
260 5116
5117 5117
5120 5120
5122 5122
293 5123
5125 5125
5248 5126
4377 5128
5130 5130
5132 5132
5133 5133
5218 5135
6295 5136
1106 5141
5142 5142
5144 5144
4274 5145
6156 5147
5148 5148
5150 5150
2054 5153
2928 5155
1112 5158
3149 5159
5160 5160
2153 5165
5168 5168
2537 5169
6855 5170
5172 5172
6507 5173
5174 5174
5176 5176
1149 5180
2764 5183
5185 5185
5186 5186
5189 5189
5191 5191
5192 5192
5193 5193
4178 5194
915 5195
3731 5196
5197 5197
4986 5199
1680 5200
5201 5201
5202 5202
5204 5204
5207 5207
5210 5210
1474 5212
5213 5213
5219 5219
5220 5220
5221 5221
1420 5222
5223 5223
3086 5226
6852 5230
5231 5231
5232 5232
1779 5234
5236 5236
1168 5238
5239 5239
4744 5240
5243 5243
5296 5245
284 5248
5250 5250
3406 5253
5259 5259
571 5260
956 5263
2050 5268
5269 5269
5270 5270
4116 5271
5273 5273
5275 5275
5276 5276
6501 5277
5420 5278
831 5279
5280 5280
4985 5281
3555 5282
5180 5283
2434 5284
5341 5290
3365 5291
5294 5294
5295 5295
1533 5299
5300 5300
5301 5301
4736 5302
5304 5304
5306 5306
5699 5309
2871 5310
5314 5314
5315 5315
5316 5316
684 5319
1818 5320
5323 5323
5324 5324
5327 5327
4709 5328
479 5330
4824 5332
1314 5333
3607 5334
2050 5337
5490 5338
3171 5342
5343 5343
2655 5345
5347 5347
5348 5348
5350 5350
1089 5351
5353 5353
5354 5354
5355 5355
5356 5356
3887 5358
5360 5360
2943 5362
4984 5366
5367 5367
5368 5368
5369 5369
5371 5371
5376 5376
5377 5377
5378 5378
4580 5379
5381 5381
3322 5382
5383 5383
2384 5386
5388 5388
2793 5389
5390 5390
5391 5391
1735 5395
5207 5396
5399 5399
5327 5401
5403 5403
918 5404
70 5405
5406 5406
4824 5408
5409 5409
5410 5410
5412 5412
4215 5414
3445 5417
1234 5418
986 5419
2851 5420
4610 5421
6008 5422
5166 5423
5427 5427
5429 5429
5430 5430
5437 5437
5441 5441
5373 5444
5446 5446
5447 5447
5448 5448
4889 5449
611 5450
5397 5452
465 5453
211 5456
1526 5458
5459 5459
5460 5460
5461 5461
5462 5462
5463 5463
5465 5465
5470 5470
5472 5472
5475 5475
5479 5479
5480 5480
5481 5481
3918 5482
4405 5484
5487 5487
1613 5488
4110 5489
4136 5490
5494 5494
4601 5495
5256 5496
1440 5499
5502 5502
5503 5503
5507 5507
6863 5509
4623 5511
256 5512
2474 5516
5517 5517
942 5519
5520 5520
5521 5521
5522 5522
5523 5523
836 5525
5526 5526
2753 5527
5528 5528
5531 5531
5532 5532
5533 5533
2819 5538
5539 5539
5541 5541
5542 5542
5543 5543
5544 5544
5545 5545
5546 5546
1969 5548
5549 5549
5550 5550
5552 5552
2876 5553
5557 5557
3491 5558
5559 5559
1258 5563
5564 5564
5568 5568
2046 5569
5570 5570
5571 5571
1420 5572
2460 5574
2829 5576
5579 5579
5581 5581
5583 5583
6323 5585
5586 5586
5587 5587
5588 5588
5589 5589
456 5590
1201 5591
4057 5595
5596 5596
5597 5597
5598 5598
1089 5599
2163 5600
3451 5601
6433 5603
5804 5604
5605 5605
1213 5608
5610 5610
6449 5613
5614 5614
5616 5616
5621 5621
5622 5622
2689 5624
5503 5625
2152 5626
1146 5628
6285 5629
5630 5630
5634 5634
5636 5636
515 5637
5799 5640
5641 5641
5644 5644
2764 5645
5646 5646
6844 5648
2851 5650
5651 5651
2747 5653
5654 5654
132 5655
1537 5656
3322 5660
5663 5663
4621 5666
5667 5667
5668 5668
4178 5671
1779 5672
4798 5674
5675 5675
5676 5676
5677 5677
5681 5681
5684 5684
2402 5685
440 5689
5115 5693
5694 5694
5697 5697
5698 5698
3535 5699
248 5701
2095 5704
5522 5708
5709 5709
250 5710
5716 5716
5717 5717
5721 5721
98 5722
2563 5723
4378 5726
5727 5727
2236 5728
5733 5733
3702 5734
5735 5735
5736 5736
3674 5742
2396 5745
5746 5746
2345 5747
5817 5749
5750 5750
5397 5753
5754 5754
1874 5755
3271 5757
5758 5758
5760 5760
32 5761
2308 5763
5764 5764
5765 5765
1845 5766
5767 5767
4135 5768
3498 5771
5679 5774
5777 5777
5780 5780
5349 5782
2460 5784
5785 5785
666 5787
2692 5789
5790 5790
5791 5791
5442 5792
5794 5794
3472 5799
5800 5800
5802 5802
5804 5804
4283 5808
2149 5809
5811 5811
5812 5812
5816 5816
3186 5819
5820 5820
678 5823
5825 5825
1083 5826
5828 5828
4007 5829
1336 5832
5833 5833
3692 5835
5837 5837
5839 5839
5840 5840
5844 5844
5845 5845
5846 5846
5847 5847
1586 5848
2543 5850
5853 5853
5854 5854
5855 5855
5857 5857
5860 5860
5862 5862
2612 5863
1803 5864
5865 5865
211 5866
5781 5867
611 5868
4057 5870
5872 5872
5874 5874
5875 5875
5876 5876
5501 5878
5879 5879
4691 5880
5881 5881
5882 5882
5884 5884
5885 5885
5886 5886
5888 5888
5891 5891
5893 5893
394 5895
17 5896
5814 5897
5726 5899
5645 5900
5901 5901
5902 5902
5903 5903
5571 5904
3335 5905
5906 5906
6610 5907
2151 5908
5909 5909
5910 5910
806 5914
5915 5915
4488 5917
5918 5918
1322 5919
5920 5920
1374 5921
5922 5922
5857 5923
2474 5924
5927 5927
5929 5929
5930 5930
5932 5932
2101 5933
5934 5934
5935 5935
5936 5936
5937 5937
2235 5938
5939 5939
3710 5943
666 5945
5949 5949
5950 5950
5951 5951
6839 5952
5953 5953
956 5956
2590 5957
5958 5958
5959 5959
1882 5960
6635 5961
5065 5962
5963 5963
1721 5967
5969 5969
4340 5973
5236 5974
1614 5975
5976 5976
5977 5977
5978 5978
5979 5979
5980 5980
5055 5982
4022 5983
2466 5985
5986 5986
5987 5987
5989 5989
5991 5991
5992 5992
5996 5996
6005 6005
6006 6006
6009 6009
6010 6010
6011 6011
6519 6012
2460 6015
414 6016
6557 6018
6019 6019
6485 6020
6024 6024
422 6025
5844 6027
6029 6029
6030 6030
826 6031
6033 6033
6034 6034
5968 6035
6037 6037
6038 6038
6039 6039
2738 6040
6042 6042
6044 6044
1787 6045
1960 6046
6707 6048
3698 6050
6052 6052
6053 6053
6055 6055
6056 6056
6642 6057
6059 6059
6061 6061
4092 6062
6063 6063
6064 6064
4216 6066
103 6067
6069 6069
3970 6070
2777 6071
6075 6075
6076 6076
6078 6078
6419 6080
6081 6081
6083 6083
6086 6086
6091 6091
3481 6092
6093 6093
6536 6095
6101 6101
3975 6105
6107 6107
2056 6110
6112 6112
5954 6113
6115 6115
6116 6116
1267 6120
2946 6124
4623 6125
1027 6126
6105 6127
6128 6128
6131 6131
6132 6132
3987 6133
6135 6135
1692 6136
6137 6137
6139 6139
5909 6140
6142 6142
6143 6143
6145 6145
1375 6146
6148 6148
5180 6149
6157 6157
6159 6159
6160 6160
6161 6161
6162 6162
4998 6164
6165 6165
4672 6166
6168 6168
6175 6175
6177 6177
5541 6178
6179 6179
3597 6181
6182 6182
6191 6191
6192 6192
6193 6193
1284 6195
6196 6196
4977 6197
6199 6199
4612 6202
4706 6203
6207 6207
6208 6208
6209 6209
6210 6210
1756 6211
4956 6212
1680 6214
476 6218
6220 6220
6224 6224
6225 6225
4824 6229
6230 6230
6231 6231
1163 6238
3027 6239
6241 6241
6242 6242
320 6244
6245 6245
6246 6246
6248 6248
6249 6249
6250 6250
6462 6251
6252 6252
43 6253
4783 6254
6255 6255
2707 6257
5386 6261
5846 6262
6263 6263
6265 6265
6267 6267
6268 6268
6270 6270
6273 6273
6276 6276
6278 6278
6331 6279
6280 6280
6282 6282
802 6285
6286 6286
596 6290
6291 6291
5318 6292
5064 6293
3309 6297
6300 6300
4944 6301
6303 6303
6304 6304
6305 6305
6307 6307
6310 6310
6311 6311
596 6313
6314 6314
4032 6315
6316 6316
3078 6318
2127 6319
186 6320
5596 6322
6326 6326
6334 6334
1682 6336
6339 6339
2630 6341
2996 6342
6344 6344
3526 6345
6346 6346
476 6347
6348 6348
6350 6350
6351 6351
414 6353
6355 6355
6360 6360
6008 6361
2266 6364
6368 6368
2058 6369
1860 6370
887 6372
6374 6374
1620 6375
6376 6376
3895 6387
6391 6391
6392 6392
3008 6393
6200 6398
4574 6399
6402 6402
1064 6406
6407 6407
6364 6410
6411 6411
6414 6414
6415 6415
6418 6418
6420 6420
169 6422
6423 6423
6424 6424
276 6425
6426 6426
6428 6428
6430 6430
6431 6431
6432 6432
2292 6437
6438 6438
6439 6439
1219 6443
4309 6445
6123 6447
3778 6450
6451 6451
5657 6457
6411 6459
6460 6460
6584 6462
6464 6464
6467 6467
5768 6470
589 6474
6475 6475
5914 6476
6477 6477
3416 6478
2526 6482
2356 6484
6487 6487
6488 6488
6489 6489
6491 6491
250 6492
6496 6496
2435 6497
6498 6498
2100 6503
6504 6504
6358 6505
319 6506
2098 6507
6508 6508
4954 6509
6513 6513
5046 6514
6516 6516
6519 6519
6520 6520
6521 6521
6522 6522
6523 6523
6526 6526
6528 6528
3591 6531
6533 6533
3204 6535
6540 6540
4684 6541
6543 6543
6547 6547
1089 6548
6551 6551
3330 6554
3149 6555
5640 6557
2380 6558
6559 6559
6560 6560
6562 6562
3499 6563
6564 6564
6566 6566
6568 6568
6569 6569
4211 6570
2784 6575
6576 6576
1987 6577
6578 6578
6581 6581
6584 6584
6588 6588
3623 6590
6593 6593
6845 6594
6595 6595
6600 6600
6602 6602
3265 6603
1247 6604
2995 6605
6607 6607
6609 6609
6240 6610
2871 6612
6613 6613
6614 6614
6615 6615
6616 6616
6620 6620
6625 6625
6626 6626
2378 6630
3986 6631
698 6632
6633 6633
310 6634
6635 6635
6638 6638
6639 6639
3083 6640
6641 6641
6642 6642
6644 6644
6646 6646
1945 6647
5011 6648
2573 6650
2429 6652
6653 6653
6654 6654
6657 6657
2298 6658
6659 6659
3317 6662
2356 6664
215 6666
6728 6667
1419 6669
6675 6675
6678 6678
1820 6679
6680 6680
5719 6681
4716 6683
4215 6685
2618 6687
6688 6688
760 6689
6690 6690
6691 6691
6693 6693
6695 6695
4438 6700
6704 6704
921 6708
6710 6710
5294 6711
6713 6713
6714 6714
6715 6715
6717 6717
6719 6719
6721 6721
921 6723
6471 6724
6727 6727
6728 6728
1644 6729
1810 6730
6731 6731
692 6732
5157 6733
6735 6735
6736 6736
4381 6737
663 6740
2893 6742
6743 6743
6745 6745
1277 6746
2928 6749
6750 6750
6752 6752
6754 6754
6756 6756
6758 6758
6762 6762
6763 6763
4519 6765
6767 6767
6830 6768
6769 6769
5979 6770
6631 6771
913 6772
5454 6773
6778 6778
6780 6780
1700 6782
6783 6783
6784 6784
5307 6788
4523 6789
6790 6790
6797 6797
5459 6798
6799 6799
4230 6806
6807 6807
6808 6808
3258 6811
6813 6813
6816 6816
6819 6819
5698 6821
6823 6823
2723 6826
6828 6828
6829 6829
6830 6830
157 6832
2310 6833
6363 6834
6835 6835
6837 6837
6838 6838
5952 6839
2514 6840
1642 6841
6842 6842
4049 6845
6848 6848
6852 6852
4889 6853
6854 6854
1815 6855
1931 6861
6862 6862
717 6863
6865 6865
6867 6867
6868 6868
6869 6869
6871 6871
6872 6872
5973 6874
6875 6875
1943 6879
2457 6883
6884 6884
1336 6886
5962 6887
1965 6889
