7029 0
4458 2
5181 3
4 4
6 6
4361 7
9 9
10 10
4839 14
891 22
23 23
53 27
9001 30
717 33
257 35
2718 38
39 39
5536 40
9031 41
4547 42
4034 44
9679 47
2292 49
3471 52
1469 54
200 56
680 58
5877 61
6544 62
4745 65
66 66
68 68
4563 70
2173 71
72 72
75 75
3535 77
1697 80
1281 81
84 84
86 86
4342 89
4464 91
3755 101
104 104
6561 105
897 106
1014 113
923 117
3162 118
6862 126
4601 130
8229 132
7428 134
266 138
4802 142
5154 143
6561 145
9829 154
2517 155
135 160
1345 161
162 162
1263 163
9756 165
171 171
8367 173
674 174
2468 175
8532 179
9055 182
2291 184
186 186
120 188
8449 190
191 191
3396 193
508 194
195 195
3329 197
4546 204
7242 206
207 207
209 209
9192 213
2906 217
919 218
3738 219
3738 222
4128 223
2651 224
7445 225
4922 230
4558 233
9627 235
4774 239
2790 244
5136 246
2633 247
9644 250
252 252
9801 256
2383 257
264 264
1257 268
2880 270
2217 272
2769 276
3755 278
3198 282
9455 284
580 293
8564 298
164 302
7095 304
2588 305
9295 311
2576 312
5578 314
315 315
3672 316
319 319
6049 320
321 321
332 332
3971 334
338 338
8059 340
341 341
3547 343
794 344
9151 348
1674 350
2071 351
5077 352
1453 353
357 357
1433 358
4890 364
3463 365
752 366
3659 367
369 369
3943 372
4134 375
4185 376
2102 382
3455 384
876 387
4634 389
881 391
395 395
2796 397
9669 398
9456 403
408 408
9946 410
1729 412
215 415
926 418
4601 424
2926 425
942 427
7897 429
2391 430
1395 435
6148 438
441 441
2408 444
8806 445
3108 446
3461 451
453 453
4110 455
2199 457
919 458
4331 462
7128 464
7266 469
159 471
7442 482
748 487
3524 490
392 491
5902 494
4394 495
3198 496
6234 499
501 501
461 503
3571 504
1085 507
511 511
512 512
5699 517
4342 520
3915 522
229 524
1117 525
9287 531
4058 533
544 544
2517 548
9374 552
555 555
562 562
2353 563
2457 566
8874 571
9595 574
6263 578
4569 580
3631 582
4078 588
592 592
2211 593
595 595
8273 599
5648 603
1154 607
4054 608
5933 609
4062 614
618 618
2965 620
8979 622
2574 624
8224 626
1028 627
9449 629
215 633
3844 635
1980 637
833 638
5723 639
2614 640
4804 641
2824 643
9912 645
335 651
2524 654
5938 655
5817 656
245 658
794 662
295 665
1467 671
7029 672
1087 677
678 678
1431 681
3675 682
2353 689
3897 694
4394 696
697 697
725 703
705 705
6691 706
3262 709
702 710
2236 711
717 717
561 720
4096 721
2868 725
9552 728
9378 729
3818 731
4794 737
8852 745
5421 753
4544 754
1352 755
4601 762
9714 768
3363 769
1394 771
8515 772
3596 776
7872 777
8903 782
6561 785
787 787
3165 790
1397 791
1490 795
719 797
799 799
392 802
805 805
807 807
2551 811
3180 815
1337 817
4158 826
827 827
828 828
1977 832
835 835
2165 838
3856 843
814 847
5734 849
9854 850
853 853
2602 856
3853 857
7491 865
5203 873
3792 876
3571 878
880 880
881 881
2380 885
9890 887
4791 889
126 890
893 893
4922 896
3754 898
3467 901
5590 902
3617 903
3607 905
2095 906
3263 907
4268 908
5095 909
914 914
2796 915
918 918
919 919
5478 921
4597 922
440 923
5270 925
4474 926
3230 928
931 931
3800 932
9456 934
3738 936
9597 937
9756 940
4928 945
1619 947
9828 949
951 951
9419 952
9110 960
2896 962
952 967
5493 969
6592 970
2831 973
4289 974
4002 977
7066 981
982 982
3817 983
628 985
5446 986
1442 990
3445 991
700 993
1936 994
995 995
9432 998
999 999
1003 1003
4036 1008
2508 1010
2232 1011
1014 1014
4759 1015
2408 1016
1250 1023
3607 1027
3221 1034
3818 1042
1394 1043
4393 1044
1050 1050
2010 1054
9927 1060
1019 1061
4592 1066
5171 1071
9565 1072
7609 1073
1074 1074
48 1080
2736 1082
3319 1083
2551 1085
8604 1088
4097 1089
1092 1092
4952 1093
2665 1094
1095 1095
811 1096
9750 1100
3894 1102
2762 1103
2034 1104
9389 1109
1625 1111
16 1113
4314 1115
663 1119
4820 1123
2410 1124
1125 1125
2690 1127
4394 1129
1130 1130
9504 1131
7573 1132
1004 1134
195 1136
5444 1137
9010 1138
2281 1142
3738 1144
4495 1145
3569 1146
1148 1148
1116 1149
2651 1150
3398 1153
5236 1155
1797 1161
1742 1166
2993 1167
3982 1168
2715 1173
3369 1178
2769 1182
4125 1183
1185 1185
9364 1190
2273 1192
3828 1194
26 1199
6590 1201
1673 1204
1208 1208
1209 1209
1212 1212
4097 1213
9921 1214
2269 1221
1229 1229
9172 1230
2789 1232
3035 1234
1765 1236
1325 1238
6380 1241
4340 1252
4008 1253
1256 1256
9516 1258
2071 1259
18 1264
182 1265
49 1275
1341 1277
1282 1282
1283 1283
1777 1284
1285 1285
1841 1287
1165 1288
1290 1290
2296 1292
1296 1296
3273 1299
8067 1302
4375 1304
2877 1309
306 1313
1373 1314
1315 1315
3214 1316
1990 1318
313 1320
3982 1327
4233 1328
5418 1333
1334 1334
475 1337
1341 1341
1101 1347
866 1351
754 1353
9419 1356
3956 1358
3882 1360
1436 1364
4151 1366
234 1369
2549 1377
3069 1378
1379 1379
7493 1383
51 1385
5383 1388
5028 1390
3671 1393
9465 1395
4043 1397
1207 1398
9930 1399
585 1407
1600 1417
684 1421
9249 1423
3699 1424
1779 1425
69 1429
2747 1430
9208 1432
2941 1433
99 1435
1050 1440
4384 1441
694 1442
1443 1443
1444 1444
3162 1446
1449 1449
9529 1452
290 1453
2939 1454
3754 1457
1458 1458
6776 1461
3520 1463
1464 1464
9504 1468
1596 1470
1473 1473
4829 1474
106 1482
3912 1483
977 1484
2389 1485
6371 1490
3449 1491
1797 1492
5712 1495
1555 1499
6705 1500
5886 1502
1373 1503
66 1505
6041 1510
1210 1511
3319 1512
1517 1517
1524 1524
512 1526
6413 1529
1143 1530
3738 1534
1537 1537
2551 1538
9636 1539
1548 1548
0 1549
7503 1550
3607 1558
7414 1559
9015 1565
1579 1579
7268 1583
2086 1585
6233 1586
8077 1587
9000 1591
51 1593
120 1595
1596 1596
2764 1598
1888 1605
5371 1606
1771 1609
135 1611
4274 1612
5095 1621
9316 1628
2410 1629
4542 1633
2000 1636
1751 1640
5702 1641
6115 1645
2078 1647
7029 1651
1129 1652
779 1653
3961 1658
2631 1659
8795 1666
7040 1667
1670 1670
970 1675
4997 1682
2535 1684
7029 1690
3402 1699
1700 1700
1702 1702
1705 1705
1706 1706
4502 1708
9162 1709
3691 1711
128 1713
4324 1715
2768 1719
6469 1720
3923 1721
5853 1722
4117 1723
4969 1725
5692 1726
4291 1727
1728 1728
4857 1730
4049 1732
3369 1733
805 1737
3734 1739
1572 1740
2733 1742
1748 1748
4290 1751
954 1753
3653 1754
729 1756
1758 1758
1949 1760
3512 1761
4915 1763
1157 1768
1769 1769
5719 1770
1771 1771
9319 1772
1774 1774
4000 1775
3047 1776
5149 1778
1779 1779
1781 1781
1194 1783
754 1787
540 1788
9850 1789
3249 1794
2551 1796
206 1799
2445 1805
1807 1807
9946 1810
1811 1811
5744 1813
4441 1817
8222 1819
4511 1820
3954 1821
6672 1831
8323 1832
3807 1833
4969 1837
2768 1839
1842 1842
4675 1843
5873 1845
2423 1847
75 1851
4384 1854
9226 1856
9244 1857
41 1860
8667 1862
1866 1866
435 1868
4614 1869
1872 1872
5254 1873
9333 1874
9832 1878
2177 1879
644 1881
9522 1882
4755 1883
1888 1888
2127 1890
4563 1891
9655 1892
3991 1893
8449 1894
2441 1900
2257 1901
5938 1905
5529 1907
2991 1912
137 1913
1914 1914
1915 1915
1917 1917
3742 1921
1922 1922
1927 1927
9940 1928
2648 1931
9380 1934
3109 1936
9468 1939
3854 1941
1948 1948
760 1950
310 1953
4558 1956
4301 1957
8077 1958
4498 1962
9278 1966
1491 1969
31 1970
398 1971
5592 1972
9127 1974
1779 1977
4289 1979
3081 1981
7872 1983
4667 1987
799 1989
5418 1991
4997 1992
4443 1994
4736 1999
9644 2000
2001 2001
3560 2005
4630 2007
1706 2009
7574 2017
5884 2018
6864 2019
1076 2021
4233 2026
1218 2028
8245 2029
5867 2031
2034 2034
3333 2035
1017 2036
1105 2037
6752 2040
2046 2046
9811 2048
2054 2049
1243 2050
911 2054
979 2055
4097 2058
599 2060
5631 2064
3872 2066
7136 2067
1215 2073
4906 2077
5005 2078
6345 2080
2085 2085
2089 2089
1352 2091
1212 2097
7620 2098
5743 2099
9250 2101
3709 2105
1290 2106
5263 2110
7471 2112
2589 2115
1891 2122
6480 2124
2132 2132
5648 2133
845 2134
9031 2137
6098 2140
272 2145
485 2146
4915 2147
1949 2152
2155 2155
3183 2156
823 2157
2470 2160
160 2168
2169 2169
5077 2170
2172 2172
9533 2176
2177 2177
9676 2178
393 2181
79 2182
7068 2187
2191 2191
5263 2193
7289 2197
2016 2199
6352 2200
6820 2211
72 2217
3671 2225
771 2226
3041 2230
2761 2231
3245 2232
2236 2236
4691 2238
3943 2241
2242 2242
2244 2244
8589 2245
2174 2249
1533 2253
439 2254
2611 2256
8330 2260
1771 2262
6269 2263
1412 2264
2265 2265
7512 2266
1499 2267
585 2268
5921 2270
8005 2272
1162 2275
2278 2278
2279 2279
2281 2281
9486 2282
5059 2284
1362 2286
1154 2288
2289 2289
5491 2294
4601 2300
2233 2303
2782 2306
1460 2307
8476 2308
5153 2315
5036 2316
7093 2317
9504 2324
5921 2325
9682 2328
2047 2331
9339 2332
2334 2334
5242 2339
9434 2340
859 2345
2696 2347
2429 2350
306 2351
839 2352
6821 2355
3401 2360
3454 2361
9899 2363
9761 2365
6631 2367
1742 2369
4597 2370
1367 2371
1615 2379
2380 2380
3565 2381
2384 2384
3180 2386
6034 2387
1348 2394
3653 2397
1776 2398
894 2401
9325 2404
2832 2405
9105 2407
1181 2411
51 2416
229 2417
885 2419
127 2425
6022 2429
4340 2432
4355 2434
4490 2435
7784 2436
5547 2438
6371 2439
555 2441
5300 2442
1678 2443
779 2444
3900 2448
2707 2449
2459 2452
2455 2455
4168 2456
3013 2461
9378 2462
2710 2468
3644 2469
2160 2470
2472 2472
5449 2473
3961 2478
1870 2482
1776 2487
1719 2488
2489 2489
2490 2490
2491 2491
1779 2492
2229 2493
2497 2497
3294 2498
2720 2511
4948 2512
368 2513
1417 2516
4561 2518
9813 2522
5193 2526
9874 2528
9065 2534
2535 2535
3163 2536
3750 2538
332 2540
2375 2543
3800 2544
9529 2545
284 2547
2284 2552
397 2554
9236 2558
3227 2565
720 2571
2246 2576
8273 2578
2998 2583
2588 2588
2123 2591
3155 2592
9644 2595
6276 2596
9579 2600
585 2604
1413 2614
2896 2619
9659 2621
2145 2623
9083 2627
4644 2628
1888 2629
99 2630
699 2631
9016 2636
4592 2637
3738 2638
2639 2639
2641 2641
4086 2644
794 2646
246 2647
9768 2650
1581 2651
4308 2657
9198 2659
9910 2660
5976 2661
2662 2662
200 2668
1223 2673
8797 2678
9022 2682
4591 2683
2689 2689
1916 2696
9795 2701
615 2702
155 2705
6978 2706
3817 2709
252 2710
487 2711
5486 2714
2141 2715
9797 2717
5186 2719
3848 2720
881 2721
1142 2724
2728 2728
9924 2731
2733 2733
9131 2740
2648 2743
1797 2748
9009 2750
5015 2759
953 2761
2763 2763
4498 2764
2769 2769
1548 2770
3396 2771
4601 2774
1154 2775
9341 2779
7968 2782
3459 2786
5274 2788
5101 2789
149 2790
9396 2791
9117 2792
1562 2793
2262 2804
2805 2805
654 2807
4619 2813
393 2814
982 2819
2823 2823
4964 2826
5359 2828
302 2832
9046 2833
5644 2835
4851 2836
5719 2837
4587 2853
1059 2854
2839 2855
267 2856
2346 2857
8170 2858
5160 2864
2944 2865
604 2877
2880 2880
2883 2883
2884 2884
9597 2887
2888 2888
2821 2889
2890 2890
7236 2894
2564 2895
5063 2900
9166 2902
4002 2907
2908 2908
6857 2909
4883 2910
5569 2911
2913 2913
273 2919
1287 2920
6159 2922
8744 2923
9430 2924
2925 2925
729 2926
4862 2927
5421 2928
7458 2932
2938 2938
9959 2942
667 2943
2594 2945
2947 2947
3946 2948
3985 2949
2470 2950
485 2953
1974 2955
7345 2961
4077 2962
7576 2963
3444 2968
1175 2971
9912 2972
2840 2980
5952 2981
2982 2982
662 2985
386 2989
2601 2993
2995 2995
1926 3001
3551 3003
4786 3005
4856 3010
3013 3013
3015 3015
1175 3018
5474 3024
6206 3026
1779 3028
447 3030
3033 3033
3034 3034
3906 3035
5692 3038
7223 3039
9238 3040
4261 3041
4882 3048
5033 3056
3057 3057
2723 3058
9671 3059
3063 3063
5899 3067
151 3071
3387 3072
9430 3076
2696 3083
837 3088
9204 3089
1412 3090
2140 3096
8245 3105
7055 3106
5300 3108
9828 3109
1085 3110
9069 3112
2631 3113
2674 3114
3091 3115
3471 3121
7266 3123
685 3124
265 3125
5476 3127
318 3130
3216 3133
2281 3134
3298 3140
955 3141
9823 3145
5260 3153
435 3155
4541 3158
3317 3160
5946 3161
5236 3165
3547 3169
2211 3173
560 3178
1555 3179
4324 3180
672 3181
3183 3183
1413 3184
1703 3186
3190 3190
9869 3192
3326 3198
5713 3199
632 3200
9695 3201
3203 3203
1771 3208
1423 3209
3210 3210
4604 3214
2549 3215
379 3216
4769 3217
3218 3218
5525 3222
6237 3224
9849 3226
3624 3228
3229 3229
9589 3235
4914 3237
7745 3239
3240 3240
832 3241
1499 3245
322 3248
9396 3249
4390 3252
9533 3254
9749 3256
1708 3261
4920 3262
1570 3265
9830 3266
1742 3268
9127 3269
433 3272
4320 3274
2723 3275
1748 3277
6667 3278
9745 3279
3281 3281
3282 3282
2071 3284
1852 3287
7809 3289
3292 3292
1982 3294
4002 3295
8273 3299
2223 3300
5172 3307
7882 3309
3311 3311
4189 3312
3315 3315
3316 3316
9726 3319
4273 3320
2315 3322
3650 3325
4002 3329
2304 3333
7966 3337
8483 3341
9245 3342
3343 3343
418 3345
748 3346
906 3355
2824 3357
9653 3359
4624 3365
1827 3369
6303 3370
2310 3371
3390 3390
4099 3395
2313 3396
5287 3401
9527 3404
2320 3412
3415 3415
4476 3417
3418 3418
7686 3420
3942 3426
1413 3427
3429 3429
2529 3431
1825 3435
981 3437
9065 3440
2082 3444
284 3445
2824 3447
9148 3448
5876 3449
3451 3451
8175 3453
9168 3454
3331 3455
3456 3456
4178 3457
2912 3458
3459 3459
252 3462
1159 3467
2611 3468
3471 3471
2723 3472
3475 3475
9386 3476
1880 3477
2100 3481
2831 3483
4068 3489
290 3490
1424 3496
2689 3500
8277 3501
6561 3504
2759 3505
3509 3509
5626 3518
9048 3520
4990 3522
4874 3523
3528 3528
4502 3529
3530 3530
3828 3532
7897 3533
3534 3534
5578 3536
3896 3538
9498 3545
2845 3552
585 3554
1027 3557
9140 3559
3877 3560
9055 3565
3043 3568
3569 3569
4560 3573
7196 3575
4951 3576
3580 3580
5710 3581
3582 3582
4821 3583
3584 3584
3586 3586
4567 3590
8322 3598
9716 3599
8150 3603
1797 3606
2219 3607
723 3611
4062 3613
9447 3616
4062 3617
383 3618
9924 3621
4952 3622
2495 3630
4388 3631
6712 3632
2805 3635
3636 3636
1625 3637
5613 3638
1210 3642
9736 3643
5303 3648
3650 3650
5242 3651
1935 3652
3653 3653
3517 3654
5910 3655
9437 3659
4912 3662
3665 3665
2388 3666
9576 3667
3673 3673
4233 3675
2380 3676
4226 3680
3682 3682
3684 3684
2259 3685
2832 3686
3091 3688
1760 3692
3896 3696
5418 3697
3702 3702
4385 3715
5168 3716
576 3718
4199 3719
3660 3721
5847 3726
5009 3728
3731 3731
383 3734
8261 3735
3738 3738
4502 3746
3747 3747
1860 3748
9133 3749
3750 3750
3751 3751
5301 3756
4531 3758
9299 3761
1948 3764
9002 3765
9885 3767
207 3769
1870 3770
1180 3772
9791 3773
3777 3777
5949 3778
5250 3782
3784 3784
1797 3787
2391 3795
3273 3796
982 3797
4384 3798
3800 3800
3946 3803
6227 3804
1697 3807
3096 3813
4388 3814
3819 3819
3820 3820
3822 3822
455 3825
696 3830
2614 3833
18 3835
5411 3837
5108 3839
5794 3840
3842 3842
8189 3843
4517 3844
4318 3848
585 3855
891 3856
964 3857
460 3858
7956 3859
1868 3862
7933 3865
5326 3868
8273 3870
6797 3871
393 3875
3877 3877
8367 3878
4798 3879
9605 3882
3985 3883
895 3884
7692 3886
2251 3887
358 3890
1944 3892
9932 3894
1004 3897
1439 3901
1254 3905
1489 3912
2774 3915
4320 3918
2633 3922
4634 3936
3939 3939
3685 3943
6583 3944
1043 3945
4024 3951
5168 3952
4376 3955
1143 3957
5201 3959
6709 3961
3967 3967
5319 3969
3970 3970
171 3977
3383 3978
1796 3983
4097 3984
1345 3985
1566 3987
4857 3991
9788 3994
5435 3996
281 4006
3550 4007
9540 4011
823 4015
5343 4019
9822 4020
7943 4021
7105 4022
3099 4023
5641 4025
2058 4026
3985 4031
4601 4033
1719 4037
4038 4038
1443 4040
4402 4041
4154 4042
1142 4044
2241 4046
4531 4050
4055 4055
4057 4057
9007 4059
1339 4060
495 4068
4070 4070
711 4071
962 4075
3271 4077
9132 4082
8273 4084
51 4086
4495 4088
911 4094
4789 4096
4097 4097
4321 4099
52 4103
4452 4107
3363 4111
3653 4112
3795 4116
7029 4119
1680 4124
4000 4125
4128 4128
3180 4131
1436 4132
4134 4134
5728 4138
5385 4139
4141 4141
4447 4144
9685 4145
3644 4147
1175 4148
4839 4150
8423 4151
7029 4153
4159 4159
7095 4163
2574 4164
4165 4165
3743 4166
4167 4167
9418 4168
3965 4170
9434 4171
3726 4172
3796 4173
5235 4177
2468 4179
2269 4181
1285 4184
9837 4192
9676 4194
4195 4195
2251 4196
75 4200
8155 4201
895 4202
3271 4204
3615 4209
678 4210
3923 4213
229 4215
1972 4217
2621 4219
9204 4221
2049 4223
827 4224
5592 4226
8996 4227
4228 4228
5200 4229
4232 4232
3792 4235
2639 4236
4239 4239
2868 4242
1797 4244
4245 4245
3607 4246
837 4248
5591 4249
1341 4251
4005 4253
1797 4255
9466 4256
5961 4261
7953 4266
2876 4267
6713 4270
2181 4271
3472 4272
4273 4273
4166 4276
759 4278
3418 4279
6499 4282
1270 4283
4601 4285
24 4287
4128 4296
4297 4297
4359 4302
4575 4303
5553 4304
8077 4306
742 4307
1873 4308
374 4312
2655 4316
4444 4318
4319 4319
5516 4322
4323 4323
4675 4331
4040 4336
4338 4338
4080 4339
6515 4341
9085 4342
9490 4344
4185 4346
833 4348
1669 4350
9208 4352
4355 4355
3898 4357
4359 4359
2274 4360
4135 4364
349 4367
3164 4368
8604 4370
3419 4372
4376 4376
4543 4377
9726 4378
1039 4379
3670 4384
5290 4385
7626 4393
7128 4395
1355 4396
4441 4398
174 4403
9166 4405
9811 4407
9915 4412
4415 4415
4233 4419
4422 4422
4424 4424
434 4428
6209 4430
3644 4434
4435 4435
4437 4437
2448 4438
3350 4446
4458 4448
4449 4449
6948 4450
9485 4454
2058 4463
4465 4465
9363 4466
2329 4467
1504 4468
137 4470
4489 4473
4478 4478
1891 4480
5760 4481
9163 4482
9199 4488
657 4489
9878 4491
2648 4495
8344 4496
9103 4497
3076 4499
8744 4502
8937 4507
720 4509
5273 4510
9940 4515
1372 4516
3985 4519
8992 4521
3738 4522
3319 4526
215 4529
2514 4532
4782 4539
4544 4544
1643 4545
4546 4546
9378 4547
1869 4550
3923 4553
2814 4554
4115 4558
4559 4559
2853 4561
3321 4563
3551 4566
4569 4569
7897 4570
667 4573
3814 4575
9726 4576
1014 4578
4980 4579
2733 4581
9635 4582
9355 4583
4577 4584
17 4585
4586 4586
9035 4589
3684 4591
3584 4594
9102 4596
4597 4597
4600 4600
4082 4605
3565 4607
1539 4610
4928 4612
5853 4613
3045 4614
9262 4616
4619 4619
1715 4623
4877 4624
3372 4627
4928 4628
2572 4635
1107 4636
4326 4637
4640 4640
4601 4643
520 4644
1523 4645
3367 4646
9471 4647
9107 4649
1549 4651
3971 4652
970 4653
409 4654
1143 4656
6297 4658
3683 4660
1194 4666
533 4669
4262 4673
1014 4676
1949 4681
9000 4682
7501 4684
4686 4686
2455 4687
3633 4691
6870 4692
5063 4694
7123 4695
9140 4698
1797 4702
1714 4703
9224 4704
5825 4707
794 4714
666 4720
1304 4723
4439 4724
4728 4728
4730 4730
833 4732
8408 4740
3501 4744
3923 4747
5569 4749
9105 4750
712 4754
4755 4755
7966 4759
4764 4764
2977 4765
3754 4766
1449 4767
4359 4771
9799 4777
9756 4778
966 4780
8245 4781
4558 4785
5247 4786
606 4787
9169 4790
2216 4791
1060 4795
9110 4798
5728 4800
3325 4801
4863 4803
1525 4804
757 4805
5805 4806
2657 4807
3237 4808
4816 4816
4821 4821
4288 4822
4823 4823
3400 4824
4338 4831
8932 4832
1312 4833
3509 4834
4837 4837
2191 4838
4008 4839
3109 4840
5378 4843
9865 4845
1419 4846
4043 4849
8209 4850
2551 4853
212 4857
2040 4858
1797 4861
1016 4863
1745 4865
4203 4869
9229 4870
6751 4871
100 4873
5011 4875
6767 4876
4476 4879
4881 4881
5694 4883
3390 4885
2353 4886
3008 4887
1873 4888
9522 4889
5567 4893
5329 4894
1781 4895
3704 4900
4902 4902
2594 4903
4906 4906
2170 4908
3726 4909
5976 4911
628 4912
4919 4919
1413 4920
1045 4923
3252 4926
9896 4927
4929 4929
1797 4932
6751 4936
2466 4945
3345 4947
5497 4949
5058 4951
4072 4952
6209 4955
1017 4958
7015 4959
1845 4960
2218 4963
4965 4965
4601 4971
281 4974
4977 4977
4978 4978
4983 4983
2433 4985
1719 4988
4989 4989
4994 4994
6463 4995
4997 4997
5000 5000
4833 5002
4722 5003
3607 5006
1087 5012
4296 5015
3786 5017
229 5019
4499 5021
604 5024
2848 5025
2344 5026
94 5027
135 5029
5031 5031
5034 5034
3788 5037
5702 5038
5494 5039
4425 5040
440 5042
2072 5047
9037 5049
2614 5050
4444 5051
5062 5062
5063 5063
1914 5066
1440 5068
558 5070
217 5073
4359 5074
5076 5076
5077 5077
8696 5082
5669 5085
3030 5086
260 5088
1672 5089
6189 5094
933 5096
737 5097
2140 5099
736 5100
2789 5101
4630 5104
652 5107
690 5108
4891 5112
195 5113
5115 5115
5116 5116
2245 5119
4563 5121
4783 5122
6546 5123
876 5128
5132 5132
8281 5133
534 5134
9135 5135
5138 5138
3738 5141
4452 5145
9443 5148
4597 5149
3607 5151
127 5152
794 5157
5158 5158
5569 5161
3971 5162
4944 5163
229 5164
9126 5168
2780 5169
5170 5170
4092 5171
6906 5175
2711 5179
284 5181
4547 5182
9810 5183
2789 5189
1291 5193
9659 5194
3509 5196
8449 5199
5201 5201
5203 5203
5205 5205
4367 5206
147 5207
9430 5208
3326 5210
9143 5212
5549 5213
5215 5215
2222 5222
6361 5224
5507 5225
5226 5226
5719 5227
1293 5230
3184 5231
9651 5232
4786 5240
5242 5242
9414 5243
9711 5245
3624 5246
9261 5247
8647 5250
4128 5251
5254 5254
3426 5256
8311 5257
5007 5261
6772 5262
794 5273
973 5276
4591 5277
4602 5281
2478 5285
9646 5286
2627 5300
9408 5304
5434 5305
4863 5306
2805 5307
2305 5309
5311 5311
4675 5312
3698 5314
4393 5316
7906 5317
3020 5319
1393 5322
5174 5323
335 5327
5634 5332
8749 5334
5651 5336
5531 5337
4215 5338
5680 5345
6016 5346
4164 5353
2812 5356
5359 5359
2594 5364
1016 5365
554 5367
1354 5370
5752 5372
4554 5373
5690 5374
5293 5375
1359 5378
5371 5380
7960 5382
5777 5383
5392 5386
5817 5387
4938 5389
5727 5390
5697 5393
5396 5396
2111 5399
5385 5400
5876 5406
6905 5410
4938 5413
5415 5415
2312 5419
5826 5421
5422 5422
5425 5425
5580 5428
5432 5432
6384 5433
5434 5434
4097 5435
5437 5437
5702 5438
5548 5442
5446 5446
5520 5450
5451 5451
5874 5452
5460 5460
5752 5463
5467 5467
2383 5471
4977 5486
8249 5487
6789 5489
8472 5492
5450 5493
7018 5495
8112 5498
7093 5503
5505 5505
1341 5510
5667 5513
2555 5514
5532 5517
5411 5518
6407 5522
6020 5523
5830 5528
5921 5529
6886 5534
5321 5535
5485 5537
7462 5538
5907 5539
5974 5540
5591 5544
5360 5546
5413 5549
5550 5550
5416 5551
5627 5553
8158 5554
5627 5558
9071 5560
5569 5561
3682 5564
3065 5566
5568 5568
5636 5570
5517 5574
5577 5577
5690 5584
2081 5585
8086 5589
9337 5591
5592 5592
5379 5596
2182 5597
5598 5598
5603 5603
4527 5604
9617 5606
7908 5608
5896 5609
5658 5612
7503 5617
7935 5618
9211 5623
6324 5627
5906 5628
5335 5632
3547 5636
5849 5637
3909 5641
3985 5645
5974 5649
4377 5652
5326 5653
5830 5654
3767 5655
6296 5656
5658 5658
5912 5659
5496 5660
9456 5663
2775 5667
5668 5668
5663 5674
9036 5676
1550 5684
5685 5685
340 5687
2226 5688
5981 5689
5482 5691
4696 5693
4495 5694
9533 5695
7558 5696
2664 5702
4828 5703
5658 5704
5603 5707
5709 5709
5825 5711
9789 5712
5976 5713
5532 5716
8438 5718
5719 5719
3406 5720
5728 5728
6415 5729
5674 5731
5318 5734
3547 5735
6326 5739
7555 5741
4099 5743
1318 5744
5835 5745
2456 5747
6352 5750
2456 5757
8193 5763
8623 5766
4906 5768
5911 5776
9557 5782
7073 5783
5784 5784
5787 5787
8544 5790
8327 5791
5795 5795
6364 5796
6326 5798
8038 5799
7333 5801
5530 5802
5817 5804
5362 5809
2122 5811
8255 5813
5903 5814
6476 5815
5615 5818
5366 5822
2263 5825
5826 5826
5843 5828
5716 5829
5990 5830
5605 5831
9267 5839
5843 5843
9839 5844
5850 5850
9453 5852
5832 5856
8295 5858
4981 5859
5612 5860
5763 5861
1181 5862
5864 5864
1645 5866
5394 5867
1004 5870
5968 5874
9557 5878
7623 5879
2121 5883
5490 5884
5356 5887
5385 5888
5890 5890
6797 5891
2179 5892
5763 5894
7058 5898
4527 5900
3468 5902
5903 5903
9597 5904
5905 5905
3401 5907
5594 5911
5974 5914
5761 5919
5921 5921
5729 5922
5620 5924
5957 5928
5632 5929
238 5933
5934 5934
5390 5939
5580 5940
8281 5941
5942 5942
6200 5945
5948 5948
9765 5949
5840 5950
5877 5953
6138 5954
5956 5956
6326 5960
3281 5962
5044 5963
5728 5968
5920 5970
5971 5971
5972 5972
5532 5973
5974 5974
5975 5975
2300 5977
2111 5979
7158 5981
8857 5984
7275 5986
7028 5987
7081 5992
8470 5993
8612 5994
8059 5995
7628 5998
6546 5999
1251 6003
7029 6005
6572 6006
7118 6008
6152 6009
6010 6010
6364 6011
6016 6016
6320 6018
7702 6019
6747 6020
7136 6022
7644 6026
7058 6031
6950 6034
7861 6036
8347 6038
6813 6039
7918 6041
6476 6043
7769 6044
6100 6050
7015 6052
7629 6055
8188 6058
7301 6059
8585 6063
7842 6064
6452 6066
8888 6067
7503 6068
5629 6069
8527 6073
7156 6074
7436 6075
8244 6076
8698 6077
8424 6078
6411 6080
6561 6081
6760 6082
6799 6083
3802 6084
8792 6088
7068 6089
7301 6092
7445 6093
8738 6095
6732 6101
8927 6103
7665 6105
6107 6107
6656 6108
6078 6110
6588 6117
6741 6122
8260 6123
7576 6124
5440 6127
6294 6129
6126 6132
6204 6133
6470 6134
6384 6135
7628 6136
6237 6137
6138 6138
7285 6139
8292 6140
8259 6148
6150 6150
6151 6151
6507 6153
8233 6155
8488 6156
8894 6161
6892 6164
8129 6165
6550 6166
7112 6167
6403 6173
6174 6174
6041 6179
6067 6180
8391 6184
8744 6185
8273 6186
6812 6187
7628 6192
6193 6193
6275 6194
6600 6198
8461 6201
1138 6207
6209 6209
6384 6211
7922 6213
6217 6217
6458 6218
6254 6222
7832 6223
3346 6224
6482 6229
6539 6231
6438 6233
6384 6242
7657 6243
7319 6244
6452 6247
7761 6248
6537 6249
7701 6251
6709 6252
7904 6256
6782 6257
6258 6258
6752 6260
6261 6261
6896 6263
8622 6265
6079 6267
8349 6269
7048 6270
7899 6272
8923 6274
7419 6276
7073 6277
7663 6278
7264 6280
7111 6281
7670 6282
7168 6284
8081 6285
8221 6289
7560 6294
6144 6302
6303 6303
6667 6306
6850 6307
8315 6310
8479 6311
7015 6312
8398 6315
8041 6316
6972 6321
8424 6322
7681 6324
7832 6325
6043 6330
8617 6336
7483 6338
8487 6340
8098 6341
6229 6342
6344 6344
6012 6345
8582 6349
7258 6351
6801 6352
6304 6354
7315 6355
6392 6356
8155 6358
6614 6360
7482 6362
7558 6363
7332 6364
7696 6365
8697 6367
7840 6370
8735 6371
8695 6376
4377 6377
5435 6378
5990 6380
6610 6381
7157 6382
1724 6386
6537 6388
7346 6391
7702 6398
6578 6401
7200 6402
7177 6404
7666 6405
6406 6406
6407 6407
6204 6409
6751 6415
6417 6417
3251 6418
6419 6419
7149 6420
6175 6422
6561 6425
6386 6429
7984 6431
7004 6434
6883 6435
7154 6438
8005 6439
8881 6441
8819 6443
7341 6444
6446 6446
8706 6447
8529 6448
7400 6452
6010 6453
7153 6456
6571 6458
7178 6462
8653 6463
7536 6466
8573 6473
6741 6475
7184 6476
8424 6477
8348 6479
432 6481
1132 6484
2143 6486
6284 6491
7702 6495
6304 6497
7005 6500
6813 6501
2700 6502
8573 6503
6540 6505
6811 6507
6591 6508
7391 6510
8175 6511
8333 6512
8677 6513
7354 6515
7033 6521
6470 6523
9195 6525
6526 6526
6574 6528
8684 6530
8920 6532
6435 6536
7156 6537
6687 6539
6544 6544
6998 6546
7762 6549
8680 6550
7144 6552
6554 6554
6602 6555
8076 6560
6561 6561
6023 6564
6259 6569
7058 6570
8233 6571
6435 6572
6915 6575
7821 6578
7400 6581
6883 6583
7068 6584
7156 6587
6393 6588
6355 6590
8863 6594
7628 6595
7483 6596
6600 6600
6602 6602
8161 6606
2198 6611
6613 6613
6102 6615
6750 6616
6326 6623
7332 6624
6719 6625
432 6627
6600 6629
7985 6631
3709 6635
6738 6636
7934 6640
7589 6641
6815 6645
8643 6646
8531 6649
8401 6651
5679 6657
6539 6659
8173 6660
6625 6662
6591 6663
7116 6667
6466 6670
7471 6672
6775 6673
6166 6680
6770 6686
6667 6688
8124 6692
6690 6694
8273 6699
6702 6702
8064 6706
6115 6709
6444 6713
7767 6714
8697 6720
7272 6722
6131 6726
7589 6727
6857 6729
8573 6730
8399 6735
7337 6736
5694 6739
7835 6740
8467 6741
6098 6742
8124 6743
7897 6744
7498 6745
8276 6750
6751 6751
8229 6752
5133 6753
7156 6759
7357 6760
6349 6761
7623 6762
6023 6765
8853 6766
6768 6768
6981 6770
8826 6772
6705 6776
7940 6777
8245 6778
7268 6784
7320 6785
6788 6788
6078 6789
6775 6791
6810 6792
6793 6793
6098 6797
8691 6798
6583 6799
6298 6802
6800 6804
6289 6805
8032 6810
7478 6811
6812 6812
6813 6813
7877 6815
6582 6816
6966 6817
6812 6825
8797 6828
5983 6831
6813 6832
3026 6835
6180 6836
6837 6837
7797 6838
6775 6840
8000 6843
6344 6846
5986 6847
8439 6848
1485 6849
6850 6850
6138 6852
6370 6853
8423 6854
6856 6856
7396 6860
8723 6861
8834 6867
7356 6868
8285 6869
5629 6872
8756 6874
7872 6879
8637 6880
7156 6889
6775 6893
8273 6896
8214 6897
6972 6906
7966 6909
8298 6917
8336 6918
8901 6919
6561 6922
6949 6923
8010 6924
8855 6928
6243 6932
6326 6935
7650 6938
1625 6939
8152 6940
7505 6941
7872 6942
8528 6944
6255 6947
8744 6950
8395 6951
8007 6953
7663 6954
8612 6957
6752 6958
8416 6961
5882 6962
6812 6963
7139 6966
6695 6967
8438 6970
6761 6971
6401 6972
7084 6976
8456 6978
6523 6979
6505 6980
6326 6989
8806 6990
6572 6992
6549 6995
6665 6999
7973 7001
8694 7002
8478 7011
6597 7013
8161 7014
6801 7018
7791 7023
8513 7024
7357 7029
8129 7037
7041 7041
8550 7044
6851 7045
8907 7047
7797 7048
7665 7052
7501 7053
7623 7054
8424 7055
6816 7059
7686 7060
8403 7064
7145 7066
7199 7072
6312 7073
8185 7075
6833 7078
8104 7081
7109 7082
1698 7085
9576 7086
7334 7087
6109 7088
7093 7093
6296 7094
6768 7096
8697 7100
7842 7102
6412 7108
8462 7110
7055 7111
7123 7112
6284 7115
8170 7116
7771 7117
7080 7124
8390 7126
7317 7127
6890 7133
6737 7135
6896 7137
7574 7139
7016 7140
8820 7144
8076 7145
7172 7148
7298 7150
6022 7153
8103 7155
7595 7158
7161 7161
7872 7162
7097 7166
7519 7168
8438 7172
6457 7173
7018 7174
6702 7176
7382 7178
6193 7181
6846 7183
8971 7184
8063 7188
8426 7189
7089 7190
7696 7192
8278 7198
8466 7201
8745 7206
7258 7211
7815 7212
8871 7215
8564 7217
6797 7218
1490 7225
8185 7227
6389 7228
7541 7238
7242 7242
5456 7243
6364 7244
6770 7249
7677 7251
6187 7252
8107 7254
8253 7259
6812 7265
9749 7267
7609 7272
6077 7275
6488 7277
8354 7278
6407 7282
8535 7283
7965 7288
7139 7292
3251 7293
8245 7296
8020 7299
8912 7301
7503 7302
8839 7305
7419 7306
7030 7307
8385 7308
7897 7309
7594 7311
7799 7313
6410 7317
8737 7319
5870 7321
6785 7322
7688 7325
7172 7329
7665 7330
6835 7333
7822 7340
6858 7341
7170 7342
8927 7343
6119 7348
7452 7351
6582 7356
6190 7358
8944 7361
6801 7367
8146 7372
6835 7373
8417 7374
8510 7377
8583 7378
8593 7380
7481 7381
6159 7382
7022 7384
6435 7389
8657 7392
7393 7393
7302 7399
7944 7400
6557 7402
6656 7404
7705 7406
6898 7408
8417 7409
8891 7411
6063 7413
6484 7414
8177 7415
7142 7418
8498 7419
8812 7421
8923 7423
8941 7424
6051 7427
5589 7428
8119 7432
6607 7437
6265 7438
7301 7439
7741 7442
6407 7446
2211 7447
6835 7448
8515 7449
8895 7452
8311 7453
8170 7455
7048 7456
6104 7457
6705 7458
8429 7464
6356 7468
6298 7469
8759 7471
6288 7472
6850 7473
8892 7474
6085 7477
4161 7485
6004 7486
6375 7488
8635 7489
6246 7491
8870 7492
5629 7493
7044 7494
8588 7499
6326 7500
8727 7502
8276 7505
6743 7507
8423 7513
6107 7514
8257 7515
7518 7518
6814 7519
6104 7526
6897 7527
7004 7528
8589 7529
3460 7531
8138 7532
8645 7535
6692 7537
6480 7539
6352 7541
8806 7542
6242 7544
6326 7547
6770 7548
7033 7552
7554 7554
7946 7556
6537 7562
7686 7564
6375 7565
6131 7567
7874 7568
8472 7570
4022 7572
9576 7573
8694 7575
7452 7577
8426 7581
7589 7582
6892 7583
7228 7585
7116 7587
7156 7590
6831 7592
8061 7595
7598 7598
6709 7599
8467 7600
8907 7603
6246 7607
6426 7608
7981 7609
8544 7613
7453 7615
7707 7617
8937 7619
5987 7620
6567 7626
6837 7627
6504 7630
6096 7631
6401 7634
7683 7635
6635 7638
8179 7639
8276 7642
6244 7645
7646 7646
6048 7647
8212 7648
8544 7650
6100 7651
8472 7662
6759 7663
8263 7664
5577 7666
7251 7669
7764 7671
6250 7674
8888 7676
8647 7678
6184 7679
6343 7683
7764 7684
7268 7692
8558 7693
7118 7696
7697 7697
8285 7699
8174 7705
8611 7706
6055 7708
8195 7710
6544 7715
6480 7717
6760 7719
9195 7720
6426 7723
6174 7724
6834 7725
6352 7726
6384 7728
8845 7729
7630 7731
6634 7733
6846 7734
8470 7737
6043 7741
3251 7744
6222 7745
8941 7746
8367 7748
7963 7750
7428 7751
8510 7758
6367 7763
6574 7765
7519 7767
8098 7769
7271 7772
7156 7777
7066 7778
7712 7780
6022 7782
7562 7783
6515 7784
7831 7786
8079 7788
8590 7790
8044 7791
6131 7792
7337 7793
8135 7794
7993 7795
6401 7798
8731 7800
6007 7802
6075 7804
7156 7806
7673 7808
7803 7809
7471 7812
7581 7813
7815 7815
8308 7817
7483 7819
6864 7822
6834 7825
7827 7827
8261 7831
8680 7833
7837 7837
8287 7838
6193 7846
7789 7847
8170 7848
6901 7853
8129 7854
6719 7855
8424 7856
7857 7857
7861 7861
6384 7867
7850 7868
6851 7869
7871 7871
6296 7872
8871 7873
6775 7875
6850 7877
7201 7878
4377 7879
4137 7881
6166 7882
8517 7883
7258 7886
6234 7887
8927 7894
1041 7895
6878 7896
6785 7897
6740 7898
6290 7900
8357 7905
7907 7907
5334 7908
8255 7909
7118 7913
6955 7914
6984 7916
7258 7919
7938 7920
7242 7921
8330 7922
8955 7923
7112 7925
6182 7927
7113 7932
6241 7933
8315 7935
8161 7936
7363 7937
7938 7938
8404 7940
8229 7941
8544 7946
1766 7947
7702 7954
7301 7957
8867 7958
6303 7960
7714 7962
6500 7964
8228 7966
7017 7967
8583 7968
7642 7969
7587 7971
6174 7977
7799 7979
7982 7982
6666 7983
6838 7984
8123 7987
7644 7988
8583 7990
7916 7992
8103 7993
6200 7997
7031 7998
5718 8000
8038 8003
4729 8009
6850 8012
6798 8015
7173 8019
8216 8020
6513 8026
6752 8029
6718 8031
8175 8032
8544 8033
7882 8037
1781 8040
2874 8042
8762 8045
6917 8046
6543 8050
7474 8051
7157 8053
1587 8056
7881 8059
5629 8061
8573 8063
8238 8065
8557 8068
6807 8071
8074 8074
2596 8075
7242 8076
6243 8077
7526 8078
8224 8079
7260 8083
6750 8085
9467 8086
8214 8090
7105 8094
6862 8097
6561 8099
6457 8102
8030 8103
2658 8104
6244 8105
7576 8107
8109 8109
708 8113
6052 8115
7900 8117
8119 8119
6284 8120
8170 8122
6326 8126
8079 8128
7686 8133
8135 8135
8297 8137
8391 8139
7259 8141
8038 8142
8466 8145
6602 8147
8575 8148
6189 8150
7857 8151
6384 8152
7789 8153
6137 8154
8155 8155
8669 8161
7400 8163
7374 8165
8359 8168
6515 8169
7628 8172
8212 8173
8233 8177
6975 8180
8181 8181
6499 8182
7628 8185
7778 8188
6166 8190
6877 8194
8005 8195
8249 8196
8059 8197
7164 8198
7933 8199
6394 8202
7118 8204
6925 8206
6368 8207
8277 8210
6104 8212
6375 8215
7256 8216
9215 8222
7414 8224
7687 8226
7523 8230
8806 8231
6695 8234
6531 8236
7576 8237
7282 8238
6724 8240
8249 8242
8235 8244
8248 8248
7182 8249
6440 8250
6213 8257
8243 8258
6678 8259
7063 8262
7419 8263
7897 8265
7788 8271
6850 8275
8540 8277
5882 8281
6705 8283
8429 8285
6805 8286
8287 8287
8146 8291
8292 8292
6632 8294
8678 8295
7624 8307
8485 8309
7939 8313
6115 8315
6318 8317
7911 8319
8051 8320
7584 8322
8609 8323
7333 8328
1758 8329
8838 8330
7091 8332
8929 8336
7189 8340
8943 8341
7471 8342
6868 8344
8885 8345
8389 8346
8092 8347
8281 8348
8289 8349
7492 8354
3829 8355
6155 8358
8544 8360
8721 8363
8921 8365
7127 8366
7538 8367
6752 8369
7915 8371
6042 8372
6009 8373
6470 8375
8273 8376
6526 8377
7005 8382
8002 8383
2260 8386
6804 8388
7995 8389
8792 8391
8861 8394
7331 8398
6744 8403
6107 8405
7166 8407
6797 8408
6266 8409
8632 8410
8663 8414
6497 8415
7007 8417
7068 8419
6189 8421
6276 8422
5882 8423
8474 8425
8427 8427
7623 8428
5309 8429
6076 8431
7931 8432
8811 8434
7112 8436
6314 8437
7644 8441
8928 8442
8712 8444
8449 8449
5435 8450
8084 8451
8276 8452
6296 8453
6526 8454
6561 8456
8403 8462
8442 8463
5872 8464
8517 8465
7247 8466
6308 8470
8711 8472
6194 8474
7967 8475
8477 8477
6718 8478
7868 8482
7825 8484
5309 8485
7764 8486
8233 8487
8161 8489
7357 8493
8006 8494
6066 8495
7665 8496
8756 8498
6536 8501
8002 8503
8273 8504
7041 8508
7158 8509
6695 8510
7573 8512
6801 8513
7056 8514
8273 8515
6302 8516
6557 8520
6389 8524
8510 8525
6526 8526
6056 8528
6503 8530
7181 8531
8190 8532
6858 8535
8429 8536
7292 8537
7018 8539
6678 8540
8106 8541
6384 8548
7937 8549
7788 8550
6207 8551
6797 8553
8744 8557
6104 8562
8657 8564
7068 8567
6410 8571
6201 8573
6303 8575
8189 8576
8321 8577
8386 8578
7551 8581
6484 8582
8055 8583
6674 8585
8498 8587
8163 8590
8593 8593
8131 8594
8599 8599
8438 8601
6166 8608
6083 8609
6271 8610
7644 8613
8919 8615
7764 8616
7764 8618
6290 8621
6068 8623
8057 8624
8697 8625
7897 8626
7093 8627
6768 8629
8404 8632
8112 8636
6850 8639
7921 8644
8245 8647
5682 8648
7530 8650
7560 8651
6116 8652
6324 8653
8617 8658
6801 8660
7610 8661
8663 8663
8664 8664
6561 8668
6511 8669
6729 8671
8099 8672
8119 8675
8657 8677
7576 8679
8166 8680
8019 8681
8683 8683
8018 8685
8820 8687
6266 8692
6595 8695
6246 8696
7317 8697
8033 8698
3802 8701
6370 8702
6234 8703
7714 8704
7225 8706
8732 8707
5793 8709
8710 8710
6823 8711
6752 8712
7068 8716
8180 8717
8150 8722
6008 8723
8797 8724
6539 8725
7068 8726
6137 8728
7983 8729
8038 8731
7984 8733
6352 8734
7363 8736
6561 8738
7242 8744
8388 8745
7595 8749
5204 8750
8054 8756
4113 8757
8380 8759
7857 8761
7808 8763
6205 8766
8170 8767
6702 8769
6561 8770
7287 8771
7735 8774
6326 8775
8007 8777
8583 8786
7219 8789
6759 8790
7255 8794
8795 8795
7540 8798
8594 8800
6284 8801
8294 8803
7944 8804
7882 8806
6470 8810
8811 8811
7033 8819
8821 8821
4289 8823
8648 8824
6370 8827
6273 8831
7135 8834
6713 8836
6813 8837
7479 8839
8715 8841
7319 8842
5629 8845
7482 8846
8033 8848
6184 8849
7915 8853
6876 8855
6480 8859
7895 8864
6732 8865
6367 8866
7029 8870
8393 8873
7339 8874
6234 8878
6561 8879
7001 8880
7006 8881
6572 8882
7217 8883
8691 8889
6739 8890
5793 8891
6864 8892
8893 8893
8966 8894
8899 8895
8059 8897
6996 8898
6199 8899
8382 8901
6624 8904
7598 8910
7966 8912
8893 8914
7268 8915
6760 8916
6163 8919
8806 8920
8921 8921
7130 8922
7595 8923
7966 8924
6384 8925
8913 8927
8059 8928
8590 8932
6645 8933
7600 8936
6879 8940
7936 8944
7537 8946
6284 8948
6007 8950
6986 8951
7081 8954
6546 8956
6548 8961
8966 8966
6614 8968
7981 8970
8975 8975
8976 8976
967 8978
8979 8979
45 8986
2328 8990
9040 8992
9432 8996
1286 8999
1616 9007
4324 9011
2738 9015
9456 9016
1734 9018
719 9020
3712 9022
1218 9025
5368 9028
952 9030
1777 9032
759 9041
1143 9046
4960 9048
9685 9050
9056 9056
9208 9057
9828 9058
7561 9062
1445 9065
9066 9066
9070 9070
4494 9073
5866 9074
9075 9075
8744 9076
9380 9077
9078 9078
2650 9082
1168 9084
6752 9085
2246 9090
9766 9094
7797 9097
4239 9098
3292 9100
5298 9101
2723 9102
2540 9106
1845 9109
1326 9110
1467 9114
2577 9119
9120 9120
1430 9121
488 9122
2274 9124
9397 9125
3510 9136
5579 9138
9139 9139
7242 9140
2720 9141
4805 9143
3326 9144
9560 9146
4111 9147
2892 9149
3918 9153
5649 9154
9355 9159
5181 9160
1142 9161
1196 9162
9165 9165
4268 9167
2208 9170
2511 9174
2696 9175
409 9177
9431 9180
3924 9183
552 9184
9185 9185
2284 9186
2807 9187
1795 9188
3154 9189
8423 9190
833 9191
5765 9196
9198 9198
9199 9199
1127 9201
2304 9202
3350 9207
590 9209
9212 9212
6834 9215
2001 9219
393 9221
9224 9224
9749 9226
9227 9227
1946 9229
9465 9240
4531 9246
9131 9248
5081 9249
9251 9251
4726 9253
9257 9257
5336 9261
7289 9268
5399 9274
9673 9275
3237 9279
9280 9280
6752 9285
2509 9286
9288 9288
9292 9292
3523 9295
8979 9297
4543 9299
9359 9304
6000 9309
9117 9312
3020 9314
2346 9315
4544 9316
3637 9317
556 9322
1949 9323
3201 9330
1921 9334
3592 9338
5242 9339
9341 9341
810 9348
206 9357
9364 9364
9365 9365
9025 9368
8139 9373
2786 9378
403 9383
9384 9384
2411 9385
1880 9386
9388 9388
2848 9390
9391 9391
847 9395
2435 9398
3999 9399
4082 9400
6532 9406
9408 9408
1948 9409
9154 9412
8410 9413
2058 9418
1368 9420
6561 9425
4547 9430
9304 9432
4938 9437
5710 9438
3406 9442
4062 9443
2626 9444
9071 9446
459 9449
3493 9452
9453 9453
9458 9458
9611 9460
1761 9470
3338 9475
9480 9480
628 9481
5050 9485
725 9488
8231 9490
7382 9491
1443 9492
4997 9498
2431 9501
7029 9506
9508 9508
3691 9513
2720 9525
3252 9526
2319 9527
5801 9528
9396 9530
9847 9532
2709 9533
1774 9534
757 9537
5272 9538
3631 9539
9337 9540
2345 9547
6642 9550
1022 9555
190 9556
135 9557
682 9562
874 9563
9632 9564
629 9566
5976 9572
9573 9573
1538 9574
1508 9577
5969 9579
195 9582
6705 9585
9553 9587
7838 9590
1085 9592
383 9596
1294 9597
229 9598
4949 9600
1318 9601
1841 9603
4392 9605
525 9611
5730 9613
297 9616
432 9617
2269 9618
7879 9619
3835 9621
9624 9624
3592 9626
9629 9629
8874 9635
3738 9638
1107 9639
9924 9640
4791 9643
9485 9646
9755 9651
4314 9652
9355 9661
908 9671
3310 9672
9632 9678
9679 9679
5973 9681
9381 9682
9685 9685
790 9686
0 9688
3527 9689
9691 9691
9694 9694
4388 9699
9811 9700
3163 9702
3481 9703
9708 9708
2304 9710
4634 9711
9386 9714
9715 9715
3583 9716
3541 9717
435 9719
9389 9721
2564 9723
9724 9724
4340 9732
372 9737
2630 9738
3210 9746
5399 9747
136 9748
9471 9750
9179 9752
9753 9753
6474 9755
3836 9756
6431 9762
964 9771
3405 9772
1257 9775
4026 9778
9468 9782
9504 9783
9784 9784
9785 9785
5454 9786
9789 9789
6222 9790
6100 9791
1234 9793
3183 9795
9797 9797
699 9799
9801 9801
3541 9804
122 9807
3091 9810
5877 9812
1352 9815
3673 9819
4182 9822
7029 9823
8471 9824
3333 9828
9829 9829
9830 9830
4128 9832
6835 9838
3507 9843
9165 9848
9849 9849
9693 9853
5387 9854
1210 9857
9861 9861
853 9863
5141 9864
4911 9865
1631 9869
9053 9875
9876 9876
1900 9879
5149 9880
6034 9881
832 9882
9883 9883
295 9886
4586 9889
977 9891
1928 9892
398 9893
2230 9894
973 9896
9897 9897
5337 9898
952 9899
1719 9900
5877 9902
600 9903
1797 9906
9396 9910
4136 9911
3942 9912
4326 9916
9917 9917
4230 9918
8794 9920
1130 9923
4681 9924
9925 9925
7895 9928
6375 9936
3142 9942
3752 9951
4396 9959
4774 9961
3818 9964
4612 9966
828 9967
