2074 2074
359 359
2793 2793
5510 5510
5659 5659
357 357
264 264
261 261
1998 1998
3752 3752
352 352
2810 2810
2811 2811
3649 3649
5598 5598
5511 5511
5519 5519
3652 3652
3861 3861
5516 5516
188 188
5638 5638
5831 5831
5601 5601
5683 5683
3631 3631
118 118
5514 5514
48 48
140 140
3576 3576
63 63
2222 2222
3639 3639
3638 3638
2135 2135
3643 3643
5755 5755
3628 3628
244 244
6264 6264
3777 3777
6248 6248
64 64
17 17
90 90
5724 5724
3854 3854
292 292
3538 3538
3514 3514
154 154
3829 3829
3833 3833
5641 5641
3621 3621
3856 3856
2129 2129
2136 2136
3607 3607
3853 3853
5504 5504
315 315
3936 3936
439 439
94 94
3601 3601
3545 3545
3824 3824
3616 3616
100 100
3541 3541
3602 3602
5366 5366
3609 3609
2292 2292
3548 3548
3844 3844
3515 3515
19 19
1906 1906
312 312
3633 3633
462 462
340 340
5951 5951
2490 2490
3637 3637
3542 3542
2190 2190
429 429
5468 5468
3550 3550
3547 3547
231 231
5443 5443
3600 3600
5651 5651
32 32
436 436
5540 5540
98 98
122 122
5720 5720
2387 2387
5456 5456
5544 5544
35 35
26 26
3613 3613
5625 5625
456 456
131 131
3570 3570
1983 1983
2389 2389
125 125
5626 5626
6057 6057
227 227
5464 5464
3568 3568
21 21
2367 2367
2375 2375
5715 5715
1993 1993
5701 5701
2175 2175
5941 5941
2261 2261
5838 5838
3051 3051
2213 2213
5525 5525
5538 5538
408 408
5946 5946
5522 5522
36 36
5851 5851
128 128
2497 2497
2124 2124
5953 5953
6054 6054
409 409
3704 3704
2079 2079
338 338
5931 5931
2499 2499
6089 6089
5635 5635
2377 2377
5451 5451
268 268
5834 5834
2239 2239
3779 3779
2125 2125
6075 6075
6077 6077
5648 5648
2470 2470
2362 2362
2254 2254
5474 5474
2061 2061
6045 6045
1994 1994
405 405
2609 2609
6062 6062
2393 2393
2278 2278
2193 2193
6043 6043
5666 5666
3780 3780
5488 5488
5473 5473
1996 1996
2192 2192
5725 5725
5499 5499
2492 2492
2210 2210
3648 3648
5498 5498
295 295
5553 5553
2186 2186
3895 3895
2256 2256
2623 2623
2486 2486
2600 2600
5741 5741
2587 2587
2476 2476
2585 2585
2594 2594
3163 3163
6085 6085
2622 2622
6050 6050
3884 3884
5986 5986
5985 5985
2624 2624
5982 5982
3706 3706
5748 5748
2204 2204
5497 5497
6087 6087
375 375
5496 5496
2092 2092
401 401
5863 5863
3883 3883
6080 6080
3671 3671
6090 6090
2280 2280
5486 5486
404 404
2625 2625
5484 5484
3673 3673
6147 6147
5749 5749
5714 5714
2517 2517
2087 2087
5988 5988
2634 2634
2184 2184
3795 3795
6032 6032
485 485
4010 4010
5869 5869
307 307
6166 6166
2182 2182
2681 2681
6105 6105
6159 6159
2636 2636
448 448
5868 5868
2025 2025
2023 2023
2639 2639
5873 5873
2412 2412
5495 5495
5804 5804
2017 2017
2251 2251
5663 5663
5990 5990
5997 5997
5806 5806
5740 5740
6110 6110
2441 2441
510 510
2643 2643
5783 5783
2432 2432
6163 6163
4055 4055
5762 5762
5778 5778
468 468
309 309
6216 6216
4027 4027
5560 5560
2018 2018
471 471
581 581
5998 5998
6150 6150
5767 5767
5807 5807
6136 6136
582 582
2421 2421
4023 4023
540 540
5768 5768
583 583
3999 3999
507 507
2416 2416
2705 2705
5999 5999
5664 5664
2688 2688
2566 2566
2283 2283
5691 5691
2202 2202
2523 2523
4071 4071
2684 2684
536 536
538 538
6134 6134
3941 3941
2272 2272
1431 1431
1876 1876
3058 3058
4066 4066
308 308
3679 3679
394 394
1272 1272
6038 6038
2543 2543
565 565
2342 2342
1288 1288
6023 6023
2644 2644
4009 4009
758 758
2089 2089
560 560
503 503
2100 2100
5789 5789
1287 1287
2230 2230
5791 5791
369 369
5799 5799
5775 5775
2418 2418
2241 2241
5813 5813
2279 2279
773 773
374 374
5811 5811
716 716
5702 5702
2105 2105
3962 3962
387 387
4744 4744
544 544
464 464
2425 2425
3782 3782
6170 6170
5384 5384
2756 2756
2297 2297
4032 4032
3975 3975
248 248
2448 2448
2103 2103
5908 5908
4048 4048
2743 2743
3983 3983
545 545
5667 5667
4042 4042
2438 2438
492 492
2467 2467
2468 2468
3874 3874
2550 2550
1854 1854
5242 5242
1922 1922
4741 4741
3698 3698
4035 4035
2308 2308
2346 2346
2648 2648
4742 4742
4754 4754
298 298
6455 6455
563 563
5703 5703
4038 4038
5241 5241
466 466
1857 1857
4241 4241
4168 4168
777 777
754 754
1764 1764
2567 2567
1949 1949
6440 6440
1888 1888
1502 1502
2305 2305
2988 2988
3437 3437
1975 1975
6769 6769
1946 1946
6450 6450
3004 3004
4887 4887
4014 4014
2429 2429
2466 2466
2435 2435
738 738
6358 6358
1261 1261
2451 2451
1356 1356
4272 4272
4262 4262
6363 6363
2959 2959
4171 4171
6435 6435
2961 2961
551 551
1761 1761
2982 2982
1884 1884
285 285
1943 1943
1260 1260
4169 4169
168 168
1355 1355
1920 1920
1885 1885
4763 4763
5308 5308
5328 5328
2989 2989
2979 2979
6844 6844
2760 2760
5398 5398
1233 1233
790 790
4859 4859
1387 1387
5229 5229
6771 6771
4912 4912
2646 2646
2733 2733
5389 5389
4764 4764
5924 5924
6356 6356
4914 4914
6446 6446
4856 4856
6448 6448
1414 1414
2938 2938
5332 5332
3440 3440
273 273
771 771
3976 3976
6757 6757
1838 1838
1977 1977
6807 6807
1766 1766
2984 2984
2722 2722
1964 1964
4881 4881
6774 6774
6760 6760
1537 1537
6444 6444
6779 6779
5344 5344
3420 3420
4865 4865
1839 1839
6746 6746
1690 1690
6808 6808
4981 4981
673 673
1199 1199
1600 1600
1418 1418
6736 6736
4816 4816
3738 3738
3398 3398
2318 2318
1429 1429
1409 1409
6804 6804
1556 1556
1383 1383
5393 5393
3350 3350
5215 5215
1595 1595
1419 1419
1393 1393
1715 1715
1549 1549
788 788
6715 6715
1541 1541
3397 3397
5311 5311
2339 2339
2747 2747
5927 5927
1559 1559
3371 3371
2559 2559
6185 6185
5136 5136
3050 3050
1660 1660
1662 1662
4161 4161
1506 1506
6739 6739
2321 2321
6415 6415
6750 6750
674 674
4227 4227
5321 5321
5206 5206
675 675
1576 1576
398 398
603 603
1687 1687
4849 4849
4871 4871
5178 5178
5346 5346
1579 1579
6847 6847
1737 1737
6212 6212
5007 5007
4883 4883
5298 5298
2735 2735
6741 6741
4918 4918
6734 6734
1603 1603
5181 5181
4364 4364
3255 3255
4251 4251
5361 5361
3766 3766
3263 3263
1751 1751
5292 5292
1619 1619
1612 1612
5336 5336
6817 6817
1538 1538
6800 6800
1657 1657
3447 3447
1646 1646
4982 4982
1738 1738
5179 5179
1616 1616
6824 6824
604 604
5099 5099
3682 3682
3942 3942
5100 5100
6866 6866
3810 3810
6859 6859
1568 1568
3283 3283
6689 6689
3316 3316
4092 4092
3367 3367
6868 6868
6686 6686
3346 3346
5165 5165
3429 3429
1386 1386
1661 1661
1833 1833
4852 4852
3412 3412
3289 3289
3147 3147
4123 4123
4869 4869
1682 1682
3409 3409
441 441
3200 3200
1417 1417
3284 3284
3241 3241
3374 3374
6678 6678
1898 1898
1628 1628
1912 1912
6865 6865
6809 6809
3288 3288
3142 3142
1452 1452
5413 5413
6830 6830
1649 1649
3278 3278
3373 3373
6683 6683
2726 2726
5101 5101
1684 1684
1278 1278
5107 5107
6783 6783
5105 5105
2575 2575
209 209
3267 3267
6792 6792
3244 3244
762 762
1164 1164
3013 3013
636 636
6189 6189
1557 1557
1639 1639
1223 1223
6856 6856
1637 1637
6564 6564
1140 1140
3243 3243
6470 6470
6643 6643
2765 2765
1560 1560
6626 6626
6712 6712
6398 6398
6727 6727
1583 1583
2736 2736
5192 5192
1224 1224
1673 1673
5124 5124
1505 1505
1225 1225
6411 6411
1749 1749
4192 4192
6281 6281
5035 5035
1578 1578
6644 6644
1396 1396
4185 4185
6706 6706
6649 6649
6650 6650
1137 1137
1763 1763
6647 6647
5143 5143
6638 6638
1497 1497
6563 6563
3423 3423
3455 3455
2731 2731
5117 5117
3424 3424
4649 4649
6327 6327
3458 3458
3383 3383
6603 6603
3242 3242
2862 2862
1227 1227
1598 1598
3235 3235
2745 2745
3417 3417
5102 5102
6787 6787
4128 4128
1222 1222
6733 6733
3392 3392
5134 5134
3223 3223
4725 4725
5378 5378
1435 1435
4366 4366
3327 3327
6729 6729
5409 5409
3386 3386
6323 6323
4775 4775
4184 4184
1897 1897
4082 4082
6537 6537
5421 5421
1161 1161
4317 4317
213 213
6869 6869
3726 3726
1515 1515
1275 1275
5249 5249
6725 6725
6529 6529
4420 4420
3385 3385
706 706
1339 1339
1205 1205
1218 1218
3234 3234
3333 3333
5284 5284
3120 3120
4778 4778
3170 3170
2966 2966
5355 5355
6524 6524
3010 3010
3495 3495
4421 4421
6538 6538
4328 4328
6636 6636
5163 5163
3221 3221
1815 1815
2906 2906
963 963
3067 3067
5251 5251
1881 1881
3809 3809
4417 4417
4110 4110
5247 5247
4815 4815
4197 4197
1823 1823
586 586
4288 4288
6389 6389
570 570
6541 6541
1516 1516
4142 4142
5427 5427
6332 6332
3195 3195
3177 3177
4370 4370
1861 1861
3039 3039
1427 1427
3506 3506
6484 6484
4145 4145
6477 6477
4349 4349
4331 4331
3326 3326
4357 4357
6503 6503
964 964
3728 3728
4329 4329
4303 4303
4921 4921
4801 4801
6314 6314
3917 3917
5024 5024
6573 6573
3216 3216
4166 4166
6509 6509
6559 6559
4746 4746
6383 6383
5056 5056
4289 4289
839 839
4730 4730
630 630
6315 6315
1785 1785
4208 4208
1476 1476
1449 1449
863 863
4340 4340
2915 2915
6592 6592
1323 1323
1864 1864
1048 1048
4724 4724
4709 4709
6527 6527
1033 1033
6293 6293
4927 4927
6605 6605
6530 6530
4828 4828
4930 4930
6585 6585
4150 4150
3721 3721
4372 4372
4401 4401
1018 1018
3063 3063
4337 4337
4174 4174
3112 3112
654 654
4153 4153
3006 3006
4212 4212
1159 1159
3037 3037
693 693
1791 1791
1011 1011
934 934
6549 6549
814 814
4798 4798
4296 4296
6519 6519
4386 4386
303 303
5045 5045
3104 3104
4354 4354
4352 4352
730 730
4736 4736
4610 4610
1369 1369
1783 1783
4448 4448
4984 4984
4387 4387
1130 1130
1013 1013
1003 1003
657 657
4985 4985
1061 1061
4950 4950
460 460
1055 1055
6539 6539
2881 2881
949 949
1160 1160
4343 4343
705 705
833 833
2858 2858
5064 5064
857 857
1194 1194
1008 1008
4745 4745
2880 2880
5297 5297
1236 1236
1172 1172
1804 1804
1893 1893
6877 6877
4457 4457
4398 4398
852 852
1798 1798
4613 4613
1795 1795
884 884
1041 1041
6574 6574
1122 1122
3157 3157
4688 4688
1350 1350
910 910
3092 3092
4418 4418
980 980
4284 4284
3096 3096
4454 4454
256 256
1809 1809
3103 3103
2919 2919
3028 3028
4238 4238
1348 1348
883 883
5374 5374
1755 1755
723 723
6554 6554
4973 4973
4458 4458
1149 1149
728 728
4459 4459
1167 1167
6395 6395
1190 1190
4940 4940
3107 3107
4953 4953
3187 3187
696 696
6295 6295
4335 4335
1178 1178
1129 1129
1784 1784
4405 4405
210 210
6506 6506
6466 6466
1262 1262
3111 3111
3186 3186
1073 1073
1173 1173
4934 4934
302 302
3090 3090
1023 1023
3019 3019
5021 5021
1201 1201
818 818
4962 4962
253 253
6409 6409
5295 5295
4700 4700
4598 4598
4597 4597
1032 1032
669 669
4135 4135
4615 4615
984 984
4590 4590
1250 1250
1062 1062
658 658
729 729
3134 3134
829 829
1132 1132
4687 4687
5198 5198
1170 1170
4698 4698
907 907
1024 1024
4240 4240
3129 3129
3029 3029
1200 1200
6874 6874
1078 1078
3007 3007
2913 2913
1520 1520
721 721
3155 3155
6872 6872
1203 1203
4599 4599
4506 4506
4697 4697
4757 4757
4219 4219
1109 1109
983 983
711 711
3016 3016
4783 4783
962 962
5225 5225
809 809
3018 3018
2831 2831
4157 4157
4994 4994
4253 4253
4989 4989
4440 4440
6870 6870
1458 1458
4956 4956
1327 1327
967 967
889 889
4966 4966
742 742
1071 1071
4407 4407
620 620
4636 4636
3476 3476
1265 1265
4581 4581
4503 4503
4941 4941
1375 1375
6337 6337
1156 1156
4362 4362
4689 4689
4607 4607
973 973
4550 4550
4842 4842
941 941
1787 1787
4523 4523
1084 1084
1182 1182
1085 1085
4632 4632
4929 4929
2835 2835
4493 4493
4573 4573
3133 3133
948 948
955 955
4443 4443
5281 5281
4571 4571
4968 4968
1465 1465
1028 1028
4147 4147
619 619
4639 4639
1464 1464
1530 1530
4438 4438
616 616
2849 2849
3786 3786
4437 4437
4668 4668
4344 4344
766 766
4489 4489
4556 4556
4519 4519
4283 4283
4504 4504
4402 4402
1187 1187
4392 4392
957 957
4521 4521
4660 4660
4432 4432
4936 4936
1454 1454
