359 3
2998 4
6837 5
26 7
5496 8
17 17
30 18
19 19
21 21
6265 22
4609 24
234 25
26 26
4210 27
6457 28
6297 30
32 32
35 35
36 36
17 37
6492 38
3433 39
3366 40
4588 41
6032 43
48 48
3744 52
3817 53
3993 57
3853 59
819 61
63 63
64 64
4768 65
447 71
5816 72
3941 76
5063 78
3876 80
5696 83
6760 84
2246 85
2172 89
90 90
5118 91
94 94
98 98
100 100
4505 101
1165 107
1261 109
820 110
3728 111
2924 116
2140 117
118 118
464 119
1046 121
122 122
4901 123
125 125
128 128
710 129
2067 130
131 131
1964 132
4405 133
899 136
4106 139
140 140
1042 141
2539 142
5651 146
3516 147
2372 149
154 154
2873 155
4948 156
6791 158
1452 160
1888 161
5193 163
6180 164
3085 165
3536 166
2393 167
168 168
3321 169
5970 170
4514 174
6009 176
1788 180
6558 187
188 188
62 190
6512 191
5236 192
4739 195
2744 196
6297 197
1951 200
5135 201
6637 204
3085 205
2078 208
209 209
210 210
4754 211
213 213
5914 214
4213 215
1361 217
392 218
4342 219
1099 222
3699 223
6877 224
1456 226
227 227
5342 228
231 231
6422 232
6761 233
6761 237
97 238
3389 242
244 244
1145 245
2731 246
248 248
253 253
5014 254
256 256
6089 257
5029 258
5400 259
261 261
264 264
268 268
3485 269
4073 270
273 273
5285 274
5245 275
4269 276
4979 278
5571 279
972 283
285 285
1470 287
292 292
3496 293
295 295
3104 296
1899 297
298 298
5554 299
5962 300
1849 301
302 302
303 303
307 307
308 308
309 309
3907 311
312 312
5016 313
3395 314
315 315
32 318
5264 319
5015 320
1334 321
3547 322
936 325
3876 329
4915 330
4588 333
4525 334
338 338
1019 339
340 340
3922 342
5797 343
1162 348
6847 349
352 352
4630 353
1039 354
5505 355
2884 356
357 357
359 359
5477 362
688 363
5967 364
4857 365
366 366
4290 367
369 369
6111 370
1851 371
374 374
375 375
1373 378
3917 384
387 387
6675 392
360 393
394 394
398 398
401 401
3898 402
404 404
405 405
408 408
409 409
767 410
414 411
4149 413
5970 414
1620 415
6472 417
2002 418
2590 419
3255 421
665 425
2243 426
429 429
4349 430
6067 432
436 436
439 439
441 441
2060 443
1038 447
448 448
5790 449
5431 452
6297 453
589 455
456 456
4605 458
460 460
462 462
464 464
466 466
5357 467
468 468
471 471
4796 472
6170 475
5657 477
5796 479
480 480
4147 481
5893 483
2393 484
485 485
5265 487
5708 488
6201 491
492 492
843 494
2074 495
5863 497
1286 500
503 503
2198 505
1899 506
507 507
4112 509
510 510
6678 511
1723 513
4660 519
2875 520
1439 521
1665 522
3679 523
783 524
1645 526
980 530
536 536
538 538
540 540
4053 543
544 544
545 545
3912 547
608 550
551 551
2440 553
3259 554
62 556
560 560
6875 561
707 562
563 563
565 565
570 570
1078 575
5695 577
3325 578
5519 579
790 580
581 581
582 582
583 583
2129 585
586 586
6432 588
351 591
3671 592
1171 593
6100 595
3377 596
4334 598
4234 601
2623 602
603 603
604 604
2860 607
5374 611
3434 612
5385 613
3476 614
616 616
3849 617
619 619
620 620
5874 625
569 626
4041 628
630 630
5791 631
3529 635
636 636
1404 639
6210 644
4555 646
2742 647
2080 648
6514 653
654 654
1551 655
6288 656
657 657
658 658
2612 659
1646 661
5144 665
4875 667
669 669
6649 670
673 673
674 674
675 675
4198 676
3085 678
2565 679
1130 683
2726 684
1770 686
6411 689
910 690
3780 691
1734 692
693 693
6637 695
696 696
6671 698
3358 699
2039 700
705 705
706 706
4726 707
3178 708
711 711
5667 712
716 716
2002 717
5325 718
5112 719
721 721
2571 722
723 723
3198 724
1165 725
4757 726
5151 727
728 728
729 729
730 730
3919 731
270 732
3528 733
738 738
1897 739
742 742
2088 743
4857 751
754 754
6759 755
758 758
6599 760
762 762
766 766
4821 769
771 771
773 773
1884 774
1272 775
4757 776
777 777
5907 778
4750 779
705 783
3629 784
6173 785
788 788
790 790
2335 791
3110 792
5181 795
4138 796
4342 797
4340 802
5438 805
809 809
1171 811
4857 812
814 814
4371 815
4724 816
818 818
584 826
829 829
6468 831
833 833
3052 835
604 838
839 839
4562 846
1026 847
5400 848
852 852
5391 854
2246 855
857 857
3644 858
3692 860
6310 861
5431 862
863 863
1250 869
6009 870
2624 873
1535 875
4073 880
883 883
884 884
5947 886
889 889
651 890
808 892
5182 896
3516 897
5618 898
3414 899
1121 903
907 907
3940 908
2149 909
910 910
713 911
6075 913
1051 917
6141 918
2480 923
1822 924
4244 925
5579 926
3884 927
5736 930
934 934
1260 938
2951 939
4663 940
941 941
394 945
4254 946
948 948
949 949
955 955
4408 956
957 957
3458 961
962 962
963 963
964 964
3169 965
967 967
5914 969
1912 970
3525 971
5212 972
973 973
833 974
980 980
4067 981
983 983
984 984
6229 986
1629 989
4254 991
4290 995
1572 997
2295 1001
1003 1003
403 1007
1008 1008
2280 1010
1011 1011
1013 1013
2394 1016
1018 1018
4956 1020
6350 1021
3085 1022
1023 1023
1024 1024
6076 1025
2480 1027
1028 1028
1029 1029
392 1031
1032 1032
1033 1033
6498 1034
2478 1038
2162 1039
1041 1041
5627 1043
5679 1044
5667 1047
1048 1048
6706 1050
1055 1055
6519 1056
1077 1059
5688 1060
1061 1061
1062 1062
2870 1066
1071 1071
4253 1072
1073 1073
742 1075
5657 1077
1078 1078
5639 1079
964 1080
1667 1082
1084 1084
1085 1085
646 1086
4170 1087
6546 1091
957 1093
2025 1096
5708 1098
4102 1099
2726 1100
568 1102
5390 1103
2634 1107
2799 1108
1109 1109
5873 1110
2855 1113
6101 1114
6602 1115
6663 1121
1122 1122
6509 1123
1044 1124
1129 1129
1130 1130
6380 1131
1132 1132
822 1133
4723 1134
1137 1137
1140 1140
1456 1141
5688 1142
1726 1144
4610 1148
1149 1149
3656 1150
4411 1151
1156 1156
1159 1159
1160 1160
1161 1161
1164 1164
2924 1165
1167 1167
1170 1170
1172 1172
1173 1173
4891 1174
4911 1175
5012 1176
1178 1178
1182 1182
5153 1184
1187 1187
1190 1190
5015 1191
1530 1192
1194 1194
1199 1199
1200 1200
1201 1201
1203 1203
1205 1205
1480 1209
4857 1210
3198 1212
5108 1213
1834 1217
1218 1218
5507 1221
1222 1222
1223 1223
1224 1224
1225 1225
1227 1227
5404 1228
6876 1229
1233 1233
1236 1236
3238 1239
4290 1240
6620 1241
1024 1246
1250 1250
4514 1251
3586 1252
129 1253
3198 1256
5879 1257
3508 1258
1260 1260
1261 1261
1262 1262
1265 1265
5653 1266
4663 1267
1272 1272
4620 1274
1275 1275
1308 1276
1278 1278
6727 1279
2889 1280
4429 1281
1395 1283
2236 1284
1287 1287
1288 1288
4189 1290
6488 1295
2903 1299
4218 1303
4343 1304
2024 1307
1309 1309
899 1310
410 1311
3366 1312
2138 1313
583 1316
5623 1318
1606 1319
1323 1323
2888 1324
1698 1325
5039 1326
1327 1327
62 1330
2631 1331
5141 1334
1541 1338
1339 1339
370 1341
2109 1342
2399 1344
5429 1345
5529 1346
1348 1348
5879 1349
1350 1350
4562 1353
6230 1354
1355 1355
1356 1356
1445 1357
932 1358
4149 1359
3964 1362
1837 1364
6070 1367
1369 1369
4969 1370
5015 1371
6158 1373
1375 1375
2158 1376
4116 1379
4658 1381
4492 1382
1383 1383
3239 1384
6490 1385
1386 1386
1387 1387
1393 1393
1396 1396
640 1397
4072 1398
5553 1399
1057 1408
1409 1409
1645 1410
5811 1411
1414 1414
4722 1416
1417 1417
1418 1418
1419 1419
5096 1420
2648 1424
6514 1425
1427 1427
1429 1429
1431 1431
5365 1433
5015 1434
1435 1435
4112 1436
4102 1437
5788 1439
6086 1440
2394 1443
475 1445
1449 1449
1644 1450
1452 1452
1454 1454
1487 1455
1458 1458
3302 1459
6353 1461
2933 1463
1464 1464
1465 1465
2902 1468
1357 1474
4636 1475
1476 1476
6338 1478
4290 1481
4517 1482
833 1485
833 1486
6602 1490
2515 1493
3627 1495
1497 1497
2728 1498
4067 1499
1502 1502
409 1503
5270 1504
1505 1505
1506 1506
5835 1508
4857 1512
4475 1514
1515 1515
1516 1516
2203 1517
5294 1518
1520 1520
1647 1521
6661 1522
4935 1526
2012 1528
1530 1530
2411 1531
3200 1533
6130 1535
1744 1536
1537 1537
1538 1538
710 1540
1541 1541
4404 1543
251 1544
4282 1545
4409 1548
1549 1549
1427 1551
741 1553
1556 1556
1557 1557
1559 1559
1560 1560
2411 1562
6706 1563
6371 1566
1568 1568
4479 1569
24 1570
3927 1571
5645 1574
6723 1575
1576 1576
1578 1578
1579 1579
1583 1583
3585 1585
3374 1589
654 1590
945 1592
1595 1595
6141 1596
1598 1598
4112 1599
1600 1600
6616 1602
1603 1603
4207 1607
5708 1608
1951 1609
1612 1612
5863 1613
5071 1614
1286 1615
1616 1616
1619 1619
2631 1624
1628 1628
2816 1630
3083 1631
381 1632
5295 1635
1637 1637
1649 1638
1639 1639
6427 1640
30 1645
1646 1646
81 1647
2535 1648
1649 1649
6658 1654
5667 1656
1657 1657
1660 1660
1661 1661
1662 1662
4071 1663
3318 1664
4598 1666
4530 1667
6185 1669
1673 1673
1316 1675
1299 1677
5603 1678
3133 1680
1682 1682
1684 1684
1687 1687
4500 1688
1690 1690
1547 1691
5422 1694
1827 1695
755 1697
5373 1698
6537 1699
6577 1704
5015 1707
3464 1708
5106 1710
5310 1713
1715 1715
4560 1716
3334 1720
3473 1721
1337 1725
5102 1729
1737 1737
1738 1738
3143 1739
5458 1741
3198 1742
5879 1743
4708 1744
5602 1745
2958 1746
1749 1749
1751 1751
2246 1753
1755 1755
1171 1756
1761 1761
4085 1762
1763 1763
1764 1764
1766 1766
1685 1768
6857 1770
1774 1774
4640 1776
3100 1779
1783 1783
1784 1784
1785 1785
6837 1786
1787 1787
669 1788
698 1790
1791 1791
1795 1795
3547 1796
1798 1798
1737 1799
3302 1800
2697 1803
1804 1804
2161 1805
89 1808
1809 1809
1007 1813
1815 1815
3265 1816
4027 1818
2048 1820
730 1821
1823 1823
3515 1825
5282 1828
3954 1831
5704 1832
1833 1833
3476 1835
3699 1837
1838 1838
1839 1839
6225 1841
810 1846
1898 1852
5525 1853
1854 1854
1857 1857
6798 1858
6084 1860
1861 1861
1864 1864
6065 1866
6071 1872
6014 1873
1876 1876
1133 1880
1881 1881
1817 1883
1884 1884
1885 1885
4006 1886
1888 1888
5804 1891
1893 1893
3110 1895
1897 1897
1898 1898
3555 1900
4857 1902
6659 1903
1906 1906
1975 1907
5582 1908
5576 1909
3781 1910
1912 1912
410 1913
2162 1914
4924 1915
3797 1916
6188 1917
1920 1920
1922 1922
4560 1923
310 1926
3596 1933
462 1935
3327 1936
2810 1937
5708 1938
4493 1939
643 1942
1943 1943
1064 1944
1675 1945
1946 1946
2948 1948
1949 1949
4919 1952
665 1958
1125 1959
1675 1960
1964 1964
4500 1968
3336 1970
6435 1972
3994 1973
1975 1975
3340 1976
1977 1977
5424 1980
4067 1981
2501 1982
1983 1983
4239 1985
2002 1991
485 1992
1993 1993
1994 1994
1996 1996
1998 1998
5038 2000
279 2001
3198 2002
2915 2004
5141 2005
3331 2006
857 2007
3909 2010
2338 2013
6886 2016
2017 2017
2018 2018
2311 2020
5406 2022
2023 2023
2025 2025
2056 2029
5677 2030
4474 2033
346 2036
150 2037
3233 2041
4479 2045
1740 2048
2924 2051
1409 2052
2768 2053
5489 2054
5282 2055
2144 2056
734 2057
2061 2061
5518 2063
5579 2067
5481 2070
1768 2071
4969 2072
2074 2074
1723 2077
2079 2079
648 2080
5688 2083
2087 2087
2089 2089
3966 2091
2092 2092
6502 2094
5339 2095
3436 2096
4838 2098
2100 2100
2103 2103
2105 2105
572 2108
2860 2109
6870 2110
6008 2111
2451 2115
6144 2121
2124 2124
2125 2125
4039 2127
4504 2128
2129 2129
6144 2131
52 2132
2135 2135
2136 2136
3724 2137
1334 2140
4375 2142
547 2143
3128 2145
1083 2147
599 2151
2653 2154
4613 2155
5736 2160
3352 2161
2043 2162
3169 2163
716 2166
1167 2169
4701 2170
2057 2171
5015 2173
2175 2175
1673 2181
2182 2182
1272 2183
2184 2184
2186 2186
692 2188
2190 2190
2969 2191
2192 2192
2193 2193
343 2194
6306 2199
2202 2202
2204 2204
4866 2209
2210 2210
2213 2213
1497 2215
2222 2222
5747 2223
1174 2224
2748 2225
6100 2228
1574 2229
2230 2230
1487 2232
6103 2233
1171 2235
6882 2237
2239 2239
6038 2240
2241 2241
1739 2243
82 2244
5316 2245
2631 2247
1770 2248
6546 2250
2251 2251
2390 2253
2254 2254
2256 2256
6241 2258
2261 2261
3733 2263
2394 2264
6089 2265
3294 2266
2272 2272
4290 2274
422 2275
4795 2277
2278 2278
2279 2279
2280 2280
439 2281
2283 2283
993 2286
1670 2288
857 2289
2292 2292
5708 2294
2297 2297
1561 2299
4301 2301
647 2303
6330 2304
2305 2305
4168 2306
2835 2307
2308 2308
229 2309
3522 2313
3300 2314
3085 2315
840 2316
4934 2317
2318 2318
5278 2320
2321 2321
781 2328
6144 2329
14 2331
5431 2332
5574 2334
2339 2339
2342 2342
2755 2344
3940 2345
2346 2346
5851 2348
659 2349
2436 2350
2094 2352
2758 2354
4289 2356
1505 2360
2371 2361
2362 2362
2546 2363
150 2365
420 2366
2367 2367
1530 2369
3108 2370
959 2374
2375 2375
2377 2377
5342 2385
2387 2387
1830 2388
2389 2389
4434 2392
2393 2393
2437 2395
6794 2396
5594 2397
1673 2400
896 2401
5585 2403
4701 2405
5725 2407
5060 2410
2412 2412
5385 2413
1452 2415
2416 2416
2418 2418
2421 2421
6520 2424
2425 2425
2185 2426
5601 2427
5688 2428
2429 2429
1927 2431
2432 2432
5530 2433
2435 2435
1914 2436
2438 2438
2441 2441
2240 2443
4538 2444
5703 2447
2448 2448
1445 2450
2451 2451
2307 2452
128 2456
456 2457
5739 2459
6355 2460
4722 2461
3813 2463
5668 2464
4149 2465
2466 2466
2467 2467
2468 2468
2470 2470
1880 2471
4629 2472
2476 2476
1908 2477
891 2480
4701 2482
4824 2483
2486 2486
4079 2488
2490 2490
1594 2491
2492 2492
6427 2495
2497 2497
720 2498
2499 2499
4290 2500
4980 2502
5329 2503
2436 2505
2711 2508
5979 2515
2517 2517
4283 2522
2523 2523
259 2525
2689 2533
3298 2538
4408 2539
2234 2540
6868 2541
2543 2543
61 2544
3373 2545
2550 2550
1473 2551
2755 2553
2559 2559
5931 2562
6517 2565
2566 2566
2567 2567
3261 2568
3524 2571
4757 2572
4740 2573
2575 2575
4830 2576
5863 2578
3322 2581
91 2582
2585 2585
2587 2587
5709 2588
3707 2591
2594 2594
4688 2596
4061 2597
1484 2599
2600 2600
5929 2601
1062 2602
5524 2603
2460 2604
3919 2605
5879 2608
2609 2609
6440 2610
3287 2611
1469 2612
4685 2613
2258 2614
2082 2617
2075 2620
5566 2621
2622 2622
2623 2623
2624 2624
2625 2625
2666 2626
5316 2627
6748 2628
5212 2630
377 2632
6602 2633
2634 2634
5820 2635
2636 2636
4857 2638
2639 2639
3510 2642
2643 2643
2644 2644
2646 2646
6553 2647
2648 2648
2874 2650
4229 2651
5931 2653
5931 2655
4384 2656
4009 2664
665 2665
6837 2667
4176 2670
4493 2671
5060 2673
5439 2674
4290 2676
2460 2678
2681 2681
2684 2684
4445 2687
2688 2688
138 2689
2462 2690
6733 2692
5868 2693
3085 2694
5431 2696
4808 2700
4168 2701
5255 2703
2705 2705
2043 2707
713 2708
557 2709
1168 2710
3080 2711
621 2713
638 2717
4085 2720
2722 2722
671 2724
3327 2725
2726 2726
4149 2727
392 2728
2651 2729
2731 2731
2733 2733
2735 2735
2736 2736
2240 2738
1683 2740
3228 2742
2743 2743
2745 2745
1938 2746
2747 2747
4149 2754
2756 2756
5014 2757
1797 2758
4824 2759
2760 2760
3966 2761
2765 2765
62 2766
4184 2770
2806 2773
4462 2776
2642 2778
377 2779
371 2785
4053 2788
2793 2793
2209 2794
5666 2795
3525 2799
2393 2800
5431 2802
2765 2803
4598 2804
2805 2805
2289 2807
5499 2808
2810 2810
2811 2811
3379 2813
1981 2814
2815 2815
1184 2817
3888 2818
2755 2820
6723 2824
6384 2829
5790 2830
2831 2831
5594 2833
2835 2835
3204 2836
3166 2839
3302 2842
6586 2843
875 2845
2849 2849
4560 2850
749 2851
6855 2852
2858 2858
5026 2859
2862 2862
2719 2865
6862 2866
4083 2868
5703 2869
1933 2873
6419 2875
6587 2876
3462 2878
2880 2880
2881 2881
2110 2886
2511 2887
6020 2889
6141 2893
6043 2894
3736 2896
6808 2902
3116 2903
2906 2906
150 2907
2726 2908
2913 2913
2915 2915
6507 2917
2919 2919
278 2922
1039 2930
1698 2933
2938 2938
2498 2941
4701 2943
2971 2944
229 2945
5761 2948
2284 2955
4928 2956
2959 2959
2961 2961
2483 2962
5414 2963
4343 2965
2966 2966
6237 2968
489 2969
4562 2971
1842 2973
4659 2974
4891 2975
6395 2976
932 2977
959 2978
2979 2979
2982 2982
2984 2984
109 2985
5316 2986
2988 2988
2989 2989
3000 2992
5686 3000
2306 3001
2742 3002
6247 3003
3004 3004
1693 3005
3006 3006
3007 3007
6553 3008
3010 3010
3694 3012
3013 3013
3016 3016
2729 3017
3018 3018
3019 3019
3028 3028
3029 3029
5926 3033
3037 3037
701 3038
3039 3039
3966 3040
6313 3041
4636 3042
3229 3043
3389 3044
4445 3046
3050 3050
3051 3051
1107 3053
3950 3055
5821 3056
3058 3058
3497 3059
5391 3061
3063 3063
112 3064
1404 3065
3067 3067
3203 3068
5335 3070
2307 3073
2765 3078
769 3080
455 3086
3542 3087
5748 3088
3090 3090
3092 3092
1343 3093
967 3094
549 3095
3096 3096
2014 3098
2092 3099
4013 3101
3103 3103
3104 3104
3107 3107
2729 3108
4562 3109
3111 3111
3112 3112
2195 3117
1511 3118
3120 3120
1698 3123
3261 3124
6595 3125
3129 3129
1559 3130
3324 3132
3133 3133
3134 3134
3496 3135
3421 3136
3142 3142
3832 3146
3147 3147
2811 3148
2100 3149
5657 3151
3877 3152
4445 3153
753 3154
3155 3155
3157 3157
1273 3162
3163 3163
2263 3164
6858 3166
431 3167
3168 3168
3170 3170
4352 3172
5715 3176
3177 3177
2790 3181
4604 3182
3186 3186
3187 3187
1395 3189
6742 3192
4149 3193
4149 3194
3195 3195
3200 3200
911 3204
4912 3207
3449 3208
4296 3209
3216 3216
948 3217
2446 3218
4919 3220
3221 3221
3223 3223
3458 3230
2996 3231
3018 3232
2745 3233
3234 3234
3235 3235
4290 3237
1239 3238
3241 3241
3242 3242
3243 3243
3244 3244
5688 3245
630 3250
4290 3251
192 3253
6733 3254
3255 3255
6858 3259
5160 3261
3263 3263
4947 3265
3267 3267
5574 3268
2623 3269
6288 3272
5913 3277
3278 3278
2064 3279
3522 3282
3283 3283
3284 3284
251 3285
6558 3286
293 3287
3288 3288
3289 3289
3780 3292
2471 3296
3614 3297
6017 3299
6639 3302
2006 3304
847 3305
4667 3306
924 3308
5554 3313
1688 3314
3316 3316
908 3317
4203 3319
1950 3322
3326 3326
3327 3327
4345 3328
4105 3331
3333 3333
278 3336
5089 3338
1937 3340
3583 3344
4165 3345
3346 3346
1543 3347
4149 3349
3350 3350
2445 3352
4233 3357
5542 3362
4583 3363
3095 3364
2811 3365
5144 3366
3367 3367
2164 3368
3371 3371
3373 3373
3374 3374
3528 3375
6683 3376
3506 3378
438 3380
4517 3381
3383 3383
3385 3385
3386 3386
1591 3388
4547 3390
2803 3391
3392 3392
2393 3394
5525 3396
3397 3397
3398 3398
2809 3400
5657 3401
2771 3403
310 3404
2623 3405
3935 3406
78 3408
3409 3409
3278 3410
3412 3412
6327 3413
287 3414
2451 3415
3417 3417
1261 3418
716 3419
3420 3420
5438 3421
3423 3423
3424 3424
5397 3427
4710 3428
3429 3429
3919 3432
1698 3434
3301 3435
3437 3437
3440 3440
150 3443
6647 3446
3447 3447
402 3449
6676 3450
2161 3451
5760 3453
1152 3454
3455 3455
1433 3456
3458 3458
2603 3459
529 3460
900 3465
3627 3469
274 3473
3476 3476
3085 3479
1119 3480
2666 3482
3627 3484
1078 3486
4290 3487
3329 3490
3495 3495
4290 3497
6795 3498
3254 3500
251 3501
1451 3503
1829 3504
3506 3506
5316 3509
3773 3511
3514 3514
3515 3515
3735 3517
5005 3518
3408 3519
5489 3521
5498 3522
810 3524
5497 3525
2058 3526
2510 3527
1264 3531
5227 3532
2755 3534
251 3535
3538 3538
3060 3539
3541 3541
3542 3542
4040 3544
3545 3545
3547 3547
3548 3548
3550 3550
6868 3551
2759 3553
5989 3554
6545 3556
394 3561
3849 3563
1854 3565
808 3566
1382 3567
3568 3568
6828 3569
3570 3570
2629 3571
736 3572
263 3573
3576 3576
6567 3579
6152 3580
4910 3592
6009 3594
2145 3596
3600 3600
3601 3601
3602 3602
6696 3605
3607 3607
5507 3608
3609 3609
4560 3610
3613 3613
2393 3614
3927 3615
3616 3616
5922 3617
3085 3620
3621 3621
5352 3622
4479 3625
3628 3628
3631 3631
3633 3633
4367 3635
3277 3636
3637 3637
3638 3638
3639 3639
5316 3640
1997 3642
3643 3643
930 3644
4324 3646
3648 3648
3649 3649
4604 3650
3652 3652
4677 3653
4219 3654
6261 3655
6409 3656
5397 3657
5270 3659
6655 3660
4131 3661
2771 3663
2546 3665
891 3667
3671 3671
3673 3673
5386 3675
6291 3676
3679 3679
5415 3681
3682 3682
4757 3683
858 3685
4290 3687
15 3690
3698 3698
141 3700
4473 3701
3240 3703
3704 3704
3706 3706
833 3708
5024 3710
2768 3711
3278 3712
799 3713
5268 3717
4290 3718
3720 3720
3721 3721
3723 3723
446 3725
3726 3726
3728 3728
6769 3731
6038 3735
3807 3736
1680 3737
3738 3738
2246 3739
1224 3740
1128 3742
5631 3743
6484 3746
3774 3749
3752 3752
6868 3753
3750 3754
4899 3755
4004 3756
3437 3757
5826 3763
342 3764
1857 3765
3766 3766
5059 3767
5601 3768
4905 3769
1299 3771
2884 3776
3777 3777
1087 3778
3779 3779
3780 3780
5360 3781
3782 3782
3786 3786
6816 3787
568 3789
4102 3790
76 3791
307 3792
3795 3795
1299 3799
2670 3802
749 3808
3809 3809
3810 3810
6750 3812
3368 3813
4562 3818
1429 3819
3627 3820
287 3822
3824 3824
4290 3826
6317 3828
3829 3829
590 3830
4464 3832
3833 3833
2118 3837
150 3838
3839 3839
3001 3840
2736 3841
3844 3844
1962 3846
6712 3848
5005 3850
221 3852
3853 3853
3854 3854
3856 3856
5979 3858
3033 3859
1642 3860
3861 3861
6553 3862
1522 3863
730 3864
1065 3867
3874 3874
848 3877
781 3879
4567 3880
6214 3881
4701 3882
3883 3883
3884 3884
4598 3891
6858 3893
3895 3895
3383 3896
4623 3897
2629 3900
657 3905
56 3907
6502 3911
6071 3912
2307 3916
3917 3917
4727 3922
498 3925
4449 3927
427 3928
3566 3932
4189 3935
3936 3936
6122 3939
119 3940
3941 3941
3942 3942
4879 3943
1175 3944
5728 3947
3287 3948
6733 3950
5584 3951
6319 3954
3633 3956
288 3958
3962 3962
3106 3964
2071 3966
6324 3968
1437 3971
1957 3973
1698 3974
3975 3975
3976 3976
3978 3978
3979 3979
3983 3983
4522 3985
4521 3987
3989 3989
2745 3994
3331 3995
3999 3999
5349 4001
3600 4002
5757 4003
5210 4006
4009 4009
4010 4010
5054 4013
4014 4014
2670 4016
3170 4017
1730 4018
5174 4020
4023 4023
2755 4026
4027 4027
3320 4029
5566 4030
4032 4032
4035 4035
4784 4036
4038 4038
2629 4039
1166 4040
2143 4041
4042 4042
3516 4044
1631 4045
1566 4046
4048 4048
2478 4049
5785 4050
543 4053
4055 4055
1473 4057
4058 4058
82 4061
4646 4062
1225 4065
4066 4066
5105 4068
1184 4070
4071 4071
4074 4074
4077 4077
4082 4082
2984 4084
1067 4085
4956 4090
4092 4092
1933 4093
4095 4095
3240 4096
5924 4097
1829 4098
4885 4102
6761 4104
6666 4105
1812 4106
3915 4107
1938 4108
4110 4110
3772 4111
6637 4115
2895 4116
4916 4118
1308 4120
4123 4123
505 4125
4128 4128
5774 4130
2794 4131
4135 4135
4252 4136
3966 4138
4142 4142
4559 4144
4145 4145
1054 4146
4147 4147
3861 4149
4150 4150
1196 4151
4153 4153
4157 4157
2480 4158
4161 4161
19 4162
1739 4163
5004 4165
4166 4166
4290 4167
4168 4168
4169 4169
3337 4170
4171 4171
4174 4174
552 4177
3699 4179
2742 4183
4184 4184
4185 4185
4050 4186
1363 4187
4189 4189
4192 4192
6141 4194
4197 4197
4281 4200
8 4201
3169 4202
32 4204
2884 4205
5933 4206
4208 4208
6719 4210
4212 4212
6068 4215
4219 4219
5178 4221
4291 4225
4863 4226
4227 4227
59 4229
1965 4231
6647 4233
5811 4234
6014 4236
3667 4237
4238 4238
4240 4240
4241 4241
6617 4242
1530 4243
6264 4244
1735 4245
1827 4246
1437 4249
4251 4251
4253 4253
5270 4256
4290 4257
4203 4258
1273 4260
4262 4262
4909 4264
1171 4265
867 4266
199 4267
4448 4269
4860 4271
4272 4272
3583 4274
4377 4282
4283 4283
4284 4284
6644 4285
671 4286
3462 4287
4288 4288
4289 4289
5880 4291
4293 4293
4296 4296
4299 4299
6322 4300
6292 4302
4303 4303
3527 4304
6794 4306
1654 4307
2175 4309
4317 4317
3671 4318
4328 4328
4329 4329
3586 4330
4331 4331
62 4332
669 4334
4335 4335
6033 4336
4337 4337
5179 4338
4340 4340
4343 4343
4344 4344
1698 4345
4349 4349
2429 4351
4352 4352
4652 4353
4354 4354
5616 4355
4357 4357
1973 4360
4362 4362
4364 4364
795 4365
4366 4366
4370 4370
6032 4371
4372 4372
62 4373
2078 4374
1437 4375
3065 4376
2145 4377
921 4378
1130 4380
6662 4382
234 4384
6065 4385
4386 4386
4387 4387
2450 4388
4392 4392
1156 4393
5688 4394
6320 4395
6686 4397
4398 4398
5346 4399
4401 4401
4402 4402
385 4404
4405 4405
4407 4407
2429 4410
5879 4413
4417 4417
4418 4418
4420 4420
4421 4421
4758 4426
2258 4427
5081 4431
4432 4432
406 4435
4437 4437
4438 4438
4440 4440
4443 4443
3505 4445
1949 4446
4448 4448
6475 4449
4454 4454
5431 4456
4457 4457
4458 4458
4459 4459
5678 4461
2459 4462
3009 4464
6445 4468
4130 4470
2642 4471
858 4477
2067 4478
1829 4479
4562 4486
3805 4487
4489 4489
4493 4493
2719 4494
753 4496
5086 4497
4503 4503
4504 4504
609 4505
4506 4506
2202 4509
6411 4515
4519 4519
4521 4521
4440 4522
4523 4523
1698 4529
5151 4531
1051 4534
6110 4543
4857 4544
6440 4545
1220 4546
196 4547
4550 4550
4556 4556
2314 4560
3781 4564
3085 4566
2223 4567
5550 4568
1654 4569
4571 4571
4604 4572
4573 4573
4409 4576
6699 4579
4581 4581
1689 4582
3710 4583
4144 4584
2095 4588
4590 4590
5397 4592
4597 4597
4598 4598
4599 4599
1473 4603
3121 4606
4607 4607
494 4609
4610 4610
5015 4611
4613 4613
4615 4615
4355 4620
1044 4623
6297 4626
5635 4628
3857 4630
4632 4632
1167 4635
4636 4636
3134 4638
4639 4639
830 4641
3476 4642
6639 4646
967 4648
4649 4649
3060 4654
1078 4655
4660 4660
6141 4661
6493 4662
4942 4667
4668 4668
2342 4669
4891 4671
5879 4679
3140 4680
4940 4682
2446 4684
4687 4687
4688 4688
4689 4689
4928 4690
5931 4692
3413 4693
1744 4694
2394 4695
4697 4697
4698 4698
4700 4700
980 4701
6605 4705
5635 4707
4709 4709
3204 4716
5029 4717
4004 4722
2161 4723
4724 4724
4725 4725
5631 4727
2689 4728
2109 4729
4730 4730
1456 4731
3668 4732
5868 4734
4736 4736
82 4737
6680 4738
264 4739
4741 4741
4742 4742
5467 4743
4744 4744
4745 4745
4746 4746
1449 4747
2234 4748
3321 4749
4754 4754
4290 4756
4757 4757
6297 4758
3374 4759
6148 4760
4761 4761
1993 4762
4763 4763
4764 4764
4132 4766
4103 4767
4171 4768
6003 4769
6501 4771
921 4772
4775 4775
4857 4777
4778 4778
567 4782
4783 4783
4283 4784
1455 4791
4942 4795
4798 4798
4801 4801
6217 4802
2631 4804
4815 4815
4816 4816
4290 4817
4040 4818
5019 4821
1273 4822
2528 4825
2307 4826
5708 4827
4828 4828
4930 4831
2240 4832
4650 4833
5151 4834
4207 4835
4842 4842
660 4843
1548 4844
4493 4846
3134 4848
4849 4849
4852 4852
483 4855
4856 4856
3902 4858
4859 4859
1447 4860
4865 4865
6527 4868
4869 4869
4871 4871
5799 4873
559 4875
836 4878
4881 4881
4883 4883
161 4884
749 4885
2393 4886
4887 4887
6094 4889
4757 4892
3118 4893
3807 4896
430 4897
2366 4899
3201 4900
2394 4904
5996 4905
416 4907
6157 4909
658 4911
4912 4912
4914 4914
1185 4915
3104 4917
4918 4918
1473 4919
4921 4921
4857 4923
1473 4926
4927 4927
4929 4929
4930 4930
3085 4933
4934 4934
1927 4935
4936 4936
6427 4938
563 4939
4940 4940
4941 4941
2153 4945
4809 4947
4950 4950
4953 4953
2996 4955
4956 4956
4930 4958
4239 4959
4281 4960
4962 4962
2140 4963
1450 4964
4027 4965
4966 4966
4968 4968
4973 4973
1125 4974
6288 4980
4981 4981
4982 4982
4984 4984
4985 4985
5057 4986
4989 4989
4994 4994
3627 4996
6082 4997
4588 4998
1920 5002
69 5003
4838 5004
6294 5005
6036 5006
5007 5007
3278 5017
4054 5018
4671 5019
2703 5020
5021 5021
5024 5024
6354 5029
1138 5031
6398 5032
5757 5033
5035 5035
335 5036
6755 5038
6032 5039
1784 5041
1261 5042
4112 5044
5045 5045
3414 5047
2414 5048
5345 5049
2282 5050
2434 5054
3296 5055
5056 5056
1054 5057
5330 5061
6340 5062
2237 5063
5064 5064
6201 5065
1468 5066
2086 5069
4149 5073
2340 5075
140 5076
5166 5078
537 5081
5879 5082
2985 5083
2153 5087
1115 5089
3085 5091
5270 5092
3895 5093
1828 5096
5099 5099
5100 5100
5101 5101
5102 5102
1148 5103
3562 5104
5105 5105
2494 5106
5107 5107
5579 5110
2998 5113
5117 5117
5584 5118
997 5119
4290 5122
1017 5123
5124 5124
4562 5125
1981 5128
5134 5134
5136 5136
2429 5137
4377 5138
4132 5140
6615 5141
5143 5143
2623 5146
2987 5147
624 5148
5264 5159
5163 5163
431 5164
5165 5165
747 5167
2869 5169
6163 5170
5052 5173
4020 5174
5879 5176
4857 5177
5178 5178
5179 5179
1813 5180
5181 5181
5585 5182
578 5183
568 5189
748 5190
5192 5192
5981 5193
4610 5194
4290 5197
5198 5198
5530 5200
991 5201
2295 5202
1938 5203
5206 5206
4393 5207
6256 5208
4659 5209
937 5211
346 5212
2870 5213
3260 5214
5215 5215
1066 5218
2282 5221
2692 5222
2195 5224
5225 5225
5229 5229
6639 5232
559 5236
660 5238
446 5240
5241 5241
5242 5242
5247 5247
62 5248
5249 5249
3414 5250
5251 5251
6574 5252
2111 5253
5119 5255
2573 5256
3983 5257
6553 5268
5270 5270
2168 5272
753 5277
4182 5279
5281 5281
483 5283
5284 5284
4024 5285
2689 5287
4726 5289
2955 5290
2241 5291
5292 5292
5295 5295
3414 5296
5297 5297
5298 5298
4308 5300
3707 5302
3155 5303
3609 5306
5308 5308
6540 5309
5151 5310
5311 5311
1425 5312
1165 5313
43 5314
980 5316
6728 5318
859 5320
5321 5321
1166 5322
6816 5325
5328 5328
4707 5329
4726 5331
5332 5332
2192 5334
5336 5336
5344 5344
1812 5345
5346 5346
2322 5347
6136 5349
6411 5350
5355 5355
1270 5356
816 5357
3508 5360
5361 5361
5316 5362
4479 5363
3284 5365
5366 5366
2346 5368
5139 5371
2742 5372
4605 5373
5374 5374
3183 5375
1125 5376
5378 5378
5384 5384
2886 5386
6574 5387
5879 5388
5389 5389
2902 5390
5014 5391
5393 5393
43 5396
3519 5397
5398 5398
1059 5399
3337 5400
371 5402
6566 5403
5066 5405
5713 5407
5409 5409
3169 5411
5255 5412
5413 5413
3100 5415
4956 5418
5421 5421
256 5423
6071 5425
5427 5427
5688 5431
2768 5432
1862 5436
2233 5438
2758 5439
4905 5441
5443 5443
4605 5444
1168 5449
5451 5451
5255 5452
1363 5453
3476 5454
5456 5456
4479 5457
6798 5459
5464 5464
4364 5466
4233 5467
5468 5468
6491 5469
6534 5471
5473 5473
5474 5474
6387 5476
4936 5483
5484 5484
5486 5486
5488 5488
2394 5491
4290 5494
5495 5495
5496 5496
5497 5497
5498 5498
5499 5499
4629 5501
5504 5504
6707 5505
5879 5507
5510 5510
5511 5511
5166 5512
6478 5513
5514 5514
495 5515
5516 5516
230 5518
5519 5519
4290 5521
5522 5522
5525 5525
3218 5528
3232 5529
5016 5530
4065 5534
6110 5535
5536 5536
6683 5537
5538 5538
932 5539
5540 5540
2480 5542
2062 5543
5544 5544
4564 5547
4902 5549
6581 5552
5553 5553
1587 5554
736 5555
2729 5557
5560 5560
2849 5566
2082 5574
3240 5575
1125 5576
2067 5579
5708 5581
4070 5584
2891 5585
5658 5588
6713 5589
5100 5590
5398 5591
1437 5592
3497 5594
521 5597
5598 5598
4547 5599
3169 5600
5601 5601
2246 5602
1688 5603
2406 5606
5764 5607
251 5608
5598 5609
5154 5611
523 5612
2316 5613
1702 5618
1955 5619
1166 5620
3505 5622
3732 5623
5625 5625
5626 5626
5652 5627
2934 5628
1176 5629
5378 5630
3922 5631
5708 5634
5635 5635
3136 5637
5638 5638
6573 5640
5641 5641
5940 5642
1938 5644
3914 5645
5648 5648
5651 5651
718 5652
2958 5654
6183 5655
3018 5657
5659 5659
5663 5663
5664 5664
2014 5665
5666 5666
5667 5667
6639 5668
1171 5669
3309 5671
5712 5673
3413 5675
2840 5676
3797 5678
4347 5679
5683 5683
1929 5687
5691 5691
5391 5694
6306 5696
4206 5697
5701 5701
5702 5702
5703 5703
4757 5705
3516 5706
3533 5707
2403 5710
5524 5711
1202 5712
5714 5714
5715 5715
5688 5718
5105 5719
5720 5720
5724 5724
5725 5725
2446 5727
3947 5728
1849 5729
5740 5740
5741 5741
14 5742
5160 5743
5748 5748
5749 5749
1760 5750
5106 5751
4428 5753
5755 5755
1261 5756
668 5758
5762 5762
56 5763
2680 5766
5767 5767
5768 5768
4848 5769
4099 5770
5415 5771
3909 5773
1808 5774
5775 5775
1698 5776
6605 5777
5778 5778
760 5779
3579 5782
5783 5783
3897 5784
3732 5787
5789 5789
2908 5790
5791 5791
3919 5792
933 5794
5948 5798
5799 5799
4290 5802
5804 5804
899 5805
5806 5806
5807 5807
5811 5811
3547 5812
5813 5813
3148 5814
1777 5817
3449 5821
4040 5822
3085 5823
3203 5824
3 5826
5566 5827
5831 5831
4025 5833
5834 5834
5675 5835
2996 5836
5579 5837
5838 5838
3085 5839
6098 5842
2024 5843
5994 5844
5851 5851
6250 5854
4637 5855
1444 5858
5181 5861
4290 5862
5863 5863
6757 5864
4290 5865
2161 5867
5868 5868
5869 5869
4218 5871
5873 5873
1130 5874
5879 5875
2436 5876
3085 5879
6841 5881
5879 5882
4635 5883
3326 5887
3259 5888
6311 5891
2246 5901
3077 5904
1594 5905
4281 5906
5908 5908
4313 5912
795 5914
4290 5915
2466 5917
5924 5924
6134 5925
5758 5926
5927 5927
6017 5928
4473 5929
4229 5930
5931 5931
4343 5935
3198 5937
5941 5941
2161 5943
5946 5946
5951 5951
2101 5952
5953 5953
2562 5957
5009 5962
4228 5965
1721 5967
4310 5968
3366 5972
1026 5974
4290 5977
4650 5980
3385 5981
5982 5982
2930 5984
5985 5985
5986 5986
5988 5988
5990 5990
1938 5993
4905 5996
5997 5997
5998 5998
5999 5999
1782 6000
21 6003
4868 6005
3013 6008
5451 6012
1975 6013
5424 6015
2436 6017
1810 6019
5222 6020
6023 6023
1243 6029
1938 6030
4529 6031
6032 6032
2437 6033
2240 6035
6038 6038
1460 6039
6363 6041
5221 6042
6043 6043
150 6044
6045 6045
1096 6047
3583 6048
6050 6050
6864 6051
6054 6054
1927 6056
6057 6057
6040 6058
2797 6059
6062 6062
1938 6063
3062 6067
5773 6072
6075 6075
6077 6077
6080 6080
6085 6085
807 6086
6087 6087
6089 6089
6090 6090
710 6091
2185 6092
2712 6094
2726 6095
4099 6096
5852 6098
5265 6102
6105 6105
3455 6106
3548 6108
6110 6110
734 6112
5316 6115
3562 6118
2958 6121
1675 6122
2799 6125
480 6126
2582 6127
4225 6130
5622 6132
6134 6134
6639 6135
6136 6136
796 6138
4493 6139
3150 6140
4290 6142
6147 6147
6831 6148
6150 6150
5282 6151
4944 6152
1749 6154
2622 6158
6159 6159
4290 6160
5579 6161
6163 6163
4998 6164
6166 6166
6170 6170
1864 6172
4453 6174
1270 6179
446 6182
460 6184
6185 6185
6805 6188
6189 6189
4545 6191
3622 6192
259 6198
4707 6200
5207 6201
4218 6204
1125 6205
3428 6206
6212 6212
6216 6216
1698 6221
2884 6225
4574 6227
4720 6234
4349 6235
4638 6237
2062 6240
6112 6241
5015 6244
4930 6246
6247 6247
6248 6248
712 6249
2495 6251
5769 6252
6254 6254
294 6261
4290 6263
6264 6264
886 6266
1795 6267
6808 6268
1118 6269
2686 6271
6275 6275
462 6277
6278 6278
1373 6279
6281 6281
3163 6282
887 6285
3385 6286
3196 6287
69 6289
6293 6293
6295 6295
6291 6296
3377 6297
5144 6300
5253 6301
5014 6304
5909 6306
1283 6310
4147 6312
6314 6314
6315 6315
847 6316
6225 6319
4517 6322
6323 6323
6327 6327
6332 6332
6337 6337
1962 6341
4942 6342
5791 6346
1947 6347
6374 6350
4885 6353
4105 6354
6356 6356
6358 6358
1308 6359
4941 6360
5190 6361
6363 6363
1039 6364
4989 6365
5015 6367
5879 6375
863 6376
1909 6380
5989 6381
2527 6382
6383 6383
6389 6389
5515 6390
4112 6391
3085 6392
4132 6393
6395 6395
6398 6398
2140 6402
4464 6405
4689 6406
1972 6408
6409 6409
1914 6410
6411 6411
3607 6413
6415 6415
4281 6416
3326 6418
2269 6419
769 6422
3810 6425
3927 6426
5879 6432
3261 6433
6435 6435
6170 6439
6440 6440
3890 6443
6444 6444
2454 6445
6446 6446
6448 6448
3483 6449
6450 6450
5270 6452
1196 6454
6455 6455
4445 6460
679 6465
6466 6466
2797 6467
6470 6470
5342 6473
498 6475
6477 6477
5593 6481
2138 6483
6484 6484
2072 6485
2241 6486
6783 6487
2372 6488
638 6498
4360 6499
5788 6502
6503 6503
6506 6506
2917 6507
6509 6509
5511 6511
1559 6512
5288 6514
192 6516
4463 6518
6519 6519
71 6520
567 6521
2930 6522
6524 6524
2917 6525
5674 6526
6527 6527
6529 6529
6530 6530
4290 6533
2356 6534
5913 6535
6537 6537
6538 6538
6539 6539
6541 6541
590 6543
5929 6548
6549 6549
6100 6552
724 6553
6554 6554
6450 6557
6559 6559
6563 6563
6564 6564
4166 6571
5166 6572
6573 6573
6574 6574
6138 6575
649 6577
3118 6579
4408 6583
4740 6584
6585 6585
4756 6588
5264 6590
6533 6591
6592 6592
2878 6593
6845 6594
3772 6596
2517 6599
3368 6602
6603 6603
251 6604
6605 6605
1518 6606
904 6610
5151 6612
2697 6616
4242 6617
984 6619
1973 6620
2112 6622
3766 6623
6626 6626
2966 6631
5491 6632
4828 6635
6636 6636
3636 6637
6638 6638
61 6639
3711 6640
6643 6643
6644 6644
2764 6645
6647 6647
2208 6648
6649 6649
6650 6650
1050 6652
3660 6655
2978 6656
5704 6657
4015 6659
1439 6660
1033 6663
670 6664
3613 6665
2208 6667
1726 6668
4104 6669
3287 6670
609 6676
6678 6678
6683 6683
3143 6685
6686 6686
6689 6689
5270 6690
2755 6691
4701 6694
355 6696
4453 6699
4058 6700
5763 6702
5550 6704
4009 6705
6706 6706
1380 6707
1024 6709
5222 6710
6712 6712
4372 6713
6715 6715
5688 6716
5773 6717
2342 6718
4902 6719
1975 6721
5647 6722
6725 6725
6727 6727
6729 6729
1810 6730
6851 6732
6733 6733
6734 6734
6736 6736
6739 6739
3696 6740
6741 6741
3232 6743
6746 6746
2768 6747
6750 6750
5622 6752
6757 6757
3880 6759
6760 6760
5034 6765
4290 6767
6769 6769
6771 6771
6774 6774
5401 6775
4965 6776
4644 6778
6779 6779
1938 6780
6783 6783
5489 6785
6787 6787
344 6788
5074 6789
6792 6792
4039 6794
1868 6796
4153 6797
4560 6798
6800 6800
4562 6801
60 6802
2161 6803
6804 6804
274 6805
6807 6807
6808 6808
6809 6809
4581 6812
6422 6814
6817 6817
4796 6818
3496 6819
2921 6822
6824 6824
2812 6826
4229 6828
665 6829
6830 6830
5045 6832
2162 6835
1165 6836
3490 6838
2272 6839
3265 6840
752 6843
6844 6844
3483 6845
6847 6847
4290 6848
2291 6849
62 6854
6856 6856
3661 6857
6859 6859
5278 6863
6865 6865
6866 6866
6868 6868
6869 6869
6870 6870
6872 6872
6874 6874
468 6875
385 6876
6877 6877
4067 6878
493 6882
1980 6885
