5352 0
3917 6
3859 9
6359 16
1329 17
3696 27
6282 30
4350 31
6453 33
1074 36
2562 39
594 40
2256 45
2046 46
5793 48
6536 58
280 62
4902 66
3753 68
4884 69
5843 74
1690 76
3667 78
6816 80
1786 81
855 85
2599 87
479 94
98 98
5456 100
645 105
4896 107
4652 108
5390 109
6574 112
191 115
4267 123
6818 128
1125 129
5314 139
6076 141
6661 145
2791 148
6512 149
4687 150
3836 152
4489 155
2221 158
164 164
1087 168
3876 169
3117 171
5654 177
6057 180
718 182
1810 184
5226 185
6516 194
1238 202
2456 203
459 206
5962 209
5793 214
4875 216
4669 218
3944 224
4760 226
4273 227
1995 228
1849 231
1759 232
1141 235
160 236
1801 241
4267 242
1551 248
2553 249
5493 250
870 254
2948 256
5917 257
6228 258
197 261
3624 263
4598 264
1333 265
1175 269
1633 270
5569 271
125 272
1303 277
4888 280
1990 282
2040 284
6084 286
5208 294
2377 302
2945 303
1566 304
3421 305
1632 307
4450 308
5564 310
5438 313
827 317
4578 318
4578 319
1403 320
1928 321
4006 322
1984 328
635 332
2736 333
2039 338
3260 342
3762 345
4629 346
5295 347
5260 353
663 355
297 357
2964 362
2667 364
1983 366
2746 367
1602 370
996 372
3279 375
4546 377
3487 380
167 383
464 387
121 391
4355 395
4350 397
3763 401
1783 402
4039 404
4384 405
5932 407
4891 410
5968 412
5663 414
2869 416
2743 418
3051 420
6080 421
414 422
1372 424
2595 425
2531 426
4551 429
5714 433
2468 434
4385 436
4607 439
5180 441
5171 444
3624 446
5250 451
1367 452
5727 453
5545 454
6187 455
206 459
3657 460
1317 464
4384 467
112 468
1319 469
3134 481
1644 487
4738 489
1374 490
917 491
3964 492
1027 493
1035 498
4495 500
5906 501
2686 502
551 504
2484 513
203 516
4736 521
4120 523
5919 524
655 530
2181 533
90 535
3224 539
541 541
6467 546
2620 552
6553 554
2617 555
121 564
1773 565
2584 566
2072 568
2667 570
6302 574
5871 575
4007 578
6488 580
5736 583
5569 585
6714 587
907 591
2021 592
3609 593
1946 597
5374 598
2147 599
3334 600
5653 601
5693 605
526 607
3765 609
3246 610
1326 611
4109 617
4248 618
5653 621
2041 623
1886 625
1278 630
3496 631
2904 632
4598 635
3327 636
395 637
254 638
3717 641
6768 645
2985 648
1267 649
3000 650
383 651
6812 652
3280 653
6712 656
1771 661
3731 662
2793 663
5972 665
2743 667
2938 670
6670 671
4344 673
2128 679
1186 680
1316 682
5 692
2710 698
4400 699
4152 700
1388 711
5520 717
532 719
1256 720
1537 723
3132 725
4124 726
1244 727
5065 729
2886 738
4350 740
6421 745
186 753
671 759
2091 760
5954 770
697 778
4400 779
3765 783
5375 787
1355 788
655 790
472 791
471 792
2594 798
3461 799
2078 800
996 801
759 807
4995 809
118 810
4735 814
4145 818
1524 822
827 827
1887 829
3836 832
4054 835
4084 838
1972 840
2439 841
684 842
844 849
1919 851
543 854
5419 860
2151 861
6052 864
623 869
3859 877
6026 878
3646 879
6080 880
585 881
5629 887
3624 892
4754 896
4019 897
3090 901
5545 906
186 909
6061 910
2708 913
1267 918
3421 919
5698 923
4578 925
5870 935
6023 937
4199 939
6390 942
1532 943
1871 944
2803 949
5633 952
249 958
6821 964
2652 968
3958 970
2954 971
1575 972
5108 973
1348 977
6628 978
4094 979
5962 983
5906 985
4128 989
91 991
350 992
5382 994
4831 995
2506 1005
1470 1010
5660 1016
1524 1017
381 1024
6080 1031
1074 1036
5569 1037
2542 1039
4731 1042
4875 1046
1657 1049
5985 1051
4605 1053
2389 1055
848 1056
1698 1058
2100 1059
5954 1061
6242 1063
6878 1064
991 1068
3540 1071
6076 1075
6326 1076
5759 1082
4007 1083
5072 1103
161 1104
109 1106
5183 1107
4879 1111
6302 1117
4551 1118
1598 1132
5932 1135
188 1138
1611 1139
1009 1143
5564 1152
416 1153
1871 1156
5564 1166
4580 1169
423 1170
4355 1171
1408 1175
5452 1184
5307 1185
2720 1186
509 1189
3789 1194
2938 1197
2953 1199
6577 1200
4919 1203
5155 1206
3795 1214
1403 1219
1928 1223
1450 1224
145 1235
1840 1237
4389 1239
2839 1241
3686 1243
994 1247
1286 1248
1351 1250
4650 1251
5994 1253
3496 1258
2232 1260
3593 1261
5026 1262
1049 1265
3859 1266
3957 1271
959 1273
4734 1274
3833 1275
5173 1276
1727 1278
2247 1280
5317 1281
3522 1282
3412 1289
1810 1294
1533 1295
1444 1296
5792 1298
271 1299
6156 1303
2830 1311
1471 1314
5758 1316
408 1317
1829 1319
2529 1320
3352 1323
5672 1325
3152 1326
6221 1328
2851 1334
5382 1335
5517 1336
3688 1337
759 1339
1403 1340
2110 1346
540 1355
5932 1358
4121 1359
5942 1360
4121 1368
6545 1372
1391 1373
3859 1374
1457 1378
2963 1379
5763 1381
907 1382
632 1390
6776 1391
3323 1393
5360 1395
3351 1398
1810 1401
4799 1411
2169 1416
6110 1418
5942 1419
482 1420
1471 1422
4356 1424
335 1431
3961 1437
6473 1440
3450 1445
4655 1446
1689 1449
890 1457
6859 1460
1463 1463
5342 1468
4215 1469
5469 1474
5519 1488
3981 1498
1845 1503
4258 1506
5151 1507
6201 1508
6869 1511
5663 1520
5484 1523
2238 1524
6138 1526
2685 1533
5471 1541
3583 1543
651 1544
3496 1545
1682 1547
6048 1549
2733 1551
4318 1552
3452 1553
3029 1554
5787 1555
2394 1556
3545 1559
1763 1560
2249 1566
3053 1571
1163 1573
4808 1579
287 1580
3987 1582
5250 1584
1586 1586
1447 1587
336 1589
1591 1591
47 1594
4157 1595
5795 1596
5003 1598
3937 1609
3519 1611
2855 1613
3805 1615
5520 1619
1094 1621
2896 1623
3055 1624
3519 1627
2594 1628
6769 1633
6110 1634
2447 1638
315 1639
2078 1656
6017 1659
2031 1666
3143 1667
4921 1671
4350 1672
3859 1675
4200 1682
2736 1691
3264 1692
2614 1695
4477 1702
6297 1704
5042 1708
5160 1711
3132 1713
2374 1716
2632 1717
1255 1719
6373 1722
1611 1724
1345 1727
6755 1732
1522 1733
5169 1734
994 1736
1111 1741
2720 1752
2027 1753
2106 1755
5307 1760
1702 1761
3416 1762
315 1764
657 1765
1636 1768
1284 1769
3904 1776
2873 1782
2716 1786
5655 1789
5456 1792
5553 1796
1990 1797
5260 1803
448 1809
5002 1814
2546 1816
16 1822
6886 1829
3943 1831
2979 1832
2374 1836
827 1840
4350 1842
2499 1844
658 1852
6475 1853
632 1856
3284 1857
2374 1858
1949 1862
266 1866
884 1874
2670 1875
3092 1876
4282 1881
3327 1884
1893 1885
73 1886
973 1892
568 1893
3484 1894
840 1897
5832 1901
6545 1905
3372 1907
2145 1908
787 1913
6201 1914
4521 1922
3452 1927
1481 1932
842 1936
1008 1940
6560 1943
4116 1946
3160 1947
6076 1951
5382 1952
2488 1954
4310 1956
1077 1957
2714 1962
2772 1964
5118 1966
6853 1968
5714 1970
47 1978
2292 1983
42 1989
1170 1992
1515 1993
3450 2003
2319 2006
5431 2008
3624 2009
3734 2012
5118 2013
6886 2016
4838 2017
5065 2020
161 2024
1618 2034
2553 2037
1698 2038
959 2040
2169 2041
1119 2045
471 2048
6695 2057
4384 2063
1702 2064
4220 2066
4124 2067
4782 2070
4960 2072
1947 2077
2599 2079
5118 2080
4327 2085
336 2091
4180 2097
6279 2100
5969 2101
271 2104
1817 2105
3156 2106
946 2107
120 2117
3852 2118
6057 2123
4156 2125
2882 2132
1542 2136
2004 2137
2749 2140
4350 2141
5714 2143
6241 2146
5271 2147
3957 2148
1862 2156
3904 2157
3334 2161
3461 2162
6591 2163
3452 2164
3452 2172
4611 2173
4114 2174
4756 2178
5012 2179
4502 2180
3981 2184
2717 2188
3159 2190
2091 2192
3483 2194
796 2197
2202 2202
5414 2204
6296 2206
121 2207
5790 2213
6598 2215
3484 2217
564 2221
3764 2225
5989 2230
4439 2232
2269 2234
6476 2238
3391 2240
4867 2242
1804 2244
2046 2246
3072 2259
3064 2261
458 2264
467 2266
2993 2268
4575 2269
4185 2276
4336 2279
1413 2282
3037 2286
884 2288
980 2289
5699 2290
2675 2294
5410 2295
2794 2297
1372 2301
5317 2307
1275 2308
2930 2311
3041 2315
1712 2317
1336 2323
4962 2324
822 2327
6029 2330
440 2335
3957 2343
5511 2344
6768 2346
2193 2347
1524 2349
6853 2354
3943 2357
5536 2362
1419 2367
4351 2369
3280 2370
3815 2372
5377 2378
6856 2379
563 2385
6242 2386
2481 2393
4776 2395
207 2398
6620 2400
5156 2404
6125 2411
1465 2412
5215 2415
3327 2416
1637 2419
5490 2423
2529 2424
6612 2428
3905 2429
3308 2430
6584 2433
1744 2434
2355 2440
4596 2441
2693 2447
2771 2449
2332 2453
1271 2457
5257 2459
2747 2461
280 2465
2472 2466
551 2472
2439 2474
6577 2476
3295 2478
5795 2479
4220 2481
1912 2482
5210 2483
6613 2484
5821 2486
2208 2490
1471 2492
181 2496
266 2501
4810 2502
4564 2508
4495 2509
3117 2510
4355 2513
6260 2517
5855 2519
5864 2522
6740 2526
3065 2531
1620 2532
2397 2534
4495 2535
5474 2540
2851 2548
5500 2552
2813 2555
4776 2559
4124 2560
5345 2562
2773 2567
2079 2573
414 2579
3159 2583
5519 2584
2220 2587
6477 2588
6026 2590
3933 2593
74 2596
5182 2602
731 2605
2181 2613
4838 2614
1391 2616
2619 2619
6110 2620
3163 2622
6409 2626
3987 2628
5107 2630
5344 2631
3319 2632
1611 2633
6502 2634
59 2635
119 2636
4510 2637
3544 2640
6242 2645
2871 2653
6155 2654
6305 2663
2016 2671
2270 2672
220 2676
4190 2679
5931 2681
4650 2686
5962 2692
4303 2693
1144 2697
1429 2699
5645 2702
5545 2708
4350 2710
1611 2713
1786 2716
2500 2718
1144 2720
2362 2721
1786 2722
4350 2723
121 2727
2522 2728
2385 2729
882 2733
961 2736
1431 2737
4495 2738
3832 2742
651 2743
4687 2744
536 2745
3448 2756
5140 2757
6238 2760
4879 2762
5972 2763
3121 2765
2295 2766
3836 2769
5968 2779
3246 2780
872 2785
4220 2787
4515 2789
249 2791
1552 2792
2209 2794
5013 2795
6607 2796
5987 2797
6710 2808
6860 2810
6026 2812
3230 2813
5308 2815
6326 2816
2129 2819
2357 2822
4992 2824
5545 2826
3217 2827
1542 2829
3117 2831
6825 2832
1591 2833
6768 2836
3123 2837
4894 2840
875 2845
2923 2846
5714 2847
6411 2848
1088 2850
6430 2856
2901 2857
3398 2858
283 2861
1217 2864
6477 2865
3119 2866
3031 2868
381 2876
5389 2877
3961 2883
379 2888
6228 2889
3575 2890
5081 2891
4621 2897
1705 2901
271 2903
6811 2907
1077 2913
5705 2920
855 2923
3254 2927
4225 2929
3103 2930
4389 2932
5776 2933
1836 2936
6086 2953
964 2954
1682 2959
3668 2964
6163 2967
5764 2970
2330 2971
6302 2973
3917 2974
66 2985
3562 2988
6670 2992
5520 2997
6868 3000
5846 3006
1818 3008
5474 3009
5464 3010
1075 3012
2653 3013
4553 3016
4772 3017
5705 3023
3257 3030
5070 3033
1272 3039
6627 3045
5999 3046
2736 3047
6173 3050
3844 3053
6445 3057
303 3068
4509 3073
486 3074
2436 3080
5520 3082
1238 3086
5954 3087
3006 3090
3985 3094
1893 3102
2709 3106
3280 3108
5195 3109
4869 3110
3452 3113
5619 3115
1824 3116
5189 3118
2475 3120
230 3127
983 3129
5714 3132
4663 3134
2955 3136
6878 3142
5547 3146
5410 3148
2531 3149
3919 3154
742 3155
860 3156
1066 3157
4724 3158
1190 3163
1149 3165
1077 3166
3616 3172
2391 3175
6068 3176
1432 3181
1168 3183
5768 3186
2830 3188
200 3189
5951 3193
3685 3198
3541 3200
3978 3206
5956 3207
3859 3214
2870 3217
6627 3227
5293 3229
6793 3230
2577 3232
838 3233
2871 3236
1591 3237
388 3239
1132 3242
3902 3246
3403 3247
5664 3248
3112 3253
6539 3255
2649 3258
4869 3263
6341 3264
4514 3267
4116 3270
5275 3272
2609 3274
2362 3280
5994 3281
1945 3282
3315 3285
33 3287
3294 3294
2805 3298
864 3308
471 3309
3742 3310
4000 3312
307 3313
1972 3314
2393 3315
519 3317
1810 3322
3452 3323
2869 3324
6566 3335
6886 3336
1928 3338
4469 3340
3859 3342
764 3343
91 3344
5080 3345
919 3346
4852 3350
5564 3353
6748 3355
3859 3357
6305 3358
1546 3359
3420 3364
2397 3367
1727 3368
3123 3371
1135 3372
1326 3373
6577 3374
6308 3379
2992 3383
3671 3385
164 3389
5047 3390
3317 3397
5631 3403
3843 3405
3156 3408
2248 3411
5852 3412
5545 3415
4040 3416
553 3418
2451 3420
6520 3421
3095 3422
5795 3426
4220 3429
1401 3434
4783 3435
2069 3442
4350 3446
3846 3450
5795 3454
3327 3455
4902 3460
626 3463
2147 3464
3795 3465
4412 3466
955 3468
2021 3470
6026 3475
6797 3483
6150 3484
5124 3486
3583 3489
5305 3491
3762 3492
926 3493
4017 3496
4019 3497
1149 3502
4687 3503
120 3504
4760 3508
1931 3512
271 3516
2988 3525
186 3528
6002 3531
2418 3533
2661 3534
2270 3544
1744 3545
1654 3546
5458 3547
2267 3553
1450 3555
3792 3558
1444 3559
3563 3563
3484 3564
6827 3567
3568 3568
4429 3572
4972 3575
1075 3577
5083 3578
1526 3580
2197 3581
91 3583
4548 3584
4902 3585
3686 3589
5585 3592
5520 3594
4175 3595
23 3600
3609 3606
660 3609
3037 3611
198 3619
3157 3621
1008 3623
6277 3624
2117 3625
6853 3629
5545 3632
2903 3634
2732 3636
269 3638
1763 3646
1077 3648
5252 3649
1752 3651
6231 3653
3420 3654
3460 3657
1264 3663
2595 3664
2595 3666
416 3667
5579 3672
3827 3675
3088 3676
3942 3679
3859 3680
4113 3682
3745 3688
3693 3690
735 3693
189 3694
4809 3695
3842 3698
2930 3700
3701 3701
4045 3703
2600 3704
121 3712
3987 3721
3919 3722
3725 3723
3870 3724
3966 3725
6617 3726
325 3727
3754 3730
3496 3731
3859 3732
3119 3736
2241 3738
5054 3741
5834 3744
3688 3750
4081 3752
1048 3754
1260 3757
3736 3760
3841 3761
4040 3762
6017 3765
3859 3770
4549 3772
3861 3776
972 3778
872 3786
5701 3795
1408 3796
3801 3801
5834 3805
6216 3811
3859 3814
4016 3815
5564 3817
1975 3818
4350 3820
3322 3824
5470 3825
1546 3826
3859 3827
4121 3830
3836 3836
3874 3840
3799 3843
4382 3845
3865 3849
914 3851
2896 3855
5247 3856
4869 3859
4082 3863
3865 3865
3013 3866
3859 3871
3872 3872
4056 3874
31 3878
5564 3879
5951 3882
1688 3886
3298 3888
3977 3890
3150 3891
3892 3892
684 3894
3880 3902
3861 3907
1636 3912
4110 3913
4083 3914
1492 3915
169 3916
4647 3921
3789 3923
3778 3925
4022 3926
3764 3927
2498 3929
3676 3933
3484 3934
6026 3938
3961 3939
3789 3941
4389 3943
3859 3946
3436 3947
3679 3948
1944 3950
4731 3951
6231 3954
3846 3958
3699 3969
1401 3974
1585 3975
4104 3976
3128 3981
4247 3985
3679 3986
238 3989
1879 3993
1990 3994
3842 3995
3729 3997
3786 3998
3916 4000
1102 4001
3730 4002
1440 4004
1941 4008
3966 4009
2594 4011
1272 4013
3778 4014
5826 4023
696 4024
4055 4025
2623 4026
31 4027
5536 4030
6589 4034
4036 4036
292 4038
3734 4039
3219 4044
3859 4046
3757 4047
6845 4048
3789 4050
635 4051
1014 4052
5004 4055
5826 4065
3994 4066
3765 4069
4212 4073
5564 4078
3805 4083
3979 4084
3859 4086
6848 4087
2523 4088
3926 4091
4083 4092
1941 4094
4055 4095
6156 4098
2337 4100
3824 4102
5213 4103
5564 4106
2374 4109
5714 4113
5567 4120
409 4121
1815 4122
4096 4125
3779 4126
3864 4127
3857 4129
3886 4130
803 4131
6715 4133
5390 4135
6302 4136
6363 4138
2896 4139
6544 4144
4509 4146
4906 4153
407 4155
651 4156
4658 4157
6095 4158
1236 4161
1429 4163
2506 4167
1351 4169
3538 4175
1017 4179
3614 4190
451 4192
6816 4195
5549 4199
5564 4200
2869 4201
6591 4202
1287 4205
4096 4212
1267 4213
4095 4215
4774 4216
6577 4219
360 4221
5568 4222
398 4224
637 4230
4350 4233
3957 4235
6526 4237
1094 4238
4567 4240
1473 4244
5627 4248
3689 4250
2704 4255
2188 4258
2862 4267
5118 4268
4097 4269
4509 4272
4017 4274
3737 4276
3762 4279
6449 4282
915 4292
2724 4298
2129 4300
275 4302
740 4304
3078 4309
2984 4313
2068 4317
1810 4318
3442 4320
3825 4321
870 4323
3546 4324
4923 4327
4795 4329
929 4331
5989 4334
4760 4336
3859 4339
3163 4340
6458 4345
6015 4350
2114 4352
3437 4353
6577 4354
889 4355
3289 4357
3348 4359
4520 4360
3065 4365
6076 4366
5962 4371
2575 4374
3679 4379
4649 4382
1307 4383
6768 4384
4007 4388
207 4390
2901 4391
4399 4397
819 4398
3698 4399
4495 4404
2962 4405
5520 4406
821 4407
5135 4412
3609 4413
1818 4415
3938 4416
1551 4417
4477 4418
4020 4419
1374 4422
3531 4428
6416 4429
5240 4432
56 4433
5464 4438
4721 4440
4095 4445
1080 4448
6749 4451
1367 4456
233 4459
1362 4464
2092 4468
3505 4474
2069 4476
5708 4478
4148 4481
4086 4482
3625 4483
4163 4488
2498 4490
953 4494
6228 4495
5714 4496
2732 4500
4735 4501
140 4505
3111 4509
2653 4510
3762 4511
5795 4513
121 4516
3823 4517
1926 4521
468 4523
1067 4524
1931 4532
989 4533
2658 4534
6347 4536
1308 4540
6177 4546
2823 4549
5734 4561
6242 4564
14 4565
3686 4571
2850 4576
5849 4581
745 4583
4766 4588
1818 4591
926 4593
6680 4594
83 4598
6279 4599
247 4601
5299 4610
1244 4612
2969 4619
3015 4621
4622 4622
4209 4625
6110 4626
3098 4628
174 4635
2046 4637
3791 4641
90 4649
4650 4650
4896 4651
2238 4653
3762 4656
4715 4659
5795 4661
1566 4662
5972 4666
3483 4669
5280 4672
2504 4676
1084 4677
2499 4681
4410 4682
2055 4685
74 4688
5656 4691
3433 4692
343 4697
6135 4699
4896 4704
4859 4707
4299 4708
3379 4711
5602 4712
3859 4715
1885 4722
224 4724
3397 4727
2497 4730
5274 4732
335 4738
3859 4743
2967 4744
3376 4748
370 4752
2079 4754
2993 4755
5993 4756
632 4757
313 4760
520 4763
336 4766
1372 4771
5954 4772
5519 4775
3379 4778
5795 4781
2238 4790
1351 4791
151 4793
266 4795
5436 4796
6755 4797
1155 4801
4754 4802
4724 4804
3859 4809
1095 4813
6626 4815
6652 4816
3147 4830
5980 4836
2027 4837
1591 4839
2223 4845
564 4848
1373 4852
3688 4853
840 4865
551 4866
1845 4867
4543 4871
207 4877
2777 4880
6192 4881
5005 4883
474 4886
1657 4887
2659 4889
1421 4892
4247 4893
1372 4896
6508 4898
662 4900
3484 4904
4007 4906
3736 4907
202 4918
42 4921
2323 4925
1777 4929
5705 4932
3123 4936
1897 4941
5564 4942
1150 4954
3859 4955
1746 4958
5 4960
3601 4962
5195 4963
31 4965
3465 4966
753 4968
4036 4972
5377 4975
5618 4982
5767 4984
3840 4985
3624 4988
1561 4989
5341 4998
4844 5002
3484 5007
2868 5009
1365 5013
6818 5019
2106 5024
4221 5028
1663 5031
357 5035
4592 5036
4735 5038
4175 5040
3006 5041
4098 5047
4278 5055
6647 5064
307 5065
1006 5066
5951 5073
6843 5077
3152 5081
1288 5083
3624 5085
6039 5089
2072 5092
3267 5102
6844 5104
3484 5105
6830 5106
4605 5108
3859 5109
5377 5110
1328 5113
220 5122
3776 5124
6841 5125
2267 5128
2577 5129
6272 5133
2269 5136
6758 5138
2625 5141
5118 5145
2162 5152
120 5159
5795 5162
695 5163
2072 5165
186 5167
4207 5170
3859 5171
6748 5172
903 5179
3106 5180
3065 5181
6662 5183
4961 5186
6443 5187
6066 5188
3001 5193
6616 5194
504 5196
3389 5202
697 5203
3874 5211
5726 5212
643 5213
2307 5215
3119 5216
3916 5217
3169 5219
6622 5226
6886 5227
3061 5234
2234 5236
1473 5240
4461 5244
303 5245
740 5246
5068 5247
4098 5250
1730 5252
3053 5255
1827 5257
5759 5261
5118 5262
2018 5264
6290 5270
2896 5273
4913 5280
6573 5283
4126 5289
5410 5291
4457 5294
5408 5301
203 5302
5358 5305
4869 5308
1372 5309
3025 5310
2527 5316
2160 5317
1090 5319
656 5331
2938 5333
6665 5334
867 5338
4799 5339
5994 5340
3147 5342
2923 5343
6026 5345
1926 5346
3809 5347
4270 5349
4812 5350
5759 5353
1728 5355
3876 5368
184 5370
6016 5374
6627 5375
855 5377
1764 5393
5544 5396
2756 5398
314 5407
5678 5408
4764 5409
435 5411
5002 5412
266 5425
4056 5428
4856 5433
3163 5435
5807 5438
6237 5442
6878 5443
4324 5446
271 5447
333 5448
2562 5449
5553 5452
3067 5453
6656 5454
5079 5455
2862 5458
5714 5459
5972 5460
2595 5462
1345 5470
2554 5477
4967 5483
6878 5488
571 5490
412 5495
3172 5496
251 5502
4281 5503
2992 5504
1909 5506
6353 5510
2439 5516
5520 5520
5602 5521
5259 5523
6797 5524
4533 5525
6706 5529
6210 5532
944 5538
1976 5542
4682 5544
336 5545
3861 5549
1291 5550
742 5553
3732 5555
6359 5564
90 5566
3230 5567
5906 5574
482 5575
695 5578
4094 5580
5543 5581
1194 5582
1403 5583
1863 5589
2594 5590
4013 5591
2882 5592
3981 5595
673 5598
1354 5599
4831 5600
4336 5601
2746 5602
5564 5606
2242 5608
1424 5612
1440 5613
5358 5617
3944 5618
5953 5624
1381 5629
1615 5632
5917 5638
4578 5639
5646 5646
3859 5647
5954 5652
5056 5654
2577 5657
118 5658
3483 5665
2078 5667
6510 5675
1374 5677
2774 5678
3494 5679
5714 5688
5693 5693
2072 5701
758 5702
3979 5703
6240 5706
4432 5707
271 5708
2588 5709
4137 5715
2717 5717
5792 5719
4683 5720
991 5721
1605 5725
3859 5730
563 5732
1555 5736
6451 5740
6529 5741
3521 5742
5909 5743
5714 5744
684 5748
4190 5750
2335 5751
5127 5757
5764 5764
1403 5765
4306 5768
2649 5770
2362 5773
2969 5774
3434 5776
3131 5778
344 5781
3859 5787
78 5790
2577 5795
6029 5796
2234 5799
2535 5800
6373 5801
380 5802
4576 5804
6493 5810
3601 5813
2188 5816
6308 5819
3233 5824
206 5825
2993 5828
5096 5834
3143 5835
1591 5837
1460 5840
3696 5848
3064 5849
4752 5852
5543 5855
3859 5858
4309 5860
4225 5861
6353 5869
76 5876
6647 5881
1121 5886
5447 5890
4802 5893
439 5894
5896 5896
6878 5899
6026 5906
5494 5907
3777 5912
5915 5915
3624 5918
4275 5921
4747 5922
6745 5925
5236 5929
5927 5934
5579 5936
5698 5939
5280 5944
3397 5953
2270 5955
3957 5956
3587 5964
412 5968
6443 5972
6619 5975
355 5976
6748 5984
6591 5987
5722 5990
367 5993
1023 5998
1874 5999
6461 6004
6477 6006
6795 6009
6789 6020
353 6021
3246 6024
116 6031
1937 6032
524 6033
5743 6040
1329 6041
4220 6044
5545 6046
59 6052
1157 6054
1846 6056
3043 6057
6415 6061
5494 6063
3422 6064
120 6071
4241 6072
3568 6073
3624 6074
5519 6075
5056 6077
3795 6081
4054 6082
330 6085
759 6086
1233 6087
6347 6088
4266 6092
4605 6093
3489 6098
5118 6101
1092 6118
3674 6119
3859 6124
4820 6125
4269 6127
5099 6134
2595 6135
2732 6136
6811 6137
1810 6150
5602 6161
2851 6162
4242 6164
4000 6167
1542 6169
3434 6173
5012 6175
6029 6178
3087 6179
1816 6182
2374 6184
5906 6186
6305 6188
2223 6193
898 6194
3816 6201
1727 6210
6008 6213
3408 6215
3764 6219
3376 6223
996 6224
6566 6225
1056 6230
3932 6231
3028 6235
2597 6238
6160 6240
6695 6241
6855 6242
5654 6246
427 6262
4735 6270
1214 6277
1272 6288
1749 6293
1541 6297
6577 6313
2595 6316
6759 6319
2862 6323
3546 6325
4723 6327
3979 6329
6481 6332
2880 6337
6347 6339
4267 6340
6332 6345
6245 6346
2649 6352
1585 6358
1242 6359
3305 6360
5397 6361
2806 6362
882 6363
1073 6364
6494 6378
6066 6379
3937 6381
6110 6388
3222 6394
5822 6399
2428 6401
4733 6403
4564 6410
4812 6411
203 6414
5178 6417
1870 6420
5994 6429
5195 6432
483 6437
4731 6442
6026 6454
5195 6456
4867 6458
1382 6459
651 6464
6524 6465
6467 6467
2577 6469
3901 6471
5079 6472
4225 6476
4464 6480
266 6483
3230 6488
6076 6491
973 6493
5599 6495
2468 6497
2984 6503
2374 6506
3044 6508
3844 6509
620 6510
3433 6511
2647 6519
3442 6520
3483 6522
1174 6525
3921 6534
3105 6537
1975 6543
651 6545
92 6546
4773 6547
4000 6550
96 6551
2851 6556
1941 6558
6816 6565
156 6567
4859 6571
3275 6573
4201 6574
596 6577
5795 6580
1739 6581
779 6582
1294 6583
697 6588
4086 6590
6758 6596
796 6599
1066 6602
2193 6603
1328 6604
2475 6605
206 6607
2671 6608
6274 6611
1050 6615
3130 6622
2815 6626
4324 6628
5377 6630
1746 6633
91 6635
5200 6637
74 6638
2185 6644
2472 6645
42 6650
6190 6655
3904 6656
5397 6658
5726 6660
4849 6666
5906 6668
6292 6669
2818 6670
5714 6672
4895 6677
3211 6680
3859 6682
2408 6684
2232 6685
4477 6691
4973 6693
3844 6696
4299 6700
1262 6702
164 6704
957 6706
4022 6714
1057 6718
6026 6722
2446 6725
6163 6739
1152 6742
6593 6743
3264 6746
5655 6749
4687 6752
655 6755
672 6758
4175 6761
5852 6765
2833 6767
1759 6768
4411 6769
3855 6775
31 6776
1481 6780
1328 6784
3221 6787
1928 6793
1931 6798
6029 6799
1010 6804
1077 6805
5235 6809
955 6810
4689 6812
500 6819
3849 6821
4911 6824
4350 6826
5227 6829
3282 6830
2287 6831
675 6834
4771 6836
1574 6843
1438 6848
5308 6855
4785 6866
6007 6867
4221 6868
4896 6871
3454 6872
1698 6873
