3843 3843
3774 3774
3776 3776
3649 3649
3753 3753
3855 3855
3629 3629
3628 3628
3702 3702
3749 3749
3530 3530
3703 3703
3621 3621
3777 3777
3856 3856
3555 3555
3845 3845
2043 2043
3705 3705
3653 3653
2055 2055
2136 2136
3561 3561
276 276
2289 2289
340 340
438 438
3616 3616
6276 6276
17 17
3850 3850
292 292
112 112
3806 3806
275 275
2177 2177
2129 2129
5732 5732
3747 3747
2400 2400
429 429
330 330
5602 5602
2381 2381
3909 3909
2178 2178
117 117
3549 3549
408 408
244 244
5517 5517
409 409
3936 3936
3643 3643
2810 2810
45 45
5659 5659
2811 2811
432 432
6265 6265
407 407
5724 5724
3609 3609
352 352
239 239
3516 3516
322 322
5638 5638
2792 2792
5831 5831
439 439
3576 3576
3825 3825
5601 5601
5750 5750
435 435
6248 6248
436 436
6278 6278
35 35
5708 5708
288 288
1906 1906
327 327
76 76
66 66
23 23
231 231
2005 2005
5707 5707
227 227
3823 3823
3543 3543
24 24
5535 5535
3757 3757
3829 3829
15 15
3932 3932
128 128
289 289
228 228
119 119
63 63
2135 2135
3541 3541
2801 2801
43 43
6247 6247
3637 3637
3828 3828
5828 5828
3565 3565
130 130
3926 3926
2292 2292
5950 5950
2167 2167
2294 2294
5536 5536
5506 5506
5829 5829
2163 2163
5837 5837
3518 3518
3547 3547
5848 5848
3667 3667
2152 2152
122 122
2807 2807
3602 3602
3613 3613
3584 3584
64 64
2367 2367
3601 3601
3612 3612
123 123
2389 2389
3704 3704
5590 5590
5736 5736
235 235
2490 2490
5525 5525
5624 5624
421 421
59 59
6238 6238
5651 5651
5635 5635
5634 5634
2511 2511
5452 5452
2375 2375
5514 5514
3568 3568
335 335
5951 5951
5613 5613
2491 2491
94 94
2052 2052
2261 2261
2164 2164
5522 5522
73 73
2362 2362
2377 2377
5838 5838
2193 2193
2480 2480
2150 2150
5458 5458
6231 6231
1 1
62 62
5851 5851
2118 2118
3567 3567
2007 2007
1984 1984
5627 5627
2124 2124
5939 5939
1993 1993
5933 5933
157 157
245 245
5930 5930
5953 5953
6057 6057
5944 5944
2175 2175
5654 5654
193 193
2499 2499
5834 5834
6055 6055
5932 5932
6059 6059
2061 2061
2775 2775
5464 5464
2213 2213
155 155
2180 2180
133 133
2278 2278
2594 2594
6058 6058
2221 2221
5443 5443
2181 2181
6054 6054
5619 5619
2084 2084
2485 2485
5468 5468
5542 5542
6077 6077
5674 5674
6045 6045
5499 5499
2596 2596
3648 3648
2623 2623
6079 6079
2144 2144
2393 2393
2582 2582
2204 2204
6062 6062
2610 2610
5488 5488
2600 2600
6084 6084
6064 6064
5538 5538
6061 6061
3795 3795
2238 2238
2095 2095
5641 5641
2027 2027
5666 5666
295 295
2280 2280
5528 5528
5717 5717
5968 5968
5977 5977
5974 5974
5726 5726
3706 3706
5540 5540
2624 2624
5852 5852
5678 5678
5855 5855
5746 5746
6085 6085
5741 5741
5980 5980
2210 2210
2475 2475
6029 6029
6027 6027
5985 5985
6143 6143
5981 5981
4022 4022
2256 2256
3163 3163
3672 3672
5496 5496
5631 5631
2514 2514
4010 4010
6147 6147
2086 2086
3673 3673
3819 3819
2629 2629
3687 3687
2506 2506
2634 2634
5554 5554
2254 2254
2255 2255
5988 5988
5686 5686
3045 3045
3816 3816
5706 5706
6121 6121
2197 2197
2639 2639
3941 3941
258 258
5734 5734
2272 2272
5997 5997
2284 2284
5869 5869
3877 3877
5551 5551
333 333
2643 2643
2216 2216
6035 6035
5714 5714
2035 2035
3960 3960
2215 2215
3874 3874
6110 6110
6006 6006
3954 3954
2509 2509
2517 2517
5581 5581
6160 6160
6010 6010
5743 5743
3883 3883
2516 2516
381 381
375 375
2684 2684
6023 6023
6024 6024
6889 6889
4071 4071
4029 4029
3818 3818
5484 5484
2113 2113
2297 2297
3840 3840
2295 2295
4014 4014
3991 3991
2565 2565
2036 2036
5902 5902
4023 4023
6159 6159
158 158
2296 2296
3962 3962
2031 2031
3810 3810
2346 2346
5549 5549
2441 2441
5793 5793
2182 2182
2308 2308
2317 2317
2432 2432
174 174
376 376
6175 6175
2457 2457
2092 2092
3733 3733
2519 2519
5783 5783
2553 2553
5235 5235
5762 5762
3811 3811
5532 5532
2648 2648
2675 2675
2316 2316
4036 4036
4066 4066
2326 2326
5233 5233
2566 2566
4035 4035
2348 2348
4042 4042
2305 2305
2087 2087
4037 4037
5778 5778
372 372
2306 2306
4048 4048
3899 3899
4038 4038
5807 5807
4032 4032
3782 3782
6154 6154
4006 4006
3781 3781
2351 2351
2324 2324
2330 2330
448 448
2533 2533
3692 3692
285 285
284 284
374 374
5768 5768
485 485
401 401
5569 5569
5664 5664
2689 2689
505 505
468 468
5812 5812
5789 5789
2646 2646
5794 5794
5788 5788
2423 2423
3690 3690
2676 2676
2699 2699
5791 5791
5799 5799
5811 5811
2550 2550
2318 2318
507 507
512 512
5663 5663
3888 3888
6172 6172
5813 5813
5567 5567
538 538
2701 2701
2250 2250
5740 5740
2434 2434
5780 5780
2698 2698
2321 2321
2340 2340
3942 3942
6169 6169
2449 2449
2715 2715
521 521
2567 2567
542 542
2425 2425
2018 2018
3900 3900
2743 2743
2448 2448
2467 2467
3718 3718
2468 2468
3727 3727
2558 2558
2241 2241
583 583
217 217
5691 5691
3487 3487
2089 2089
3738 3738
2466 2466
494 494
492 492
2465 2465
3437 3437
578 578
2446 2446
2444 2444
387 387
560 560
466 466
3683 3683
3361 3361
2740 2740
544 544
2536 2536
5571 5571
5560 5560
546 546
490 490
179 179
464 464
1766 1766
2733 2733
3338 3338
498 498
273 273
1943 1943
180 180
367 367
255 255
5705 5705
2537 2537
3344 3344
3766 3766
3728 3728
2559 2559
3292 3292
3354 3354
1601 1601
5899 5899
3275 3275
5403 5403
5406 5406
3255 3255
5890 5890
3229 3229
6225 6225
3278 3278
3283 3283
3368 3368
3289 3289
1570 1570
6185 6185
1568 1568
5927 5927
3439 3439
6834 6834
3367 3367
1609 1609
3284 3284
1576 1576
1600 1600
5124 5124
3249 3249
6817 6817
1916 1916
2722 2722
398 398
3225 3225
3280 3280
5423 5423
300 300
3372 3372
5061 5061
6196 6196
1611 1611
3281 3281
3240 3240
3266 3266
1912 1912
1598 1598
3348 3348
1603 1603
3243 3243
1578 1578
5110 5110
6212 6212
5122 5122
3251 3251
4799 4799
1722 1722
6200 6200
788 788
1573 1573
5123 5123
2105 2105
441 441
5117 5117
1579 1579
5086 5086
1681 1681
271 271
6771 6771
3242 3242
1561 1561
6814 6814
6839 6839
6807 6807
3254 3254
5080 5080
6750 6750
5438 5438
1977 1977
3759 3759
3397 3397
5704 5704
5221 5221
1620 1620
5041 5041
3391 3391
3763 3763
6859 6859
6793 6793
5116 5116
6868 6868
5075 5075
3246 3246
6804 6804
5090 5090
1689 1689
6830 6830
5192 5192
2104 2104
1557 1557
3381 3381
1619 1619
6754 6754
3812 3812
6603 6603
6739 6739
5220 5220
6823 6823
6824 6824
5374 5374
6756 6756
6778 6778
6758 6758
1976 1976
5211 5211
1741 1741
1738 1738
6190 6190
3219 3219
5050 5050
3221 3221
3411 3411
1709 1709
3447 3447
3373 3373
5056 5056
5126 5126
1695 1695
5125 5125
5018 5018
1613 1613
6602 6602
2766 2766
6713 6713
6704 6704
5079 5079
3330 3330
3207 3207
6191 6191
2719 2719
5198 5198
6866 6866
3407 3407
5113 5113
6856 6856
6862 6862
5045 5045
6792 6792
5093 5093
5378 5378
5020 5020
3445 3445
4058 4058
5016 5016
1942 1942
391 391
1714 1714
5379 5379
1690 1690
6791 6791
5089 5089
1614 1614
6865 6865
6600 6600
6678 6678
3723 3723
5409 5409
6785 6785
5437 5437
1586 1586
5130 5130
4849 4849
1700 1700
6715 6715
5433 5433
1391 1391
5078 5078
1542 1542
5073 5073
2822 2822
5027 5027
5215 5215
6663 6663
3195 3195
1628 1628
5107 5107
3196 3196
2819 2819
1663 1663
1506 1506
1554 1554
5053 5053
6657 6657
6688 6688
5197 5197
1559 1559
4865 4865
6784 6784
3730 3730
3334 3334
6689 6689
3217 3217
3216 3216
4794 4794
1951 1951
1588 1588
6623 6623
1652 1652
6626 6626
6643 6643
3201 3201
6683 6683
3190 3190
570 570
4338 4338
6706 6706
384 384
1684 1684
6334 6334
1749 1749
1505 1505
253 253
1649 1649
1683 1683
4277 4277
3388 3388
6724 6724
4915 4915
1390 1390
3168 3168
4881 4881
3813 3813
6725 6725
6801 6801
6800 6800
4389 4389
2897 2897
1393 1393
2984 2984
6595 6595
3333 3333
6650 6650
4725 4725
1638 1638
3177 3177
6644 6644
1788 1788
2895 2895
1439 1439
1040 1040
3764 3764
3465 3465
3423 3423
1748 1748
2898 2898
1387 1387
1429 1429
210 210
5179 5179
1875 1875
4459 4459
3194 3194
2982 2982
1386 1386
3193 3193
6721 6721
4458 4458
936 936
3183 3183
1438 1438
3457 3457
4387 4387
3460 3460
5143 5143
1717 1717
1353 1353
830 830
4873 4873
3180 3180
1137 1137
4337 4337
2915 2915
4978 4978
1667 1667
1037 1037
1362 1362
1168 1168
4709 4709
6591 6591
302 302
3121 3121
1277 1277
4935 4935
6574 6574
1164 1164
676 676
1035 1035
1787 1787
1342 1342
4340 4340
2989 2989
846 846
1169 1169
1737 1737
1003 1003
4916 4916
980 980
999 999
1674 1674
4651 4651
5005 5005
4650 4650
1023 1023
1033 1033
1637 1637
5100 5100
1000 1000
1874 1874
4728 4728
3206 3206
1452 1452
6368 6368
1883 1883
2980 2980
4335 4335
1857 1857
3067 3067
1140 1140
5101 5101
6693 6693
1449 1449
1534 1534
6537 6537
3112 3112
4321 4321
3386 3386
1224 1224
3169 3169
4932 4932
4912 4912
4649 4649
1850 1850
3109 3109
6563 6563
1795 1795
1061 1061
1163 1163
721 721
981 981
3142 3142
3495 3495
1796 1796
1010 1010
5248 5248
6499 6499
801 801
4987 4987
4878 4878
1515 1515
5292 5292
4548 4548
4934 4934
3107 3107
1854 1854
4712 4712
1122 1122
4391 4391
6617 6617
4969 4969
986 986
6578 6578
632 632
4698 4698
5321 5321
5136 5136
1356 1356
3136 3136
808 808
1885 1885
3496 3496
256 256
4757 4757
6440 6440
5343 5343
2912 2912
1121 1121
3120 3120
2927 2927
1520 1520
6525 6525
4290 4290
4284 4284
6370 6370
1798 1798
975 975
1188 1188
4707 4707
4550 4550
1860 1860
1014 1014
845 845
693 693
5247 5247
4609 4609
1132 1132
1780 1780
1903 1903
900 900
1853 1853
4543 4543
3115 3115
1369 1369
1275 1275
5281 5281
4317 4317
1048 1048
3088 3088
4914 4914
6446 6446
4328 4328
6530 6530
6295 6295
1227 1227
6389 6389
857 857
4911 4911
4564 4564
1784 1784
1323 1323
1487 1487
4577 4577
413 413
4711 4711
3139 3139
1225 1225
6294 6294
1161 1161
4747 4747
1499 1499
6292 6292
6507 6507
5251 5251
1214 1214
1814 1814
6337 6337
734 734
2877 2877
6551 6551
1414 1414
1867 1867
4729 4729
4956 4956
978 978
4744 4744
4973 4973
4606 4606
3124 3124
829 829
4358 4358
4621 4621
4486 4486
4737 4737
1013 1013
4481 4481
4503 4503
4930 4930
914 914
3137 3137
1496 1496
868 868
3063 3063
1149 1149
4962 4962
4963 4963
1052 1052
2880 2880
2972 2972
4856 4856
1799 1799
1481 1481
6317 6317
6431 6431
4153 4153
4405 4405
4372 4372
919 919
6281 6281
4854 4854
1755 1755
4467 4467
3125 3125
4821 4821
1125 1125
4831 4831
4469 4469
4537 4537
4116 4116
4538 4538
3076 3076
1375 1375
4143 4143
967 967
4842 4842
4166 4166
6527 6527
3012 3012
4424 4424
1073 1073
4734 4734
1897 1897
3150 3150
4500 4500
1055 1055
4167 4167
1255 1255
3023 3023
1251 1251
836 836
4150 4150
3096 3096
4951 4951
1254 1254
1159 1159
1147 1147
923 923
1145 1145
1327 1327
6315 6315
4417 4417
945 945
5262 5262
2825 2825
2826 2826
1203 1203
1248 1248
4443 4443
1071 1071
6332 6332
4668 4668
6512 6512
4493 4493
907 907
4637 4637
5333 5333
1458 1458
4921 4921
6510 6510
1178 1178
884 884
955 955
924 924
1526 1526
597 597
4992 4992
6526 6526
5234 5234
5266 5266
1518 1518
6429 6429
729 729
6425 6425
3152 3152
2856 2856
6302 6302
2830 2830
4883 4883
965 965
957 957
1478 1478
4664 4664
4571 4571
6872 6872
3006 3006
6433 6433
4763 4763
6567 6567
4452 4452
6383 6383
6468 6468
3029 3029
4950 4950
4827 4827
4084 4084
1490 1490
6554 6554
970 970
6466 6466
4573 4573
750 750
943 943
4966 4966
3511 3511
2848 2848
4813 4813
947 947
601 601
904 904
4392 4392
3130 3130
5265 5265
3007 3007
4607 4607
4174 4174
4631 4631
1090 1090
4615 4615
4407 4407
6423 6423
4909 4909
4940 4940
620 620
3129 3129
2998 2998
1293 1293
4379 4379
1454 1454
2932 2932
1108 1108
1464 1464
1083 1083
4240 4240
5297 5297
4941 4941
2841 2841
6303 6303
4641 4641
1093 1093
4517 4517
3500 3500
2967 2967
5225 5225
1758 1758
4087 4087
6319 6319
4352 4352
4628 4628
4127 4127
1236 1236
4989 4989
4102 4102
4516 4516
873 873
4135 4135
4672 4672
891 891
2859 2859
1291 1291
610 610
