5601 5601
5602 5602
5463 5463
5535 5535
5589 5589
5724 5724
5519 5519
5504 5504
5590 5590
5458 5458
5750 5750
14 14
5517 5517
110 110
5845 5845
409 409
328 328
407 407
408 408
5708 5708
330 330
3542 3542
140 140
246 246
15 15
359 359
3777 3777
5736 5736
3829 3829
5753 5753
5464 5464
36 36
3548 3548
5630 5630
2140 2140
29 29
3773 3773
5674 5674
3499 3499
294 294
3551 3551
2177 2177
1905 1905
5828 5828
2003 2003
292 292
5720 5720
3788 3788
3851 3851
3850 3850
321 321
3588 3588
3650 3650
1907 1907
5610 5610
6248 6248
6275 6275
3833 3833
244 244
3576 3576
5951 5951
45 45
439 439
3806 3806
3053 3053
3949 3949
3936 3936
3823 3823
5950 5950
3638 3638
26 26
35 35
3932 3932
3640 3640
3543 3543
63 63
279 279
5514 5514
6246 6246
46 46
3577 3577
2246 2246
3926 3926
3530 3530
65 65
3826 3826
5625 5625
3825 3825
5579 5579
128 128
3753 3753
3951 3951
6263 6263
10 10
311 311
64 64
3547 3547
3586 3586
312 312
3754 3754
1906 1906
3927 3927
6238 6238
315 315
3749 3749
289 289
3756 3756
6269 6269
5512 5512
2294 2294
94 94
432 432
2152 2152
126 126
438 438
3843 3843
5837 5837
2150 2150
456 456
5634 5634
5835 5835
5751 5751
5536 5536
73 73
2292 2292
2213 2213
2046 2046
421 421
3637 3637
2274 2274
2130 2130
227 227
5848 5848
2127 2127
3747 3747
3799 3799
340 340
100 100
3847 3847
3653 3653
245 245
6067 6067
3705 3705
5838 5838
2779 2779
2801 2801
51 51
146 146
5959 5959
3703 3703
3798 3798
3561 3561
5641 5641
2511 2511
5654 5654
3584 3584
6231 6231
3579 3579
2480 2480
123 123
415 415
6056 6056
3596 3596
3845 3845
327 327
2797 2797
2775 2775
6057 6057
2791 2791
6073 6073
122 122
6058 6058
3604 3604
2052 2052
2005 2005
3566 3566
3516 3516
2493 2493
5953 5953
228 228
5939 5939
3601 3601
343 343
3565 3565
3609 3609
2175 2175
5932 5932
5452 5452
5933 5933
6054 6054
2221 2221
5936 5936
3861 3861
3667 3667
2375 2375
2044 2044
5949 5949
3631 3631
2164 2164
5944 5944
2385 2385
2498 2498
6076 6076
2118 2118
3613 3613
2170 2170
5834 5834
62 62
6062 6062
6077 6077
3704 3704
2061 2061
189 189
435 435
1993 1993
2482 2482
1984 1984
2007 2007
4 4
2210 2210
6064 6064
2471 2471
5540 5540
2261 2261
2124 2124
2278 2278
6045 6045
104 104
5648 5648
2011 2011
2193 2193
5468 5468
2598 2598
2377 2377
5637 5637
1983 1983
2390 2390
5698 5698
3771 3771
3568 3568
6061 6061
7 7
2167 2167
5619 5619
6082 6082
2500 2500
2172 2172
5542 5542
2081 2081
3567 3567
5665 5665
5523 5523
2475 2475
3908 3908
5443 5443
2484 2484
3518 3518
5632 5632
5969 5969
5978 5978
2506 2506
5977 5977
61 61
5726 5726
5529 5529
6085 6085
2224 2224
2596 2596
5862 5862
2614 2614
3646 3646
2144 2144
2095 2095
5697 5697
5986 5986
5666 5666
2393 2393
5528 5528
2239 2239
5866 5866
5539 5539
5677 5677
2591 2591
5577 5577
6083 6083
133 133
2086 2086
3648 3648
5980 5980
6143 6143
6103 6103
2256 2256
5646 5646
3706 3706
5981 5981
2600 2600
5982 5982
5855 5855
5717 5717
2114 2114
6101 6101
6095 6095
2610 2610
6142 6142
5985 5985
2030 2030
2027 2027
392 392
3882 3882
2623 2623
6090 6090
2588 2588
147 147
2254 2254
2280 2280
6147 6147
5581 5581
2624 2624
4005 4005
6130 6130
5869 5869
2401 2401
2204 2204
2036 2036
2205 2205
5531 5531
5706 5706
5915 5915
2509 2509
2227 2227
5745 5745
3883 3883
2067 2067
2113 2113
3707 3707
5987 5987
3906 3906
2035 2035
5484 5484
3163 3163
6121 6121
5988 5988
3045 3045
5903 5903
2516 2516
5902 5902
5643 5643
258 258
5448 5448
282 282
6117 6117
3673 3673
6110 6110
5553 5553
5532 5532
5644 5644
2120 2120
2288 2288
5734 5734
2523 2523
2022 2022
2519 2519
2627 2627
2233 2233
3941 3941
2634 2634
5994 5994
2245 2245
158 158
5663 5663
295 295
2272 2272
6011 6011
5483 5483
6005 6005
6162 6162
6160 6160
2639 2639
1988 1988
5760 5760
5679 5679
2092 2092
5991 5991
2636 2636
6139 6139
6161 6161
2685 2685
376 376
5997 5997
6880 6880
2215 2215
2216 2216
6159 6159
6115 6115
6157 6157
448 448
2302 2302
5989 5989
3687 3687
2299 2299
5793 5793
4004 4004
5740 5740
6039 6039
2331 2331
6175 6175
5897 5897
2684 2684
2295 2295
5806 5806
5689 5689
505 505
6040 6040
203 203
2688 2688
2441 2441
2297 2297
3954 3954
5475 5475
2457 2457
2705 2705
5527 5527
3976 3976
511 511
2643 2643
2701 2701
220 220
2296 2296
2018 2018
6037 6037
2087 2087
2699 2699
2677 2677
512 512
6024 6024
2533 2533
3493 3493
4029 4029
2648 2648
2017 2017
3889 3889
3782 3782
2550 2550
3679 3679
2432 2432
374 374
5487 5487
5807 5807
533 533
2207 2207
3899 3899
4019 4019
2560 2560
5778 5778
6168 6168
3717 3717
5486 5486
396 396
2754 2754
2558 2558
3980 3980
372 372
4022 4022
2707 2707
3692 3692
515 515
2698 2698
4018 4018
2230 2230
5767 5767
2715 2715
4006 4006
3991 3991
4013 4013
368 368
3691 3691
3990 3990
3978 3978
5880 5880
2689 2689
5777 5777
5233 5233
3781 3781
2241 2241
4033 4033
2534 2534
2317 2317
4037 4037
2676 2676
3488 3488
3489 3489
2654 2654
4042 4042
5886 5886
367 367
199 199
6172 6172
180 180
5239 5239
2308 2308
2431 2431
4044 4044
169 169
4032 4032
2646 2646
3868 3868
2572 2572
2662 2662
1766 1766
4036 4036
3694 3694
2312 2312
273 273
494 494
5569 5569
6887 6887
2671 2671
5791 5791
5788 5788
4012 4012
5691 5691
6170 6170
2107 2107
583 583
5702 5702
540 540
552 552
2663 2663
2326 2326
5785 5785
5235 5235
2537 2537
2559 2559
5812 5812
487 487
2733 2733
548 548
3965 3965
3695 3695
488 488
5794 5794
2025 2025
553 553
5799 5799
2536 2536
3874 3874
2575 2575
558 558
5789 5789
2456 2456
5901 5901
546 546
561 561
578 578
576 576
5775 5775
482 482
4045 4045
3810 3810
2351 2351
492 492
2311 2311
225 225
3812 3812
5923 5923
2099 2099
255 255
544 544
2740 2740
5521 5521
2541 2541
2324 2324
560 560
545 545
2427 2427
5567 5567
2449 2449
542 542
163 163
3900 3900
5881 5881
5904 5904
2352 2352
1919 1919
2338 2338
5922 5922
5928 5928
2089 2089
3818 3818
5780 5780
3718 3718
537 537
566 566
2318 2318
2423 2423
1962 1962
5800 5800
5890 5890
2340 2340
5896 5896
2321 2321
5927 5927
2434 2434
1575 1575
333 333
182 182
153 153
5381 5381
1572 1572
5405 5405
2727 2727
1573 1573
2722 2722
3892 3892
1601 1601
5430 5430
568 568
1925 1925
6195 6195
2448 2448
5385 5385
1559 1559
2721 2721
6834 6834
2104 2104
1586 1586
1568 1568
1918 1918
2467 2467
1579 1579
1598 1598
2468 2468
1556 1556
6758 6758
1546 1546
1617 1617
3361 3361
6185 6185
6187 6187
5440 5440
3368 3368
6224 6224
2425 2425
1618 1618
5705 5705
2724 2724
1914 1914
6839 6839
1554 1554
1557 1557
1608 1608
6225 6225
6750 6750
6739 6739
1916 1916
6841 6841
2466 2466
2435 2435
1913 1913
3338 3338
1655 1655
1741 1741
1593 1593
5409 5409
6754 6754
6832 6832
3362 3362
1912 1912
1588 1588
1595 1595
3813 3813
3316 3316
1614 1614
6212 6212
1928 1928
5406 5406
1951 1951
1966 1966
1603 1603
1600 1600
6727 6727
1727 1727
1949 1949
5412 5412
1939 1939
2444 2444
6762 6762
6704 6704
6842 6842
1591 1591
6768 6768
5379 5379
3372 3372
3340 3340
3442 3442
3287 3287
5050 5050
3283 3283
6600 6600
6817 6817
1976 1976
1625 1625
2719 2719
5410 5410
1548 1548
3229 3229
3228 3228
3278 3278
6848 6848
6844 6844
3267 3267
6807 6807
6598 6598
3269 3269
1567 1567
2728 2728
3284 3284
284 284
5411 5411
5377 5377
3371 3371
3274 3274
1612 1612
6793 6793
1585 1585
1738 1738
1628 1628
6718 6718
1937 1937
1689 1689
6599 6599
6756 6756
6778 6778
1561 1561
3255 3255
5081 5081
3281 3281
3280 3280
6715 6715
5041 5041
1977 1977
5047 5047
5219 5219
3349 3349
6209 6209
3260 3260
1724 1724
6675 6675
5051 5051
3219 3219
5211 5211
5197 5197
6662 6662
6626 6626
3251 3251
3314 3314
5196 5196
6190 6190
6630 6630
6628 6628
6862 6862
6781 6781
5080 5080
3246 3246
3317 3317
3204 3204
6689 6689
1687 1687
5045 5045
5157 5157
6602 6602
6791 6791
3207 3207
6663 6663
6683 6683
3223 3223
6731 6731
6227 6227
1700 1700
3243 3243
6637 6637
5023 5023
5036 5036
5079 5079
3381 3381
3237 3237
3249 3249
5195 5195
5221 5221
6830 6830
6767 6767
6623 6623
5056 5056
5374 5374
6606 6606
6334 6334
6784 6784
6665 6665
5054 5054
6191 6191
6868 6868
6797 6797
6859 6859
6860 6860
6809 6809
6853 6853
3241 3241
6823 6823
6724 6724
5069 5069
5438 5438
6659 6659
6657 6657
5378 5378
5086 5086
6706 6706
1646 1646
6799 6799
6824 6824
3445 3445
5426 5426
6644 6644
6666 6666
3421 3421
6638 6638
1663 1663
6788 6788
6595 6595
3452 3452
3380 3380
6650 6650
6854 6854
6800 6800
1652 1652
5094 5094
6865 6865
285 285
1647 1647
5192 5192
5074 5074
3373 3373
6585 6585
5152 5152
6574 6574
3392 3392
5020 5020
3201 3201
5132 5132
3447 3447
6721 6721
3387 3387
5117 5117
5095 5095
3196 3196
599 599
5073 5073
1622 1622
3032 3032
6577 6577
1619 1619
3044 3044
3407 3407
3323 3323
5090 5090
6801 6801
1660 1660
3405 3405
6576 6576
1684 1684
5089 5089
3333 3333
3423 3423
3413 3413
3417 3417
3037 3037
3414 3414
669 669
6719 6719
5128 5128
6591 6591
1699 1699
3335 3335
3195 3195
1711 1711
1255 1255
3457 3457
3396 3396
3429 3429
3453 3453
6578 6578
3190 3190
3385 3385
6592 6592
2858 2858
3036 3036
1349 1349
3206 3206
5120 5120
3043 3043
1649 1649
601 601
5166 5166
4644 4644
3234 3234
1657 1657
5130 5130
3183 3183
1633 1633
1421 1421
3242 3242
5220 5220
5113 5113
6633 6633
6615 6615
6482 6482
6489 6489
5082 5082
5153 5153
5205 5205
3180 3180
6491 6491
3177 3177
1648 1648
5122 5122
622 622
594 594
3193 3193
1132 1132
4593 4593
6617 6617
1712 1712
880 880
2856 2856
652 652
1451 1451
3175 3175
1161 1161
252 252
5118 5118
1254 1254
996 996
1162 1162
4156 4156
4827 4827
1121 1121
995 995
6587 6587
3035 3035
689 689
3216 3216
3295 3295
1747 1747
5125 5125
3320 3320
3759 3759
1314 1314
1683 1683
3321 3321
6317 6317
1475 1475
302 302
1129 1129
1122 1122
1133 1133
1000 1000
1136 1136
4693 4693
5184 5184
3063 3063
5136 5136
936 936
1498 1498
210 210
881 881
6319 6319
999 999
1025 1025
1359 1359
1169 1169
1520 1520
4174 4174
253 253
597 597
5348 5348
4794 4794
3148 3148
845 845
4428 4428
1275 1275
4738 4738
1014 1014
2915 2915
1163 1163
1280 1280
1013 1013
4737 4737
1857 1857
1854 1854
3144 3144
1833 1833
400 400
1164 1164
211 211
4622 4622
1379 1379
988 988
1190 1190
830 830
2919 2919
6315 6315
846 846
2910 2910
1524 1524
991 991
2868 2868
1311 1311
801 801
933 933
1795 1795
6486 6486
5100 5100
3076 3076
1886 1886
802 802
5186 5186
4545 4545
4604 4604
955 955
1037 1037
4110 4110
632 632
1780 1780
6535 6535
1709 1709
2821 2821
676 676
610 610
1497 1497
788 788
1277 1277
1353 1353
6322 6322
3121 3121
6388 6388
3497 3497
4849 4849
691 691
1788 1788
1393 1393
1168 1168
1018 1018
4846 4846
1140 1140
5349 5349
6332 6332
177 177
1145 1145
1787 1787
412 412
6533 6533
1195 1195
1064 1064
720 720
4502 4502
1358 1358
4543 4543
1850 1850
4997 4997
6410 6410
4157 4157
6389 6389
4158 4158
4832 4832
1139 1139
4682 4682
4548 4548
4914 4914
4881 4881
5249 5249
1755 1755
6429 6429
5141 5141
4592 4592
4814 4814
4488 4488
4481 4481
1006 1006
1003 1003
1883 1883
6426 6426
2853 2853
4913 4913
4607 4607
1480 1480
1063 1063
4679 4679
4978 4978
4697 4697
2969 2969
1004 1004
721 721
1149 1149
4915 4915
1737 1737
3158 3158
841 841
1137 1137
912 912
1904 1904
1048 1048
1791 1791
1456 1456
1174 1174
4550 4550
6510 6510
4290 4290
5252 5252
1261 1261
4994 4994
1147 1147
4546 4546
2833 2833
829 829
4911 4911
3172 3172
3762 3762
4372 4372
4328 4328
4615 4615
1369 1369
4820 4820
726 726
1390 1390
4776 4776
987 987
2895 2895
4837 4837
6282 6282
3113 3113
1159 1159
6538 6538
2897 2897
914 914
1753 1753
4709 4709
4500 4500
1035 1035
4683 4683
705 705
4125 4125
2863 2863
4831 4831
1796 1796
1534 1534
6387 6387
3067 3067
1673 1673
843 843
3006 3006
2898 2898
658 658
249 249
3012 3012
6368 6368
1125 1125
4918 4918
413 413
5142 5142
965 965
993 993
1782 1782
3090 3090
5189 5189
1449 1449
5223 5223
2877 2877
1758 1758
1784 1784
4537 4537
3112 3112
5143 5143
1027 1027
5138 5138
4127 4127
4991 4991
648 648
3078 3078
1518 1518
3171 3171
4808 4808
4932 4932
981 981
4486 4486
4871 4871
1188 1188
2998 2998
1182 1182
2914 2914
3116 3116
6396 6396
4478 4478
1799 1799
6358 6358
6446 6446
1460 1460
868 868
4637 4637
1080 1080
2926 2926
6370 6370
4528 4528
6572 6572
6874 6874
4677 4677
3021 3021
1114 1114
4387 4387
4562 4562
4953 4953
3472 3472
6473 6473
1526 1526
3107 3107
5255 5255
808 808
1141 1141
4641 4641
973 973
4730 4730
4503 4503
5256 5256
1045 1045
4922 4922
1029 1029
6475 6475
3509 3509
6875 6875
3109 3109
1010 1010
2884 2884
1043 1043
4725 4725
4254 4254
4238 4238
786 786
4734 4734
4714 4714
4729 4729
4583 4583
1399 1399
4285 4285
4934 4934
2927 2927
4668 4668
4131 4131
4728 4728
4930 4930
900 900
1251 1251
4504 4504
4458 4458
1461 1461
4329 4329
4575 4575
4424 4424
6573 6573
4118 4118
1323 1323
4473 4473
6288 6288
4126 4126
4417 4417
3500 3500
919 919
4958 4958
4963 4963
1334 1334
905 905
4167 4167
4150 4150
4836 4836
952 952
4806 4806
3137 3137
6560 6560
901 901
6381 6381
2820 2820
650 650
1798 1798
4386 4386
1044 1044
6557 6557
5292 5292
855 855
1492 1492
4985 4985
4746 4746
1306 1306
2971 2971
2950 2950
4631 4631
6559 6559
4354 4354
848 848
4571 4571
1481 1481
904 904
6566 6566
4538 4538
1464 1464
4573 4573
6423 6423
1407 1407
2826 2826
4936 4936
1090 1090
1409 1409
4378 4378
3088 3088
2865 2865
2819 2819
4968 4968
1326 1326
6281 6281
958 958
4516 4516
4352 4352
4672 4672
4407 4407
4749 4749
4277 4277
4663 4663
903 903
1115 1115
4586 4586
4580 4580
4940 4940
5295 5295
5297 5297
2932 2932
1187 1187
4572 4572
4989 4989
957 957
4240 4240
750 750
1108 1108
4337 4337
882 882
4493 4493
6546 6546
6365 6365
1236 1236
6285 6285
2880 2880
4412 4412
6412 6412
3155 3155
1368 1368
4297 4297
1178 1178
4311 4311
2887 2887
6516 6516
4321 4321
6571 6571
4340 4340
4470 4470
5269 5269
902 902
1478 1478
4582 4582
884 884
4463 4463
4941 4941
4517 4517
3125 3125
6551 6551
1071 1071
1055 1055
1118 1118
6567 6567
4452 4452
6872 6872
4461 4461
1077 1077
1466 1466
4664 4664
6512 6512
946 946
860 860
4494 4494
4442 4442
6303 6303
2965 2965
4950 4950
4648 4648
4282 4282
4431 4431
693 693
836 836
978 978
873 873
944 944
1230 1230
4392 4392
3096 3096
1265 1265
4973 4973
3133 3133
4951 4951
4358 4358
5265 5265
897 897
891 891
2841 2841
4713 4713
4335 4335
1098 1098
875 875
4391 4391
1106 1106
621 621
4436 4436
