2180 1
4 4
7 7
2206 8
3693 9
10 10
2755 12
14 14
15 15
5696 18
6265 22
6459 25
26 26
27 27
29 29
5196 33
35 35
36 36
4007 43
45 45
46 46
1919 49
6626 50
51 51
3961 56
5562 57
61 61
62 62
63 63
64 64
65 65
2709 66
67 67
4866 70
73 73
5683 78
3701 79
5778 80
3099 81
3255 82
5124 84
2923 85
621 89
677 90
5488 91
1290 92
4642 93
94 94
3715 97
100 100
104 104
6545 107
907 108
110 110
4148 113
5775 114
5038 115
117 117
118 118
119 119
2224 120
122 122
123 123
126 126
5124 127
128 128
4491 132
133 133
2810 136
6391 137
140 140
4336 141
5766 142
814 143
146 146
147 147
151 151
153 153
6309 155
325 156
5045 157
158 158
1388 161
833 162
163 163
5007 166
375 168
169 169
604 175
177 177
4949 178
180 180
182 182
834 184
189 189
4182 194
284 196
199 199
1978 201
2106 202
203 203
5191 206
6300 208
210 210
211 211
3347 213
214 214
215 215
6352 216
217 217
218 218
4075 219
220 220
225 225
227 227
228 228
5736 233
5619 234
5847 236
6200 239
6008 240
1695 241
242 242
244 244
245 245
246 246
3542 247
2822 248
249 249
5639 250
252 252
253 253
3717 254
255 255
2122 256
3579 257
258 258
3638 260
5609 262
2602 265
1688 267
273 273
4990 276
5124 277
4113 278
279 279
282 282
2206 283
284 284
285 285
1490 287
511 288
289 289
340 291
292 292
294 294
295 295
302 302
1202 307
5059 308
3931 310
311 311
312 312
4906 314
315 315
1474 318
814 319
6521 320
321 321
1832 322
323 323
325 325
327 327
328 328
330 330
333 333
3019 334
4367 337
4153 338
340 340
343 343
4382 344
1827 349
3751 350
351 351
4810 354
3975 355
3571 356
359 359
569 362
1469 363
1049 365
367 367
368 368
6797 371
372 372
4670 373
374 374
375 375
376 376
2304 377
1048 381
3794 383
97 387
3693 388
392 392
396 396
1044 397
5045 398
400 400
3172 401
407 407
408 408
409 409
412 412
413 413
1360 414
415 415
5290 420
421 421
2743 424
429 429
6781 430
432 432
435 435
436 436
743 437
438 438
439 439
6112 440
441 441
2923 442
448 448
449 449
1126 450
798 451
5633 452
456 456
1937 460
4728 461
466 466
468 468
6037 475
2901 476
627 477
482 482
487 487
488 488
856 490
492 492
494 494
5603 495
4313 502
505 505
3554 506
6889 507
343 508
1174 509
4750 510
511 511
512 512
515 515
4824 516
2181 524
3931 525
3049 530
533 533
537 537
538 538
539 539
540 540
542 542
544 544
545 545
546 546
548 548
552 552
553 553
3759 556
5546 557
558 558
1470 559
560 560
561 561
3834 562
4807 564
566 566
1564 567
568 568
570 570
1174 572
576 576
4284 577
578 578
5051 582
583 583
5998 584
585 585
586 586
587 587
265 589
1756 593
594 594
597 597
2275 598
599 599
601 601
603 602
603 603
77 605
607 607
608 608
610 610
3512 614
1670 616
6661 618
5448 620
621 621
622 622
2574 623
6657 625
5648 631
632 632
3977 634
3922 635
636 636
2223 638
2191 640
648 648
650 650
652 652
3456 654
971 655
658 658
4147 661
2726 662
6305 667
669 669
4126 670
5857 673
674 674
6287 675
676 676
5091 678
1704 688
689 689
691 691
6050 692
693 693
4519 695
696 696
697 697
699 699
6746 700
704 704
705 705
5364 707
1903 708
850 709
5631 713
2477 714
715 715
5334 719
720 720
721 721
723 723
726 726
1727 728
5124 735
5755 736
739 739
6125 740
741 741
743 743
5948 747
750 750
2073 753
754 754
38 755
462 756
758 758
4402 759
760 760
764 764
5497 765
5419 767
4082 768
2930 770
771 771
773 773
776 776
6162 777
4991 778
4102 780
2254 782
784 784
786 786
2717 787
788 788
3098 789
1934 791
746 793
6629 794
4331 795
6834 796
801 801
802 802
803 803
3985 806
237 807
808 808
4931 811
5868 814
1576 817
818 818
2929 822
833 823
1451 824
829 829
830 830
6285 831
667 833
836 836
72 838
839 839
841 841
843 843
845 845
846 846
2317 847
848 848
2756 849
12 851
1827 852
2303 853
855 855
2007 857
6061 858
860 860
63 862
5557 863
789 864
1919 867
868 868
4041 870
1632 872
873 873
875 875
1877 876
880 880
881 881
882 882
344 883
884 884
606 885
891 891
892 892
2279 895
6700 896
897 897
907 898
4948 899
900 900
901 901
902 902
903 903
904 904
905 905
6388 908
1614 911
912 912
3418 913
914 914
1411 916
5303 917
919 919
5733 921
63 922
923 923
924 924
926 926
892 928
1907 932
933 933
6486 934
936 936
3389 937
6705 940
3411 942
944 944
2029 945
946 946
2344 947
952 952
955 955
957 957
958 958
965 965
3508 968
6541 969
695 972
973 973
5767 977
978 978
3534 979
3929 980
981 981
1713 985
987 987
988 988
5880 990
991 991
993 993
995 995
996 996
999 999
1000 1000
1003 1003
1004 1004
1006 1006
5127 1008
3675 1009
1010 1010
5491 1011
3842 1012
1013 1013
1014 1014
1018 1018
5839 1022
1025 1025
5324 1026
1027 1027
1029 1029
1035 1035
1037 1037
2879 1039
1043 1043
1044 1044
1045 1045
1048 1048
1903 1049
6685 1050
1226 1052
2139 1053
1055 1055
2810 1056
1303 1058
5502 1060
696 1061
6305 1062
1063 1063
1064 1064
2267 1068
1071 1071
4132 1072
6522 1073
4731 1075
1077 1077
77 1078
1080 1080
2820 1089
1090 1090
1098 1098
6855 1099
4909 1101
1106 1106
1108 1108
1727 1111
1114 1114
1115 1115
1087 1116
1118 1118
4807 1120
1121 1121
1122 1122
1125 1125
5882 1126
6055 1127
1129 1129
3093 1130
1132 1132
1133 1133
6072 1134
1136 1136
1137 1137
1139 1139
1140 1140
1141 1141
5124 1143
1145 1145
1147 1147
657 1148
1149 1149
4799 1153
5597 1156
800 1157
1159 1159
1161 1161
1162 1162
1163 1163
1164 1164
4084 1166
1168 1168
1169 1169
5426 1170
892 1172
1174 1174
1178 1178
5481 1180
1182 1182
1187 1187
1188 1188
1190 1190
12 1191
5866 1194
1195 1195
3344 1197
3999 1198
3638 1199
5525 1204
2899 1205
2344 1208
20 1211
2139 1213
6292 1215
532 1217
8 1218
5015 1219
1221 1221
1223 1223
4887 1227
1230 1230
1231 1231
6015 1232
1236 1236
20 1237
1238 1238
1240 1240
1614 1242
6180 1243
1245 1245
5624 1248
1251 1251
1392 1253
1254 1254
1255 1255
3238 1257
5153 1258
5800 1260
1261 1261
5194 1263
1804 1264
1265 1265
1270 1270
980 1271
4557 1273
1275 1275
5253 1276
1277 1277
5646 1278
1279 1279
1280 1280
3686 1285
5923 1288
1292 1292
3235 1293
1299 1299
1302 1302
1304 1304
1306 1306
3440 1307
5199 1308
1311 1311
1314 1314
4803 1316
720 1319
3746 1320
3199 1321
1323 1323
1243 1324
4075 1325
1326 1326
1327 1327
1463 1328
413 1330
1331 1331
1334 1334
992 1335
1342 1342
1349 1349
5727 1351
1353 1353
6044 1354
1355 1355
1356 1356
1468 1357
1358 1358
1359 1359
2039 1364
3693 1367
1368 1368
1369 1369
397 1372
4905 1377
555 1378
1379 1379
239 1380
4344 1381
1620 1384
1386 1386
1387 1387
5448 1388
1390 1390
1393 1393
2820 1394
1396 1396
805 1397
1399 1399
1402 1402
1407 1407
1409 1409
4132 1410
1411 1411
3235 1414
1416 1416
1417 1417
1515 1418
6586 1419
1421 1421
5972 1426
2730 1427
1433 1433
2534 1438
1492 1439
3693 1446
1449 1449
1451 1451
4897 1452
4696 1453
3017 1455
1456 1456
6039 1458
1460 1460
1461 1461
1464 1464
1466 1466
5446 1469
2667 1470
2443 1471
4867 1473
1475 1475
5192 1477
1478 1478
1480 1480
1481 1481
1540 1483
2818 1484
6841 1485
1487 1487
1488 1488
6611 1489
1490 1490
1492 1492
1497 1497
1498 1498
1506 1506
5378 1507
604 1508
6126 1511
4888 1512
1027 1513
1418 1515
1811 1516
1518 1518
6241 1519
1520 1520
1524 1524
1526 1526
4485 1528
833 1530
6335 1531
1534 1534
1535 1535
1537 1537
2413 1539
1541 1541
6779 1543
1545 1545
1546 1546
1548 1548
1919 1550
1436 1551
1239 1553
1554 1554
1556 1556
1557 1557
1559 1559
1561 1561
1567 1567
1568 1568
3105 1569
1891 1571
1572 1572
1573 1573
4813 1574
1575 1575
6573 1577
1579 1579
4850 1580
1585 1585
1586 1586
1588 1588
3961 1589
1591 1591
1593 1593
1595 1595
1598 1598
4132 1599
1600 1600
1601 1601
1603 1603
1608 1608
6008 1610
539 1611
1612 1612
1614 1614
1617 1617
1618 1618
1619 1619
1622 1622
3686 1623
4760 1624
1625 1625
456 1626
1628 1628
6711 1629
3418 1631
1633 1633
4046 1635
1638 1638
5643 1639
3945 1640
5109 1641
1646 1646
1647 1647
1648 1648
1649 1649
543 1650
1652 1652
3652 1653
1655 1655
1026 1656
1657 1657
1660 1660
508 1662
1663 1663
4392 1666
1670 1670
692 1672
1673 1673
1678 1678
2062 1681
1683 1683
1684 1684
1687 1687
1689 1689
4489 1692
2001 1693
2187 1694
3844 1695
3717 1696
651 1698
1699 1699
1700 1700
1703 1703
1704 1704
1709 1709
5390 1710
1711 1711
1712 1712
2752 1715
2401 1716
1717 1717
2313 1718
1720 1720
3076 1722
1724 1724
1727 1727
2284 1729
5212 1731
1288 1732
5728 1734
5669 1735
5124 1736
1737 1737
1738 1738
5537 1739
1741 1741
1919 1742
395 1743
1745 1745
1747 1747
1748 1748
1749 1749
3957 1752
1753 1753
1755 1755
1377 1756
1758 1758
1759 1759
1760 1760
1761 1761
3966 1762
4509 1763
4045 1764
1919 1765
1766 1766
5114 1767
6335 1771
5456 1772
2413 1773
4694 1775
3275 1777
1780 1780
5545 1781
1782 1782
1784 1784
1787 1787
1788 1788
2038 1789
2061 1790
1791 1791
4315 1792
5146 1794
1795 1795
1796 1796
990 1797
1798 1798
1799 1799
3213 1806
5547 1808
1809 1809
6808 1811
5305 1812
2639 1813
3350 1815
1817 1817
2614 1821
1823 1823
1824 1824
5450 1826
4754 1827
5222 1828
1831 1831
6657 1832
1833 1833
2967 1834
4041 1835
1838 1838
3666 1840
563 1842
1843 1843
5555 1844
5500 1847
5124 1848
1850 1850
1618 1851
1854 1854
1855 1855
1856 1856
1857 1857
1860 1860
818 1862
1863 1863
1864 1864
4491 1865
6556 1866
1867 1867
3898 1868
5871 1870
1871 1871
1874 1874
1876 1876
6459 1877
1878 1878
1880 1880
1881 1881
1883 1883
1886 1886
3629 1888
2472 1891
5727 1893
1588 1894
1896 1896
1897 1897
1898 1898
343 1900
4094 1901
1904 1904
1905 1905
1906 1906
1907 1907
6494 1911
1912 1912
1913 1913
1914 1914
1916 1916
1918 1918
1919 1919
5288 1922
1925 1925
1278 1927
1928 1928
4132 1931
1933 1933
1934 1934
3717 1936
1937 1937
1938 1938
1939 1939
3016 1948
1949 1949
1951 1951
1818 1952
4491 1954
4402 1955
2471 1956
6553 1957
3891 1961
1962 1962
2332 1963
1966 1966
6458 1970
4254 1972
1976 1976
1977 1977
2417 1978
6601 1980
4533 1981
1983 1983
1984 1984
6411 1986
1988 1988
3569 1990
3981 1992
1993 1993
6166 1997
2472 1998
5890 1999
911 2001
1919 2002
2003 2003
4564 2004
2005 2005
5736 2006
2007 2007
5927 2009
2011 2011
4485 2012
2017 2017
2018 2018
2019 2019
6229 2020
2022 2022
2025 2025
2027 2027
2030 2030
5066 2032
5707 2034
2035 2035
2036 2036
6091 2037
6230 2042
2044 2044
2046 2046
980 2047
962 2048
4095 2049
3961 2050
2052 2052
1436 2053
2659 2056
6112 2057
2061 2061
3683 2062
2394 2064
2067 2067
3737 2068
1711 2069
3541 2072
5526 2075
665 2078
2081 2081
5015 2083
702 2085
2086 2086
2087 2087
2089 2089
4876 2090
2092 2092
2095 2095
2099 2099
2101 2101
4359 2103
2104 2104
2105 2105
2107 2107
4671 2108
607 2109
2113 2113
2114 2114
1288 2115
335 2116
1919 2117
2118 2118
2120 2120
2124 2124
6271 2125
743 2126
2127 2127
4504 2128
2129 2129
2130 2130
861 2135
5183 2137
2140 2140
4891 2141
3100 2142
2144 2144
109 2146
3991 2147
2150 2150
2152 2152
4344 2154
6424 2155
2433 2162
5987 2163
2164 2164
2167 2167
1102 2169
2170 2170
2172 2172
2175 2175
2132 2176
2177 2177
4157 2179
3876 2184
2685 2188
5876 2191
2193 2193
1143 2195
4307 2199
5124 2201
1919 2203
2204 2204
2205 2205
5138 2206
2207 2207
2210 2210
2213 2213
2215 2215
2216 2216
1303 2217
1354 2218
2221 2221
2224 2224
2227 2227
2230 2230
5890 2231
2233 2233
2098 2238
2239 2239
2241 2241
2243 2243
2245 2245
2246 2246
1771 2248
2254 2254
2256 2256
6459 2258
2211 2259
1215 2260
2261 2261
2730 2262
662 2263
4900 2266
6305 2268
656 2270
2272 2272
2274 2274
4437 2276
2278 2278
2280 2280
4314 2281
4906 2284
2286 2286
662 2287
2288 2288
2962 2291
2292 2292
2294 2294
2295 2295
2296 2296
2297 2297
2299 2299
5526 2300
3693 2301
2302 2302
2151 2304
937 2306
2308 2308
2311 2311
2312 2312
3342 2313
2774 2316
2317 2317
2318 2318
6391 2320
2321 2321
2324 2324
2326 2326
1747 2328
2331 2331
4132 2334
3917 2336
1391 2337
2338 2338
2340 2340
5124 2343
567 2344
3284 2346
6834 2347
6033 2349
2351 2351
2352 2352
6411 2354
6305 2357
4405 2362
6181 2365
5879 2369
560 2373
2375 2375
814 2376
2377 2377
3076 2378
6515 2379
1035 2383
2385 2385
6309 2388
2390 2390
6357 2391
2393 2393
544 2394
1135 2397
2401 2401
1373 2403
3098 2404
5109 2410
1250 2412
5124 2414
690 2415
5597 2418
4140 2422
2423 2423
2425 2425
2427 2427
2431 2431
2432 2432
766 2433
2434 2434
2435 2435
6235 2437
5615 2438
3831 2439
2441 2441
2461 2442
2444 2444
275 2446
2448 2448
2449 2449
3542 2451
2456 2456
2457 2457
5118 2463
2466 2466
2467 2467
2468 2468
418 2469
2471 2471
6637 2472
6026 2473
2475 2475
1779 2478
5497 2479
2480 2480
2482 2482
2484 2484
3287 2490
3161 2492
2493 2493
3945 2495
394 2496
2498 2498
2500 2500
3239 2504
2383 2505
2506 2506
1484 2508
2509 2509
5577 2510
2511 2511
692 2514
2993 2515
2516 2516
2519 2519
1128 2520
2523 2523
4178 2527
6292 2531
2533 2533
2534 2534
2536 2536
2537 2537
1430 2538
2541 2541
1515 2544
1463 2549
2550 2550
589 2552
2558 2558
2559 2559
2560 2560
20 2561
562 2562
4359 2565
3196 2567
6312 2568
145 2571
2572 2572
2575 2575
2649 2576
4875 2581
2230 2582
3546 2584
6556 2585
2089 2587
2588 2588
2591 2591
4891 2592
2544 2595
2596 2596
213 2597
2598 2598
766 2599
2600 2600
6305 2602
2273 2603
5609 2604
5076 2606
3049 2608
2610 2610
6774 2612
2614 2614
6300 2616
4642 2619
2623 2623
2624 2624
2627 2627
347 2629
4234 2633
2634 2634
2636 2636
5605 2637
2639 2639
1935 2640
6113 2642
2643 2643
5702 2644
1083 2645
2646 2646
4818 2647
2648 2648
2654 2654
6335 2656
1328 2657
2662 2662
2663 2663
4802 2664
5701 2667
2601 2668
2671 2671
5497 2672
2676 2676
2677 2677
2743 2679
3834 2681
2684 2684
2685 2685
2688 2688
2689 2689
2911 2691
5123 2692
165 2694
4041 2697
2698 2698
2699 2699
3147 2700
2701 2701
2705 2705
4875 2706
2707 2707
5546 2709
2715 2715
926 2718
2719 2719
2721 2721
2722 2722
3519 2723
2724 2724
2727 2727
2728 2728
1023 2730
2645 2732
2733 2733
502 2735
5308 2736
6535 2738
2740 2740
5205 2742
4490 2744
3359 2746
3344 2748
602 2750
6729 2751
5448 2752
2754 2754
798 2755
5497 2757
2005 2758
6064 2761
3452 2762
1231 2766
2756 2770
3054 2771
3120 2773
2775 2775
1919 2777
2779 2779
2783 2783
5656 2786
2791 2791
6749 2792
2793 2793
2795 2795
2798 2796
2797 2797
2798 2798
2799 2799
2801 2801
973 2802
5562 2803
6308 2805
6470 2806
3807 2807
5652 2809
2810 2810
2811 2811
2815 2815
2753 2818
2819 2819
2820 2820
2821 2821
5079 2822
2826 2826
4997 2827
3552 2830
2831 2831
2833 2833
5617 2837
2839 2839
2841 2841
4991 2844
5314 2845
2846 2846
2848 2848
2853 2853
1345 2855
2856 2856
5124 2857
2858 2858
2738 2861
2863 2863
2865 2865
2868 2868
2077 2870
5847 2872
3284 2874
2877 2877
2880 2880
3533 2881
2884 2884
3966 2886
2887 2887
555 2888
4369 2889
6305 2890
2892 2892
6213 2893
2895 2895
2897 2897
2898 2898
5358 2901
2903 2903
2904 2904
2905 2905
5191 2907
2910 2910
6181 2911
5222 2912
2914 2914
2915 2915
4410 2918
2919 2919
5882 2925
2926 2926
2927 2927
6352 2928
598 2929
2932 2932
6624 2934
3693 2935
563 2936
2941 2941
2942 2942
2943 2943
4143 2945
3847 2948
2950 2950
5597 2952
2232 2953
3607 2954
2955 2955
627 2956
2157 2957
2962 2962
6380 2963
2965 2965
6293 2966
2969 2969
2971 2971
4041 2973
3260 2975
2846 2977
2979 2979
190 2980
2981 2981
5879 2993
2994 2994
2998 2998
65 2999
3000 3000
3001 3001
3003 3003
3004 3004
505 3005
3006 3006
4109 3008
3012 3012
5029 3013
2422 3014
4251 3016
3406 3018
3021 3021
5481 3022
5845 3027
4338 3029
2666 3031
3032 3032
833 3034
3035 3035
3036 3036
3037 3037
4226 3038
5712 3041
850 3042
3043 3043
3044 3044
3045 3045
2253 3046
1303 3048
3053 3053
5448 3054
403 3058
3059 3059
3063 3063
3064 3064
3067 3067
6373 3069
1671 3070
4670 3071
736 3074
3076 3076
3077 3077
3078 3078
3079 3079
382 3080
6244 3084
667 3085
5376 3087
3088 3088
1361 3089
3090 3090
2648 3092
3074 3094
4344 3095
3096 3096
5280 3098
6338 3099
892 3101
5136 3104
1632 3106
3107 3107
3109 3109
4213 3110
3112 3112
3113 3113
3116 3116
4574 3120
3121 3121
238 3124
3125 3125
1813 3128
3221 3130
3701 3132
3133 3133
5195 3134
3421 3136
3137 3137
3144 3144
1261 3147
3148 3148
1461 3153
3155 3155
3732 3157
3158 3158
4727 3161
3163 3163
311 3166
3168 3168
5708 3169
3171 3171
3172 3172
2585 3174
3175 3175
3177 3177
199 3178
5879 3179
3180 3180
3183 3183
6814 3185
4166 3186
1044 3187
4731 3188
3190 3190
3898 3192
3193 3193
6793 3194
3195 3195
3196 3196
4949 3197
6255 3199
3201 3201
3896 3202
3204 3204
6811 3205
3206 3206
3207 3207
1466 3214
3216 3216
5575 3218
3219 3219
4248 3221
1457 3222
3223 3223
722 3226
3228 3228
3229 3229
3234 3234
1991 3236
3237 3237
6817 3239
3241 3241
3242 3242
3243 3243
6288 3244
3246 3246
842 3248
3249 3249
3251 3251
3295 3253
3217 3254
3255 3255
2609 3259
3260 3260
203 3261
2693 3264
6508 3266
3267 3267
3269 3269
6414 3270
2753 3271
3274 3274
1118 3275
3278 3278
3280 3280
3281 3281
3283 3283
3284 3284
4075 3285
5758 3286
3287 3287
6086 3289
449 3290
2720 3291
3973 3293
3295 3295
3222 3297
4802 3298
1264 3299
1953 3304
843 3305
1466 3306
6407 3309
4349 3311
3314 3314
3316 3316
3317 3317
4909 3319
3320 3320
3321 3321
3323 3323
325 3324
2269 3325
5845 3327
337 3329
3061 3331
864 3332
3333 3333
3335 3335
3338 3338
3340 3340
2655 3342
28 3343
5436 3344
4344 3345
3485 3346
1236 3348
3349 3349
6166 3350
5497 3351
3542 3353
450 3360
3361 3361
3362 3362
6152 3364
3368 3368
3371 3371
3372 3372
3373 3373
4614 3374
3380 3380
3381 3381
6636 3382
6119 3383
3385 3385
3387 3387
12 3390
6245 3391
3392 3392
1727 3394
3396 3396
273 3397
5996 3399
4018 3400
4807 3402
3405 3405
3407 3407
6089 3408
4344 3409
1919 3410
2689 3411
3542 3412
3413 3413
3414 3414
2647 3415
3417 3417
4549 3418
5135 3420
3421 3421
3423 3423
5529 3426
752 3427
3429 3429
1149 3430
5176 3431
3807 3434
5385 3437
1721 3438
1821 3440
3442 3442
4022 3444
3445 3445
3447 3447
1351 3450
394 3451
3452 3452
3453 3453
3457 3457
529 3460
1916 3464
5378 3467
2270 3468
4041 3470
4807 3471
3472 3472
3093 3474
5015 3477
305 3483
513 3484
5121 3486
3487 3487
3488 3488
3489 3489
2980 3490
3493 3493
3497 3497
3499 3499
3500 3500
3507 3507
2240 3508
3509 3509
3511 3511
2401 3512
3516 3516
2810 3517
3518 3518
3012 3519
1443 3520
667 3527
251 3528
3266 3529
3530 3530
342 3533
5492 3535
555 3536
1827 3537
3542 3542
3543 3543
3905 3544
97 3546
3547 3547
3548 3548
6110 3550
3551 3551
2486 3552
5831 3553
6817 3556
3907 3559
3561 3561
5116 3562
456 3564
3565 3565
3566 3566
3567 3567
3568 3568
1377 3570
2762 3571
1919 3573
3576 3576
3577 3577
3579 3579
6057 3582
3584 3584
3586 3586
3588 3588
1351 3591
4684 3595
3596 3596
6763 3598
5234 3599
3411 3600
3601 3601
999 3603
3604 3604
165 3606
1126 3608
3609 3609
2401 3610
6658 3612
3613 3613
3693 3614
6622 3615
4906 3616
1029 3617
3100 3619
4284 3621
6265 3626
6457 3627
3790 3629
3631 3631
926 3634
3637 3637
3638 3638
3640 3640
522 3641
2321 3643
6061 3644
3646 3646
4140 3647
3648 3648
2927 3649
3650 3650
3653 3653
2391 3655
1242 3658
3683 3662
6522 3663
1919 3665
3667 3667
3614 3668
4593 3672
3673 3673
5473 3674
4828 3676
3679 3679
4001 3681
6204 3682
3687 3687
4021 3688
4263 3690
3691 3691
3692 3692
3694 3694
3695 3695
2005 3696
725 3697
5519 3699
3756 3700
3703 3703
3704 3704
3705 3705
3706 3706
3707 3707
3971 3708
4250 3709
3685 3712
4561 3716
3717 3717
3718 3718
3723 3723
6781 3726
3418 3731
6177 3733
6038 3735
3842 3741
1367 3742
3747 3747
3861 3748
3749 3749
4131 3750
5326 3751
3753 3753
3754 3754
3707 3755
3756 3756
2624 3757
4036 3758
3759 3759
3762 3762
3852 3763
140 3767
5326 3769
3771 3771
3773 3773
3882 3776
3777 3777
2454 3779
5784 3780
3781 3781
3782 3782
166 3783
970 3784
3790 3785
604 3787
3788 3788
3890 3793
4049 3796
3707 3797
3798 3798
3799 3799
358 3803
3797 3805
3806 3806
2073 3807
3810 3810
3812 3812
3813 3813
1930 3816
3818 3818
5360 3819
973 3820
3125 3821
3823 3823
3825 3825
3826 3826
3829 3829
6493 3831
3833 3833
3657 3836
5136 3837
391 3838
3545 3842
3843 3843
392 3844
3845 3845
3679 3846
3847 3847
3850 3850
3851 3851
3855 3855
3856 3856
5124 3857
3708 3858
3114 3860
3861 3861
3842 3866
3868 3868
1456 3870
1341 3871
4819 3872
3874 3874
3109 3876
4193 3877
555 3878
3806 3881
3882 3882
3883 3883
2807 3884
715 3885
3204 3886
5526 3887
3889 3889
3892 3892
3095 3893
140 3894
4127 3896
3899 3899
3900 3900
4099 3901
4039 3902
2454 3904
3906 3906
3908 3908
5776 3912
1305 3913
6413 3917
3959 3918
606 3920
6491 3923
3926 3926
3927 3927
3932 3932
1056 3934
3815 3935
3936 3936
3731 3937
2360 3939
4200 3940
3941 3941
2392 3942
3944 3944
3742 3945
3748 3946
3978 3947
3949 3949
1704 3950
3951 3951
3759 3952
3953 3953
3954 3954
3955 3955
4106 3957
3962 3962
3963 3963
3965 3965
3967 3967
3757 3968
6873 3970
4011 3972
5308 3973
6764 3974
3976 3976
973 3977
3978 3978
3979 3979
3980 3980
3724 3981
5449 3984
3937 3985
3990 3990
3991 3991
3685 3993
4846 3996
4004 4004
4005 4005
4006 4006
3890 4008
4054 4010
3835 4011
4012 4012
4013 4013
2738 4015
3828 4016
4018 4018
4019 4019
3734 4020
3948 4021
4022 4022
4092 4023
4029 4029
3743 4030
922 4031
4032 4032
4033 4033
2542 4034
3843 4035
4036 4036
4037 4037
1375 4041
4042 4042
4044 4044
4045 4045
4048 4048
333 4049
4050 4050
2384 4051
4052 4052
3804 4056
4785 4057
3732 4058
4061 4061
843 4062
3685 4063
3685 4064
5267 4068
3724 4069
6857 4070
3222 4072
4073 4073
4074 4074
3974 4075
4108 4076
4055 4084
4998 4086
3739 4087
4260 4088
3890 4089
4091 4091
4092 4092
4093 4093
3890 4094
4096 4096
5124 4098
2895 4102
5574 4103
4700 4104
4054 4107
89 4109
4110 4110
154 4111
3685 4112
4114 4114
4115 4115
4118 4118
3963 4119
4124 4124
4125 4125
4126 4126
4127 4127
2454 4128
3867 4129
4131 4131
336 4132
6840 4138
5916 4140
4149 4149
4150 4150
4155 4155
4156 4156
4157 4157
4158 4158
5683 4160
4161 4161
6571 4162
4921 4166
4167 4167
4168 4168
5474 4170
1169 4171
3443 4173
4174 4174
2438 4175
3210 4177
4085 4178
3844 4179
2332 4181
1099 4182
4186 4186
4187 4187
6335 4188
1325 4190
2073 4191
4192 4192
4214 4194
5928 4197
4198 4198
3862 4199
4201 4201
4203 4203
644 4205
4206 4206
3143 4208
4210 4210
6254 4219
1247 4220
6857 4221
4382 4222
4226 4226
4227 4227
1919 4228
4230 4230
5127 4232
4234 4234
4238 4238
4240 4240
4241 4241
4244 4244
4246 4246
4247 4247
4248 4248
1254 4249
2244 4251
4254 4254
4257 4257
4258 4258
4007 4259
302 4262
6070 4263
4267 4267
4268 4268
6782 4273
4291 4276
4277 4277
6663 4279
2344 4280
4132 4281
4282 4282
1272 4284
4285 4285
4286 4286
2864 4288
4369 4289
4290 4290
3804 4292
4293 4293
4294 4294
6619 4296
4297 4297
4299 4299
4300 4300
5871 4304
4305 4305
4308 4308
3723 4309
1914 4310
4311 4311
362 4312
1174 4314
269 4316
2477 4320
4321 4321
1673 4324
959 4325
702 4327
4328 4328
4329 4329
190 4332
4335 4335
4337 4337
4340 4340
6317 4341
5291 4343
5484 4350
4352 4352
4354 4354
4799 4356
4358 4358
6658 4359
1880 4360
6130 4362
2162 4363
6652 4369
4372 4372
1368 4373
5333 4377
4378 4378
4379 4379
3201 4380
4069 4382
3948 4383
5006 4385
4386 4386
4387 4387
3358 4389
4391 4391
4392 4392
4396 4396
4798 4405
4407 4407
6351 4411
4412 4412
2131 4415
4417 4417
4875 4419
2816 4421
4424 4424
2167 4425
4428 4428
100 4429
1274 4430
4431 4431
5764 4433
4436 4436
1961 4437
27 4441
4442 4442
5470 4445
3688 4448
14 4449
5690 4450
4452 4452
4163 4453
4458 4458
63 4460
4461 4461
5866 4462
4463 4463
563 4464
4626 4468
4470 4470
4473 4473
4190 4474
6587 4476
4478 4478
4668 4480
4481 4481
4409 4484
4486 4486
5130 4487
4488 4488
1947 4491
4806 4492
4493 4493
4494 4494
4259 4495
2752 4499
4500 4500
4502 4502
4503 4503
4504 4504
4446 4505
3966 4508
5127 4510
5497 4513
6296 4515
4516 4516
4517 4517
4900 4522
4528 4528
3807 4529
5624 4530
1919 4531
1605 4534
4537 4537
4538 4538
2384 4539
5308 4540
4543 4543
5167 4544
4545 4545
4546 4546
4548 4548
4550 4550
6459 4552
3193 4553
4562 4562
4571 4571
4572 4572
4573 4573
4575 4575
4580 4580
4582 4582
4583 4583
4586 4586
1894 4589
2190 4590
4592 4592
4593 4593
3411 4598
516 4601
708 4602
2484 4603
4604 4604
4888 4605
4607 4607
1991 4612
4615 4615
1410 4617
4622 4622
3366 4624
3542 4627
4628 4628
4631 4631
4477 4632
2388 4634
4760 4635
4637 4637
4641 4641
5276 4643
4644 4644
6026 4645
702 4646
4648 4648
6326 4650
1792 4652
3284 4654
5529 4661
1463 4662
4663 4663
4664 4664
6417 4666
4668 4668
4672 4672
4677 4677
4679 4679
4682 4682
4683 4683
4685 4685
4687 4687
4688 4688
4092 4691
4693 4693
3803 4695
4697 4697
2834 4698
4705 4705
4709 4709
3977 4710
4713 4713
4714 4714
5295 4717
6411 4719
4722 4722
3888 4724
4725 4725
4728 4728
4729 4729
4730 4730
2656 4731
4734 4734
4736 4736
4737 4737
4738 4738
2752 4741
5497 4743
2995 4744
4746 4746
4747 4747
596 4748
4749 4749
4752 4752
4277 4753
4754 4754
4756 4756
4757 4757
6343 4758
4762 4762
2145 4763
3361 4765
5960 4766
4163 4769
4770 4770
144 4772
3715 4773
1463 4774
4776 4776
4078 4779
2053 4780
4232 4781
3022 4782
1303 4785
4786 4786
770 4788
4789 4789
6628 4790
5118 4791
4793 4793
4794 4794
6154 4795
4797 4797
4799 4799
1734 4802
4806 4806
4807 4807
4808 4808
6869 4810
5456 4812
4814 4814
4816 4816
4817 4817
4084 4818
4820 4820
1443 4822
4827 4827
6292 4828
4830 4830
4831 4831
4832 4832
5769 4833
4836 4836
4837 4837
5327 4844
4846 4846
5124 4847
4849 4849
986 4853
3754 4855
4580 4859
5227 4862
4909 4863
1194 4864
4868 4868
4562 4869
4905 4870
4871 4871
4785 4872
4874 4874
4881 4881
6288 4887
3861 4888
4889 4889
4891 4891
4892 4892
1880 4893
5930 4894
1681 4903
3657 4906
4907 4907
5498 4908
4911 4911
4912 4912
4913 4913
4914 4914
4915 4915
4918 4918
6836 4919
5690 4920
4922 4922
1049 4923
2783 4925
6501 4926
4930 4930
1486 4931
4932 4932
4934 4934
4936 4936
3977 4938
4940 4940
4941 4941
2401 4942
6406 4944
4950 4950
4951 4951
4953 4953
4956 4956
4958 4958
4934 4962
4963 4963
4686 4965
5253 4966
4968 4968
918 4969
389 4972
4973 4973
6602 4974
4975 4975
4978 4978
5124 4979
4982 4982
3707 4984
4985 4985
4396 4986
4392 4987
5497 4988
4989 4989
4991 4991
4994 4994
6070 4996
4997 4997
3274 4998
6457 5001
2225 5003
4802 5004
3710 5005
4968 5007
5928 5009
5118 5011
5234 5014
3593 5016
842 5017
6351 5018
5020 5020
1605 5021
5023 5023
2915 5024
2662 5027
118 5028
1176 5029
5736 5031
1957 5033
3288 5034
5036 5036
6213 5037
5041 5041
1529 5043
2870 5044
5045 5045
2030 5046
5047 5047
1727 5048
187 5049
5050 5050
5051 5051
5251 5053
5054 5054
5056 5056
3923 5058
2993 5061
3844 5062
1618 5065
6642 5067
686 5068
5069 5069
1688 5072
5073 5073
5074 5074
1871 5076
5079 5079
5080 5080
5081 5081
5082 5082
5086 5086
1861 5087
1090 5088
5089 5089
5090 5090
4078 5092
5094 5094
5095 5095
12 5098
2004 5099
5100 5100
5189 5103
832 5105
3807 5108
5113 5113
5235 5114
12 5115
1214 5116
5117 5117
5118 5118
5120 5120
5122 5122
6554 5123
720 5124
5125 5125
814 5127
5128 5128
5130 5130
5132 5132
5136 5136
5138 5138
5141 5141
5142 5142
5143 5143
2568 5145
5146 5146
6652 5148
5152 5152
5153 5153
5157 5157
2112 5158
814 5159
5076 5160
5166 5166
4858 5168
5194 5171
2450 5172
6308 5173
3734 5174
3867 5177
5179 5179
6047 5183
5184 5184
5186 5186
5189 5189
4750 5190
4765 5191
5192 5192
4985 5193
1565 5194
5195 5195
5196 5196
5197 5197
3163 5199
1955 5200
1302 5201
5015 5204
5205 5205
1775 5206
1091 5207
5211 5211
2044 5215
5219 5219
5220 5220
5221 5221
5223 5223
5155 5224
5225 5225
4872 5227
3496 5229
843 5230
5666 5232
5233 5233
3862 5234
5235 5235
559 5236
4085 5238
5239 5239
1338 5240
5497 5242
3886 5244
6252 5245
5249 5249
1919 5250
5252 5252
3759 5254
5255 5255
5256 5256
1058 5258
2961 5261
4476 5262
665 5263
3869 5264
5265 5265
5007 5267
5269 5269
3731 5271
1354 5274
5683 5275
665 5276
5280 5280
5281 5281
5624 5283
6617 5287
447 5290
5291 5291
5292 5292
5295 5295
5297 5297
5298 5298
5300 5300
2260 5302
5303 5303
5304 5304
5617 5305
5306 5306
4603 5307
6290 5308
5921 5309
6415 5312
6556 5315
4722 5317
4668 5318
5323 5323
5324 5324
5327 5327
3595 5329
2993 5330
582 5331
5624 5332
5333 5333
2486 5335
5337 5337
7 5339
5341 5341
6236 5342
6411 5347
5348 5348
5349 5349
5909 5350
6193 5352
5353 5353
6114 5354
5355 5355
6881 5356
5357 5357
5617 5358
500 5360
6757 5361
5362 5362
4872 5363
2050 5364
1441 5368
2657 5371
5374 5374
3676 5376
5377 5377
5378 5378
5379 5379
5381 5381
5124 5382
793 5384
5385 5385
4109 5386
5387 5387
5390 5390
5952 5392
5393 5393
2069 5396
892 5398
4214 5399
5619 5400
5055 5401
5405 5405
5406 5406
3735 5407
1015 5408
5409 5409
5410 5410
5411 5411
5412 5412
2030 5415
5433 5416
4429 5417
5426 5426
6305 5429
5430 5430
1823 5434
5438 5438
5440 5440
5443 5443
4491 5444
4714 5447
5448 5448
5452 5452
1747 5455
486 5456
5458 5458
5463 5463
5464 5464
6698 5467
5468 5468
5400 5469
4485 5470
4138 5471
5475 5475
381 5476
5483 5483
5484 5484
5486 5486
5487 5487
1197 5488
4007 5495
665 5502
5504 5504
4435 5505
5443 5508
5512 5512
6668 5513
5514 5514
5517 5517
1351 5518
5519 5519
1919 5520
5521 5521
2989 5522
5523 5523
929 5524
6465 5525
5527 5527
5528 5528
5529 5529
3517 5530
5531 5531
5532 5532
3975 5533
6435 5534
5535 5535
5536 5536
5179 5538
5539 5539
5540 5540
5542 5542
3966 5545
2461 5547
5549 5549
6642 5550
2961 5551
4152 5552
5553 5553
3854 5554
784 5557
3483 5560
1041 5564
5567 5567
6235 5568
5569 5569
2961 5573
5514 5575
5577 5577
5579 5579
6521 5580
5581 5581
2237 5585
5897 5587
5589 5589
5590 5590
2853 5596
2907 5599
965 5600
5601 5601
5602 5602
4670 5606
2743 5608
5609 5609
5610 5610
1994 5611
6411 5612
109 5613
3693 5614
5478 5617
5619 5619
2832 5621
5625 5625
3973 5626
5109 5628
5630 5630
557 5631
5632 5632
5634 5634
499 5635
5754 5636
5637 5637
6611 5639
5641 5641
5643 5643
5644 5644
5646 5646
5648 5648
5234 5649
4041 5650
5654 5654
4671 5656
6470 5657
2901 5660
344 5662
5663 5663
1013 5664
5665 5665
5666 5666
2241 5667
6639 5668
1486 5669
3199 5672
5674 5674
3709 5676
5677 5677
5679 5679
4485 5684
1763 5686
2526 5687
3422 5688
5689 5689
3193 5690
5691 5691
12 5693
5697 5697
5698 5698
5702 5702
884 5703
5705 5705
5706 5706
6335 5707
5708 5708
4022 5709
621 5710
4790 5711
6273 5713
6842 5715
5717 5717
5720 5720
3633 5722
555 5723
5724 5724
6834 5725
5726 5726
238 5727
604 5731
4855 5733
5734 5734
5736 5736
5128 5739
5740 5740
2584 5742
5745 5745
3672 5746
6407 5748
1466 5749
5750 5750
5751 5751
5753 5753
5074 5757
5760 5760
3533 5762
3456 5764
3890 5765
5767 5767
6457 5772
1576 5774
5775 5775
3807 5776
5777 5777
5778 5778
5780 5780
2698 5781
2731 5782
6744 5783
4133 5784
5785 5785
1874 5787
5788 5788
5789 5789
2118 5790
5791 5791
5793 5793
5794 5794
5262 5797
6352 5798
5799 5799
5800 5800
3144 5801
104 5802
3733 5804
5806 5806
5807 5807
4605 5810
5812 5812
5198 5813
6811 5815
419 5819
582 5822
1349 5823
2267 5824
2253 5825
1083 5826
5828 5828
4705 5829
5834 5834
5835 5835
5837 5837
5838 5838
5840 5840
4776 5842
2206 5843
5845 5845
5848 5848
5855 5855
2619 5856
3961 5857
4277 5858
814 5860
5862 5862
5690 5863
5865 5865
5866 5866
2106 5867
5869 5869
425 5870
1004 5872
395 5875
5439 5876
1800 5878
5880 5880
5881 5881
5886 5886
4084 5888
5890 5890
991 5893
5896 5896
5897 5897
5114 5898
3964 5899
5901 5901
5902 5902
5903 5903
5904 5904
3772 5909
997 5912
5915 5915
5731 5920
5922 5922
5923 5923
2112 5924
5173 5926
5927 5927
5928 5928
4445 5929
4229 5930
5932 5932
5933 5933
5936 5936
5939 5939
3858 5940
6845 5942
4145 5943
5944 5944
1469 5947
1919 5948
5949 5949
5950 5950
5951 5951
3371 5952
5953 5953
604 5954
3987 5957
4380 5958
5959 5959
4293 5960
5966 5966
5645 5968
5969 5969
3756 5973
538 5975
3411 5976
5977 5977
5978 5978
5980 5980
5981 5981
5982 5982
5985 5985
5986 5986
5987 5987
5988 5988
5989 5989
5991 5991
1005 5993
5994 5994
5997 5997
6679 5998
532 5999
6000 6000
918 6001
3287 6002
3898 6003
6005 6005
6508 6006
6011 6011
4728 6012
3314 6013
2554 6021
6024 6024
6213 6025
3773 6026
3736 6029
2038 6031
4564 6032
6245 6033
6556 6036
6037 6037
6039 6039
6040 6040
4135 6043
4290 6044
6045 6045
4105 6050
5227 6051
2182 6053
6054 6054
6056 6056
6057 6057
6058 6058
6061 6061
6062 6062
2174 6063
6064 6064
5195 6066
6067 6067
6072 6068
1058 6070
3434 6071
803 6072
6073 6073
5497 6074
6076 6076
6077 6077
665 6078
430 6080
6082 6082
6083 6083
6085 6085
344 6086
6090 6090
129 6091
6095 6095
3654 6096
1432 6100
6101 6101
2808 6102
6103 6103
2287 6105
6110 6110
6115 6115
6117 6117
2658 6119
6121 6121
2433 6127
4234 6128
6130 6130
1392 6132
5015 6135
4003 6136
4968 6137
6139 6139
1648 6140
6142 6142
6143 6143
4378 6145
6147 6147
2225 6149
5124 6150
5326 6153
5054 6154
31 6156
6157 6157
6159 6159
6160 6160
6161 6161
6162 6162
6639 6165
4797 6166
6168 6168
4412 6169
6170 6170
6172 6172
1463 6173
1250 6174
6175 6175
6811 6176
4140 6178
6185 6185
6187 6187
6190 6190
6191 6191
6195 6195
3105 6197
5921 6199
349 6200
5115 6202
1466 6208
6209 6209
6305 6210
833 6211
6212 6212
3017 6214
5905 6215
568 6216
4138 6217
2901 6218
3702 6219
6224 6224
6225 6225
4041 6226
6227 6227
2838 6230
6231 6231
3310 6232
2498 6234
4760 6235
6238 6238
4593 6240
1574 6242
665 6244
1801 6245
6246 6246
6247 6247
6248 6248
5276 6249
3199 6255
6256 6256
182 6257
335 6259
2061 6262
6263 6263
438 6266
6267 6267
6269 6269
5725 6270
3732 6272
6275 6275
6276 6276
582 6277
6278 6278
6281 6281
6282 6282
2224 6283
4611 6284
6285 6285
48 6287
6288 6288
5868 6290
3593 6291
2703 6294
6832 6295
6302 6302
6303 6303
5069 6305
83 6306
6307 6307
6315 6315
6317 6317
6319 6319
667 6321
6322 6322
5729 6323
3109 6324
2879 6325
6326 6326
4495 6327
4631 6328
3164 6330
5063 6331
6332 6332
6334 6334
5302 6335
4989 6338
1303 6339
6340 6340
6352 6352
6356 6356
6358 6358
6360 6360
4750 6361
6363 6363
6365 6365
6368 6368
6370 6370
5082 6375
914 6380
6381 6381
3386 6383
5285 6384
6627 6385
5619 6386
6387 6387
6388 6388
6389 6389
5927 6391
165 6392
4109 6393
4658 6394
3847 6395
6396 6396
1068 6398
2888 6400
6402 6402
1312 6403
3890 6404
6406 6406
6598 6409
6410 6410
6412 6412
4784 6413
6417 6417
6423 6423
4314 6424
6426 6426
1126 6428
6429 6429
6431 6431
6110 6435
4380 6436
5314 6437
6438 6438
6439 6439
6440 6440
814 6441
6442 6442
2553 6443
6444 6444
6446 6446
3165 6450
4336 6455
1685 6457
4445 6460
843 6461
6176 6463
6464 6464
6467 6467
3801 6470
6473 6473
6475 6475
3966 6478
2945 6480
6482 6482
6486 6486
6489 6489
6491 6491
1970 6495
1466 6498
6597 6502
99 6504
2069 6505
3330 6509
6510 6510
6512 6512
4234 6513
6516 6516
3703 6518
206 6521
4021 6522
1460 6524
6526 6526
6527 6527
6571 6530
6058 6531
6533 6533
4313 6534
6535 6535
6856 6537
6538 6538
5869 6539
1159 6541
4409 6543
6546 6546
4120 6547
3680 6549
6551 6551
4190 6555
3100 6556
6557 6557
6559 6559
6560 6560
1746 6561
6566 6566
6567 6567
1303 6568
5015 6570
6571 6571
6572 6572
6573 6573
6574 6574
6576 6576
6577 6577
6578 6578
2878 6581
134 6584
6585 6585
6587 6587
576 6588
1031 6589
6591 6591
6592 6592
6595 6595
5314 6597
6598 6598
6599 6599
6600 6600
6602 6602
4015 6603
5698 6605
6606 6606
965 6610
3966 6614
6615 6615
3580 6616
6617 6617
2645 6622
6623 6623
6626 6626
6628 6628
5234 6629
6630 6630
305 6631
5378 6632
6633 6633
1935 6634
6637 6637
6638 6638
3599 6640
391 6641
6644 6644
5880 6645
5426 6646
2025 6648
2752 6649
6650 6650
3736 6654
3944 6655
6657 6657
5652 6658
6659 6659
6662 6662
6663 6663
6665 6665
6666 6666
4668 6667
2106 6669
2658 6670
6675 6675
500 6678
5633 6681
6683 6683
2525 6688
6689 6689
3667 6693
3387 6694
3709 6695
823 6697
6704 6704
6706 6706
118 6707
3736 6714
6715 6715
6718 6718
6719 6719
6721 6721
6724 6724
6727 6727
6637 6728
4113 6730
6731 6731
789 6735
6739 6739
1260 6742
2118 6745
6750 6750
1462 6752
6754 6754
1217 6755
6756 6756
6758 6758
853 6759
2054 6761
6762 6762
3248 6763
1083 6766
6767 6767
6768 6768
5631 6769
2549 6770
6778 6778
4878 6779
1005 6780
6781 6781
5326 6782
6784 6784
747 6786
6788 6788
4138 6789
6791 6791
1407 6792
6793 6793
3113 6794
6797 6797
4025 6798
6799 6799
6800 6800
6801 6801
4542 6802
6807 6807
1073 6808
6809 6809
5816 6816
6817 6817
6823 6823
6824 6824
2651 6828
6830 6830
6832 6832
6834 6834
1303 6836
4373 6838
6839 6839
6841 6841
6842 6842
4247 6843
6844 6844
1099 6845
5287 6847
6848 6848
6853 6853
6854 6854
5336 6855
5271 6857
6859 6859
6860 6860
6862 6862
198 6864
6865 6865
4020 6866
6868 6868
1303 6871
6872 6872
6811 6873
6874 6874
6875 6875
968 6878
6880 6880
1099 6881
1479 6884
6887 6887
6889 6889
