5463 5463
5659 5659
5535 5535
5510 5510
5674 5674
5601 5601
5597 5597
5683 5683
5640 5640
5512 5512
5950 5950
5635 5635
3862 3862
5943 5943
5848 5848
6066 6066
5751 5751
2271 2271
6057 6057
5590 5590
6158 6158
3773 3773
5829 5829
6058 6058
5724 5724
3521 3521
6054 6054
3777 3777
3522 3522
5641 5641
2129 2129
2177 2177
3626 3626
5545 5545
5821 5821
331 331
5630 5630
5820 5820
5746 5746
5937 5937
3631 3631
5698 5698
5540 5540
5954 5954
3859 3859
3845 3845
6261 6261
2490 2490
5936 5936
3830 3830
6247 6247
6053 6053
6062 6062
3700 3700
6077 6077
2384 2384
6246 6246
3829 3829
3643 3643
5963 5963
5625 5625
2152 2152
2375 2375
359 359
26 26
5586 5586
6045 6045
5834 5834
5539 5539
3638 3638
2389 2389
2052 2052
3642 3642
3757 3757
5648 5648
2051 2051
3853 3853
246 246
2154 2154
3540 3540
311 311
328 328
2050 2050
5851 5851
3704 3704
2792 2792
3565 3565
3569 3569
227 227
312 312
6046 6046
5716 5716
2002 2002
3539 3539
2213 2213
429 429
327 327
5369 5369
3923 3923
122 122
1907 1907
2044 2044
2180 2180
109 109
2499 2499
351 351
286 286
2124 2124
3828 3828
3749 3749
340 340
5826 5826
261 261
3851 3851
2278 2278
2475 2475
3568 3568
292 292
408 408
409 409
2799 2799
3594 3594
5665 5665
2596 2596
2597 2597
443 443
76 76
3601 3601
81 81
3936 3936
3576 3576
2210 2210
2193 2193
119 119
3591 3591
277 277
25 25
3588 3588
5857 5857
63 63
3581 3581
101 101
432 432
17 17
64 64
2061 2061
233 233
5741 5741
2063 2063
5986 5986
336 336
2485 2485
2204 2204
2393 2393
280 280
2145 2145
3706 3706
3672 3672
141 141
14 14
5981 5981
5867 5867
2514 2514
6090 6090
6088 6088
2080 2080
5681 5681
1984 1984
230 230
2239 2239
2280 2280
6102 6102
5496 5496
143 143
97 97
5694 5694
1 1
6147 6147
3795 3795
245 245
5547 5547
5994 5994
2218 2218
5855 5855
3659 3659
2624 2624
2787 2787
2094 2094
2600 2600
3884 3884
5487 5487
5734 5734
3673 3673
6012 6012
5991 5991
6009 6009
6110 6110
3883 3883
6034 6034
5869 5869
1989 1989
5988 5988
5918 5918
5803 5803
2231 2231
5679 5679
5692 5692
5997 5997
5475 5475
6111 6111
1991 1991
2639 2639
6151 6151
2683 2683
5676 5676
2685 2685
5783 5783
6139 6139
2342 2342
3994 3994
2279 2279
5762 5762
2564 2564
2457 2457
5806 5806
7 7
2216 2216
2566 2566
2092 2092
2441 2441
4010 4010
3941 3941
5521 5521
5240 5240
2432 2432
5663 5663
2114 2114
2684 2684
2025 2025
2543 2543
5767 5767
3819 3819
2648 2648
5483 5483
5713 5713
4036 4036
6023 6023
5778 5778
3906 3906
5889 5889
2018 2018
6163 6163
5785 5785
2060 2060
2022 2022
4032 4032
5560 5560
2646 2646
3050 3050
2106 2106
5520 5520
3679 3679
4035 4035
6160 6160
6164 6164
2550 2550
5572 5572
2147 2147
2572 2572
4044 4044
5670 5670
5886 5886
6881 6881
5569 5569
3840 3840
5799 5799
2715 2715
5567 5567
1924 1924
5813 5813
3712 3712
5810 5810
1945 1945
6159 6159
517 517
2428 2428
1943 1943
5814 5814
6889 6889
2317 2317
3956 3956
2250 2250
5800 5800
2743 2743
2704 2704
6754 6754
374 374
3437 3437
2420 2420
5775 5775
6220 6220
2423 2423
3419 3419
2312 2312
2304 2304
2757 2757
6751 6751
2324 2324
2308 2308
2437 2437
2434 2434
2742 2742
3228 3228
3278 3278
6739 6739
3782 3782
3276 3276
215 215
1603 1603
1933 1933
3316 3316
6713 6713
2314 2314
2425 2425
6663 6663
3368 3368
6676 6676
468 468
1600 1600
6198 6198
2468 2468
285 285
2448 2448
1625 1625
1589 1589
3282 3282
5431 5431
6650 6650
6653 6653
6620 6620
6699 6699
1912 1912
6690 6690
2722 2722
2760 2760
6654 6654
5400 5400
2720 2720
6212 6212
509 509
1568 1568
1687 1687
3348 3348
3284 3284
6839 6839
3445 3445
6611 6611
3417 3417
1913 1913
3225 3225
3365 3365
1623 1623
3261 3261
6638 6638
3223 3223
6208 6208
2451 2451
3367 3367
3447 3447
1978 1978
3246 3246
3677 3677
6706 6706
3405 3405
1561 1561
368 368
6226 6226
1967 1967
6395 6395
1628 1628
3254 3254
3450 3450
6182 6182
6633 6633
6695 6695
6618 6618
6187 6187
3451 3451
1601 1601
1614 1614
3241 3241
3423 3423
1973 1973
3462 3462
1643 1643
6623 6623
5298 5298
6425 6425
3415 3415
1918 1918
6625 6625
6844 6844
3414 3414
6358 6358
5410 5410
1660 1660
199 199
1387 1387
1652 1652
3425 3425
5210 5210
3219 3219
6191 6191
1619 1619
2898 2898
3458 3458
387 387
3383 3383
6803 6803
1833 1833
558 558
388 388
6424 6424
5051 5051
163 163
1570 1570
6427 6427
1430 1430
4744 4744
3435 3435
5291 5291
5040 5040
6804 6804
4262 4262
5301 5301
6365 6365
3377 3377
2974 2974
776 776
1393 1393
1556 1556
1657 1657
2753 2753
752 752
1279 1279
3252 3252
3436 3436
6817 6817
4976 4976
6859 6859
5156 5156
6834 6834
5056 5056
936 936
5212 5212
1555 1555
1659 1659
6349 6349
5037 5037
1413 1413
3760 3760
6853 6853
6391 6391
6795 6795
6435 6435
3335 3335
1593 1593
3235 3235
1138 1138
3216 3216
1586 1586
3208 3208
4135 4135
3202 3202
3738 3738
5377 5377
5197 5197
6724 6724
6865 6865
775 775
3195 3195
5074 5074
5053 5053
5157 5157
1541 1541
3017 3017
3201 3201
774 774
6587 6587
3001 3001
4728 4728
5292 5292
3004 3004
6578 6578
3242 3242
6362 6362
1737 1737
5198 5198
1749 1749
4240 4240
5028 5028
1876 1876
213 213
586 586
6778 6778
1742 1742
4859 4859
6604 6604
6856 6856
1649 1649
525 525
6602 6602
3892 3892
5323 5323
4198 4198
4074 4074
5047 5047
4238 4238
5041 5041
3730 3730
3177 3177
6606 6606
4849 4849
6731 6731
609 609
6605 6605
5117 5117
3008 3008
6727 6727
6315 6315
1579 1579
6310 6310
6603 6603
5138 5138
6338 6338
5147 5147
4882 4882
5270 5270
3766 3766
1140 1140
591 591
2894 2894
171 171
3674 3674
3183 3183
5325 5325
6467 6467
6466 6466
4621 4621
6592 6592
1129 1129
5109 5109
5124 5124
1864 1864
590 590
3508 3508
2891 2891
1164 1164
253 253
1236 1236
2880 2880
1458 1458
457 457
4426 4426
6574 6574
3063 3063
3006 3006
4857 4857
4306 4306
927 927
4738 4738
767 767
1175 1175
4772 4772
949 949
973 973
3031 3031
6479 6479
4915 4915
1353 1353
4981 4981
4458 4458
1125 1125
1132 1132
256 256
691 691
1018 1018
1104 1104
1121 1121
4388 4388
1256 1256
674 674
6878 6878
943 943
4796 4796
6531 6531
4935 4935
4123 4123
6332 6332
2887 2887
1227 1227
839 839
6547 6547
1638 1638
4337 4337
5208 5208
4623 4623
1369 1369
892 892
693 693
1831 1831
3762 3762
817 817
4139 4139
4329 4329
4615 4615
6281 6281
6529 6529
1172 1172
4082 4082
4614 4614
1478 1478
6482 6482
4740 4740
1874 1874
2854 2854
1637 1637
1067 1067
1044 1044
4186 4186
3039 3039
2885 2885
3090 3090
3086 3086
633 633
1881 1881
4493 4493
1046 1046
602 602
1861 1861
814 814
1073 1073
4386 4386
970 970
4177 4177
1055 1055
1862 1862
619 619
4552 4552
4340 4340
838 838
652 652
4846 4846
3132 3132
4653 4653
4277 4277
901 901
3495 3495
2839 2839
6557 6557
6553 6553
1782 1782
4570 4570
1529 1529
6510 6510
4607 4607
1212 1212
4950 4950
6520 6520
873 873
4470 4470
986 986
3137 3137
4110 4110
4523 4523
4487 4487
3099 3099
876 876
4984 4984
689 689
4335 4335
1784 1784
955 955
1780 1780
841 841
843 843
848 848
1446 1446
870 870
903 903
6286 6286
6302 6302
2919 2919
1454 1454
4099 4099
5166 5166
6551 6551
6572 6572
1168 1168
6388 6388
4495 4495
4302 4302
1010 1010
4712 4712
6368 6368
1155 1155
836 836
3112 3112
6341 6341
1117 1117
4687 4687
6573 6573
4150 4150
688 688
4550 4550
4391 4391
4352 4352
6527 6527
1798 1798
4299 4299
1214 1214
676 676
3096 3096
2877 2877
1275 1275
176 176
4174 4174
1480 1480
5251 5251
6374 6374
1425 1425
4953 4953
4411 4411
4941 4941
1042 1042
6320 6320
4354 4354
1004 1004
1464 1464
1469 1469
1169 1169
4575 4575
4366 4366
882 882
4936 4936
4573 4573
1265 1265
4452 4452
4672 4672
2926 2926
1520 1520
6872 6872
976 976
1327 1327
3148 3148
4484 4484
4543 4543
6562 6562
