4271 0
1 1
419 5
1579 6
7 7
5365 8
4774 9
1897 10
4415 13
14 14
1008 16
17 17
6777 21
1125 23
6294 24
25 25
26 26
5895 31
2335 32
6845 34
5256 36
3998 37
1744 38
41 41
6842 42
3809 44
5377 46
2009 49
1104 52
6680 54
584 58
3569 59
63 63
64 64
910 66
1286 70
2794 72
76 76
1721 78
81 81
5806 86
4489 91
6667 92
94 94
97 97
2522 98
99 99
101 101
1636 102
3696 103
5802 104
1972 105
1579 108
109 109
6239 110
4334 112
350 116
119 119
122 122
5346 125
128 128
743 129
5205 130
4663 133
6081 135
5867 136
505 138
4851 139
141 141
143 143
1419 145
6045 149
5486 152
3917 154
942 156
1857 157
2640 159
163 163
5747 165
3831 167
2068 168
171 171
1251 174
2450 175
176 176
5110 177
6157 179
181 181
2338 182
517 183
1637 185
6028 187
6310 191
461 194
6279 195
199 199
4324 200
4648 203
3370 205
141 209
210 210
2417 212
213 213
214 214
215 215
5286 216
5034 218
4069 221
43 223
227 227
4185 229
230 230
233 233
6648 235
1574 236
5040 237
2525 238
245 245
246 246
391 249
2015 250
253 253
256 256
5867 257
261 261
4884 264
5817 267
3947 268
1546 271
5763 272
1946 273
3229 275
1771 276
277 277
280 280
419 281
285 285
286 286
287 287
5262 288
292 292
6109 300
2578 301
302 302
694 306
1167 307
942 308
311 311
312 312
2548 314
6503 318
2990 319
5676 322
327 327
328 328
331 331
6875 335
336 336
1326 337
1218 339
340 340
3553 342
5486 346
775 348
499 349
351 351
5467 352
5646 356
577 357
359 359
5207 360
2271 361
722 364
368 368
4909 369
5856 370
3439 372
6483 373
374 374
4828 375
6556 378
5447 380
5280 382
387 387
388 388
5205 390
4417 394
1064 396
2244 401
408 408
409 409
767 410
2855 411
5055 412
5086 414
5906 419
4899 420
1888 423
751 424
796 426
4435 428
429 429
432 432
407 435
255 437
282 440
443 443
3303 445
4404 455
5235 456
457 457
2076 459
6318 460
1414 464
466 466
468 468
2635 473
2837 474
1552 476
1991 477
2455 484
4004 487
3439 488
2342 492
5996 496
5685 498
6075 500
6385 502
6648 504
6080 506
507 507
509 509
4412 510
218 514
3202 516
517 517
4788 521
5732 523
525 525
3406 526
5156 536
544 544
1296 547
491 557
558 558
3405 560
4487 561
707 562
2076 567
3287 568
4139 569
5363 571
1982 573
2300 577
293 578
6102 579
1922 580
4326 581
583 583
1004 585
586 586
1181 589
590 590
591 591
3335 593
2224 594
4409 598
5096 599
602 602
2523 603
6866 608
609 609
610 610
3170 611
725 612
839 615
619 619
5304 621
4664 622
5229 623
1920 624
59 625
2143 628
633 633
5139 636
1916 640
1066 642
6469 646
4948 648
2805 649
2099 650
652 652
4768 654
583 656
4142 658
4390 664
674 674
676 676
975 677
3532 678
213 679
6060 680
5292 682
392 684
688 688
689 689
691 691
693 693
5118 695
4371 696
3154 698
3749 701
1326 702
5323 704
6185 705
1788 712
6487 713
721 721
5515 722
724 724
116 727
4153 732
751 733
3192 737
796 738
5518 739
4180 740
331 744
6162 749
752 752
754 754
756 756
3699 759
3532 761
4561 763
764 764
1075 766
767 767
768 768
2068 769
773 773
774 774
775 775
776 776
4910 777
5154 782
2279 783
788 788
6270 790
532 793
3047 799
4377 800
5716 801
2747 803
991 805
2531 806
5256 807
107 813
814 814
3891 815
817 817
231 818
3430 821
4878 822
4375 826
1852 829
3498 831
583 833
2966 835
836 836
629 837
838 838
839 839
841 841
843 843
4754 844
4797 846
848 848
933 850
1307 852
5551 853
1632 861
4005 863
3222 865
601 868
870 870
873 873
876 876
882 882
814 884
892 892
6065 894
308 896
407 897
5618 898
2161 899
901 901
5163 902
903 903
6547 906
1646 914
4408 915
6157 916
6652 918
741 919
642 922
923 923
407 926
927 927
820 933
4390 935
936 936
6702 940
941 941
4097 942
943 943
6860 946
1687 947
4264 948
949 949
3682 952
2284 954
955 955
2408 956
407 958
6051 959
5334 961
6603 963
970 970
848 972
973 973
583 974
976 976
986 986
5827 990
388 992
4558 999
1389 1003
1004 1004
4148 1005
4314 1007
1010 1010
5192 1013
6774 1017
1018 1018
1218 1019
3532 1022
2158 1030
728 1031
1347 1034
2276 1036
4958 1037
2456 1038
1233 1041
1042 1042
5400 1043
1044 1044
632 1045
1046 1046
5019 1049
2486 1051
3501 1053
3175 1054
1055 1055
6233 1056
2749 1059
630 1062
4844 1063
1067 1067
3108 1069
1879 1072
1073 1073
6131 1075
3610 1079
3391 1080
1552 1081
873 1090
2010 1091
3978 1096
3794 1097
6625 1098
3282 1100
4477 1103
1104 1104
4767 1109
5732 1113
1290 1114
3577 1115
616 1116
1117 1117
2332 1119
1121 1121
1557 1122
1125 1125
1129 1129
1132 1132
3543 1136
1138 1138
2005 1139
1140 1140
713 1141
3551 1145
6065 1146
5511 1148
6114 1150
1224 1151
4091 1153
1155 1155
1335 1160
6719 1163
1164 1164
1168 1168
1169 1169
4970 1170
1172 1172
3605 1173
6637 1174
1175 1175
2159 1176
957 1182
1190 1190
6223 1199
1200 1200
6076 1202
5230 1211
1212 1212
1214 1214
6835 1215
5168 1219
3841 1222
4527 1224
6113 1226
1227 1227
1236 1236
5230 1237
4257 1240
4242 1245
5711 1246
1916 1248
3923 1250
5996 1252
6118 1255
1256 1256
814 1260
1066 1263
5369 1264
1265 1265
5039 1272
242 1274
1275 1275
1279 1279
1282 1282
1476 1283
3854 1286
1139 1293
1144 1297
4967 1298
1648 1302
2158 1304
5851 1306
1311 1311
6518 1314
1710 1321
1129 1323
107 1324
107 1325
1327 1327
3075 1328
2040 1332
1333 1333
5089 1334
6458 1335
2099 1339
4512 1343
6051 1344
873 1345
6101 1351
1353 1353
6528 1354
1356 1356
1788 1357
346 1364
107 1365
5109 1366
1369 1369
4546 1371
4395 1372
3982 1375
4273 1378
39 1381
4218 1384
4107 1385
1387 1387
2095 1388
746 1389
1393 1393
651 1401
1402 1402
1976 1407
1160 1408
1409 1409
1413 1413
1414 1414
1419 1419
1293 1424
1425 1425
6732 1427
4639 1429
1430 1430
1713 1432
3348 1433
4906 1435
1438 1438
5685 1439
6200 1440
1446 1446
3923 1447
1449 1449
1454 1454
1632 1455
168 1456
1458 1458
4546 1459
3224 1463
1464 1464
1398 1466
1550 1467
1469 1469
3600 1471
1967 1472
6806 1477
1478 1478
1480 1480
2130 1482
4719 1484
1954 1486
1565 1489
1439 1497
1503 1503
5469 1506
6495 1507
2068 1508
3286 1509
1255 1514
1454 1515
5040 1516
2143 1517
4489 1518
1520 1520
2238 1523
1529 1529
102 1530
5007 1534
1535 1535
1537 1537
1538 1538
3014 1540
1541 1541
2708 1542
6539 1543
1545 1545
2542 1548
6885 1551
3358 1553
1925 1554
1555 1555
1556 1556
6383 1557
1759 1559
1561 1561
3095 1562
1568 1568
75 1569
1570 1570
5448 1571
2917 1574
5035 1577
1579 1579
6065 1582
1586 1586
5526 1588
1589 1589
5781 1590
442 1591
1593 1593
842 1594
1600 1600
1601 1601
4937 1602
1603 1603
4924 1604
6407 1607
6625 1608
1614 1614
3398 1616
1692 1618
1619 1619
738 1620
1621 1621
1623 1623
1625 1625
1628 1628
6732 1630
1632 1632
1161 1633
1634 1634
790 1635
1637 1637
1638 1638
1643 1643
5546 1648
1649 1649
6339 1651
1652 1652
910 1654
1657 1657
301 1658
1659 1659
1660 1660
1138 1661
1807 1668
1669 1669
6363 1670
3944 1671
2118 1673
2883 1675
892 1678
1955 1680
1683 1683
1684 1684
5288 1685
1687 1687
1910 1689
5070 1691
647 1693
3682 1699
1887 1704
725 1706
168 1708
6395 1709
5496 1710
4772 1711
1712 1712
5040 1715
4560 1716
2610 1717
968 1718
5847 1720
6353 1721
3020 1722
3577 1724
3933 1733
3825 1735
1737 1737
5720 1738
5280 1739
1742 1742
6117 1745
1747 1747
1749 1749
4109 1755
722 1756
3046 1757
1761 1761
4785 1764
1765 1765
3046 1768
1587 1769
2975 1771
1846 1773
1774 1774
176 1775
3197 1778
5592 1779
1780 1780
1782 1782
1784 1784
1788 1788
5918 1789
6487 1793
1795 1795
1683 1797
1798 1798
720 1799
5831 1801
121 1802
1803 1803
3252 1804
5040 1805
4243 1809
4603 1810
5997 1814
3651 1816
1019 1817
5744 1818
961 1819
4859 1821
407 1824
1826 1826
942 1827
3245 1829
1831 1831
732 1832
1833 1833
4152 1837
1838 1838
1839 1839
728 1841
4113 1845
1291 1850
989 1857
1859 1859
1861 1861
1862 1862
1864 1864
1867 1867
6796 1868
6667 1871
1874 1874
1876 1876
4184 1880
1881 1881
5732 1883
431 1887
768 1890
5452 1891
6757 1895
5046 1899
1907 1907
4314 1910
6060 1911
1912 1912
1913 1913
3743 1914
1918 1918
5250 1919
5264 1922
1924 1924
6713 1925
4648 1929
6125 1931
4148 1932
1933 1933
1982 1934
2183 1935
1943 1943
472 1944
1945 1945
2901 1947
3015 1950
5213 1957
180 1958
3189 1961
1967 1967
1139 1968
1973 1973
1978 1978
1744 1980
1788 1981
47 1982
1984 1984
2622 1988
1989 1989
1991 1991
4378 1995
6549 1997
1823 1998
6625 1999
2159 2000
2002 2002
1145 2004
3701 2007
2009 2009
1956 2010
2613 2014
1666 2015
5431 2016
836 2017
2018 2018
2975 2020
2022 2022
195 2024
2025 2025
6117 2027
3299 2029
4155 2035
2244 2036
769 2039
1155 2041
2044 2044
5621 2048
2789 2049
2050 2050
2051 2051
2052 2052
5074 2056
2450 2057
2569 2058
2060 2060
2061 2061
2063 2063
5230 2064
4549 2068
2733 2072
3247 2079
2080 2080
1713 2090
2092 2092
2094 2094
2438 2097
2786 2099
2106 2106
4195 2107
6051 2108
3510 2109
4165 2111
6140 2113
2114 2114
2451 2115
5797 2116
887 2117
2752 2119
2068 2123
2124 2124
1729 2125
4039 2127
2129 2129
3133 2136
4601 2137
107 2139
4180 2141
2145 2145
2147 2147
6028 2148
121 2149
4953 2150
2152 2152
1965 2153
2154 2154
2316 2155
5234 2158
1092 2160
4723 2161
6554 2166
3088 2167
2298 2171
2130 2174
1057 2175
2177 2177
4155 2178
2180 2180
4264 2181
2364 2182
6461 2185
5772 2187
6575 2188
2193 2193
2068 2197
876 2198
6137 2201
2204 2204
2548 2205
3730 2206
983 2209
2210 2210
1284 2211
2213 2213
2216 2216
2218 2218
6361 2219
242 2221
4848 2223
5997 2229
2231 2231
3314 2232
1783 2234
1200 2236
3735 2238
2239 2239
693 2241
966 2243
401 2244
2572 2246
671 2247
2250 2250
6577 2251
1223 2254
2644 2256
4690 2257
1914 2258
474 2264
5943 2265
6133 2267
2994 2268
2271 2271
6663 2272
1067 2277
2278 2278
2279 2279
2280 2280
6042 2282
103 2283
2784 2287
2288 2288
3358 2295
6395 2296
6451 2298
3163 2299
4347 2301
2445 2303
2304 2304
4978 2305
2308 2308
1519 2309
2312 2312
2314 2314
4998 2315
3733 2316
2317 2317
3643 2321
2324 2324
2895 2325
4585 2327
6255 2329
1332 2332
2342 2342
180 2346
1771 2348
1797 2354
706 2356
873 2357
3151 2359
1603 2368
3625 2374
2375 2375
3216 2377
3020 2378
2445 2380
3142 2381
4776 2383
2384 2384
2741 2386
2389 2389
5939 2390
2393 2393
5789 2395
6626 2401
756 2403
5768 2415
3498 2416
2420 2420
4596 2422
2423 2423
2425 2425
6833 2426
2508 2427
2428 2428
6695 2430
2432 2432
2434 2434
2437 2437
4737 2438
5963 2439
2441 2441
3158 2442
4111 2444
2448 2448
2451 2451
5431 2453
5464 2456
2457 2457
3047 2460
2232 2461
6113 2466
2468 2468
6537 2470
2475 2475
277 2481
2160 2483
2792 2484
2485 2485
3092 2486
5242 2488
1565 2489
2490 2490
1422 2492
5943 2496
773 2497
5630 2498
2499 2499
368 2500
224 2503
350 2504
2751 2505
1326 2507
5024 2508
2514 2514
4924 2520
1846 2525
555 2527
424 2528
2095 2530
3439 2534
6338 2537
4219 2538
3767 2540
2543 2543
5568 2545
886 2547
2550 2550
2673 2556
1439 2559
6713 2560
2564 2564
2566 2566
255 2571
2572 2572
2669 2576
3232 2577
5829 2578
3192 2579
6355 2590
2596 2596
2597 2597
6195 2598
2600 2600
886 2603
4960 2604
3310 2605
4810 2606
3581 2611
27 2612
5486 2616
419 2619
4508 2622
2624 2624
6261 2630
3676 2631
2147 2632
6845 2633
2404 2635
2639 2639
2850 2640
2100 2643
2646 2646
948 2647
2648 2648
4145 2650
1293 2651
3030 2653
2708 2654
4269 2658
2547 2660
2040 2661
356 2663
4495 2665
4255 2666
5182 2669
4331 2674
1745 2675
1071 2677
5833 2678
651 2680
3091 2681
2683 2683
2684 2684
2685 2685
3703 2686
5550 2687
6541 2693
3532 2694
6764 2695
6298 2697
4317 2700
2443 2702
2704 2704
790 2708
6615 2713
2715 2715
3020 2718
3285 2719
2720 2720
6185 2721
2722 2722
6396 2726
621 2727
2974 2730
738 2734
4174 2735
1148 2736
3933 2739
3759 2740
2742 2742
2743 2743
4664 2744
2130 2746
1822 2749
5009 2751
2753 2753
621 2754
6420 2755
2757 2757
5068 2759
2760 2760
1125 2762
692 2775
2314 2777
3651 2781
5457 2782
2783 2783
2547 2785
2787 2787
2206 2789
6161 2791
2792 2792
732 2793
3094 2794
3389 2796
2799 2799
1581 2800
1021 2801
3040 2805
3893 2809
2671 2811
3045 2813
2819 2819
4601 2821
2005 2822
4248 2824
1381 2825
6383 2831
3175 2835
4357 2836
2076 2838
2839 2839
5978 2840
6860 2841
5970 2849
431 2851
2854 2854
5105 2857
4440 2860
3235 2862
2864 2864
2866 2866
5201 2868
5809 2871
2172 2876
2877 2877
5009 2879
2880 2880
5288 2883
2885 2885
5809 2886
2887 2887
107 2888
873 2890
2891 2891
2894 2894
3536 2896
2898 2898
3354 2902
4167 2903
2981 2904
2905 2905
5838 2906
2823 2908
2910 2910
3389 2911
2912 2912
2913 2913
5917 2915
4561 2917
2919 2919
4218 2922
5766 2925
2926 2926
1023 2927
2896 2928
689 2930
3512 2936
2941 2941
6809 2942
5084 2944
5042 2945
5918 2946
373 2947
4081 2948
3347 2950
4981 2952
4363 2953
5996 2957
315 2959
4929 2961
2962 2962
2967 2967
1972 2969
5888 2970
5016 2972
5809 2973
2974 2974
4601 2975
1180 2977
2158 2987
2989 2989
6226 2990
5662 2992
873 2994
431 2995
2678 2996
2419 2999
3000 3000
3001 3001
2742 3002
3004 3004
3956 3005
3006 3006
3008 3008
1430 3010
1066 3011
3940 3013
2750 3015
3017 3017
72 3019
5205 3020
3389 3022
5205 3023
3028 3028
3884 3029
3031 3031
1926 3033
6883 3034
2177 3036
3043 3038
3039 3039
3040 3047
3050 3050
2427 3055
47 3057
5205 3059
3063 3063
5200 3067
3408 3068
2130 3069
5906 3070
751 3075
43 3077
126 3079
4762 3080
3086 3086
3090 3090
2538 3092
5547 3094
2159 3095
3096 3096
3099 3099
2749 3100
5476 3102
3988 3104
5789 3107
5125 3109
3112 3112
6210 3113
383 3114
4770 3116
1048 3118
6495 3122
3951 3130
3132 3132
4240 3134
5347 3135
1976 3136
3137 3137
1949 3139
5230 3141
2418 3143
3145 3145
6188 3146
6419 3147
3148 3148
5026 3153
6845 3156
4735 3157
76 3161
4218 3162
5908 3165
3168 3168
3170 3170
3172 3172
171 3173
3177 3177
1954 3179
5781 3180
3183 3183
4355 3186
6592 3187
4444 3192
6395 3194
3195 3195
2995 3199
2001 3200
3201 3201
3202 3202
6662 3204
2688 3207
3208 3208
1050 3209
5309 3212
3216 3216
4543 3217
3219 3219
3223 3223
3225 3225
4848 3226
4852 3227
3228 3228
3167 3230
3960 3233
3235 3235
3497 3237
5794 3238
3241 3241
3242 3242
3246 3246
4796 3250
6246 3251
3252 3252
3254 3254
6545 3258
4307 3260
3261 3261
1713 3262
4561 3264
5905 3267
1281 3271
1600 3272
1788 3273
3276 3276
3278 3278
3433 3279
6878 3280
3282 3282
1033 3283
3284 3284
4896 3285
6072 3289
4555 3291
6529 3292
1636 3297
4716 3298
4225 3299
1593 3306
2468 3310
5354 3314
3114 3315
3316 3316
4536 3322
1332 3328
5410 3333
3335 3335
6495 3336
2322 3337
6193 3338
3330 3339
2708 3344
5781 3347
3348 3348
5612 3354
5083 3355
2130 3359
3365 3365
6420 3366
3367 3367
3368 3368
3974 3369
642 3375
3377 3377
1102 3378
1054 3379
2130 3381
3383 3383
6383 3386
4024 3393
2099 3397
1032 3400
121 3401
3337 3403
3405 3405
4207 3406
2846 3407
4588 3408
1046 3410
2841 3411
3414 3414
3415 3415
3417 3417
4201 3418
3419 3419
1822 3422
3423 3423
3425 3425
3808 3427
107 3434
3435 3435
3436 3436
3437 3437
1125 3438
6746 3440
3445 3445
3447 3447
3450 3450
3451 3451
5046 3452
3192 3454
6081 3455
2434 3457
3458 3458
411 3459
3462 3462
3444 3465
4680 3466
6221 3469
5154 3473
3478 3478
2271 3480
5230 3481
4655 3486
4770 3487
1342 3488
5482 3491
4076 3493
3494 3494
3495 3495
1339 3496
176 3500
3245 3504
3508 3508
6226 3512
5497 3513
4574 3514
6383 3518
437 3519
3521 3521
3522 3522
5230 3523
5744 3527
69 3529
1342 3530
2206 3533
5810 3535
3205 3536
3539 3539
3540 3540
5808 3541
4417 3545
4561 3546
149 3547
6487 3548
2837 3549
4519 3550
4268 3551
1145 3552
2206 3553
4883 3554
4378 3555
3610 3559
3988 3560
2879 3561
5621 3563
127 3564
3565 3565
5349 3567
3568 3568
3569 3569
6210 3571
4255 3572
1256 3573
3576 3576
607 3577
4391 3579
3581 3581
4188 3585
3004 3586
502 3587
3588 3588
4870 3589
3591 3591
1125 3592
3594 3594
5550 3597
6226 3599
3601 3601
4923 3603
1226 3605
5685 3611
6648 3612
6648 3616
3532 3620
3282 3621
5431 3625
3626 3626
4907 3629
3630 3630
3631 3631
6547 3632
3633 3633
407 3634
3635 3635
3638 3638
5473 3639
3642 3642
3643 3643
3600 3644
5147 3647
2954 3648
3659 3659
1709 3667
1332 3668
3672 3672
3673 3673
3674 3674
3677 3677
3679 3679
3703 3680
6726 3682
3894 3684
3170 3688
1197 3689
3205 3693
3695 3695
3680 3698
3700 3700
3691 3703
3704 3704
3980 3705
3706 3706
4828 3707
4104 3709
3218 3710
3712 3712
3907 3717
6161 3718
3130 3720
2499 3722
3725 3725
3798 3727
3728 3728
3730 3730
3707 3733
3738 3738
4049 3740
3773 3744
3944 3746
6289 3747
4523 3748
3749 3749
3836 3750
3757 3757
3760 3760
3841 3761
3762 3762
3724 3763
3750 3765
3766 3766
3837 3768
1251 3769
6318 3772
3773 3773
3749 3774
3825 3776
3777 3777
1385 3780
5552 3781
3782 3782
2964 3783
1356 3784
3696 3785
3947 3786
3775 3794
3795 3795
3797 3797
3727 3798
3800 3800
4003 3801
4616 3807
3790 3808
3809 3809
3813 3813
3819 3819
651 3820
4104 3822
3824 3824
3776 3825
6161 3826
3828 3828
3829 3829
3830 3830
4326 3832
3833 3833
3629 3836
3389 3838
1992 3839
3840 3840
5581 3843
3845 3845
6762 3846
3871 3849
3851 3851
3055 3852
3853 3853
3985 3854
3676 3856
3859 3859
3961 3860
3862 3862
4859 3864
4106 3865
255 3866
2063 3869
3875 3875
3588 3876
4268 3877
3883 3883
3884 3884
5554 3885
2020 3891
3892 3892
4107 3897
4118 3898
516 3900
3815 3901
556 3903
3906 3906
4035 3908
4039 3910
1362 3914
4088 3920
4120 3921
3808 3922
3923 3923
583 3924
3870 3925
910 3927
4315 3931
873 3932
3934 3934
3936 3936
3961 3939
3941 3941
5410 3943
4007 3948
4034 3950
3676 3951
3424 3954
3956 3956
3702 3958
5811 3960
4041 3961
3962 3962
4076 3963
3970 3970
1378 3971
3389 3972
3205 3974
181 3976
5878 3978
3979 3979
3984 3984
1934 3986
3130 3988
3819 3989
3994 3994
4015 3996
3803 3997
4053 3999
4001 4001
2720 4003
4004 4004
491 4007
4118 4009
4010 4010
3549 4011
3676 4014
4107 4018
5410 4020
3781 4021
4039 4022
5124 4024
3988 4028
4032 4032
4035 4035
4036 4036
1005 4037
2599 4038
3467 4041
4044 4044
3842 4045
4048 4048
4050 4050
3723 4055
651 4057
4058 4058
3715 4060
1215 4065
2821 4067
3156 4070
5298 4073
4074 4074
2927 4077
4088 4080
4082 4082
3699 4083
4084 4084
3803 4088
3933 4096
4099 4099
556 4102
4104 4104
4107 4107
4041 4109
4110 4110
5431 4113
4114 4114
4076 4119
3961 4120
3712 4121
4053 4122
4123 4123
2206 4125
4126 4126
3927 4127
2687 4128
3836 4131
4132 4132
5958 4133
4134 4134
4135 4135
2514 4136
6842 4137
3961 4138
4139 4139
2253 4141
3134 4144
2130 4148
1709 4149
4150 4150
3348 4153
870 4154
5147 4156
2225 4160
5319 4161
583 4165
6533 4167
4168 4168
5247 4169
6845 4172
4174 4174
4177 4177
2275 4180
4186 4186
4813 4188
5240 4195
3651 4196
4198 4198
996 4202
5195 4205
711 4207
3667 4210
1648 4212
6493 4216
2504 4218
5103 4219
1730 4221
1618 4222
1655 4224
4838 4225
4226 4226
1293 4229
5973 4234
3113 4237
4238 4238
4240 4240
4241 4241
401 4242
4244 4244
1510 4245
241 4247
351 4254
4257 4257
4262 4262
1788 4268
4601 4269
191 4270
1203 4275
4277 4277
4278 4278
1926 4281
1112 4282
693 4285
4102 4287
3826 4290
4704 4292
1108 4294
6359 4295
4330 4296
5028 4298
4299 4299
1154 4301
4302 4302
4671 4303
4305 4305
4306 4306
4311 4311
4116 4314
1913 4315
6195 4320
861 4322
4329 4329
5205 4333
4335 4335
4337 4337
4936 4338
4340 4340
1786 4341
2040 4342
5019 4343
2468 4345
3224 4346
1767 4348
5156 4349
4352 4352
3038 4353
4354 4354
1788 4357
4958 4358
1648 4360
715 4362
770 4363
4366 4366
2927 4369
3230 4370
1534 4372
180 4374
3596 4377
3043 4380
933 4381
4386 4386
4388 4388
4391 4391
2494 4393
4402 4402
1229 4404
4406 4406
3552 4409
4411 4411
3153 4415
4330 4418
4596 4423
1464 4425
4426 4426
2159 4432
3531 4433
6353 4434
5497 4438
3192 4444
5677 4445
1508 4449
4452 4452
6807 4454
4458 4458
1013 4459
5373 4460
2160 4461
938 4467
343 4469
4470 4470
933 4472
3549 4473
4523 4474
5924 4475
4560 4482
4484 4484
3577 4485
5125 4486
4487 4487
6712 4488
6378 4491
5055 4492
4493 4493
4495 4495
6743 4499
4772 4500
2129 4503
5858 4513
3599 4514
3898 4522
4523 4523
4030 4525
3778 4530
1117 4532
5685 4533
4788 4534
4453 4535
4543 4543
2095 4546
4550 4550
4552 4552
6193 4553
4350 4555
2314 4560
5613 4561
4677 4562
6586 4564
4570 4570
4573 4573
4526 4574
4575 4575
1398 4581
1647 4582
5575 4583
5006 4584
2291 4585
2265 4587
722 4588
3672 4593
107 4596
4067 4601
4774 4603
3673 4604
6648 4606
4607 4607
3069 4609
1614 4610
6530 4613
4614 4614
4615 4615
2752 4618
4621 4621
4623 4623
4628 4628
4907 4631
5705 4637
6063 4646
3933 4648
5429 4651
4653 4653
4977 4655
6447 4659
4702 4661
1296 4662
3160 4663
5366 4669
4672 4672
725 4676
6793 4677
2610 4685
4687 4687
4688 4688
1993 4689
4411 4691
3123 4695
1897 4697
1788 4699
5401 4700
1093 4701
6700 4702
4704 4704
5074 4705
121 4706
6023 4709
4616 4710
4712 4712
1925 4713
5205 4714
4731 4719
3043 4721
1138 4723
2979 4724
2438 4727
4728 4728
3550 4731
4558 4732
5441 4735
66 4736
4738 4737
4738 4738
1125 4739
4740 4740
5040 4741
1978 4742
4744 4744
6596 4745
4289 4746
4747 4747
2733 4750
4754 4754
2805 4758
6145 4760
6755 4761
4763 4763
6383 4764
4766 4766
1109 4767
6713 4770
4772 4772
4830 4775
2192 4778
336 4779
3032 4782
5803 4783
1154 4785
2548 4788
1648 4790
1593 4795
4796 4796
873 4797
170 4798
888 4802
5055 4806
3025 4809
769 4813
4982 4814
1003 4816
4180 4818
6206 4820
3077 4821
1120 4823
2483 4824
2040 4825
488 4827
1976 4842
4846 4846
9 4847
4849 4849
3094 4853
4854 4854
4331 4855
3944 4856
4857 4857
4729 4858
4859 4859
4570 4864
3564 4867
6527 4868
1581 4870
725 4872
5742 4873
3439 4874
1639 4875
5410 4879
3205 4880
4882 4882
4883 4883
6094 4885
6073 4887
6206 4888
4601 4891
4892 4892
1339 4893
2491 4894
2956 4895
1092 4897
3562 4899
1368 4900
6169 4902
3794 4904
6157 4909
4911 4911
4912 4912
4914 4914
4915 4915
4916 4916
4918 4918
277 4919
4070 4921
3123 4926
5205 4932
4935 4935
4936 4936
4941 4941
3192 4942
6713 4943
4681 4946
4950 4950
5561 4951
4953 4953
6544 4960
4962 4962
5744 4965
4968 4968
4976 4976
4977 4977
6796 4980
4981 4981
4982 4982
4984 4984
942 4987
722 4989
4519 4990
3707 4992
5314 4999
3044 5000
558 5001
3961 5002
4660 5003
5007 5007
4954 5009
2334 5010
2647 5012
3937 5016
933 5022
5141 5026
1681 5027
5028 5028
5757 5033
2632 5034
6016 5035
5037 5037
6686 5038
5040 5040
5041 5041
968 5042
6079 5045
5047 5047
6042 5050
5051 5051
5053 5053
6350 5055
5056 5056
4826 5057
6127 5058
2547 5063
4689 5064
4596 5067
2558 5069
1063 5073
5074 5074
180 5077
5280 5078
5141 5079
4815 5080
4519 5083
3600 5084
5046 5086
4735 5088
66 5093
6059 5097
2993 5098
5100 5100
5601 5101
5102 5102
5109 5109
5747 5112
6503 5116
5117 5117
70 5118
3707 5123
5124 5124
5125 5125
4336 5131
4180 5133
5940 5135
1077 5137
5138 5138
6277 5139
5140 5140
5143 5143
5147 5147
4809 5148
5153 5153
6081 5154
5156 5156
5157 5157
902 5158
6629 5159
5314 5160
3603 5161
887 5162
5166 5166
5079 5168
3831 5171
1916 5172
3630 5173
3813 5174
3370 5176
5179 5179
4269 5183
2076 5185
5188 5188
2954 5190
1663 5192
1387 5193
2225 5196
5197 5197
5198 5198
1183 5199
1293 5201
180 5204
4429 5206
5208 5208
5210 5210
5212 5212
1952 5216
368 5219
5991 5221
5225 5225
5226 5226
5229 5229
5234 5234
5235 5235
1639 5236
1066 5237
5239 5239
5240 5240
6615 5243
2743 5246
1725 5249
5251 5251
2 5252
3114 5254
1559 5256
6259 5266
5270 5270
1295 5272
3535 5273
6764 5274
2095 5275
2445 5279
6249 5282
5288 5288
5289 5289
5291 5291
5292 5292
5294 5294
3095 5295
5298 5298
5301 5301
1205 5304
102 5305
2456 5308
3245 5310
1654 5318
5649 5319
2275 5322
5323 5323
5325 5325
5238 5327
5329 5329
2681 5331
2192 5334
5337 5337
5 5346
1986 5347
2057 5350
3247 5352
3100 5353
873 5359
1320 5360
1281 5364
5732 5366
3370 5367
5369 5369
1328 5373
2806 5375
5377 5377
424 5383
942 5390
1752 5394
6843 5396
3519 5397
5400 5400
5658 5401
3286 5404
3596 5405
5378 5406
4317 5407
5488 5408
4966 5409
5410 5410
5103 5413
3335 5415
4165 5422
3748 5425
3956 5427
5414 5428
3577 5430
5431 5431
6667 5434
6066 5442
4724 5443
6113 5446
5205 5447
6808 5450
1134 5451
5249 5452
1841 5456
1154 5457
6798 5459
373 5461
5463 5463
1670 5464
5304 5465
4421 5466
5096 5469
4729 5470
5475 5475
2583 5476
3977 5478
5253 5479
5483 5483
5487 5487
6648 5488
3269 5494
5019 5495
5496 5496
6237 5499
406 5501
2345 5507
968 5508
5510 5510
5512 5512
4200 5513
255 5515
2161 5516
700 5519
5520 5520
5521 5521
2011 5523
6845 5524
3825 5526
1422 5528
6648 5530
6708 5533
5535 5535
873 5537
5666 5538
5539 5539
5540 5540
4148 5543
2049 5544
5545 5545
6818 5546
5547 5547
2269 5548
4719 5552
1987 5555
5560 5560
3187 5561
1476 5563
6563 5566
5567 5567
5569 5569
1262 5570
5572 5572
2877 5573
5448 5578
6528 5580
232 5584
5586 5586
5714 5587
5590 5590
5431 5593
5205 5594
5597 5597
5601 5601
3226 5607
3299 5609
3044 5611
1533 5613
3123 5614
3352 5617
745 5618
4200 5621
1788 5624
5625 5625
5630 5630
1938 5634
5635 5635
1788 5636
5640 5640
5641 5641
5084 5645
4879 5646
5648 5648
439 5657
5659 5659
5663 5663
5665 5665
4621 5666
4495 5667
5670 5670
1281 5673
5674 5674
5676 5676
5332 5678
5679 5679
5681 5681
5683 5683
1326 5685
1455 5687
5431 5688
3964 5689
6419 5690
1013 5691
5692 5692
6528 5693
5694 5694
2192 5695
5698 5698
2040 5699
1207 5703
4932 5706
2789 5707
5411 5708
4207 5712
5713 5713
4095 5715
5716 5716
1587 5720
4312 5723
5724 5724
860 5727
5464 5728
6517 5732
3186 5733
5734 5734
5039 5736
5741 5741
2708 5742
5746 5746
5088 5747
4313 5749
5751 5751
2666 5752
5168 5754
1887 5755
86 5758
5762 5762
2253 5765
5767 5767
5775 5775
107 5776
5778 5778
6498 5779
5783 5783
5785 5785
5264 5786
1419 5791
2040 5792
6740 5794
419 5795
3114 5796
5799 5799
5800 5800
3020 5801
4936 5802
5803 5803
5806 5806
5807 5807
2504 5809
5810 5810
6531 5812
5813 5813
5814 5814
725 5815
760 5818
5820 5820
5821 5821
5649 5823
1779 5824
5826 5826
5829 5829
1123 5831
5834 5834
6231 5840
2295 5844
5848 5848
5851 5851
3730 5852
6308 5853
5855 5855
1008 5856
5857 5857
6160 5862
1233 5863
6533 5865
5867 5867
5869 5869
585 5872
6487 5876
2275 5877
4224 5880
6117 5884
5886 5886
5860 5888
5889 5889
1571 5893
1571 5904
4257 5915
6225 5916
3093 5917
5918 5918
2265 5924
1926 5926
3878 5927
1803 5931
3682 5933
3884 5935
5936 5936
5937 5937
6081 5938
1342 5939
5943 5943
76 5944
3292 5946
1360 5947
5950 5950
4187 5953
5954 5954
2678 5957
3772 5958
2011 5959
2850 5960
2402 5962
5963 5963
3869 5964
803 5968
5046 5970
4263 5979
743 5980
5981 5981
4595 5983
6037 5984
5986 5986
5988 5988
3252 5989
5991 5991
2130 5993
5994 5994
933 5995
5997 5997
3698 5999
4213 6005
6009 6009
6012 6012
2338 6017
1309 6020
6023 6023
1886 6024
6616 6026
3439 6030
6836 6031
6034 6034
1425 6035
1914 6037
5881 6039
2362 6041
6045 6045
6046 6046
4671 6047
5489 6048
6053 6053
6054 6054
6057 6057
6058 6058
6062 6062
6117 6063
3134 6065
6066 6066
1725 6067
3027 6069
6378 6070
4286 6072
1643 6074
6077 6077
180 6078
2068 6079
136 6080
3362 6081
1821 6083
3954 6084
1739 6086
6088 6088
6090 6090
4974 6094
5894 6100
1893 6101
6102 6102
6412 6103
6110 6110
6111 6111
5469 6113
6144 6115
1612 6119
6123 6122
5496 6127
6114 6131
3014 6132
3619 6136
6139 6139
6703 6140
5969 6142
3241 6143
910 6145
5670 6146
6147 6147
6151 6151
6180 6153
3776 6154
910 6157
6158 6158
6159 6159
6160 6160
407 6161
333 6162
6163 6163
6164 6164
1155 6166
3192 6167
1379 6169
6076 6170
5803 6171
1864 6172
1491 6173
4596 6178
1345 6180
5550 6181
6182 6182
3123 6183
4081 6184
5309 6186
6187 6187
3893 6189
6191 6191
6198 6198
5431 6204
6208 6208
873 6210
6212 6212
2756 6216
3916 6217
6220 6220
5936 6224
6226 6226
598 6227
2930 6229
1928 6231
3378 6235
245 6238
3990 6240
2450 6241
2412 6245
6246 6246
6247 6247
2308 6248
6250 6250
3787 6253
5364 6257
6289 6258
2982 6260
6261 6261
6533 6263
6264 6264
1795 6267
2079 6269
2159 6270
1515 6271
4180 6272
3363 6273
3795 6277
4102 6278
6281 6281
6005 6285
6286 6286
6288 6288
6290 6290
1857 6292
1954 6293
1857 6295
1609 6296
3420 6297
1744 6298
6302 6302
5271 6306
6310 6310
6315 6315
6320 6320
331 6321
6323 6323
6327 6327
1813 6330
6332 6332
6793 6334
6338 6338
171 6339
6390 6340
6341 6341
4166 6343
1398 6344
424 6345
1332 6347
3123 6348
6349 6349
6350 6350
2929 6351
3047 6355
6836 6356
3094 6357
6358 6358
6360 6360
5725 6361
6362 6362
6363 6363
3767 6364
6365 6365
6368 6368
3841 6372
6374 6374
6066 6375
1742 6377
2901 6378
350 6379
1013 6383
201 6385
3160 6386
6388 6388
6389 6389
807 6390
6391 6391
3151 6392
6395 6395
6402 6402
5918 6404
3605 6405
6338 6406
6637 6410
6415 6415
3532 6418
3549 6420
6424 6424
6425 6425
6427 6427
5766 6428
3444 6429
1264 6434
6435 6435
6648 6436
6444 6444
1086 6445
6446 6446
5488 6449
523 6451
577 6456
352 6457
2450 6459
5550 6460
6466 6466
6467 6467
1008 6469
2854 6470
1914 6475
3646 6476
6479 6479
822 6480
6482 6482
6277 6484
6209 6489
6649 6490
2837 6493
1902 6495
6496 6496
5895 6500
2040 6501
5433 6502
1978 6503
5812 6504
3610 6506
2845 6507
5550 6508
3150 6509
6510 6510
4277 6511
2010 6512
3988 6513
745 6519
6520 6520
2829 6524
6527 6527
6529 6529
6531 6531
1632 6535
2736 6536
4213 6541
6543 6543
6026 6544
6547 6547
6551 6551
6495 6552
6553 6553
2143 6555
6557 6557
6559 6559
6562 6562
6566 6566
6571 6571
6572 6572
6573 6573
6574 6574
3964 6576
6578 6578
970 6581
6867 6585
6587 6587
1858 6590
6592 6592
2744 6595
4222 6596
6437 6597
724 6601
6602 6602
6603 6603
6604 6604
6605 6605
6606 6606
904 6610
6611 6611
2602 6614
3730 6617
6618 6618
1414 6619
6620 6620
3802 6621
6623 6623
4662 6624
6625 6625
6626 6626
6633 6633
4574 6636
5123 6637
6638 6638
630 6639
6123 6640
6225 6642
370 6647
4307 6648
6650 6650
6163 6652
6653 6653
6654 6654
4268 6657
3646 6661
238 6662
6663 6663
215 6666
1094 6668
5031 6669
6736 6670
6676 6676
1333 6677
5782 6679
73 6680
4924 6681
4345 6682
4591 6684
803 6685
6690 6690
6420 6691
6695 6695
1692 6696
6009 6697
9 6698
6699 6699
6457 6705
6706 6706
4007 6707
1648 6711
6713 6713
2743 6714
2752 6717
249 6721
6724 6724
6727 6727
5066 6729
6731 6731
6359 6732
2499 6734
6883 6737
1902 6738
6739 6739
3808 6740
2249 6742
577 6748
1332 6749
6751 6751
6754 6754
3134 6756
186 6763
5452 6769
5831 6772
1335 6773
2161 6775
5744 6776
6778 6778
5040 6779
4148 6780
4922 6781
2922 6782
3946 6789
98 6792
6795 6795
5503 6802
6803 6803
6804 6804
6733 6808
2989 6809
1865 6813
5797 6814
5431 6815
6817 6817
1946 6819
584 6821
5230 6822
5557 6828
6834 6834
6839 6839
5212 6842
6844 6844
3100 6845
1713 6846
3730 6850
2733 6851
6853 6853
6856 6856
6859 6859
978 6860
5809 6864
6865 6865
5764 6866
3136 6868
1667 6869
6568 6871
6872 6872
5720 6874
6878 6878
6880 6880
6881 6881
3532 6884
6889 6889
