0 0
1 1
4881 3
4 4
6 6
4057 9
1405 13
6411 14
17 17
293 19
26 26
1926 28
29 29
34 34
36 36
4141 40
43 43
45 45
5666 46
3742 49
50 50
51 51
1198 53
2259 54
5153 55
59 59
61 61
62 62
6807 63
64 64
65 65
6835 66
67 67
6480 68
70 70
770 72
73 73
277 75
76 76
78 78
4170 80
81 81
6466 82
85 85
87 87
956 88
4974 89
2784 92
94 94
100 100
5970 103
104 104
105 105
111 111
4648 112
113 113
563 115
4536 116
117 117
123 123
2718 124
2874 126
4623 128
1180 129
2591 131
1298 132
81 139
140 140
2166 144
146 146
147 147
150 150
151 151
152 152
199 153
6048 154
155 155
156 156
158 158
162 162
2306 163
164 164
169 169
172 172
174 174
175 175
177 177
178 178
179 179
180 180
181 181
182 182
4836 183
3535 186
3959 187
188 188
189 189
190 190
192 192
5924 194
196 196
202 202
157 204
206 206
208 208
209 209
211 211
213 213
214 214
1041 215
218 218
220 220
221 221
225 225
6880 227
228 228
229 229
230 230
1284 231
5178 232
1241 235
5145 236
6398 239
241 241
244 244
245 245
247 247
249 249
252 252
259 259
260 260
1835 262
6402 264
267 267
269 269
270 270
271 271
5108 277
279 279
4738 282
6179 283
284 284
285 285
6816 286
288 288
289 289
292 292
3593 293
294 294
1595 297
298 298
299 299
300 300
2429 301
303 303
5549 305
308 308
3007 309
314 314
3470 315
1146 316
6367 320
321 321
5812 322
324 324
325 325
326 326
327 327
328 328
330 330
1735 331
333 333
3894 334
337 337
338 338
340 340
341 341
2483 342
343 343
344 344
818 346
5125 347
3587 352
2298 354
355 355
356 356
3920 357
2257 358
218 360
1865 361
5771 364
367 367
368 368
369 369
1164 370
371 371
372 372
374 374
1914 375
376 376
377 377
3445 379
455 385
2301 388
391 391
392 392
393 393
395 395
399 399
807 401
405 405
406 406
435 407
4562 408
412 412
415 415
421 421
5620 423
425 425
4639 428
3006 433
435 435
438 438
5439 440
441 441
442 442
443 443
1705 444
4562 448
451 451
457 457
459 459
1258 467
468 468
469 469
2219 471
671 472
473 473
475 475
478 478
480 480
2438 483
487 487
1608 488
4970 489
490 490
1508 491
493 493
494 494
326 497
498 498
4751 500
3939 501
454 502
503 503
4613 508
638 509
511 511
512 512
3564 513
514 514
515 515
516 516
2401 517
518 518
3605 521
3282 522
523 523
524 524
1214 525
529 529
781 530
533 533
4132 534
5253 535
5042 536
537 537
539 539
322 542
754 544
545 545
546 546
548 548
550 550
553 553
6460 556
557 557
559 559
561 561
4397 563
564 564
6578 565
566 566
567 567
2301 569
570 570
3782 572
576 576
945 577
578 578
287 579
581 581
585 585
587 587
591 591
593 593
599 599
601 601
604 604
2173 605
208 606
607 607
608 608
609 609
610 610
611 611
613 613
615 615
618 618
386 619
620 620
621 621
622 622
6162 623
6611 627
5850 629
631 631
632 632
633 633
637 637
4700 639
640 640
2683 647
648 648
650 650
1452 658
1469 659
662 662
665 665
667 667
1229 670
672 672
674 674
514 677
4721 683
685 685
687 687
689 689
543 694
5852 695
3202 696
697 697
699 699
702 702
1467 703
704 704
705 705
3525 706
708 708
710 710
712 712
713 713
714 714
716 716
718 718
213 722
723 723
6339 725
732 732
734 734
462 737
738 738
741 741
2287 742
743 743
3223 744
6842 745
3452 749
750 750
752 752
5218 753
4683 758
759 759
761 761
939 762
763 763
764 764
767 767
4668 769
770 770
771 771
666 774
4892 776
778 778
5703 779
3208 782
783 783
3108 784
786 786
4984 788
864 789
5621 790
1467 797
798 798
800 800
3843 801
6285 802
6113 803
804 804
6536 806
808 808
809 809
811 811
6036 813
2554 814
6603 815
816 816
653 817
819 819
307 821
822 822
823 823
824 824
1213 828
830 830
4169 832
4243 833
822 836
4063 837
838 838
839 839
840 840
3008 842
5572 844
845 845
846 846
847 847
2087 848
6278 849
709 850
4768 852
5336 854
856 856
3883 857
858 858
860 860
861 861
863 863
86 866
868 868
869 869
5010 870
5076 872
873 873
875 875
876 876
4063 877
879 879
882 882
883 883
2092 884
4836 885
4136 886
2678 887
891 891
892 892
4413 893
895 895
2887 896
897 897
899 899
900 900
904 904
1066 906
308 907
908 908
2792 909
910 910
911 911
912 912
913 913
916 916
919 919
4128 920
921 921
923 923
924 924
1614 925
929 929
1467 931
932 932
1372 933
936 936
5328 939
4147 941
6708 942
943 943
946 946
135 947
948 948
949 949
950 950
973 951
4337 952
5830 953
954 954
958 958
98 964
965 965
966 966
968 968
5609 969
970 970
4056 973
2513 974
975 975
979 979
980 980
981 981
2906 985
986 986
988 988
991 991
6515 992
993 993
995 995
2104 996
997 997
4661 998
1000 1000
1001 1001
1467 1002
3179 1003
1004 1004
6780 1005
5913 1007
6130 1011
1462 1012
6383 1013
3612 1015
4852 1018
1022 1022
1024 1024
1083 1025
1026 1026
1027 1027
3513 1028
1029 1029
1031 1031
5378 1033
1035 1035
1036 1036
1037 1037
465 1038
1039 1039
1040 1040
1042 1042
1044 1044
1045 1045
1047 1047
1048 1048
1049 1049
5116 1050
5180 1052
6427 1053
4444 1059
1062 1062
1064 1064
3177 1066
5930 1069
6603 1072
1073 1073
1074 1074
1075 1075
1655 1078
1083 1083
245 1085
1090 1090
672 1091
3308 1092
1095 1095
1098 1098
238 1100
1101 1101
921 1103
1177 1104
1272 1105
4727 1107
1108 1108
1112 1112
1113 1113
2338 1114
1115 1115
1118 1118
1120 1120
1129 1121
1122 1122
2647 1127
1298 1128
625 1130
1132 1132
1133 1133
1136 1136
1138 1138
1139 1139
1140 1140
1141 1141
3414 1142
3010 1144
1145 1145
1147 1147
1149 1149
616 1152
1153 1153
5380 1154
1163 1155
1156 1156
6843 1157
2366 1158
1159 1159
1161 1161
1163 1163
1167 1167
5753 1170
162 1171
1172 1172
4891 1174
2822 1177
135 1179
1180 1180
3939 1183
1184 1184
1185 1185
3018 1186
4317 1187
1188 1188
1197 1197
4326 1199
4627 1204
687 1205
1208 1208
6677 1212
388 1213
1214 1214
4772 1215
5235 1216
1219 1219
1221 1221
6723 1225
1226 1226
1229 1229
1230 1230
1231 1231
1349 1235
1238 1238
1239 1239
1240 1240
6412 1241
1243 1243
1245 1245
4034 1246
388 1247
3765 1248
1251 1251
2796 1253
882 1254
1255 1255
6677 1256
1257 1257
1258 1258
1259 1259
2735 1260
3824 1263
1265 1265
4053 1269
1270 1270
5117 1271
295 1273
1277 1277
1278 1278
6657 1281
4691 1283
1284 1284
2301 1285
1286 1286
1289 1289
1242 1290
1291 1291
1293 1293
1408 1295
1299 1299
3883 1300
6568 1303
1304 1304
1306 1306
3176 1309
2732 1320
6601 1322
1405 1324
1623 1325
2279 1326
1327 1327
5380 1328
384 1329
1330 1330
1331 1331
2393 1332
6865 1333
1334 1334
6601 1336
2814 1337
4289 1338
1339 1339
1340 1340
1342 1342
1345 1345
5641 1346
5839 1349
2708 1350
1351 1351
1353 1353
1707 1354
6388 1355
1357 1357
1358 1358
1359 1359
6707 1363
1368 1368
5370 1369
1371 1371
3315 1372
1377 1377
1379 1379
1380 1380
6772 1382
558 1383
3987 1384
1386 1386
1388 1388
1390 1390
1392 1392
1393 1393
2498 1394
1832 1399
1402 1402
1403 1403
4663 1404
1406 1406
1407 1407
1411 1411
256 1412
3520 1413
1414 1414
5353 1416
1161 1417
1418 1418
1419 1419
1421 1421
1422 1422
1424 1424
1426 1426
616 1428
1429 1429
5800 1430
1431 1431
1434 1434
4396 1436
1439 1439
1440 1440
1445 1445
2837 1446
1450 1450
1451 1451
1452 1452
4056 1453
1454 1454
1397 1455
1458 1458
1459 1459
1461 1461
1464 1464
1465 1465
5143 1466
1194 1468
3337 1469
1471 1471
1298 1473
1475 1475
6666 1476
1478 1478
3606 1479
1480 1480
1481 1481
1483 1483
2513 1485
162 1486
1487 1487
1488 1488
1490 1490
2393 1491
5330 1493
1496 1496
4832 1498
3651 1505
1506 1506
6295 1508
5124 1510
1514 1514
1515 1515
1715 1516
713 1518
1519 1519
1620 1520
1523 1523
1524 1524
1525 1525
1527 1527
1528 1528
1529 1529
1531 1531
4258 1536
1539 1539
1541 1541
1542 1542
1545 1545
1546 1546
1548 1548
2393 1552
1553 1553
1554 1554
365 1555
1561 1561
1564 1564
4132 1566
1567 1567
1568 1568
1570 1570
1571 1571
1572 1572
5537 1573
1241 1574
4222 1575
1576 1576
1579 1579
287 1580
1584 1584
3314 1585
1586 1586
1452 1587
5620 1589
1591 1591
6637 1592
1593 1593
6278 1594
1586 1595
1598 1598
1600 1600
1086 1605
6643 1606
1608 1608
1609 1609
1611 1611
5183 1612
1613 1613
1615 1615
1653 1619
1620 1620
1622 1622
1624 1624
1632 1632
2759 1633
1634 1634
1637 1637
5188 1641
5135 1642
6353 1643
838 1644
6386 1646
5883 1649
2991 1651
1653 1653
1655 1655
1656 1656
1659 1659
516 1662
1663 1663
1811 1666
6522 1667
6185 1669
1670 1670
616 1672
1673 1673
1674 1674
1676 1676
1677 1677
1678 1678
5564 1679
1275 1682
1683 1683
3323 1684
3939 1685
6029 1687
1113 1688
1690 1690
5726 1692
2852 1693
4214 1696
2928 1698
5802 1700
1533 1702
1127 1703
3335 1705
4141 1707
1708 1708
1709 1709
1710 1710
1711 1711
1712 1712
1714 1714
1148 1716
1717 1717
6806 1719
3442 1720
1721 1721
6568 1723
1724 1724
1725 1725
1727 1727
1728 1728
1729 1729
1730 1730
1733 1733
2235 1735
4911 1738
3937 1739
1741 1741
1743 1743
3782 1744
1745 1745
1746 1746
1747 1747
6045 1749
1753 1753
6113 1755
1756 1756
3825 1757
6631 1758
2205 1759
1760 1760
3939 1762
1277 1764
4060 1767
1769 1769
1770 1770
1771 1771
1774 1774
365 1775
2882 1776
2691 1778
1779 1779
1780 1780
1782 1782
5981 1784
1788 1788
6339 1789
1791 1791
1793 1793
3277 1794
1795 1795
1796 1796
1797 1797
1800 1800
1806 1806
408 1807
2502 1808
1809 1809
6558 1812
1813 1813
1814 1814
1817 1817
1823 1823
1825 1825
1827 1827
1828 1828
1254 1830
1831 1831
1832 1832
1833 1833
6611 1836
1839 1839
6682 1841
5949 1843
5188 1845
6782 1848
1614 1849
1850 1850
1851 1851
1852 1852
1854 1854
1855 1855
1856 1856
3985 1857
3326 1859
750 1860
2412 1861
1862 1862
1863 1863
1867 1867
2484 1870
2450 1871
1786 1874
1875 1875
1877 1877
1878 1878
1880 1880
1883 1883
1885 1885
1886 1886
4897 1888
1890 1890
1891 1891
388 1892
1893 1893
5581 1896
1897 1897
4261 1902
702 1903
3509 1905
6721 1907
1908 1908
1913 1913
1914 1914
1916 1916
4588 1917
1918 1918
1919 1919
2704 1923
1924 1924
1925 1925
2172 1928
2440 1929
6611 1931
1932 1932
1934 1934
963 1936
6340 1937
1938 1938
1940 1940
1943 1943
1949 1949
388 1950
4675 1951
1956 1956
1958 1958
2333 1960
4310 1961
1962 1962
1582 1964
1966 1966
1968 1968
224 1973
1974 1974
1976 1976
1977 1977
3939 1980
1981 1981
1983 1983
1984 1984
344 1985
1988 1988
1992 1992
1993 1993
1995 1995
1998 1998
1999 1999
2001 2001
6677 2002
2003 2003
2004 2004
2005 2005
4192 2007
3742 2009
2010 2010
2011 2011
2012 2012
2013 2013
2014 2014
2019 2019
1961 2024
2229 2025
2027 2027
2030 2030
2031 2031
2032 2032
2240 2033
2034 2034
2035 2035
2036 2036
2037 2037
3463 2038
6589 2039
951 2042
2043 2043
2044 2044
2046 2046
352 2048
4121 2053
2054 2054
2056 2056
2057 2057
2706 2058
2063 2063
3682 2066
2067 2067
523 2068
2069 2069
2070 2070
5620 2071
383 2073
3519 2075
2076 2076
2763 2078
2081 2081
2084 2084
720 2085
2086 2086
2087 2087
2088 2088
2089 2089
2092 2092
1380 2093
1339 2094
2737 2097
4859 2098
2099 2099
2101 2101
1979 2102
2103 2103
2104 2104
5530 2105
2109 2109
2388 2112
2113 2113
2114 2114
2116 2116
97 2117
2118 2118
1379 2119
2120 2120
3959 2121
2122 2122
1301 2126
2128 2128
2130 2130
6885 2132
4132 2133
3 2135
2136 2136
2140 2140
2144 2144
2836 2145
1571 2146
2151 2151
1865 2157
2160 2160
2166 2162
2163 2163
2164 2164
2166 2166
2167 2167
2168 2168
2170 2170
1897 2171
2172 2172
5583 2173
2174 2174
2177 2177
2180 2180
2181 2181
5372 2183
2184 2184
2186 2186
1818 2187
2189 2189
6134 2190
3411 2191
554 2192
2481 2195
485 2197
4973 2205
2207 2207
2975 2208
869 2212
2213 2213
2215 2215
2216 2216
2301 2217
6629 2218
2220 2220
2221 2221
3228 2226
2227 2227
4367 2228
1906 2229
2230 2230
2231 2231
2232 2232
2233 2233
2238 2238
2240 2240
1155 2243
2244 2244
2245 2245
2246 2246
2843 2247
4169 2248
4939 2249
5576 2251
2255 2255
2256 2256
3047 2257
2258 2258
5570 2259
2261 2261
2263 2263
2266 2266
2267 2267
1442 2269
3698 2270
2274 2274
2276 2276
5986 2278
2279 2279
2282 2282
3414 2286
2287 2287
1561 2288
2897 2289
2292 2292
2294 2294
2295 2295
2298 2298
6527 2299
2300 2300
5654 2302
2304 2304
2305 2305
5555 2307
2309 2309
2311 2311
2720 2313
2315 2315
2318 2318
2326 2326
2327 2327
4128 2328
2330 2330
2331 2331
2591 2335
3691 2336
2338 2338
2340 2340
2342 2342
2344 2344
2349 2349
2351 2351
2352 2352
2354 2354
2357 2357
6568 2358
4947 2364
2365 2365
2367 2367
2370 2370
6619 2371
3277 2373
1599 2376
2322 2377
2378 2378
6876 2382
2383 2383
2752 2387
2388 2388
2390 2390
1126 2393
872 2395
2396 2396
2397 2397
2400 2400
221 2402
3327 2403
2404 2404
2556 2414
2418 2418
2422 2422
2424 2424
2532 2428
2431 2431
365 2432
2433 2433
2043 2436
156 2437
623 2438
2216 2440
2441 2441
1990 2442
2444 2444
5002 2445
1487 2446
2449 2449
3661 2450
137 2451
1378 2453
2447 2454
1475 2457
6865 2458
4664 2459
6586 2461
3107 2462
2463 2463
2464 2464
2465 2465
2466 2466
2471 2471
2472 2472
691 2476
2477 2477
6594 2478
2480 2480
2227 2483
2485 2485
2487 2487
6869 2492
1259 2493
1870 2495
5328 2497
2500 2500
3939 2501
6118 2502
5445 2505
2506 2506
2507 2507
2509 2509
3564 2510
2511 2511
11 2512
3942 2514
5796 2515
2516 2516
2519 2519
2521 2521
2525 2525
2840 2526
2792 2528
5568 2529
2534 2534
2535 2535
2536 2536
1285 2539
2541 2541
2542 2542
2544 2544
2545 2545
616 2546
3564 2549
2553 2553
963 2555
1405 2556
2557 2557
2558 2558
2559 2559
2560 2560
1556 2561
6088 2563
4337 2566
3171 2568
6537 2570
776 2572
2573 2573
2576 2576
6457 2577
4015 2578
2584 2584
2585 2585
2614 2587
2522 2589
3061 2592
2593 2593
550 2594
2595 2595
2598 2598
2602 2602
4617 2603
2608 2608
5914 2609
2610 2610
2930 2612
2613 2613
2614 2614
5502 2616
2685 2623
2624 2624
2627 2627
3525 2628
2629 2629
6710 2632
2633 2633
2635 2635
6366 2637
2639 2639
674 2641
3964 2646
4200 2647
2018 2648
2650 2650
2651 2651
2652 2652
6872 2653
4364 2654
2656 2656
2657 2657
6425 2658
663 2660
2067 2662
5526 2663
2665 2665
5564 2667
6594 2669
4216 2673
2675 2675
2676 2676
1219 2682
2685 2685
2687 2687
46 2688
2689 2689
2691 2691
2700 2700
2703 2703
2707 2707
2708 2708
5357 2711
5243 2713
1601 2715
2718 2718
2719 2719
1074 2721
2722 2722
4411 2724
2726 2726
2727 2727
2732 2732
2100 2733
2852 2734
5545 2735
2737 2737
3661 2738
5726 2739
3285 2743
2744 2744
2746 2746
3587 2747
2752 2752
2754 2754
2755 2755
2758 2758
2759 2759
2424 2760
2071 2762
2763 2763
6256 2764
2765 2765
2766 2766
3924 2767
4897 2769
2771 2771
2774 2774
2517 2775
2778 2778
840 2779
2780 2780
3277 2782
2635 2785
2786 2786
1919 2790
2572 2791
1298 2792
4039 2793
2794 2794
2365 2796
2797 2797
2798 2798
2799 2799
88 2800
2801 2801
3078 2803
730 2804
2808 2808
4762 2809
2993 2812
1458 2815
3438 2816
542 2817
4876 2820
2822 2822
2824 2824
2826 2826
5380 2828
2829 2829
5354 2830
6563 2831
5143 2832
2834 2834
2836 2836
2838 2838
4929 2839
5843 2840
2841 2841
2842 2842
2843 2843
2844 2844
2846 2846
1700 2847
2848 2848
2849 2849
5300 2853
2906 2854
2855 2855
6035 2856
1068 2858
2859 2859
2396 2860
6179 2861
2862 2862
2863 2863
2865 2865
2874 2874
5790 2876
2877 2877
2881 2881
4053 2883
2884 2884
2885 2885
2887 2887
5800 2891
2892 2892
2895 2895
2898 2898
2899 2899
5366 2902
2904 2904
2907 2907
449 2908
2910 2910
2911 2911
3720 2912
2914 2914
2915 2915
2919 2919
2920 2920
4216 2922
2923 2923
2926 2926
2927 2927
6387 2929
1644 2930
2932 2932
388 2933
886 2934
1272 2936
2939 2939
3223 2940
2943 2943
2944 2944
2945 2945
5542 2948
2949 2949
2950 2950
4041 2951
2953 2953
3424 2954
2958 2958
2960 2960
2961 2961
6351 2962
2963 2963
2965 2965
5645 2966
2967 2967
218 2968
2971 2971
2975 2975
2977 2977
2980 2980
2506 2981
4161 2982
2984 2984
2986 2986
1582 2987
4313 2988
64 2989
2992 2992
5979 2993
2994 2994
408 2995
2998 2998
2999 2999
3000 3000
3003 3003
287 3005
3007 3007
2540 3009
963 3010
1409 3011
3012 3012
3014 3014
1946 3016
2530 3017
3019 3019
2718 3020
5061 3021
3022 3022
3023 3023
1666 3024
400 3026
3031 3031
3032 3032
3034 3034
3035 3035
3036 3036
6332 3037
701 3038
81 3041
3042 3042
3043 3043
6592 3045
3046 3046
3053 3053
3058 3058
3059 3059
2322 3060
3989 3065
4147 3066
6740 3068
3889 3069
5690 3075
782 3078
261 3079
3081 3081
5166 3082
3085 3085
3086 3086
3087 3087
3088 3088
2000 3091
3093 3093
266 3095
2620 3098
3099 3099
2734 3101
3103 3103
3106 3106
3107 3107
3108 3108
3109 3109
1780 3110
3115 3115
3116 3116
3118 3118
5240 3120
3657 3121
1623 3123
2568 3124
3125 3125
3127 3127
6145 3128
2136 3129
4016 3130
3132 3132
3133 3133
3136 3136
3137 3137
3142 3142
5530 3147
3148 3148
3152 3152
3153 3153
3155 3155
3158 3158
3161 3161
3163 3163
1042 3165
4939 3166
3169 3169
3170 3170
3171 3171
3172 3172
1588 3173
4610 3174
3175 3175
4543 3176
3782 3177
3178 3178
3179 3179
3180 3180
3182 3182
1741 3190
3193 3193
3194 3194
2810 3196
3197 3197
5082 3200
3201 3201
3202 3202
3203 3203
3206 3206
2462 3207
3210 3210
3211 3211
6865 3212
3213 3213
3817 3215
3218 3218
3219 3219
2393 3220
3225 3225
3228 3228
3237 3237
3238 3238
1574 3240
4158 3241
3243 3243
3246 3246
3247 3247
3249 3249
6845 3250
3251 3251
3252 3252
3253 3253
1295 3254
3255 3255
5607 3257
3260 3260
3261 3261
6643 3262
4365 3263
3264 3264
3266 3266
3405 3269
3270 3270
195 3272
3273 3273
3275 3275
2859 3276
3277 3277
3281 3281
5986 3283
3284 3284
1735 3286
3989 3287
4440 3288
3292 3292
3294 3294
3295 3295
6772 3296
3302 3302
6018 3304
3305 3305
3307 3307
3308 3308
276 3314
4163 3317
3320 3320
3323 3323
3325 3325
3326 3326
5830 3328
3329 3329
2084 3332
3333 3333
3334 3334
3335 3335
5089 3338
3340 3340
4132 3342
3344 3344
668 3345
3348 3348
3349 3349
6012 3350
616 3351
3354 3354
3355 3355
6537 3356
1272 3357
3358 3358
3360 3360
3361 3361
3362 3362
3363 3363
3365 3365
3366 3366
3368 3368
3825 3370
2397 3372
3373 3373
3376 3376
3378 3378
2403 3379
3380 3380
3382 3382
3384 3384
3386 3386
3387 3387
3388 3388
3389 3389
3636 3391
3392 3392
3393 3393
3395 3395
5559 3399
3402 3402
3403 3403
3405 3405
6657 3406
3407 3407
3408 3408
3411 3411
3414 3414
3040 3417
3419 3419
3785 3423
3430 3430
3431 3431
3950 3436
3437 3437
5456 3438
3439 3439
3440 3440
3443 3443
3444 3444
5986 3445
3447 3447
5413 3448
3450 3450
3453 3453
4576 3466
3471 3471
3472 3472
2335 3474
3477 3477
5666 3481
6788 3483
4056 3484
3485 3485
3487 3487
3488 3488
2044 3489
924 3490
674 3491
3493 3493
5041 3495
3496 3496
3497 3497
4036 3498
3499 3499
2796 3503
3505 3505
3506 3506
1914 3507
3509 3509
717 3512
6431 3514
5245 3515
6263 3516
3850 3518
3521 3521
1556 3523
5143 3527
3530 3530
226 3531
5921 3536
3538 3538
3540 3540
1174 3542
616 3544
3546 3546
3547 3547
3548 3548
3549 3549
3058 3550
3551 3551
3552 3552
3553 3553
3558 3558
6511 3559
3560 3560
4212 3561
4072 3564
3565 3565
3566 3566
4930 3568
3034 3570
2785 3572
3825 3574
4196 3575
3577 3577
3578 3578
3583 3583
3584 3584
3585 3585
3588 3588
3590 3590
3591 3591
4633 3594
3596 3596
3597 3597
1372 3598
11 3599
3600 3600
3602 3602
6307 3604
3605 3605
2694 3606
3611 3611
1649 3613
2470 3614
5689 3615
3616 3616
3617 3617
6418 3620
3522 3621
3622 3622
1990 3623
4214 3626
388 3627
3628 3628
3629 3629
3631 3631
3633 3633
3634 3634
4754 3635
5016 3636
6809 3637
3640 3640
5813 3643
1707 3645
6075 3650
493 3651
3653 3653
5127 3654
3655 3655
3656 3656
326 3657
986 3658
493 3660
4247 3661
3664 3664
4109 3665
3666 3666
3667 3667
1298 3668
3670 3670
6537 3671
4827 3672
6492 3675
3676 3676
1372 3677
3678 3678
3679 3679
1840 3680
3683 3683
326 3685
3687 3687
3690 3690
3698 3691
3694 3694
3740 3695
3949 3699
3702 3702
96 3704
3705 3705
3707 3707
3858 3708
3710 3710
3878 3712
3718 3718
3719 3719
3720 3720
3724 3724
3726 3726
3727 3727
5202 3728
1508 3730
3731 3731
16 3732
4030 3733
3734 3734
3735 3735
1623 3736
3739 3739
2792 3742
4212 3743
3901 3746
3747 3747
3749 3749
3750 3750
3753 3753
3910 3755
3756 3756
3757 3757
5800 3758
3759 3759
6211 3762
2402 3763
2311 3765
3767 3767
3768 3768
3769 3769
3772 3772
3774 3774
3776 3776
3777 3777
3733 3778
5804 3781
238 3782
5369 3785
4188 3786
3953 3787
3788 3788
3808 3790
226 3791
3793 3793
3795 3795
3796 3796
4061 3797
3798 3798
3799 3799
3800 3800
3888 3801
2745 3802
4060 3803
3805 3805
3806 3806
3682 3807
3808 3808
3809 3809
5547 3810
3813 3813
3818 3818
3819 3819
4139 3820
3821 3821
2325 3822
3776 3825
3826 3826
1742 3827
3906 3829
3682 3831
3979 3834
3835 3835
3836 3836
3838 3838
3746 3842
3843 3843
3710 3844
3845 3845
4115 3847
3850 3850
4951 3851
3853 3853
3855 3855
3856 3856
3858 3858
3815 3859
5091 3860
5143 3861
1972 3863
3836 3864
3867 3867
3868 3868
3925 3870
3564 3872
3968 3876
3877 3877
3882 3882
5202 3884
1239 3886
3887 3887
3684 3888
3889 3889
3890 3890
3892 3892
3894 3894
5756 3895
3896 3896
1969 3898
3899 3899
3900 3900
3902 3902
3906 3906
2815 3907
6734 3908
3909 3909
3910 3910
4061 3911
3913 3913
6717 3914
2944 3915
4099 3916
3918 3918
3682 3919
3923 3923
799 3924
3925 3925
3926 3926
3929 3929
3930 3930
3932 3932
3937 3937
3941 3941
3943 3943
3944 3944
3682 3945
3735 3948
3949 3949
3951 3951
3952 3952
3953 3953
3954 3954
3956 3956
3958 3958
3918 3959
3960 3960
3151 3961
3967 3967
5879 3968
4056 3970
3980 3975
3976 3976
3682 3977
3980 3980
4096 3981
3864 3983
3988 3988
4067 3989
2826 3991
2734 3992
3994 3994
3996 3996
3704 3997
4001 4001
4004 4004
4006 4006
1618 4007
4008 4008
4010 4010
4011 4011
4012 4012
4120 4013
4015 4015
4016 4016
4019 4019
4020 4020
3124 4021
4022 4022
4026 4026
4028 4028
4029 4029
4449 4030
4033 4033
4034 4034
119 4036
4037 4037
4039 4039
3532 4041
4413 4043
4044 4044
4047 4047
4050 4050
4052 4052
4054 4054
1316 4055
1030 4056
9 4057
6858 4058
4061 4061
4062 4062
4065 4065
4067 4067
3751 4068
308 4069
4071 4071
4073 4073
4074 4074
4076 4076
3786 4077
4082 4082
3933 4083
4084 4084
4108 4087
693 4090
4091 4091
4092 4092
4094 4094
3901 4095
4096 4096
4097 4097
2994 4099
4100 4100
4101 4101
3786 4107
4108 4108
4110 4110
3472 4111
4114 4114
4115 4115
4116 4116
4117 4117
4119 4119
4109 4121
4124 4124
4116 4125
4061 4127
3956 4128
4131 4131
4133 4133
4134 4134
5991 4136
3924 4138
4140 4140
4141 4141
4142 4142
4143 4143
2001 4145
4148 4148
4149 4149
4917 4152
1529 4153
963 4154
4155 4155
2088 4156
3278 4157
4158 4158
4160 4160
4161 4161
4929 4163
4164 4164
4166 4166
4167 4167
2674 4175
4177 4177
4186 4186
4187 4187
6048 4188
5320 4191
224 4193
2906 4196
4197 4197
2503 4199
325 4201
5020 4203
4205 4205
4210 4210
4212 4212
502 4213
4217 4217
1623 4218
6636 4219
1641 4220
4223 4223
4226 4226
2442 4227
4230 4230
3832 4233
4234 4234
6537 4235
2124 4236
1586 4237
4849 4238
4241 4241
4242 4242
811 4243
4247 4247
4254 4254
4816 4255
666 4256
4257 4257
4258 4258
4259 4259
2617 4261
4264 4264
4265 4265
232 4270
4274 4274
4276 4276
4611 4280
5127 4281
4282 4282
6192 4288
5503 4289
4290 4290
1146 4292
4294 4294
5725 4295
2753 4301
4302 4302
4305 4305
6835 4307
4308 4308
4311 4311
6488 4313
4317 4317
4322 4322
4324 4324
3291 4325
6643 4330
4401 4331
4332 4332
4334 4334
4340 4340
2792 4342
4343 4343
4344 4344
5135 4346
4349 4349
756 4351
4352 4352
5578 4353
3438 4355
4357 4357
4358 4358
4359 4359
5128 4360
4363 4363
4366 4366
3670 4367
553 4371
4930 4372
5073 4373
4374 4374
848 4376
4377 4377
4379 4379
4382 4382
1197 4383
3957 4385
4388 4388
5390 4392
4393 4393
2837 4395
5787 4397
3352 4398
4401 4401
5433 4402
3524 4404
4407 4407
4409 4409
5653 4410
4411 4411
4413 4413
1423 4414
823 4415
5830 4416
3147 4418
3014 4423
4428 4428
3464 4435
4440 4440
1998 4442
6460 4445
4448 4448
4449 4449
4455 4455
4941 4458
4978 4459
4461 4461
3734 4462
4463 4463
4465 4465
4467 4467
4470 4470
850 4472
4473 4473
4620 4474
4476 4476
5768 4477
4478 4478
4481 4481
4485 4485
4486 4486
4487 4487
4488 4488
4490 4490
4492 4492
4494 4494
4495 4495
1446 4496
2172 4497
226 4499
4500 4500
2906 4501
4502 4502
4504 4504
4505 4505
6611 4508
1272 4514
4515 4515
4516 4516
2853 4517
4519 4519
4522 4522
5807 4524
2033 4525
3859 4526
4078 4532
4533 4533
5268 4534
4538 4538
616 4539
4543 4543
4545 4545
4546 4546
4547 4547
6605 4550
4552 4552
4553 4553
5830 4554
2125 4556
3586 4557
3825 4559
4562 4562
4565 4565
4566 4566
1 4567
4568 4568
4569 4569
1780 4571
4575 4575
1163 4581
4583 4583
5160 4585
4586 4586
4588 4588
6239 4589
4592 4592
4593 4593
2013 4597
5652 4601
4602 4602
1361 4603
1623 4605
1259 4606
4609 4609
3477 4611
900 4614
5116 4615
2917 4617
4618 4618
1298 4621
4622 4622
4623 4623
4624 4624
6394 4627
4628 4628
6245 4629
4631 4631
3939 4633
4634 4634
2391 4635
4636 4636
2246 4637
5188 4638
4639 4639
4641 4641
4644 4644
1181 4645
4646 4646
4650 4650
2084 4653
4053 4659
4664 4664
4666 4666
523 4668
4671 4671
2503 4672
4675 4675
4677 4677
4679 4679
4683 4683
4685 4685
4689 4689
6250 4692
4693 4693
832 4694
1227 4695
4696 4696
4697 4697
6571 4698
4699 4699
4701 4701
4705 4705
4712 4712
4713 4713
4714 4714
4728 4728
4729 4729
342 4731
865 4735
4736 4736
82 4737
4738 4738
3987 4739
1545 4740
3906 4742
882 4744
4745 4745
4746 4746
4751 4751
4754 4754
4756 4756
6715 4760
2932 4761
4762 4762
4763 4763
4765 4765
5256 4768
4770 4770
6568 4771
4772 4772
4775 4775
6411 4776
4782 4782
4786 4786
3939 4787
5397 4788
4791 4791
4796 4796
4797 4797
1174 4799
1870 4800
1735 4803
4804 4804
4805 4805
4806 4806
4807 4807
4808 4808
4760 4810
4812 4812
1159 4813
2427 4814
706 4815
2416 4816
4817 4817
4820 4820
1707 4823
4824 4824
4827 4827
216 4829
4831 4831
5438 4832
3414 4834
4868 4835
4836 4836
1779 4838
4839 4839
5531 4841
1565 4843
4844 4844
5830 4847
1353 4849
4850 4850
3287 4852
4854 4854
1545 4855
4856 4856
4708 4857
4858 4858
4859 4859
6664 4860
2593 4865
4866 4866
4868 4868
4871 4871
4874 4874
4878 4878
667 4879
4881 4881
3742 4882
2287 4883
4887 4887
97 4888
4891 4891
2247 4893
4894 4894
4900 4900
4903 4903
5250 4904
4905 4905
4906 4906
4907 4907
4909 4909
4910 4910
4914 4914
4915 4915
4918 4918
2609 4920
4922 4922
1879 4923
2124 4925
4927 4927
1141 4929
4930 4930
2657 4931
4932 4932
4933 4933
1927 4935
4939 4939
1616 4942
4943 4943
2380 4945
3648 4946
715 4948
4949 4949
4954 4954
4958 4958
4961 4961
4963 4963
4964 4964
3552 4974
4975 4975
4980 4980
4981 4981
4688 4983
4987 4987
4990 4990
4991 4991
4992 4992
4995 4995
4997 4997
4617 5000
2254 5004
5005 5005
5188 5006
6723 5009
1272 5010
5011 5011
5015 5015
3894 5016
5336 5017
2260 5018
2606 5019
5020 5020
6790 5021
5022 5022
5023 5023
5024 5024
5026 5026
3672 5027
5032 5032
5034 5034
2708 5036
28 5038
5040 5040
5047 5047
2481 5048
5050 5050
5051 5051
1290 5052
5055 5055
4483 5056
4159 5057
6310 5058
5061 5061
5062 5062
6740 5063
2962 5065
5066 5066
5067 5067
5068 5068
5069 5069
5072 5072
900 5073
5075 5075
3419 5076
5078 5078
5079 5079
5081 5081
6432 5082
1821 5083
5084 5084
5086 5086
5395 5087
2121 5088
5090 5090
6392 5091
501 5092
5093 5093
5094 5094
1548 5096
5097 5097
6443 5098
5101 5101
5773 5102
6804 5103
1641 5108
5110 5110
5113 5113
3365 5114
3477 5115
4615 5116
5118 5118
5119 5119
5120 5120
5122 5122
6291 5123
1757 5124
5125 5125
5126 5126
3878 5127
180 5128
5130 5130
5131 5131
1300 5140
5141 5141
5142 5142
5144 5144
5448 5145
6016 5148
5150 5150
5153 5153
6867 5156
5042 5157
5158 5158
1195 5159
2523 5161
3859 5162
5166 5166
5168 5168
5172 5172
5174 5174
5176 5176
923 5181
5183 5183
3648 5184
5185 5185
5186 5186
5210 5189
5191 5191
5192 5192
6798 5195
5196 5196
5197 5197
64 5198
5200 5200
5201 5201
5202 5202
5204 5204
6438 5205
5207 5207
5208 5208
2168 5210
5212 5212
3782 5213
5214 5214
5215 5215
5219 5219
5220 5220
5221 5221
5223 5223
6865 5227
5393 5228
5231 5231
5232 5232
963 5242
5244 5244
4204 5245
5248 5248
5250 5250
5252 5252
535 5253
1645 5254
5255 5255
2478 5256
5259 5259
5262 5262
2457 5263
1008 5264
5265 5265
5269 5269
5271 5271
5188 5274
5275 5275
5276 5276
5280 5280
5282 5282
5063 5285
720 5286
2052 5288
3212 5289
5290 5290
5291 5291
5292 5292
5294 5294
2361 5296
5300 5300
5301 5301
5302 5302
5304 5304
4132 5305
5306 5306
6524 5308
1103 5311
6339 5313
3482 5317
5321 5321
5323 5323
5324 5324
6364 5325
5327 5327
5973 5328
5329 5329
5330 5330
1916 5332
4126 5335
5337 5337
1467 5338
3389 5340
5341 5341
2397 5343
5344 5344
5348 5348
5349 5349
5350 5350
5707 5352
5353 5353
5354 5354
5355 5355
2840 5359
3509 5362
5311 5364
6418 5367
5368 5368
5369 5369
5371 5371
4551 5372
5374 5374
232 5376
5377 5377
5379 5379
6849 5380
5381 5381
2393 5383
1173 5384
5050 5385
1409 5386
5387 5387
5388 5388
5390 5390
325 5393
5395 5395
5396 5396
5400 5400
5401 5401
5402 5402
5403 5403
5405 5405
5407 5407
5410 5410
5411 5411
5412 5412
5414 5414
5416 5416
6865 5417
6660 5418
5964 5421
5423 5423
6351 5424
5426 5426
5427 5427
5429 5429
5430 5430
6711 5433
5434 5434
6524 5435
5437 5437
5438 5438
5441 5441
5443 5443
2563 5444
5445 5445
5446 5446
2718 5447
4579 5451
5452 5452
4063 5454
1865 5455
1188 5458
5460 5460
6813 5461
5462 5462
5463 5463
5464 5464
5465 5465
3962 5466
5469 5469
5470 5470
939 5471
5472 5472
5474 5474
5475 5475
11 5478
2778 5479
5480 5480
5481 5481
569 5483
6611 5484
3773 5486
5487 5487
986 5488
5489 5489
2393 5492
6172 5493
5494 5494
5496 5496
3375 5498
5499 5499
5501 5501
5502 5502
5504 5504
5506 5506
6432 5507
1467 5509
5510 5510
5511 5511
5514 5514
5517 5517
5518 5518
6629 5520
5521 5521
5523 5523
4708 5525
5526 5526
5528 5528
1744 5529
5530 5530
5531 5531
5532 5532
5533 5533
5534 5534
5535 5535
1668 5536
647 5537
5539 5539
5540 5540
5542 5542
5543 5543
2692 5544
5547 5547
3042 5548
5549 5549
5550 5550
5551 5551
1949 5553
3143 5554
2066 5556
4948 5557
5559 5559
5560 5560
5561 5561
5727 5563
4571 5565
3120 5567
5569 5569
5570 5570
5571 5571
5573 5573
6865 5574
3618 5575
33 5578
5579 5579
4141 5580
5583 5583
5589 5589
1719 5591
3023 5594
5595 5595
5596 5596
5597 5597
5601 5601
5602 5602
5212 5603
5604 5604
1053 5606
5210 5608
5610 5610
2961 5612
2724 5613
5615 5615
2211 5618
5619 5619
5622 5622
5627 5627
5631 5631
5632 5632
5634 5634
5635 5635
5636 5636
5143 5639
4885 5640
5188 5642
5646 5646
1272 5647
5850 5650
5651 5651
5652 5652
5656 5656
5659 5659
3643 5661
253 5663
5664 5664
5667 5667
5668 5668
2657 5669
5674 5674
5675 5675
5677 5677
5678 5678
5679 5679
6562 5680
6629 5681
5683 5683
5684 5684
2645 5685
5686 5686
5687 5687
3132 5688
5086 5690
1824 5691
2173 5693
5696 5696
5697 5697
5702 5702
5704 5704
5705 5705
5706 5706
200 5707
5411 5708
5709 5709
1972 5710
963 5713
2591 5715
5716 5716
5717 5717
3090 5718
6545 5719
5721 5721
1446 5723
5305 5729
2700 5732
36 5736
3535 5738
5740 5740
5742 5742
3445 5744
5745 5745
5038 5749
5750 5750
5751 5751
5753 5753
5754 5754
6606 5755
5760 5760
742 5761
5762 5762
5765 5765
5767 5767
4836 5769
5064 5771
2523 5772
5773 5773
5774 5774
1894 5776
2954 5777
5778 5778
5780 5780
6332 5783
2125 5784
5785 5785
1091 5788
5791 5791
2393 5792
1087 5793
5794 5794
5796 5796
5797 5797
5800 5800
5802 5802
5804 5804
3839 5805
39 5807
5811 5811
5812 5812
5813 5813
5814 5814
5816 5816
5820 5820
6418 5823
5824 5824
5825 5825
5826 5826
701 5827
5828 5828
5039 5831
2653 5833
2938 5836
3718 5837
165 5839
5840 5840
485 5842
4654 5843
174 5844
5845 5845
5563 5847
4039 5848
1959 5850
5851 5851
5855 5855
486 5860
5862 5862
5865 5865
5866 5866
5869 5869
6568 5871
5872 5872
5349 5873
4721 5874
5875 5875
5878 5878
5879 5879
1814 5880
5881 5881
5882 5882
6709 5885
6496 5886
5887 5887
5377 5890
4063 5894
5897 5897
5899 5899
5901 5901
5902 5902
5903 5903
5909 5909
5910 5910
2823 5912
5913 5913
5915 5915
5916 5916
1524 5917
5922 5922
3230 5923
5929 5929
1424 5930
5932 5932
2101 5933
5935 5935
5936 5936
6677 5937
593 5938
5939 5939
5944 5944
5949 5949
5950 5950
3132 5956
5959 5959
1379 5961
5962 5962
1787 5966
5967 5967
5968 5968
5969 5969
5187 5972
2487 5976
5977 5977
5978 5978
5980 5980
5982 5982
5983 5983
5984 5984
5985 5985
5987 5987
5989 5989
1079 5992
5993 5993
3238 5996
5997 5997
6000 6000
1202 6002
5774 6003
3090 6004
6006 6006
6051 6009
6011 6011
2211 6018
6024 6024
3959 6028
6029 6029
6030 6030
6035 6035
6037 6037
6040 6040
5514 6041
6042 6042
1927 6045
6843 6047
6048 6048
4571 6049
1409 6051
6052 6052
4947 6053
6055 6055
6056 6056
6057 6057
6059 6059
5875 6060
6061 6061
6063 6063
6064 6064
6069 6069
1467 6071
6072 6072
4620 6074
6075 6075
78 6076
6078 6078
1272 6080
6000 6082
6083 6083
6084 6084
5444 6085
6095 6095
6295 6098
6101 6101
6102 6102
6103 6103
6104 6104
6107 6107
1662 6109
6112 6112
6114 6114
6115 6115
3302 6116
6117 6117
3069 6121
4053 6122
4053 6123
616 6124
6128 6128
1536 6129
6131 6131
1180 6132
6111 6133
6135 6135
6136 6136
3574 6137
6575 6138
6139 6139
6140 6140
6142 6142
6143 6143
5663 6144
6145 6145
6147 6147
6148 6148
1357 6149
6537 6150
2525 6151
3939 6155
6157 6157
6160 6160
6161 6161
6162 6162
6163 6163
2445 6164
6165 6165
1397 6166
6168 6168
6169 6169
6170 6170
394 6171
1348 6174
6175 6175
6178 6178
6179 6179
6180 6180
6181 6181
2221 6182
3371 6183
6185 6185
4132 6186
5054 6188
6190 6190
1417 6191
6192 6192
6193 6193
6635 6195
6196 6196
63 6197
6200 6200
6201 6201
4216 6206
6207 6207
6209 6209
4879 6210
5022 6211
6215 6215
6219 6219
6224 6224
6225 6225
6227 6227
6230 6230
6231 6231
887 6237
3564 6239
6240 6240
6241 6241
6589 6242
6243 6243
309 6245
6246 6246
6247 6247
2086 6248
6249 6249
6252 6252
4380 6253
5379 6256
3047 6257
3530 6258
6611 6260
6261 6261
6263 6263
3808 6265
6268 6268
3342 6270
4166 6272
6275 6275
6276 6276
6278 6278
6118 6279
4747 6281
6282 6282
5088 6285
5092 6290
6411 6291
6294 6294
3707 6295
6296 6296
5975 6297
606 6300
3782 6302
6303 6303
6305 6305
6309 6309
6310 6310
6311 6311
6312 6312
6315 6315
6316 6316
1372 6320
6323 6323
6325 6325
6326 6326
6327 6327
2322 6328
6443 6333
6334 6334
4994 6337
6338 6338
6340 6340
4189 6342
6346 6346
1843 6349
6350 6350
2708 6351
6357 6357
6358 6358
3303 6360
5774 6362
6363 6363
6365 6365
1582 6366
6368 6368
6417 6369
6370 6370
1409 6372
6374 6374
6375 6375
6376 6376
6381 6381
5620 6382
4978 6383
6384 6384
6386 6386
6387 6387
6390 6390
6395 6395
6103 6396
5779 6400
6402 6402
6338 6409
6410 6410
6411 6411
6412 6412
201 6413
6415 6415
6417 6417
6418 6418
194 6419
6420 6420
509 6421
6423 6423
6424 6424
6426 6426
6430 6430
6431 6431
6432 6432
6434 6434
5415 6435
6437 6437
6438 6438
6439 6439
6440 6440
3145 6441
229 6442
4141 6443
4178 6445
2100 6446
6448 6448
6451 6451
5850 6453
462 6454
6459 6459
3046 6460
6452 6461
6464 6464
6466 6466
6467 6467
6819 6468
6416 6469
6471 6471
1440 6473
4078 6474
6475 6475
1139 6476
6477 6477
6136 6480
3586 6481
6482 6482
1410 6485
4575 6486
6487 6487
6489 6489
848 6490
3564 6493
720 6495
6629 6496
4571 6497
6499 6499
2824 6502
6504 6504
213 6505
3078 6507
6508 6508
2737 6509
6510 6510
6511 6511
6650 6512
6513 6513
6514 6514
6516 6516
948 6517
6518 6518
6521 6521
6522 6522
6523 6523
5160 6525
6526 6526
6529 6529
6531 6531
755 6532
6533 6533
6535 6535
5187 6548
6551 6551
2989 6552
6118 6555
611 6556
6557 6557
6563 6563
6566 6566
6567 6567
1544 6568
6569 6569
1862 6571
4609 6572
6576 6576
4 6578
5379 6579
6581 6581
986 6582
3314 6584
6587 6587
6588 6588
6589 6589
6595 6595
6597 6597
6600 6600
6602 6602
4133 6603
4043 6604
6605 6605
6606 6606
6607 6607
6795 6608
6613 6613
6615 6615
6617 6617
6620 6620
2840 6621
6725 6623
3918 6624
6625 6625
6630 6630
6631 6631
6633 6633
6635 6635
6637 6637
6639 6639
6641 6641
6642 6642
6645 6645
3424 6649
1435 6650
3735 6651
6653 6653
6657 6657
6659 6659
6660 6660
6661 6661
2712 6665
6667 6667
3907 6668
6670 6670
4452 6672
6675 6675
6676 6676
6678 6678
6680 6680
6683 6683
3445 6687
6688 6688
5039 6689
6548 6691
6693 6693
6695 6695
4824 6696
2393 6698
4232 6700
1305 6701
6703 6703
6704 6704
3583 6707
5885 6709
6710 6710
6711 6711
6712 6712
6713 6713
3985 6715
3735 6718
6719 6719
6721 6721
6724 6724
6725 6725
6728 6728
6729 6729
6731 6731
1901 6732
6733 6733
2954 6734
6735 6735
4265 6737
6739 6739
6740 6740
5877 6741
5773 6742
6745 6745
45 6746
5384 6748
6394 6749
6595 6750
6752 6752
1055 6754
6756 6756
2339 6757
6758 6758
6654 6760
6762 6762
2473 6763
2379 6764
6767 6767
5332 6768
6769 6769
5061 6770
6772 6772
5663 6773
6774 6774
6778 6778
6780 6780
6781 6781
3044 6782
3960 6783
6784 6784
6785 6785
1416 6787
1875 6789
6790 6790
5905 6791
6793 6793
5039 6796
6797 6797
6801 6801
2855 6804
2411 6805
6806 6806
720 6809
135 6810
3315 6813
6332 6817
6823 6823
6824 6824
6827 6827
3108 6828
6829 6829
238 6830
6831 6831
4503 6833
6834 6834
6835 6835
6088 6836
6838 6838
3776 6841
6842 6842
4007 6843
6844 6844
4718 6845
3615 6850
6445 6851
5128 6852
6853 6853
6838 6854
3943 6859
1409 6861
1684 6862
5850 6863
6865 6865
6868 6868
6509 6869
3713 6870
1635 6872
6874 6874
4404 6876
224 6877
6878 6878
6880 6880
5170 6881
2660 6882
1870 6883
3013 6886
6887 6887
