1062 1062
5821 5821
1424 1424
2845 2845
1251 1251
9004 9004
752 752
5807 5807
9153 9153
1208 1208
9197 9197
7552 7552
1467 1467
270 270
950 950
5998 5998
5846 5846
2692 2692
1205 1205
1594 1594
9343 9343
5885 5885
8390 8390
1265 1265
1001 1001
1009 1009
4563 4563
6141 6141
1543 1543
1640 1640
9932 9932
9210 9210
1345 1345
9183 9183
9557 9557
1210 1210
9231 9231
993 993
5574 5574
5869 5869
7889 7889
501 501
151 151
974 974
2936 2936
5868 5868
9793 9793
1151 1151
638 638
8469 8469
1097 1097
9535 9535
1361 1361
8805 8805
492 492
587 587
4312 4312
1794 1794
8256 8256
7953 7953
9027 9027
7910 7910
1755 1755
4338 4338
8142 8142
4624 4624
3558 3558
9769 9769
1349 1349
479 479
403 403
6868 6868
9772 9772
2910 2910
8203 8203
9583 9583
7954 7954
4188 4188
9965 9965
8642 8642
4208 4208
1800 1800
455 455
2873 2873
1774 1774
7972 7972
7250 7250
2991 2991
1563 1563
2575 2575
5518 5518
9939 9939
874 874
6288 6288
9608 9608
441 441
8667 8667
5716 5716
1456 1456
9524 9524
122 122
3743 3743
2791 2791
2772 2772
5174 5174
8530 8530
6707 6707
6147 6147
1425 1425
5308 5308
5734 5734
7103 7103
5299 5299
2659 2659
161 161
220 220
8505 8505
2674 2674
5165 5165
238 238
9523 9523
7793 7793
7013 7013
6283 6283
5367 5367
362 362
2980 2980
2995 2995
9508 9508
9444 9444
9479 9479
8721 8721
607 607
5503 5503
9827 9827
5153 5153
170 170
8681 8681
5706 5706
4513 4513
8430 8430
708 708
3258 3258
8666 8666
814 814
2013 2013
2912 2912
9445 9445
1878 1878
359 359
110 110
2243 2243
2616 2616
8719 8719
4095 4095
3571 3571
9891 9891
4122 4122
9777 9777
7646 7646
5860 5816
2823 2823
5963 5963
6931 6931
7405 7405
9482 9482
9313 9313
7752 7752
2263 2263
9813 9813
363 446
6578 6578
3211 3211
8487 8438
8277 8277
8132 8132
4940 4940
5457 5457
4168 4168
9528 9528
7459 7459
3350 3350
3147 3147
9337 9337
6033 6033
3868 3868
1833 1833
3739 3739
5103 5103
7586 7586
7337 7337
8006 7802
7621 7621
8490 8490
3549 3549
1585 1585
5889 5889
6194 6194
417 417
4822 4822
3497 3497
7945 7945
9579 9579
9142 9142
5158 5158
5272 5272
5159 5159
4064 4064
9032 9032
2211 2211
1941 1941
4076 4076
469 469
7470 7470
1927 1927
3414 3414
4196 4196
6538 6538
6497 6497
2749 2749
2784 2784
3722 3722
6656 6656
4516 4516
9723 9723
9402 9402
2107 2107
2216 2216
3891 3891
4457 4457
9435 9435
4070 4070
3789 3789
4618 4618
4632 4632
3289 3289
5626 5626
3315 3315
5642 5642
5427 5427
1693 1693
5444 5444
2582 2582
6945 6945
2281 2281
7043 7043
7062 7062
6930 6930
7088 7088
8259 8259
3870 3870
8913 8913
6686 6686
4576 4576
1680 1694
9072 9072
7895 7895
2481 2481
7939 7939
5377 5377
8004 8026
3419 3419
3828 4199
6505 6334
