907 907
428 428
625 625
975 975
761 761
468 468
687 687
949 949
427 427
561 561
9340 9340
9311 9311
9288 9288
105 105
2605 2605
942 942
9354 9354
978 978
9605 9605
403 403
1038 1038
738 738
760 760
2377 2377
885 885
9278 9278
233 233
804 804
9635 9635
2573 2573
9297 9297
2489 2489
894 894
745 745
5535 5535
169 169
231 231
9287 9287
215 215
1135 1135
2387 2387
952 952
267 267
1024 1024
9403 9403
443 443
5771 5771
546 546
5736 5736
5572 5572
9436 9436
535 535
1157 1157
791 791
9258 9258
9355 9355
2477 2477
9260 9260
3925 3925
5404 5404
523 523
9554 9554
2615 2615
6048 6048
815 815
995 995
1079 1079
9236 9236
9406 9406
777 777
5700 5700
9344 9344
830 830
5609 5609
2608 2608
974 974
5666 5666
1117 1117
2313 2313
1193 1193
2702 2702
922 922
9133 9133
9196 9196
1188 1188
9376 9376
3419 3419
1257 1257
727 727
3611 3611
2701 2701
984 984
2759 2759
1063 1063
981 981
1106 1106
3487 3487
2482 2482
704 704
5144 5144
5454 5454
9161 9161
3572 3572
5734 5734
526 526
5368 5368
940 940
9097 9097
628 628
5174 5174
1169 1169
4814 4814
2332 2332
1250 1250
621 621
2439 2439
2238 2238
1238 1238
9146 9146
3545 3545
5498 5498
5365 5365
5258 5258
3196 3196
5434 5434
1006 1006
5664 5664
2349 2349
9899 9899
3276 3276
9042 9042
2834 2834
626 626
3686 3686
9628 9628
9611 9611
397 397
2436 2436
560 560
5980 5980
1221 1221
5634 5634
2781 2781
385 385
5804 5804
3776 3776
5554 5554
9167 9167
356 356
5260 5260
4653 4653
5085 5085
962 962
683 683
622 622
923 923
5996 5996
1178 1178
406 406
4953 4953
1269 1269
1044 1044
9911 9911
886 886
5807 5807
2687 2687
5199 5199
3561 3561
9276 9276
1352 1352
9125 9125
9476 9476
3462 3462
5438 5438
5593 5593
2879 2879
349 349
389 389
3389 3389
9032 9032
9646 9646
579 579
1125 1125
9135 9135
2746 2746
5030 5030
1021 1021
9063 9063
1181 1181
2582 2582
3584 3584
9026 9026
489 489
9450 9450
1497 1497
602 602
9592 9592
3796 3796
1825 1825
9508 9508
582 582
328 328
2064 2064
5598 5598
3720 3720
9067 9067
1975 1975
2233 2233
2273 2273
4304 4304
1403 1403
2214 2214
9035 9035
1327 1327
9310 9310
3634 3634
3550 3550
3918 3918
4393 4393
671 671
5313 5313
1284 1284
2129 2129
5838 5838
4051 4051
3900 3900
2659 2659
81 81
9076 9076
4169 4169
6230 6230
9107 9107
1085 1085
4937 4937
1080 1080
3660 3660
3498 3498
5356 5356
3267 3267
3157 3157
3585 3585
8989 8989
6 6
1792 1792
2616 2616
2967 2967
4558 4558
8977 8977
9222 9222
3949 3949
2508 2508
4966 4966
2996 2996
2976 2976
2089 2089
2249 2249
4878 4878
9655 9655
2824 2824
1994 1994
5864 5864
3231 3231
4249 4249
519 519
3007 3007
3416 3416
3592 3592
2507 2507
2808 2808
1149 1149
4963 4963
9461 9461
3981 3981
3308 3308
3169 3169
434 434
411 411
1492 1492
412 412
26 26
4664 4664
1908 1908
4873 4873
850 850
9428 9428
5370 5370
4315 4315
3996 3996
3829 3829
2174 2174
9079 9079
9659 9659
8958 8958
2397 2397
3473 3473
9088 9088
9622 9622
2708 2708
3807 3807
2757 2757
448 448
3342 3342
538 538
4289 4289
9257 9257
1515 1515
4150 4150
194 194
3549 3549
1230 1230
3423 3423
3707 3707
6274 6274
2763 2763
3200 3200
3822 3822
1609 1609
8948 8948
4525 4525
4127 4127
8727 8727
2842 2842
4550 4550
2965 2965
1393 1393
1999 1999
2112 2112
480 480
361 361
9339 9339
3147 3147
1053 1053
287 287
37 37
3303 3303
1051 1051
4064 4064
4099 4099
2546 2546
2044 2044
2142 2142
4234 4234
4146 4146
5796 5796
4835 4835
2205 2205
4121 4121
4491 4491
5939 5939
320 320
2042 2042
3424 3424
4046 4046
3911 3911
4434 4434
3381 3381
4551 4551
1366 1366
9720 9720
9858 9858
3257 3257
9482 9482
3422 3422
4347 4347
2080 2080
9462 9462
5522 5522
2831 2831
4632 4632
9840 9840
1240 1240
9523 9523
4317 4317
3156 3156
1603 1603
4663 4663
9169 9169
2330 2330
4126 4126
9319 9319
5581 5581
3350 3350
9473 9473
9322 9322
2732 2732
2435 2435
1859 1859
4431 4431
4057 4057
4226 4226
658 658
5363 5363
4365 4365
4079 4079
5014 5014
4379 4379
4399 4399
5459 5459
5822 5822
150 150
2216 2216
1305 1305
2014 2014
5528 5528
4359 4359
4513 4513
9020 9020
4335 4335
2505 2505
3050 3050
743 743
6479 6479
5961 5961
2185 2185
3306 3306
3263 3263
4570 4570
2945 2945
4428 4428
4326 4326
4883 4883
4768 4768
9433 9433
8176 8176
6930 6930
9039 9039
3505 3505
9709 9709
3637 3637
4076 4076
2339 2339
4609 4609
2143 2143
8267 8267
1752 1752
4007 4007
2416 2416
4634 4634
3690 3690
3224 3224
2158 2158
4540 4540
3199 3199
144 144
8927 8927
4053 4053
2496 2496
2116 2116
4358 4358
9515 9515
2887 2887
4466 4466
5519 5519
9485 9485
5748 5748
9440 9440
2744 2744
9842 9842
5681 5681
4475 4475
9516 9516
2740 2740
3791 3791
3115 3115
178 178
2013 2013
6251 6251
1459 1459
4247 4247
5845 5845
4357 4357
9826 9826
6114 6114
305 305
4208 4208
5934 5934
3570 3570
124 124
3818 3818
5944 5944
4111 4111
85 85
9923 9923
1681 1681
4813 4813
1972 1972
1391 1391
2588 2588
4319 4319
4819 4819
2003 2003
380 380
9801 9801
9579 9579
6346 6346
3322 3322
9037 9037
5149 5149
3136 3136
9004 9004
4543 4543
1635 1635
2749 2749
143 143
5299 5299
4956 4956
5315 5315
4486 4486
4085 4085
5900 5900
5236 5075
6900 6900
5287 5287
2610 2610
5952 5952
3239 3239
438 438
5036 5036
935 935
9788 9788
2816 2816
3325 3325
8974 8974
7118 7118
3711 3711
5210 5210
9976 9976
9987 9987
3262 3262
9620 9620
5643 5643
9598 9598
31 31
9 9
4930 4930
1899 1899
20 20
3421 3421
1309 1309
3879 3879
3011 3011
4419 4419
9908 9908
5125 5125
9389 9389
1460 1460
5020 5020
9978 9978
4783 4783
67 67
3744 3744
3491 3491
5970 5970
5226 5226
3836 3836
2631 2631
5460 5460
3384 3384
5775 5775
4876 4876
2737 2737
8463 8463
5757 5757
3195 3195
7396 7396
4338 4338
72 72
4795 4795
4409 4409
5895 5895
5059 5059
5706 5706
1895 1895
8642 8642
2859 2859
2651 2651
6622 6622
5328 5328
6616 6616
4287 4287
5588 5588
3630 3630
3065 3065
1761 1761
8921 8921
3096 3096
3864 3864
261 261
8116 8116
2660 2660
4337 4337
4683 4683
107 107
2756 2756
3243 3243
5778 5778
14 14
2629 2629
5950 5950
6028 6028
147 147
1131 1131
15 15
5541 5541
7283 7283
5397 5397
6178 6178
6570 6570
7558 7558
6489 6489
9823 9823
2868 2868
2903 2903
1386 1386
8421 8421
5849 5849
5302 5302
1545 1545
7993 7993
5268 5268
2710 2710
2282 2282
2612 2612
6652 6652
9205 9205
3 3
8692 8692
3099 3099
7144 7144
6619 6619
2791 2790
5054 5054
6545 6545
7945 7945
6532 6532
6335 6335
3887 3887
4504 4504
8655 8655
5850 5850
4187 4187
9967 9967
6168 6168
3174 3174
5140 5140
8928 8928
3042 3042
2463 2463
6593 6593
6636 6636
4740 4740
8654 8654
1214 1214
8197 8197
5860 5860
7089 7089
6222 6222
3063 3063
9779 9779
5816 5816
6154 6154
4604 4604
3947 3947
1636 1636
2067 2067
6181 6181
6926 6926
7753 7753
6227 6227
3732 3732
5726 5726
4019 4019
6651 6651
3779 3779
9757 9757
6143 6143
6538 6538
5545 5545
3730 3730
4867 4867
8561 8561
8182 8182
7071 7071
4455 4455
7764 7764
6391 6391
8328 8328
7281 7281
2144 2144
4185 4185
3529 3529
3739 3739
7809 7809
8414 8414
4811 4811
9942 9942
9956 9956
7782 7782
1562 1562
8188 8188
5291 5291
7676 7676
8249 8249
30 30
6345 6345
5851 5851
4530 4530
3769 3769
9672 9672
7717 7717
7278 7278
6542 6542
6626 6626
7639 7639
4383 4383
7476 7213
8626 8626
8231 8231
1699 1665
5224 5224
6763 6763
6985 6985
6019 6019
9991 9991
6659 6659
7983 7983
1567 1567
6576 6576
3454 3454
6853 6800
7682 7682
6898 6898
5767 5767
8438 8438
8018 8018
7560 7560
5206 5206
6026 6026
1574 1574
6806 6806
8386 8386
7500 7500
1885 1885
7988 7988
8106 8106
1465 1380
4756 4756
8884 8954
1878 1878
7282 7282
6490 6490
6818 6818
7805 7805
7044 7044
9962 9962
7690 7690
2548 2449
7942 7942
3527 3527
3946 3946
6820 6820
6866 6866
6364 6364
6721 6721
8444 8444
6534 6375
8536 8536
5270 5270
8782 8782
7856 7856
9559 9559
8394 8394
7975 7975
6678 6678
1484 1484
2077 2077
8282 8282
9544 9544
7524 7524
7603 7603
8147 7918
