891 1
357 2
3 3
6 6
2352 7
9 9
10 10
6443 11
12 12
14 14
15 15
1174 17
20 20
26 26
1892 27
2258 28
30 30
31 31
9358 33
2841 35
3809 36
37 37
7297 38
4245 40
1418 42
614 45
6009 51
4736 56
5776 57
67 67
72 72
706 73
8049 80
81 81
7324 82
85 85
8763 86
5705 89
2177 90
2687 92
2836 97
5422 102
2856 103
105 105
107 107
9402 111
2302 113
121 121
4954 122
124 124
380 125
9722 126
4174 129
9674 130
1042 131
660 134
143 143
144 144
2155 146
147 147
1013 148
9087 149
150 150
4533 158
1022 163
3622 165
5238 168
169 169
6752 170
178 178
6264 185
4536 190
3894 191
192 192
194 194
3710 198
4319 199
1548 201
8603 202
7483 203
1710 204
9150 213
215 215
1550 218
9513 219
222 222
4774 228
9585 229
1981 230
231 231
1754 232
233 233
2781 241
9687 243
6738 245
1512 246
7758 247
8605 251
254 254
261 261
4097 263
1888 266
267 267
9925 269
2513 272
1852 274
2501 276
5845 281
9320 283
3774 284
9589 286
287 287
4695 292
1603 294
8187 296
4818 297
1904 298
4095 299
3274 300
3615 303
305 305
1710 306
954 311
4142 314
1118 316
320 320
3288 326
328 328
1351 329
2461 330
3407 331
5216 334
2732 341
5867 342
4899 345
3000 346
8465 347
349 349
2450 350
5970 351
7960 353
356 356
492 357
1435 358
361 361
1068 364
2695 365
3808 367
9532 370
8398 371
7348 372
7608 377
6728 379
380 380
5200 382
385 385
3520 388
389 389
2328 392
397 397
403 403
829 404
406 406
411 411
412 412
6358 413
427 427
428 428
434 434
353 435
5122 436
438 438
1275 441
443 443
2768 446
1827 447
448 448
497 449
912 452
8661 453
3036 465
468 468
6521 472
489 475
1710 479
480 480
2590 485
3937 487
489 489
4912 491
1681 493
5981 503
784 504
4506 508
9628 509
5944 513
1525 515
519 519
523 523
526 526
608 530
3869 533
535 535
9257 537
538 538
1471 542
9862 543
3 544
2460 545
546 546
549 554
9001 557
3149 558
560 560
561 561
3204 565
1583 573
9272 574
1389 575
579 579
563 580
582 582
6264 584
4687 588
4154 592
3981 598
4415 599
602 602
794 604
3219 605
2910 609
3059 616
1180 619
621 621
622 622
625 625
626 626
2738 627
628 628
5172 629
5927 630
459 633
62 634
9815 636
702 639
795 641
2458 642
9559 643
8710 644
3012 647
3253 651
408 652
658 658
3128 659
4232 660
647 663
795 664
397 666
5943 667
3642 669
3407 670
671 671
9373 672
5917 673
9205 674
459 676
5236 678
2874 682
683 683
687 687
3165 688
1778 689
2224 695
1064 697
1772 699
4799 703
704 704
5167 706
76 710
3247 712
7021 719
2889 720
8596 724
2941 725
727 727
353 736
738 738
5547 739
743 743
745 745
3611 746
7687 754
2894 757
1087 759
760 760
761 761
3727 767
7354 772
9481 774
777 777
2937 780
9667 781
3819 783
259 789
791 791
5869 793
5547 797
8732 798
4445 800
4680 801
5420 802
6232 803
804 804
1787 810
192 811
5557 812
316 814
815 815
4216 819
4008 820
1432 821
830 830
4585 831
1635 835
3620 841
4902 842
191 843
42 844
3741 845
850 850
4902 854
9340 862
8490 864
3379 866
9020 871
1473 875
5636 878
2169 881
3578 883
885 885
886 886
563 889
9037 891
894 894
1048 895
9729 899
1544 900
462 903
4870 905
907 907
629 913
9616 914
5498 920
922 922
923 923
4532 926
1391 934
935 935
5626 937
940 940
942 942
4807 943
949 949
952 952
4499 953
962 962
4718 963
8044 964
2001 966
9833 967
4136 968
1924 971
974 974
975 975
978 978
981 981
1130 983
984 984
2973 985
970 988
237 989
4026 993
3807 994
995 995
3751 996
1921 999
1833 1001
8367 1002
1471 1003
1006 1006
7035 1010
3594 1018
1021 1021
1024 1024
9219 1026
4799 1031
2297 1032
2720 1037
1038 1038
9873 1042
1044 1044
1051 1051
1053 1053
1799 1057
1438 1060
518 1061
1063 1063
2452 1066
1168 1067
3402 1071
2259 1072
1053 1077
1079 1079
1080 1080
4750 1081
2127 1084
1085 1085
458 1090
1130 1091
5923 1093
2437 1094
1552 1095
813 1097
2704 1100
1106 1106
478 1107
4582 1110
2985 1114
1924 1116
1117 1117
1125 1125
1799 1129
1131 1131
4884 1132
4408 1134
1135 1135
168 1138
6206 1139
892 1143
9340 1147
1149 1149
2362 1150
1157 1157
1892 1158
3170 1165
2659 1166
6339 1168
1169 1169
9596 1170
3715 1173
1178 1178
1016 1180
1181 1181
4690 1183
144 1186
1188 1188
4533 1189
323 1190
5405 1191
1135 1192
1193 1193
6101 1195
1918 1196
9494 1197
736 1201
9101 1203
5706 1204
356 1205
1930 1212
1214 1214
2798 1215
874 1218
1221 1221
3425 1222
5095 1225
5487 1226
7974 1228
1230 1230
1822 1231
4039 1234
1238 1238
1240 1240
2859 1246
621 1248
1250 1250
1173 1256
1257 1257
3525 1259
2818 1262
1173 1264
6671 1265
5262 1266
4072 1267
1269 1269
2047 1273
1919 1279
4251 1281
4337 1283
1284 1284
7107 1287
1833 1289
2658 1300
3430 1302
53 1303
1305 1305
1587 1306
1309 1309
4632 1317
194 1322
631 1326
1327 1327
9959 1328
6664 1329
7947 1333
978 1335
4936 1336
5764 1341
9207 1342
4251 1344
2832 1349
9427 1350
1352 1352
1258 1357
4909 1362
1366 1366
3344 1367
2905 1371
5142 1372
1953 1375
3459 1376
1465 1380
1212 1384
9237 1385
1386 1386
1391 1391
4142 1392
1393 1393
4588 1394
9946 1397
1136 1399
9028 1400
9240 1402
1403 1403
4845 1414
2714 1418
8068 1420
540 1426
9234 1427
1131 1430
1854 1433
1266 1436
9041 1437
998 1443
145 1446
9436 1448
2901 1452
2496 1454
4958 1456
1459 1459
1460 1460
5525 1463
5432 1466
1173 1470
4434 1472
9925 1476
2616 1478
1484 1484
5552 1488
2831 1489
1492 1492
2794 1496
1497 1497
431 1501
7918 1502
1567 1508
3431 1510
1515 1515
2664 1520
1633 1522
2029 1523
9637 1532
2513 1533
6508 1535
484 1538
4902 1540
20 1543
1545 1545
8999 1547
510 1548
2764 1551
3560 1555
5168 1556
7049 1557
1091 1559
2612 1561
1562 1562
496 1563
2498 1565
1567 1567
5256 1569
4410 1570
3639 1571
4226 1572
1574 1574
5210 1577
3175 1581
9339 1591
833 1592
9968 1593
2001 1595
9658 1596
2207 1600
5002 1602
1603 1603
909 1606
1526 1607
1609 1609
4873 1611
2313 1614
4774 1621
3468 1622
9280 1626
3114 1629
1635 1635
1636 1636
1378 1640
9961 1644
1635 1645
8786 1647
6040 1648
2613 1650
4542 1651
4152 1654
2283 1658
545 1661
4608 1662
1699 1665
9856 1666
763 1667
675 1670
5538 1672
4013 1674
1681 1681
8568 1688
1917 1689
6206 1692
289 1693
299 1695
7320 1696
5168 1699
9226 1701
3086 1706
9613 1708
8466 1714
4902 1715
646 1717
9828 1720
1953 1724
4064 1725
2339 1730
5200 1734
2925 1740
2165 1744
1752 1752
3821 1759
1761 1761
2797 1763
3440 1766
5528 1768
2743 1774
4124 1777
1130 1780
7522 1781
3199 1783
4667 1785
9034 1786
4200 1787
4152 1789
1792 1792
3436 1794
5636 1795
2677 1800
3160 1802
1947 1803
1121 1805
3769 1807
1703 1808
4098 1812
621 1813
3091 1819
5283 1824
1825 1825
1449 1828
4099 1830
2985 1835
9828 1836
883 1837
1901 1845
2197 1847
1444 1848
2968 1849
8024 1850
6 1851
3641 1856
9750 1857
3539 1858
1859 1859
223 1862
4761 1864
335 1865
4197 1866
2318 1867
2034 1870
3585 1871
7421 1873
1550 1876
3807 1877
1878 1878
2695 1880
2449 1881
636 1884
1885 1885
2439 1888
777 1890
3279 1891
4500 1893
1895 1895
4431 1896
1899 1899
1676 1903
1908 1908
4755 1909
9508 1912
1605 1913
7947 1919
934 1922
1521 1923
9325 1925
2144 1931
225 1932
9020 1938
655 1942
9168 1947
4899 1955
8888 1957
1033 1959
3533 1962
1556 1967
716 1968
1972 1972
1975 1975
5064 1977
2712 1979
2553 1980
6752 1984
5311 1988
1994 1994
1999 1999
3560 2002
2003 2003
3678 2005
2477 2007
9663 2010
9068 2011
2013 2013
2014 2014
4217 2019
9060 2020
4972 2021
1071 2022
2256 2024
3708 2028
2834 2031
4908 2032
2282 2033
64 2036
2042 2042
2044 2044
766 2045
3150 2047
541 2048
6950 2051
3140 2057
1523 2059
866 2060
2064 2064
6519 2065
4782 2066
2067 2067
5062 2068
2511 2071
7752 2073
2077 2077
1259 2079
2080 2080
2834 2084
493 2085
1006 2086
2089 2089
3370 2092
4943 2093
9481 2100
1779 2104
9123 2106
8718 2108
2112 2112
2116 2116
2698 2117
94 2118
540 2122
4594 2123
7800 2124
1861 2127
6749 2128
2129 2129
429 2130
2788 2134
1607 2137
2312 2141
2142 2142
2143 2143
2144 2144
2643 2147
9168 2149
9861 2151
1377 2155
3144 2157
2158 2158
5 2159
4712 2161
7220 2162
9101 2164
2174 2174
2185 2185
2187 2187
239 2192
5279 2194
3570 2196
1238 2197
4456 2202
2205 2205
4585 2206
29 2207
3894 2210
2302 2212
2214 2214
5429 2215
2216 2216
4068 2217
2305 2219
7701 2220
8550 2221
2225 2225
1882 2230
2799 2231
1758 2232
2233 2233
2238 2238
5458 2242
2617 2248
2249 2249
3253 2250
1338 2254
1463 2257
8790 2263
2596 2265
1539 2266
4551 2267
2273 2273
335 2274
2282 2282
630 2283
2971 2285
3140 2290
4937 2292
2295 2295
6314 2300
2222 2306
4163 2311
2313 2313
9234 2317
9474 2318
9513 2319
427 2321
2330 2330
1357 2331
2332 2332
9849 2337
2339 2339
5053 2340
2952 2346
2349 2349
1709 2350
4632 2353
9909 2354
2500 2357
159 2362
2722 2365
6915 2366
3013 2370
9479 2372
9970 2376
2377 2377
4707 2379
2515 2382
4834 2385
2699 2386
2387 2387
3312 2388
9219 2389
4902 2390
519 2394
2397 2397
665 2403
4147 2405
2935 2411
4816 2415
2416 2416
4391 2418
5672 2423
1053 2425
1508 2431
4585 2434
2435 2435
2436 2436
2439 2439
4263 2447
2548 2449
444 2453
2463 2463
9471 2465
9708 2466
9551 2468
6969 2472
4159 2474
1158 2475
2477 2477
5301 2480
2482 2482
9006 2485
2489 2489
391 2491
2496 2496
9561 2498
2505 2505
9200 2506
2507 2507
2508 2508
518 2515
1597 2517
1124 2521
2643 2523
4919 2524
3423 2527
1582 2529
1881 2533
9946 2534
3123 2541
4101 2545
2546 2546
4042 2547
427 2548
3056 2549
5284 2555
6941 2556
867 2560
2351 2562
2954 2563
9762 2568
9474 2569
2742 2570
2573 2573
2887 2577
2819 2579
2582 2582
1632 2584
9250 2585
4172 2586
2588 2588
3033 2589
374 2592
5055 2597
387 2598
9794 2599
9230 2603
2605 2605
4888 2606
2608 2608
857 2609
2610 2610
2612 2612
6359 2614
2615 2615
2616 2616
3812 2618
1540 2619
3214 2627
2629 2629
1174 2630
2631 2631
2027 2633
1595 2637
9976 2639
1338 2640
2246 2641
7565 2645
1239 2650
2651 2651
9641 2657
2659 2659
2660 2660
842 2661
3579 2667
5580 2676
10 2677
9395 2679
4100 2684
9592 2686
2687 2687
4956 2688
1890 2695
6264 2697
6644 2699
2701 2701
2702 2702
2521 2704
2708 2708
9442 2709
2710 2710
2439 2711
2947 2712
7597 2716
9400 2717
7373 2723
8331 2725
3478 2730
1048 2731
2732 2732
2737 2737
1169 2739
2740 2740
2606 2743
2744 2744
2746 2746
2749 2749
780 2754
2756 2756
2757 2757
2759 2759
8311 2760
3946 2762
2763 2763
9066 2764
1150 2769
4763 2771
2833 2774
4437 2779
4559 2780
2781 2781
2884 2786
2789 2789
2791 2790
2211 2791
6473 2792
6401 2793
9377 2799
2231 2800
9873 2805
5028 2806
2808 2808
2816 2816
3356 2817
1748 2819
9263 2820
415 2821
2824 2824
5256 2825
5146 2827
3543 2830
2831 2831
9706 2832
2834 2834
1413 2835
8187 2837
5537 2839
4405 2841
2842 2842
5006 2847
5571 2849
8698 2854
2859 2859
2868 2868
1766 2869
2876 2873
6098 2875
2879 2879
3160 2883
2887 2887
1428 2888
4124 2894
1954 2896
1324 2898
9133 2899
3460 2900
2867 2902
2903 2903
4582 2905
987 2909
8763 2915
9212 2916
3534 2917
6275 2920
384 2922
2939 2923
2174 2927
1310 2929
1218 2933
680 2940
2945 2945
4139 2946
1409 2949
726 2950
2102 2951
9263 2953
860 2955
5481 2956
9911 2959
4559 2963
2965 2965
380 2966
2967 2967
2207 2971
3710 2975
2976 2976
8848 2980
462 2985
3345 2986
2311 2987
68 2988
6426 2989
1669 2992
3746 2993
2996 2996
4928 2999
5704 3000
3511 3002
4175 3004
9726 3005
3007 3007
2614 3010
3011 3011
9937 3013
5417 3021
9672 3025
135 3026
5422 3029
9141 3031
4787 3034
2249 3036
2404 3037
120 3038
3042 3042
4785 3043
1669 3045
9789 3047
6113 3049
3050 3050
1293 3053
5368 3057
698 3058
4477 3061
3026 3062
3063 3063
3065 3065
2174 3066
2780 3071
1483 3073
1924 3074
5078 3082
5413 3087
5218 3089
3096 3096
2269 3098
3099 3099
1647 3101
4187 3103
2869 3104
4219 3105
3414 3111
4025 3113
3115 3115
6338 3116
9250 3122
1571 3130
2683 3134
3136 3136
9627 3137
1523 3141
385 3142
3147 3147
9049 3152
1843 3154
3156 3156
3157 3157
8423 3158
8044 3160
342 3164
7236 3165
4353 3167
386 3168
3169 3169
3442 3173
3174 3174
427 3178
4475 3182
3699 3185
4238 3188
1603 3191
3755 3192
4076 3193
3195 3195
3196 3196
3199 3199
3200 3200
3661 3209
8550 3213
494 3217
3224 3224
4594 3226
8080 3227
3231 3231
9423 3232
3314 3234
6334 3237
3239 3239
4354 3240
187 3241
3243 3243
9830 3246
7445 3252
3257 3257
4758 3259
3262 3262
3263 3263
504 3266
3267 3267
9505 3271
429 3273
3276 3276
3684 3280
428 3282
5119 3284
528 3285
2071 3286
3710 3291
2159 3294
1048 3298
21 3301
3303 3303
2659 3305
3306 3306
1332 3307
3308 3308
9744 3312
778 3320
4925 3321
3322 3322
9134 3323
3325 3325
52 3330
1090 3333
1811 3335
5130 3340
3342 3342
4797 3344
2369 3346
1104 3349
3350 3350
5785 3359
1310 3364
580 3367
2100 3378
3381 3381
9841 3382
3384 3384
9713 3387
9020 3388
3389 3389
3854 3397
2249 3399
3453 3402
9856 3404
1434 3406
3082 3411
2418 3412
3416 3416
9410 3418
3419 3419
8483 3420
3421 3421
3422 3422
3423 3423
3424 3424
4026 3433
1360 3438
610 3442
2667 3444
9257 3446
3682 3449
3019 3450
735 3452
7327 3453
3454 3454
9911 3455
9041 3459
3462 3462
4306 3465
5030 3470
4007 3471
3473 3473
1562 3474
1880 3476
3150 3477
777 3478
9927 3479
7691 3480
3487 3487
1815 3489
3140 3490
3491 3491
1250 3495
3498 3498
3505 3505
9167 3506
3094 3509
9452 3516
9055 3517
3862 3519
3527 3527
3529 3529
9138 3531
564 3533
1312 3534
3562 3536
3211 3539
759 3540
9020 3541
6364 3544
3545 3545
5827 3547
3549 3549
3550 3550
3960 3553
9227 3555
1447 3559
3561 3561
526 3565
9488 3567
3570 3570
3572 3572
6381 3576
3230 3577
1272 3582
3584 3584
3585 3585
3796 3590
3592 3592
7499 3597
517 3599
4791 3600
1568 3602
2142 3607
151 3608
6752 3609
3872 3610
3611 3611
9752 3612
5351 3615
7553 3621
3479 3623
2548 3626
5014 3629
3630 3630
9716 3632
3634 3634
3637 3637
3231 3638
4436 3642
368 3644
5416 3647
2328 3648
5139 3654
3660 3660
4282 3663
4510 3665
1250 3667
6799 3668
3467 3675
9472 3676
4830 3681
9628 3682
2750 3685
3686 3686
3690 3690
3068 3691
9262 3693
9068 3695
1518 3700
10000 3701
321 3704
1973 3705
3707 3707
42 3709
3711 3711
845 3715
4347 3716
9674 3719
3720 3720
4598 3724
794 3725
90 3729
3730 3730
3732 3732
6757 3735
3739 3739
3744 3744
2362 3745
9621 3746
2424 3749
1769 3751
1638 3757
6360 3759
52 3760
5014 3761
7991 3763
4108 3764
1725 3766
3769 3769
7044 3773
9884 3775
3776 3776
3779 3779
5229 3784
6159 3787
4106 3789
3791 3791
3796 3796
5206 3797
588 3798
9129 3800
2058 3801
5026 3805
3892 3806
3807 3807
2344 3808
3546 3809
2571 3814
2878 3816
1216 3817
3818 3818
4637 3821
3822 3822
8777 3823
6264 3827
3829 3829
4317 3832
9481 3834
3836 3836
7814 3838
490 3841
4958 3842
9886 3843
3114 3847
4997 3848
4311 3849
3283 3853
2612 3855
2274 3856
5767 3859
9998 3860
579 3862
3864 3864
2924 3868
2321 3869
4317 3873
4848 3877
4768 3878
3879 3879
4532 3884
3887 3887
1647 3889
3261 3890
5244 3892
717 3896
1614 3897
9767 3898
2931 3899
3900 3900
2439 3902
1114 3904
2687 3906
3760 3908
3911 3911
9267 3912
3918 3918
9013 3921
8723 3922
9139 3923
5772 3924
3925 3925
9092 3926
2267 3927
3532 3931
1341 3934
1784 3936
5013 3941
3946 3946
3947 3947
3949 3949
299 3953
3492 3958
8392 3960
5923 3963
9725 3965
2902 3966
7049 3968
4622 3972
5314 3973
4574 3974
4588 3977
2476 3979
3981 3981
1919 3984
1846 3987
9959 3988
1467 3989
3250 3991
3996 3996
451 3999
4721 4000
9750 4003
4007 4007
1860 4009
1558 4014
4019 4019
309 4023
1581 4025
668 4028
9749 4033
9311 4034
4799 4036
4300 4037
662 4038
4154 4039
4353 4044
4046 4046
8173 4047
4051 4051
4053 4053
5899 4055
1180 4056
4057 4057
1886 4061
4064 4064
9416 4065
5399 4068
493 4069
299 4070
5490 4071
9041 4073
4076 4076
2475 4078
4079 4079
5190 4081
4085 4085
4119 4086
1820 4089
1895 4091
9344 4092
2415 4093
2057 4096
4099 4099
2776 4101
1120 4106
1875 4108
2763 4109
4111 4111
3082 4113
4173 4115
2766 4116
3935 4120
4121 4121
4126 4126
4127 4127
805 4133
1894 4135
3421 4141
1755 4143
4921 4144
777 4145
4146 4146
181 4149
4150 4150
1681 4151
690 4154
9684 4155
4680 4156
7431 4157
5872 4158
4766 4159
4834 4166
384 4168
4169 4169
2676 4173
150 4174
2231 4175
4696 4181
4185 4185
3033 4186
4187 4187
6187 4193
5280 4195
1136 4200
1300 4201
519 4202
4540 4207
4208 4208
2985 4209
3473 4210
6104 4211
9339 4216
3246 4219
1219 4220
1595 4221
9967 4222
4226 4226
1948 4229
3995 4231
3424 4232
7139 4233
4234 4234
4088 4244
4247 4247
3117 4248
4249 4249
982 4250
3746 4251
5200 4259
7852 4260
5862 4263
198 4265
2349 4266
4270 4269
993 4271
5961 4273
5284 4275
9750 4276
1468 4278
5055 4286
4287 4287
4289 4289
866 4294
9344 4296
1157 4300
7660 4301
4163 4303
4304 4304
5412 4305
2704 4306
2523 4309
5472 4314
4315 4315
352 4316
4317 4317
4319 4319
1164 4321
9672 4322
5446 4324
4326 4326
5333 4327
4019 4331
4335 4335
4337 4337
4338 4338
9272 4341
7664 4343
9141 4345
160 4346
4347 4347
9161 4351
5037 4353
1882 4354
4357 4357
4358 4358
4359 4359
993 4361
2053 4362
4365 4365
1088 4370
5380 4371
4585 4374
175 4375
9738 4378
4379 4379
1990 4381
4383 4383
4022 4385
3166 4386
9239 4387
1145 4390
4393 4393
8872 4397
9653 4398
4399 4399
1644 4401
349 4403
1784 4406
4093 4407
9377 4408
4409 4409
3835 4410
1806 4412
678 4418
4419 4419
5861 4420
1298 4425
7868 4426
4214 4427
4428 4428
970 4429
5095 4430
4431 4431
2869 4433
4434 4434
9208 4440
1004 4444
3222 4448
2071 4451
825 4452
4455 4455
9573 4456
5057 4457
980 4460
7044 4462
335 4465
4466 4466
1369 4472
123 4473
9596 4474
4475 4475
3792 4480
8094 4484
3433 4485
4486 4486
2522 4489
4590 4490
4491 4491
7014 4495
2313 4497
4000 4498
272 4499
385 4500
4504 4504
770 4509
601 4510
9974 4511
4513 4513
3719 4516
3329 4517
3855 4520
9253 4522
4525 4525
540 4526
4530 4530
190 4536
9205 4539
4540 4540
4543 4543
697 4544
3048 4548
2743 4549
4550 4550
4551 4551
4270 4553
6549 4556
9234 4557
4558 4558
5284 4563
3275 4564
9815 4568
4570 4570
4784 4577
904 4578
3422 4581
289 4584
1222 4587
2134 4588
2033 4591
1958 4594
9719 4600
2643 4603
4604 4604
848 4606
4273 4608
4609 4609
3487 4612
3520 4614
1909 4615
5609 4616
9400 4619
9778 4622
6346 4624
5053 4626
5202 4628
9020 4630
1080 4631
4632 4632
4634 4634
1230 4635
52 4637
9627 4640
5114 4643
4368 4646
3905 4648
4653 4653
5948 4654
1173 4655
9533 4661
4663 4663
4664 4664
4883 4667
3206 4668
629 4671
5816 4675
6127 4677
4683 4683
1894 4690
1731 4693
5487 4696
489 4697
2612 4698
3512 4700
2877 4703
9057 4710
5005 4712
3527 4713
3334 4714
2649 4724
662 4727
3145 4729
4714 4732
4799 4734
4857 4735
1469 4737
4470 4738
9667 4739
4740 4740
1146 4742
5254 4749
4756 4756
4536 4759
9776 4763
8285 4767
4768 4768
8523 4770
4158 4772
9666 4779
5772 4781
4783 4783
5186 4793
4795 4795
3860 4796
5046 4798
3416 4802
144 4803
8121 4804
9870 4809
3031 4810
4811 4811
4813 4813
4814 4814
4418 4816
4819 4819
9910 4820
9118 4823
9201 4824
7028 4831
4569 4833
4835 4835
2278 4837
806 4838
2723 4844
3140 4847
3197 4848
9179 4850
3763 4858
8044 4861
4339 4862
4867 4867
1681 4870
3868 4871
300 4872
4873 4873
3846 4875
4876 4876
4878 4878
4883 4883
9179 4884
5716 4892
890 4893
5181 4899
5647 4900
5014 4904
6738 4912
7045 4914
697 4916
3301 4917
2257 4920
3523 4924
9573 4926
3776 4929
4930 4930
1782 4931
9607 4932
9412 4934
77 4935
977 4936
4937 4937
9142 4940
5562 4944
451 4946
2369 4947
7708 4950
1173 4951
4953 4953
4956 4956
2331 4958
4963 4963
4154 4964
4966 4966
2423 4969
6245 4979
4691 4981
9043 4985
2303 4988
6643 4993
5081 4996
4636 5000
931 5001
7460 5002
4444 5006
1258 5009
5014 5014
1160 5016
2199 5017
5020 5020
2197 5022
7968 5023
3354 5025
1428 5026
9250 5027
1238 5028
5030 5030
5036 5036
1196 5037
6414 5039
1156 5043
1571 5044
5327 5048
9600 5052
5054 5054
9766 5056
5059 5059
577 5060
2398 5061
5716 5072
5236 5075
3524 5078
1760 5082
4238 5083
5085 5085
4902 5087
4442 5089
1369 5092
3416 5094
6124 5097
545 5099
750 5101
1471 5102
7273 5104
763 5108
4792 5110
5949 5115
5274 5117
6542 5121
131 5124
5125 5125
1516 5131
8861 5133
221 5134
1527 5135
5140 5140
5144 5144
5700 5145
967 5146
5149 5149
1089 5150
1710 5155
673 5156
264 5158
4300 5167
7049 5170
4405 5172
5174 5174
3990 5182
5087 5189
5199 5199
5206 5206
5210 5210
4766 5217
3690 5221
8806 5222
5224 5224
344 5225
5226 5226
5787 5234
7123 5235
4144 5236
4886 5237
9023 5240
1548 5242
3711 5243
1304 5246
8946 5250
3637 5252
5917 5254
5258 5258
5260 5260
3288 5263
9695 5265
3821 5266
5268 5268
3872 5269
5270 5270
3314 5271
1447 5273
8441 5274
5630 5275
3161 5276
2748 5279
7112 5281
1428 5282
4536 5285
5287 5287
5291 5291
5299 5299
5302 5302
3689 5307
8928 5308
8265 5311
5313 5313
5315 5315
826 5322
2951 5325
494 5327
5328 5328
998 5329
8902 5330
2487 5331
5791 5334
5774 5335
2038 5337
5750 5341
7137 5343
7533 5345
8699 5346
5549 5349
2982 5351
1435 5352
7571 5354
5356 5355
5356 5356
8439 5358
5555 5359
7900 5360
5363 5363
5365 5365
8256 5367
5368 5368
6179 5369
5370 5370
1094 5371
9988 5372
143 5378
2559 5380
4616 5381
5757 5383
6226 5385
3043 5386
4081 5388
9985 5389
5572 5392
8479 5393
5397 5397
6576 5399
9600 5401
5235 5402
5404 5404
2424 5406
6969 5407
5052 5410
4396 5414
1387 5416
5834 5419
6919 5420
5960 5423
5664 5427
5819 5429
5434 5434
788 5435
5438 5438
5904 5439
5939 5441
8055 5443
4499 5444
6145 5447
5454 5454
5833 5458
5459 5459
5460 5460
5463 5463
9249 5464
4276 5465
6237 5466
5635 5476
5378 5486
5590 5488
5873 5489
3547 5491
9305 5494
5519 5496
4538 5497
5498 5498
5646 5500
8900 5502
5539 5504
5966 5506
8781 5509
9094 5511
4130 5512
5700 5515
5874 5517
5519 5519
5522 5522
5704 5523
5528 5528
9985 5529
753 5531
5839 5533
5873 5534
5535 5535
5983 5536
399 5539
1310 5540
5541 5541
5717 5542
7900 5544
5545 5545
5761 5546
2194 5552
5554 5554
2650 5556
4762 5560
836 5563
9442 5566
5954 5568
5601 5571
5572 5572
5940 5574
5755 5575
5581 5581
5707 5583
8468 5585
1791 5586
5523 5587
5588 5588
5593 5593
5485 5594
7125 5596
5598 5598
5930 5600
1686 5602
5646 5603
5444 5604
590 5605
9950 5606
5609 5609
5603 5610
1861 5612
5590 5613
2600 5618
5698 5625
1270 5627
5842 5629
4029 5632
5515 5633
5634 5634
6951 5637
8005 5641
5643 5643
5626 5645
5496 5647
8767 5649
8200 5650
5846 5652
2738 5653
1697 5654
6415 5657
9834 5658
5283 5659
2784 5661
5664 5664
5666 5666
5590 5667
5671 5672
5923 5673
6243 5674
2424 5678
6326 5679
5862 5680
5681 5681
788 5682
4391 5683
590 5688
9491 5691
5623 5693
5590 5694
5700 5700
6115 5701
5357 5702
5679 5704
5706 5706
5591 5708
5408 5710
5896 5711
5426 5712
1112 5713
5594 5718
4330 5720
2676 5722
5726 5726
1310 5727
4953 5728
7038 5729
5734 5734
5736 5736
5782 5740
5369 5742
5748 5748
5955 5750
9610 5751
2631 5756
5757 5757
5414 5760
5506 5764
5767 5767
5479 5769
5771 5771
7188 5773
5775 5775
5778 5778
1572 5782
9298 5785
5365 5788
5643 5794
5796 5796
5717 5803
5804 5804
5807 5807
5378 5810
5340 5811
5612 5813
8900 5814
5816 5816
9483 5819
5715 5820
5822 5822
5557 5824
8201 5826
8197 5831
5381 5833
2418 5836
5679 5837
5838 5838
5470 5839
5643 5842
5845 5845
5684 5848
5849 5849
5850 5850
5851 5851
8949 5853
5685 5858
2775 5859
5860 5860
4654 5863
5864 5864
5581 5866
797 5871
5755 5874
4675 5876
5402 5880
4224 5883
8440 5886
4484 5894
5895 5895
1703 5896
7793 5897
6174 5899
5900 5900
5356 5903
6054 5908
1703 5910
5920 5920
5603 5924
5761 5928
5719 5929
2730 5930
5379 5931
6137 5932
5793 5933
5934 5934
8070 5936
5939 5939
2720 5943
5944 5944
9834 5945
1670 5948
1310 5949
5950 5950
5952 5952
8264 5958
5961 5961
5601 5962
9978 5965
7584 5966
5961 5968
5767 5969
5970 5970
3471 5977
7901 5978
5980 5980
5852 5981
5665 5984
7222 5985
7693 5986
5949 5987
8439 5990
6615 5993
5996 5996
2197 5997
7666 5999
7535 6005
8580 6007
7087 6014
7097 6015
6305 6018
6019 6019
6026 6026
6294 6027
6028 6028
8925 6031
6911 6037
6180 6038
6985 6039
7539 6043
7700 6045
7745 6046
8521 6047
6048 6048
7038 6051
7901 6053
6160 6057
8630 6062
8835 6063
7327 6064
8285 6068
4629 6074
8550 6075
8158 6076
8967 6080
6752 6088
6474 6090
6677 6092
8899 6097
7998 6098
6998 6100
7413 6102
8872 6109
6416 6112
6114 6114
8365 6120
8270 6122
6152 6125
5451 6140
8401 6141
6143 6143
7857 6144
8440 6145
6405 6146
7025 6147
7139 6148
3790 6149
3697 6153
6154 6154
7797 6159
6168 6168
8015 6170
7136 6173
7296 6175
6178 6178
6181 6181
6338 6184
6501 6185
6163 6186
4580 6189
6088 6191
8103 6193
7947 6194
8479 6198
8004 6201
3823 6202
7858 6205
7995 6206
7270 6207
8015 6211
6936 6213
6825 6214
7566 6219
7317 6220
8637 6221
6222 6222
8385 6223
8723 6225
6227 6227
6230 6230
8050 6232
8452 6235
1673 6236
7630 6238
6950 6239
8439 6241
7857 6244
6940 6248
8933 6249
6251 6251
7931 6252
8062 6253
6173 6254
6832 6255
8828 6256
6312 6258
7524 6259
8882 6262
8298 6267
8967 6268
6045 6269
6502 6270
6763 6271
6542 6272
6274 6274
8193 6275
6850 6278
7310 6279
6803 6280
6048 6281
8368 6282
6262 6285
7237 6286
8385 6289
7197 6292
8882 6294
7542 6295
8213 6298
8260 6301
6753 6305
6422 6307
8453 6308
8201 6313
5737 6318
7515 6319
7551 6321
8001 6325
8781 6326
7102 6327
8041 6331
7945 6332
6335 6335
7282 6338
7937 6339
8339 6342
8857 6344
6345 6345
6346 6346
6074 6353
7876 6354
8899 6356
6269 6358
6229 6359
8166 6363
6364 6364
6728 6366
6488 6367
8189 6368
7465 6369
7857 6370
6177 6374
6534 6375
6106 6380
6353 6381
7813 6383
8277 6386
7395 6388
6722 6389
6391 6391
7837 6396
8630 6399
6638 6402
7757 6403
8159 6404
7102 6408
6413 6410
7027 6417
6695 6418
8594 6419
7044 6420
7720 6422
6671 6425
6869 6426
9131 6427
7963 6431
7102 6432
7162 6434
7427 6439
8487 6440
7207 6442
4793 6443
7960 6445
6108 6448
8487 6449
8809 6452
6558 6453
7283 6458
7027 6459
6026 6463
7123 6468
6452 6472
6969 6474
7368 6475
5986 6477
8884 6478
6479 6479
5108 6481
6197 6485
6969 6487
3790 6488
6489 6489
6490 6490
8353 6492
6928 6493
6549 6494
8900 6495
8037 6497
8786 6499
7599 6500
6000 6502
7147 6503
8605 6504
6249 6505
4556 6509
8967 6512
8273 6513
6357 6514
7823 6516
8343 6517
4171 6518
8433 6519
8780 6523
7202 6524
6354 6525
7297 6526
5924 6527
8594 6530
6532 6532
8312 6534
7074 6536
8458 6537
6538 6538
6542 6542
6545 6545
4775 6548
7477 6550
8923 6553
6725 6555
7203 6558
7766 6559
947 6560
7818 6564
6203 6567
8404 6569
6570 6570
7687 6571
7516 6572
6576 6576
7977 6582
6410 6591
7330 6592
6593 6593
7452 6594
6162 6595
7015 6597
8418 6599
6645 6600
38 6603
7351 6604
7876 6606
7887 6609
7809 6611
8440 6612
8126 6614
6616 6616
8438 6618
6619 6619
6622 6622
7737 6623
6626 6626
8065 6632
8774 6633
7138 6635
6636 6636
7286 6637
8306 6640
7620 6642
7097 6644
8797 6649
7968 6650
6651 6651
6652 6652
6930 6653
8996 6655
6626 6657
8227 6658
6659 6659
7046 6662
7629 6663
6580 6664
8201 6670
8995 6673
6431 6674
6222 6675
6294 6676
8692 6677
6678 6678
8933 6680
4683 6681
6703 6685
7837 6686
7901 6687
7100 6692
4198 6693
7889 6694
8668 6695
7047 6696
8762 6698
8368 6707
5726 6708
6222 6709
8019 6713
6042 6715
5530 6720
6721 6721
6989 6722
8716 6723
9091 6724
5405 6730
7209 6732
8487 6734
6738 6737
7350 6739
7667 6740
7683 6741
6637 6743
6983 6744
7846 6748
6502 6749
8826 6751
6737 6753
6972 6754
7517 6755
7412 6758
8088 6762
6763 6763
8723 6765
6456 6768
8277 6769
8098 6771
6532 6774
6148 6775
6599 6781
7356 6782
6659 6788
7910 6789
2989 6794
6734 6797
8780 6798
6853 6800
8005 6801
7321 6802
6806 6806
7742 6809
7935 6810
6818 6818
7063 6819
6820 6820
7707 6821
8394 6824
5473 6826
8201 6827
8819 6828
8719 6831
6989 6835
8015 6836
6293 6837
8885 6838
5529 6841
8321 6845
2454 6846
8605 6847
7571 6848
6330 6850
7524 6853
7034 6854
7449 6858
6263 6859
6866 6866
6756 6868
6875 6869
7528 6870
1139 6875
1800 6877
6965 6888
8390 6889
8765 6891
6998 6894
8024 6895
6578 6896
6898 6898
6900 6900
99 6907
8487 6908
8922 6909
6307 6911
8015 6912
7768 6913
8267 6914
4103 6915
8938 6917
6728 6918
7001 6923
6926 6926
5136 6928
9679 6929
6930 6930
6035 6934
7356 6935
6003 6941
8899 6943
7462 6945
8178 6951
7483 6952
8361 6954
8529 6955
6264 6956
7609 6957
7948 6958
6776 6964
8188 6965
7270 6969
8809 6974
7835 6975
8483 6978
7709 6980
7381 6983
8100 6984
6985 6985
4609 6989
8852 6990
8094 6994
8968 6995
7449 7000
8122 7001
6314 7007
6236 7009
6747 7010
8236 7013
7395 7016
6115 7017
8872 7025
8440 7029
6424 7030
8806 7033
6328 7036
5319 7037
7709 7041
7044 7044
6593 7045
6679 7046
6837 7047
8297 7048
8813 7049
8111 7052
8769 7053
1686 7054
8015 7056
7523 7057
6082 7058
7506 7060
6028 7061
8302 7062
8786 7063
7365 7065
6887 7066
8057 7067
6323 7068
6264 7070
7071 7071
8656 7073
6965 7074
7690 7079
5473 7080
8468 7081
7090 7083
6002 7086
6548 7087
7089 7089
8152 7092
8546 7093
5473 7095
7109 7096
8239 7097
8474 7102
7770 7103
7415 7104
6163 7106
6392 7108
8977 7113
8122 7114
6138 7115
8518 7117
7118 7118
6727 7119
8054 7121
8561 7122
6002 7125
6747 7126
8468 7128
7772 7130
6528 7132
4793 7133
7495 7134
1982 7135
8216 7141
6478 7142
6341 7143
7144 7144
8099 7145
1814 7146
8442 7149
7057 7152
6575 7153
7010 7154
8489 7155
7636 7163
6765 7167
6425 7168
8019 7169
8710 7170
7993 7172
7371 7176
9551 7177
8865 7178
7944 7182
6029 7190
8837 7191
9247 7192
6602 7195
6869 7204
7753 7205
8872 7207
6973 7211
8710 7212
7476 7213
7672 7215
6359 7217
4304 7218
7039 7221
8121 7224
7524 7226
7849 7227
7512 7236
7640 7237
8774 7243
4171 7247
8508 7248
6104 7251
6044 7253
7863 7256
5392 7260
8562 7261
7446 7263
7063 7270
6853 7272
6521 7273
6683 7275
8354 7276
7278 7278
7507 7279
7281 7281
7282 7282
7283 7283
8235 7287
6258 7288
6779 7289
6481 7294
1828 7298
6578 7299
6058 7303
7222 7304
8384 7305
6143 7307
7139 7309
6274 7311
7315 7315
8337 7317
6317 7321
7014 7325
7198 7328
8049 7331
7689 7332
6043 7333
6106 7334
6104 7340
5417 7342
7979 7345
7230 7347
7707 7349
6998 7351
8635 7353
6271 7357
8537 7359
7846 7360
8756 7367
7728 7368
6251 7369
8409 7372
7401 7373
7034 7375
7801 7379
6911 7385
6040 7390
7857 7391
8766 7393
7396 7396
6939 7398
6990 7403
8008 7404
7438 7406
8933 7407
8594 7408
8366 7412
8481 7413
7720 7417
7023 7418
7209 7420
8227 7421
6937 7422
7169 7429
8139 7433
7564 7434
7195 7437
6976 7438
7687 7439
6624 7441
8440 7444
7690 7445
7675 7449
6818 7451
7542 7452
6756 7455
8404 7458
6887 7459
8100 7460
7264 7461
7907 7462
7481 7466
7655 7467
8376 7469
6913 7470
8296 7471
8409 7476
6875 7479
8668 7481
8685 7484
6218 7487
8798 7489
7713 7490
8343 7492
8518 7494
8298 7495
7842 7496
7734 7497
7500 7500
7460 7501
8443 7504
6464 7505
6475 7507
7139 7509
8518 7510
8311 7512
8583 7513
5473 7516
7197 7517
8122 7518
7155 7519
7524 7524
7209 7527
8136 7528
7326 7531
6049 7533
6474 7539
3803 7540
6889 7541
8414 7542
7249 7543
6475 7544
7777 7549
8568 7550
8913 7552
6000 7553
7073 7554
7538 7556
7558 7558
7560 7560
7452 7564
7789 7565
6641 7566
7709 7571
6582 7574
6582 7575
5405 7576
6349 7577
7231 7579
6570 7581
4304 7583
7225 7586
6747 7588
8967 7590
8672 7591
8296 7596
6615 7598
7705 7599
7603 7603
6677 7604
8445 7610
8261 7611
7700 7616
7789 7617
7379 7618
8163 7621
6312 7622
7614 7626
6489 7628
7823 7629
7154 7631
8170 7633
7666 7638
7639 7639
8337 7640
8266 7645
6008 7646
8940 7647
1642 7648
7222 7649
8248 7654
7524 7658
6168 7662
7114 7665
8911 7666
8964 7667
7101 7668
3287 7671
7957 7675
7676 7676
8456 7678
7296 7679
4171 7680
7682 7682
6962 7683
6272 7684
3790 7686
8276 7688
6415 7689
7690 7690
8348 7692
6104 7693
8312 7697
6996 7698
6864 7699
6371 7701
7533 7702
7813 7706
8139 7708
6249 7715
7717 7717
8429 7718
6555 7722
7525 7724
7237 7727
8509 7728
8291 7729
7772 7730
8425 7731
8859 7732
6305 7734
8568 7735
8837 7737
7600 7739
8596 7741
7123 7742
8976 7746
8206 7748
7452 7749
6714 7751
7753 7753
6965 7757
7947 7758
8568 7759
6471 7760
7764 7764
6659 7766
8568 7767
7858 7768
8635 7770
8825 7773
7744 7776
8826 7779
7782 7782
6627 7784
993 7786
6108 7787
6128 7789
9551 7790
6714 7793
6602 7794
6435 7797
6707 7798
7503 7801
6821 7802
6334 7804
7805 7805
6227 7808
7809 7809
2410 7814
5544 7815
6044 7816
6177 7819
7412 7821
8508 7822
6415 7823
8698 7825
6659 7830
6142 7833
6338 7834
7226 7837
8603 7840
7109 7842
7690 7843
8692 7850
8137 7851
2281 7854
6593 7855
7856 7856
6593 7857
6000 7858
7170 7859
7452 7860
6057 7864
8895 7865
6734 7866
8710 7867
9514 7868
7681 7869
8922 7877
8640 7880
7249 7883
8688 7886
7112 7888
8732 7891
8068 7892
6877 7893
8425 7900
7158 7904
7395 7905
7524 7906
8363 7907
6687 7908
7672 7909
8716 7914
6659 7915
8147 7918
7978 7920
6703 7921
8810 7924
7970 7925
6248 7926
6782 7927
6976 7928
7843 7930
8791 7931
2229 7935
7942 7942
6443 7944
7945 7945
6269 7946
6381 7947
8103 7949
6823 7950
7512 7951
8678 7952
7051 7955
8830 7956
6969 7958
6296 7963
8239 7965
8933 7968
8657 7970
7975 7975
6182 7976
8599 7977
6415 7979
7782 7981
7957 7982
7983 7983
1814 7986
6162 7987
7988 7988
8897 7991
7993 7993
6415 7994
7175 7997
7691 8000
6978 8001
6753 8002
2637 8007
7950 8009
7690 8012
6969 8013
6366 8014
3787 8015
7524 8016
8018 8018
8305 8019
6602 8021
7524 8024
7985 8026
8297 8027
6542 8028
8182 8031
6615 8032
7592 8035
6759 8038
8732 8039
8296 8040
8396 8044
6205 8054
6258 8056
8285 8061
8810 8064
3147 8065
6830 8066
7512 8068
8325 8071
7857 8072
7122 8078
8819 8084
6440 8086
7234 8088
7647 8096
6776 8097
7718 8099
7052 8102
6270 8104
8106 8106
7699 8112
8769 8114
7348 8115
8116 8116
8490 8119
8665 8120
6456 8121
6414 8123
7729 8129
6889 8130
7681 8131
7306 8132
6976 8133
8296 8134
7718 8135
7110 8144
7667 8146
7452 8149
6264 8151
6537 8153
7952 8158
6989 8161
8098 8162
7801 8165
7300 8166
7348 8170
6269 8172
8176 8176
5420 8177
6918 8179
6864 8181
8182 8182
7742 8183
8458 8184
8188 8188
8391 8191
7800 8193
8103 8194
8197 8197
6543 8199
7687 8203
8093 8207
7452 8208
7174 8212
7539 8216
8277 8219
6833 8221
7025 8222
8030 8223
7991 8226
8191 8227
8231 8231
8901 8232
7043 8233
8367 8237
7395 8238
7512 8240
8249 8249
6161 8251
6829 8254
7313 8255
6653 8256
8688 8257
7811 8262
7775 8265
8267 8267
8678 8269
6857 8274
8431 8276
7580 8278
8282 8282
7555 8284
7257 8287
6154 8289
7922 8290
7446 8291
8093 8294
7351 8295
7274 8296
8872 8297
6738 8306
7609 8316
8764 8318
8737 8319
8700 8322
6674 8323
7761 8326
7253 8327
8328 8328
6108 8331
6922 8332
6725 8335
6194 8336
8842 8337
6033 8338
6500 8340
6198 8342
6602 8349
8382 8353
7485 8354
6582 8355
7801 8358
6331 8359
7640 8363
8099 8364
7776 8365
6179 8368
7535 8369
8196 8370
8277 8371
6422 8373
7358 8375
7524 8376
8298 8377
8845 8378
8852 8379
7858 8380
8220 8381
6825 8382
8476 8385
8386 8386
6931 8387
8212 8388
7752 8390
7007 8392
8492 8393
8394 8394
7762 8396
7691 8397
5815 8398
6549 8399
7396 8401
7838 8403
7452 8405
6258 8406
7189 8413
8414 8414
8351 8419
8421 8421
7399 8422
8748 8423
6662 8424
8018 8427
7758 8430
6271 8431
6628 8437
8438 8438
6417 8443
8444 8444
6664 8454
7946 8455
7633 8456
4677 8457
7151 8459
8326 8460
8463 8463
7226 8465
6178 8467
7648 8469
180 8472
8363 8473
6038 8474
6000 8477
6703 8479
6296 8480
6825 8481
7024 8483
8664 8485
8387 8487
6461 8488
6965 8489
4198 8491
7335 8493
8534 8499
8299 8500
628 8506
8847 8513
6930 8514
8857 8518
8276 8520
6649 8522
7564 8527
6157 8533
8536 8536
6269 8537
7900 8538
8063 8542
6401 8544
8954 8547
7445 8552
6545 8556
7937 8558
8243 8560
8561 8561
8080 8562
8900 8564
8545 8565
8103 8566
6853 8567
6678 8576
6659 8577
7188 8578
6651 8579
7801 8581
7452 8582
8295 8584
8368 8586
5737 8587
7852 8588
7950 8590
6876 8591
6355 8592
8478 8595
6451 8596
6690 8602
1412 8606
7975 8607
8594 8613
7371 8615
7154 8616
8802 8618
6222 8619
6565 8620
8380 8622
8889 8623
7702 8624
8626 8626
6446 8627
7923 8628
7699 8629
7376 8630
7452 8632
7452 8635
7864 8637
7555 8638
6659 8639
8645 8640
8642 8642
8640 8645
8670 8652
8654 8654
8655 8655
8659 8664
8094 8673
7445 8677
7610 8679
6524 8680
9551 8682
6683 8686
8487 8687
7994 8688
8692 8692
7942 8695
6573 8696
6214 8697
8658 8698
2861 8702
6261 8704
8306 8706
6489 8709
6108 8710
7852 8714
6839 8717
7861 8719
7108 8721
8859 8725
8727 8727
6438 8728
8290 8730
7968 8733
8357 8735
8060 8741
8810 8745
7271 8746
7858 8750
6928 8751
1692 8752
8715 8753
8046 8754
8018 8755
6734 8756
6003 8757
8810 8758
8814 8759
8455 8763
7109 8764
7112 8766
6703 8773
7979 8774
8145 8778
7429 8781
8782 8782
7740 8783
7809 8789
8780 8790
7109 8791
4171 8794
7176 8796
8559 8797
6469 8800
8165 8801
6272 8807
8872 8808
6500 8809
8158 8814
8660 8815
6863 8816
7550 8818
8596 8819
6999 8821
6047 8828
4874 8830
6870 8832
4171 8834
7753 8835
6124 8837
6274 8841
6481 8842
8862 8843
8984 8846
6175 8848
6028 8849
6068 8851
7455 8852
7858 8854
8438 8855
7506 8856
8348 8861
6448 8864
7022 8866
6355 8867
8130 8869
3843 8872
7303 8874
7686 8876
7719 8877
8528 8879
8368 8885
6227 8888
8024 8892
6107 8894
6613 8895
8296 8900
6765 8901
8646 8903
8787 8904
7517 8905
8623 8906
7678 8910
8082 8912
6650 8913
1828 8915
6579 8916
8921 8921
7335 8922
6923 8924
8626 8926
8927 8927
8928 8928
7846 8932
5468 8936
8053 8943
7225 8945
6044 8946
7063 8947
8948 8948
8591 8949
8122 8951
7154 8952
6703 8953
8884 8954
8958 8958
6166 8961
6381 8962
6067 8963
6325 8967
7252 8970
7100 8971
8974 8974
8977 8977
8483 8981
8729 8987
6016 8988
8989 8989
6265 8990
8276 8993
6475 8995
8990 8997
8783 8998
8781 8999
7167 9000
3197 9003
9004 9004
3835 9006
2278 9008
786 9009
1305 9012
5252 9015
9208 9016
9376 9017
9250 9019
9020 9020
9026 9026
3487 9030
8492 9031
9032 9032
9035 9035
9037 9037
9039 9039
9042 9042
7608 9045
9835 9046
5306 9047
2835 9050
2616 9054
3007 9057
676 9058
7813 9059
3199 9060
2375 9061
9063 9063
2732 9064
5284 9066
9067 9067
9425 9068
825 9071
9076 9076
4 9077
9079 9079
7947 9085
9088 9088
2754 9092
3094 9093
9205 9095
9097 9097
9764 9098
5229 9100
8375 9103
1837 9104
9376 9105
9520 9106
9107 9107
6433 9113
3318 9114
7064 9119
2740 9120
5026 9124
9125 9125
3860 9126
1912 9127
9566 9128
1566 9132
9133 9133
9135 9135
4701 9137
1895 9140
608 9141
7139 9143
9146 9146
1266 9147
5325 9151
2258 9152
1327 9154
2947 9155
9161 9161
130 9162
1182 9164
9167 9167
9169 9169
6456 9195
9196 9196
2907 9200
6296 9201
3951 9204
9205 9205
2956 9206
3261 9217
5793 9219
9222 9222
9323 9223
2992 9225
6166 9232
9236 9236
975 9239
4913 9240
4337 9245
4166 9250
9255 9252
2798 9253
9257 9257
9258 9258
9260 9260
5776 9261
1836 9262
2676 9264
9658 9265
2220 9267
9491 9272
9276 9276
9278 9278
4667 9282
3691 9284
9287 9287
9288 9288
711 9289
777 9291
1313 9292
3434 9295
9297 9297
4126 9308
9310 9310
9311 9311
9965 9314
1447 9317
1436 9318
9319 9319
9322 9322
3474 9324
587 9326
1090 9327
2819 9328
4017 9329
9444 9335
2775 9336
1000 9337
706 9338
9339 9339
9340 9340
9344 9344
9354 9354
9355 9355
7650 9357
7393 9358
3574 9361
4797 9364
458 9371
8122 9372
9376 9376
5213 9381
1880 9383
9389 9389
1253 9390
3359 9392
1893 9394
9305 9396
1837 9399
9552 9400
9403 9403
2197 9405
9406 9406
4667 9414
1433 9415
968 9420
8212 9422
6671 9426
9428 9428
221 9429
9433 9433
5123 9434
9436 9436
4328 9439
9440 9440
148 9441
3809 9442
4163 9443
3287 9444
5499 9445
3307 9446
2491 9447
9450 9450
4660 9456
3916 9458
9461 9461
9462 9462
2546 9463
9875 9468
9815 9470
9473 9473
9476 9476
5148 9479
3229 9481
9482 9482
8568 9484
9485 9485
5312 9490
637 9494
9710 9501
9592 9503
9077 9504
68 9506
9508 9508
9737 9510
1587 9513
7460 9514
9515 9515
9516 9516
1625 9519
9523 9523
645 9525
4198 9526
3197 9529
237 9532
1910 9540
4962 9541
4950 9543
9544 9544
9348 9553
9554 9554
5338 9555
1562 9558
9559 9559
9693 9560
9913 9563
676 9566
4064 9568
1023 9569
4222 9570
9579 9579
4159 9581
9592 9592
225 9595
1042 9597
9598 9598
1336 9600
6291 9601
9605 9605
1954 9606
9023 9610
9611 9611
2850 9612
1315 9619
9620 9620
9622 9622
2894 9625
9628 9628
790 9629
9635 9635
9672 9636
2318 9638
982 9639
5147 9640
9646 9646
545 9650
9487 9652
9655 9655
4273 9656
1193 9657
5157 9658
9659 9659
4852 9660
2416 9666
100 9668
1056 9669
9672 9672
3867 9675
2765 9676
1258 9681
9625 9686
858 9691
762 9692
3845 9698
2362 9701
7445 9705
9709 9709
5217 9710
5128 9711
241 9712
4505 9713
3127 9715
1358 9717
9720 9720
452 9723
9192 9728
9580 9729
6645 9730
759 9732
4473 9734
459 9736
4379 9743
3211 9744
5849 9753
9757 9757
1295 9758
1281 9759
9230 9760
614 9763
3696 9765
1234 9768
5019 9769
9589 9770
152 9771
2331 9773
3473 9776
9779 9779
9788 9788
8369 9791
5214 9793
2057 9795
749 9797
2536 9800
9801 9801
3468 9803
3246 9811
4667 9812
9413 9814
2159 9819
9733 9821
5061 9822
9823 9823
9826 9826
1388 9831
3345 9837
9233 9839
9840 9840
9842 9842
5094 9843
8793 9847
1869 9850
4747 9852
1901 9855
9321 9857
9858 9858
4578 9862
5002 9863
1950 9865
8195 9868
5972 9871
1834 9872
2264 9873
1234 9874
3741 9875
3920 9878
3128 9880
3152 9881
3515 9885
5070 9890
9284 9898
9899 9899
3021 9901
4355 9902
9908 9908
3821 9910
9911 9911
1369 9913
1946 9922
9923 9923
5329 9925
245 9928
3164 9932
2047 9933
2921 9934
610 9936
9942 9942
4948 9943
3617 9944
475 9947
8055 9951
388 9954
9956 9956
9962 9962
2715 9964
9967 9967
5233 9975
9976 9976
9978 9978
9663 9979
860 9984
3354 9985
1860 9986
9987 9987
1703 9988
41 9990
9991 9991
69 9992
9627 9996
384 10000
