1999 1999
15 15
140 140
246 246
138 138
2004 2004
2140 2140
2049 2049
113 113
10 10
2268 2268
245 245
2055 2055
1981 1981
2289 2289
191 191
192 192
2057 2057
2056 2056
2177 2177
2046 2046
2173 2173
2263 2263
111 111
45 45
409 409
2003 2003
2294 2294
407 407
408 408
294 294
36 36
2491 2491
23 23
2383 2383
430 430
2127 2127
27 27
26 26
65 65
63 63
328 328
242 242
292 292
2005 2005
51 51
29 29
3055 3055
17 17
2274 2274
54 54
2135 2135
70 70
3806 3806
64 64
81 81
1907 1907
3853 3853
82 82
2007 2007
2167 2167
3548 3548
337 337
3936 3936
3590 3590
92 92
94 94
44 44
35 35
3753 3753
2389 2389
410 410
2198 2198
3547 3547
2511 2511
100 100
189 189
347 347
6 6
76 76
2152 2152
129 129
193 193
2129 2129
2497 2497
130 130
155 155
2499 2499
2388 2388
3925 3925
87 87
275 275
439 439
2375 2375
3560 3560
2498 2498
227 227
2378 2378
3851 3851
3856 3856
2367 2367
3852 3852
1906 1906
3951 3951
3754 3754
2213 2213
356 356
6248 6248
3586 3586
3637 3637
2485 2485
326 326
3843 3843
2470 2470
340 340
311 311
3643 3643
3927 3927
2471 2471
3703 3703
126 126
3833 3833
2174 2174
3829 3829
3530 3530
3554 3554
3798 3798
1983 1983
3926 3926
315 315
2150 2150
344 344
3629 3629
3592 3592
351 351
3577 3577
428 428
128 128
2785 2785
2780 2780
6247 6247
432 432
312 312
109 109
343 343
3828 3828
325 325
2362 2362
3555 3555
6269 6269
3750 3750
2775 2775
2044 2044
2221 2221
342 342
2261 2261
3773 3773
2210 2210
123 123
7 7
2052 2052
3617 3617
124 124
2475 2475
3861 3861
2164 2164
327 327
2124 2124
3777 3777
2377 2377
3584 3584
456 456
3579 3579
3640 3640
122 122
3846 3846
228 228
2175 2175
3516 3516
2118 2118
2500 2500
2390 2390
104 104
2505 2505
2395 2395
2095 2095
3517 3517
62 62
3566 3566
3631 3631
2503 2503
2171 2171
229 229
3609 3609
3653 3653
3571 3571
4 4
2062 2062
2357 2357
2211 2211
2506 2506
2061 2061
2180 2180
5458 5458
3570 3570
2278 2278
118 118
2606 2606
2594 2594
2094 2094
2614 2614
382 382
2591 2591
3705 3705
2205 2205
2586 2586
2078 2078
147 147
3568 3568
2084 2084
2600 2600
3655 3655
2616 2616
295 295
1 1
5603 5603
2280 2280
61 61
2027 2027
2172 2172
5463 5463
2081 2081
2509 2509
3567 3567
2596 2596
2507 2507
5598 5598
1993 1993
5535 5535
5640 5640
2588 2588
2146 2146
2402 2402
5601 5601
381 381
2401 2401
5517 5517
2516 2516
2517 2517
5602 5602
2610 2610
5840 5840
2523 2523
5724 5724
2519 2519
5610 5610
2623 2623
135 135
2602 2602
5630 5630
3667 3667
376 376
2011 2011
5707 5707
5845 5845
3704 3704
2238 2238
2239 2239
282 282
5624 5624
2630 2630
5848 5848
363 363
133 133
158 158
2639 2639
3908 3908
2682 2682
2229 2229
3045 3045
172 172
5829 5829
2670 2670
3161 3161
2233 2233
5512 5512
2114 2114
2245 2245
448 448
2685 2685
2036 2036
2256 2256
401 401
2272 2272
504 504
299 299
1986 1986
2086 2086
203 203
174 174
2636 2636
220 220
2650 2650
2282 2282
2010 2010
5634 5634
2342 2342
5641 5641
2254 2254
205 205
2215 2215
5844 5844
2684 2684
2216 2216
395 395
3163 3163
2302 2302
374 374
2652 2652
2022 2022
258 258
2299 2299
2688 2688
2567 2567
360 360
396 396
3648 3648
2687 2687
2550 2550
468 468
2648 2648
2644 2644
200 200
2544 2544
296 296
2560 2560
5631 5631
5684 5684
2558 2558
2231 2231
206 206
2677 2677
5933 5933
273 273
3706 3706
5468 5468
2457 2457
581 581
5932 5932
2441 2441
2035 2035
180 180
5935 5935
2113 2113
2643 2643
5522 5522
6231 6231
2530 2530
2534 2534
2295 2295
134 134
478 478
3895 3895
2432 2432
518 518
5698 5698
2279 2279
387 387
3493 3493
2017 2017
2689 2689
5619 5619
5648 5648
560 560
1766 1766
2296 2296
5938 5938
178 178
5540 5540
2665 2665
558 558
544 544
583 583
576 576
492 492
5637 5637
489 489
561 561
530 530
5665 5665
2676 2676
2545 2545
2654 2654
550 550
2662 2662
519 519
6055 6055
179 179
6067 6067
5632 5632
503 503
3488 3488
2537 2537
367 367
199 199
2559 2559
2288 2288
3816 3816
2536 2536
578 578
2663 2663
529 529
2671 2671
537 537
466 466
368 368
546 546
2431 2431
6056 6056
255 255
5953 5953
4005 4005
5646 5646
498 498
153 153
553 553
542 542
545 545
5499 5499
2253 2253
2112 2112
164 164
2326 2326
533 533
5678 5678
333 333
5529 5529
5687 5687
225 225
6058 6058
2456 2456
5666 5666
2312 2312
2250 2250
2316 2316
3906 3906
2308 2308
512 512
2317 2317
516 516
2092 2092
5523 5523
2230 2230
6077 6077
6064 6064
482 482
6079 6079
3049 3049
5852 5852
3673 3673
2330 2330
6042 6042
540 540
5978 5978
5962 5962
5977 5977
521 521
2449 2449
2427 2427
2351 2351
5539 5539
2241 2241
3687 3687
5986 5986
182 182
2306 2306
2107 2107
2324 2324
464 464
5542 5542
5532 5532
5697 5697
2315 2315
3840 3840
538 538
3941 3941
2311 2311
2423 2423
539 539
5985 5985
2325 2325
2701 2701
6081 6081
2352 2352
2440 2440
5497 5497
2437 2437
552 552
2434 2434
5980 5980
2705 2705
6029 6029
2698 2698
5855 5855
4014 4014
285 285
5982 5982
3888 3888
3877 3877
5706 5706
2318 2318
2448 2448
4006 4006
5643 5643
2467 2467
3733 3733
2468 2468
5869 5869
3691 3691
5981 5981
2715 2715
5664 5664
3692 3692
6095 6095
3996 3996
163 163
6083 6083
6090 6090
4001 4001
3976 3976
2425 2425
6143 6143
5581 5581
3690 3690
4013 4013
2340 2340
6147 6147
3717 3717
2711 2711
1924 1924
2321 2321
5447 5447
6130 6130
5526 5526
2713 2713
3956 3956
2087 2087
5988 5988
5734 5734
5902 5902
2014 2014
2435 2435
4020 4020
3979 3979
4029 4029
5875 5875
208 208
5709 5709
5534 5534
3958 3958
2466 2466
3900 3900
4071 4071
3954 3954
4039 4039
3874 3874
6121 6121
4050 4050
3953 3953
4018 4018
5679 5679
2444 2444
4004 4004
4016 4016
2740 2740
2733 2733
5802 5802
5702 5702
6039 6039
5553 5553
3684 3684
4042 4042
4036 4036
4032 4032
5569 5569
3965 3965
3810 3810
5689 5689
3990 3990
5997 5997
5793 5793
5991 5991
6005 6005
6040 6040
5567 5567
5745 5745
1962 1962
5573 5573
6162 6162
3952 3952
5806 5806
5494 5494
3980 3980
3811 3811
5756 5756
3892 3892
2088 2088
5807 5807
210 210
6114 6114
5783 5783
5791 5791
5767 5767
5235 5235
6002 6002
6175 6175
5812 5812
6159 6159
6163 6163
5777 5777
5785 5785
6023 6023
4045 4045
6024 6024
5897 5897
3902 3902
3695 3695
217 217
5811 5811
6165 6165
5917 5917
3735 3735
5789 5789
2764 2764
5799 5799
5239 5239
6108 6108
5813 5813
214 214
5775 5775
2727 2727
1925 1925
3813 3813
3942 3942
211 211
441 441
3985 3985
399 399
5487 5487
2025 2025
5800 5800
5814 5814
1940 1940
5880 5880
2722 2722
1966 1966
1968 1968
1918 1918
6172 6172
2762 2762
1939 1939
271 271
1556 1556
5886 5886
1559 1559
302 302
1475 1475
2724 2724
1227 1227
5486 5486
2721 2721
1949 1949
2731 2731
879 879
1586 1586
5923 5923
3437 3437
6170 6170
1553 1553
1588 1588
2728 2728
1942 1942
1163 1163
5901 5901
2729 2729
1498 1498
5381 5381
1977 1977
2719 2719
1140 1140
5406 5406
1741 1741
215 215
1584 1584
1951 1951
4650 4650
5881 5881
5928 5928
1585 1585
5904 5904
1554 1554
4367 4367
5927 5927
5890 5890
5913 5913
1974 1974
880 880
1278 1278
1208 1208
391 391
252 252
1591 1591
3338 3338
1557 1557
1727 1727
1609 1609
1277 1277
1359 1359
1164 1164
4760 4760
1225 1225
1224 1224
1223 1223
881 881
5521 5521
1976 1976
4651 4651
3442 3442
1600 1600
400 400
1353 1353
1689 1689
3380 3380
652 652
6832 6832
3393 3393
3368 3368
598 598
3207 3207
4693 4693
1603 1603
1139 1139
425 425
1161 1161
6193 6193
1687 1687
6838 6838
3361 3361
936 936
601 601
3373 3373
4705 4705
3728 3728
3148 3148
3201 3201
3421 3421
5385 5385
6817 6817
3766 3766
3371 3371
5440 5440
1275 1275
3376 3376
669 669
6598 6598
3365 3365
5410 5410
6599 6599
599 599
1280 1280
6842 6842
6754 6754
1692 1692
1515 1515
1001 1001
1730 1730
6606 6606
3255 3255
3278 3278
3405 3405
6731 6731
3229 3229
1534 1534
6725 6725
3316 3316
3267 3267
3274 3274
6729 6729
1137 1137
6185 6185
3367 3367
1546 1546
3172 3172
1192 1192
929 929
253 253
1688 1688
2873 2873
3384 3384
5429 5429
6756 6756
3333 3333
3213 3213
6869 6869
5402 5402
6790 6790
5436 5436
1162 1162
3266 3266
6778 6778
3292 3292
3190 3190
6224 6224
4837 4837
942 942
1037 1037
3189 3189
6602 6602
1625 1625
4709 4709
3447 3447
5438 5438
5051 5051
6187 6187
6793 6793
6791 6791
6781 6781
3280 3280
3414 3414
1061 1061
6718 6718
3044 3044
632 632
1598 1598
6680 6680
5056 5056
6827 6827
6670 6670
3243 3243
6862 6862
6766 6766
3253 3253
3388 3388
6196 6196
6792 6792
6225 6225
3281 3281
829 829
6663 6663
6688 6688
3251 3251
2911 2911
6678 6678
995 995
1190 1190
4623 4623
6715 6715
1122 1122
1421 1421
570 570
6859 6859
6839 6839
6787 6787
831 831
6788 6788
720 720
3182 3182
6625 6625
6626 6626
3431 3431
1758 1758
1912 1912
6563 6563
1188 1188
1788 1788
1000 1000
3183 3183
3252 3252
2910 2910
2919 2919
3168 3168
6643 6643
1913 1913
887 887
3037 3037
933 933
3944 3944
587 587
1628 1628
6865 6865
830 830
384 384
677 677
721 721
3223 3223
6210 6210
3225 3225
3193 3193
943 943
6623 6623
3456 3456
996 996
6212 6212
3385 3385
3194 3194
1063 1063
6848 6848
6209 6209
6784 6784
5158 5158
6657 6657
6808 6808
6597 6597
5441 5441
801 801
1633 1633
1523 1523
1040 1040
615 615
1026 1026
5053 5053
846 846
1795 1795
705 705
3396 3396
5196 5196
1424 1424
3769 3769
3196 3196
3195 3195
1593 1593
927 927
2824 2824
6783 6783
3175 3175
6706 6706
6666 6666
1323 1323
3334 3334
6631 6631
1796 1796
1003 1003
802 802
586 586
912 912
3423 3423
1787 1787
997 997
678 678
937 937
6190 6190
845 845
6767 6767
798 798
3399 3399
5156 5156
1449 1449
4179 4179
1799 1799
1488 1488
1487 1487
3386 3386
6797 6797
1526 1526
3197 3197
3425 3425
3460 3460
1004 1004
1255 1255
1064 1064
6179 6179
3457 3457
3077 3077
1265 1265
1200 1200
1065 1065
1049 1049
1035 1035
1169 1169
6638 6638
1525 1525
3320 3320
5020 5020
1798 1798
6578 6578
1013 1013
2821 2821
6800 6800
1568 1568
1492 1492
3169 3169
2840 2840
2839 2839
2912 2912
3177 3177
1700 1700
1194 1194
1093 1093
1132 1132
5078 5078
988 988
1025 1025
3238 3238
6721 6721
1014 1014
6577 6577
5195 5195
5074 5074
1900 1900
1662 1662
1170 1170
2927 2927
815 815
3036 3036
1490 1490
3076 3076
822 822
2825 2825
4814 4814
3235 3235
4707 4707
6644 6644
1254 1254
6584 6584
6620 6620
3335 3335
1311 1311
3113 3113
1257 1257
1195 1195
1182 1182
6332 6332
3032 3032
621 621
3121 3121
5095 5095
3764 3764
1304 1304
1485 1485
6719 6719
1800 1800
1674 1674
3012 3012
1486 1486
4174 4174
4688 4688
1511 1511
1149 1149
6807 6807
2877 2877
5080 5080
1661 1661
1755 1755
1128 1128
2841 2841
1780 1780
4836 4836
3029 3029
1133 1133
1090 1090
986 986
1153 1153
1306 1306
4697 4697
3124 3124
1092 1092
2892 2892
1528 1528
4644 4644
1069 1069
1881 1881
1831 1831
3216 3216
6587 6587
1129 1129
4646 4646
3234 3234
5198 5198
1483 1483
1369 1369
1481 1481
6502 6502
3107 3107
3218 3218
3063 3063
5047 5047
1215 1215
3242 3242
911 911
3098 3098
1010 1010
1350 1350
869 869
1107 1107
1660 1660
1121 1121
1089 1089
4606 4606
177 177
808 808
1464 1464
5069 5069
726 726
3099 3099
805 805
2895 2895
1753 1753
855 855
2834 2834
2920 2920
2846 2846
3026 3026
5374 5374
4740 4740
1479 1479
1251 1251
1018 1018
4737 4737
2844 2844
4299 4299
4428 4428
3112 3112
1529 1529
1136 1136
1530 1530
613 613
6466 6466
2831 2831
987 987
981 981
1045 1045
1480 1480
3090 3090
1883 1883
1214 1214
3128 3128
1017 1017
1345 1345
594 594
2858 2858
5197 5197
4621 4621
2914 2914
1657 1657
610 610
1108 1108
3109 3109
3116 3116
1111 1111
1007 1007
919 919
1379 1379
2884 2884
3078 3078
2856 2856
2843 2843
1178 1178
1159 1159
857 857
6615 6615
1302 1302
3472 3472
864 864
1399 1399
993 993
1737 1737
1048 1048
901 901
767 767
3137 3137
5292 5292
1047 1047
2984 2984
3150 3150
2885 2885
1876 1876
1235 1235
955 955
249 249
1043 1043
3759 3759
932 932
3134 3134
1106 1106
1147 1147
2845 2845
2950 2950
1461 1461
823 823
3104 3104
2925 2925
1330 1330
891 891
3014 3014
4158 4158
5282 5282
6693 6693
4738 4738
843 843
4622 4622
1575 1575
1337 1337
3133 3133
3152 3152
4827 4827
766 766
781 781
2998 2998
6305 6305
1167 1167
968 968
5370 5370
1270 1270
923 923
4634 4634
1055 1055
1769 1769
1874 1874
788 788
1466 1466
871 871
1174 1174
1456 1456
1460 1460
2897 2897
4830 4830
3507 3507
776 776
6444 6444
2982 2982
2826 2826
412 412
861 861
6282 6282
3505 3505
4543 4543
973 973
1830 1830
5291 5291
3088 3088
903 903
4757 4757
1027 1027
1071 1071
6317 6317
905 905
1809 1809
6479 6479
4500 4500
4234 4234
818 818
1782 1782
6571 6571
5202 5202
5100 5100
5141 5141
3136 3136
897 897
1033 1033
5262 5262
3020 3020
4607 4607
1784 1784
3500 3500
1116 1116
902 902
4405 4405
2913 2913
4637 4637
4356 4356
4377 4377
6315 6315
5247 5247
860 860
924 924
6388 6388
839 839
4167 4167
1382 1382
6572 6572
6381 6381
4210 4210
6356 6356
1393 1393
4913 4913
848 848
4922 4922
4935 4935
904 904
6440 6440
1518 1518
882 882
1499 1499
4832 4832
693 693
6475 6475
2848 2848
5281 5281
944 944
1433 1433
1478 1478
4101 4101
4734 4734
1118 1118
1115 1115
1459 1459
952 952
1327 1327
4602 4602
974 974
836 836
1371 1371
4458 4458
4488 4488
4238 4238
2819 2819
4329 4329
3087 3087
5153 5153
4387 4387
4915 4915
3081 3081
4100 4100
4806 4806
723 723
4328 4328
4842 4842
1678 1678
4663 4663
4382 4382
1862 1862
4914 4914
4240 4240
6537 6537
884 884
4749 4749
4503 4503
5266 5266
1860 1860
4386 4386
847 847
3129 3129
1539 1539
2881 2881
4282 4282
6319 6319
4592 4592
4084 4084
4747 4747
6566 6566
4424 4424
4143 4143
6302 6302
4485 4485
5353 5353
851 851
1239 1239
4481 4481
5259 5259
1098 1098
957 957
4284 4284
644 644
2880 2880
4879 4879
4372 4372
4135 4135
4991 4991
5192 5192
1141 1141
4412 4412
4340 4340
4664 4664
4379 4379
4073 4073
4978 4978
4934 4934
5131 5131
4176 4176
5090 5090
5225 5225
5205 5205
4337 4337
4352 4352
6529 6529
4502 4502
6389 6389
4310 4310
4134 4134
4562 4562
4729 4729
4682 4682
4752 4752
4844 4844
4338 4338
4537 4537
978 978
4958 4958
6383 6383
4953 4953
4290 4290
4889 4889
5255 5255
4930 4930
4962 4962
6872 6872
4110 4110
4533 4533
1185 1185
4528 4528
4358 4358
783 783
4391 4391
875 875
2865 2865
4868 4868
3094 3094
4285 4285
6510 6510
6368 6368
6559 6559
6560 6560
4580 4580
1101 1101
4963 4963
4149 4149
4985 4985
4493 4493
6340 6340
6557 6557
4550 4550
4849 4849
4389 4389
4730 4730
873 873
4297 4297
1814 1814
4746 4746
5265 5265
4873 4873
764 764
4369 4369
1540 1540
2887 2887
4286 4286
4641 4641
4571 4571
4396 4396
4668 4668
1082 1082
1100 1100
6511 6511
6567 6567
4901 4901
4497 4497
4494 4494
6517 6517
4436 4436
5295 5295
4754 4754
4469 4469
4631 4631
4711 4711
4470 4470
4973 4973
4951 4951
6338 6338
4950 4950
4334 4334
6346 6346
6303 6303
4575 4575
4573 4573
4568 4568
4941 4941
4582 4582
4727 4727
4437 4437
1187 1187
947 947
6429 6429
4728 4728
4452 4452
4461 4461
4446 4446
4431 4431
4445 4445
4392 4392
4628 4628
4454 4454
4298 4298
4940 4940
5359 5334
