1 1
1933 2
944 3
4 4
6 6
7 7
10 10
5500 11
479 13
1238 14
15 15
1803 16
17 17
4229 22
23 23
42 25
26 26
27 27
29 29
414 34
35 35
36 36
1807 39
44 44
45 45
51 51
54 54
100 55
2749 56
4200 57
1623 60
61 61
62 62
63 63
64 64
65 65
70 70
76 76
477 77
2313 78
81 81
82 82
2743 84
2403 86
87 87
1558 88
460 89
1295 90
92 92
94 94
2211 98
620 99
100 100
5686 101
1595 102
2632 103
104 104
2625 105
108 108
109 109
111 111
113 113
2473 114
6008 115
118 118
119 119
122 122
123 123
124 124
794 125
126 126
1705 127
128 128
129 129
130 130
133 133
134 134
135 135
138 138
140 140
821 144
147 147
38 152
153 153
1077 154
155 155
82 157
158 158
2804 160
4636 162
163 163
164 164
2896 167
1609 168
2473 171
172 172
174 174
1609 175
177 177
178 178
179 179
180 180
1469 181
182 182
189 189
191 191
192 192
193 193
259 194
477 198
199 199
200 200
355 202
203 203
205 205
206 206
208 208
210 210
211 211
214 214
215 215
217 217
4889 218
220 220
2716 222
225 225
229 226
227 227
228 228
229 229
2860 231
2982 232
3340 233
242 242
1397 244
245 245
246 246
249 249
13 251
252 252
253 253
255 255
258 258
3012 259
2118 261
271 271
273 273
1954 274
275 275
2473 277
3134 278
282 282
2537 283
285 285
759 288
289 289
292 292
597 293
294 294
295 295
296 296
299 299
2120 301
302 302
2954 304
3400 308
311 311
312 312
844 313
396 314
315 315
1767 317
4961 318
320 320
321 321
322 322
323 323
325 325
326 326
327 327
328 328
333 333
200 335
337 337
340 340
2054 341
342 342
343 343
344 344
347 347
1273 350
351 351
2004 355
356 356
359 359
360 360
3119 361
363 363
3042 364
367 367
368 368
2294 372
374 374
375 375
376 376
381 377
1698 379
85 380
381 381
382 382
866 383
384 384
387 387
391 391
395 395
396 396
14 398
399 399
400 400
401 401
2738 402
5448 404
407 407
408 408
409 409
410 410
412 412
1735 413
1126 415
794 419
421 421
425 425
428 428
429 429
430 430
432 432
436 436
438 438
439 439
441 441
2473 444
448 448
450 450
1457 452
5054 455
456 456
1296 459
351 460
2079 461
2647 462
464 464
466 466
467 467
468 468
979 469
1639 471
472 472
1894 476
478 478
2330 479
1386 480
1209 481
482 482
5838 486
488 488
489 489
492 492
1038 493
494 494
2963 495
498 498
503 503
504 504
505 505
1013 506
507 507
3816 511
512 512
2232 515
516 516
518 518
519 519
521 521
2181 524
264 526
2399 528
529 529
530 530
794 532
533 533
537 537
538 538
539 539
540 540
542 542
1749 543
544 544
545 545
546 546
4894 549
550 550
552 552
553 553
6419 555
3842 557
558 558
560 560
561 561
460 565
1584 567
570 570
2473 575
576 576
578 578
581 581
583 583
2855 584
586 586
587 587
1112 591
651 592
593 593
594 594
598 598
599 599
601 601
602 602
603 603
6411 604
1426 606
6835 607
2777 608
610 610
613 613
615 615
437 617
2184 619
621 621
1410 624
1818 626
5500 627
2023 630
632 632
822 633
651 634
636 636
1364 637
2313 639
640 640
641 641
644 644
6089 647
648 648
650 650
652 652
1631 653
794 657
447 663
2290 664
1065 665
667 667
669 669
2169 670
672 672
674 674
2223 675
4198 676
677 677
678 678
1295 681
2464 685
2505 686
693 693
1629 695
696 696
699 699
700 700
705 705
2076 709
710 710
715 715
2346 718
2111 719
720 720
721 721
723 723
726 726
2743 727
730 730
732 732
2558 736
1436 737
739 739
741 741
5677 743
6744 746
2313 748
2743 751
334 752
754 754
758 758
759 759
760 760
764 764
766 766
767 767
770 770
771 771
2086 775
776 776
2746 778
529 779
781 781
532 782
783 783
784 784
786 786
788 788
2995 793
2237 795
121 797
798 798
1047 800
801 801
802 802
6242 803
805 805
808 808
815 815
392 816
818 818
819 819
1752 820
822 822
823 823
918 825
842 826
829 829
830 830
831 831
5637 835
836 836
839 839
1695 840
843 843
845 845
846 846
847 847
848 848
2120 850
851 851
4433 853
855 855
857 857
3685 858
1507 859
860 860
861 861
864 864
1330 868
869 869
871 871
873 873
875 875
2234 878
879 879
880 880
881 881
882 882
884 884
199 886
887 887
1386 889
891 891
5195 894
897 897
901 901
902 902
903 903
904 904
905 905
5758 906
911 911
912 912
2851 913
134 914
3560 916
5917 917
919 919
3119 920
641 921
923 923
924 924
927 927
929 929
932 932
933 933
5846 935
936 936
937 937
262 938
942 942
943 943
944 944
947 947
91 948
2473 951
952 952
973 953
955 955
957 957
1210 960
5769 961
968 968
842 971
241 972
973 973
974 974
978 978
1296 980
981 981
986 986
987 987
988 988
2354 989
5261 990
2473 992
993 993
995 995
996 996
997 997
1000 1000
1001 1001
3029 1002
1003 1003
1004 1004
1007 1007
2580 1008
1010 1010
2854 1011
1092 1012
1013 1013
1014 1014
1017 1017
1018 1018
907 1019
2982 1023
1025 1025
1026 1026
1027 1027
3907 1031
1033 1033
1035 1035
1037 1037
5733 1039
1040 1040
1043 1043
1045 1045
2249 1046
1047 1047
1048 1048
1049 1049
2473 1053
1055 1055
890 1058
1466 1059
1061 1061
667 1062
1063 1063
1064 1064
1065 1065
1069 1069
1071 1071
4200 1072
1728 1074
832 1076
1915 1081
1082 1082
2434 1083
6445 1084
3210 1087
1089 1089
1090 1090
1092 1092
1093 1093
1098 1098
1100 1100
1101 1101
1106 1106
1107 1107
1108 1108
1163 1110
1111 1111
1811 1112
1115 1115
1116 1116
6419 1117
1118 1118
960 1119
2253 1120
1121 1121
1122 1122
1260 1125
1905 1126
2805 1127
1128 1128
1129 1129
3156 1131
1132 1132
1133 1133
2534 1135
1136 1136
1137 1137
1139 1139
1140 1140
1141 1141
1147 1147
1149 1149
1616 1151
1153 1153
5515 1158
1159 1159
1161 1161
1162 1162
1163 1163
1164 1164
1167 1167
1169 1169
1170 1170
1408 1172
1195 1173
1174 1174
1916 1177
1178 1178
2755 1180
1182 1182
2749 1183
1185 1185
1187 1187
1188 1188
2322 1189
1190 1190
1192 1192
1194 1194
1195 1195
336 1196
2753 1197
1199 1199
1200 1200
170 1201
350 1206
1208 1208
5611 1209
1214 1214
1215 1215
2908 1218
1221 1221
2749 1222
1223 1223
1224 1224
1225 1225
1227 1227
355 1229
1330 1231
1235 1235
2639 1236
1767 1237
1766 1238
1239 1239
1240 1240
1241 1241
888 1245
2656 1248
5794 1250
1251 1251
2641 1252
1254 1254
1255 1255
1257 1257
1258 1258
1261 1261
1035 1264
1265 1265
291 1267
1270 1270
2991 1271
1099 1274
1275 1275
1051 1276
1277 1277
1278 1278
1280 1280
2951 1281
2565 1283
1292 1292
1293 1293
3742 1294
2060 1295
2127 1298
1299 1299
1302 1302
1304 1304
1306 1306
1311 1311
1434 1312
1323 1323
735 1324
203 1326
1327 1327
5799 1329
1330 1330
1507 1333
1337 1337
1521 1339
4100 1340
56 1341
1342 1342
1345 1345
848 1346
205 1349
1350 1350
5397 1351
1353 1353
1355 1355
1356 1356
1357 1357
1358 1358
1359 1359
1614 1360
3095 1364
437 1367
1369 1369
4784 1370
1371 1371
2441 1372
1335 1374
3708 1377
1379 1379
3030 1380
1382 1382
18 1383
5277 1384
1386 1386
1387 1387
1390 1390
63 1391
1393 1393
1395 1395
1396 1396
1399 1399
651 1401
1402 1402
1182 1408
1409 1409
1411 1411
1414 1414
1416 1416
1417 1417
1418 1418
1419 1419
1421 1421
3119 1423
1424 1424
4206 1425
4100 1426
1288 1431
2743 1432
1433 1433
1434 1434
2534 1438
2404 1440
2473 1443
1517 1444
1918 1445
2473 1446
1449 1449
2612 1450
3044 1451
340 1454
1456 1456
1954 1457
1459 1459
1460 1460
1461 1461
1464 1464
2175 1465
1466 1466
68 1471
2743 1473
578 1474
1475 1475
1478 1478
1479 1479
1480 1480
1481 1481
1483 1483
1485 1485
1486 1486
1487 1487
1488 1488
2781 1489
1490 1490
1492 1492
479 1493
2030 1496
1498 1498
1499 1499
1436 1504
1505 1505
1506 1506
686 1508
1203 1510
1511 1511
3623 1513
1514 1514
1515 1515
1518 1518
3355 1519
2743 1520
1523 1523
1525 1525
1526 1526
1528 1528
1529 1529
1530 1530
1534 1534
1535 1535
1537 1537
1538 1538
1539 1539
1540 1540
1541 1541
1542 1542
1545 1545
1546 1546
3654 1551
1553 1553
1554 1554
1556 1556
1557 1557
1559 1559
5099 1560
1564 1564
1742 1565
6228 1566
1567 1567
1568 1568
2949 1570
1572 1572
1573 1573
1575 1575
1576 1576
118 1578
1579 1579
2702 1580
2242 1582
1584 1584
1585 1585
1586 1586
1588 1588
5213 1589
1591 1591
1017 1592
1593 1593
2048 1594
1415 1596
2374 1597
1598 1598
1600 1600
3840 1601
1603 1603
1608 1608
1609 1609
1614 1614
1010 1616
1619 1619
1129 1620
536 1622
1625 1625
1627 1627
1628 1628
562 1630
5604 1631
1633 1633
86 1636
1637 1637
1638 1638
116 1640
3491 1641
3119 1642
1420 1644
1646 1646
1647 1647
1649 1649
1652 1652
1653 1653
4324 1654
4100 1656
1657 1657
1660 1660
1661 1661
1662 1662
1663 1663
1092 1666
1669 1669
1670 1670
1673 1673
1674 1674
1678 1678
1616 1679
2062 1681
2825 1682
1683 1683
1684 1684
1687 1687
1688 1688
1689 1689
140 1690
1692 1692
1618 1695
2743 1698
1699 1699
1700 1700
1703 1703
1704 1704
1243 1706
1707 1707
1708 1708
1709 1709
1710 1710
1711 1711
1712 1712
918 1716
1717 1717
2761 1718
386 1719
5300 1722
1727 1727
2466 1728
2963 1729
1730 1730
95 1733
2331 1734
1735 1735
1737 1737
1738 1738
796 1739
453 1740
1741 1741
1746 1746
1748 1748
1749 1749
1753 1753
1755 1755
1758 1758
1759 1759
1761 1761
1766 1766
1769 1769
565 1770
1774 1774
2291 1775
1778 1778
1780 1780
1782 1782
503 1783
1784 1784
1787 1787
1788 1788
2137 1793
1795 1795
1796 1796
1798 1798
1799 1799
1800 1800
1614 1803
1392 1806
1809 1809
1849 1811
1813 1813
1814 1814
794 1822
2172 1825
1826 1826
2402 1828
1830 1830
1831 1831
1833 1833
6744 1836
1838 1838
2399 1842
1843 1843
484 1845
1850 1850
443 1852
1339 1853
1854 1854
1855 1855
1856 1856
1837 1857
1860 1860
17 1861
1862 1862
1863 1863
1864 1864
918 1866
1867 1867
656 1868
1870 1870
3200 1871
1874 1874
1876 1876
65 1878
1881 1881
1883 1883
1883 1884
1886 1886
730 1888
2785 1890
529 1895
1896 1896
1897 1897
1898 1898
1900 1900
4715 1901
1904 1904
1906 1906
1907 1907
1484 1909
1912 1912
1913 1913
1914 1914
1916 1916
1918 1918
6577 1922
1924 1924
1925 1925
1927 1927
1928 1928
2525 1929
85 1932
1934 1934
1937 1937
1938 1938
1939 1939
1940 1940
1117 1941
1942 1942
1012 1943
1460 1944
6040 1946
1949 1949
1951 1951
4229 1953
2649 1957
1958 1958
1813 1961
1962 1962
2257 1964
1966 1966
1968 1968
4375 1970
2473 1971
1972 1972
1974 1974
1976 1976
1977 1977
1066 1980
1981 1981
2399 1982
1983 1983
1986 1986
2441 1987
2199 1992
1993 1993
1233 1997
1999 1999
2003 2003
2004 2004
2005 2005
2007 2007
5493 2009
2010 2010
2011 2011
2012 2012
2014 2014
2017 2017
2018 2018
2022 2022
2025 2025
2027 2027
1862 2029
832 2033
238 2034
2035 2035
2036 2036
1755 2039
3205 2042
2044 2044
2046 2046
2049 2049
2052 2052
2055 2055
2056 2056
2057 2057
2374 2058
2061 2061
2062 2062
3823 2067
1076 2071
116 2077
2078 2078
3204 2080
2081 2081
2084 2084
2086 2086
2087 2087
2088 2088
2089 2089
2092 2092
2094 2094
2095 2095
955 2096
1035 2097
2099 2099
2101 2101
2104 2104
2107 2107
2109 2109
2120 2111
2112 2112
2113 2113
2114 2114
6332 2117
2118 2118
3014 2120
2949 2122
2124 2124
2127 2127
2129 2129
1818 2131
957 2132
2135 2135
83 2137
1818 2138
2140 2140
2344 2142
2146 2146
123 2147
2150 2150
2152 2152
85 2163
2164 2164
5909 2166
2167 2167
1849 2169
2171 2171
2172 2172
2173 2173
2174 2174
2175 2175
1767 2176
2177 2177
608 2178
2180 2180
4168 2183
2118 2184
6 2186
396 2193
2198 2198
2473 2201
4715 2203
1167 2204
2205 2205
872 2209
2210 2210
2211 2211
1924 2212
2213 2213
2534 2214
2215 2215
2216 2216
2473 2217
1578 2220
2221 2221
2229 2229
2230 2230
2231 2231
1174 2232
2233 2233
2313 2237
2238 2238
2239 2239
874 2240
2241 2241
2243 2243
2245 2245
585 2246
2250 2250
2253 2253
2254 2254
2256 2256
2311 2260
2261 2261
2743 2262
2263 2263
6072 2267
2268 2268
1899 2269
2272 2272
2274 2274
2278 2278
2279 2279
2280 2280
2282 2282
2286 2286
972 2287
2288 2288
2289 2289
28 2291
1245 2292
2294 2294
2295 2295
2296 2296
2299 2299
1069 2300
2473 2301
2302 2302
1057 2304
2306 2306
2308 2308
2311 2311
2312 2312
4414 2314
2315 2315
2316 2316
2317 2317
2318 2318
4418 2319
2321 2321
6195 2322
2399 2323
2324 2324
2325 2325
2326 2326
1039 2327
2330 2330
1466 2338
2340 2340
2342 2342
851 2344
2351 2351
2352 2352
2357 2357
3629 2361
2362 2362
2367 2367
356 2372
2375 2375
2377 2377
2378 2378
1885 2381
2383 2383
2388 2388
2389 2389
2390 2390
2821 2391
2304 2392
2395 2395
4756 2397
142 2398
2015 2399
2401 2401
2402 2402
17 2403
386 2404
2170 2405
458 2414
6190 2415
403 2418
1269 2420
3363 2421
2390 2422
2423 2423
2425 2425
2427 2427
2431 2431
2432 2432
2434 2434
2435 2435
2437 2437
1203 2439
2440 2440
2441 2441
2963 2442
2135 2443
2444 2444
2448 2448
2449 2449
1450 2450
2456 2456
2457 2457
259 2462
1330 2465
2466 2466
2467 2467
2468 2468
2470 2470
2471 2471
6845 2474
2475 2475
1178 2476
2454 2478
5704 2480
77 2484
2485 2485
2781 2489
2491 2491
6571 2492
2497 2497
2498 2498
2499 2499
2500 2500
2503 2503
84 2504
2505 2505
2506 2506
2507 2507
354 2508
2509 2509
2511 2511
2516 2516
2517 2517
1507 2518
2519 2519
2523 2523
6411 2525
2510 2528
2530 2530
699 2531
1791 2532
2534 2534
2536 2536
2537 2537
891 2538
6587 2541
1994 2542
2544 2544
2545 2545
235 2548
3105 2549
2550 2550
956 2551
1312 2553
2510 2556
2558 2558
2559 2559
2560 2560
2741 2561
2567 2567
1900 2568
776 2572
208 2575
1269 2577
793 2578
2417 2580
540 2582
3235 2585
2586 2586
1981 2587
2588 2588
2591 2591
2399 2592
4310 2593
2594 2594
2596 2596
2600 2600
2602 2602
2023 2603
2606 2606
2610 2610
4461 2612
2614 2614
2616 2616
2399 2618
1393 2622
2623 2623
1109 2628
2630 2630
4172 2632
2636 2636
6817 2638
2639 2639
2643 2643
2644 2644
2434 2645
2648 2648
2650 2650
2652 2652
1727 2653
2654 2654
1469 2656
1866 2660
2662 2662
2663 2663
5853 2664
2665 2665
1367 2667
2670 2670
2671 2671
2676 2676
2677 2677
1558 2679
2682 2682
2684 2684
2685 2685
2687 2687
2688 2688
2689 2689
2911 2691
2825 2693
2698 2698
2701 2701
213 2702
2705 2705
1319 2706
1149 2708
796 2709
4109 2710
2711 2711
2713 2713
2164 2714
2715 2715
5213 2717
2718 2718
2719 2719
1269 2720
2721 2721
2722 2722
2724 2724
2727 2727
2728 2728
2729 2729
2731 2731
2733 2733
2809 2735
2740 2740
380 2746
1195 2749
1461 2752
874 2753
413 2754
4200 2757
970 2760
2762 2762
2764 2764
981 2765
1441 2769
5357 2771
2775 2775
650 2778
2779 2779
2780 2780
2783 2783
2785 2785
246 2786
2035 2791
2743 2792
2793 2793
4153 2794
2795 2795
2797 2797
2798 2798
2799 2799
2801 2801
589 2802
2107 2803
1676 2804
2807 2807
1357 2809
2811 2811
1853 2814
2815 2815
2817 2817
2818 2818
2819 2819
605 2820
2821 2821
5079 2822
2824 2824
2825 2825
2826 2826
529 2827
2831 2831
5127 2832
2834 2834
1588 2837
2037 2838
2839 2839
2840 2840
2841 2841
2843 2843
2844 2844
2845 2845
2846 2846
458 2847
2848 2848
1165 2849
2853 2853
2855 2855
2856 2856
2473 2857
2858 2858
2859 2859
656 2861
2862 2862
2863 2863
961 2864
2865 2865
2866 2866
2868 2868
1807 2870
2873 2873
2650 2874
2877 2877
411 2878
2753 2879
2880 2880
2881 2881
2884 2884
2885 2885
2887 2887
2890 2890
2892 2892
2895 2895
2897 2897
2899 2899
2903 2903
3683 2904
2905 2905
2907 2907
1693 2909
2910 2910
2911 2911
2912 2912
2913 2913
2914 2914
1565 2918
2919 2919
2920 2920
1014 2921
544 2923
2925 2925
2927 2927
2525 2930
2932 2932
6886 2935
1309 2938
2155 2939
2941 2941
2942 2942
165 2943
2945 2945
2949 2949
2950 2950
2955 2955
2062 2958
616 2959
2869 2962
2963 2963
890 2964
656 2966
2967 2967
2969 2969
1957 2970
2107 2972
2977 2977
467 2979
2980 2980
2982 2982
1203 2983
2984 2984
2986 2986
2103 2988
2989 2989
3000 2992
2515 2993
2994 2994
2998 2998
3000 3000
3001 3001
3003 3003
3004 3004
3006 3006
334 3009
3012 3012
3014 3014
3020 3020
2120 3021
5496 3024
3026 3026
1523 3028
3029 3029
1954 3030
3032 3032
475 3035
3036 3036
3037 3037
1455 3039
3044 3044
3045 3045
1272 3047
2117 3048
3049 3049
27 3051
5637 3052
5624 3053
3055 3055
419 3056
911 3058
17 3062
3063 3063
3064 3064
3067 3067
2580 3070
2641 3071
1598 3073
2484 3074
3076 3076
3077 3077
3078 3078
700 3079
3081 3081
4098 3082
834 3084
1768 3086
3087 3087
3088 3088
3090 3090
5913 3093
3094 3094
4694 3097
3098 3098
3099 3099
460 3101
3104 3104
1970 3105
3107 3107
3109 3109
3112 3112
3113 3113
3833 3114
1096 3115
3116 3116
1623 3117
2135 3118
3121 3121
2743 3123
3124 3124
2294 3125
3837 3127
3128 3128
3129 3129
1264 3131
3133 3133
3134 3134
1035 3135
3136 3136
3137 3137
1949 3139
2085 3141
1133 3142
381 3143
3148 3148
3150 3150
656 3151
3152 3152
1728 3158
1007 3159
3161 3161
3163 3163
6008 3166
3168 3168
3169 3169
3171 3171
3172 3172
3175 3175
832 3176
3177 3177
1969 3179
3182 3182
3183 3183
1463 3184
4200 3187
3189 3189
3190 3190
3193 3193
3194 3194
3195 3195
3196 3196
3197 3197
5493 3198
3201 3201
2126 3203
3207 3207
3213 3213
3216 3216
3218 3218
3407 3219
5994 3220
5913 3221
3223 3223
3225 3225
4575 3228
3229 3229
4843 3230
3234 3234
3235 3235
3238 3238
5608 3239
3242 3242
3243 3243
4697 3244
6590 3248
4294 3249
5794 3250
3251 3251
3252 3252
3253 3253
4705 3254
3255 3255
6684 3258
6008 3259
6675 3263
4766 3265
3266 3266
3267 3267
3264 3272
3274 3274
3344 3275
3743 3277
3278 3278
3280 3280
3281 3281
6663 3283
4352 3284
6320 3285
6525 3288
6242 3289
4307 3290
3292 3292
4992 3294
5505 3296
3457 3298
6076 3299
4085 3301
6590 3306
4547 3307
5374 3314
3316 3316
4166 3317
3320 3320
3943 3323
4184 3324
4018 3325
5938 3326
6836 3328
6243 3330
5470 3332
3333 3333
3334 3334
3335 3335
3338 3338
3235 3343
5397 3344
4540 3345
4672 3346
6855 3347
5073 3349
6590 3351
4109 3353
5570 3355
3590 3360
3361 3361
6665 3364
3365 3365
4280 3366
3367 3367
3368 3368
3371 3371
3373 3373
5768 3374
3376 3376
5851 3377
3380 3380
6576 3382
6269 3383
3384 3384
3385 3385
3386 3386
3388 3388
5550 3389
4022 3392
3393 3393
3239 3394
3396 3396
3399 3399
4018 3400
3758 3401
4164 3402
5503 3404
3405 3405
4798 3408
4843 3409
4495 3413
3414 3414
4200 3415
6835 3418
3421 3421
3423 3423
4315 3424
3425 3425
6590 3426
3431 3431
4580 3436
3437 3437
4182 3438
4076 3439
3764 3440
3442 3442
5986 3445
3447 3447
3456 3456
3457 3457
5629 3458
5498 3459
3460 3460
6055 3462
4496 3463
3742 3469
4200 3470
4164 3471
3472 3472
3345 3473
6249 3477
6418 3479
4504 3483
4345 3484
3488 3488
3493 3493
3495 3495
3500 3500
5825 3503
3505 3505
3507 3507
3640 3509
4410 3510
3304 3513
3587 3514
3587 3515
3516 3516
3517 3517
6236 3521
3265 3522
4364 3525
5832 3526
5307 3527
5485 3528
3530 3530
4675 3531
3895 3533
6110 3537
4758 3538
5397 3539
5953 3540
4520 3542
6209 3543
3298 3545
3547 3547
3548 3548
743 3549
6372 3551
4519 3553
3554 3554
3555 3555
4531 3557
3560 3560
5200 3561
5881 3562
3566 3566
3567 3567
3568 3568
3570 3570
3571 3571
4792 3572
5698 3575
3577 3577
3579 3579
5279 3580
3584 3584
3958 3585
3586 3586
3263 3587
3590 3590
3592 3592
4715 3594
3958 3595
4489 3596
5825 3597
6444 3601
3969 3602
4033 3604
3431 3606
3609 3609
4964 3611
4345 3614
5058 3616
3617 3617
4749 3618
3431 3620
5336 3621
3742 3627
3629 3629
3631 3631
3633 3633
5837 3634
4964 3636
3637 3637
3638 3638
3640 3640
3420 3642
3643 3643
4188 3644
5068 3646
3444 3647
3648 3648
6067 3650
5497 3651
3570 3652
3653 3653
3655 3655
5554 3661
5919 3664
6555 3665
3667 3667
4496 3668
3650 3670
4827 3672
3673 3673
6530 3674
6177 3676
4234 3678
6594 3681
5608 3682
4892 3683
3684 3684
5764 3685
3687 3687
5297 3689
3690 3690
3691 3691
3692 3692
3695 3695
4758 3698
3240 3700
4181 3701
4328 3702
3703 3703
3704 3704
3705 3705
3706 3706
4131 3707
4402 3710
3917 3711
3545 3713
3717 3717
3723 3723
4990 3724
3548 3727
3728 3728
3733 3733
6305 3734
3735 3735
6501 3736
5476 3737
5132 3738
6559 3739
4184 3741
3277 3743
4240 3744
6109 3746
6838 3747
6419 3748
3750 3750
3753 3753
3754 3754
3759 3759
3764 3764
3766 3766
4004 3767
5570 3768
3769 3769
3634 3771
5748 3772
3773 3773
3749 3774
3742 3775
3777 3777
6865 3782
6229 3787
6431 3788
4717 3790
4565 3791
6564 3792
3684 3796
5984 3797
3798 3798
4081 3800
4761 3801
6738 3803
5608 3804
3806 3806
6749 3807
4708 3808
6127 3809
3810 3810
3811 3811
3813 3813
5868 3815
3816 3816
6334 3818
3742 3820
3821 3821
3824 3824
6553 3827
3828 3828
3829 3829
4715 3830
3833 3833
4040 3834
4164 3835
6044 3838
3840 3840
4303 3841
3843 3843
3846 3846
6597 3847
4978 3850
3851 3851
3852 3852
3853 3853
3985 3854
3856 3856
4369 3859
3861 3861
3940 3865
5073 3868
4623 3869
5624 3870
6769 3873
3874 3874
6859 3876
3877 3877
2816 3880
3884 3884
4029 3886
5983 3887
3888 3888
3892 3892
4845 3893
3895 3895
3900 3900
5673 3901
3902 3902
3906 3906
3908 3908
6084 3910
4964 3911
4077 3917
5137 3921
3925 3925
3926 3926
3927 3927
6369 3928
4188 3930
3932 3932
6033 3933
3936 3936
5529 3940
3941 3941
3942 3942
3943 3943
3944 3944
6228 3946
4412 3947
6057 3948
3951 3951
3952 3952
3953 3953
3954 3954
3956 3956
3958 3958
5002 3960
3962 3962
5600 3963
5928 3964
3965 3965
4010 3969
5698 3971
6044 3972
4204 3973
3975 3975
3976 3976
4856 3978
3979 3979
3980 3980
4269 3981
5405 3983
3364 3984
3985 3985
4399 3987
3676 3989
3990 3990
4425 3991
4200 3993
3996 3996
6008 3998
5629 3999
4109 4000
4001 4001
5913 4002
4004 4004
4005 4005
4006 4006
3688 4007
5519 4010
6181 4011
4013 4013
4014 4014
6437 4015
4016 4016
4018 4018
4020 4020
5443 4021
6188 4024
5478 4027
4029 4029
4032 4032
4036 4036
4019 4037
4039 4039
4042 4042
6156 4043
5589 4044
4045 4045
4048 4048
4050 4050
4490 4052
4054 4054
3572 4055
4345 4057
5087 4064
4964 4065
3508 4067
4489 4069
5508 4070
4071 4071
6204 4072
4073 4073
5478 4075
4286 4077
4084 4084
3739 4087
6401 4089
4091 4091
4092 4092
6249 4094
4096 4096
3408 4097
4100 4100
4101 4101
4717 4102
6662 4107
6610 4108
4110 4110
6766 4111
5493 4112
6176 4113
5949 4114
4169 4115
5496 4116
5364 4120
4123 4123
4126 4126
4127 4127
4131 4131
3544 4132
4134 4134
4135 4135
4250 4136
5145 4137
5127 4138
4143 4143
5500 4144
4119 4148
4149 4149
4109 4151
4997 4153
4155 4155
4849 4157
4158 4158
3798 4160
4161 4161
3873 4162
3841 4165
4167 4167
4168 4168
6242 4169
4174 4174
4176 4176
4179 4179
4132 4180
239 4184
4186 4186
3903 4189
4113 4190
4655 4191
4192 4192
3578 4193
6441 4194
4198 4198
4201 4201
5987 4202
5020 4203
4206 4206
5319 4208
4210 4210
3801 4213
6415 4215
6620 4217
5127 4219
6598 4224
3964 4225
4226 4226
5525 4227
6555 4228
4230 4230
4234 4234
4238 4238
3557 4239
4240 4240
4241 4241
6617 4242
4244 4244
5500 4245
4683 4247
4248 4248
4940 4251
4200 4253
6662 4254
4526 4255
4258 4258
6188 4259
4715 4261
3644 4264
6555 4266
4267 4267
4464 4269
3287 4270
4758 4272
6071 4275
5615 4276
4277 4277
4735 4281
4282 4282
6114 4283
4284 4284
4285 4285
4286 4286
5542 4287
4290 4290
5035 4293
6488 4295
4003 4296
4297 4297
4298 4298
4299 4299
5714 4304
5969 4305
4306 4306
4548 4308
6008 4309
4310 4310
3584 4311
3345 4313
5096 4314
6125 4315
3742 4318
4049 4324
3609 4326
4328 4328
4329 4329
4620 4330
4516 4332
6161 4333
4334 4334
3765 4336
4337 4337
4338 4338
4340 4340
4758 4341
6280 4343
5305 4346
4352 4352
3773 4354
5585 4355
4356 4356
4358 4358
6159 4361
6715 4363
5127 4364
4403 4365
4367 4367
4369 4369
6596 4371
4372 4372
6838 4373
4728 4375
4377 4377
3478 4378
4379 4379
4382 4382
4386 4386
4387 4387
4389 4389
3557 4390
4391 4391
4392 4392
4017 4393
4396 4396
5698 4397
4187 4403
4405 4405
5788 4411
4412 4412
5747 4415
4417 4417
6228 4421
4993 4422
4424 4424
3914 4427
4428 4428
4758 4429
4431 4431
3853 4433
3540 4435
4436 4436
4437 4437
6076 4439
6564 4440
5568 4441
5732 4442
4445 4445
4446 4446
5624 4449
4452 4452
4454 4454
1747 4455
3220 4456
4758 4457
4458 4458
4461 4461
3847 4463
4013 4468
4469 4469
4470 4470
5480 4473
6845 4475
5579 4478
3583 4480
4481 4481
4485 4485
4488 4488
3222 4491
4493 4493
4494 4494
6860 4495
4497 4497
5913 4499
4500 4500
5698 4501
4502 4502
4503 4503
5067 4506
4233 4508
6881 4509
6459 4515
6168 4516
4707 4521
3291 4524
3942 4525
4528 4528
3262 4531
4533 4533
4537 4537
6590 4539
4543 4543
5303 4545
3219 4548
5913 4549
4550 4550
5397 4551
4186 4552
3363 4556
4562 4562
3304 4567
4568 4568
1039 4569
5397 4570
4571 4571
4002 4572
4573 4573
6008 4574
4575 4575
4622 4577
4580 4580
4217 4581
4582 4582
6372 4583
6489 4586
5244 4588
4662 4589
5394 4591
4592 4592
6368 4593
6765 4598
1694 4599
5846 4600
4602 4602
4924 4605
4606 4606
4607 4607
5127 4610
5994 4612
5426 4613
5394 4616
4201 4618
3790 4620
4621 4621
4622 4622
4623 4623
6249 4624
6415 4627
4628 4628
3676 4629
4631 4631
5681 4632
3917 4633
4634 4634
4637 4637
5729 4638
6618 4640
4641 4641
6553 4642
4715 4643
4644 4644
4646 4646
6553 4647
5488 4648
4650 4650
4651 4651
5651 4653
3478 4660
4663 4663
4664 4664
4668 4668
6729 4673
5368 4675
4149 4677
3256 4678
4682 4682
6002 4684
4685 4685
4688 4688
5535 4689
5913 4691
4693 4693
5322 4694
4697 4697
3235 4700
5316 4701
239 4703
6320 4704
4705 4705
4707 4707
4709 4709
4711 4711
4770 4712
3584 4713
4762 4716
3282 4717
3696 4718
5612 4719
4725 4725
4727 4727
4728 4728
4729 4729
4730 4730
4362 4731
4734 4734
3723 4735
3593 4736
4737 4737
4738 4738
4740 4740
4691 4741
4758 4742
4744 4744
5397 4745
4746 4746
4747 4747
4749 4749
5039 4751
4752 4752
6555 4753
4754 4754
3590 4755
4756 4756
4757 4757
4760 4760
3944 4762
4763 4763
6413 4767
5842 4769
3478 4772
3870 4776
5616 4780
6590 4781
5748 4788
6242 4791
6564 4796
4797 4797
5442 4798
4799 4799
4003 4801
3942 4802
4233 4803
4806 4806
2207 4807
5883 4810
6228 4811
4814 4814
3801 4815
4816 4816
5168 4820
3878 4822
4827 4827
6295 4828
5307 4829
4830 4830
4831 4831
4832 4832
4836 4836
4837 4837
3654 4838
5579 4839
3509 4841
4842 4842
4735 4843
4844 4844
3361 4845
4849 4849
3587 4852
5742 4853
4854 4854
4675 4855
4997 4856
4858 4858
4580 4859
4098 4862
6523 4864
5913 4866
4868 4868
4345 4870
4873 4873
6368 4874
5394 4877
4879 4879
5493 4882
5568 4884
4889 4889
3466 4891
4892 4892
6689 4893
4726 4895
6501 4896
3911 4897
5083 4899
4901 4901
6156 4904
4905 4905
3964 4906
4907 4907
5651 4909
6271 4911
4912 4912
4913 4913
4914 4914
4915 4915
4916 4916
3885 4917
4918 4918
6173 4919
4418 4920
3746 4921
4922 4922
6698 4924
3427 4927
5322 4928
4930 4930
5579 4932
5367 4933
4934 4934
4935 4935
5483 4936
3582 4939
4940 4940
4941 4941
4114 4943
6886 4945
3907 4947
4164 4949
4950 4950
4951 4951
4953 4953
4956 4956
4958 4958
6732 4960
4962 4962
4963 4963
3478 4964
5981 4966
5124 4968
4973 4973
6417 4974
4978 4978
6329 4980
4982 4982
5846 4983
4985 4985
4392 4987
4200 4988
4991 4991
5477 4993
4018 4997
5698 4998
6594 5000
5007 5007
3649 5008
5009 5009
5225 5012
4200 5014
4860 5018
5020 5020
3364 5025
5430 5026
5333 5028
6553 5030
6311 5032
4761 5033
6525 5034
5704 5035
6850 5040
5041 5041
5913 5042
4200 5043
6832 5045
6594 5046
5047 5047
3742 5048
5051 5051
3680 5052
5053 5053
5056 5056
3621 5057
6689 5058
5397 5063
5469 5065
3444 5067
6177 5068
5069 5069
4801 5071
6838 5073
5074 5074
6330 5076
6471 5077
5078 5078
5080 5080
2614 5083
5736 5084
4200 5085
4658 5086
6886 5087
4843 5088
5089 5089
5090 5090
6418 5091
3764 5093
4081 5094
5095 5095
5914 5099
5100 5100
5101 5101
5127 5103
4371 5106
4821 5107
6228 5111
3905 5112
5113 5113
5116 5116
5117 5117
5106 5119
4807 5120
4249 5121
6835 5123
5124 5124
5125 5125
6838 5126
5128 5128
5159 5129
5130 5130
5131 5131
5078 5132
5279 5135
5698 5137
5138 5138
5141 5141
4475 5143
5144 5144
5145 5145
3269 5146
5153 5153
5156 5156
4015 5157
5158 5158
6744 5159
4004 5160
6234 5161
5710 5162
5163 5163
5166 5166
5168 5168
4792 5169
4351 5170
6008 5173
5174 5174
5325 5175
6418 5176
4394 5177
5179 5179
3473 5181
5488 5184
5186 5186
5276 5187
5188 5188
6605 5189
5192 5192
6023 5193
4581 5194
5195 5195
5196 5196
5197 5197
5198 5198
3685 5201
5202 5202
3662 5203
5205 5205
3642 5206
5547 5208
5215 5215
4191 5216
4109 5217
5220 5220
3742 5224
5225 5225
6849 5226
3739 5233
3267 5234
5235 5235
3304 5238
5239 5239
5393 5241
4200 5242
5247 5247
4052 5248
6145 5249
5047 5250
5053 5251
3941 5252
4717 5254
5255 5255
6855 5256
5259 5259
6555 5260
5262 5262
4344 5264
5265 5265
5266 5266
3831 5267
3265 5268
5269 5269
3550 5275
4100 5276
4663 5279
5281 5281
5282 5282
3907 5285
5291 5291
5292 5292
5295 5295
3453 5296
5297 5297
5298 5298
4296 5299
6410 5302
5303 5303
5304 5304
4296 5308
6776 5309
3262 5310
6331 5311
3820 5313
5314 5314
6052 5315
5316 5316
5321 5321
3219 5323
5324 5324
4427 5325
6218 5326
5327 5327
5298 5329
3647 5330
3053 5332
5138 5333
5359 5334
5337 5337
5339 5339
5341 5341
5960 5344
6441 5345
4255 5346
5348 5348
5349 5349
6459 5350
5353 5353
5355 5355
5357 5357
4420 5358
4844 5361
6115 5362
5365 5365
5370 5370
5374 5374
5630 5378
5381 5381
3742 5382
6886 5383
5385 5385
6553 5386
5387 5387
5388 5388
5390 5390
4200 5391
5393 5393
6401 5394
3918 5395
6584 5396
6688 5397
5402 5402
4703 5405
5406 5406
5062 5407
4007 5408
5981 5409
5410 5410
6595 5411
5206 5413
6855 5414
3397 5416
3917 5420
3518 5423
5834 5424
3917 5425
5398 5427
5429 5429
3953 5430
5577 5431
5436 5436
5438 5438
5440 5440
5441 5441
5256 5442
5058 5443
4427 5446
5447 5447
6480 5448
3522 5449
5458 5458
5195 5461
5463 5463
5468 5468
5357 5469
4858 5470
5503 5471
6097 5472
5474 5474
3628 5475
3767 5476
4473 5481
5486 5486
5487 5487
3581 5488
5314 5489
5124 5492
5494 5494
5497 5497
5499 5499
5910 5502
3383 5504
3585 5505
6432 5507
6448 5508
5512 5512
3907 5513
4622 5514
5736 5516
5517 5517
4751 5518
5521 5521
5522 5522
5523 5523
4504 5524
6530 5525
5526 5526
4013 5527
5036 5528
5529 5529
6387 5530
6115 5531
5532 5532
6855 5533
5534 5534
5535 5535
6593 5537
6315 5538
5539 5539
5540 5540
6084 5541
5542 5542
5213 5545
4221 5547
4636 5548
3444 5550
5196 5551
5553 5553
6501 5556
5342 5560
4120 5561
5137 5562
3519 5564
6763 5565
5325 5566
5567 5567
3944 5568
5569 5569
5570 5570
5572 5572
5573 5573
4789 5575
3696 5576
5300 5579
5581 5581
6249 5583
6312 5584
6828 5588
6561 5589
5100 5590
5401 5592
5519 5595
5598 5598
5987 5600
5601 5601
5602 5602
5603 5603
5610 5610
5012 5612
3650 5613
5194 5616
5619 5619
3364 5620
5104 5621
5624 5624
4238 5626
5630 5630
5631 5631
5632 5632
5307 5633
5634 5634
3960 5635
4100 5636
5637 5637
5640 5640
5641 5641
5643 5643
4108 5644
6781 5645
5646 5646
5648 5648
3917 5650
3339 5652
6174 5653
5699 5655
4421 5662
3878 5663
5664 5664
5665 5665
5666 5666
5919 5667
3241 5672
3950 5673
6216 5675
2030 5677
5678 5678
5679 5679
4191 5682
5684 5684
3837 5685
4271 5686
5687 5687
5689 5689
3386 5691
5697 5697
5698 5698
5702 5702
5304 5704
5706 5706
5707 5707
5709 5709
3583 5713
4042 5715
6309 5720
6341 5721
5724 5724
6114 5727
4731 5732
4378 5733
5734 5734
6660 5735
5659 5740
4169 5742
6667 5743
5745 5745
3225 5746
5674 5748
5127 5749
5751 5751
4225 5753
4100 5754
5756 5756
6072 5757
3865 5758
6835 5761
6249 5765
3878 5766
5767 5767
3842 5768
6645 5770
4221 5774
5775 5775
5777 5777
4428 5778
5500 5779
308 5781
4282 5782
5783 5783
6164 5784
5785 5785
3265 5786
5789 5789
5791 5791
6378 5792
5793 5793
3232 5795
5485 5798
5799 5799
5800 5800
5300 5801
5802 5802
5261 5805
5806 5806
5807 5807
4761 5808
5811 5811
5812 5812
5813 5813
5814 5814
5350 5816
6052 5820
3466 5826
6784 5828
5829 5829
4201 5831
6369 5832
5497 5838
5840 5840
4776 5842
5844 5844
5845 5845
5848 5848
5852 5852
4272 5853
5855 5855
5213 5857
5681 5858
4167 5862
5865 5865
1194 5866
6436 5867
5869 5869
3831 5871
4066 5874
5875 5875
3854 5876
6393 5877
3708 5879
5880 5880
5881 5881
5388 5882
3739 5884
6576 5885
5886 5886
5938 5887
5890 5890
5032 5891
5897 5897
4322 5899
5901 5901
5902 5902
5904 5904
4426 5906
5377 5907
6835 5909
5913 5913
6805 5914
4257 5915
3910 5916
5917 5917
5055 5920
5124 5921
5923 5923
5927 5927
5928 5928
3364 5931
5932 5932
5933 5933
5935 5935
6224 5936
3665 5937
5938 5938
4217 5941
4911 5944
6009 5945
5610 5949
5950 5950
5953 5953
6246 5959
5962 5962
3325 5968
5219 5969
6228 5971
5977 5977
5978 5978
5980 5980
5981 5981
5982 5982
6084 5983
5985 5985
5986 5986
5988 5988
5099 5990
5991 5991
6886 5992
4905 5994
5983 5995
5997 5997
3274 5998
5135 5999
6002 6002
6005 6005
5130 6006
4200 6007
3665 6009
6084 6011
5301 6012
4787 6014
3256 6022
6023 6023
6024 6024
6512 6027
4245 6028
6029 6029
5600 6030
3831 6031
3765 6033
4715 6034
4900 6038
6039 6039
6040 6040
4176 6041
6042 6042
4034 6047
4168 6050
3917 6051
6054 6054
6055 6055
6056 6056
6058 6058
5855 6059
4191 6060
5884 6063
6064 6064
5492 6066
6067 6067
4010 6068
5507 6069
3761 6071
5784 6072
3662 6073
4760 6076
6077 6077
6079 6079
6081 6081
4997 6082
6083 6083
5677 6084
5193 6085
4691 6089
6090 6090
5185 6091
3732 6093
5213 6094
6095 6095
3842 6096
5395 6097
4191 6100
5722 6102
5160 6105
5869 6106
6108 6108
5535 6110
5631 6113
6114 6114
3640 6115
5486 6119
6121 6121
4200 6122
6744 6123
6130 6130
5352 6136
6320 6137
5302 6140
3237 6142
6143 6143
4079 6144
1039 6145
6639 6146
6147 6147
5283 6149
4761 6152
6071 6153
6615 6157
5998 6158
6159 6159
5197 6160
5837 6161
6162 6162
6163 6163
6165 6165
6114 6166
6641 6168
6170 6170
6172 6172
6604 6173
5954 6174
6175 6175
6410 6177
6084 6178
6179 6179
6185 6185
6187 6187
6190 6190
6256 6191
5561 6192
6193 6193
6196 6196
6398 6200
4004 6201
6698 6202
6209 6209
6210 6210
6212 6212
5398 6213
5407 6214
3917 6222
3412 6223
6224 6224
6225 6225
5116 6227
3533 6229
6231 6231
6852 6234
5874 6235
3904 6237
6238 6238
3621 6242
4964 6243
6825 6245
6247 6247
6248 6248
6886 6250
4083 6256
5360 6257
4461 6258
5604 6259
5473 6260
5713 6261
5915 6263
6264 6264
4433 6265
6594 6266
6267 6267
5984 6268
6269 6269
5698 6270
4132 6272
6275 6275
6278 6278
4392 6279
4335 6281
6282 6282
3945 6284
6227 6287
4461 6289
6292 6295
6835 6296
6862 6300
4346 6301
6302 6302
6303 6303
6305 6305
5357 6306
6502 6312
6315 6315
6317 6317
6319 6319
3356 6321
6310 6325
6326 6326
6878 6330
4288 6331
6332 6332
5276 6333
6338 6338
6320 6339
6340 6340
3846 6341
6886 6345
6346 6346
3831 6347
6224 6349
4217 6350
5794 6353
6356 6356
6072 6358
5657 6359
6360 6360
4961 6362
6363 6363
3733 6364
6365 6365
3241 6366
6368 6368
3954 6370
6553 6372
5232 6373
3240 6374
5875 6375
4276 6376
4200 6377
6698 6378
4844 6380
6381 6381
5336 6382
6383 6383
6388 6388
6389 6389
4271 6390
4715 6391
5632 6396
6398 6398
4386 6400
5832 6403
6232 6404
6405 6405
6406 6406
4735 6407
3345 6408
5123 6410
6411 6411
4045 6412
3553 6414
5510 6415
4246 6417
6422 6422
6423 6423
5058 6425
6426 6426
4755 6428
6429 6429
5321 6433
6769 6434
6110 6435
6530 6437
6438 6438
5570 6439
6440 6440
3544 6441
6444 6444
6446 6446
4580 6449
3661 6450
3854 6451
6698 6458
6460 6460
3590 6464
6466 6466
6467 6467
6468 6468
6768 6471
6802 6474
6475 6475
5189 6476
6287 6478
6479 6479
4414 6481
6109 6484
5291 6486
5364 6490
6553 6492
6275 6499
6199 6501
6502 6502
6006 6508
5572 6509
6510 6510
6511 6511
4345 6515
3606 6516
6517 6517
3395 6518
3396 6520
3263 6524
6527 6527
3197 6528
6529 6529
4790 6535
5112 6536
6537 6537
6087 6540
4715 6543
5189 6544
3668 6545
5829 6546
4823 6548
6627 6549
6578 6551
6234 6552
6557 6557
6802 6558
6559 6559
6560 6560
5654 6561
4715 6562
6563 6563
4204 6565
6566 6566
6567 6567
4062 6569
6571 6571
6572 6572
3254 6573
6577 6577
6578 6578
6192 6579
6590 6580
4134 6582
6584 6584
3649 6585
6587 6587
5259 6588
6744 6590
4007 6594
5708 6595
6191 6596
6597 6597
6598 6598
6599 6599
6083 6600
3917 6601
6602 6602
6606 6606
3590 6609
5377 6610
4623 6611
5228 6612
6714 6613
6615 6615
4200 6618
6620 6620
5042 6622
6623 6623
4694 6624
6625 6625
6626 6626
6732 6627
6325 6628
6631 6631
6234 6632
4101 6633
6638 6638
6519 6639
3917 6640
6280 6641
3549 6642
6643 6643
6644 6644
4066 6646
3397 6650
5913 6651
5397 6655
6555 6656
6657 6657
3929 6659
6663 6663
3613 6665
6666 6666
4420 6668
3522 6669
6670 6670
5832 6671
3453 6673
4889 6675
6678 6678
6680 6680
5475 6683
5994 6687
6688 6688
6502 6689
6693 6693
3604 6694
6435 6702
6706 6706
4469 6708
6209 6713
6715 6715
5913 6717
6718 6718
6719 6719
6721 6721
4629 6723
6271 6724
6725 6725
3352 6727
6729 6729
6731 6731
5799 6732
3730 6733
3417 6736
6363 6739
3756 6740
4325 6741
6228 6744
5825 6752
6698 6753
6754 6754
6756 6756
6114 6757
5452 6758
4635 6762
3284 6765
6766 6766
6767 6767
327 6768
4427 6774
4420 6777
6778 6778
4691 6779
3963 6780
6781 6781
6783 6783
6784 6784
6832 6785
5251 6786
6787 6787
6788 6788
6790 6790
6791 6791
6792 6792
6793 6793
3640 6794
5345 6795
6797 6797
6800 6800
3945 6802
5261 6803
6807 6807
6808 6808
3831 6811
5652 6814
3864 6816
6817 6817
4915 6823
4659 6826
6827 6827
4901 6828
6832 6832
6838 6838
6839 6839
6045 6840
6842 6842
3688 6843
4844 6845
6848 6848
3235 6853
5398 6855
4683 6857
6859 6859
6553 6861
6862 6862
3917 6863
6865 6865
5637 6868
6869 6869
6618 6870
6872 6872
4186 6875
3296 6877
6880 6880
5771 6882
3431 6884
5294 6887
