5640 5640
5683 5683
5659 5659
5519 5519
5845 5845
5708 5708
5840 5840
5517 5517
5750 5750
5831 5831
5842 5842
246 246
111 111
5736 5736
359 359
8 8
5590 5590
2400 2400
5724 5724
5514 5514
242 242
3631 3631
118 118
3843 3843
3628 3628
5837 5837
5508 5508
5598 5598
5464 5464
3861 3861
117 117
5589 5589
5848 5848
192 192
5720 5720
2793 2793
3753 3753
2815 2815
2818 2818
2289 2289
2792 2792
2811 2811
5829 5829
351 351
5828 5828
261 261
2817 2817
2177 2177
5952 5952
2292 2292
340 340
3754 3754
3855 3855
2814 2814
343 343
6238 6238
10 10
341 341
189 189
6271 6271
3702 3702
3777 3777
5610 5610
5624 5624
5458 5458
2780 2780
2129 2129
5507 5507
119 119
3533 3533
408 408
410 410
2046 2046
435 435
227 227
6066 6066
3856 3856
3530 3530
5445 5445
26 26
2214 2214
6069 6069
3850 3850
2490 2490
5630 5630
409 409
3621 3621
5820 5820
436 436
2795 2795
330 330
3640 3640
27 27
228 228
5512 5512
6267 6267
2511 2511
2480 2480
44 44
3643 3643
3851 3851
3750 3750
2791 2791
439 439
4 4
108 108
5838 5838
2191 2191
3705 3705
3789 3789
2152 2152
312 312
5953 5953
6056 6056
321 321
6231 6231
104 104
2808 2808
5939 5939
5839 5839
3747 3747
276 276
3829 3829
3616 3616
3927 3927
327 327
3833 3833
292 292
6054 6054
5641 5641
3821 3821
3638 3638
2135 2135
3806 3806
3620 3620
128 128
429 429
5452 5452
322 322
346 346
6278 6278
5949 5949
3825 3825
2 2
5468 5468
5936 5936
3637 3637
3516 3516
311 311
456 456
2785 2785
6052 6052
6264 6264
3547 3547
6062 6062
3837 3837
5933 5933
335 335
3823 3823
245 245
2167 2167
5944 5944
5851 5851
2054 2054
3932 3932
2375 2375
5635 5635
17 17
6077 6077
5935 5935
6045 6045
2498 2498
6076 6076
3778 3778
29 29
3554 3554
3056 3056
3649 3649
82 82
430 430
315 315
6064 6064
2261 2261
2007 2007
2775 2775
2189 2189
2608 2608
2052 2052
6247 6247
6072 6072
5823 5823
5834 5834
2499 2499
2482 2482
2801 2801
3704 3704
2260 2260
2150 2150
3 3
5522 5522
64 64
5619 5619
1981 1981
3518 3518
2164 2164
6079 6079
3609 3609
5726 5726
2377 2377
2175 2175
2485 2485
5648 5648
2193 2193
3576 3576
2124 2124
70 70
2118 2118
2470 2470
2062 2062
3577 3577
5637 5637
377 377
133 133
5665 5665
2213 2213
3706 3706
2475 2475
3602 3602
2278 2278
3608 3608
3648 3648
5978 5978
3590 3590
3579 3579
5538 5538
5974 5974
5489 5489
2395 2395
337 337
5962 5962
5977 5977
2484 2484
2255 2255
2514 2514
76 76
2170 2170
2080 2080
2011 2011
5501 5501
2081 2081
5666 5666
3601 3601
3163 3163
1983 1983
2144 2144
2596 2596
5986 5986
2503 2503
2210 2210
5523 5523
5981 5981
2240 2240
158 158
5980 5980
5982 5982
5632 5632
2254 2254
2095 2095
2393 2393
2506 2506
6095 6095
3948 3948
5542 5542
5697 5697
5985 5985
3652 3652
6090 6090
3882 3882
5529 5529
3884 3884
5677 5677
197 197
2181 2181
2256 2256
258 258
6103 6103
6142 6142
374 374
3670 3670
472 472
2594 2594
6102 6102
5852 5852
3673 3673
2205 2205
5987 5987
2614 2614
147 147
5855 5855
2280 2280
2613 2613
3883 3883
2586 2586
2610 2610
2030 2030
6130 6130
3606 3606
3678 3678
5686 5686
448 448
3906 3906
6147 6147
5988 5988
473 473
5706 5706
3877 3877
468 468
2086 2086
3895 3895
1905 1905
5717 5717
5994 5994
5995 5995
6000 6000
2114 2114
2600 2600
5684 5684
2197 2197
5742 5742
2623 2623
2231 2231
2036 2036
2517 2517
2588 2588
5734 5734
6880 6880
4010 4010
5367 5367
3941 3941
1986 1986
6005 6005
2067 2067
5997 5997
5446 5446
5990 5990
2401 2401
5991 5991
466 466
3955 3955
4019 4019
5553 5553
3965 3965
2284 2284
5915 5915
3566 3566
5531 5531
5497 5497
5875 5875
368 368
6033 6033
3565 3565
4001 4001
5869 5869
2516 2516
5714 5714
5872 5872
6889 6889
5902 5902
6006 6006
505 505
1774 1774
3613 3613
5496 5496
6117 6117
464 464
6039 6039
6128 6128
2405 2405
2017 2017
515 515
5679 5679
5793 5793
3791 3791
165 165
3889 3889
3980 3980
3489 3489
3782 3782
3967 3967
3868 3868
4071 4071
2014 2014
5239 5239
5232 5232
4029 4029
6884 6884
583 583
4044 4044
3899 3899
5989 5989
5235 5235
3979 3979
2022 2022
4050 4050
2233 2233
4023 4023
5745 5745
3976 3976
3991 3991
163 163
2699 2699
6159 6159
4037 4037
4036 4036
3691 3691
4016 4016
4021 4021
5484 5484
4033 4033
3888 3888
5806 5806
2633 2633
568 568
2288 2288
3570 3570
4015 4015
6024 6024
6002 6002
6023 6023
6017 6017
3568 3568
3993 3993
2272 2272
5756 5756
415 415
6125 6125
3975 3975
2630 2630
2627 2627
2705 2705
5783 5783
4048 4048
4045 4045
6114 6114
5882 5882
5807 5807
5767 5767
4032 4032
4018 4018
4042 4042
4035 4035
2519 2519
2182 2182
5778 5778
3490 3490
3694 3694
4013 4013
2639 2639
2031 2031
1766 1766
273 273
5777 5777
5487 5487
3781 3781
6109 6109
2635 2635
6115 6115
62 62
2250 2250
6175 6175
367 367
2670 2670
2215 2215
269 269
2087 2087
2342 2342
2685 2685
6163 6163
2441 2441
2216 2216
2018 2018
3870 3870
3887 3887
6154 6154
6153 6153
2523 2523
5788 5788
5532 5532
539 539
5483 5483
5812 5812
2432 2432
475 475
5811 5811
2457 2457
2636 2636
1764 1764
560 560
5789 5789
5794 5794
2684 2684
3695 3695
538 538
578 578
490 490
2302 2302
5799 5799
5897 5897
5813 5813
3682 3682
2643 2643
2279 2279
2648 2648
2299 2299
396 396
3655 3655
2535 2535
2550 2550
5775 5775
220 220
205 205
2431 2431
546 546
524 524
2567 2567
2644 2644
540 540
2230 2230
492 492
552 552
360 360
3683 3683
550 550
2088 2088
2687 2687
2646 2646
5527 5527
2558 2558
2703 2703
6172 6172
558 558
2297 2297
529 529
544 544
200 200
2715 2715
2415 2415
2694 2694
537 537
2295 2295
5886 5886
5559 5559
3900 3900
576 576
2692 2692
6170 6170
5800 5800
2676 2676
3892 3892
5814 5814
4006 4006
2677 2677
2560 2560
2713 2713
2089 2089
2545 2545
182 182
2296 2296
2101 2101
162 162
2573 2573
5569 5569
5664 5664
2346 2346
533 533
2537 2537
2572 2572
5878 5878
5923 5923
2536 2536
2427 2427
2423 2423
2711 2711
5663 5663
487 487
2743 2743
5881 5881
2434 2434
271 271
282 282
3767 3767
2308 2308
3045 3045
2312 2312
2317 2317
5927 5927
2740 2740
2107 2107
5740 5740
2241 2241
5534 5534
3766 3766
3717 3717
333 333
2733 2733
6198 6198
5396 5396
2305 2305
3738 3738
2105 2105
2340 2340
255 255
2321 2321
2286 2286
398 398
2318 2318
1938 1938
6794 6794
6834 6834
2425 2425
2351 2351
2325 2325
3371 3371
2448 2448
2450 2450
2468 2468
5405 5405
2467 2467
3687 3687
2324 2324
1934 1934
3439 3439
1933 1933
2764 2764
208 208
6193 6193
2435 2435
6225 6225
2429 2429
3950 3950
3391 3391
3387 3387
6817 6817
3421 3421
6224 6224
3392 3392
3373 3373
3759 3759
296 296
6187 6187
3689 3689
3445 3445
1969 1969
3376 3376
2724 2724
6793 6793
3380 3380
2751 2751
1928 1928
252 252
3840 3840
5406 5406
6212 6212
6229 6229
6179 6179
6196 6196
2444 2444
3423 3423
3440 3440
2744 2744
3447 3447
3388 3388
3414 3414
3201 3201
3452 3452
6830 6830
3816 3816
1225 1225
3368 3368
2719 2719
3429 3429
3457 3457
3329 3329
6792 6792
6809 6809
6598 6598
6610 6610
3411 3411
3431 3431
6727 6727
3456 3456
6790 6790
6839 6839
1619 1619
1618 1618
5393 5393
309 309
6771 6771
3385 3385
3811 3811
3425 3425
1314 1314
6750 6750
6804 6804
6788 6788
6603 6603
6827 6827
6724 6724
3204 3204
788 788
6731 6731
1620 1620
6599 6599
3386 3386
6856 6856
1708 1708
6606 6606
6807 6807
1738 1738
936 936
3460 3460
6602 6602
3413 3413
6190 6190
3269 3269
3267 3267
3430 3430
6859 6859
3367 3367
6801 6801
247 247
3207 3207
3815 3815
6824 6824
6844 6844
6713 6713
3278 3278
3316 3316
441 441
5381 5381
6754 6754
6609 6609
6778 6778
5436 5436
5388 5388
1652 1652
1749 1749
1224 1224
1649 1649
6694 6694
6784 6784
1514 1514
177 177
1962 1962
5095 5095
6850 6850
6704 6704
5152 5152
6797 6797
5387 5387
3172 3172
3229 3229
1700 1700
3255 3255
6718 6718
6585 6585
6711 6711
6605 6605
3283 3283
6595 6595
4837 4837
6574 6574
1534 1534
1137 1137
5117 5117
5041 5041
2821 2821
6865 6865
5076 5076
5097 5097
6866 6866
6471 6471
5192 5192
1576 1576
6597 6597
1161 1161
1614 1614
1227 1227
3266 3266
3253 3253
1331 1331
3348 3348
5107 5107
3407 3407
3289 3289
5220 5220
3405 3405
6719 6719
1660 1660
302 302
5202 5202
3246 3246
2912 2912
5377 5377
5081 5081
1498 1498
1275 1275
5122 5122
1663 1663
3196 3196
5124 5124
5080 5080
5051 5051
3195 3195
3219 3219
5130 5130
911 911
253 253
6592 6592
4873 4873
6680 6680
5410 5410
3251 3251
1475 1475
3764 3764
3249 3249
3290 3290
1711 1711
3241 3241
6768 6768
5086 5086
5120 5120
3284 3284
1163 1163
5113 5113
6783 6783
5379 5379
1353 1353
285 285
4367 4367
1942 1942
5409 5409
4650 4650
5072 5072
1139 1139
1683 1683
6800 6800
3206 3206
1379 1379
1164 1164
1628 1628
841 841
5193 5193
6799 6799
1709 1709
1638 1638
3183 3183
1912 1912
3194 3194
5125 5125
6587 6587
6662 6662
210 210
1572 1572
1745 1745
3223 3223
1657 1657
1684 1684
1140 1140
1646 1646
215 215
3333 3333
6663 6663
5378 5378
5292 5292
6665 6665
3190 3190
3112 3112
6643 6643
4918 4918
3314 3314
5132 5132
3317 3317
2910 2910
1647 1647
5153 5153
6334 6334
5079 5079
6683 6683
6666 6666
829 829
6631 6631
6657 6657
5163 5163
1661 1661
4651 4651
6644 6644
5374 5374
4649 4649
4114 4114
6588 6588
5054 5054
5211 5211
3944 3944
6638 6638
4978 4978
5143 5143
1625 1625
5146 5146
1609 1609
5411 5411
1900 1900
5091 5091
6650 6650
5441 5441
3099 3099
1479 1479
4760 4760
5197 5197
1743 1743
5100 5100
1579 1579
6282 6282
1040 1040
211 211
5069 5069
4836 4836
5179 5179
1573 1573
4276 4276
3169 3169
4329 4329
1714 1714
5059 5059
1497 1497
3238 3238
3168 3168
5198 5198
1595 1595
1506 1506
1914 1914
6626 6626
1977 1977
1588 1588
782 782
1556 1556
4913 4913
1168 1168
217 217
1499 1499
4912 4912
803 803
781 781
4125 4125
3120 3120
1913 1913
1568 1568
995 995
1159 1159
3109 3109
900 900
1505 1505
3113 3113
3177 3177
1037 1037
1780 1780
1026 1026
1831 1831
1601 1601
1121 1121
5248 5248
5437 5437
4914 4914
5082 5082
5053 5053
4314 4314
4705 4705
1784 1784
4115 4115
6617 6617
1598 1598
1129 1129
1687 1687
1603 1603
1689 1689
1591 1591
3242 3242
1586 1586
1788 1788
3193 3193
996 996
2895 2895
3234 3234
3107 3107
4277 4277
3144 3144
1561 1561
1387 1387
1553 1553
1593 1593
1782 1782
4878 4878
6642 6642
4458 4458
6350 6350
1830 1830
5204 5204
2873 2873
3108 3108
2917 2917
4459 4459
3295 3295
4622 4622
5158 5158
4868 4868
2897 2897
1395 1395
5056 5056
1061 1061
981 981
2929 2929
1342 1342
4729 4729
4911 4911
721 721
1832 1832
4387 4387
4335 4335
1874 1874
743 743
1440 1440
3216 3216
1393 1393
3217 3217
1027 1027
4730 4730
2914 2914
1230 1230
4389 4389
830 830
4889 4889
2898 2898
4299 4299
6537 6537
5139 5139
1023 1023
4935 4935
882 882
6529 6529
3115 3115
1824 1824
5282 5282
1520 1520
5156 5156
3078 3078
3090 3090
3088 3088
6559 6559
4336 4336
1169 1169
4621 4621
1519 1519
6388 6388
6368 6368
4786 4786
570 570
1004 1004
1188 1188
1809 1809
2892 2892
884 884
3136 3136
676 676
3021 3021
4058 4058
1323 1323
2819 2819
1014 1014
4337 4337
3012 3012
6533 6533
6356 6356
800 800
4391 4391
4831 4831
1265 1265
1737 1737
1480 1480
6444 6444
720 720
2833 2833
6373 6373
846 846
1375 1375
1122 1122
587 587
6349 6349
1018 1018
6563 6563
2913 2913
1795 1795
4361 4361
3134 3134
1904 1904
1033 1033
6437 6437
987 987
955 955
1791 1791
2989 2989
4392 4392
914 914
4338 4338
6538 6538
1823 1823
1369 1369
4724 4724
1147 1147
636 636
4116 4116
1128 1128
6338 6338
1492 1492
6389 6389
4688 4688
6280 6280
2979 2979
3137 3137
3096 3096
632 632
5188 5188
1264 1264
3479 3479
1460 1460
4545 4545
6440 6440
4865 4865
1355 1355
4340 4340
4973 4973
607 607
2880 2880
875 875
5249 5249
808 808
2834 2834
1356 1356
783 783
958 958
4358 4358
1125 1125
4757 4757
3133 3133
4648 4648
6527 6527
927 927
786 786
4359 4359
965 965
4746 4746
1396 1396
1112 1112
4814 4814
1478 1478
4602 4602
993 993
1113 1113
1022 1022
585 585
6509 6509
1796 1796
1175 1175
1049 1049
839 839
3155 3155
1861 1861
1013 1013
4934 4934
1488 1488
1167 1167
975 975
1063 1063
4543 4543
4396 4396
4443 4443
4566 4566
4407 4407
4369 4369
4428 4428
1077 1077
1327 1327
4601 4601
4930 4930
1118 1118
4607 4607
4701 4701
6432 6432
1115 1115
3150 3150
4321 4321
1409 1409
4119 4119
4933 4933
4637 4637
6360 6360
3152 3152
970 970
4431 4431
836 836
1178 1178
6468 6468
4123 4123
6306 6306
1862 1862
791 791
4962 4962
5251 5251
4332 4332
4174 4174
3079 3079
4149 4149
3125 3125
608 608
1458 1458
1048 1048
1330 1330
652 652
4687 4687
6560 6560
3495 3495
4628 4628
952 952
6332 6332
4922 4922
2981 2981
1538 1538
4731 4731
4615 4615
4820 4820
4454 4454
4698 4698
5265 5265
4470 4470
1080 1080
4485 4485
4550 4550
6504 6504
6573 6573
4311 4311
1071 1071
1814 1814
1525 1525
4486 4486
5252 5252
2845 2845
1101 1101
4141 4141
1545 1545
4956 4956
978 978
4317 4317
3077 3077
2825 2825
1073 1073
1481 1481
5259 5259
1187 1187
4963 4963
3157 3157
1761 1761
4950 4950
924 924
1055 1055
4452 4452
1100 1100
3509 3509
4663 4663
6375 6375
903 903
6410 6410
901 901
3507 3507
691 691
6383 6383
4756 4756
3063 3063
4989 4989
923 923
4343 4343
2826 2826
1449 1449
3497 3497
3129 3129
4920 4920
2925 2925
4841 4841
1337 1337
4953 4953
705 705
4883 4883
4951 4951
3029 3029
4808 4808
4142 4142
4150 4150
4575 4575
4641 4641
2831 2831
4158 4158
4664 4664
658 658
6872 6872
678 678
4985 4985
4546 4546
4143 4143
4344 4344
1454 1454
4153 4153
6307 6307
957 957
4697 4697
6426 6426
4503 4503
2839 2839
902 902
4157 4157
4402 4402
4352 4352
1141 1141
4562 4562
4493 4493
4991 4991
4689 4689
1091 1091
5234 5234
6567 6567
6288 6288
1093 1093
4497 4497
4176 4176
905 905
767 767
4286 4286
708 708
4631 4631
6475 6475
4237 4237
891 891
857 857
4238 4238
4240 4240
4936 4936
1464 1464
4494 4494
750 750
4749 4749
4528 4528
4573 4573
4682 4682
4966 4966
1758 1758
2967 2967
1756 1756
4941 4941
