9527 9527
8578 8578
8769 8769
6823 6823
4942 4942
4504 4504
4443 4443
5069 5069
6984 6984
7291 7291
7538 7538
4472 4472
4419 4419
9235 9235
9250 9250
9305 9305
9028 9028
4596 4596
2347 2347
2362 2362
710 710
135 135
684 684
227 227
9015 9015
9071 9071
6783 6783
7164 7164
2671 2671
2437 2437
2473 2473
2637 2637
199 199
167 167
73 73
177 177
4417 4417
4280 4280
7677 7677
7817 7817
4846 4846
4651 4651
6826 6826
7493 7493
8015 8015
8297 8297
1668 1668
1540 1540
1585 1585
1557 1557
5997 5997
5838 5838
3147 3147
3208 3208
3903 3903
3887 3887
7981 7981
6118 6118
9314 9314
4157 4157
