4 4
796 6
7 7
4727 8
10 10
15 15
2417 16
4580 17
4289 21
22 22
1674 23
6572 24
5619 25
26 26
5113 29
3406 30
4289 32
35 35
36 36
1094 38
6816 41
2667 42
6600 45
704 46
3041 48
3822 49
1648 55
1942 58
809 59
62 62
63 63
64 64
1122 65
5976 66
3533 67
6177 69
6710 70
5896 76
1993 77
2497 79
85 85
4150 86
4312 88
873 89
2651 90
94 94
3785 95
439 97
6058 98
99 99
1172 101
109 109
4359 112
113 113
4340 115
117 117
4093 118
119 119
122 122
124 124
2456 128
4932 130
166 132
133 133
3430 134
123 141
6583 142
2034 144
5099 145
2958 148
4547 150
158 158
160 160
163 163
168 168
169 169
87 170
2576 173
115 176
2011 177
3930 179
4362 181
5387 185
5305 186
6743 188
5452 189
1035 193
6653 200
4483 207
6862 208
1816 212
214 214
2959 215
5655 216
217 217
3831 219
220 220
1909 222
4499 223
73 225
354 226
295 227
228 228
3287 229
4317 237
482 238
3633 239
2783 243
4565 244
245 245
3717 247
5130 248
249 249
4687 251
253 253
255 255
6572 256
258 258
3750 259
2764 261
363 263
268 268
270 270
271 271
840 275
945 276
107 278
6641 284
6587 285
3958 288
289 289
292 292
283 293
295 295
5254 301
302 302
2854 303
6153 304
3533 308
311 311
312 312
6670 313
1433 315
3995 319
438 321
323 323
325 325
4303 327
4859 328
330 330
5305 331
1115 334
2930 335
6228 336
6774 339
5631 342
2685 343
344 344
4493 345
401 346
2103 348
4324 354
6235 355
3776 356
6684 358
158 361
363 363
369 369
2294 372
2311 375
376 376
6850 378
2214 380
5016 381
6622 382
2514 387
897 390
5093 393
1202 394
1022 395
5074 396
1391 397
398 398
400 400
2194 406
407 407
408 408
3037 409
410 410
4475 411
377 412
6838 413
421 421
2813 422
753 424
6862 425
5614 427
432 432
435 435
436 436
439 439
442 442
4997 443
2636 446
6520 447
448 448
343 449
1952 452
4693 453
5385 455
5737 460
5881 461
4750 462
6602 463
466 466
6862 469
5570 473
178 478
2088 479
1527 480
4083 482
4937 486
515 487
5677 490
5333 491
6828 497
498 498
5354 499
4701 503
5572 504
507 507
511 511
1058 513
1828 514
487 515
521 521
1609 523
3146 525
4523 528
903 530
1897 533
5703 535
6509 536
6270 543
544 544
545 545
546 546
6784 548
1161 549
587 550
552 552
1673 553
532 554
558 558
5236 559
560 560
1957 563
4431 566
3856 568
1203 569
646 570
5466 571
666 572
5618 574
576 576
3030 577
5758 580
6804 583
1942 584
585 585
586 586
29 587
385 589
4181 590
155 591
5516 593
5041 595
502 596
597 597
5913 599
5842 600
6306 604
518 605
608 608
610 610
2731 611
474 612
6010 613
5926 617
1828 618
5899 620
621 621
196 622
2504 626
3942 627
632 632
2332 634
636 636
5134 637
3925 640
6579 641
3621 642
6359 643
1111 644
5317 645
4501 646
6215 647
4383 650
652 652
4222 658
3698 661
6376 662
4768 664
495 675
27 678
1839 679
4944 681
300 686
2780 687
2910 690
6279 691
901 693
168 695
696 696
1416 700
6280 702
704 704
705 705
3361 710
886 711
713 713
715 715
4322 718
720 720
721 721
723 723
2504 725
5705 726
5614 727
730 730
2198 734
1165 735
3786 736
315 737
3571 741
5677 743
4246 749
5677 750
1588 753
754 754
2015 755
759 759
27 761
764 764
363 765
5800 767
2505 770
771 771
518 772
773 773
776 776
778 778
27 781
782 782
1069 784
725 785
4893 787
115 788
5032 789
6105 792
1661 796
6125 797
5929 798
1748 801
802 802
2151 803
3844 805
3054 807
4180 809
1032 814
6057 817
6057 818
6659 819
6325 821
823 823
1108 830
831 831
123 835
1644 838
839 839
841 841
843 843
6781 844
6010 845
3630 849
1932 855
2457 857
1908 858
530 859
1194 860
6257 861
864 864
1165 866
6838 868
1036 869
2315 871
6198 872
1080 880
881 881
882 882
4177 883
3146 884
5165 887
5782 889
3132 890
892 892
5326 894
2230 895
2635 896
897 897
3933 899
118 902
904 904
5143 905
3220 909
1363 911
4749 914
2504 915
3930 916
6410 917
545 920
4307 921
923 923
924 924
385 925
927 927
1511 929
932 932
2522 938
4420 939
4226 943
5396 944
149 945
43 946
2235 947
6494 951
952 952
4496 953
955 955
6332 956
957 957
3799 958
4608 960
3457 963
965 965
973 973
3042 974
975 975
4623 976
1112 977
4701 980
981 981
4111 983
5990 984
1768 985
4337 987
4713 988
1364 991
1174 993
995 995
996 996
2793 997
5133 998
249 1000
1939 1002
1003 1003
1006 1006
1667 1007
6544 1010
1013 1013
1014 1014
6048 1015
3728 1016
2383 1017
1018 1018
6774 1019
2779 1024
5104 1025
1027 1027
4493 1029
3019 1032
1033 1033
5450 1035
6520 1038
6808 1040
6354 1041
6358 1043
1045 1045
3982 1046
518 1047
4435 1048
3728 1049
2023 1051
4496 1053
1055 1055
2783 1060
6215 1063
6509 1068
1512 1070
2654 1071
6287 1072
1077 1077
6862 1078
1063 1080
1918 1084
5264 1086
4034 1087
6287 1088
518 1089
1091 1091
1093 1093
5926 1094
6235 1096
6125 1100
1103 1103
5083 1104
4150 1105
5355 1106
1108 1108
5926 1109
2955 1110
5206 1112
1627 1118
1564 1120
1122 1122
1125 1125
2792 1128
1129 1129
6215 1131
1132 1132
5058 1133
815 1134
1925 1136
1137 1137
815 1138
1141 1141
2783 1142
1165 1143
4479 1144
279 1145
2177 1147
3907 1148
1149 1149
6661 1150
3847 1151
1875 1153
5317 1155
1161 1161
1163 1163
1164 1164
532 1166
1167 1167
1168 1168
5206 1169
3948 1170
275 1172
5446 1177
1184 1184
3380 1185
1356 1186
1190 1190
1194 1194
3094 1195
4832 1197
6039 1198
1200 1200
6326 1205
4475 1209
545 1210
1652 1211
4496 1213
1725 1214
3908 1216
787 1217
6774 1218
5743 1224
1194 1225
1227 1227
6838 1231
1288 1233
1236 1236
6860 1238
1278 1239
995 1240
1243 1243
6247 1245
6057 1246
4496 1247
3870 1248
1251 1251
6096 1254
3132 1256
4724 1258
1523 1259
6152 1260
3911 1261
5604 1262
3873 1264
1265 1265
1270 1270
6354 1272
1275 1275
1277 1277
1377 1278
6281 1279
363 1282
5016 1283
6031 1285
4283 1288
4506 1291
1292 1292
1293 1293
5397 1295
1399 1302
5220 1304
672 1306
598 1309
1311 1311
3733 1314
2636 1318
1323 1323
6836 1324
1327 1327
1331 1331
6221 1335
1725 1337
4163 1339
1342 1342
3943 1345
5396 1350
2932 1353
518 1354
1356 1356
6396 1357
3868 1359
4161 1360
2146 1363
5714 1365
1369 1369
2813 1370
518 1371
2022 1378
1382 1382
107 1384
3777 1386
1387 1387
1788 1388
1391 1391
5480 1392
1393 1393
1395 1395
1396 1396
4724 1399
4150 1400
651 1401
3552 1404
5068 1406
1246 1407
2806 1408
1409 1409
1414 1414
5551 1416
5303 1417
1418 1418
2418 1420
4649 1422
5385 1425
1429 1429
2864 1430
4493 1432
830 1433
2734 1437
1438 1438
6660 1439
2191 1441
4499 1442
3728 1443
1891 1445
4496 1448
1449 1449
1452 1452
362 1453
3925 1456
1458 1458
1460 1460
1461 1461
1464 1464
1466 1466
6818 1470
5317 1477
1478 1478
1480 1480
3144 1482
3042 1486
5093 1487
6817 1491
118 1497
1503 1503
4493 1507
1508 1508
2332 1512
4197 1518
5007 1520
5881 1521
2854 1522
2636 1523
4004 1524
1852 1525
1526 1526
4813 1529
2636 1532
295 1534
2648 1535
4016 1536
1537 1537
1538 1538
3103 1548
3715 1549
2916 1550
2636 1551
1203 1552
3230 1553
3543 1554
1557 1557
5326 1558
3894 1562
1502 1563
5929 1564
6125 1566
2031 1567
1568 1568
1571 1571
1573 1573
2863 1576
5267 1582
1586 1586
389 1589
1591 1591
4964 1592
1593 1593
1099 1594
5994 1595
6288 1596
5047 1597
5466 1599
1601 1601
1602 1602
3586 1603
6684 1604
6717 1605
6368 1608
4799 1611
1613 1613
1466 1614
2209 1615
3413 1617
5309 1620
1625 1625
1628 1628
1339 1629
598 1630
2667 1631
6198 1632
1633 1633
2234 1637
4623 1643
200 1644
502 1650
1988 1653
4100 1656
1657 1657
1410 1658
1660 1660
803 1662
6433 1666
5357 1667
6544 1668
2427 1669
1670 1670
3483 1672
1674 1674
1036 1676
1677 1677
1678 1678
5917 1680
2958 1681
1094 1682
1683 1683
5603 1684
3352 1686
1687 1687
2803 1689
467 1690
5036 1692
1032 1693
1883 1695
2015 1697
6753 1698
1700 1700
107 1706
1359 1709
1711 1711
4493 1712
6684 1713
1714 1714
502 1716
2610 1717
2378 1722
1727 1727
5009 1728
4054 1729
1730 1730
3146 1732
1828 1733
1737 1737
118 1738
5170 1739
240 1740
1741 1741
2527 1742
1745 1745
1746 1746
4240 1749
4283 1751
6533 1753
1755 1755
5516 1756
1758 1758
1761 1761
4623 1765
2261 1766
862 1767
1769 1769
1728 1773
5607 1774
4180 1775
4340 1777
1780 1780
1784 1784
1934 1785
466 1786
1787 1787
1791 1791
5851 1792
1795 1795
2167 1796
432 1798
1799 1799
3204 1801
6376 1804
3361 1806
1809 1809
2169 1811
4939 1812
2860 1813
3737 1814
4283 1815
3778 1817
2408 1819
2636 1820
3864 1821
1955 1823
1824 1824
3571 1825
2705 1827
6153 1829
1831 1831
6657 1832
1833 1833
5099 1836
19 1837
122 1839
4768 1840
5428 1841
4713 1843
4255 1846
5714 1848
4502 1850
1852 1852
4442 1853
1854 1854
1855 1855
4958 1856
1860 1860
1618 1861
6489 1863
1864 1864
1867 1867
4493 1873
1874 1874
1876 1876
2211 1880
1881 1881
3995 1882
1883 1883
1886 1886
158 1889
1897 1897
1852 1898
1049 1903
1904 1904
1906 1906
1907 1907
447 1909
2283 1910
956 1911
1912 1912
6729 1914
1918 1918
1919 1919
666 1921
248 1922
5900 1923
3543 1925
2372 1926
1825 1927
1929 1929
5099 1931
1932 1932
5652 1934
2636 1936
2294 1938
5539 1939
5697 1940
1942 1942
1943 1943
343 1946
2038 1947
2427 1949
1951 1951
5994 1954
231 1956
5165 1957
6862 1958
1027 1959
518 1963
973 1964
3132 1965
636 1966
4140 1969
2594 1971
363 1975
1976 1976
1977 1977
1814 1978
829 1979
4320 1981
3908 1985
3569 1990
5275 1992
1993 1993
5264 1997
2815 2000
5534 2001
1334 2005
5235 2007
545 2008
1880 2010
5959 2011
351 2017
2020 2020
2022 2022
6593 2023
2027 2027
5039 2029
6006 2030
70 2034
2035 2035
2036 2036
124 2037
2677 2041
4131 2043
2044 2044
2046 2046
2049 2049
389 2050
2052 2052
5489 2054
2576 2059
4859 2060
2061 2061
1681 2062
2067 2067
6214 2072
2051 2073
6824 2074
3853 2075
6084 2076
5155 2077
6862 2078
3699 2080
6153 2082
2084 2084
4493 2090
2128 2093
5339 2095
5206 2098
5058 2099
4900 2100
1135 2101
4483 2102
1897 2103
2104 2104
1615 2116
1442 2117
2118 2118
2729 2119
6084 2120
2124 2124
836 2125
2127 2127
2129 2129
2130 2130
6845 2132
3150 2136
4274 2137
5326 2138
5313 2139
5684 2140
1391 2141
502 2143
2144 2144
2145 2145
4434 2146
2150 2150
5926 2154
5314 2160
3646 2162
2163 2163
923 2164
6657 2167
139 2168
1469 2169
1264 2171
5218 2172
1602 2175
6083 2176
3036 2177
2178 2178
5188 2179
2180 2180
1861 2181
6110 2183
2304 2184
5994 2187
2703 2189
969 2190
6306 2191
5926 2192
2068 2193
3750 2199
1442 2203
2204 2204
4377 2206
178 2207
1250 2208
2412 2209
5443 2211
818 2212
6873 2217
4493 2219
2221 2221
1124 2223
2478 2227
6473 2230
4874 2231
1529 2232
3377 2234
2239 2239
2241 2241
6836 2242
2243 2243
1456 2244
2246 2246
5742 2247
2248 2248
2250 2250
2738 2252
5782 2256
604 2258
2261 2261
5910 2262
718 2263
3728 2264
3395 2266
1239 2268
598 2270
2272 2272
1591 2274
2670 2276
315 2277
2278 2278
5703 2279
6505 2283
4248 2284
3414 2286
3055 2287
2288 2288
2289 2289
1782 2291
4419 2293
2295 2295
4698 2297
6834 2299
6294 2305
2308 2308
111 2310
2312 2312
2712 2314
3313 2316
4934 2317
1598 2318
4181 2320
2321 2321
6177 2322
2324 2324
5357 2327
2408 2329
1197 2335
5070 2336
4493 2337
2866 2341
5333 2342
5636 2344
1054 2345
1084 2348
3816 2352
2504 2353
2813 2356
1239 2357
2362 2362
2367 2367
2375 2375
6287 2376
3874 2377
2332 2379
5188 2380
895 2381
5385 2382
2505 2383
5058 2386
2389 2389
2012 2390
4197 2391
3601 2394
1648 2395
235 2396
1064 2400
1182 2401
6627 2403
3640 2405
2409 2408
3894 2411
343 2412
973 2414
1823 2416
1922 2417
3246 2421
2648 2423
2425 2425
4768 2426
2427 2427
4867 2428
1466 2429
4465 2430
4237 2431
2432 2432
5054 2434
5775 2435
5426 2436
2437 2437
2764 2438
2504 2439
2441 2441
283 2443
4294 2444
275 2446
3588 2452
2417 2454
3365 2455
2456 2456
2916 2458
1539 2461
43 2466
5135 2467
2468 2468
204 2472
1708 2474
6593 2478
437 2479
4496 2481
2247 2483
6866 2484
2485 2485
4540 2486
535 2487
3431 2491
6125 2493
4964 2494
5019 2496
693 2497
2498 2498
2499 2499
2500 2500
491 2502
2504 2504
716 2505
1929 2508
753 2510
3287 2511
6519 2512
390 2516
2519 2519
107 2520
2523 2523
2136 2525
6781 2526
2022 2528
2534 2534
2536 2536
359 2537
1430 2538
2001 2541
3621 2543
658 2545
2550 2550
6031 2551
3132 2552
5840 2558
5604 2559
2560 2560
1094 2562
2565 2565
2566 2566
2567 2567
4426 2568
758 2571
2572 2572
3629 2574
6862 2575
4693 2576
5264 2577
5926 2580
5572 2584
1033 2586
658 2587
4283 2589
6298 2590
4549 2591
960 2592
2596 2596
4197 2597
1886 2598
3004 2600
6523 2603
168 2606
3908 2607
6719 2608
2610 2610
2614 2614
6862 2616
4186 2619
1733 2621
2666 2626
3667 2629
2843 2631
2634 2634
6170 2635
1433 2636
3483 2640
2643 2643
2644 2644
244 2645
2193 2646
1489 2647
2648 2648
5553 2649
2651 2651
4201 2652
3955 2656
5516 2657
5207 2658
5547 2660
3220 2661
5300 2662
973 2663
6862 2665
3017 2667
796 2669
4493 2671
3483 2672
2675 2675
2676 2676
2955 2677
5926 2678
4312 2679
6638 2684
2685 2685
2688 2688
1720 2689
4653 2690
5627 2692
5998 2693
956 2696
1823 2699
952 2701
6257 2702
1567 2707
6710 2708
6072 2710
766 2711
343 2714
6054 2715
2718 2718
2719 2719
6259 2721
884 2722
5575 2724
3747 2727
6136 2728
5900 2730
3485 2731
1751 2736
2613 2747
6435 2748
6337 2752
6287 2757
6325 2758
3922 2759
4122 2761
1111 2762
6862 2763
2511 2764
552 2765
6838 2766
3146 2767
4181 2768
4131 2771
2866 2772
4954 2774
2775 2775
6228 2776
911 2777
2779 2779
2783 2783
1839 2784
2785 2785
467 2789
6643 2790
4019 2791
973 2792
4378 2794
2795 2795
4547 2796
2797 2797
2799 2799
2444 2801
2803 2803
4295 2806
911 2809
2698 2810
2811 2811
961 2813
2815 2815
1543 2816
2031 2817
2222 2818
2819 2819
5939 2822
3320 2823
5807 2825
2826 2826
3808 2828
2829 2829
4314 2830
1557 2831
2833 2833
2834 2834
929 2836
5337 2839
2841 2841
6862 2842
4832 2843
2844 2844
2846 2846
2848 2848
2944 2849
4815 2850
631 2851
3144 2853
6613 2855
1723 2857
2862 2862
4120 2864
5348 2865
2866 2866
799 2867
1817 2872
5687 2874
2877 2877
1684 2878
2880 2880
2015 2883
2884 2884
2885 2885
3321 2887
5340 2888
3592 2890
971 2894
4789 2895
2897 2897
2898 2898
4805 2899
2783 2900
2904 2904
2905 2905
6102 2906
124 2907
6257 2908
124 2911
4663 2913
5790 2915
5636 2916
1688 2917
6287 2918
4023 2919
4932 2920
2783 2921
2923 2923
6643 2924
4012 2926
4049 2927
265 2928
4431 2929
2743 2933
5485 2934
4957 2938
2941 2941
2457 2942
4218 2947
3201 2950
3489 2952
787 2956
1372 2957
4794 2958
2020 2960
2963 2963
107 2964
2969 2969
2971 2971
5466 2974
2574 2975
3132 2978
467 2979
2982 2982
6153 2983
884 2984
2985 2985
2409 2987
5264 2988
2989 2989
2409 2991
2994 2994
4562 2998
3001 3001
5317 3002
2649 3003
4775 3005
3006 3006
3007 3007
389 3008
3012 3012
333 3013
490 3014
2022 3015
343 3016
123 3017
3271 3018
3646 3019
3020 3020
950 3021
3023 3023
3029 3029
5926 3030
6435 3031
1988 3032
2057 3035
3037 3037
447 3038
3044 3044
6326 3046
474 3048
5507 3049
927 3050
5515 3051
3059 3059
6435 3062
3063 3063
3064 3064
5788 3067
5099 3068
2958 3069
532 3070
305 3074
2581 3075
1722 3076
1725 3080
4575 3081
2671 3082
5385 3086
3403 3087
3088 3088
3090 3090
573 3091
6653 3093
6256 3094
3096 3096
6422 3102
4324 3103
3104 3104
5313 3105
6269 3106
3109 3109
3112 3112
3113 3113
3116 3116
4312 3117
1770 3118
5714 3119
6228 3120
5603 3121
6083 3122
3125 3125
1804 3127
835 3128
3129 3129
3132 3132
1733 3133
3134 3134
5474 3135
1379 3137
2332 3138
2927 3139
6619 3143
1722 3144
4738 3147
3015 3148
4639 3150
2720 3157
5165 3160
4830 3161
4340 3166
4412 3167
3169 3169
4738 3170
3348 3172
600 3174
3175 3175
3177 3177
3183 3183
6287 3187
168 3189
3349 3193
3695 3195
567 3197
3132 3198
631 3201
2033 3204
2504 3205
3207 3207
3457 3212
564 3213
3216 3216
5314 3218
3219 3219
1725 3221
3044 3222
3223 3223
3225 3225
4742 3227
1939 3228
1691 3232
1129 3234
3235 3235
2916 3236
4257 3237
3399 3238
2504 3239
3240 3240
3241 3241
3242 3242
4493 3244
5123 3246
6125 3248
3249 3249
81 3254
1663 3255
6125 3257
2586 3258
532 3259
1631 3260
2606 3261
481 3264
2790 3265
5980 3266
3267 3267
4100 3269
3260 3270
3274 3274
3270 3275
3278 3278
3281 3281
1942 3282
3283 3283
2764 3287
1511 3288
5208 3289
3290 3290
5926 3291
3292 3292
491 3294
107 3297
3290 3299
2636 3301
3785 3303
315 3306
3155 3311
6425 3314
5478 3315
3316 3316
3317 3317
4686 3322
3358 3323
5698 3331
3333 3333
4618 3334
3340 3340
58 3341
6842 3344
3290 3346
1359 3349
125 3350
2636 3353
1286 3354
973 3356
4150 3357
3452 3358
4915 3361
2140 3362
3367 3367
3368 3368
6031 3369
3371 3371
3372 3372
3373 3373
2853 3381
5032 3382
3238 3384
3385 3385
4918 3386
298 3389
518 3390
1814 3391
4875 3393
863 3395
1349 3399
178 3402
2191 3403
2372 3404
4493 3405
5134 3408
4623 3410
6564 3411
6228 3412
3414 3414
2636 3415
16 3417
5999 3418
3135 3419
4412 3422
3423 3423
5262 3427
2408 3428
27 3431
1520 3434
58 3435
3439 3439
3533 3440
1159 3441
2873 3442
490 3444
3445 3445
6288 3446
3447 3447
4999 3448
6695 3449
4317 3451
3452 3452
6855 3455
5758 3458
3847 3461
6198 3462
564 3465
6149 3466
2007 3467
5478 3468
3183 3470
1564 3471
4246 3473
2416 3474
6164 3475
6413 3482
2352 3485
3237 3487
3489 3489
3490 3490
5307 3491
4593 3493
3132 3494
3495 3495
3496 3496
1245 3499
552 3500
6153 3504
3511 3511
5927 3512
3311 3514
6827 3515
1299 3516
5005 3518
3365 3520
1652 3523
5869 3524
1952 3528
5750 3530
3870 3531
4312 3535
3542 3542
3543 3543
4939 3544
4854 3546
4538 3547
3548 3548
3304 3551
3017 3558
6599 3559
3930 3560
5926 3563
5714 3564
3565 3565
3566 3566
3568 3568
3113 3571
4289 3580
3646 3585
3586 3586
6056 3587
3376 3588
6784 3590
2492 3593
5466 3594
288 3595
4824 3596
3601 3601
3602 3602
27 3606
3613 3613
3434 3614
27 3620
3621 3621
1422 3623
2705 3626
3629 3629
3634 3634
3637 3637
3638 3638
672 3639
5926 3642
3643 3643
518 3645
990 3646
6084 3647
4493 3652
1922 3654
2699 3656
1259 3657
5357 3661
5884 3662
4100 3664
6519 3665
3667 3667
973 3668
973 3671
6368 3672
3673 3673
3674 3674
2634 3676
3683 3683
1246 3684
853 3685
2506 3687
5207 3688
3689 3689
5007 3690
3691 3691
2051 3693
3694 3694
3695 3695
4621 3697
2490 3698
4083 3699
5322 3700
3706 3706
3707 3707
4431 3710
5466 3711
1701 3713
5266 3714
5671 3715
3687 3718
993 3719
796 3720
1399 3724
3728 3728
2783 3729
2144 3731
2698 3732
4760 3733
6501 3736
3738 3738
3739 3739
630 3740
2051 3742
3767 3744
3106 3745
3774 3749
3750 3750
3753 3753
859 3758
4644 3759
2594 3760
6417 3763
3870 3765
4324 3767
6375 3769
3059 3771
3774 3774
3776 3776
3777 3777
6865 3782
5881 3785
5317 3786
2873 3798
3799 3799
2649 3802
6494 3807
3948 3809
3811 3811
3812 3812
2015 3814
5782 3815
3816 3816
6334 3818
1909 3822
3823 3823
3829 3829
3833 3833
6557 3834
178 3835
5131 3837
5059 3839
6825 3842
5581 3843
3030 3849
5005 3850
3851 3851
4229 3853
428 3854
5113 3855
950 3858
2854 3863
3864 3864
3030 3865
4475 3866
6862 3867
3870 3870
3874 3874
1163 3877
5284 3878
768 3881
3883 3883
3884 3884
6325 3885
1024 3886
5872 3889
64 3890
6530 3891
3892 3892
4324 3895
1728 3897
1482 3899
621 3900
1853 3901
3906 3906
2497 3908
4054 3909
5368 3913
1827 3916
5264 3917
973 3919
5047 3920
1667 3922
5261 3923
3925 3925
3926 3926
3932 3932
910 3933
3680 3935
5572 3937
3686 3938
5976 3939
2720 3940
3727 3941
6853 3942
80 3948
346 3949
3380 3952
3954 3954
288 3958
2269 3959
2446 3960
1755 3962
4227 3964
3965 3965
2888 3970
4412 3971
107 3974
4691 3975
3976 3976
3979 3979
3980 3980
4552 3982
4201 3988
6079 3989
3990 3990
4650 3991
2033 3995
2523 3997
5758 3999
2636 4000
2349 4005
4006 4006
4495 4007
4010 4010
5872 4012
498 4014
6437 4015
4738 4017
4019 4019
4832 4021
3910 4022
1103 4023
4922 4024
2504 4027
4029 4029
3837 4030
4032 4032
4814 4035
4036 4036
4037 4037
5062 4038
4039 4039
3995 4041
4042 4042
2594 4043
4044 4044
4045 4045
5234 4046
5472 4052
2372 4055
4058 4058
2783 4059
4442 4061
2527 4063
1309 4067
4070 4070
4071 4071
6724 4074
5644 4076
4099 4081
2276 4083
2252 4084
2958 4087
4031 4089
4091 4091
1913 4092
6338 4095
2325 4096
4552 4097
4101 4101
5868 4105
3284 4107
4076 4108
2256 4110
219 4113
6670 4115
3132 4121
5356 4122
4168 4123
4124 4124
4126 4126
4127 4127
2783 4129
1875 4130
4131 4131
5237 4134
6851 4137
3910 4140
551 4143
3062 4145
5206 4147
4148 4148
4149 4149
3039 4151
4992 4152
4155 4155
743 4156
4158 4158
4131 4162
4163 4163
1564 4164
6057 4166
2377 4168
5036 4169
5604 4171
5046 4172
518 4173
4174 4174
4071 4175
4610 4180
6326 4183
6743 4185
4186 4186
4629 4188
3041 4189
1378 4190
4192 4192
3853 4193
6575 4194
4073 4195
676 4198
123 4199
3735 4201
4202 4202
1890 4203
6794 4205
4206 4206
5058 4207
1109 4208
5304 4210
2636 4213
1614 4215
2792 4218
4207 4219
3496 4224
4226 4226
3132 4228
4229 4229
3667 4230
2429 4233
4493 4236
4237 4237
4238 4238
4240 4240
5287 4242
5516 4243
4244 4244
807 4247
5028 4254
6533 4257
1721 4258
4821 4259
4262 4262
4267 4267
6198 4269
2338 4271
5712 4272
1723 4273
6817 4275
4277 4277
518 4280
4284 4284
4285 4285
4290 4290
1814 4291
6494 4292
4293 4293
4294 4294
1025 4295
4320 4298
4299 4299
600 4304
4305 4305
4306 4306
398 4307
4308 4308
4310 4310
4311 4311
2000 4313
4314 4314
5206 4315
4317 4317
3908 4319
4321 4321
4227 4322
3773 4323
200 4324
1939 4327
4329 4329
4333 4333
4335 4335
4337 4337
4338 4338
3324 4339
1952 4342
107 4345
2929 4349
4099 4351
4356 4356
4357 4357
2212 4359
4360 4360
4361 4361
2504 4368
4563 4370
4372 4372
6862 4374
4377 4377
4131 4378
483 4379
2055 4380
1523 4382
3831 4386
3583 4388
4389 4389
4618 4391
1193 4392
4440 4393
3654 4396
5058 4398
3631 4399
6743 4401
4405 4405
6684 4408
4691 4411
2409 4415
4417 4417
1922 4421
6684 4422
743 4423
4424 4424
4425 4425
6325 4427
566 4428
6413 4429
1897 4431
5123 4435
615 4436
5926 4438
1883 4439
1184 4440
5138 4441
4442 4442
4443 4443
4939 4444
6326 4445
4315 4446
6145 4449
2942 4454
6684 4456
4458 4458
4459 4459
6326 4462
4463 4463
2222 4464
4465 4465
6057 4467
5553 4468
4470 4470
5504 4476
2491 4477
4478 4478
4481 4481
3995 4482
3505 4485
4677 4486
4488 4488
4489 4489
4492 4492
4493 4493
2227 4495
4849 4497
4201 4499
4502 4502
3350 4504
3084 4507
3350 4509
1942 4510
3029 4511
3324 4513
4490 4516
2853 4517
2783 4518
2407 4521
1637 4523
6145 4525
4528 4528
6153 4531
72 4533
2613 4534
4537 4537
4538 4538
1702 4539
4543 4543
4685 4545
4546 4546
4550 4550
4552 4552
1106 4553
5264 4555
4242 4556
5395 4557
4582 4560
5676 4561
924 4562
6324 4565
6704 4568
2466 4569
4571 4571
4687 4575
4582 4582
1136 4586
2051 4589
2279 4590
1523 4592
4593 4593
497 4594
1123 4598
5127 4599
4768 4600
398 4601
4575 4602
2350 4604
4607 4607
5166 4609
3938 4612
3343 4617
2335 4618
363 4623
1652 4625
5863 4627
5023 4629
3926 4631
3178 4634
2199 4635
4639 4639
4915 4644
5478 4645
4650 4650
5007 4651
4653 4653
947 4656
4412 4658
3132 4662
2332 4665
6862 4666
315 4667
2574 4671
474 4676
4149 4677
2671 4678
6115 4679
1661 4680
4682 4682
4687 4687
2596 4688
4691 4691
1094 4692
4693 4693
3238 4696
1949 4697
4698 4698
3431 4701
4705 4705
4707 4707
4709 4709
4711 4711
1867 4712
4714 4714
4716 4716
767 4717
1852 4718
4725 4725
4729 4729
2327 4731
1463 4732
4016 4733
4734 4734
5601 4736
4737 4737
4740 4740
1891 4741
4744 4744
3007 4745
4746 4746
1449 4747
6851 4748
1659 4750
1379 4752
6482 4754
6030 4756
4757 4757
1667 4760
4217 4761
4762 4762
4763 4763
1564 4765
4313 4767
4770 4770
3750 4772
5500 4773
4738 4775
4276 4776
3424 4784
2504 4785
5220 4786
4163 4791
4793 4793
5654 4794
5134 4796
4797 4797
4799 4799
6494 4800
4610 4802
6119 4804
4808 4808
2429 4809
4150 4811
4814 4814
829 4818
835 4820
5395 4822
518 4823
5908 4824
2802 4825
4828 4828
4830 4830
4831 4831
4195 4832
3552 4833
6153 4834
1734 4835
5097 4837
2081 4841
5342 4842
5539 4846
956 4848
2664 4850
6256 4853
3339 4855
1026 4856
6081 4858
5291 4861
6862 4862
5785 4863
4865 4865
1828 4866
1243 4867
4868 4868
2677 4869
3434 4870
4592 4873
4874 4874
4701 4875
518 4876
6817 4877
6231 4879
5250 4880
4883 4883
631 4885
265 4886
4493 4887
4889 4889
2504 4890
2169 4891
4892 4892
6501 4896
4660 4900
2853 4903
3496 4906
6429 4907
4909 4909
2119 4911
4912 4912
105 4917
4686 4919
4804 4922
2594 4924
6692 4928
4930 4930
145 4931
4932 4932
27 4933
4934 4934
1957 4942
1843 4943
4592 4944
5047 4945
6517 4946
178 4949
4950 4950
4951 4951
3132 4952
2150 4953
2034 4954
4956 4956
3017 4957
3908 4959
4962 4962
6196 4963
6522 4964
4966 4966
4968 4968
6318 4971
4973 4973
1027 4974
2130 4975
862 4977
5775 4979
1728 4980
37 4981
6286 4985
3352 4988
3485 4990
4991 4991
2136 4992
2332 4993
4994 4994
6082 4997
3449 4999
6549 5004
6294 5005
5007 5007
3457 5012
6180 5013
4623 5017
2703 5020
4832 5023
5598 5025
5494 5027
1364 5028
2460 5030
4120 5035
204 5039
5041 5041
2429 5043
5045 5045
4351 5049
5050 5050
5051 5051
5053 5053
3040 5054
3055 5055
5056 5056
4535 5057
2606 5065
6857 5066
5069 5069
3747 5073
5075 5075
5572 5076
5056 5078
5939 5079
5080 5080
4237 5082
308 5083
6838 5084
2636 5085
5086 5086
1334 5089
6276 5090
5093 5093
5095 5095
4270 5096
4076 5097
518 5098
6001 5099
5100 5100
5101 5101
5106 5106
229 5107
4496 5108
2662 5110
2720 5112
960 5114
1725 5116
5117 5117
564 5120
2506 5122
1667 5123
5124 5124
6838 5126
48 5127
67 5128
2826 5130
6572 5132
3460 5134
5136 5136
5333 5138
3577 5141
6224 5142
448 5143
5015 5144
2040 5146
2742 5150
6153 5151
5152 5152
3995 5159
5572 5160
2497 5161
2041 5163
3220 5167
1264 5172
2864 5173
4489 5178
4338 5179
6133 5183
4810 5184
4547 5185
3900 5186
3422 5188
5189 5189
421 5192
3911 5196
6160 5197
5198 5198
6063 5203
6862 5204
5205 5205
5211 5211
1852 5212
3497 5219
5487 5220
4270 5223
1324 5224
210 5225
6153 5227
2958 5233
5234 5234
857 5235
4701 5236
6734 5237
5239 5239
532 5240
2504 5246
6185 5247
6351 5249
4687 5250
5053 5251
107 5258
5259 5259
5261 5261
5094 5262
2460 5264
1023 5266
5269 5269
799 5270
6396 5271
953 5273
5519 5275
753 5277
4181 5278
5245 5280
5281 5281
5671 5289
2040 5291
5292 5292
5294 5294
5295 5295
5988 5297
6313 5299
5300 5300
4023 5301
5123 5302
6170 5303
1610 5308
753 5309
6153 5310
5385 5312
5314 5314
4176 5315
5047 5316
5324 5324
973 5326
4237 5327
5329 5329
5796 5330
532 5331
5332 5332
5333 5333
4340 5335
4099 5336
1598 5337
2916 5338
6574 5341
5342 5342
1246 5344
1115 5347
6064 5348
4001 5349
1644 5350
518 5351
1891 5352
5353 5353
449 5354
5355 5355
6619 5359
6416 5361
1648 5364
8 5365
27 5367
2582 5368
1714 5370
5753 5374
6364 5375
1027 5376
5377 5377
5378 5378
587 5381
5871 5382
4608 5383
4283 5384
5385 5385
4937 5386
2955 5389
6684 5394
869 5396
2033 5399
5405 5405
5406 5406
6085 5409
5410 5410
5411 5411
4629 5412
4999 5413
261 5416
4768 5418
5370 5423
4853 5426
4885 5428
952 5431
4197 5436
5677 5437
5438 5438
5440 5440
871 5441
4791 5445
5447 5447
5317 5451
5452 5452
2895 5453
5458 5458
6862 5460
3807 5461
518 5462
3822 5463
1602 5467
200 5469
672 5473
5618 5475
6684 5482
5484 5484
5487 5487
5489 5489
1203 5492
6030 5494
4682 5495
5497 5497
3989 5501
6087 5503
4866 5504
3981 5505
5551 5506
3938 5509
1044 5511
4493 5512
5926 5513
3132 5520
5521 5521
5522 5522
5523 5523
5526 5526
6585 5527
5529 5529
6358 5530
6143 5532
2843 5533
5777 5535
4045 5536
5397 5537
5538 5538
5539 5539
5540 5540
5542 5542
5543 5543
389 5545
5549 5549
3014 5550
5551 5551
2144 5552
4242 5554
6501 5556
6149 5561
5698 5567
502 5568
5569 5569
2309 5570
2542 5571
4127 5573
3837 5578
5579 5579
5581 5581
1286 5582
6180 5587
5589 5589
5590 5590
6153 5593
5801 5596
6862 5597
5598 5598
518 5599
5600 5600
5901 5602
2114 5604
1880 5607
1203 5608
5609 5609
5610 5610
1880 5611
3870 5612
5613 5613
3150 5619
4546 5623
4369 5625
5627 5627
5630 5630
2461 5632
5635 5635
5641 5641
5643 5643
2206 5645
1727 5646
6844 5648
6265 5651
4324 5652
2302 5654
5994 5655
5908 5656
2514 5657
5869 5658
5659 5659
1476 5661
5663 5663
5910 5667
993 5668
5516 5669
3146 5670
5758 5671
2409 5672
5674 5674
5675 5675
2030 5677
5679 5679
4212 5683
5168 5684
6325 5685
5514 5686
6507 5687
2523 5688
5691 5691
2497 5692
518 5693
1141 5696
5980 5697
4312 5699
4110 5702
5705 5705
5706 5706
2443 5707
5708 5708
873 5710
4850 5712
5936 5716
6175 5717
2783 5718
3736 5719
5724 5724
1084 5725
411 5729
6125 5730
807 5732
5736 5736
5741 5741
1151 5742
948 5743
1056 5744
5745 5745
5746 5746
2720 5747
4120 5748
4281 5749
5750 5750
3499 5751
112 5753
1417 5755
2114 5756
2419 5758
3395 5760
1630 5764
5767 5767
5768 5768
1466 5774
2594 5776
385 5779
5780 5780
5783 5783
2821 5784
2437 5789
343 5790
1270 5791
5794 5794
4413 5798
5800 5800
2378 5801
1358 5802
4270 5804
2382 5805
5807 5807
377 5808
5811 5811
2167 5812
5813 5813
5814 5814
5099 5824
1339 5826
29 5828
3039 5829
6442 5835
5837 5837
5838 5838
2086 5840
3101 5841
5842 5842
4631 5845
518 5846
5188 5850
5852 5852
6621 5853
5855 5855
1956 5861
5865 5865
149 5866
815 5867
5936 5872
2955 5873
5880 5874
3326 5879
4724 5880
3289 5885
5935 5887
1445 5891
5897 5897
5899 5899
5901 5901
637 5904
1594 5905
6073 5907
4328 5910
4258 5912
4789 5914
2634 5917
3352 5918
5322 5920
5070 5926
5927 5927
4229 5930
4311 5936
1586 5938
2824 5942
5206 5944
5949 5949
1881 5950
753 5951
6715 5953
5927 5955
1408 5958
5959 5959
6287 5960
5207 5962
3132 5963
98 5964
5463 5965
4161 5967
5969 5969
4150 5971
5636 5972
4420 5975
6599 5976
2826 5980
5981 5981
3910 5983
2774 5984
5567 5985
5988 5988
5991 5991
3132 5992
5644 5993
5994 5994
3049 5996
2216 5997
2151 6002
6005 6005
5099 6007
1605 6008
3910 6011
2574 6013
6862 6014
2018 6016
6257 6017
1379 6020
6023 6023
6024 6024
1997 6026
6027 6027
164 6029
107 6031
869 6032
910 6033
6039 6039
3017 6041
1127 6043
124 6044
6045 6045
6285 6046
3102 6047
6422 6048
107 6049
2015 6050
5919 6052
6538 6053
676 6054
6055 6055
1125 6056
6057 6057
6058 6058
6059 6059
6064 6064
6067 6067
6115 6069
107 6070
6589 6072
4794 6073
5188 6074
3911 6075
6076 6076
6077 6077
6862 6078
6079 6079
2135 6082
4966 6085
1997 6087
6090 6090
3132 6093
5649 6094
5842 6098
1246 6101
6301 6106
6107 6107
1981 6108
6402 6111
1420 6113
6117 6117
6119 6119
3076 6121
3183 6122
3822 6124
6125 6125
2648 6130
6757 6134
1712 6139
6142 6142
6143 6143
3750 6145
6147 6147
1828 6148
4830 6149
973 6150
4984 6154
5811 6157
6159 6159
6160 6160
3634 6161
6162 6162
4501 6166
2362 6167
196 6168
3234 6172
6175 6175
2504 6176
1167 6177
6084 6178
6179 6179
6180 6180
6538 6182
1194 6185
2982 6188
6712 6190
6195 6195
5994 6199
4199 6200
491 6201
1027 6205
6209 6209
3592 6210
6212 6212
3657 6216
1759 6219
4676 6221
6125 6222
6319 6225
5148 6227
5794 6228
4530 6229
3785 6233
1419 6235
5913 6236
2649 6237
6238 6238
6494 6239
6240 6240
2939 6241
1261 6243
6247 6247
6248 6248
3132 6250
5655 6251
5926 6254
2341 6255
4322 6256
6257 6257
6261 6261
5041 6262
995 6263
6264 6264
6267 6267
3870 6268
66 6269
5758 6270
3731 6273
5305 6274
6276 6276
5046 6279
6281 6281
6282 6282
666 6283
6072 6285
6286 6286
363 6288
5474 6289
5446 6291
6292 6292
2613 6293
1094 6298
570 6301
6302 6302
3146 6304
2268 6305
6784 6307
5032 6311
6746 6312
1661 6314
6315 6315
6317 6317
153 6318
6319 6319
2853 6322
6323 6323
873 6324
6326 6326
43 6327
6778 6328
6332 6332
6334 6334
3774 6335
1649 6338
1433 6340
2166 6341
315 6342
6118 6343
3807 6344
2671 6345
6346 6346
973 6347
6873 6348
1843 6349
3437 6350
4224 6351
6087 6355
2332 6356
4359 6357
688 6358
2372 6359
6360 6360
5317 6361
2437 6362
4874 6368
2671 6369
6370 6370
2678 6372
3437 6374
5367 6375
3982 6377
5155 6378
6383 6383
6845 6384
6388 6388
6169 6390
4181 6391
725 6394
2457 6400
2586 6401
3759 6402
4971 6403
5393 6405
5567 6408
200 6410
6554 6411
6087 6413
5189 6414
2636 6416
3413 6417
27 6418
3908 6421
671 6422
4449 6426
6031 6427
6784 6428
6429 6429
481 6430
4022 6431
5982 6433
5551 6434
3973 6435
5205 6438
2383 6442
6444 6444
6446 6446
428 6451
799 6452
2514 6457
2594 6458
2504 6462
6466 6466
6467 6467
4830 6471
5060 6472
4246 6473
6237 6476
1278 6477
1518 6485
2040 6486
1867 6489
6851 6490
5016 6491
6836 6493
474 6494
176 6496
1145 6502
3404 6503
4246 6505
3483 6506
1261 6507
6006 6508
908 6511
3612 6517
4629 6518
518 6521
4853 6522
2817 6523
6529 6529
2175 6532
1880 6539
1243 6540
3324 6542
3181 6543
2580 6544
2504 6545
518 6548
1922 6549
4493 6550
5050 6551
3166 6553
4362 6554
6557 6557
2586 6558
6560 6560
6561 6561
5005 6563
1612 6564
6566 6566
3328 6568
6249 6569
6571 6571
6573 6573
275 6576
6577 6577
3045 6580
2144 6581
960 6583
1759 6584
6587 6587
6588 6588
6591 6591
6592 6592
4693 6593
4217 6594
6595 6595
1747 6597
6602 6602
6603 6603
882 6605
124 6607
6784 6609
5907 6610
6611 6611
5614 6612
3326 6613
389 6614
3577 6615
4623 6618
807 6622
4628 6623
6625 6625
6626 6626
2175 6627
3517 6628
6630 6630
72 6631
4493 6632
6633 6633
6277 6634
3886 6635
4096 6637
544 6638
2507 6639
3366 6641
6643 6643
6644 6644
1648 6650
91 6651
1032 6655
3132 6656
6657 6657
398 6658
6660 6660
5728 6662
6663 6663
6666 6666
4971 6671
3958 6675
3017 6676
5143 6677
5712 6679
2504 6681
4465 6685
3938 6687
6688 6688
1937 6689
5052 6690
6693 6693
5885 6695
5437 6704
5769 6705
6706 6706
5422 6709
3810 6710
6712 6712
6713 6713
2993 6714
19 6715
1167 6717
6718 6718
4230 6719
6721 6721
6725 6725
4493 6726
6360 6727
398 6728
1622 6729
2408 6730
6731 6731
2864 6732
1094 6736
6743 6741
5314 6743
4150 6744
5466 6747
2051 6749
6750 6750
725 6753
6756 6756
5452 6758
3822 6759
4254 6762
6753 6764
1969 6770
6153 6773
6774 6774
653 6776
153 6777
6778 6778
2746 6780
2786 6781
4562 6784
6153 6786
2599 6787
1956 6789
6791 6791
969 6792
6793 6793
6800 6800
3818 6801
1422 6805
1040 6808
6809 6809
6354 6812
1463 6813
5619 6816
6684 6817
4542 6820
5910 6822
437 6826
3853 6828
6862 6829
6785 6832
2643 6834
6839 6839
1094 6840
6841 6841
85 6848
3601 6852
6853 6853
2742 6855
6859 6859
6862 6862
6865 6865
6866 6866
3446 6867
5368 6869
6872 6872
2504 6873
6874 6874
123 6877
3908 6879
6147 6880
4475 6881
27 6884
6153 6886
6889 6889
