3843 3843
3776 3776
3649 3649
3702 3702
3621 3621
3616 3616
408 408
409 409
3747 3747
3530 3530
3637 3637
2811 2811
6248 6248
8 8
3703 3703
6263 6263
6276 6276
3638 3638
3777 3777
351 351
6278 6278
3643 3643
5659 5659
2043 2043
435 435
3516 3516
2289 2289
2178 2178
3548 3548
2127 2127
1999 1999
276 276
2177 2177
244 244
456 456
2795 2795
436 436
119 119
5840 5840
128 128
104 104
122 122
3499 3499
1906 1906
3825 3825
3167 3167
3704 3704
65 65
5601 5601
5724 5724
23 23
64 64
5750 5750
3833 3833
82 82
63 63
231 231
3576 3576
2167 2167
5598 5598
3541 3541
2783 2783
2246 2246
327 327
356 356
3828 3828
3829 3829
3667 3667
5651 5651
312 312
5458 5458
5951 5951
439 439
3547 3547
3566 3566
94 94
5829 5829
3601 3601
2055 2055
2490 2490
432 432
3791 3791
2389 2389
2152 2152
3568 3568
315 315
5464 5464
5536 5536
2129 2129
3602 3602
3586 3586
5635 5635
5838 5838
2511 2511
5953 5953
2775 2775
5514 5514
5834 5834
1993 1993
5525 5525
155 155
3648 3648
2375 2375
5939 5939
5932 5932
6054 6054
5512 5512
5443 5443
6057 6057
245 245
2499 2499
5933 5933
2124 2124
2007 2007
5452 5452
62 62
6062 6062
5522 5522
3163 3163
2052 2052
2061 2061
2485 2485
6077 6077
5648 5648
2213 2213
5641 5641
3706 3706
6045 6045
5540 5540
3885 3885
5619 5619
2278 2278
5468 5468
2204 2204
5538 5538
2280 2280
2393 2393
5542 5542
3906 3906
2610 2610
2600 2600
2623 2623
5488 5488
2588 2588
3884 3884
2210 2210
2239 2239
2401 2401
5865 5865
2256 2256
2272 2272
258 258
5981 5981
5741 5741
6090 6090
295 295
2342 2342
282 282
158 158
6147 6147
2636 2636
6889 6889
5497 5497
5988 5988
2397 2397
3954 3954
2086 2086
2295 2295
5869 5869
2517 2517
2297 2297
4023 4023
3874 3874
2254 2254
3941 3941
2688 2688
2684 2684
4032 4032
2231 2231
5239 5239
6110 6110
4036 4036
5994 5994
3692 3692
3962 3962
5991 5991
4035 4035
5997 5997
6107 6107
2648 2648
3782 3782
6136 6136
4045 4045
5235 5235
4037 4037
2317 2317
3979 3979
4042 4042
5802 5802
2182 2182
2308 2308
6154 6154
5521 5521
4048 4048
374 374
3781 3781
2691 2691
372 372
3690 3690
2087 2087
5989 5989
5663 5663
2432 2432
2324 2324
2022 2022
2316 2316
3695 3695
2348 2348
2305 2305
6023 6023
2318 2318
163 163
5609 5609
3976 3976
5793 5793
3978 3978
5806 5806
2705 2705
2699 2699
2340 2340
2689 2689
2321 2321
2566 2566
5762 5762
5740 5740
2241 2241
3682 3682
6159 6159
2523 2523
3674 3674
2663 2663
5783 5783
6163 6163
2715 2715
5880 5880
2018 2018
485 485
2434 2434
5807 5807
5908 5908
505 505
2448 2448
2423 2423
2468 2468
2425 2425
333 333
2017 2017
2567 2567
538 538
5702 5702
2250 2250
2435 2435
5777 5777
1943 1943
5767 5767
401 401
466 466
5799 5799
546 546
544 544
5923 5923
1601 1601
1600 1600
560 560
1766 1766
6172 6172
1634 1634
1603 1603
5813 5813
3738 3738
1741 1741
568 568
1622 1622
1918 1918
464 464
1556 1556
5775 5775
6817 6817
1684 1684
467 467
1559 1559
1568 1568
1660 1660
6834 6834
1628 1628
2740 2740
1598 1598
1699 1699
1912 1912
1976 1976
1611 1611
1619 1619
5406 5406
558 558
492 492
1764 1764
1573 1573
5438 5438
1938 1938
1977 1977
1586 1586
1687 1687
1620 1620
3723 3723
271 271
5899 5899
1608 1608
1579 1579
1942 1942
6750 6750
1657 1657
1722 1722
524 524
5782 5782
5927 5927
1700 1700
5393 5393
1652 1652
6644 6644
6713 6713
151 151
4386 4386
5411 5411
4340 4340
4277 4277
788 788
6643 6643
4935 4935
217 217
6706 6706
6660 6660
5385 5385
5409 5409
6665 6665
1689 1689
6663 6663
6666 6666
6602 6602
6603 6603
1704 1704
1561 1561
1649 1649
3436 3436
5379 5379
5054 5054
1588 1588
6595 6595
3371 3371
6631 6631
1595 1595
4338 4338
1163 1163
4321 4321
6638 6638
6623 6623
6625 6625
5053 5053
3241 3241
6626 6626
3195 3195
6591 6591
5056 5056
4387 4387
6785 6785
3728 3728
3278 3278
3229 3229
1717 1717
3417 3417
5205 5205
4337 4337
4932 4932
1164 1164
5069 5069
3267 3267
4389 4389
4849 4849
3283 3283
3284 3284
4746 4746
2719 2719
1452 1452
6824 6824
6791 6791
6585 6585
3246 3246
6859 6859
3388 3388
6574 6574
3207 3207
6592 6592
6721 6721
4881 4881
3196 3196
3316 3316
3423 3423
1227 1227
1223 1223
4873 4873
5378 5378
5292 5292
1393 1393
5041 5041
3219 3219
1387 1387
3281 3281
6212 6212
1737 1737
3172 3172
3813 3813
6200 6200
843 843
4837 4837
5080 5080
1638 1638
4709 4709
5072 5072
6809 6809
3190 3190
3447 3447
3333 3333
4934 4934
3429 3429
6440 6440
1515 1515
995 995
2895 2895
1018 1018
1140 1140
1534 1534
5188 5188
4729 4729
3223 3223
1013 1013
5211 5211
6856 6856
5079 5079
6865 6865
3242 3242
3457 3457
5143 5143
3386 3386
5179 5179
4609 4609
4912 4912
3385 3385
830 830
801 801
6512 6512
3177 3177
1749 1749
4930 4930
999 999
4915 4915
4878 4878
5078 5078
6693 6693
4329 4329
3112 3112
400 400
4299 4299
4454 4454
676 676
1520 1520
2897 2897
1399 1399
1369 1369
5124 5124
1831 1831
6563 6563
1137 1137
1014 1014
1499 1499
5038 5038
3012 3012
4730 4730
1396 1396
4335 4335
4953 4953
5125 5125
6844 6844
1904 1904
5365 5365
5100 5100
4452 4452
1129 1129
384 384
1147 1147
1159 1159
1860 1860
1787 1787
5198 5198
4757 4757
1342 1342
5282 5282
6800 6800
1132 1132
3120 3120
2898 2898
5117 5117
6537 6537
256 256
1409 1409
6383 6383
721 721
6526 6526
1874 1874
4291 4291
4550 4550
1788 1788
1265 1265
3216 3216
6527 6527
4424 4424
4153 4153
4962 4962
1037 1037
4306 4306
4073 4073
1045 1045
632 632
1033 1033
1795 1795
4150 4150
4900 4900
5251 5251
4687 4687
6559 6559
4688 4688
3139 3139
570 570
4740 4740
1327 1327
4167 4167
249 249
1125 1125
4230 4230
4545 4545
1497 1497
720 720
2878 2878
5101 5101
839 839
6281 6281
1275 1275
3090 3090
901 901
2989 2989
4290 4290
927 927
4744 4744
4407 4407
955 955
3125 3125
2845 2845
3495 3495
4405 4405
4956 4956
2834 2834
4607 4607
4817 4817
1128 1128
1145 1145
4443 4443
987 987
4973 4973
970 970
6350 6350
4737 4737
3137 3137
1323 1323
6285 6285
6302 6302
6502 6502
4747 4747
1780 1780
4951 4951
1023 1023
904 904
1182 1182
2877 2877
603 603
926 926
4543 4543
302 302
975 975
6332 6332
1526 1526
1334 1334
2977 2977
1478 1478
1488 1488
1178 1178
2914 2914
705 705
4736 4736
1251 1251
1055 1055
1458 1458
4538 4538
6872 6872
1466 1466
4123 4123
4725 4725
957 957
905 905
4856 4856
3063 3063
4372 4372
3500 3500
1449 1449
6389 6389
6317 6317
2825 2825
6370 6370
1755 1755
4493 4493
4282 4282
636 636
4546 4546
4571 4571
4392 4392
6567 6567
4354 4354
5266 5266
3096 3096
4503 4503
2826 2826
1203 1203
4950 4950
5287 5287
5297 5297
4989 4989
4297 4297
4135 4135
1350 1350
3029 3029
1093 1093
5225 5225
1864 1864
1824 1824
4968 4968
6546 6546
4941 4941
4157 4157
4237 4237
4641 4641
4573 4573
688 688
1809 1809
4238 4238
860 860
2967 2967
1418 1418
