2180 1
3217 3
4486 4
5808 5
26 7
8 8
1520 9
3819 10
6201 14
1391 15
3417 16
6110 17
4229 22
23 23
1570 24
2431 27
3064 28
5113 29
5516 32
6110 37
896 43
5245 45
2300 50
4874 51
5809 53
1918 54
5038 58
784 59
1903 61
62 62
63 63
64 64
65 65
6628 67
1445 69
3419 72
5379 73
3941 76
5205 77
1287 78
82 82
3337 83
855 85
1685 86
2313 87
4890 88
3243 89
977 91
6517 92
94 94
650 95
2941 96
4564 99
6239 102
3421 103
104 104
6071 107
1261 108
456 111
576 113
5246 114
119 119
4132 120
122 122
1739 126
128 128
124 129
4932 130
1146 132
4042 133
283 134
5698 139
335 140
919 141
5325 144
6267 145
6488 149
2718 150
151 151
3379 152
2429 153
2573 154
155 155
158 158
1452 160
5182 162
163 163
6518 168
5361 170
4100 172
5399 173
1788 180
1054 188
3121 191
6808 200
6637 204
5848 205
5358 207
3552 209
5225 210
1399 211
4213 215
217 217
3322 219
945 223
1484 224
5904 226
231 231
144 237
14 241
242 242
244 244
245 245
5989 246
2614 247
4606 248
249 249
3574 251
256 256
258 258
1391 265
5414 267
4393 269
271 271
5783 272
2404 275
276 276
282 282
2247 283
1867 289
4986 292
5950 294
295 295
3104 296
5374 299
5218 301
302 302
2919 307
1624 308
6119 309
1427 310
311 311
312 312
1395 314
315 315
6396 318
5545 319
4100 320
438 321
3547 322
5589 323
936 325
169 326
327 327
5677 330
333 333
5075 334
5116 340
3054 341
3922 342
5207 344
3261 346
351 351
4809 352
5446 354
5506 355
356 356
3428 358
3564 362
4641 363
6488 366
5219 368
6647 370
2758 371
372 372
374 374
3106 375
4314 377
5257 378
855 380
232 381
6471 382
384 384
3799 390
360 393
1632 398
400 400
401 401
1162 402
3688 403
3288 405
6169 406
408 408
409 409
5361 411
1455 412
6838 413
2531 416
5083 420
2880 421
4617 423
2611 428
429 429
432 432
435 435
436 436
439 439
2054 440
4867 444
3292 446
5143 448
896 449
2998 450
3372 451
5373 452
3565 454
456 456
3414 458
1107 460
1738 461
6174 463
464 464
466 466
467 467
4969 470
3802 471
1736 474
975 482
485 485
5783 486
5104 487
1261 489
718 491
492 492
493 495
5631 498
2266 500
1637 502
5887 503
505 505
3118 511
4494 512
552 515
199 516
5261 517
5788 518
3998 520
1439 521
331 522
524 524
3565 525
2788 528
5081 533
2111 535
5778 537
538 538
5444 541
6706 543
544 544
546 546
3878 547
1871 553
6420 556
2530 557
558 558
980 559
560 560
3638 563
2702 566
568 568
570 570
5492 575
6588 576
1008 580
586 586
591 591
5777 594
4493 595
5194 596
4359 597
2241 602
603 603
6425 611
4793 615
6087 616
2284 623
6409 624
2509 629
763 630
687 631
632 632
496 634
636 636
6626 639
4629 641
2172 644
6174 647
5879 667
3064 670
875 672
952 674
676 676
2840 677
212 681
4100 685
1007 686
688 688
693 693
803 696
699 699
5323 704
705 705
563 706
5053 708
1253 710
1610 711
4100 712
70 715
4790 716
5446 718
720 720
721 721
6501 725
2572 726
439 727
573 728
5332 730
496 731
1000 735
1054 737
4866 739
844 742
1685 746
3878 747
5 748
4663 749
5677 750
716 752
1723 753
754 754
2096 755
4215 757
6473 759
1887 760
2212 763
764 764
3595 766
6549 767
6289 770
771 771
3744 775
2572 776
4885 777
1920 779
705 783
2888 785
4562 786
1744 787
788 788
1050 790
3323 792
5398 795
4100 800
801 801
4340 802
1614 810
5516 811
942 817
6177 821
823 823
124 824
830 830
1749 831
3998 832
1145 835
839 839
5247 842
843 843
5736 845
650 847
3146 849
5182 850
4229 853
1438 855
2289 857
1662 858
860 860
398 861
1000 866
2744 868
6418 871
3080 872
6130 875
4303 878
4073 880
5569 881
6605 882
5416 888
5806 890
4161 892
895 895
6626 896
3747 900
901 901
1258 902
1121 903
904 904
905 905
2356 908
1826 910
5083 911
124 912
496 920
6835 921
3368 923
4149 924
1044 925
926 926
927 927
203 929
5539 932
5211 937
3292 941
487 944
4522 946
1898 948
1775 949
2088 950
952 952
3322 953
955 955
957 957
870 959
5910 960
5758 961
1675 963
2163 965
3917 967
5212 968
970 970
3007 972
2588 973
975 975
5799 977
4100 979
4067 981
2020 983
971 984
3940 985
987 987
1689 993
995 995
999 999
249 1000
3168 1002
4991 1004
6780 1005
3133 1006
5598 1008
4303 1009
6666 1010
4077 1011
1013 1013
1014 1014
1018 1018
2809 1019
1023 1023
1480 1031
2974 1032
1033 1033
6119 1035
1506 1036
1037 1037
193 1040
1548 1042
1045 1045
4100 1047
4189 1050
3118 1052
5246 1053
1055 1055
4493 1060
2461 1064
5783 1066
6577 1075
242 1078
1044 1079
5235 1081
6442 1083
310 1086
586 1087
4132 1088
6546 1091
789 1092
1093 1093
5314 1095
6076 1096
4218 1097
1938 1098
41 1100
3710 1102
1685 1105
3364 1109
3024 1111
4116 1112
4485 1115
2509 1117
167 1119
4118 1123
1125 1125
252 1126
2625 1127
1128 1128
1129 1129
1937 1130
1132 1132
3755 1134
4837 1136
1137 1137
4570 1138
2012 1139
1140 1140
1456 1141
1000 1143
1145 1145
1147 1147
5725 1148
1283 1149
3118 1151
1875 1153
4897 1156
3400 1158
1159 1159
5576 1160
3243 1161
1163 1163
1164 1164
3009 1167
6282 1168
3436 1170
5182 1171
2165 1174
1178 1178
124 1180
5182 1181
1182 1182
2530 1184
5130 1188
1190 1190
4100 1191
2137 1195
6653 1197
1773 1199
5567 1200
1203 1203
4100 1208
5164 1209
5246 1213
1214 1214
910 1215
6409 1217
3982 1218
4100 1219
864 1220
1223 1223
2573 1225
1227 1227
942 1229
6838 1231
764 1236
5844 1239
1240 1240
6806 1241
5246 1247
1357 1250
1251 1251
216 1252
2718 1253
5341 1254
2081 1257
6557 1259
6475 1264
1265 1265
583 1266
2318 1268
2788 1269
5235 1271
792 1272
456 1273
5254 1274
1275 1275
6727 1279
335 1283
2012 1289
818 1292
563 1297
1299 1299
439 1300
5487 1304
5398 1305
5024 1307
1719 1308
2941 1312
5783 1317
167 1321
1323 1323
3561 1326
1327 1327
829 1331
1334 1334
4100 1340
1342 1342
1239 1345
6419 1348
1350 1350
5125 1353
1356 1356
1092 1357
4920 1360
5546 1362
3322 1367
6838 1368
1369 1369
4100 1371
1968 1373
1869 1374
586 1383
2077 1384
4588 1386
1387 1387
307 1388
6538 1391
1393 1393
2241 1394
1396 1396
1399 1399
1685 1400
1402 1402
4100 1403
4628 1404
1409 1409
2447 1415
6035 1416
1418 1418
1419 1419
1421 1421
3243 1422
4100 1426
3458 1427
1807 1428
6000 1433
4100 1434
4119 1438
5597 1439
6291 1441
2241 1443
2692 1447
1449 1449
1452 1452
5820 1455
1458 1458
650 1459
6267 1460
4631 1461
5806 1463
1466 1466
5891 1468
3136 1470
4259 1471
1892 1472
279 1477
1478 1478
1209 1480
926 1483
6792 1484
4722 1487
1488 1488
2954 1489
5714 1491
11 1494
2030 1496
1497 1497
392 1498
1499 1499
6624 1501
3292 1504
3547 1506
5406 1507
6843 1508
753 1509
2734 1513
1515 1515
1520 1520
5702 1521
1531 1523
1526 1526
2446 1527
5182 1530
4852 1533
1534 1534
1382 1539
124 1540
6350 1543
3044 1544
4712 1546
2699 1548
6713 1554
3292 1555
1556 1556
2831 1557
5617 1558
1559 1559
1561 1561
2538 1562
719 1565
1568 1568
2305 1570
1107 1571
1101 1572
1573 1573
3981 1574
3339 1575
1579 1579
5053 1581
3115 1585
1586 1586
1452 1587
1588 1588
466 1589
1549 1590
1595 1595
1598 1598
4607 1599
1600 1600
1601 1601
1603 1603
6394 1604
2827 1605
1608 1608
5488 1609
1611 1611
375 1615
502 1616
1619 1619
1620 1620
1622 1622
3112 1625
4060 1626
3453 1627
1628 1628
4610 1630
4393 1632
1634 1634
466 1635
1638 1638
6419 1639
2077 1640
4888 1642
1035 1647
1649 1649
1222 1650
1146 1651
1652 1652
4100 1656
1657 1657
6350 1659
1660 1660
6466 1663
6119 1666
2288 1670
4091 1674
1945 1675
3059 1677
3865 1682
1684 1684
870 1686
1687 1687
4500 1688
1689 1689
5074 1690
1719 1691
5024 1693
5346 1694
3681 1697
1699 1699
1700 1700
1044 1701
1704 1704
4919 1706
900 1709
504 1710
2623 1712
6294 1714
1717 1717
1754 1719
2132 1721
1722 1722
5062 1725
1440 1729
3565 1732
4821 1733
552 1734
1737 1737
1667 1738
2049 1739
1741 1741
5783 1744
2046 1745
323 1746
1749 1749
1755 1755
5516 1756
1761 1761
1764 1764
1766 1766
4454 1767
1452 1769
3937 1770
2732 1771
3810 1773
2192 1777
1780 1780
5041 1784
1754 1786
1787 1787
1788 1788
6287 1793
6852 1794
1795 1795
3547 1796
1737 1799
4143 1804
144 1805
656 1808
1809 1809
6581 1813
5880 1814
6239 1818
2906 1820
5743 1823
1824 1824
3340 1828
2388 1830
1831 1831
1833 1833
1989 1836
2401 1837
1838 1838
5522 1840
6419 1842
4837 1843
3957 1847
5336 1849
376 1850
6398 1852
5525 1853
3565 1854
4593 1855
4712 1856
1857 1857
1860 1860
4712 1863
1864 1864
2615 1866
724 1872
1874 1874
1876 1876
4223 1877
65 1878
4607 1879
1133 1880
5213 1882
1885 1885
6024 1886
2051 1889
6841 1895
801 1896
6398 1898
3391 1900
2007 1902
3728 1903
1904 1904
1906 1906
249 1907
1912 1912
410 1913
3750 1914
2146 1916
1918 1918
287 1919
2990 1921
16 1922
4837 1925
2172 1928
4132 1931
975 1934
1807 1935
1938 1938
5697 1940
1942 1942
1943 1943
466 1945
4092 1949
2581 1950
4477 1953
5663 1954
2466 1955
5404 1958
6174 1959
3735 1961
5171 1964
1734 1973
4100 1974
1976 1976
1977 1977
5419 1978
1575 1983
6800 1985
5357 1986
4295 1987
6860 1992
1993 1993
1999 1999
2952 2001
1883 2004
2007 2007
2594 2008
5949 2011
5553 2014
2017 2017
2018 2018
5390 2020
2022 2022
4456 2028
4576 2029
5130 2030
4392 2031
5182 2032
5773 2033
3552 2034
2178 2035
346 2036
4493 2040
2043 2043
6731 2046
4843 2048
466 2050
2052 2052
5489 2054
2055 2055
6350 2060
2061 2061
5907 2062
4912 2064
362 2065
5852 2068
156 2069
466 2071
6409 2072
2007 2085
2086 2086
2087 2087
3099 2092
2446 2093
5256 2098
1133 2099
6293 2100
2977 2101
608 2104
1080 2105
5222 2107
6017 2113
2318 2115
1417 2118
3055 2119
743 2120
4100 2122
2124 2124
4412 2125
2127 2127
4504 2128
2129 2129
2027 2130
3833 2131
2625 2132
5288 2133
3339 2135
5076 2136
2625 2142
2527 2143
5352 2144
3168 2148
5036 2151
2152 2152
1984 2156
2404 2160
1005 2163
3368 2164
2167 2167
4100 2173
2177 2177
2178 2178
3565 2179
1907 2180
2182 2182
4493 2185
4500 2186
4867 2195
1770 2199
5672 2201
2204 2204
3206 2206
2210 2210
2259 2211
2213 2213
1438 2214
3389 2217
4552 2220
2180 2221
4920 2223
945 2224
2748 2225
518 2226
2498 2228
713 2229
4577 2230
2231 2231
1478 2236
2239 2239
2241 2241
2960 2244
924 2245
2246 2246
6351 2248
48 2249
2250 2250
5088 2251
2254 2254
2256 2256
3611 2258
14 2260
2815 2261
5358 2264
6781 2266
5537 2267
1239 2268
5516 2269
2654 2270
2272 2272
2278 2278
2280 2280
6564 2281
3324 2286
2289 2289
2295 2295
5635 2296
2297 2297
1770 2298
4901 2300
6561 2302
1508 2304
2305 2305
3001 2306
2308 2308
1798 2309
4576 2311
6618 2313
2316 2316
2317 2317
2318 2318
4848 2319
2321 2321
4100 2323
2324 2324
2178 2326
5677 2330
2402 2331
91 2335
6852 2337
2340 2340
2342 2342
4060 2343
2941 2344
5134 2347
2348 2348
2331 2350
6196 2351
2094 2352
3885 2354
462 2356
1239 2357
5246 2358
3483 2360
3982 2361
2057 2366
4737 2367
5006 2368
2132 2371
4095 2372
2061 2373
1599 2374
2375 2375
4168 2377
3799 2378
466 2384
4842 2385
1788 2387
2389 2389
6711 2391
2393 2393
3414 2394
4921 2395
2397 2397
3324 2399
1673 2400
2401 2401
481 2402
4237 2405
1648 2413
4867 2414
2587 2415
3296 2418
832 2420
279 2421
2423 2423
2425 2425
2241 2426
1670 2430
2432 2432
5652 2433
2434 2434
2435 2435
1813 2436
4821 2437
1710 2440
6429 2445
2448 2448
3039 2452
3486 2453
2586 2455
722 2459
3108 2461
930 2463
4100 2464
2721 2466
2468 2468
5714 2469
2537 2475
3235 2477
5304 2480
5572 2483
3742 2484
2485 2485
552 2486
2554 2488
2490 2490
1395 2492
2077 2495
5404 2497
720 2498
2499 2499
5521 2500
573 2501
3287 2502
6519 2507
2511 2511
2517 2517
6088 2520
2299 2522
2523 2523
792 2527
66 2529
2423 2531
2873 2533
2923 2534
4084 2537
3298 2538
954 2542
2595 2544
1026 2545
4132 2546
4700 2548
1588 2551
5744 2552
3292 2555
5840 2558
423 2562
5246 2563
2318 2564
43 2565
2566 2566
2567 2567
3733 2568
6350 2571
5434 2573
1222 2577
5347 2583
3485 2587
2588 2588
2445 2592
4248 2595
2600 2600
503 2602
748 2604
1892 2605
2610 2610
4669 2611
2258 2614
3833 2615
728 2620
2623 2623
3327 2628
5840 2629
2044 2630
2636 2636
496 2638
4409 2642
4868 2643
2858 2646
2648 2648
2111 2649
4034 2650
3508 2652
423 2655
5516 2657
313 2658
1722 2662
2663 2663
5404 2665
5522 2668
4176 2670
4132 2672
5706 2675
392 2677
1533 2678
4072 2679
4218 2680
2941 2682
870 2683
2684 2684
2688 2688
2689 2689
1107 2690
2691 2691
2699 2699
2306 2701
1261 2702
466 2704
2705 2705
1702 2706
1082 2707
466 2712
3777 2714
2715 2715
466 2717
124 2718
2719 2719
4092 2721
4989 2722
1808 2723
1710 2724
1220 2726
784 2729
1827 2731
6739 2733
6362 2734
3514 2736
5009 2738
6723 2739
2740 2740
6300 2744
2547 2745
113 2746
4176 2747
6769 2748
5743 2753
6838 2754
4852 2761
2172 2762
4100 2763
3403 2771
4060 2772
2775 2775
1731 2777
2783 2783
4880 2790
3823 2791
2209 2794
2795 2795
2718 2796
2718 2798
870 2799
2444 2801
2928 2802
6675 2803
2443 2804
4364 2805
4672 2808
2811 2811
6125 2812
4067 2814
2815 2815
1314 2818
4503 2819
4934 2820
3334 2821
5939 2822
700 2824
2825 2825
2826 2826
6834 2827
2446 2829
4393 2830
4019 2833
2834 2834
6076 2836
5373 2837
2718 2838
3166 2839
4100 2842
881 2844
2845 2845
4218 2847
1878 2848
942 2851
2111 2852
5596 2853
4788 2854
6714 2855
2012 2859
1523 2860
1309 2864
5348 2865
6862 2866
1933 2873
2559 2874
3373 2875
2877 2877
2878 2878
752 2879
4132 2883
4039 2884
1285 2888
2646 2889
1239 2890
439 2893
691 2894
2895 2895
2897 2897
2898 2898
2903 2903
697 2904
2905 2905
2299 2906
2718 2907
954 2908
6362 2909
5989 2910
2718 2911
359 2912
2914 2914
1167 2915
684 2917
3565 2918
4932 2920
874 2921
894 2922
2568 2929
2525 2930
5125 2932
1588 2937
1226 2939
2941 2941
2942 2942
4100 2949
6326 2950
1480 2953
2955 2955
1165 2957
1630 2959
6875 2960
5487 2965
2967 2967
4635 2971
2977 2977
1824 2981
4084 2984
4237 2986
2989 2989
4919 2991
5686 2992
5069 2994
439 2995
586 2996
287 2999
5686 3000
3001 3001
6374 3002
3004 3004
1310 3005
3006 3006
5153 3007
466 3008
2714 3009
4238 3011
3012 3012
4852 3013
6519 3015
3296 3016
4170 3019
407 3020
5182 3021
2718 3022
4932 3023
416 3024
1874 3026
5024 3027
3029 3029
4521 3030
6086 3031
5293 3032
5598 3033
3355 3035
3036 3036
3037 3037
914 3039
5182 3042
3044 3044
6285 3045
792 3047
2928 3048
5571 3052
4842 3054
2182 3056
5279 3058
4932 3059
3982 3060
3063 3063
2813 3064
4628 3065
6530 3068
2958 3069
216 3071
214 3072
3322 3075
1722 3076
3104 3077
5256 3078
3781 3079
5938 3085
5516 3086
2444 3088
3090 3090
686 3093
4464 3094
3096 3096
2765 3098
1239 3100
3483 3101
846 3109
3112 3112
741 3113
995 3116
3120 3120
4606 3121
3933 3124
3125 3125
6512 3130
287 3132
3877 3136
3137 3137
3574 3138
3139 3139
4493 3141
5596 3144
466 3145
3796 3146
6257 3147
314 3150
466 3151
1976 3152
3155 3155
4916 3158
5913 3161
3163 3163
1051 3164
4143 3165
3167 3167
5251 3168
2168 3170
2711 3171
3172 3172
4132 3174
5799 3176
3177 3177
4343 3178
5182 3179
3029 3181
3496 3182
6062 3183
3710 3185
4132 3187
4970 3189
3190 3190
3195 3195
3196 3196
3278 3198
1848 3199
3362 3201
6501 3205
3207 3207
4215 3208
98 3209
3216 3216
6683 3217
1382 3218
3219 3219
1362 3221
3223 3223
2111 3227
3229 3229
887 3232
2212 3233
3826 3237
5373 3239
228 3240
3241 3241
3242 3242
3246 3246
4377 3252
244 3254
2880 3255
717 3259
4409 3260
5328 3263
3267 3267
5784 3268
4768 3269
4309 3271
4100 3273
910 3276
3278 3278
650 3279
3281 3281
3283 3283
3284 3284
5492 3285
5414 3288
6412 3289
2111 3291
3565 3293
3164 3299
5088 3311
6560 3312
684 3314
3316 3316
3139 3321
1287 3323
3322 3328
6113 3330
5035 3331
3792 3332
3333 3333
6381 3334
3776 3335
2005 3338
2166 3339
1937 3340
2843 3344
1477 3346
493 3347
701 3352
5071 3357
3452 3358
2746 3359
2998 3360
3982 3363
4493 3365
2932 3368
5921 3369
2637 3370
3371 3371
2718 3372
3588 3376
3385 3385
3386 3386
2998 3387
3388 3388
3014 3389
392 3391
5182 3392
503 3393
3533 3395
5393 3398
1024 3400
2293 3401
2623 3405
3998 3406
6713 3407
2175 3408
287 3414
3417 3417
4954 3419
3136 3421
3423 3423
5182 3424
3429 3429
2402 3430
3574 3432
1467 3433
3436 3436
113 3439
3204 3440
5986 3445
3447 3447
5794 3452
2702 3453
3457 3457
1024 3459
529 3460
6214 3461
498 3464
3833 3468
3751 3469
4902 3473
433 3474
4100 3477
3676 3478
2051 3480
4364 3482
6688 3483
4867 3486
5212 3489
62 3490
1045 3493
3495 3495
5521 3497
4215 3498
3499 3499
3500 3500
5492 3501
4500 3506
990 3507
3364 3513
3516 3516
2586 3520
5489 3521
1670 3525
3530 3530
4934 3534
2599 3538
3982 3539
3541 3541
6713 3543
1739 3546
3547 3547
3548 3548
5989 3554
5053 3557
6518 3561
3566 3566
3568 3568
741 3571
3576 3576
1399 3582
6688 3585
3586 3586
4013 3587
4562 3590
124 3597
2950 3600
3601 3601
3602 3602
6519 3603
212 3607
2998 3608
5306 3609
4662 3610
6535 3612
6665 3613
1571 3615
3616 3616
4700 3618
2625 3619
3621 3621
5428 3622
4920 3623
2549 3627
3565 3632
3956 3633
3059 3634
3569 3636
3637 3637
3638 3638
4438 3642
3643 3643
1662 3644
3767 3646
3648 3648
3649 3649
191 3650
3577 3653
5150 3656
1957 3658
650 3664
4100 3666
3667 3667
651 3668
3602 3669
4867 3671
4900 3673
3674 3674
635 3681
3682 3682
3324 3685
1446 3686
2676 3687
1195 3688
3690 3690
6706 3691
3692 3692
607 3694
3695 3695
6366 3697
3000 3700
3702 3702
3703 3703
3704 3704
3706 3706
684 3710
1316 3715
5268 3717
4100 3719
472 3720
3723 3723
1883 3724
1160 3725
3728 3728
2530 3731
1239 3734
2530 3735
2888 3736
3738 3738
5644 3739
5631 3743
4773 3744
6351 3745
3747 3747
5376 3748
2969 3750
4867 3751
3421 3753
2985 3754
3792 3755
6708 3756
1467 3758
3361 3759
1588 3760
338 3768
6775 3772
3751 3775
3776 3776
3777 3777
3781 3781
3782 3782
1467 3784
5881 3785
2573 3786
5293 3788
4697 3789
3791 3791
4100 3793
684 3796
604 3797
2112 3798
3059 3799
3322 3807
2193 3811
6750 3812
3813 3813
6125 3814
889 3815
1818 3817
62 3818
2346 3819
3169 3821
151 3823
2600 3824
3825 3825
5915 3826
3828 3828
3829 3829
4607 3830
3322 3831
3833 3833
307 3836
6235 3837
926 3838
4262 3840
3901 3842
3843 3843
1962 3846
382 3847
2305 3850
784 3852
3235 3853
6291 3854
5113 3855
5182 3858
4340 3859
4888 3860
5663 3861
466 3862
6628 3864
498 3870
543 3871
5357 3873
3874 3874
5285 3876
2480 3877
3883 3883
3884 3884
3885 3885
4762 3886
2941 3890
5554 3896
586 3897
586 3901
3906 3906
1427 3907
1496 3910
6831 3911
5809 3912
2582 3914
580 3917
5516 3918
5783 3921
342 3922
498 3925
4502 3926
489 3927
650 3928
708 3929
2961 3937
5910 3938
3941 3941
5768 3942
1175 3944
348 3947
6425 3949
244 3951
3954 3954
4078 3957
1685 3961
3962 3962
380 3963
1585 3964
3340 3965
2030 3967
6395 3968
4867 3970
4132 3971
6741 3973
3108 3975
3976 3976
3978 3978
3979 3979
4526 3984
2919 3988
6469 3993
1734 3994
2568 3996
5334 3999
5349 4001
4565 4004
2801 4006
2764 4007
4100 4008
336 4009
4836 4010
4902 4013
1107 4014
3607 4016
5844 4020
487 4021
6084 4022
4023 4023
3320 4029
4032 4032
2998 4033
4035 4035
4036 4036
4037 4037
1044 4041
4042 4042
6731 4044
4045 4045
4048 4048
3366 4052
6469 4055
4867 4057
5809 4060
1357 4066
4073 4073
6724 4074
3439 4076
4077 4077
627 4078
1892 4079
1104 4081
4082 4082
2007 4089
2221 4091
1823 4092
4100 4094
2175 4095
5012 4103
2111 4105
5595 4107
4132 4109
2256 4110
4529 4113
699 4117
3737 4118
5190 4120
4123 4123
5377 4124
5678 4127
3612 4129
410 4133
4504 4134
4135 4135
439 4136
6592 4137
4077 4138
978 4142
6814 4143
3094 4147
2130 4148
4150 4150
4153 4153
4514 4154
4157 4157
1383 4159
4160 4160
3161 4162
1739 4163
580 4165
4167 4167
4168 4168
5347 4170
1011 4172
4174 4174
5758 4178
5806 4180
2303 4181
1383 4182
3982 4183
2865 4184
1559 4187
3017 4188
4626 4189
2293 4191
4192 4192
829 4193
6398 4195
144 4197
2534 4202
147 4206
3029 4209
2884 4210
112 4212
1551 4213
1193 4214
6057 4215
5373 4216
3498 4219
2888 4220
2014 4224
4225 4225
4604 4227
4230 4230
4237 4237
4238 4238
1393 4240
4241 4241
4244 4244
1827 4246
2612 4250
4387 4252
1821 4254
6533 4257
4900 4258
3474 4259
4607 4261
4262 4262
4529 4263
6422 4271
4639 4276
4277 4277
2941 4280
4282 4282
3466 4284
6644 4285
359 4286
6647 4288
4574 4289
4290 4290
4291 4291
1588 4292
4294 4294
2654 4295
4297 4297
4299 4299
1146 4301
1599 4302
1867 4305
4306 4306
1551 4309
5405 4310
6209 4311
379 4312
3638 4313
3 4314
5585 4316
3730 4317
1378 4318
2241 4319
669 4320
4321 4321
3688 4322
4329 4329
4843 4330
3059 4333
3396 4334
4335 4335
4337 4337
4338 4338
4340 4340
6824 4344
6379 4346
681 4347
4354 4354
1785 4355
958 4358
3772 4362
6734 4364
1315 4365
4143 4371
4372 4372
5540 4375
4377 4377
5547 4380
5083 4382
4386 4386
4387 4387
2450 4388
4389 4389
4392 4392
3611 4393
3196 4396
2106 4403
4405 4405
3278 4406
4407 4407
5799 4409
3243 4410
3965 4412
5809 4414
496 4416
4417 4417
4424 4424
1813 4427
4177 4428
2844 4436
5200 4437
5466 4438
156 4439
2992 4440
2689 4442
4443 4443
6475 4449
4452 4452
144 4453
4454 4454
6409 4457
1387 4458
3447 4459
5678 4461
180 4462
4317 4463
5726 4464
4130 4470
5182 4472
1251 4475
4932 4478
4552 4487
6190 4488
4493 4493
5717 4494
3322 4496
4849 4497
2165 4499
3374 4500
4095 4501
4503 4503
3613 4509
3168 4511
6291 4515
4843 4521
2198 4522
5930 4523
2891 4525
5640 4526
1170 4527
235 4530
188 4533
144 4535
4538 4538
1808 4539
3013 4540
4543 4543
4545 4545
4546 4546
2067 4548
4550 4550
5024 4551
6065 4559
238 4561
6661 4564
2748 4565
1940 4568
4571 4571
4573 4573
2811 4575
3982 4579
6209 4586
2096 4587
992 4589
632 4593
5295 4594
5522 4600
5246 4603
4906 4604
5809 4605
4607 4607
4609 4609
4100 4611
439 4612
942 4619
4102 4620
1680 4622
1044 4623
4100 4624
2950 4627
1710 4629
1850 4631
4920 4638
5733 4639
4641 4641
1801 4648
3982 4654
2429 4663
62 4677
2081 4679
268 4684
4545 4685
5679 4686
4687 4687
4688 4688
4916 4690
423 4692
2007 4695
5996 4696
669 4698
4100 4699
1467 4701
2865 4703
1588 4704
5163 4707
4709 4709
1293 4711
1867 4712
3059 4714
1989 4715
1261 4716
4724 4724
4725 4725
4315 4726
5631 4727
4729 4729
4730 4730
6426 4731
3309 4735
4736 4736
4737 4737
1277 4739
4740 4740
4095 4742
4744 4744
5165 4745
4746 4746
4747 4747
3321 4749
5002 4750
8 4752
4019 4756
4757 4757
2248 4760
1993 4762
4763 4763
4764 4764
466 4766
1867 4770
651 4771
2771 4772
720 4777
2192 4778
2196 4780
1222 4781
6005 4784
4919 4785
5487 4786
4251 4789
4189 4792
5259 4793
5339 4796
6566 4797
1146 4800
3847 4804
5982 4806
346 4808
6696 4810
1685 4811
377 4813
4364 4815
4396 4816
4817 4817
5046 4821
5777 4824
3322 4825
1162 4826
1608 4827
3886 4828
3413 4830
4958 4831
5645 4832
4837 4837
2615 4840
1163 4844
1588 4847
4920 4848
4849 4849
1084 4852
255 4854
4856 4856
496 4857
4859 4860
6195 4864
2709 4866
6527 4868
6327 4871
4873 4873
4593 4874
5316 4875
1892 4877
4878 4878
2172 4879
4881 4881
2172 4885
4493 4887
1343 4889
5373 4890
4409 4891
776 4892
3235 4894
2057 4899
4900 4900
784 4901
2853 4903
5235 4904
5879 4905
2582 4906
1490 4909
3592 4910
981 4911
4912 4912
4915 4915
914 4916
2116 4917
2410 4919
4648 4921
1588 4926
4930 4930
4932 4932
5848 4933
4934 4934
4935 4935
2077 4938
4007 4939
3067 4940
4941 4941
4950 4950
4951 4951
4953 4953
2975 4954
4956 4956
4962 4962
6023 4966
4968 4968
4973 4973
220 4975
5672 4977
2919 4981
3874 4982
6626 4986
1612 4987
4355 4988
4989 4989
6113 4990
6020 4997
4920 4998
193 4999
274 5000
5818 5002
6563 5005
3957 5006
1813 5009
752 5019
5416 5021
5516 5022
4436 5027
2604 5029
3755 5031
3567 5032
3417 5033
4663 5035
497 5036
2318 5037
5038 5038
144 5040
5041 5041
5032 5042
635 5046
287 5047
4867 5048
5385 5050
310 5052
5053 5053
5054 5054
3983 5055
5056 5056
5514 5058
718 5059
2493 5063
573 5064
4629 5065
1108 5066
490 5067
716 5068
5069 5069
1186 5070
5072 5072
6357 5074
1284 5076
6048 5077
5078 5078
5079 5079
5080 5080
537 5081
360 5093
2034 5096
2941 5098
5100 5100
5101 5101
5246 5105
5246 5108
1467 5109
958 5110
5071 5111
1353 5113
2941 5115
5117 5117
1654 5118
6831 5119
3950 5123
5124 5124
5125 5125
2744 5126
256 5132
6832 5136
4377 5138
5182 5139
466 5140
601 5141
5143 5143
719 5148
6350 5150
2644 5153
5799 5156
100 5157
6574 5158
990 5160
5053 5161
16 5165
602 5166
4907 5168
2111 5170
3296 5178
5179 5179
381 5180
2718 5185
1411 5186
2941 5187
5188 5188
3255 5192
5981 5193
2720 5194
1822 5195
2631 5196
3237 5197
5198 5198
6837 5199
615 5203
5205 5205
2098 5206
4682 5207
5211 5211
4997 5212
5783 5213
1222 5217
1867 5219
2266 5223
1588 5224
5225 5225
52 5226
2284 5229
4100 5231
4328 5232
4306 5234
5235 5235
5316 5236
5239 5239
3789 5247
2811 5250
5251 5251
4125 5252
5585 5253
6018 5254
3321 5255
5247 5256
6088 5258
4044 5259
6119 5261
2300 5262
5266 5266
5269 5269
5339 5275
4100 5276
3322 5277
4985 5281
5282 5282
483 5283
264 5284
5287 5287
6302 5288
4153 5290
4493 5291
5292 5292
5295 5295
5297 5297
5298 5298
1895 5299
5596 5300
4760 5302
2629 5304
3609 5306
5806 5307
5416 5311
5516 5312
1364 5314
1619 5316
4364 5317
1107 5321
3407 5323
5324 5324
838 5325
4218 5326
3200 5328
4103 5331
5627 5332
5333 5333
2192 5334
792 5336
360 5342
926 5343
838 5347
5113 5348
2166 5350
3808 5353
684 5354
1167 5355
6619 5359
3511 5360
2813 5364
5365 5365
1853 5368
2305 5370
1310 5372
3044 5373
3254 5374
552 5375
1310 5376
6713 5377
5378 5378
5379 5379
3855 5381
5719 5382
1895 5384
5385 5385
3789 5389
496 5392
5393 5393
43 5396
259 5397
6405 5398
6293 5399
3088 5402
5153 5405
5406 5406
1615 5408
5409 5409
5411 5411
3763 5412
2227 5414
5806 5417
2305 5423
2764 5426
3379 5428
5996 5429
4662 5432
1862 5436
6508 5437
5438 5438
2566 5440
5443 5443
3466 5445
5554 5446
4131 5448
3710 5451
5452 5452
4912 5457
5458 5458
4100 5460
4100 5462
5464 5464
4313 5467
5468 5468
3092 5473
5809 5477
2718 5480
3965 5484
6119 5486
3490 5487
5488 5488
296 5489
4100 5491
8 5496
5497 5497
3602 5498
2446 5499
911 5501
4100 5502
1655 5504
2521 5505
2431 5507
5586 5511
5512 5512
5514 5514
6267 5515
6198 5519
5521 5521
5522 5522
5525 5525
3232 5529
5536 5536
5538 5538
2977 5539
5540 5540
1496 5541
5542 5542
466 5545
3802 5547
5182 5548
5437 5550
2631 5551
1587 5554
6115 5559
1158 5561
439 5562
4526 5564
6577 5567
6731 5569
4500 5571
6113 5572
3976 5573
5806 5577
2941 5580
3452 5582
4100 5583
1511 5584
6302 5586
2712 5588
5100 5590
6812 5591
2625 5592
4932 5594
5598 5598
2163 5600
5601 5601
85 5602
977 5603
5314 5604
1165 5606
1549 5607
1845 5608
5609 5609
6209 5610
1549 5611
5910 5614
2491 5616
4184 5618
5619 5619
3721 5626
5652 5627
4965 5628
660 5629
5378 5630
342 5631
5635 5635
36 5638
914 5640
5641 5641
1871 5643
3439 5644
1827 5645
4346 5646
5648 5648
5651 5651
3411 5652
5208 5653
3106 5656
3966 5657
5659 5659
3982 5662
5663 5663
2795 5666
4100 5667
650 5668
3565 5670
5758 5671
5416 5673
875 5675
2030 5677
1916 5678
2241 5682
232 5685
2385 5687
5809 5688
6057 5690
2831 5691
2498 5692
2941 5693
4939 5695
5980 5697
315 5698
1670 5701
5702 5702
3200 5703
6750 5708
1011 5711
1956 5713
896 5715
4991 5716
118 5720
4127 5721
5724 5724
4322 5726
6517 5727
2961 5732
2445 5739
5740 5740
5741 5741
4147 5742
5160 5743
2445 5744
657 5748
5750 5750
5042 5751
4773 5752
4428 5753
4100 5754
109 5756
2527 5757
3067 5760
5762 5762
5783 5763
4100 5765
2888 5766
5767 5767
823 5768
5235 5772
4981 5773
5775 5775
5777 5777
4132 5779
4932 5780
508 5781
5782 5782
5783 5783
179 5785
3121 5788
6364 5791
5793 5793
5799 5799
6549 5800
4478 5801
5802 5802
5806 5806
5807 5807
6282 5808
4890 5810
6594 5811
3547 5812
5813 5813
1875 5819
2718 5825
4562 5828
5829 5829
273 5831
5834 5834
6161 5837
5838 5838
5840 5840
1599 5858
1547 5861
2101 5862
5865 5865
6396 5867
5869 5869
5636 5870
4991 5872
911 5874
1655 5878
3959 5879
5880 5880
3359 5884
5863 5888
1855 5890
650 5892
4493 5897
5899 5899
5113 5902
3077 5904
2815 5906
5908 5908
2658 5913
5806 5921
5923 5923
5040 5924
5927 5927
3204 5928
617 5931
5932 5932
5933 5933
1864 5935
5939 5939
4272 5941
144 5943
870 5945
1867 5949
5951 5951
2101 5952
5953 5953
1194 5954
2788 5955
4742 5957
5 5964
1867 5969
4313 5970
5213 5971
2941 5972
5254 5973
5182 5979
2826 5980
5981 5981
6241 5984
1637 5985
4953 5986
5988 5988
5989 5989
5991 5991
5994 5994
5182 5995
5997 5997
6287 5999
4349 6002
5516 6003
4493 6004
5130 6006
4132 6007
5736 6010
2251 6016
1813 6017
1494 6018
5246 6019
1874 6020
6023 6023
2815 6026
5525 6027
2922 6028
1291 6029
3624 6032
3733 6033
159 6036
3569 6038
3713 6040
2718 6044
6045 6045
3565 6046
6311 6052
6054 6054
3913 6055
2086 6056
6057 6057
4918 6061
6062 6062
1735 6065
5663 6066
6115 6069
4436 6073
6077 6077
5677 6084
4573 6085
1222 6087
5024 6089
6090 6090
124 6091
466 6094
3246 6095
1631 6098
6614 6104
6107 6107
5560 6108
5516 6109
6110 6110
3496 6113
4100 6116
1745 6117
4176 6118
3735 6119
41 6125
6243 6127
2718 6132
6136 6136
1588 6137
2346 6138
3497 6142
2624 6143
1770 6145
6147 6147
5171 6150
2860 6151
4521 6152
6154 6154
5064 6158
6159 6159
4257 6160
2851 6162
6163 6163
1658 6164
650 6165
2190 6166
6172 6172
6064 6175
4212 6177
5909 6179
1243 6180
124 6181
1160 6182
2118 6185
2017 6187
3278 6194
3837 6195
710 6196
1378 6197
6200 6200
5216 6202
1467 6206
3565 6208
4837 6209
5516 6211
6212 6212
5820 6214
3710 6215
1167 6217
3564 6218
1986 6219
3235 6228
650 6233
6117 6240
5551 6243
2941 6244
5540 6247
6248 6248
496 6251
4289 6254
3797 6258
815 6259
1008 6260
4493 6262
6263 6263
752 6269
6560 6272
6275 6275
6276 6276
3744 6277
6278 6278
5218 6279
2941 6280
6281 6281
6290 6282
2990 6283
6285 6285
3385 6286
3703 6287
6560 6288
3337 6291
485 6292
573 6293
2305 6294
942 6295
990 6296
2906 6297
3865 6298
6302 6302
1239 6305
2998 6307
5567 6308
2240 6310
6315 6315
650 6316
6317 6317
5516 6318
6319 6319
5636 6321
2853 6322
6323 6323
4170 6325
4631 6326
6327 6327
2789 6330
6332 6332
2941 6333
62 6334
83 6335
1478 6338
1398 6339
3201 6340
3846 6341
3942 6342
687 6346
6350 6350
748 6355
163 6356
335 6357
4941 6360
4852 6361
6396 6362
6363 6363
6365 6365
2941 6367
4261 6369
6370 6370
6350 6374
2431 6375
379 6379
5989 6381
6383 6383
3943 6386
4615 6388
6389 6389
3628 6390
4607 6391
466 6393
1285 6394
5672 6400
496 6401
6402 6402
6495 6403
4689 6406
4526 6409
6522 6410
4954 6411
5345 6413
3281 6415
649 6416
2498 6421
2739 6422
5908 6425
2998 6428
6429 6429
3261 6433
1035 6434
3067 6435
4816 6436
6438 6438
3567 6439
6440 6440
4100 6443
3601 6444
3975 6449
1035 6450
3327 6452
692 6454
332 6457
4737 6466
6467 6467
2938 6470
4585 6471
5395 6474
498 6475
6714 6477
6482 6482
3957 6483
5104 6485
4493 6486
1867 6489
6710 6491
3564 6494
6519 6495
4360 6499
6502 6502
6287 6503
4066 6505
2990 6506
6502 6507
5130 6508
2914 6510
6512 6512
699 6513
5222 6517
6860 6518
2941 6521
5262 6525
6526 6526
6527 6527
3602 6529
3565 6532
5915 6533
462 6534
6537 6537
1466 6538
6350 6539
1808 6542
2815 6544
5373 6545
6546 6546
4493 6552
3565 6553
22 6557
6559 6559
5589 6561
6563 6563
6257 6564
6567 6567
843 6572
4697 6573
6574 6574
6585 6585
2175 6587
6731 6588
3553 6589
5164 6590
6591 6591
6592 6592
6520 6593
4889 6594
6595 6595
1738 6598
2992 6600
6602 6602
6603 6603
6519 6608
2998 6609
1044 6611
466 6614
6005 6619
6350 6620
4370 6621
6623 6623
6625 6625
6626 6626
2954 6627
5222 6628
2378 6630
6631 6631
6638 6638
6643 6643
6644 6644
377 6648
3064 6649
2917 6650
716 6653
6462 6654
5024 6655
2167 6657
6660 6660
1797 6661
4382 6662
6663 6663
5773 6664
6665 6665
6666 6666
3876 6669
4797 6674
6741 6676
1818 6682
3628 6683
3364 6686
439 6687
848 6688
242 6692
6693 6693
6018 6695
5783 6700
2145 6702
6706 6706
3458 6709
4476 6711
3848 6712
6713 6713
4506 6714
4493 6716
363 6717
2342 6718
4230 6719
6721 6721
3737 6723
1418 6724
2445 6727
55 6729
4757 6731
2309 6735
6363 6739
6530 6740
1627 6746
6750 6750
5238 6757
5452 6758
1076 6759
4867 6760
5958 6765
910 6771
5222 6772
2776 6775
3536 6776
5024 6779
2708 6781
4562 6784
6785 6785
1246 6789
6791 6791
6107 6792
6801 6793
4237 6794
3969 6795
6098 6796
1886 6797
2998 6799
6800 6800
5053 6802
4306 6804
4920 6805
5571 6806
3371 6807
6809 6809
651 6811
244 6814
6817 6817
2007 6820
439 6821
745 6823
6824 6824
1537 6825
5774 6826
784 6828
6519 6833
6834 6834
402 6842
382 6843
6844 6844
3538 6845
6852 6846
1616 6849
6287 6851
5768 6853
2111 6855
6856 6856
3661 6857
6859 6859
942 6860
2285 6864
6865 6865
466 6867
1484 6868
2483 6869
6872 6872
4919 6873
4487 6875
4067 6878
4493 6879
170 6881
5848 6884
6889 6889
