1999 1999
2294 2294
2277 2277
2270 2270
2004 2004
2074 2074
2000 2000
2480 2480
2049 2049
2222 2222
2383 2383
2137 2137
2177 2177
2489 2489
2131 2131
2057 2057
2154 2154
2580 2580
2262 2262
2493 2493
2498 2498
2075 2075
2274 2274
2155 2155
2150 2150
3623 3623
3777 3777
2167 2167
2130 2130
2129 2129
2387 2387
2470 2470
2382 2382
2046 2046
2168 2168
2776 2776
2161 2161
3863 3863
2500 2500
3650 3650
2628 2628
2043 2043
2593 2593
2366 2366
2124 2124
2770 2770
3843 3843
3656 3656
2180 2180
2258 2258
2612 2612
2199 2199
264 264
2221 2221
2395 2395
2063 2063
2697 2697
3658 3658
2476 2476
3778 3778
2156 2156
2473 2473
3859 3859
2596 2596
2237 2237
2165 2165
2061 2061
2164 2164
3633 3633
2079 2079
3537 3537
13 13
2084 2084
141 141
409 409
3949 3949
3852 3852
2615 2615
3589 3589
2477 2477
2396 2396
2774 2774
339 339
3587 3587
3845 3845
3925 3925
3909 3909
3533 3533
3915 3915
3824 3824
3543 3543
2590 2590
3047 3047
3562 3562
3070 3070
6248 6248
2623 2623
3166 3166
3566 3566
3829 3829
3836 3836
3538 3538
3586 3586
3914 3914
408 408
3837 3837
1984 1984
3806 3806
3575 3575
3583 3583
3585 3585
239 239
3750 3750
23 23
3584 3584
3826 3826
1982 1982
3602 3602
6276 6276
3547 3547
3569 3569
331 331
55 55
433 433
262 262
3700 3700
2631 2631
45 45
2584 2584
3552 3552
3757 3757
3799 3799
3927 3927
51 51
1907 1907
3755 3755
3595 3595
3849 3849
3551 3551
3613 3613
3591 3591
3932 3932
356 356
342 342
290 290
312 312
2239 2239
2600 2600
6246 6246
3800 3800
3563 3563
228 228
3916 3916
2622 2622
2624 2624
2123 2123
419 419
324 324
2795 2795
2621 2621
3568 3568
1983 1983
436 436
2126 2126
313 313
420 420
2157 2157
315 315
2797 2797
47 47
230 230
3667 3667
3747 3747
28 28
322 322
3780 3780
2502 2502
428 428
2501 2501
2783 2783
3516 3516
2525 2525
2564 2564
3795 3795
327 327
2521 2521
2200 2200
2401 2401
266 266
3704 3704
3052 3052
421 421
3910 3910
456 456
188 188
2027 2027
2030 2030
2519 2519
2197 2197
2619 2619
2523 2523
2391 2391
2067 2067
2629 2629
2642 2642
245 245
3894 3894
1990 1990
2011 2011
2636 2636
1 1
2637 2637
3660 3660
234 234
2086 2086
307 307
5510 5510
267 267
2093 2093
3771 3771
2281 2281
3895 3895
2532 2532
295 295
2650 2650
2231 2231
3808 3808
2570 2570
5504 5504
2667 2667
2457 2457
2022 2022
5610 5610
3819 3819
2656 2656
2413 2413
5683 5683
5750 5750
2560 2560
5506 5506
5469 5469
2282 2282
5590 5590
5519 5519
2675 2675
3950 3950
5597 5597
2558 2558
2538 2538
5621 5621
3706 3706
5830 5830
5861 5861
5624 5624
2302 2302
1987 1987
2534 2534
2097 2097
2299 2299
2431 2431
2295 2295
2648 2648
2655 2655
5641 5641
5673 5673
5631 5631
2035 2035
5698 5698
2422 2422
5738 5738
2572 2572
3718 3718
5515 5515
2678 2678
333 333
2653 2653
2662 2662
3714 3714
5630 5630
3817 3817
2345 2345
2300 2300
3818 3818
2663 2663
3646 3646
2692 2692
2252 2252
2674 2674
3904 3904
3866 3866
2424 2424
405 405
2322 2322
3717 3717
6234 6234
4022 4022
3868 3868
2460 2460
3796 3796
5746 5746
3839 3839
3709 3709
174 174
5615 5615
2308 2308
5951 5951
2307 2307
5847 5847
5613 5613
5959 5959
3889 3889
2577 2577
2316 2316
5932 5932
6238 6238
5542 5542
5539 5539
2459 2459
3812 3812
5964 5964
2541 2541
2447 2447
5727 5727
6231 6231
5555 5555
5581 5581
2025 2025
2311 2311
2202 2202
5557 5557
4028 4028
2111 2111
3710 3710
2330 2330
2557 2557
3647 3647
5672 5672
3437 3437
2556 2556
6054 6054
2088 2088
4001 4001
5717 5717
268 268
2417 2417
5671 5671
5819 5819
4029 4029
5978 5978
4038 4038
4003 4003
5552 5552
2461 2461
3353 3353
2309 2309
5977 5977
4013 4013
3438 3438
4018 4018
5654 5654
3877 3877
2249 2249
380 380
6881 6881
2115 2115
2325 2325
378 378
3983 3983
3954 3954
3343 3343
2418 2418
406 406
5648 5648
3679 3679
4004 4004
6158 6158
5620 5620
5970 5970
3680 3680
3958 3958
4067 4067
147 147
4071 4071
5856 5856
4032 4032
3976 3976
3865 3865
4048 4048
5973 5973
2425 2425
5976 5976
4035 4035
5235 5235
3271 3271
4034 4034
3873 3873
4044 4044
2435 2435
2318 2318
3274 3274
2452 2452
161 161
3988 3988
2466 2466
3440 3440
3308 3308
3935 3935
447 447
4040 4040
3344 3344
6077 6077
4012 4012
6026 6026
3267 3267
3261 3261
5475 5475
3989 3989
3057 3057
3313 3313
5532 5532
2451 2451
3991 3991
3406 3406
3311 3311
3315 3315
3269 3269
3963 3963
2444 2444
3363 3363
3312 3312
1924 1924
3864 3864
3296 3296
3265 3265
3294 3294
3286 3286
2319 2319
4061 4061
6085 6085
376 376
3249 3249
3281 3281
4070 4070
3298 3298
5853 5853
3316 3316
3813 3813
1926 1926
3230 3230
3900 3900
3266 3266
3225 3225
2059 2059
5566 5566
3237 3237
3241 3241
3223 3223
3317 3317
3291 3291
4799 4799
3346 3346
6064 6064
5984 5984
3211 3211
5396 5396
5855 5855
6162 6162
3254 3254
5677 5677
3368 3368
3232 3232
6159 6159
3059 3059
3371 3371
3246 3246
448 448
5398 5398
203 203
5440 5440
3349 3349
3221 3221
1928 1928
6086 6086
2702 2702
5663 5663
186 186
1630 1630
1731 1731
3695 3695
1747 1747
1684 1684
1627 1627
2754 2754
6105 6105
544 544
532 532
220 220
3768 3768
3400 3400
1629 1629
3373 3373
2758 2758
2709 2709
1745 1745
4309 4309
5569 5569
1645 1645
493 493
3491 3491
1925 1925
1770 1770
1746 1746
3448 3448
5393 5393
514 514
512 512
401 401
372 372
546 546
1962 1962
754 754
3398 3398
3430 3430
1868 1868
719 719
6169 6169
3234 3234
5385 5385
464 464
5404 5404
2708 2708
5390 5390
5706 5706
3450 3450
3405 3405
3487 3487
2759 2759
3412 3412
1938 1938
1744 1744
519 519
1622 1622
573 573
2716 2716
440 440
3451 3451
3416 3416
1608 1608
1933 1933
1694 1694
3731 3731
3404 3404
2961 2961
3377 3377
2977 2977
1655 1655
1611 1611
470 470
1867 1867
1659 1659
1309 1309
2866 2866
1565 1565
1663 1663
1748 1748
5919 5919
3462 3462
1697 1697
2976 2976
3453 3453
1625 1625
1388 1388
2960 2960
1641 1641
4827 4827
3392 3392
565 565
305 305
1909 1909
5760 5760
5406 5406
3334 3334
1603 1603
1231 1231
1676 1676
3455 3455
2742 2742
1620 1620
1666 1666
4305 4305
1719 1719
2991 2991
1699 1699
3327 3327
2941 2941
1701 1701
1572 1572
1320 1320
3203 3203
1639 1639
1918 1918
3376 3376
2940 2940
1668 1668
2873 2873
1728 1728
2994 2994
2864 2864
2865 2865
1854 1854
1857 1857
163 163
3216 3216
3218 3218
3677 3677
5758 5758
1915 1915
1674 1674
1762 1762
1624 1624
6320 6320
5900 5900
1380 1380
1678 1678
3386 3386
1593 1593
5410 5410
6008 6008
1682 1682
2995 2995
1856 1856
1932 1932
3468 3468
4828 4828
1356 1356
1888 1888
3033 3033
3389 3389
1887 1887
1422 1422
1914 1914
1419 1419
1855 1855
1390 1390
1232 1232
3385 3385
1383 1383
1588 1588
1851 1851
1308 1308
1904 1904
3005 3005
3460 3460
1977 1977
3030 3030
1823 1823
1358 1358
2717 2747
4300 4300
1828 1828
5757 5757
2947 2947
1351 1351
6156 6156
4299 4299
3383 3383
426 426
3382 3382
168 168
1734 1734
1850 1850
1283 1283
3004 3004
4111 4111
3427 3427
3204 3204
4739 4739
4130 4130
777 777
1833 1833
1671 1671
6330 6330
1727 1727
3324 3324
4250 4250
1393 1393
2740 2740
5805 5805
4429 4429
4225 4225
880 880
2894 2894
4213 4213
771 771
2852 2852
1709 1709
5777 5777
2877 2877
736 736
5812 5812
5438 5438
613 613
5774 5774
3012 3012
1968 1968
610 610
3147 3147
6274 6274
5791 5791
4910 4910
4302 4302
2860 2860
4184 4184
3063 3063
3333 3333
1382 1382
3037 3037
943 943
3036 3036
2872 2872
1420 1420
1976 1976
4169 4169
6365 6365
4091 4091
5304 5304
1545 1545
4093 4093
1586 1586
6485 6485
1396 1396
1605 1605
1301 1301
1425 1425
646 646
4775 4775
693 693
1556 1556
4085 4085
1218 1218
2856 2856
3497 3497
2953 2953
1875 1875
1737 1737
3035 3035
1281 1281
1306 1306
1754 1754
3144 3144
5427 5427
3064 3064
4776 4776
5357 5357
696 696
737 737
1276 1276
3076 3076
4738 4738
1226 1226
3073 3073
826 826
5269 5269
1844 1844
4101 4101
3065 3065
6326 6326
4158 4158
4680 4680
4134 4134
5059 5059
4162 4162
1242 1242
3132 3132
1338 1338
2884 2884
2987 2987
1409 1409
650 650
4751 4751
5162 5162
1421 1421
1215 1215
618 618
4773 4773
1166 1166
3195 3195
4982 4982
1163 1163
4107 4107
4155 4155
584 584
4156 4156
1164 1164
1270 1270
603 603
3323 3323
1755 1755
4897 4897
6742 6742
652 652
4698 4698
3176 3176
6337 6337
3319 3319
4186 4186
5332 5332
6431 6431
4737 4737
6415 6415
4975 4975
6438 6438
5349 5349
1404 1404
1298 1298
6467 6467
422 422
4157 4157
2955 2955
4215 4215
6413 6413
3194 3194
6416 6416
4226 4226
4210 4210
399 399
5056 5056
4230 4230
4831 4831
3148 3148
6180 6180
1557 1557
730 730
3177 3177
1812 1812
4756 4756
1843 1843
1475 1475
1243 1243
3179 3179
4247 4247
6565 6565
4874 4874
1691 1691
4140 4140
1687 1687
4123 4123
2969 2969
1415 1415
912 912
1274 1274
4379 4379
723 723
1591 1591
5074 5074
1162 1162
1509 1509
6395 6395
6754 6754
6751 6751
4106 4106
2819 2819
3193 3193
6359 6359
4175 4175
929 929
6842 6842
5045 5045
4217 4217
6837 6837
1205 1205
1821 1821
3010 3010
621 621
4257 4257
5928 5928
1209 1209
6398 6398
5375 5375
2966 2966
964 964
400 400
5295 5295
5024 5024
4234 4234
4824 4824
6360 6360
5057 5057
5324 5324
2950 2950
3764 3764
6358 6358
1265 1265
1359 1359
6750 6750
1353 1353
390 390
649 649
457 457
5154 5154
6668 6668
1405 1405
5339 5339
6790 6790
4219 4219
1222 1222
4125 4125
5068 5068
6469 6469
5906 5906
6662 6662
4180 4180
3321 3321
3510 3510
3006 3006
1267 1267
661 661
5094 5094
1546 1546
5221 5221
4124 4124
3186 3186
5301 5301
4650 4650
6706 6706
4206 4206
5063 5063
3180 3180
6702 6702
4797 4797
1406 1406
1122 1122
2718 2718
1137 1137
6763 6763
1204 1204
5118 5118
1292 1292
6816 6816
6731 6731
6466 6466
4918 4918
6638 6638
253 253
6657 6657
5128 5128
5127 5127
892 892
5335 5335
6644 6644
1893 1893
4849 4849
4688 4688
5337 5337
1489 1489
5090 5090
2932 2932
6626 6626
1317 1317
5130 5130
4717 4717
4652 4652
6793 6793
5353 5353
6851 6851
817 817
5095 5095
6679 6679
4814 4814
4749 4749
6624 6624
1792 1792
4899 4899
3761 3761
6807 6807
5125 5125
3014 3014
6602 6602
6286 6286
6813 6813
1129 1129
4750 4750
6796 6796
3124 3124
6830 6830
845 845
6783 6783
6858 6858
6426 6426
1241 1241
6868 6868
617 617
5117 5117
5279 5279
6214 6214
796 796
1809 1809
413 413
720 720
412 412
801 801
6308 6308
6635 6635
6831 6831
1834 1834
914 914
1805 1805
5136 5136
887 887
6633 6633
807 807
2910 2910
2833 2833
6191 6191
5133 5133
4714 4714
891 891
6342 6342
3150 3150
1799 1799
5100 5100
1896 1896
2846 2846
4758 4758
4237 4237
1121 1121
1496 1496
1488 1488
4372 4372
632 632
3111 3111
4285 4285
816 816
6584 6584
1487 1487
3090 3090
1251 1251
6869 6869
1527 1527
1362 1362
808 808
1188 1188
926 926
1141 1141
249 249
6595 6595
3128 3128
1780 1780
3172 3172
6374 6374
4316 4316
4238 4238
954 954
1518 1518
3480 3480
2830 2830
655 655
1484 1484
923 923
1110 1110
1796 1796
4120 4120
2915 2915
1482 1482
1153 1153
952 952
1027 1027
6297 6297
274 274
3086 3086
6578 6578
1145 1145
6735 6735
3160 3160
1013 1013
1795 1795
1152 1152
3020 3020
766 766
1108 1108
6582 6582
4317 4317
1511 1511
1524 1524
679 679
3507 3507
4290 4290
1530 1530
4331 4331
1014 1014
6719 6719
4114 4114
4732 4732
768 768
6721 6721
1464 1464
4794 4794
1455 1455
966 966
5002 5002
4944 4944
3097 3097
1042 1042
1107 1107
3021 3021
4425 4425
1474 1474
4598 4598
3109 3109
971 971
1103 1103
1178 1178
3112 3112
3129 3129
4593 4593
3094 3094
4806 4806
4371 4371
1080 1080
1172 1172
6531 6531
6383 6383
1019 1019
1372 1372
987 987
4524 4524
6509 6509
1186 1186
1000 1000
1182 1182
1477 1477
4607 4607
901 901
4947 4947
3473 3473
4474 4474
1071 1071
904 904
1045 1045
4502 4502
4730 4730
1460 1460
4946 4946
6385 6385
4152 4152
6546 6546
4298 4298
4341 4341
855 855
6368 6368
6381 6381
6541 6541
3125 3125
5206 5206
6566 6566
4329 4329
4295 4295
4941 4941
4953 4953
4673 4673
848 848
1070 1070
3088 3088
872 872
4509 4509
4517 4517
4494 4494
1539 1539
903 903
3140 3140
6559 6559
907 907
4510 4510
4631 4631
1170 1170
4989 4989
4930 4930
4453 4453
4386 4386
4667 4667
4462 4462
4927 4927
4335 4335
3087 3087
4503 4503
4942 4942
4658 4658
1094 1094
4393 4393
4627 4627
4573 4573
4534 4534
4358 4358
4337 4337
4533 4533
