6374 0
1 1
4562 4
4981 6
5339 7
4641 10
4397 11
13 13
4310 14
6469 16
6724 17
6297 18
4929 19
6232 20
23 23
602 24
5612 25
1464 26
28 28
415 29
4758 30
4942 31
6535 33
601 34
1788 36
4521 37
56 38
4805 40
105 43
45 45
47 47
5393 48
51 51
4848 52
55 55
5073 62
608 65
6772 66
5290 67
4669 68
6258 69
5189 70
5007 75
5365 76
38 77
663 78
855 85
5302 87
5326 88
4974 89
4221 91
4627 94
680 96
6792 98
5603 100
4505 101
1095 103
991 105
778 113
3119 116
5750 117
5690 118
5477 121
122 122
552 125
6347 127
6754 128
4568 129
5579 130
5898 132
4893 134
6080 136
5710 137
4946 139
5023 140
141 141
6795 143
5515 145
147 147
5244 153
1031 154
875 155
485 157
217 158
161 161
163 163
6029 164
6347 167
168 168
182 169
379 171
993 172
174 174
4664 178
5390 180
5439 181
1023 182
6726 183
541 184
4556 185
186 186
188 188
945 191
4379 193
6584 194
798 196
4668 199
817 202
203 203
4131 204
5320 205
666 207
1042 209
4663 210
573 212
5547 213
6060 216
6791 217
5099 218
5714 219
220 220
5771 222
989 223
260 225
5797 226
228 228
6703 229
230 230
333 231
384 232
234 234
5584 235
4927 237
239 239
314 241
242 242
245 245
249 249
424 251
253 253
329 254
5515 255
5544 259
199 260
524 261
262 262
264 264
266 266
267 267
268 268
355 270
390 271
314 272
807 273
274 274
5885 275
5007 277
107 278
1044 280
4738 282
314 283
3332 286
288 288
6489 289
290 290
423 291
393 292
295 295
401 296
1108 301
4443 302
6071 304
305 305
307 307
3058 308
272 309
419 310
312 312
313 313
355 314
315 315
316 316
365 317
6184 318
420 321
322 322
615 323
324 324
315 325
327 327
272 329
331 331
336 332
333 333
4635 334
428 335
370 336
401 337
5651 338
339 339
4543 340
355 341
342 342
314 343
250 345
4797 347
295 350
6724 351
406 354
356 356
251 358
4475 363
424 365
5197 367
413 369
706 371
372 372
4639 375
376 376
5831 377
378 378
380 380
309 382
4496 383
810 385
5575 386
238 387
456 388
365 389
390 390
435 391
346 392
355 393
5429 395
272 396
6292 398
399 399
400 400
401 401
6126 404
405 405
406 406
124 407
408 408
409 409
414 411
412 412
413 413
370 416
437 418
419 419
420 420
421 421
422 422
993 425
426 426
428 428
370 431
433 433
451 434
376 435
436 436
416 437
321 438
266 439
440 440
270 443
447 447
448 448
343 449
315 455
456 456
457 457
433 458
5481 459
6751 460
5206 462
5058 463
464 464
470 470
4509 471
5488 472
6686 473
6234 476
4485 478
404 481
6108 482
5893 483
5898 484
6785 485
515 487
6273 489
493 493
5515 495
6395 499
4760 500
6301 502
1125 503
6105 504
468 505
1099 506
6862 509
512 512
5492 513
514 514
5495 516
745 517
519 519
110 522
1059 525
721 527
6629 528
5236 530
532 532
705 537
5500 538
5417 541
739 542
544 544
4621 545
546 546
5882 548
4984 549
723 553
3488 556
4411 557
6228 558
5290 561
565 565
5205 567
4273 569
573 573
6254 577
4540 580
584 584
6633 585
5202 587
833 593
194 594
4708 598
4980 600
5141 601
603 603
6774 604
6185 607
141 609
610 610
910 611
613 613
4436 615
617 617
618 618
621 621
6416 624
5164 628
6346 631
632 632
5655 634
537 636
5824 637
37 638
6670 640
5066 641
6840 643
6210 644
646 646
649 649
650 650
5309 651
652 652
6514 653
655 655
4974 656
5975 657
4510 660
661 661
465 663
6305 667
4720 668
6805 669
116 674
6705 675
6227 677
5320 678
679 679
6232 680
6812 681
5397 684
4675 686
631 687
3911 689
4897 690
693 693
5118 695
696 696
5377 697
6055 699
5118 700
61 702
697 704
61 708
4485 710
6374 714
6035 715
604 716
719 719
720 720
723 723
6154 724
3119 725
107 727
5234 728
730 730
5868 735
736 736
737 737
105 739
741 741
6398 742
856 743
5132 745
5361 748
117 750
5655 751
754 754
6106 755
288 759
4528 760
766 766
100 767
768 768
771 771
735 772
4802 774
4892 776
777 777
38 779
5642 780
5428 782
5557 784
5882 786
5421 790
6571 791
6405 792
5213 793
5857 794
796 796
5490 799
801 801
5629 802
872 803
980 804
807 807
808 808
5401 810
833 811
6450 815
816 816
817 817
6187 819
4964 821
826 826
1146 828
5156 829
520 832
6613 833
6381 835
6861 837
5519 838
5855 839
1121 841
5497 842
4921 844
845 845
993 847
848 848
5911 852
5201 853
855 855
6773 857
5913 858
1015 861
5868 866
5429 871
872 872
4684 874
880 880
323 881
6285 882
5051 884
5063 886
887 887
4003 889
891 891
892 892
5672 894
77 899
901 901
903 903
904 904
6795 906
907 907
756 908
3128 910
5145 911
912 912
6273 913
914 914
6811 915
5345 918
4583 919
5485 920
4378 921
923 923
5220 924
5164 925
926 926
5899 928
929 929
5539 932
3335 933
4881 936
4474 940
6553 941
943 943
5486 944
105 946
6357 948
952 952
954 954
6409 955
5117 956
41 957
5110 958
826 961
964 964
966 966
4987 968
639 969
5549 970
971 971
6358 972
5007 973
6613 974
246 975
5715 977
4871 978
567 979
559 980
5846 982
6745 983
5359 984
6861 985
987 987
6209 988
244 990
5915 995
5377 996
1000 1000
927 1001
5758 1003
5600 1005
5222 1007
866 1009
6409 1010
5833 1012
1013 1013
1014 1014
5066 1017
4750 1018
1019 1019
5846 1020
6517 1025
1027 1027
106 1029
1097 1030
6487 1032
5551 1035
5656 1036
6291 1039
1042 1042
921 1043
1045 1045
6795 1046
993 1047
61 1049
5419 1050
6709 1051
4887 1056
3119 1058
5629 1059
696 1061
5794 1062
5838 1063
5763 1066
668 1067
6200 1068
5557 1069
1070 1070
1071 1071
4872 1078
5164 1079
1080 1080
4872 1081
215 1084
1841 1085
5288 1088
1094 1094
25 1095
4572 1096
4896 1097
4863 1101
1108 1102
1103 1103
69 1104
1107 1107
1108 1108
212 1109
1110 1110
6210 1111
5720 1112
100 1114
231 1116
4664 1120
1121 1121
1122 1122
804 1125
1129 1129
6805 1131
5656 1133
1137 1137
4927 1138
94 1140
1141 1141
5485 1142
1145 1145
6197 1146
2395 1151
1152 1152
1153 1153
3156 1155
3431 1158
1162 1162
1163 1163
1164 1164
1166 1166
2778 1169
1170 1170
1172 1172
6056 1173
2533 1175
1586 1176
1178 1178
3315 1179
1182 1182
2351 1185
1186 1186
1188 1188
4250 1189
3858 1191
1609 1194
2094 1197
1204 1204
1205 1205
388 1206
3298 1207
1209 1209
2484 1213
1215 1215
5851 1217
1218 1218
1222 1222
1226 1226
3604 1230
1231 1231
1232 1232
3358 1239
1241 1241
1242 1242
1243 1243
3599 1244
2256 1245
1367 1247
2381 1248
3268 1249
3511 1250
1251 1251
1894 1252
3505 1253
2760 1254
3519 1256
2707 1258
3425 1261
1685 1263
1265 1265
3725 1266
1267 1267
1270 1270
3048 1271
1512 1273
1274 1274
1276 1276
1807 1278
1284 1280
1281 1281
1283 1283
1286 1286
2993 1291
1292 1292
1565 1297
1298 1298
2903 1299
1301 1301
5714 1303
1631 1305
1306 1306
3481 1307
1308 1308
1309 1309
3143 1314
3725 1316
1317 1317
1812 1318
1320 1320
3268 1322
1203 1324
2594 1325
3920 1327
1990 1331
2484 1332
3577 1334
1989 1336
1338 1338
3711 1341
1631 1343
4316 1348
1351 1351
2901 1352
1353 1353
1356 1356
4618 1357
1358 1358
1359 1359
3408 1360
3014 1361
1362 1362
2094 1363
2228 1365
1372 1372
4079 1374
1595 1377
1380 1380
1382 1382
1383 1383
2940 1386
1388 1388
281 1389
1390 1390
1393 1393
2118 1395
1396 1396
2896 1398
3268 1400
1324 1401
2255 1402
1404 1404
1405 1405
1406 1406
4210 1407
1409 1409
1415 1415
1419 1419
1420 1420
1421 1421
1422 1422
1425 1425
2261 1427
4223 1429
4049 1431
1562 1437
1194 1441
4185 1442
2036 1447
2842 1449
3507 1450
1806 1451
1804 1452
1455 1455
4079 1457
1460 1460
3629 1461
3222 1463
1464 1464
3772 1465
4567 1466
4282 1468
2073 1473
1474 1474
1475 1475
1477 1477
3099 1478
3718 1481
1482 1482
1484 1484
1487 1487
1488 1488
1489 1489
3977 1491
3975 1492
1324 1495
1496 1496
1498 1498
2910 1499
3545 1504
4237 1505
2083 1507
1509 1509
1511 1511
3250 1513
3788 1516
1957 1517
1518 1518
1220 1519
1524 1524
1527 1527
5526 1529
1530 1530
2091 1532
3298 1533
3394 1534
2753 1535
2420 1536
1539 1539
3725 1541
1545 1545
1546 1546
3047 1547
1549 1549
1556 1556
1557 1557
1437 1562
1565 1565
3334 1571
1572 1572
2584 1574
1259 1575
5118 1576
3987 1577
1693 1580
2991 1582
3363 1585
1586 1586
1804 1587
1588 1588
1591 1591
1593 1593
1562 1594
3075 1597
4250 1599
1603 1603
1605 1605
1608 1608
2945 1609
2576 1610
1611 1611
1803 1614
2818 1616
3101 1617
1620 1620
1622 1622
1624 1624
1625 1625
1627 1627
2594 1628
1629 1629
1630 1630
3981 1632
3003 1634
3064 1637
1639 1639
1641 1641
1645 1645
5246 1651
3652 1653
6098 1654
1655 1655
1659 1659
4179 1661
1663 1663
1666 1666
1668 1668
4754 1669
1671 1671
1674 1674
1676 1676
3634 1677
1678 1678
3739 1681
1682 1682
1684 1684
3498 1685
1687 1687
1691 1691
4212 1692
3005 1693
1694 1694
3644 1695
1697 1697
1699 1699
2150 1700
1701 1701
4159 1704
2637 1705
4346 1706
342 1708
1709 1709
690 1710
1668 1718
1719 1719
1482 1722
2961 1725
1727 1727
1728 1728
1731 1731
2995 1732
1734 1734
1530 1735
2453 1736
1737 1737
4212 1739
5269 1741
1744 1744
1745 1745
1746 1746
1747 1747
1748 1748
1928 1749
1754 1754
1755 1755
1530 1756
1526 1760
1762 1762
1770 1770
2184 1771
4594 1772
3750 1773
1780 1780
2578 1783
4313 1790
3530 1791
1792 1792
1795 1795
1796 1796
1799 1799
4083 1801
2837 1802
2774 1804
1805 1805
3575 1807
5774 1808
1809 1809
5568 1811
1812 1812
1821 1821
1823 1823
1828 1828
1833 1833
1834 1834
4152 1837
4944 1841
1843 1843
1844 1844
1850 1850
1851 1851
1854 1854
1855 1855
1856 1856
1857 1857
1930 1858
1742 1859
6319 1860
1629 1862
3497 1863
1588 1865
1867 1867
1868 1868
3184 1870
2413 1871
1875 1875
4461 1877
3717 1880
4698 1886
1887 1887
1888 1888
2961 1891
1893 1893
1896 1896
2200 1898
2283 1900
1904 1904
1907 1907
6419 1908
1909 1909
1898 1910
1374 1911
6058 1913
1914 1914
1915 1915
3870 1916
1918 1918
1924 1924
1925 1925
1926 1926
1928 1928
1929 1929
1617 1930
1932 1932
1933 1933
4016 1934
3944 1937
1938 1938
3444 1940
160 1943
2345 1945
2743 1947
1324 1950
4379 1951
5069 1959
6509 1961
1962 1962
1968 1968
3887 1969
3233 1973
1976 1976
1977 1977
2973 1980
1982 1982
1983 1983
1984 1984
1987 1987
3982 1989
1990 1990
3185 1993
4288 1994
3987 1996
6273 1998
1999 1999
2000 2000
3352 2002
2004 2004
5141 2005
2011 2011
3975 2013
2213 2014
3315 2016
1175 2017
1739 2019
2022 2022
3753 2023
2025 2025
2027 2027
2030 2030
1540 2032
2035 2035
4011 2037
1199 2039
3233 2041
2043 2043
2046 2046
2379 2047
2049 2049
3940 2050
1372 2051
1836 2052
3453 2055
2057 2057
2059 2059
2061 2061
2063 2063
1333 2064
6782 2066
2067 2067
3786 2069
2733 2072
2074 2074
2075 2075
2079 2079
3399 2081
4346 2082
2084 2084
3375 2085
2086 2086
2088 2088
2093 2093
3629 2095
2735 2096
2097 2097
3121 2099
5086 2103
2123 2106
3955 2109
2111 2111
1898 2114
2115 2115
4314 2116
4250 2117
2123 2123
2124 2124
2578 2125
2126 2126
2129 2129
2130 2130
2131 2131
4006 2134
6411 2136
2137 2137
3337 2140
3575 2142
2314 2143
4007 2144
2150 2150
872 2151
2154 2154
2155 2155
2156 2156
2157 2157
3872 2158
3836 2160
2161 2161
3516 2163
2164 2164
2165 2165
689 2166
2167 2167
2168 2168
2094 2169
2534 2174
2177 2177
1979 2179
2180 2180
1200 2183
3500 2186
2360 2188
3870 2191
3457 2193
2799 2194
1324 2195
2197 2197
2199 2199
2200 2200
2202 2202
2870 2203
1248 2208
1477 2212
2585 2213
1932 2214
4833 2215
2221 2221
2222 2222
5445 2225
1507 2226
3161 2227
2231 2231
2409 2234
1530 2235
2237 2237
4007 2238
2239 2239
2738 2240
2249 2249
3721 2251
2252 2252
3825 2254
2639 2256
3575 2257
2258 2258
1427 2261
2262 2262
2573 2266
2270 2270
2274 2274
2277 2277
2281 2281
2282 2282
1477 2283
2195 2285
3749 2287
1551 2291
2294 2294
2295 2295
1514 2297
2325 2298
2299 2299
2300 2300
2302 2302
2307 2307
2308 2308
2309 2309
2311 2311
2316 2316
2394 2317
2318 2318
2319 2319
2322 2322
2983 2324
2325 2325
2178 2326
4030 2327
2330 2330
2738 2335
2040 2337
911 2338
4231 2339
3362 2340
4191 2341
2379 2343
2345 2345
19 2346
1410 2347
5079 2351
2743 2353
4525 2354
1383 2356
4029 2357
2366 2366
3712 2372
2045 2374
2971 2376
2088 2377
4031 2380
2382 2382
2383 2383
5904 2385
2074 2386
2387 2387
2391 2391
2395 2395
2396 2396
2791 2397
1626 2399
2401 2401
3612 2402
1427 2407
2358 2409
4068 2410
2413 2413
3173 2414
2417 2417
2418 2418
4250 2420
1720 2421
2422 2422
2424 2424
2425 2425
1873 2426
2414 2428
760 2429
3578 2430
2431 2431
2435 2435
2656 2438
1283 2443
2444 2444
2447 2447
1875 2449
2451 2451
2452 2452
2457 2457
2459 2459
2460 2460
2461 2461
3140 2462
1231 2465
2466 2466
2470 2470
1739 2471
2721 2472
2473 2473
2514 2474
4284 2475
2476 2476
2477 2477
4314 2478
2480 2480
1723 2481
2971 2482
2222 2483
2489 2489
1961 2492
2493 2493
4618 2494
1473 2495
4030 2496
2498 2498
2500 2500
2501 2501
2502 2502
6156 2504
1588 2510
3179 2513
6714 2515
2519 2519
2521 2521
2523 2523
2525 2525
3157 2527
2804 2530
2532 2532
3511 2533
2534 2534
2325 2535
3186 2536
2538 2538
1324 2539
2541 2541
2709 2542
3132 2551
1451 2553
2556 2556
2557 2557
2558 2558
2560 2560
1301 2561
3265 2562
2564 2564
3748 2569
2570 2570
2572 2572
2399 2574
2577 2577
2125 2578
2580 2580
2584 2584
3982 2586
2993 2588
2590 2590
2593 2593
2016 2594
2596 2596
4160 2597
2799 2599
2600 2600
1957 2603
4281 2604
265 2605
2721 2606
3521 2611
2612 2612
6195 2614
2615 2615
4250 2618
2619 2619
4303 2620
2621 2621
2622 2622
2623 2623
2624 2624
2628 2628
2629 2629
2652 2630
2631 2631
1314 2635
2636 2636
2637 2637
3160 2640
316 2641
2642 2642
3916 2643
2984 2644
1433 2646
2648 2648
4105 2649
2650 2650
3200 2652
2653 2653
2655 2655
2656 2656
3781 2658
2662 2662
2663 2663
3675 2666
2667 2667
170 2669
1957 2670
2674 2674
2675 2675
3487 2676
2678 2678
1127 2682
5709 2687
2455 2688
2663 2691
2692 2692
2445 2694
1588 2695
2697 2697
2702 2702
3951 2707
2708 2708
2709 2709
1945 2710
2716 2716
2718 2718
2719 2719
2472 2721
3187 2723
2724 2724
2727 2727
2728 2728
2135 2730
2731 2731
2091 2736
3839 2738
1576 2739
2740 2740
2742 2742
2717 2747
2020 2748
2754 2754
2995 2757
2758 2758
2759 2759
2878 2760
2357 2762
2766 2766
2384 2767
2769 2769
2770 2770
3354 2771
541 2772
4105 2773
2774 2774
2776 2776
2779 2779
2780 2780
2870 2781
2783 2783
3508 2786
1247 2787
1503 2791
3418 2794
2795 2795
2797 2797
2811 2800
2801 2801
2806 2806
1388 2809
3499 2810
2811 2811
2429 2813
1439 2814
4340 2815
3354 2818
2819 2819
3338 2822
3982 2828
2830 2830
2144 2832
2833 2833
2307 2835
2836 2836
5205 2838
3886 2839
2846 2846
3498 2850
3235 2851
2852 2852
3144 2853
2856 2856
2680 2857
2860 2860
2864 2864
2865 2865
2866 2866
2872 2872
2873 2873
2877 2877
2884 2884
3040 2886
1350 2887
5492 2888
2894 2894
4509 2895
2847 2901
5685 2902
3826 2903
704 2904
1884 2906
2392 2909
2910 2910
1540 2911
1542 2914
2915 2915
3208 2918
921 2919
4012 2926
1198 2928
1817 2930
2932 2932
2594 2933
3101 2936
1367 2937
639 2938
2593 2939
2940 2940
2941 2941
2947 2947
2950 2950
2803 2951
2147 2952
2953 2953
2955 2955
1374 2956
2129 2958
2960 2960
2961 2961
1226 2963
3322 2964
2966 2966
2969 2969
3466 2973
2976 2976
2977 2977
1161 2979
1236 2984
2987 2987
2442 2990
2991 2991
1149 2992
2837 2993
2994 2994
2995 2995
3356 3001
1658 3002
1792 3003
3004 3004
3005 3005
3006 3006
3450 3009
3010 3010
3012 3012
1321 3013
3014 3014
4313 3015
4604 3019
3020 3020
3021 3021
3059 3023
3862 3026
2493 3028
3030 3030
1632 3031
3033 3033
3035 3035
3036 3036
3037 3037
3457 3039
3940 3040
3047 3047
3734 3049
3052 3052
3057 3057
6523 3058
3059 3059
2036 3062
3063 3063
3064 3064
3065 3065
2507 3069
3070 3070
3073 3073
3076 3076
4118 3078
1635 3083
3086 3086
3087 3087
3088 3088
3090 3090
2045 3091
1775 3092
3094 3094
3097 3097
1411 3100
3511 3102
1618 3103
157 3104
3119 3105
288 3106
762 3107
5557 3108
3109 3109
3111 3111
3112 3112
3295 3113
3508 3118
2750 3119
3504 3120
2029 3121
1869 3123
3124 3124
3125 3125
3128 3128
3129 3129
1250 3130
3132 3132
1273 3138
3140 3140
3144 3144
2855 3145
3147 3147
3148 3148
3150 3150
1945 3151
3505 3153
929 3155
3940 3157
3160 3160
1203 3162
1854 3163
3166 3166
5547 3170
2055 3171
3172 3172
3364 3174
3176 3176
3177 3177
3179 3179
3180 3180
5445 3182
2039 3185
3186 3186
6370 3190
3193 3193
3194 3194
3195 3195
3522 3198
2138 3199
3203 3203
3204 3204
1657 3207
1945 3208
2462 3209
1801 3210
3211 3211
1835 3214
4068 3215
3216 3216
3218 3218
1810 3220
3221 3221
3223 3223
4079 3224
3225 3225
2092 3227
3230 3230
2374 3231
3232 3232
3234 3234
3237 3237
3734 3238
1588 3239
1307 3240
3241 3241
6156 3245
3246 3246
3249 3249
2388 3252
1235 3253
3254 3254
2408 3258
3261 3261
2552 3262
4049 3264
3265 3265
3266 3266
3267 3267
3512 3268
3269 3269
2186 3270
3271 3271
3274 3274
2056 3275
6816 3276
4828 3280
3281 3281
3286 3286
2908 3287
2582 3288
1408 3289
3291 3291
3294 3294
3030 3295
3296 3296
3298 3298
3506 3299
3359 3302
2204 3304
1392 3307
3308 3308
3311 3311
3312 3312
3313 3313
3315 3315
3316 3316
3317 3317
3319 3319
2197 3320
3321 3321
3323 3323
3324 3324
1288 3326
3327 3327
3491 3328
2383 3330
1182 3331
3333 3333
3334 3334
1061 3335
3577 3337
621 3338
1979 3341
3343 3343
3344 3344
2609 3345
3346 3346
3289 3348
3349 3349
3353 3353
5570 3355
1324 3356
2357 3358
3399 3360
3363 3363
3368 3368
3371 3371
3373 3373
3609 3374
3376 3376
3377 3377
5819 3379
2351 3380
3069 3381
3382 3382
3383 3383
3385 3385
3386 3386
3399 3387
3389 3389
3926 3390
3392 3392
1470 3393
2484 3394
3944 3397
3398 3398
3734 3399
3400 3400
1937 3403
3404 3404
3405 3405
3406 3406
4102 3408
4039 3411
3412 3412
2995 3415
3416 3416
1225 3418
4340 3420
3344 3425
4470 3426
3427 3427
3285 3429
3430 3430
4249 3431
1389 3433
1898 3436
3437 3437
3438 3438
3359 3439
3440 3440
2091 3441
4011 3443
4156 3444
4329 3446
3448 3448
2112 3449
3450 3450
3451 3451
3453 3453
3455 3455
3681 3459
3460 3460
3462 3462
424 3463
2870 3466
3468 3468
1324 3469
1979 3470
3473 3473
2188 3474
1450 3478
3480 3480
3487 3487
3217 3489
3491 3491
3493 3493
3685 3494
2176 3495
3497 3497
1945 3498
3505 3503
2140 3505
6398 3506
3507 3507
3510 3510
3516 3516
3386 3518
2015 3524
6258 3529
3533 3533
1451 3534
3537 3537
3538 3538
3543 3543
3547 3547
2711 3548
3551 3551
3552 3552
521 3555
1957 3559
4324 3561
3562 3562
3563 3563
1303 3564
3566 3566
3568 3568
3569 3569
2762 3571
4118 3572
3575 3575
3583 3583
3584 3584
3585 3585
3586 3586
3587 3587
3589 3589
3604 3590
3591 3591
3452 3592
3595 3595
3119 3598
1930 3599
3602 3602
3030 3604
2144 3605
2443 3612
3613 3613
2995 3621
3623 3623
3208 3624
1324 3627
2892 3628
3629 3629
1979 3632
3633 3633
4348 3637
3399 3640
3199 3641
3646 3646
3647 3647
2442 3649
3650 3650
1928 3651
3900 3653
3656 3656
3658 3658
3660 3660
3667 3667
3951 3676
3677 3677
3679 3679
3680 3680
2572 3683
2055 3684
2443 3688
2590 3691
3695 3695
1203 3697
3700 3700
3978 3702
3704 3704
3706 3706
3709 3709
3710 3710
3714 3714
3717 3717
3718 3718
3499 3724
5034 3726
3731 3731
2629 3734
4018 3735
4638 3741
4249 3742
1922 3746
3747 3747
3750 3750
1708 3754
3755 3755
3757 3757
2351 3759
5246 3760
3761 3761
3398 3763
3764 3764
3768 3768
4079 3769
3771 3771
1825 3772
3091 3773
943 3774
1588 3775
3777 3777
3778 3778
3780 3780
2328 3784
3696 3785
2645 3786
3577 3787
2290 3788
1779 3790
1810 3794
3795 3795
3796 3796
3799 3799
3800 3800
3806 3806
3119 3807
3808 3808
3812 3812
3813 3813
4109 3814
3817 3817
3818 3818
3819 3819
4224 3822
704 3823
3824 3824
3826 3826
3829 3829
3315 3831
3836 3836
3837 3837
3839 3839
3843 3843
3845 3845
2877 3848
3849 3849
2912 3851
3852 3852
1260 3853
6622 3854
415 3855
4190 3858
3859 3859
3863 3863
3864 3864
3865 3865
3866 3866
3868 3868
3925 3870
3873 3873
3250 3874
2039 3876
3877 3877
4078 3879
1614 3880
3708 3887
3889 3889
3894 3894
3895 3895
3277 3896
4130 3897
4232 3898
3900 3900
3100 3903
3904 3904
5218 3905
2982 3907
3909 3909
3910 3910
3914 3914
3915 3915
3916 3916
1171 3918
2372 3921
2573 3922
3925 3925
3927 3927
179 3930
2749 3931
3932 3932
4312 3934
3935 3935
2748 3941
2372 3943
2358 3945
2234 3947
3949 3949
3950 3950
4427 3951
3954 3954
4134 3956
3958 3958
3963 3963
3965 3965
3967 3967
3969 3969
2602 3971
3975 3975
3976 3976
3466 3979
1399 3980
4322 3981
3466 3982
3983 3983
3985 3985
3016 3986
3988 3988
3989 3989
3990 3990
3991 3991
2995 3993
2056 3998
4001 4001
6717 4002
4003 4003
4004 4004
4206 4006
3505 4011
4012 4012
4013 4013
3003 4015
4018 4018
2846 4019
3734 4020
4022 4022
1957 4027
4028 4028
4029 4029
3557 4031
4032 4032
4034 4034
4035 4035
1358 4037
4038 4038
3193 4039
4040 4040
4309 4042
4044 4044
4048 4048
3663 4050
2982 4051
3517 4054
2940 4056
3095 4058
2663 4060
4061 4061
3929 4062
5519 4066
4067 4067
2036 4069
4070 4070
4071 4071
3200 4077
1775 4078
3715 4079
3623 4081
2093 4083
4085 4085
3739 4087
3523 4089
4091 4091
4093 4093
2182 4095
1161 4096
2132 4097
4101 4101
4182 4102
4106 4106
4107 4107
4111 4111
4114 4114
4202 4119
4120 4120
1991 4121
4123 4123
4124 4124
4125 4125
4130 4130
3905 4132
4134 4134
4140 4140
3798 4142
2606 4143
4108 4148
4284 4150
4152 4152
4250 4154
4155 4155
4156 4156
4157 4157
4158 4158
2760 4160
1375 4161
4162 4162
3952 4164
5062 4166
3116 4167
4169 4169
5069 4174
4175 4175
4314 4179
4180 4180
4102 4182
4184 4184
4186 4186
4307 4188
2759 4189
3422 4190
2228 4191
1332 4192
3331 4194
2333 4196
4200 4200
3776 4205
4206 4206
4207 4207
4210 4210
4213 4213
4215 4215
4217 4217
2743 4218
4219 4219
1372 4220
1692 4221
3456 4222
5350 4223
2953 4224
4225 4225
4226 4226
4230 4230
3609 4232
4234 4234
4237 4237
4238 4238
1254 4241
1946 4246
4247 4247
1437 4249
4250 4250
2618 4252
4250 4253
4257 4257
2785 4258
2857 4262
1485 4265
4683 4268
6653 4269
3540 4271
2237 4272
5714 4273
1588 4275
3427 4278
5144 4280
1565 4281
3120 4283
4285 4285
4290 4290
4314 4291
1446 4292
4295 4295
4298 4298
4299 4299
4300 4300
4302 4302
5127 4303
4079 4304
4305 4305
1450 4307
4548 4308
4309 4309
1951 4310
3584 4311
2414 4312
2261 4313
3424 4315
4316 4316
4317 4317
3954 4321
4250 4323
4004 4324
4325 4325
6305 4326
4329 4329
3982 4330
4331 4331
3798 4334
4335 4335
4337 4337
4341 4341
3575 4346
3748 4347
2069 4352
2816 4355
4356 4356
4358 4358
5262 4360
5064 4364
6789 4369
4371 4371
4372 4372
1099 4375
4650 4376
5357 4378
4379 4379
625 4380
833 4381
4384 4384
4386 4386
6707 4388
6592 4389
885 4390
333 4391
4543 4392
4393 4393
5485 4394
573 4397
6539 4398
6354 4399
630 4403
385 4404
5025 4405
6519 4406
5096 4409
5672 4415
5 4418
5617 4419
1093 4420
6225 4424
4425 4425
4429 4429
5011 4430
4760 4431
4436 4436
4437 4437
6564 4440
5684 4445
6424 4448
5624 4449
4453 4453
6280 4454
5004 4457
4168 4458
4459 4459
4462 4462
6293 4464
4465 4465
6745 4467
4555 4468
6033 4469
6701 4471
6429 4473
4474 4474
5478 4479
5407 4480
5164 4482
5089 4485
6801 4486
475 4487
4461 4488
4996 4491
5438 4492
4493 4493
4494 4494
4879 4497
6717 4499
5306 4500
149 4501
4502 4502
4503 4503
4504 4504
4509 4509
4510 4510
6241 4515
4517 4517
1032 4519
4522 4522
4524 4524
4635 4525
28 4526
900 4528
5309 4529
4533 4533
4534 4534
6847 4535
6782 4536
4537 4537
5812 4538
4881 4543
5655 4544
1064 4546
5705 4548
4549 4549
6239 4559
1076 4567
5550 4568
6831 4572
4573 4573
5111 4574
4748 4576
729 4577
540 4580
6734 4581
5315 4585
6209 4586
4587 4587
4885 4588
4761 4590
6571 4592
4593 4593
756 4594
820 4595
4388 4597
4598 4598
686 4601
5445 4604
6347 4605
4607 4607
3119 4608
5735 4613
5535 4615
4398 4619
5144 4624
4627 4627
4378 4629
5431 4630
4631 4631
4636 4636
46 4637
930 4642
5846 4643
4963 4644
4645 4645
5488 4648
4650 4650
4652 4652
745 4654
973 4655
5485 4656
898 4657
4658 4658
5164 4659
4660 4660
639 4663
2351 4664
4667 4667
6242 4668
4673 4673
4772 4675
5617 4676
6232 4678
4696 4679
4680 4680
5895 4681
4749 4682
4688 4688
5535 4689
643 4692
793 4697
4698 4698
5025 4702
4999 4703
5246 4704
1059 4708
4770 4712
4837 4713
4714 4714
6765 4716
4717 4717
465 4718
25 4719
5345 4720
4652 4721
6509 4722
6080 4723
5529 4726
1038 4728
5939 4729
4730 4730
5131 4731
4732 4732
5148 4733
933 4734
4737 4737
4738 4738
4739 4739
4917 4740
4927 4741
6445 4742
4590 4744
4448 4745
6360 4747
1125 4748
4749 4749
4750 4750
4751 4751
5882 4755
4756 4756
4757 4757
4758 4758
694 4759
6076 4760
1006 4761
4664 4765
6553 4766
6751 4769
4773 4773
6347 4774
4775 4775
4776 4776
6060 4777
5092 4779
28 4784
3119 4785
4534 4788
6662 4789
5180 4791
4758 4792
4794 4794
5824 4796
4797 4797
6719 4798
4799 4799
5308 4801
3670 4802
6429 4805
4806 4806
6330 4810
5344 4812
6048 4813
4814 4814
5521 4817
643 4818
1810 4819
6326 4820
105 4821
4824 4824
5478 4825
4827 4827
4828 4828
4831 4831
5039 4832
830 4833
3119 4834
5736 4836
4837 4837
5004 4838
5579 4839
6473 4842
5238 4843
5253 4845
167 4847
4849 4849
866 4851
5170 4852
1015 4853
5576 4854
4485 4858
4576 4859
5584 4860
4639 4865
6347 4870
5782 4871
39 4873
4874 4874
5794 4875
4509 4878
6305 4879
5686 4883
161 4884
637 4885
5236 4886
5710 4889
6811 4890
6653 4891
4757 4892
1043 4893
22 4894
5424 4895
4897 4897
4899 4899
4711 4901
6305 4905
6505 4906
4631 4907
4910 4910
5794 4911
4644 4915
4918 4918
6234 4919
5428 4920
4377 4921
4754 4922
6199 4924
4927 4927
4779 4928
4930 4930
5780 4932
5926 4937
6285 4939
4388 4940
4941 4941
4942 4942
4944 4944
4946 4946
4947 4947
6668 4950
5526 4951
5477 4952
4953 4953
4956 4956
4868 4957
646 4960
5544 4961
754 4962
5079 4963
5816 4964
6071 4965
674 4966
6366 4967
4475 4973
4975 4975
5556 4979
6796 4980
4982 4982
5272 4984
6085 4985
5057 4986
6048 4987
6553 4988
4989 4989
5123 4992
476 4993
5353 4994
954 4995
6811 4996
5731 4998
492 4999
5690 5000
5002 5002
5007 5007
6357 5008
5234 5012
5477 5013
1007 5016
4371 5019
5301 5023
5024 5024
85 5027
6187 5028
4951 5030
5312 5031
789 5032
5908 5034
5528 5036
4371 5039
6795 5043
5045 5045
5970 5046
4946 5049
6551 5050
6527 5051
6332 5053
5024 5055
5056 5056
5057 5057
5656 5058
5059 5059
6366 5060
5063 5063
887 5064
6269 5065
5068 5068
5840 5069
4555 5070
5074 5074
6869 5076
307 5077
641 5081
5121 5082
6195 5083
5090 5090
862 5091
4457 5092
5506 5093
5094 5094
5095 5095
5100 5100
4561 5101
5675 5104
785 5105
6710 5106
5332 5107
6836 5108
4710 5114
4700 5116
5117 5117
5118 5118
6188 5119
5977 5122
5125 5125
5127 5127
5128 5128
5130 5130
5133 5133
892 5134
5136 5136
5629 5137
5626 5140
5325 5141
4586 5142
4465 5145
4493 5146
6290 5148
6600 5152
5154 5154
81 5156
4871 5157
6105 5160
5162 5162
6305 5174
33 5175
6843 5178
5658 5181
6724 5183
4893 5184
6066 5188
748 5190
6085 5193
5806 5195
5551 5196
5913 5201
6610 5203
5206 5206
6502 5207
6252 5208
971 5213
5368 5214
4942 5217
4958 5219
5221 5221
5637 5222
1508 5223
6191 5225
6876 5226
4362 5229
5144 5231
993 5232
5235 5235
898 5242
601 5243
898 5250
170 5254
5967 5255
161 5257
5431 5260
5153 5262
6736 5264
2492 5265
4370 5266
5269 5269
308 5271
953 5273
567 5276
5030 5278
5279 5279
4622 5280
163 5281
5436 5282
873 5285
5256 5287
94 5292
1031 5294
5295 5295
647 5296
616 5299
5301 5301
4772 5302
705 5303
5304 5304
4867 5307
5714 5309
5764 5316
6306 5318
4576 5319
4401 5321
6129 5322
5705 5323
5324 5324
5714 5326
4726 5331
5332 5332
5428 5334
5335 5335
5337 5337
5339 5339
5262 5342
5931 5345
5349 5349
5353 5353
6471 5355
631 5356
5357 5357
540 5365
6439 5366
4772 5368
974 5371
934 5373
5375 5375
4974 5376
5630 5378
5202 5381
5007 5382
6288 5384
5385 5385
6154 5386
1741 5389
5390 5390
6553 5391
5393 5393
5879 5395
5396 5396
6353 5397
5398 5398
467 5400
4796 5401
371 5402
5404 5404
5406 5406
4573 5409
5410 5410
5708 5411
722 5414
5690 5415
1118 5417
5005 5423
4946 5424
6651 5426
5427 5427
5069 5429
5438 5438
5332 5439
5440 5440
6620 5442
3911 5445
907 5448
584 5449
4629 5450
6328 5451
6366 5461
993 5462
601 5465
5064 5466
5469 5469
4485 5470
4765 5472
4604 5474
5475 5475
6343 5479
5235 5482
6150 5485
1043 5489
5485 5491
5173 5498
528 5500
6273 5501
5504 5504
5506 5506
5510 5510
4555 5513
5515 5515
5627 5516
5381 5517
405 5518
5519 5519
6533 5521
4831 5523
6787 5528
535 5529
244 5530
5996 5531
5532 5532
6724 5535
5985 5537
5539 5539
5542 5542
6780 5543
5954 5544
5360 5546
6162 5549
6831 5551
5552 5552
5555 5555
5557 5557
5790 5560
4980 5561
1066 5562
5262 5563
6742 5564
5566 5566
4618 5568
5569 5569
5275 5571
6509 5572
6475 5573
6586 5575
6480 5578
5300 5579
4805 5580
5581 5581
6553 5586
5477 5587
5180 5588
5259 5589
5590 5590
5398 5591
6386 5592
5579 5594
5300 5596
5597 5597
5411 5600
855 5602
6624 5605
4420 5607
5610 5610
6818 5611
4525 5612
5613 5613
934 5614
5615 5615
5620 5620
5621 5621
4568 5622
5624 5624
6343 5625
5863 5626
5835 5627
5630 5630
5631 5631
4481 5634
537 5635
5929 5636
6457 5639
5641 5641
5648 5648
930 5650
5654 5654
4796 5658
4748 5659
6262 5660
708 5661
4551 5662
5663 5663
5687 5665
993 5667
993 5668
833 5669
5671 5671
5672 5672
5673 5673
5677 5677
5164 5680
5683 5683
4485 5684
5118 5686
5065 5687
6594 5690
48 5694
4397 5695
5698 5698
4993 5700
5393 5703
726 5705
5706 5706
516 5707
6750 5708
5653 5710
3271 5712
4480 5713
5717 5717
5661 5723
5998 5725
6685 5726
5727 5727
5169 5728
6386 5731
5913 5732
6216 5734
6721 5736
5738 5738
4864 5739
6138 5740
6651 5742
1064 5743
5746 5746
577 5749
5750 5750
100 5753
5757 5757
5758 5758
4384 5759
5760 5760
6248 5763
5144 5765
4996 5766
6386 5771
6783 5773
5774 5774
4386 5775
6199 5776
5777 5777
5579 5780
898 5781
188 5782
6514 5784
4863 5785
5791 5791
5266 5793
6188 5794
5758 5795
5255 5797
1091 5800
5300 5801
104 5802
5805 5805
4889 5807
265 5810
5812 5812
754 5813
5264 5817
5629 5818
5819 5819
2437 5820
462 5821
862 5823
623 5824
5566 5827
415 5828
4464 5829
5830 5830
5485 5832
4726 5833
6831 5835
151 5837
5428 5838
5194 5839
2558 5840
6292 5842
5526 5845
5847 5847
4475 5848
6665 5849
5853 5853
5307 5854
5855 5855
5856 5856
5861 5861
6263 5862
4521 5864
6533 5865
723 5866
5031 5867
6293 5868
6845 5869
5714 5871
801 5872
1110 5873
4875 5875
990 5876
5710 5877
242 5879
6818 5881
4471 5883
965 5884
5886 5886
667 5887
5240 5888
5240 5889
864 5891
1117 5892
6141 5895
559 5897
5900 5900
4729 5903
5905 5905
5906 5906
85 5907
5908 5908
261 5913
5905 5914
5919 5919
6215 5920
6347 5921
1056 5924
5398 5925
5928 5928
81 5930
5931 5931
5932 5932
6553 5934
5236 5935
833 5938
1093 5941
5805 5943
5489 5944
749 5947
5610 5949
5951 5951
5962 5958
5959 5959
5964 5964
4700 5966
637 5967
5219 5969
5970 5970
5973 5973
6659 5974
6120 5975
5976 5976
5977 5977
5978 5978
6613 5979
6286 5981
511 5982
4636 5983
5984 5984
4748 5985
5986 5986
5411 5987
1112 5989
4761 5990
5991 5991
4905 5994
5245 5997
5064 5998
6503 5999
139 6001
6362 6003
6008 6008
6415 6010
898 6013
6301 6016
6522 6017
6232 6022
952 6023
737 6025
6026 6026
5600 6030
6306 6032
521 6033
5463 6034
6247 6041
4855 6045
6795 6046
6127 6047
6054 6054
6056 6056
4377 6057
6388 6058
5855 6059
4466 6060
4702 6062
5884 6063
6064 6064
48 6074
669 6075
1052 6076
6077 6077
6079 6079
5781 6080
5684 6081
6085 6085
6086 6086
5246 6088
6761 6089
521 6095
980 6097
6675 6101
6450 6104
6105 6105
6106 6106
6745 6108
5535 6110
6111 6111
50 6114
993 6116
113 6117
6121 6121
5288 6123
4400 6126
601 6128
6129 6129
4702 6130
6131 6131
6782 6137
4688 6139
293 6140
6143 6143
223 6145
666 6146
6603 6151
5618 6153
4974 6154
794 6155
6156 6156
6158 6158
6159 6159
5197 6160
5837 6161
6162 6162
5777 6163
993 6165
6837 6166
5895 6167
6169 6169
4453 6174
3119 6176
5983 6178
6180 6180
3361 6181
4551 6184
6805 6188
6647 6189
4461 6190
6191 6191
6790 6192
6511 6194
4461 6195
5898 6197
1015 6198
5617 6202
6146 6203
647 6205
833 6207
6553 6208
5069 6210
833 6211
6016 6213
6214 6214
56 6220
6698 6221
4739 6223
6319 6225
462 6226
340 6227
6231 6231
4414 6232
6234 6234
5393 6237
6238 6238
6780 6240
4821 6242
6831 6243
4805 6244
5571 6245
6246 6246
6248 6248
5929 6249
5478 6251
269 6252
6701 6253
5508 6257
6816 6258
4520 6260
6533 6263
960 6264
5690 6266
6112 6268
5065 6269
580 6270
6274 6274
6275 6275
6276 6276
675 6277
5863 6279
666 6284
1077 6285
6286 6286
1050 6287
5737 6288
375 6291
6563 6294
157 6295
375 6296
6297 6297
6840 6298
6795 6299
5253 6301
6566 6305
1039 6306
5882 6307
6308 6308
789 6311
596 6313
4680 6314
318 6318
933 6319
6320 6320
6373 6322
160 6323
5058 6324
6326 6326
5028 6327
3332 6328
6330 6330
6337 6337
45 6340
6342 6342
5712 6343
5485 6345
5714 6347
5872 6349
5427 6350
637 6353
5029 6354
6358 6358
6359 6359
6360 6360
5253 6361
6751 6362
6834 6363
6365 6365
6368 6368
4424 6370
1066 6372
6374 6374
862 6375
4893 6376
6795 6377
5048 6379
6381 6381
6383 6383
4913 6384
6385 6385
5970 6386
83 6387
77 6391
5626 6393
5492 6394
6395 6395
5645 6396
6398 6398
476 6400
117 6402
5238 6407
366 6409
5357 6410
5816 6411
6413 6413
5604 6414
6415 6415
6416 6416
6474 6418
5046 6419
4664 6420
6109 6422
289 6423
6426 6426
6431 6431
5194 6432
5077 6433
662 6436
5341 6437
6438 6438
5570 6439
6855 6440
6434 6442
149 6445
848 6448
540 6449
2881 6451
5094 6452
4647 6454
4815 6455
6858 6456
5350 6459
5709 6460
6234 6461
5882 6464
4564 6465
6466 6466
6467 6467
6469 6469
848 6470
4584 6472
5914 6476
5906 6478
3119 6481
6485 6485
4846 6486
730 6487
583 6488
4770 6489
6279 6490
6154 6492
4889 6498
723 6499
4669 6502
6358 6505
5164 6506
6507 6507
5677 6508
6509 6509
4913 6510
791 6512
6615 6513
6347 6515
5320 6516
71 6520
4964 6522
4509 6524
6526 6526
4664 6528
5508 6529
4565 6530
6531 6531
6795 6532
6160 6533
6541 6541
1088 6542
6811 6545
6546 6546
502 6549
281 6550
6578 6551
6434 6554
5164 6555
5863 6556
6559 6559
6045 6560
5654 6561
4978 6563
6565 6565
6566 6566
973 6568
993 6569
5078 6572
6422 6573
4512 6575
5080 6577
6578 6578
305 6581
6582 6582
5117 6583
6584 6584
4798 6585
5036 6586
4821 6589
5288 6590
663 6593
630 6594
6595 6595
6661 6596
4464 6598
4582 6601
6602 6602
656 6605
5882 6609
85 6610
5994 6613
99 6617
637 6623
6624 6624
4481 6625
6626 6626
6008 6627
5189 6628
5656 6629
5756 6631
6633 6633
6635 6635
6488 6636
1040 6637
6638 6638
6659 6639
5421 6640
5481 6641
6856 6643
6644 6644
6484 6649
4859 6650
5368 6651
752 6653
647 6655
6657 6657
293 6658
5793 6661
6662 6662
5660 6663
6649 6664
6382 6665
6668 6668
202 6669
4996 6672
6328 6673
304 6677
6679 6679
768 6680
6056 6683
6057 6685
719 6686
5999 6690
6129 6692
5304 6693
4451 6694
4446 6695
4683 6696
6511 6697
6148 6701
6702 6702
4719 6703
6706 6706
6426 6712
4917 6715
5720 6718
6719 6719
6721 6721
6273 6723
4871 6724
4900 6725
77 6727
4964 6729
774 6730
6731 6731
6469 6732
6735 6735
6795 6736
833 6737
6363 6739
6742 6742
6686 6748
6750 6750
6751 6751
4996 6753
6754 6754
5234 6755
6763 6763
1810 6764
4697 6766
1036 6768
4830 6769
6613 6770
3119 6773
5744 6776
202 6777
4768 6779
921 6781
5898 6782
6783 6783
1126 6784
82 6785
6790 6790
6714 6791
6793 6793
4497 6794
5710 6795
6796 6796
5882 6799
3367 6800
5485 6802
4741 6803
971 6804
749 6805
6620 6806
6807 6807
4454 6809
6255 6810
5714 6811
6679 6812
6813 6813
5485 6815
6816 6816
1095 6818
1066 6821
541 6822
6778 6823
6664 6825
4435 6827
4711 6828
6830 6830
6831 6831
3119 6836
6837 6837
5126 6838
5526 6841
6842 6842
4569 6843
5173 6845
199 6850
6851 6851
520 6853
5584 6857
6858 6858
6039 6859
946 6860
6372 6863
5218 6867
6868 6868
6869 6869
973 6871
6872 6872
5478 6873
1445 6875
385 6876
224 6877
5244 6878
6881 6881
5285 6882
5320 6884
960 6889
