113 113
8 8
261 261
359 359
246 246
5463 5463
3777 3777
3773 3773
242 242
5535 5535
191 191
5640 5640
5464 5464
342 342
3861 3861
3843 3843
10 10
5659 5659
118 118
27 27
5601 5601
3631 3631
5596 5596
341 341
2793 2793
117 117
408 408
3754 3754
2811 2811
239 239
119 119
5831 5831
3845 3845
351 351
2792 2792
3533 3533
228 228
3829 3829
2818 2818
5589 5589
410 410
3851 3851
340 340
3643 3643
5508 5508
189 189
330 330
321 321
3649 3649
436 436
3828 3828
5840 5840
245 245
3753 3753
3837 3837
5598 5598
322 322
36 36
138 138
29 29
2214 2214
3702 3702
2783 2783
5750 5750
3823 3823
2817 2817
3855 3855
3850 3850
227 227
312 312
325 325
439 439
5368 5368
3640 3640
438 438
3787 3787
432 432
3747 3747
315 315
5624 5624
323 323
3743 3743
155 155
26 26
3923 3923
5453 5453
311 311
3547 3547
2780 2780
5590 5590
442 442
44 44
5517 5517
3806 3806
3848 3848
3821 3821
3667 3667
3926 3926
6276 6276
3826 3826
3927 3927
3705 3705
3825 3825
2814 2814
2795 2795
3750 3750
3856 3856
4 4
3936 3936
7 7
276 276
128 128
17 17
5724 5724
456 456
3824 3824
421 421
2791 2791
5844 5844
5536 5536
3789 3789
124 124
24 24
5828 5828
6267 6267
5848 5848
1 1
3516 3516
3637 3637
5610 5610
5445 5445
2135 2135
5829 5829
294 294
5837 5837
46 46
2150 2150
6278 6278
2808 2808
5514 5514
5952 5952
5452 5452
3704 3704
5721 5721
5512 5512
3554 3554
5736 5736
85 85
3634 3634
2801 2801
268 268
81 81
5753 5753
2 2
5851 5851
3650 3650
2049 2049
5959 5959
377 377
2213 2213
100 100
2260 2260
2175 2175
5838 5838
3 3
5932 5932
5686 5686
160 160
3590 3590
2046 2046
3648 3648
5641 5641
3882 3882
3652 3652
5834 5834
1992 1992
3706 3706
3576 3576
2289 2289
76 76
1981 1981
1993 1993
2210 2210
54 54
6238 6238
3609 3609
2130 2130
67 67
65 65
3884 3884
3883 3883
5933 5933
133 133
64 64
2118 2118
3606 3606
3577 3577
2480 2480
73 73
94 94
2381 2381
5953 5953
5949 5949
376 376
3596 3596
5936 5936
5635 5635
2174 2174
2263 2263
158 158
1983 1983
2167 2167
3895 3895
2054 2054
6231 6231
2177 2177
2170 2170
147 147
2400 2400
401 401
5961 5961
3600 3600
3163 3163
6054 6054
2164 2164
5944 5944
2246 2246
3906 3906
3670 3670
5717 5717
5522 5522
2470 2470
5652 5652
3069 3069
2152 2152
2124 2124
5523 5523
2062 2062
3868 3868
3941 3941
2475 2475
374 374
2007 2007
2127 2127
403 403
6057 6057
3910 3910
2499 2499
2388 2388
5698 5698
2011 2011
2378 2378
258 258
92 92
6045 6045
2081 2081
2485 2485
5632 5632
6077 6077
2086 2086
3684 3684
2471 2471
3887 3887
5648 5648
2052 2052
4022 4022
2375 2375
3877 3877
2193 2193
4010 4010
2484 2484
5751 5751
3565 3565
3566 3566
5542 5542
2278 2278
6889 6889
5489 5489
372 372
472 472
3954 3954
6063 6063
2191 2191
1906 1906
6076 6076
5697 5697
5726 5726
6880 6880
3980 3980
4021 4021
6056 6056
5546 5546
5666 5666
3965 3965
2514 2514
2598 2598
4016 4016
3978 3978
3956 3956
6062 6062
3955 3955
5986 5986
2095 2095
4018 4018
2256 2256
6072 6072
5529 5529
505 505
3653 3653
5501 5501
5497 5497
2503 2503
3889 3889
6073 6073
3991 3991
5855 5855
3979 3979
5496 5496
4036 4036
5977 5977
2506 2506
4071 4071
2377 2377
3953 3953
4038 4038
4001 4001
4037 4037
5531 5531
2114 2114
6064 6064
4029 4029
5539 5539
466 466
5646 5646
5985 5985
5745 5745
4006 4006
2362 2362
6027 6027
507 507
5978 5978
2189 2189
2594 2594
6085 6085
2614 2614
3976 3976
5983 5983
3487 3487
4015 4015
5235 5235
473 473
3811 3811
4013 4013
2389 2389
2596 2596
2385 2385
3568 3568
5980 5980
4035 4035
2080 2080
3782 3782
4045 4045
4050 4050
5677 5677
4033 4033
5982 5982
2239 2239
5872 5872
4048 4048
4032 4032
2393 2393
1778 1778
5915 5915
2204 2204
6090 6090
6142 6142
4047 4047
2613 2613
3570 3570
4044 4044
4042 4042
5232 5232
6143 6143
6095 6095
5902 5902
3661 3661
2588 2588
3967 3967
5981 5981
468 468
3888 3888
6103 6103
163 163
5239 5239
2610 2610
2288 2288
269 269
62 62
533 533
273 273
3781 3781
2699 2699
5988 5988
1766 1766
5714 5714
3717 3717
2705 2705
2205 2205
6000 6000
2252 2252
6162 6162
512 512
6011 6011
5532 5532
521 521
6130 6130
5484 5484
6102 6102
2240 2240
3567 3567
5446 5446
2018 2018
6160 6160
2700 2700
5994 5994
3691 3691
2627 2627
5709 5709
2698 2698
2036 2036
5575 5575
529 529
6147 6147
1774 1774
2623 2623
2517 2517
2629 2629
6005 6005
5991 5991
5664 5664
6159 6159
3490 3490
488 488
539 539
2182 2182
2067 2067
3694 3694
3489 3489
2513 2513
2254 2254
540 540
490 490
5548 5548
5553 5553
2255 2255
3718 3718
2754 2754
552 552
6163 6163
2701 2701
5706 5706
5527 5527
2715 2715
6097 6097
550 550
2145 2145
5581 5581
2743 2743
2713 2713
2027 2027
5734 5734
6175 6175
2516 2516
2250 2250
3695 3695
396 396
3683 3683
542 542
2565 2565
2280 2280
6125 6125
2670 2670
6148 6148
5233 5233
5679 5679
3687 3687
538 538
487 487
545 545
6110 6110
386 386
583 583
2030 2030
544 544
5740 5740
282 282
6039 6039
537 537
2230 2230
1764 1764
2397 2397
6117 6117
6139 6139
5609 5609
546 546
360 360
558 558
3870 3870
6108 6108
3682 3682
5743 5743
2639 2639
6006 6006
2112 2112
5569 5569
2519 2519
578 578
2523 2523
2401 2401
5447 5447
2685 2685
6115 6115
200 200
2279 2279
576 576
2711 2711
6172 6172
5989 5989
492 492
524 524
2733 2733
6153 6153
2633 2633
6154 6154
6023 6023
5762 5762
6024 6024
5806 5806
5886 5886
5908 5908
5756 5756
5880 5880
5807 5807
367 367
5440 5440
6170 6170
2533 2533
5793 5793
2740 2740
162 162
2284 2284
2567 2567
6017 6017
295 295
2560 2560
3900 3900
560 560
296 296
2441 2441
3892 3892
2457 2457
2558 2558
2684 2684
5778 5778
2432 2432
5476 5476
333 333
5777 5777
5567 5567
2342 2342
5783 5783
5774 5774
2245 2245
2648 2648
3795 3795
5812 5812
5702 5702
5396 5396
5799 5799
2646 2646
2636 2636
2031 2031
5923 5923
2671 2671
2216 2216
3767 3767
2573 2573
5813 5813
2215 2215
2272 2272
2097 2097
2691 2691
2643 2643
5560 5560
2233 2233
2652 2652
5887 5887
5767 5767
2764 2764
5901 5901
5928 5928
2675 2675
5768 5768
5794 5794
2545 2545
5881 5881
2431 2431
2657 2657
2689 2689
2572 2572
5534 5534
271 271
5878 5878
2738 2738
2677 2677
5788 5788
5896 5896
6195 6195
2241 2241
5789 5789
3738 3738
5927 5927
3766 3766
2424 2424
5800 5800
2302 2302
5899 5899
2676 2676
2719 2719
5913 5913
5704 5704
5907 5907
6225 6225
2751 2751
2456 2456
5782 5782
2299 2299
5405 5405
6211 6211
5705 5705
2296 2296
2765 2765
6185 6185
1969 1969
2295 2295
2346 2346
5403 5403
3812 3812
2728 2728
6179 6179
5406 5406
441 441
3816 3816
6212 6212
2537 2537
2297 2297
3662 3662
3439 3439
3674 3674
2752 2752
3723 3723
6187 6187
3344 3344
3360 3360
3355 3355
2746 2746
2427 2427
3730 3730
2244 2244
2468 2468
2467 2467
2348 2348
6834 6834
2317 2317
6192 6192
2461 2461
2450 2450
3368 3368
6209 6209
217 217
3372 3372
3283 3283
2437 2437
3316 3316
3274 3274
5381 5381
3255 3255
3689 3689
6817 6817
3442 3442
6207 6207
6227 6227
6191 6191
3818 3818
6794 6794
3225 3225
215 215
3290 3290
3371 3371
3278 3278
1331 1331
1925 1925
570 570
3275 3275
3289 3289
2423 2423
2434 2434
3269 3269
3253 3253
3228 3228
6598 6598
3229 3229
3223 3223
3367 3367
3266 3266
1592 1592
2425 2425
3942 3942
3267 3267
3317 3317
400 400
2340 2340
5393 5393
177 177
1928 1928
225 225
4762 4762
3365 3365
3373 3373
3759 3759
1962 1962
6724 6724
3241 3241
3246 3246
1225 1225
6750 6750
6737 6737
1977 1977
252 252
3251 3251
3728 3728
1279 1279
3249 3249
2243 2243
2107 2107
3296 3296
2101 2101
2352 2352
3252 3252
6725 6725
2351 2351
3219 3219
5387 5387
3445 3445
6797 6797
2429 2429
1976 1976
1943 1943
2308 2308
213 213
6603 6603
6793 6793
4912 4912
3447 3447
1942 1942
6758 6758
5158 5158
6585 6585
2286 2286
1949 1949
1940 1940
6713 6713
6839 6839
6606 6606
587 587
5410 5410
3813 3813
3414 3414
1475 1475
6804 6804
1934 1934
4916 4916
6731 6731
6605 6605
1280 1280
4873 4873
6704 6704
6609 6609
4918 4918
3392 3392
6694 6694
6707 6707
6597 6597
3168 3168
1933 1933
6869 6869
6801 6801
6807 6807
1603 1603
936 936
247 247
4913 4913
1227 1227
6727 6727
3207 3207
586 586
1162 1162
3430 3430
3405 3405
3764 3764
6809 6809
6791 6791
6719 6719
6830 6830
4306 4306
1591 1591
3423 3423
3452 3452
843 843
6778 6778
1163 1163
5379 5379
6574 6574
6595 6595
6653 6653
585 585
6780 6780
4125 4125
6800 6800
5059 5059
1223 1223
2324 2324
2822 2822
4978 4978
1164 1164
5058 5058
5411 5411
3456 3456
253 253
6592 6592
4911 4911
3457 3457
6788 6788
6591 6591
3388 3388
3062 3062
1299 1299
783 783
1506 1506
1687 1687
881 881
4073 4073
1359 1359
3461 3461
6756 6756
6678 6678
6827 6827
6644 6644
608 608
4230 4230
3234 3234
3142 3142
6657 6657
1379 1379
5292 5292
1221 1221
3385 3385
1722 1722
3413 3413
5408 5408
6650 6650
6844 6844
5156 5156
4914 4914
1498 1498
6663 6663
6784 6784
1542 1542
2321 2321
3386 3386
3460 3460
4058 4058
1625 1625
6588 6588
3169 3169
1830 1830
1874 1874
6856 6856
4367 4367
6638 6638
995 995
3425 3425
6631 6631
6866 6866
3109 3109
4650 4650
6865 6865
5409 5409
1161 1161
3389 3389
6666 6666
3172 3172
880 880
3148 3148
3333 3333
2309 2309
1258 1258
2325 2325
5053 5053
5095 5095
6683 6683
1275 1275
6282 6282
302 302
999 999
5072 5072
4705 4705
2912 2912
3190 3190
911 911
3195 3195
5054 5054
1040 1040
6639 6639
3196 3196
1026 1026
6617 6617
2895 2895
1534 1534
6693 6693
4649 4649
1311 1311
1688 1688
882 882
2897 2897
4606 4606
1832 1832
5271 5271
841 841
6561 6561
3120 3120
3116 3116
3918 3918
5291 5291
996 996
1853 1853
5005 5005
1140 1140
5069 5069
4836 4836
4754 4754
3206 3206
5075 5075
1556 1556
697 697
1519 1519
6334 6334
3194 3194
4328 4328
6468 6468
607 607
1546 1546
3183 3183
1883 1883
782 782
6529 6529
5332 5332
1121 1121
4329 4329
788 788
6438 6438
3088 3088
4935 4935
1061 1061
933 933
6449 6449
3144 3144
1168 1168
1730 1730
1601 1601
5080 5080
786 786
1497 1497
1557 1557
6471 6471
1588 1588
3216 3216
1014 1014
1342 1342
4830 4830
4622 4622
2917 2917
4458 4458
6538 6538
4729 4729
6626 6626
3099 3099
4730 4730
5074 5074
1499 1499
211 211
4123 4123
912 912
3113 3113
3107 3107
6349 6349
3193 3193
1851 1851
6446 6446
3112 3112
2982 2982
4713 4713
1553 1553
1137 1137
1661 1661
1862 1862
676 676
1559 1559
1169 1169
5370 5370
5378 5378
1037 1037
1520 1520
5056 5056
3326 3326
4903 4903
1586 1586
6623 6623
830 830
3177 3177
4294 4294
2979 2979
4262 4262
6368 6368
5097 5097
1720 1720
6559 6559
1787 1787
3012 3012
4205 4205
1780 1780
1220 1220
4459 4459
1684 1684
4388 4388
3944 3944
5282 5282
1013 1013
1356 1356
5348 5348
2981 2981
4932 4932
900 900
4878 4878
801 801
1188 1188
1132 1132
965 965
914 914
5371 5371
1133 1133
1745 1745
1265 1265
1480 1480
4688 4688
1129 1129
4387 4387
4543 4543
1561 1561
5198 5198
4357 4357
6356 6356
3134 3134
6510 6510
5100 5100
884 884
4389 4389
1782 1782
1913 1913
3334 3334
6346 6346
6437 6437
1264 1264
1149 1149
2929 2929
636 636
4550 4550
1018 1018
4621 4621
829 829
1864 1864
1122 1122
1200 1200
1700 1700
1876 1876
721 721
791 791
955 955
1438 1438
2833 2833
4338 4338
5081 5081
4687 4687
4337 4337
4982 4982
2819 2819
5281 5281
4724 4724
968 968
1135 1135
6338 6338
5247 5247
987 987
970 970
1824 1824
1386 1386
4369 4369
1904 1904
1393 1393
3090 3090
4472 4472
805 805
1881 1881
1327 1327
836 836
853 853
1634 1634
1460 1460
1461 1461
2834 2834
5250 5250
1369 1369
1746 1746
3136 3136
5197 5197
1147 1147
2848 2848
6560 6560
944 944
4488 4488
1125 1125
2989 2989
1375 1375
5252 5252
3096 3096
4485 4485
1323 1323
4284 4284
6527 6527
6512 6512
1128 1128
4267 4267
1524 1524
1004 1004
4174 4174
4179 4179
4725 4725
1863 1863
4611 4611
4934 4934
3495 3495
1003 1003
720 720
1023 1023
4728 4728
4994 4994
4470 4470
3137 3137
1578 1578
926 926
4187 4187
4335 4335
4336 4336
1545 1545
1717 1717
1809 1809
930 930
4234 4234
1171 1171
4824 4824
1230 1230
1458 1458
1387 1387
4487 4487
778 778
958 958
4299 4299
4454 4454
4865 4865
3029 3029
2846 2846
1112 1112
632 632
1683 1683
4087 4087
4270 4270
1598 1598
633 633
4566 4566
2919 2919
5251 5251
5287 5287
4714 4714
1761 1761
1478 1478
4545 4545
6373 6373
4537 4537
4930 4930
808 808
1251 1251
1044 1044
901 901
6370 6370
1814 1814
3028 3028
1795 1795
591 591
2972 2972
4746 4746
3093 3093
5138 5138
1799 1799
6508 6508
6389 6389
1796 1796
6410 6410
3130 3130
5324 5324
4198 4198
5130 5130
4317 4317
2887 2887
4577 4577
4290 4290
1511 1511
4636 4636
4522 4522
1033 1033
4538 4538
4806 4806
6467 6467
875 875
3509 3509
905 905
945 945
726 726
5207 5207
927 927
2884 2884
937 937
4452 4452
903 903
6428 6428
973 973
4407 4407
1202 1202
4372 4372
873 873
4108 4108
4883 4883
4186 4186
1080 1080
6332 6332
2877 2877
4311 4311
4158 4158
4697 4697
3077 3077
924 924
4731 4731
1449 1449
957 957
771 771
4354 4354
2826 2826
4607 4607
1490 1490
768 768
4763 4763
6573 6573
1677 1677
767 767
1535 1535
1409 1409
6294 6294
950 950
1568 1568
4503 4503
4804 4804
4494 4494
6874 6874
4989 4989
3063 3063
4238 4238
4757 4757
5101 5101
4442 4442
3497 3497
750 750
2856 2856
5186 5186
5041 5041
904 904
3152 3152
1175 1175
1007 1007
705 705
5262 5262
4637 4637
4571 4571
839 839
4168 4168
4956 4956
902 902
4149 4149
4358 4358
3026 3026
4405 4405
4820 4820
1396 1396
3125 3125
3155 3155
5179 5179
1187 1187
823 823
895 895
5211 5211
4808 4808
3039 3039
669 669
952 952
732 732
4991 4991
4277 4277
4493 4493
764 764
4528 4528
658 658
978 978
2843 2843
2844 2844
1382 1382
4701 4701
3036 3036
4297 4297
6566 6566
4962 4962
5265 5265
4119 4119
1141 1141
6307 6307
4114 4114
4417 4417
730 730
2998 2998
4663 4663
5234 5234
6381 6381
4966 4966
4943 4943
4443 4443
4392 4392
1769 1769
4381 4381
5297 5297
1178 1178
2831 2831
6504 6504
1073 1073
5259 5259
1289 1289
4240 4240
6319 6319
4435 4435
3037 3037
4396 4396
4464 4464
919 919
1337 1337
2971 2971
4150 4150
1411 1411
3006 3006
4237 4237
4082 4082
6286 6286
6303 6303
4424 4424
6872 6872
1466 1466
4562 4562
4176 4176
4641 4641
4941 4941
4377 4377
4827 4827
1091 1091
1527 1527
1454 1454
1421 1421
1093 1093
1055 1055
4628 4628
4282 4282
4361 4361
4115 4115
2858 2858
5377 5377
6288 6288
621 621
6383 6383
6315 6315
4985 4985
4631 4631
4950 4950
6317 6317
1077 1077
4142 4142
2932 2932
1074 1074
4143 4143
4580 4580
4752 4752
6567 6567
857 857
4100 4100
4689 4689
860 860
4116 4116
734 734
4153 4153
6571 6571
4968 4968
1236 1236
6482 6482
1758 1758
4953 4953
688 688
4682 4682
2865 2865
4568 4568
4736 4736
4210 4210
1100 1100
1464 1464
4134 4134
4951 4951
4672 4672
6479 6479
5295 5295
1481 1481
610 610
4573 4573
4936 4936
