1 1
2 2
3 3
4 4
6374 5
7 7
8 8
2495 9
10 10
4567 11
17 17
2963 19
24 24
26 26
27 27
336 28
29 29
5025 33
5026 34
36 36
4421 37
44 44
46 46
3690 49
54 54
62 62
1308 63
64 64
65 65
67 67
2969 68
117 69
70 70
5136 71
73 73
76 76
5397 78
2257 79
2049 80
81 81
5136 82
85 85
92 92
1396 93
94 94
326 99
100 100
5500 102
5802 104
3861 107
3472 109
331 110
113 113
5912 114
117 117
118 118
119 119
3954 123
124 124
128 128
3718 130
3956 131
133 133
4081 136
138 138
3688 140
3742 142
3619 143
4269 144
147 147
5007 150
2920 151
5054 153
155 155
158 158
4060 159
160 160
162 162
163 163
6856 166
4143 168
6869 169
6841 171
5279 172
2221 174
5469 175
1409 176
177 177
5144 178
4820 180
1006 184
3860 186
189 189
191 191
486 194
5385 197
3988 199
200 200
4336 203
6509 204
5599 207
1656 208
210 210
211 211
213 213
2761 214
215 215
217 217
1458 218
6588 220
557 221
1236 222
225 225
227 227
228 228
986 229
4023 231
2843 235
239 239
242 242
245 245
246 246
247 247
4466 250
981 251
252 252
253 253
2395 257
258 258
4427 259
261 261
6804 263
5857 267
268 268
269 269
4083 270
271 271
273 273
276 276
5117 278
282 282
6169 283
4452 284
3941 293
294 294
295 295
296 296
563 297
2650 299
4169 300
1486 301
302 302
327 304
16 306
5066 308
311 311
312 312
3737 314
315 315
4884 316
3968 319
4100 320
321 321
322 322
323 323
325 325
4314 326
675 327
330 330
56 332
333 333
2297 338
340 340
341 341
342 342
5784 343
4990 345
351 351
3822 353
641 355
4205 356
359 359
360 360
247 363
3347 364
367 367
368 368
3680 370
372 372
374 374
376 376
377 377
6586 381
6869 382
6636 384
386 386
4284 387
3685 389
1850 391
6884 395
396 396
5819 397
2814 398
400 400
401 401
403 403
447 404
435 407
408 408
410 410
3037 413
2409 417
6592 418
5029 419
6402 420
421 421
4658 422
156 425
1044 427
382 428
432 432
6548 434
6791 435
436 436
438 438
439 439
441 441
442 442
722 443
667 444
1396 446
305 447
129 452
535 453
3619 455
456 456
5351 459
1118 461
43 463
466 466
6103 467
468 468
4184 470
3638 471
472 472
473 473
5402 483
487 487
488 488
259 489
490 490
5742 491
492 492
3942 493
2975 494
2351 497
6426 498
5742 504
505 505
507 507
4576 508
969 509
228 511
512 512
515 515
3854 516
2492 517
2281 518
6451 519
521 521
4884 522
524 524
2698 527
529 529
1044 531
533 533
464 534
1930 536
537 537
538 538
539 539
540 540
542 542
544 544
545 545
546 546
6425 547
5362 548
550 550
552 552
5968 553
2862 555
6869 557
558 558
5769 559
560 560
5976 562
3723 563
1486 564
3397 568
570 570
5714 571
796 572
2022 574
576 576
5857 577
578 578
583 583
585 585
586 586
587 587
2827 589
3862 590
591 591
2680 592
594 594
6674 599
601 601
603 603
6367 605
607 607
608 608
610 610
5427 613
4053 614
778 615
3849 617
621 621
2160 625
4072 626
2557 631
632 632
633 633
636 636
3461 637
5222 641
691 643
1253 644
6781 645
648 648
2588 651
652 652
658 658
6006 659
1998 663
124 667
2175 668
669 669
2721 670
5269 672
5914 673
674 674
676 676
2034 677
761 678
6103 684
688 688
1857 689
690 690
691 691
693 693
706 695
697 697
5731 699
1603 703
704 704
705 705
708 708
709 709
3982 711
713 713
714 714
6579 715
6103 718
720 720
721 721
722 722
3862 724
5714 725
726 726
730 730
851 731
732 732
734 734
3715 737
762 738
739 739
741 741
5200 742
520 747
750 750
754 754
2905 757
759 759
5082 761
764 764
767 767
768 768
6330 769
771 771
125 772
773 773
776 776
778 778
1324 780
782 782
783 783
6132 785
786 786
788 788
791 791
801 801
2736 802
2224 803
805 805
6582 806
808 808
5599 812
5279 815
2544 819
6177 821
119 822
823 823
829 829
830 830
5103 831
836 836
839 839
841 841
843 843
2383 844
1113 845
4100 847
162 850
3741 852
853 853
1691 854
1932 855
3042 856
857 857
5378 858
860 860
4169 861
5715 863
2034 869
1743 871
873 873
875 875
6325 876
880 880
881 881
882 882
884 884
895 895
1824 897
900 900
901 901
902 902
903 903
904 904
905 905
1551 906
4840 909
1455 910
911 911
912 912
4891 913
914 914
4658 918
919 919
924 924
926 926
927 927
930 930
5143 931
933 933
936 936
937 937
1751 939
3961 941
2169 942
944 944
945 945
581 947
950 950
952 952
373 953
2003 954
955 955
2738 956
957 957
958 958
3555 962
1321 963
965 965
968 968
970 970
200 972
973 973
2513 974
5222 977
978 978
6097 980
791 981
4279 983
1808 985
712 986
987 987
615 988
6038 990
6817 992
995 995
996 996
999 999
1850 1000
1003 1003
1004 1004
3359 1005
1007 1007
2483 1012
1013 1013
1014 1014
2814 1017
1018 1018
1388 1019
1539 1021
1023 1023
1861 1025
1026 1026
156 1029
1033 1033
4082 1034
5551 1035
1037 1037
557 1039
1040 1040
1622 1041
4315 1042
1044 1044
4019 1045
5935 1049
3130 1052
437 1053
1055 1055
5714 1058
3177 1059
1061 1061
5646 1062
1073 1073
1074 1074
1077 1077
1080 1080
2824 1081
201 1086
5910 1089
1091 1091
1093 1093
6035 1095
5581 1098
1100 1100
4205 1111
1112 1112
2859 1115
58 1119
1486 1120
1121 1121
1122 1122
1125 1125
3604 1126
1128 1128
1129 1129
1132 1132
1133 1133
1135 1135
5654 1136
1137 1137
2820 1138
1140 1140
1141 1141
3340 1145
1147 1147
2827 1148
1149 1149
4306 1152
2441 1155
4522 1156
4910 1160
1161 1161
1162 1162
1163 1163
1164 1164
6674 1167
1168 1168
1169 1169
3721 1170
1171 1171
2919 1173
1250 1174
1175 1175
1178 1178
2891 1186
1187 1187
1188 1188
6110 1189
1190 1190
2657 1192
1199 1199
1200 1200
1202 1202
518 1208
22 1209
319 1212
2967 1214
770 1215
4081 1218
156 1219
1220 1220
1221 1221
1223 1223
4402 1224
1225 1225
3796 1226
1227 1227
1230 1230
6099 1232
981 1234
1236 1236
3809 1237
6053 1238
995 1240
2446 1241
6592 1242
5679 1244
1245 1245
4623 1247
1708 1248
1251 1251
3427 1253
1255 1255
3387 1257
1258 1258
3948 1259
1264 1264
1265 1265
2815 1267
232 1269
2184 1270
2380 1271
6582 1272
1275 1275
1279 1279
1280 1280
369 1284
5358 1285
4164 1287
1289 1289
5061 1291
1292 1292
1528 1293
6681 1294
3946 1297
1299 1299
3809 1301
6568 1303
4630 1308
1311 1311
320 1312
5393 1314
1028 1316
3946 1317
1673 1319
1323 1323
3442 1326
1327 1327
484 1328
2970 1330
1331 1331
563 1333
1850 1336
1337 1337
3177 1341
1342 1342
4905 1345
1349 1349
1353 1353
2173 1354
1356 1356
2977 1358
1359 1359
3619 1360
1559 1363
6720 1366
3399 1368
1369 1369
1375 1375
5395 1377
1379 1379
2840 1380
6885 1381
1382 1382
3193 1383
616 1385
1386 1386
1387 1387
864 1388
1564 1392
1393 1393
5748 1394
4246 1395
1396 1396
5714 1401
5200 1406
2483 1407
4521 1408
1409 1409
1411 1411
2824 1412
5047 1414
3060 1415
1417 1417
1418 1418
1419 1419
1421 1421
1422 1422
3323 1424
2037 1425
787 1435
2550 1437
1438 1438
1439 1439
1440 1440
3354 1442
2637 1446
1449 1449
568 1450
1727 1451
1452 1452
1454 1454
1458 1458
1460 1460
1461 1461
5905 1462
1464 1464
1466 1466
213 1468
1475 1475
6596 1477
1478 1478
3295 1479
1480 1480
1481 1481
6792 1484
1756 1485
4469 1487
1490 1490
2442 1492
2896 1495
490 1496
1497 1497
1498 1498
1499 1499
2977 1503
1506 1506
6407 1510
1511 1511
1519 1519
1520 1520
4452 1522
6556 1523
1524 1524
1527 1527
2657 1530
4858 1533
1534 1534
1535 1535
1537 1537
1207 1539
129 1540
1542 1542
1024 1543
58 1544
1545 1545
1546 1546
2077 1552
1553 1553
2560 1554
1556 1556
1557 1557
1559 1559
1561 1561
1162 1563
5900 1564
1466 1566
1568 1568
2305 1570
1573 1573
1725 1574
5551 1575
1576 1576
214 1577
1578 1578
1579 1579
6548 1584
1586 1586
1588 1588
4607 1589
1591 1591
1592 1592
1593 1593
1595 1595
1598 1598
1893 1600
1601 1601
1603 1603
6407 1604
5463 1606
1608 1608
6830 1610
3571 1611
4722 1612
6828 1613
1614 1614
551 1617
1618 1618
1619 1619
1620 1620
5183 1622
4724 1624
1625 1625
1627 1627
1628 1628
3971 1630
1634 1634
1637 1637
1638 1638
2792 1640
6394 1641
6607 1643
3103 1644
1646 1646
5777 1647
1649 1649
1652 1652
1657 1657
15 1658
1659 1659
1660 1660
1661 1661
566 1662
3220 1665
3189 1667
58 1668
1669 1669
1670 1670
2221 1674
1677 1677
5123 1680
1681 1681
1683 1683
1684 1684
1687 1687
1688 1688
620 1690
4169 1692
933 1694
4644 1697
1699 1699
1700 1700
6684 1705
5763 1706
1708 1708
62 1709
1261 1710
1711 1711
1712 1712
1717 1717
1720 1720
3575 1721
1722 1722
1724 1724
1725 1725
1621 1726
1280 1729
1730 1730
2032 1731
169 1732
1735 1735
1737 1737
1738 1738
1745 1745
1746 1746
1749 1749
4060 1752
6160 1753
1755 1755
6091 1757
1758 1758
1759 1759
1760 1760
1761 1761
1764 1764
1766 1766
5239 1767
1769 1769
5578 1770
6509 1771
1774 1774
1778 1778
1780 1780
1782 1782
2211 1783
3746 1785
423 1786
1787 1787
6127 1794
1795 1795
1796 1796
1799 1799
6637 1801
5863 1808
1809 1809
5768 1811
2134 1812
1814 1814
4614 1822
5336 1823
1824 1824
1830 1830
6370 1831
1832 1832
1833 1833
1843 1843
6414 1844
1851 1851
1853 1853
6557 1854
1856 1856
1857 1857
1025 1861
1862 1862
1863 1863
1864 1864
3697 1865
85 1867
6425 1872
1874 1874
6526 1875
1876 1876
1469 1877
1878 1878
5545 1879
1880 1880
1881 1881
6783 1882
1883 1883
1885 1885
1886 1886
3124 1891
1253 1892
1852 1893
1748 1896
1897 1897
3217 1898
3538 1899
1904 1904
1906 1906
447 1909
1912 1912
1913 1913
1914 1914
1456 1916
2820 1919
2395 1921
3926 1923
1925 1925
1825 1927
1928 1928
4421 1929
3973 1931
1933 1933
1934 1934
6869 1935
1551 1936
1938 1938
3228 1939
1940 1940
1942 1942
1943 1943
5641 1945
6417 1948
1949 1949
5714 1950
2851 1953
3703 1957
6337 1960
5433 1961
1962 1962
2671 1963
5663 1964
1969 1969
1396 1970
503 1971
1976 1976
1977 1977
1981 1981
1983 1983
2209 1985
4107 1987
5139 1988
1992 1992
1993 1993
4820 1994
5222 1995
378 2001
1334 2005
2483 2006
2007 2007
6529 2010
2011 2011
185 2012
2014 2014
2018 2018
5686 2019
3189 2020
2820 2024
4247 2025
1323 2026
2027 2027
2030 2030
2031 2031
2722 2033
2036 2036
5714 2038
1612 2039
5358 2040
5838 2041
4385 2042
6522 2043
5950 2044
129 2045
2046 2046
2049 2049
3177 2050
3336 2051
2052 2052
2054 2054
3496 2056
4173 2058
1288 2059
6620 2060
1121 2061
2062 2062
6231 2063
3893 2065
2067 2067
2098 2069
4173 2070
1969 2076
2080 2080
2081 2081
2866 2082
2449 2084
5291 2085
2086 2086
2383 2090
5991 2091
2167 2093
1673 2094
2095 2095
2097 2097
6529 2099
2101 2101
125 2102
6119 2103
2105 2105
2107 2107
1223 2110
2112 2112
2114 2114
5036 2116
2118 2118
2124 2124
3159 2125
2127 2127
6107 2128
2129 2129
2130 2130
1621 2133
2135 2135
1573 2136
3893 2141
1646 2143
1749 2144
2145 2145
2150 2150
2152 2152
3363 2156
2164 2164
5733 2166
2167 2167
2170 2170
2174 2174
2175 2175
791 2176
2177 2177
2923 2178
5511 2180
2182 2182
2116 2184
5748 2185
5354 2188
2189 2189
2191 2191
5384 2192
2193 2193
3044 2195
250 2196
5036 2197
5763 2201
4629 2203
2204 2204
2205 2205
5496 2206
6420 2207
2210 2210
6311 2211
245 2212
2213 2213
2214 2214
2215 2215
2216 2216
1167 2218
6435 2219
2180 2221
2230 2230
2233 2233
5285 2234
2657 2235
6090 2236
1124 2237
1695 2238
2239 2239
2240 2240
2241 2241
2792 2242
2243 2243
2244 2244
2245 2245
2246 2246
2658 2247
1942 2249
2250 2250
3607 2251
2252 2252
2254 2254
2255 2255
2256 2256
2829 2259
2260 2260
2263 2263
461 2264
5876 2266
315 2267
2574 2269
2272 2272
3833 2275
6512 2276
2278 2278
2279 2279
2280 2280
2284 2284
5806 2285
2286 2286
2288 2288
2289 2289
2478 2291
2295 2295
2296 2296
2297 2297
5544 2298
2299 2299
4135 2300
1466 2301
2302 2302
5314 2304
2308 2308
2309 2309
6127 2310
5446 2311
1702 2312
4933 2315
5572 2316
2317 2317
2318 2318
2321 2321
2822 2322
605 2323
2324 2324
2325 2325
844 2327
6711 2331
3394 2332
6728 2335
2340 2340
4385 2341
2342 2342
2346 2346
2348 2348
2351 2351
2352 2352
6497 2353
5646 2358
5895 2360
2142 2361
2362 2362
5774 2363
295 2365
4381 2369
2375 2375
4082 2376
2377 2377
2378 2378
851 2379
2381 2381
2385 2385
2388 2388
2389 2389
4902 2390
2393 2393
6862 2395
2397 2397
6817 2398
2400 2400
2401 2401
6115 2405
63 2406
1785 2407
5806 2410
149 2411
879 2413
4651 2414
3732 2417
6620 2418
2423 2423
2424 2424
2425 2425
2427 2427
2429 2429
2431 2431
2432 2432
3948 2433
2434 2434
3981 2436
2437 2437
2441 2441
381 2442
5427 2446
2448 2448
2450 2450
4528 2451
691 2452
665 2455
2456 2456
2457 2457
2461 2461
579 2463
4100 2464
1330 2465
5551 2466
2467 2467
2468 2468
1223 2469
2470 2470
2471 2471
5687 2472
2475 2475
5004 2477
2480 2480
4011 2481
2484 2484
2485 2485
3862 2488
163 2489
4421 2493
2499 2499
3662 2500
3175 2502
2503 2503
2506 2506
3081 2507
6433 2508
3299 2511
327 2512
2513 2513
2514 2514
2516 2516
2517 2517
2519 2519
2523 2523
2533 2533
2214 2534
5302 2535
2537 2537
4974 2540
6639 2544
2545 2545
2827 2546
6407 2549
2827 2551
1253 2554
6156 2556
2558 2558
2560 2560
2696 2562
5646 2563
2565 2565
2567 2567
2572 2572
2573 2573
5758 2580
500 2582
1479 2586
2752 2587
2588 2588
2594 2594
2596 2596
2598 2598
4933 2608
2610 2610
2613 2613
2614 2614
4100 2616
3833 2618
2006 2622
2623 2623
2627 2627
2629 2629
6261 2630
2633 2633
4411 2634
2636 2636
2639 2639
2483 2640
2643 2643
2764 2645
2646 2646
2648 2648
2335 2650
784 2651
2652 2652
5200 2656
2657 2657
825 2661
518 2665
1326 2669
2670 2670
2671 2671
2675 2675
2676 2676
2677 2677
1470 2679
11 2681
2684 2684
2685 2685
2689 2689
2691 2691
6049 2695
2698 2698
2699 2699
2700 2700
2701 2701
911 2702
2705 2705
6425 2706
5962 2708
6579 2709
2711 2711
4051 2712
2713 2713
2715 2715
3177 2717
2719 2719
439 2720
6201 2721
2728 2728
2733 2733
2738 2738
1017 2739
2740 2740
2433 2742
2743 2743
2746 2746
1688 2747
2751 2751
2752 2752
2754 2754
3862 2757
276 2759
5763 2762
4100 2763
2764 2764
2765 2765
169 2767
3411 2769
5958 2770
4821 2771
55 2776
5536 2777
1024 2779
2780 2780
2824 2782
2783 2783
2248 2789
5616 2790
2791 2791
2792 2792
2793 2793
4459 2794
2795 2795
904 2797
2799 2799
2896 2800
2801 2801
6081 2802
2807 2807
2808 2808
1827 2809
2811 2811
2814 2814
6556 2815
2817 2817
2818 2818
2819 2819
295 2820
2822 2822
2826 2826
6350 2829
2831 2831
2833 2833
2834 2834
4464 2836
4867 2837
1919 2838
2839 2839
2843 2843
2844 2844
2846 2846
2848 2848
6407 2850
1458 2852
4300 2853
5358 2855
2856 2856
5195 2857
2858 2858
3488 2859
2862 2862
2863 2863
2865 2865
2114 2868
6830 2871
2877 2877
2424 2878
2880 2880
3866 2883
2884 2884
2044 2885
2887 2887
2892 2892
2895 2895
2897 2897
2898 2898
6493 2901
3478 2902
2904 2904
2905 2905
2685 2906
3825 2908
2912 2912
4439 2915
2917 2917
3862 2918
2919 2919
4383 2921
1917 2924
6609 2925
6368 2926
981 2927
2929 2929
1466 2931
2932 2932
129 2933
3515 2938
2941 2941
2942 2942
2943 2943
4576 2944
1528 2947
2975 2948
3898 2950
63 2957
2958 2958
1220 2960
293 2962
70 2963
3295 2965
1818 2966
2969 2969
3041 2970
2971 2971
2972 2972
3542 2975
1591 2977
1127 2978
2979 2979
2981 2981
2982 2982
3424 2984
3763 2985
2081 2986
2223 2987
2989 2989
6607 2991
279 2992
2994 2994
2998 2998
3000 3000
3001 3001
3003 3003
3004 3004
3006 3006
3695 3010
3012 3012
3759 3013
4423 3014
442 3023
3026 3026
3028 3028
3029 3029
3034 3034
1019 3035
3036 3036
3037 3037
3039 3039
408 3040
1949 3041
3392 3042
295 3044
3790 3046
4449 3053
3056 3056
1076 3058
3062 3062
3063 3063
3232 3064
6584 3065
3069 3069
373 3075
5872 3076
3077 3077
2797 3081
3876 3082
6804 3083
593 3085
3088 3088
4968 3089
3090 3090
3609 3091
5234 3092
3093 3093
1008 3094
115 3095
3096 3096
4060 3097
3247 3098
3099 3099
1469 3103
3674 3106
3107 3107
3109 3109
3112 3112
3113 3113
2409 3114
3116 3116
5714 3117
5433 3118
3120 3120
2097 3121
1946 3124
3125 3125
6291 3127
3130 3130
1044 3132
3134 3134
5222 3135
3136 3136
3137 3137
3142 3142
3144 3144
3148 3148
872 3150
3152 3152
6162 3153
3155 3155
1786 3160
6132 3162
3163 3163
3561 3164
5536 3166
3168 3168
3169 3169
6422 3170
3172 3172
1640 3173
3177 3177
4173 3181
3183 3183
5714 3184
817 3186
4734 3188
1615 3189
3190 3190
3193 3193
3194 3194
3195 3195
3196 3196
2993 3200
1998 3203
3792 3204
3861 3205
3206 3206
3207 3207
5641 3208
2134 3211
1222 3215
3216 3216
6267 3217
3219 3219
1313 3220
5015 3222
3223 3223
3225 3225
3228 3228
3229 3229
3363 3233
3234 3234
5684 3235
5915 3237
5559 3238
4867 3239
3241 3241
3081 3244
3246 3246
3397 3247
3249 3249
2268 3250
3251 3251
3252 3252
3253 3253
1207 3254
3255 3255
1044 3258
2709 3260
2879 3263
6163 3265
3266 3266
3267 3267
3269 3269
3274 3274
3275 3275
3278 3278
2098 3279
6872 3282
3283 3283
2257 3285
5733 3287
3289 3289
3290 3290
1396 3293
2245 3295
3296 3296
3333 3303
3200 3304
1044 3307
4803 3310
6181 3312
2056 3313
4211 3314
3205 3315
3316 3316
3317 3317
2437 3318
2091 3320
2646 3321
3452 3323
3326 3326
6813 3328
2014 3329
3735 3330
3333 3333
3334 3334
6407 3336
6825 3340
1675 3342
3344 3344
5848 3346
4314 3347
3355 3355
4651 3356
4783 3357
2746 3359
3360 3360
3365 3365
3367 3367
3368 3368
3371 3371
3372 3372
3373 3373
2870 3374
969 3378
1492 3383
3238 3384
3385 3385
3386 3386
3590 3387
3388 3388
3389 3389
3392 3392
4011 3393
2788 3397
6485 3398
3762 3401
3405 3405
1896 3407
4499 3408
3413 3413
3414 3414
5774 3416
1163 3421
3423 3423
4164 3424
3425 3425
6688 3427
3430 3430
6884 3431
3439 3439
3442 3442
2001 3443
3549 3444
3445 3445
3447 3447
5071 3448
3452 3452
3715 3454
3456 3456
3457 3457
38 3458
2268 3459
3460 3460
3461 3461
333 3462
6132 3463
5117 3465
6379 3468
2495 3469
2699 3470
1486 3471
6113 3472
4421 3473
4452 3474
6729 3478
6493 3480
6422 3481
553 3485
2257 3486
3487 3487
3489 3489
3490 3490
3784 3491
926 3493
5536 3494
3495 3495
3497 3497
5991 3498
3500 3500
4247 3502
5617 3504
3509 3509
5927 3512
2832 3513
4238 3514
3516 3516
4764 3518
5554 3521
2258 3529
5750 3530
3533 3533
5463 3535
1528 3537
6630 3543
129 3544
1535 3545
3546 3546
3547 3547
6244 3552
3554 3554
1930 3556
235 3558
5876 3560
2224 3561
3565 3565
3566 3566
3567 3567
3568 3568
3570 3570
4635 3575
3576 3576
3577 3577
5150 3578
3579 3579
3093 3583
2844 3584
3586 3586
1150 3587
3590 3590
5069 3591
3948 3593
1407 3595
3596 3596
4732 3597
3600 3600
3601 3601
3602 3602
5239 3603
2081 3604
3606 3606
3609 3609
3973 3610
1625 3613
5852 3619
2694 3620
3173 3627
2832 3630
3631 3631
563 3632
5861 3633
3634 3634
789 3635
3947 3636
3637 3637
3640 3640
4060 3641
3643 3643
5245 3644
6443 3645
1969 3647
3648 3648
3649 3649
3650 3650
3652 3652
3653 3653
6261 3655
1323 3659
6417 3660
3661 3661
3662 3662
4627 3663
4530 3666
3667 3667
1206 3668
3670 3670
2588 3671
4874 3672
3674 3674
2109 3676
3953 3678
3785 3681
3682 3682
3683 3683
3684 3684
6422 3685
3687 3687
3914 3688
3689 3689
3691 3691
1030 3693
3694 3694
3695 3695
6276 3700
3702 3702
3704 3704
3705 3705
3706 3706
3778 3707
3795 3710
1818 3712
4623 3714
3717 3717
3718 3718
4100 3719
3723 3723
3923 3724
532 3725
6606 3727
3728 3728
3890 3729
3730 3730
6417 3731
3815 3733
4069 3737
3738 3738
55 3741
3743 3743
3747 3747
3750 3750
3753 3753
3754 3754
3688 3756
3759 3759
6722 3761
820 3762
1435 3763
3764 3764
3766 3766
3767 3767
3731 3768
3810 3770
3237 3771
3773 3773
2189 3774
3777 3777
99 3778
3781 3781
3782 3782
3787 3787
3789 3789
3347 3792
4100 3793
4898 3794
3795 3795
3772 3796
4772 3797
3798 3798
1727 3804
3806 3806
3811 3811
3812 3812
3813 3813
1176 3814
892 3815
3816 3816
3818 3818
4850 3819
1640 3820
3821 3821
6606 3822
3823 3823
3824 3824
3825 3825
3826 3826
3828 3828
3829 3829
3833 3833
5912 3834
1377 3835
3837 3837
4897 3839
3843 3843
3845 3845
4071 3846
3848 3848
3850 3850
3851 3851
3189 3852
3855 3855
3856 3856
2823 3857
3887 3858
1370 3859
4935 3860
3861 3861
3836 3864
5906 3865
3868 3868
3870 3870
1176 3871
6807 3872
6703 3873
3874 3874
3877 3877
3882 3882
3883 3883
3884 3884
3887 3887
3888 3888
3889 3889
3792 3891
3892 3892
6688 3894
3895 3895
3913 3896
4935 3897
3986 3898
3900 3900
4508 3902
3785 3903
63 3904
3906 3906
297 3907
3006 3908
3910 3910
6628 3914
3918 3918
3923 3923
3870 3925
3926 3926
3927 3927
1622 3930
3030 3931
2086 3932
1907 3934
3936 3936
1169 3937
5912 3939
3941 3941
3942 3942
3944 3944
6405 3947
3953 3953
3954 3954
3955 3955
3956 3956
4895 3957
270 3958
3918 3959
3721 3960
2169 3961
3962 3962
3965 3965
3967 3967
2536 3968
5007 3972
4797 3973
4309 3975
3976 3976
3978 3978
3979 3979
3980 3980
235 3981
6098 3982
1111 3983
3986 3986
3991 3991
6582 3995
4100 3996
3890 3997
3291 3999
4001 4001
3941 4004
4006 4006
3737 4007
4100 4008
4010 4010
3889 4012
4013 4013
3754 4014
4015 4015
4016 4016
4018 4018
4021 4021
4022 4022
4029 4029
4032 4032
4033 4033
4035 4035
4036 4036
4037 4037
4038 4038
4309 4040
3039 4041
4042 4042
5246 4043
4044 4044
4045 4045
4047 4047
4048 4048
4050 4050
2604 4053
5519 4054
4058 4058
2224 4059
5463 4064
940 4068
3975 4070
4071 4071
4073 4073
4074 4074
4076 4076
4082 4082
3723 4084
4087 4087
4091 4091
4092 4092
3456 4093
4100 4094
4100 4100
4101 4101
3785 4102
4623 4104
3779 4105
4309 4106
3847 4107
4108 4108
4110 4110
1930 4112
4114 4114
4115 4115
4116 4116
5186 4117
4119 4119
4123 4123
4125 4125
4126 4126
4127 4127
3890 4129
4935 4130
4127 4131
4134 4134
6222 4136
5778 4138
5007 4139
1969 4140
4142 4142
4143 4143
1706 4144
108 4146
4149 4149
4150 4150
1396 4151
4153 4153
2483 4154
4158 4158
3010 4159
4161 4161
730 4162
4163 4163
741 4165
995 4167
4168 4168
5096 4169
6291 4170
1929 4172
4174 4174
4176 4176
4179 4179
3366 4181
4186 4186
4187 4187
4192 4192
6789 4193
2441 4194
2266 4195
6804 4196
3981 4197
4198 4198
4201 4201
2163 4202
4203 4203
6275 4204
4205 4205
4206 4206
4210 4210
3131 4212
3120 4213
28 4214
4867 4216
611 4217
5536 4219
4007 4222
6113 4223
4224 4224
4225 4225
524 4227
4901 4229
4230 4230
6549 4232
4234 4234
851 4235
4237 4237
4238 4238
4240 4240
4241 4241
4242 4242
5371 4243
6158 4245
4246 4246
635 4250
4251 4251
4053 4252
4760 4253
3377 4255
4257 4257
4262 4262
1206 4263
1615 4264
4267 4267
6200 4268
3131 4269
4270 4270
2007 4275
4277 4277
4219 4279
4282 4282
4284 4284
544 4285
1529 4286
3681 4288
4290 4290
4291 4291
4293 4293
4294 4294
1338 4295
4297 4297
1813 4298
4299 4299
981 4301
4306 4306
2224 4307
3699 4310
4311 4311
4317 4317
3044 4318
6326 4323
1351 4324
4328 4328
4329 4329
4664 4330
4724 4334
4335 4335
4336 4336
4337 4337
4338 4338
4415 4342
4343 4343
2743 4345
5599 4348
2192 4350
4354 4354
4357 4357
4358 4358
4361 4361
4367 4367
4369 4369
2472 4371
4372 4372
3490 4373
156 4374
4796 4376
4377 4377
2597 4379
4381 4381
5663 4386
4387 4387
4388 4388
4389 4389
4392 4392
4396 4396
3715 4397
525 4398
1224 4402
4405 4405
4407 4407
4417 4417
5358 4422
1969 4423
4424 4424
4425 4425
4435 4435
1004 4436
2832 4438
4442 4442
4443 4443
1559 4446
4452 4452
3131 4453
4454 4454
129 4456
4458 4458
4459 4459
4464 4464
2025 4465
6308 4468
5968 4469
4470 4470
6488 4471
4472 4472
6560 4475
151 4478
4876 4483
1828 4484
4485 4485
4487 4487
4488 4488
2744 4490
4493 4493
4494 4494
6312 4495
2947 4496
553 4500
6821 4501
4503 4503
1969 4506
3961 4508
4349 4509
1990 4512
770 4515
318 4516
1163 4521
4522 4522
3907 4526
4528 4528
5775 4529
712 4530
319 4532
4537 4537
4538 4538
3715 4539
4876 4542
4543 4543
4545 4545
5495 4549
4550 4550
2801 4556
4562 4562
4566 4566
4568 4568
4571 4571
4573 4573
4577 4577
4580 4580
240 4581
1703 4585
2238 4592
1328 4595
3175 4597
711 4599
2824 4600
5687 4601
4606 4606
4607 4607
4284 4610
4611 4611
4621 4621
4622 4622
5463 4623
5279 4624
4628 4628
4631 4631
6450 4633
3119 4635
4636 4636
4637 4637
5072 4639
4641 4641
1427 4642
5431 4645
4530 4646
4649 4649
4650 4650
3972 4651
4927 4653
6512 4655
4663 4663
99 4669
1328 4670
3542 4671
4672 4672
5684 4673
4677 4677
4039 4680
2165 4681
4682 4682
4685 4685
4687 4687
4688 4688
4689 4689
1725 4693
5927 4695
4697 4697
3450 4700
4701 4701
2602 4704
4705 4705
529 4707
4709 4709
4713 4713
4714 4714
911 4716
66 4717
1241 4721
5962 4722
4724 4724
4725 4725
4728 4728
4729 4729
4730 4730
4731 4731
2951 4733
4736 4736
1337 4738
1396 4743
4746 4746
4747 4747
5035 4749
4752 4752
4754 4754
546 4756
4757 4757
2023 4758
5299 4761
4762 4762
4763 4763
1486 4765
250 4766
4770 4770
5455 4771
5928 4772
2007 4774
4082 4780
1688 4782
5220 4786
4367 4789
4865 4791
4793 4793
1470 4798
4606 4800
5774 4803
4804 4804
4806 4806
1526 4807
4808 4808
2505 4810
6509 4813
6360 4814
6161 4817
4820 4820
6443 4823
4824 4824
4827 4827
3327 4828
4830 4830
4831 4831
6044 4834
643 4835
4836 4836
1824 4839
2081 4841
692 4843
2588 4847
1012 4848
1451 4849
6724 4856
1188 4864
4865 4865
1253 4867
4868 4868
4488 4871
4873 4873
1855 4874
4611 4876
5358 4877
4878 4878
3050 4880
3067 4881
1167 4882
4883 4883
6326 4884
125 4886
6450 4888
4889 4889
3542 4891
2056 4893
6239 4896
2409 4898
5130 4899
505 4900
4903 4903
5622 4905
6746 4906
4907 4907
3267 4908
4911 4911
4912 4912
4913 4913
4914 4914
1526 4915
4916 4916
2875 4917
4918 4918
2169 4920
4930 4930
4381 4931
4932 4932
3882 4933
4934 4934
4935 4935
4936 4936
3742 4938
1755 4939
4941 4941
4943 4943
3271 4944
4528 4945
1619 4946
3946 4947
3954 4948
1564 4949
4950 4950
4951 4951
4953 4953
4269 4954
4956 4956
1856 4958
6454 4960
508 4961
4962 4962
4963 4963
2764 4964
4966 4966
4968 4968
1283 4970
4984 4973
4975 4975
376 4976
4978 4978
4011 4979
4982 4982
4985 4985
4989 4989
4991 4991
4994 4994
6859 4995
402 4997
3897 4998
1634 5000
2688 5001
5035 5004
5005 5005
6158 5006
5007 5007
6869 5008
6471 5009
2786 5017
5178 5018
3261 5019
2698 5023
3833 5030
3825 5034
1466 5035
6098 5039
5041 5041
1839 5046
5663 5048
6446 5051
5053 5053
5054 5054
3894 5055
5056 5056
5058 5058
5059 5059
950 5061
6296 5068
5069 5069
3849 5070
2268 5071
5072 5072
5074 5074
5075 5075
5080 5080
5081 5081
1711 5083
1884 5085
5086 5086
3029 5087
16 5088
5978 5090
5091 5091
5095 5095
5097 5097
627 5099
5100 5100
5101 5101
6405 5103
2702 5107
6066 5108
5113 5113
5116 5116
5117 5117
6768 5119
5122 5122
1116 5123
5124 5124
5125 5125
5128 5128
5130 5130
5132 5132
6292 5136
5138 5138
1164 5140
34 5141
5634 5142
5143 5143
2444 5145
5146 5146
2398 5147
4898 5150
5152 5152
5153 5153
250 5155
5156 5156
6758 5157
5158 5158
5163 5163
6466 5169
4905 5174
2694 5176
441 5178
5179 5179
4617 5181
437 5182
1116 5183
5186 5186
5188 5188
1588 5191
5192 5192
5193 5193
6047 5196
5197 5197
5198 5198
5203 5203
156 5204
4907 5205
3789 5206
5207 5207
5211 5211
5212 5212
2029 5214
5337 5215
3497 5219
5220 5220
5791 5222
6710 5223
5225 5225
5664 5229
5232 5232
5233 5233
5234 5234
5235 5235
5239 5239
2633 5243
5247 5247
5250 5250
5251 5251
5252 5252
2135 5255
236 5256
3044 5258
5259 5259
2968 5260
5262 5262
3862 5264
5265 5265
3642 5266
6856 5267
1222 5270
5271 5271
5646 5273
3783 5274
2227 5275
4240 5278
5281 5281
5282 5282
63 5284
3534 5286
5287 5287
4051 5288
447 5290
5291 5291
5292 5292
5295 5295
5297 5297
5298 5298
5300 5300
5303 5303
5304 5304
4056 5309
720 5312
5714 5313
5367 5316
3787 5321
697 5323
5324 5324
5642 5326
2431 5327
709 5330
5332 5332
5333 5333
471 5336
5337 5337
2582 5342
2891 5345
1560 5346
5348 5348
5349 5349
4378 5350
6443 5351
2603 5352
5353 5353
5499 5356
5360 5360
4033 5362
6343 5364
5368 5368
5370 5370
5371 5371
3937 5372
2792 5373
2985 5376
5377 5377
5378 5378
5379 5379
5381 5381
6548 5383
5387 5387
2943 5388
2494 5390
125 5392
5393 5393
5396 5396
741 5397
6445 5399
2360 5401
5403 5403
5405 5405
5406 5406
5408 5408
5409 5409
5410 5410
5411 5411
6831 5412
6674 5414
2025 5416
2305 5423
3605 5426
711 5435
490 5437
3425 5438
5440 5440
5445 5445
5446 5446
5447 5447
5452 5452
5453 5453
5964 5459
5463 5463
5464 5464
5476 5476
2510 5477
52 5480
5480 5481
5484 5484
3258 5485
5489 5489
5707 5495
5496 5496
5497 5497
4349 5499
5501 5501
761 5507
5508 5508
5512 5512
3849 5513
5514 5514
1655 5515
3982 5516
5517 5517
6310 5520
5522 5522
5523 5523
5525 5525
5527 5527
5529 5529
5531 5531
5532 5532
5534 5534
5535 5535
5536 5536
5429 5537
2317 5538
5539 5539
5542 5542
5546 5546
5548 5548
970 5549
1362 5551
5553 5553
2951 5555
1598 5557
5082 5559
5560 5560
2441 5564
4014 5566
5567 5567
5930 5568
5569 5569
6450 5571
4347 5574
5575 5575
4100 5580
5581 5581
199 5582
369 5584
4293 5585
6607 5587
5589 5589
5590 5590
3307 5593
1824 5594
5596 5596
5598 5598
5601 5601
402 5603
6787 5604
1706 5606
5609 5609
5610 5610
5599 5614
1470 5617
6518 5619
4256 5621
5624 5624
757 5625
2224 5627
5632 5632
996 5634
5635 5635
695 5636
5571 5637
313 5638
5640 5640
5641 5641
1706 5642
283 5643
2193 5645
5646 5646
5648 5648
4053 5650
5164 5651
5652 5652
3932 5653
4408 5655
5659 5659
2907 5662
4475 5663
5664 5664
5666 5666
3740 5670
5677 5677
5321 5678
5679 5679
3995 5680
4572 5682
5191 5684
5686 5686
387 5694
5446 5696
5697 5697
5698 5698
5702 5702
2456 5703
5704 5704
5705 5705
5706 5706
3169 5708
5709 5709
5408 5710
2132 5711
5714 5714
148 5716
5717 5717
5721 5721
5724 5724
5726 5726
5567 5729
327 5730
3121 5731
2186 5732
5734 5734
5736 5736
5740 5740
285 5741
283 5742
5743 5743
5745 5745
2295 5746
5750 5750
5751 5751
5753 5753
5756 5756
3935 5757
5762 5762
4746 5764
129 5766
5767 5767
5768 5768
378 5769
851 5772
5774 5774
1128 5775
5777 5777
5778 5778
2291 5781
5782 5782
5783 5783
4927 5785
5788 5788
5789 5789
5793 5793
5794 5794
3042 5796
2128 5797
4840 5798
5799 5799
5800 5800
5715 5804
5806 5806
5807 5807
5812 5812
5813 5813
124 5814
4063 5818
4528 5822
3479 5823
3390 5825
3313 5826
5828 5828
5829 5829
6156 5830
5831 5831
1704 5833
5834 5834
1396 5836
5837 5837
5838 5838
6115 5839
5840 5840
2527 5841
5246 5843
5844 5844
435 5845
6706 5847
5848 5848
386 5849
5851 5851
5855 5855
912 5859
806 5861
5644 5865
2066 5871
5872 5872
2919 5873
6884 5875
5878 5878
5669 5879
5880 5880
5881 5881
1126 5882
3116 5884
5886 5886
5887 5887
5698 5888
3493 5890
1362 5892
6450 5894
5567 5895
5896 5896
912 5897
5899 5899
5901 5901
5902 5902
1289 5903
185 5905
5907 5907
5908 5908
5913 5913
5915 5915
1969 5916
6592 5918
4867 5921
5923 5923
5730 5926
5927 5927
5928 5928
4664 5930
5932 5932
5933 5933
5964 5934
5936 5936
5616 5940
6064 5941
5944 5944
5949 5949
5952 5952
5953 5953
5065 5955
5959 5959
4980 5960
5961 5961
2941 5963
6752 5965
495 5967
6063 5969
2268 5970
1191 5972
5977 5977
5978 5978
5980 5980
5981 5981
5982 5982
5983 5983
734 5984
5985 5985
5986 5986
5988 5988
5989 5989
5991 5991
5188 5992
5994 5994
871 5996
2216 5997
6000 6000
5282 6002
6560 6003
3947 6004
6005 6005
6006 6006
2883 6009
1959 6010
6011 6011
6711 6013
6017 6017
5195 6019
4571 6021
6023 6023
6024 6024
2441 6025
3946 6026
6027 6027
2453 6028
6841 6031
912 6032
3583 6033
1380 6035
6039 6039
3035 6041
6045 6045
563 6046
6245 6048
5093 6050
4053 6051
1396 6053
6054 6054
6056 6056
6057 6057
4251 6061
6062 6062
6063 6063
6064 6064
5195 6066
412 6067
165 6069
6072 6072
6073 6073
6076 6076
6077 6077
1528 6083
6085 6085
2433 6086
1520 6088
605 6089
6090 6090
6095 6095
6097 6097
6825 6098
6102 6102
6103 6103
5642 6104
4940 6105
6108 6108
4798 6109
6110 6110
5279 6111
6115 6115
6117 6117
6306 6120
4114 6121
2699 6122
3968 6123
1396 6124
6125 6125
5465 6128
1180 6129
6130 6130
3790 6132
518 6135
503 6137
6139 6139
6142 6142
6143 6143
1919 6144
641 6145
6147 6147
6148 6148
6177 6149
2792 6150
6153 6153
6154 6154
5927 6155
6159 6159
6160 6160
4817 6161
6162 6162
6163 6163
5831 6169
6170 6170
6172 6172
6175 6175
3968 6177
6179 6179
2035 6180
3790 6181
1396 6182
6185 6185
6187 6187
6191 6191
6192 6192
6195 6195
1143 6199
3466 6200
129 6202
1206 6204
6207 6207
6209 6209
6066 6210
6211 6211
6212 6212
6225 6225
6227 6227
1727 6230
6231 6231
3809 6236
6238 6238
921 6241
4611 6244
1546 6246
6247 6247
6248 6248
6865 6254
5079 6258
274 6259
4065 6260
5407 6261
2274 6263
1557 6265
6267 6267
4772 6268
3975 6269
250 6270
5431 6274
6276 6276
6278 6278
6281 6281
6282 6282
605 6284
6388 6285
6286 6286
6288 6288
6518 6291
6294 6294
398 6295
4601 6296
6302 6302
6303 6303
437 6305
5733 6306
6307 6307
4808 6309
1149 6310
5533 6311
6315 6315
6376 6316
6317 6317
6319 6319
1968 6326
3413 6327
3982 6328
6330 6330
5012 6331
6332 6332
6334 6334
6338 6338
5763 6339
6083 6340
6346 6346
6349 6349
2963 6350
3948 6351
6356 6356
3397 6357
940 6359
6360 6360
3835 6361
5053 6362
6363 6363
4143 6364
6365 6365
6368 6368
6370 6370
4607 6372
6373 6373
6418 6375
2510 6379
3498 6380
6381 6381
4178 6382
6383 6383
3430 6387
3026 6388
6389 6389
948 6390
6516 6392
3926 6394
3873 6396
6398 6398
2818 6399
5179 6401
1871 6403
6405 6405
4136 6407
5412 6409
6410 6410
6235 6422
6423 6423
6426 6426
6428 6428
2952 6430
6257 6434
6437 6437
6438 6438
6440 6440
6444 6444
5782 6445
6446 6446
6449 6449
3028 6450
3903 6460
6464 6464
6832 6466
6467 6467
6468 6468
6471 6471
520 6474
6479 6479
6407 6481
6482 6482
873 6484
6486 6486
4713 6489
2328 6492
5646 6493
5617 6495
6841 6497
6804 6498
3893 6500
6502 6502
6504 6504
381 6505
6508 6508
6509 6509
6510 6510
5047 6511
6512 6512
4234 6513
6497 6515
5551 6517
2029 6518
2003 6520
5964 6523
3207 6525
6526 6526
6527 6527
1486 6528
6529 6529
6142 6533
3999 6534
3177 6536
6538 6538
3893 6542
1191 6548
5384 6549
2498 6552
1765 6553
4783 6555
659 6556
6559 6559
6560 6560
6561 6561
976 6562
4764 6563
6566 6566
6567 6567
6571 6571
948 6572
6573 6573
6574 6574
2840 6576
5284 6577
5270 6578
788 6582
6514 6583
6585 6585
6588 6588
993 6589
6591 6591
6592 6592
5136 6593
6595 6595
6597 6597
6598 6598
4138 6599
6603 6603
6605 6605
6606 6606
6521 6607
6609 6609
1808 6611
833 6613
6617 6617
6623 6623
4548 6625
6626 6626
1722 6630
6631 6631
5972 6632
6592 6636
2963 6637
6638 6638
6639 6639
3999 6640
2827 6641
3042 6642
6644 6644
892 6646
5914 6647
6650 6650
6479 6652
6653 6653
4081 6655
6657 6657
6663 6663
2815 6665
6666 6666
6465 6667
3946 6668
6674 6670
6841 6672
3815 6677
6678 6678
6683 6683
3201 6688
5187 6691
6693 6693
6694 6694
1702 6699
2526 6703
6704 6704
4920 6705
6707 6707
1998 6708
6713 6713
4243 6714
2891 6717
6719 6719
4877 6720
4150 6722
4970 6723
6724 6724
6725 6725
6727 6727
4623 6730
6731 6731
2356 6736
6737 6737
6363 6739
1013 6740
1058 6742
6750 6750
5015 6751
6756 6756
6758 6758
4880 6759
4651 6760
4421 6762
4915 6765
375 6766
1261 6771
6637 6772
6778 6778
1354 6779
6780 6780
5008 6781
2922 6782
4734 6783
6784 6784
3280 6785
5433 6786
6788 6788
972 6789
5821 6790
6791 6791
224 6792
6793 6793
6794 6794
2578 6796
6797 6797
6800 6800
6801 6801
6804 6804
3347 6805
6807 6807
2494 6808
6809 6809
4395 6810
1206 6811
471 6812
6235 6814
4427 6816
6817 6817
2360 6818
5144 6823
5881 6824
6827 6827
6830 6830
6834 6834
2744 6838
6839 6839
6825 6843
6844 6844
5500 6845
4827 6848
2175 6849
6856 6856
3411 6857
1396 6858
1928 6859
4053 6861
6865 6865
6866 6866
6869 6869
6872 6872
6874 6874
6880 6880
2694 6884
5239 6886
4725 6888
6889 6889
