5330 5330
5258 5258
5531 5531
9647 9647
917 917
5574 5574
1813 1813
1180 1180
5662 5662
884 884
642 642
4937 4937
9523 9523
5716 5716
5434 5434
5593 5593
1814 1814
9516 9516
9515 9515
9276 9276
4585 4585
545 545
981 981
5940 5940
9528 9528
1079 1079
1464 1464
406 406
1561 1561
1122 1122
9871 9871
683 683
1269 1269
9862 9862
5416 5416
9618 9618
819 819
582 582
5098 5098
1439 1439
9473 9473
5735 5735
5974 5974
757 757
1487 1487
1484 1484
1598 1598
595 595
661 661
4962 4962
9441 9441
9428 9428
5527 5527
9908 9908
531 531
9310 9310
5736 5736
963 963
9912 9912
9386 9386
1545 1545
9340 9340
3123 3123
9644 9644
1266 1266
5978 5978
44 44
5471 5471
6071 6071
1379 1379
62 62
6406 6406
1574 1574
6900 6900
561 561
4435 4435
1540 1540
5105 5105
1636 1636
4970 4970
412 412
624 624
949 949
433 433
6184 6184
4653 4653
1438 1438
3554 3554
1383 1383
5284 5284
1459 1459
1645 1645
54 54
5135 5135
841 841
1305 1305
5758 5758
5012 5012
5767 5767
747 747
3318 3318
2710 2710
1003 1003
2499 2499
9404 9404
9704 9704
1051 1051
4858 4858
6230 6230
5149 5149
5847 5847
2794 2794
9403 9403
9383 9383
1400 1400
5539 5539
2666 2666
9200 9200
1895 1895
9406 9406
5397 5397
1006 1006
2989 2989
3707 3707
583 583
4813 4813
4345 4345
1254 1254
9854 9854
432 432
9232 9232
1220 1220
3122 3122
5796 5796
392 392
9372 9372
2280 2280
7165 7165
1148 1148
5085 5085
1403 1403
9709 9709
2229 2229
8874 8874
2721 2721
5925 5925
9560 9560
4300 4300
5951 5951
881 881
1242 1242
3063 3063
4700 4700
2087 2087
2167 2167
2948 2948
3260 3260
5903 5903
5201 5201
4769 4769
2489 2489
6283 6283
5747 5747
1946 1946
4341 4341
5291 5291
1691 1691
9773 9773
1425 1425
5027 5027
591 591
1304 1304
8952 8952
4617 4617
4721 4721
1203 1203
9048 9048
898 898
201 201
2013 2013
1125 1125
3195 3195
9962 9962
5601 5601
4085 4085
506 506
3771 3771
4464 4464
8843 8843
5430 5430
4146 4146
2880 2880
1876 1876
1703 1703
2740 2740
1729 1729
1955 1955
3476 3476
3462 3462
2112 2112
3996 3996
2270 2270
2868 2868
5817 5817
2902 2902
3167 3167
4188 4188
8941 8941
1010 1010
275 275
2183 2183
5681 5681
5666 5666
842 842
4491 4491
4111 4111
5652 5652
6009 6009
4618 4618
5830 5830
5087 5087
5498 5498
4775 4775
3320 3320
8033 8033
3864 3864
4951 4951
5706 5706
107 107
9167 9167
6329 6329
5944 5944
3543 3543
5694 5694
8066 8066
3885 3885
3715 3715
4046 4046
9054 9054
6226 6226
6637 6637
7249 7249
3651 3651
7172 7172
4818 4818
4388 4388
1566 1566
3539 3539
8346 8346
3755 3755
311 311
2728 2728
6619 6619
272 272
1760 1760
3796 3796
1860 1860
2751 2751
4190 4190
3343 3343
9954 9927
5101 5101
5483 5483
4843 4843
5036 5036
5756 5756
3458 3458
9680 9680
3989 3989
4076 4076
9826 9826
9780 9780
2773 2707
5327 5327
3465 3465
5213 5213
7863 7863
5304 5304
1839 1839
7814 7814
194 194
7286 7286
3900 3900
5007 5007
4086 4086
5303 5303
2003 2003
319 319
2708 2708
3392 3392
6254 6254
7468 7468
705 705
7209 7209
5695 5695
6217 6156
9607 9607
7954 7954
8702 8702
9976 9976
5592 5592
2668 2668
2697 2697
6791 6791
3120 3212
9136 9136
8472 8472
9269 9269
21 21
8626 8626
2968 2968
8231 8231
3630 3630
8426 8426
7192 7192
1406 1406
6227 6227
2268 2268
2544 2544
3393 3393
4261 4261
4835 4498
2508 2508
7141 7141
4432 4432
5224 5224
2247 2247
7558 7558
2330 2330
3270 3270
3791 3791
4717 4717
8254 8254
6616 6616
9975 9975
6486 6486
2557 2557
8168 8168
2889 2495
8467 8272
8414 8414
6820 6820
6959 6631
1429 1417
1748 1748
3034 3034
3505 3505
3369 3369
3491 3491
3284 3284
3169 3169
7621 7621
8530 8010
3524 3524
4072 4072
3480 3480
2517 2375
40 40
8956 8956
6910 6910
8122 8238
176 9809
5689 5600
8327 8327
4185 9557
8106 8106
2485 2485
3857 3789
3527 3527
3870 3870
2757 2757
8397 8397
8492 6990
6823 6823
7615 7411
8468 8468
7495 7711
9692 9692
2603 2916
4122 4122
4513 4513
4571 4571
8120 8120
5562 5562
5691 5444
5180 5180
4944 4944
8268 8383
7457 7017
6575 6064
6660 6660
