9858 4
5399 5
5730 7
4561 12
1684 14
21 21
9082 23
9917 25
2259 29
4736 31
3720 33
2842 34
191 36
8939 38
40 40
3190 41
5707 43
44 44
1484 51
4919 52
54 54
9374 56
62 62
7844 66
2438 69
3409 73
3995 77
9455 80
4709 82
5076 90
5234 91
9200 103
107 107
9332 111
3101 121
2071 132
5055 133
9803 139
4189 144
4942 146
4831 148
8528 151
2196 152
416 154
1469 156
6337 158
1114 159
3212 162
9105 164
8095 178
1315 186
61 188
4550 192
194 194
3290 195
201 201
3094 204
2133 209
3931 210
818 211
9769 213
156 217
8536 219
1259 223
3487 224
3324 228
9275 234
8235 239
2931 241
335 242
9552 244
5869 248
2666 250
787 252
3028 253
7868 256
1794 258
4931 263
9518 264
866 266
4950 269
122 271
272 272
275 275
3578 277
788 278
3728 279
5429 281
4243 282
2857 283
583 284
780 285
4761 288
1919 289
8247 292
669 298
9336 299
9241 306
3196 308
311 311
5045 317
319 319
6160 320
2146 322
1392 324
4751 326
9362 329
2931 330
4236 331
6809 333
104 334
3210 335
4225 339
1756 343
4635 344
9043 351
53 352
3445 353
4415 355
4579 356
5155 362
8786 371
8082 372
5466 379
9273 381
6141 385
2196 390
392 392
9359 395
4501 398
255 400
1275 401
3019 404
406 406
412 412
855 415
116 417
4247 418
684 422
1129 428
432 432
433 433
618 434
5730 436
5084 438
2738 445
1150 452
1311 454
1938 462
1793 466
1219 467
1418 471
3595 476
9506 480
6386 482
9853 485
5692 490
2139 493
3770 497
5985 501
506 506
1026 509
4424 511
3581 512
9977 513
176 515
3598 517
9432 523
1728 528
531 531
9420 534
5084 536
863 540
7317 544
545 545
106 546
4093 548
5055 549
1669 550
3930 553
4416 554
2326 555
1762 556
9554 558
561 561
2038 564
5263 568
241 570
2899 571
2465 572
5569 579
582 582
583 583
2217 584
4695 588
5515 589
5118 590
591 591
6654 593
314 594
595 595
1370 596
6624 601
3721 606
3377 613
1576 618
1400 620
1983 621
624 624
1275 634
795 635
40 639
642 642
9642 647
2388 649
9677 653
4070 654
129 656
8718 657
2707 658
4162 659
661 661
4729 668
3580 669
156 670
9212 671
4460 673
726 675
1392 679
3101 680
5866 681
683 683
872 684
1377 694
2805 698
5576 702
5508 703
3377 704
705 705
4199 706
2247 707
8593 710
1885 711
3979 715
8742 724
3663 727
653 728
4089 730
6439 735
2722 736
9741 738
4289 741
7325 742
5058 744
5644 746
747 747
9534 750
757 757
411 759
2424 763
7178 767
1767 769
4788 774
708 776
286 777
4525 778
120 779
1999 783
3555 785
2262 789
1157 792
7499 797
3151 799
1362 800
3711 804
4377 806
3782 809
7390 815
4921 817
3975 818
819 819
1574 821
2903 822
4727 824
3294 826
743 832
1990 834
298 837
841 841
842 842
4576 843
9720 848
7557 852
9008 854
5375 855
3441 856
6800 858
5401 862
905 863
3841 865
7141 867
3058 868
766 869
4784 873
1754 880
881 881
884 884
1547 886
2073 888
2857 890
3422 891
6820 894
2975 897
898 898
4425 902
3154 903
6731 910
5779 911
917 917
279 920
9414 923
3932 924
68 925
2546 929
4232 932
9539 934
1210 935
5680 938
4046 940
9803 941
5093 942
775 947
1210 948
949 949
4594 955
1292 956
94 959
4194 960
731 961
1409 962
963 963
8044 964
4171 965
95 969
4010 975
981 981
9853 988
3953 991
9319 993
4978 994
201 995
2790 998
1003 1003
1006 1006
1548 1008
4009 1009
1010 1010
5208 1012
4290 1020
3011 1021
3408 1023
2757 1028
886 1029
703 1036
894 1038
1409 1039
3380 1041
9553 1042
9081 1043
475 1044
1051 1051
1476 1052
5011 1053
600 1056
5160 1064
554 1067
3295 1070
1400 1073
1542 1077
1079 1079
9856 1082
1963 1084
133 1086
1103 1088
2098 1091
1390 1094
9985 1096
235 1098
2064 1102
9855 1104
4612 1106
7367 1108
5787 1112
168 1113
2883 1116
2352 1118
9598 1119
1069 1120
1122 1122
827 1123
1125 1125
2208 1129
1576 1132
1892 1136
3884 1139
6208 1142
1148 1148
9698 1157
9577 1163
4128 1164
2282 1168
3454 1169
3221 1174
2150 1176
6160 1178
2348 1179
1180 1180
5633 1181
2874 1182
1542 1185
6493 1186
345 1191
9870 1192
956 1194
5974 1199
1203 1203
8492 1204
904 1206
8525 1208
5772 1209
8134 1210
2684 1211
9853 1212
2562 1215
5910 1218
1220 1220
666 1226
80 1227
1363 1229
265 1230
130 1233
3809 1234
5379 1236
9686 1240
1242 1242
5697 1246
2852 1249
9254 1250
1254 1254
1370 1256
5569 1258
4152 1261
1166 1263
1266 1266
4102 1267
1269 1269
330 1274
198 1275
8960 1276
7850 1277
561 1279
4744 1282
4628 1283
9411 1288
6571 1289
1464 1293
1359 1295
4233 1298
2151 1299
3884 1300
9823 1302
1138 1303
1304 1304
1305 1305
877 1307
2370 1309
947 1310
2330 1322
7455 1326
4868 1332
140 1339
3555 1344
5981 1348
4046 1350
9367 1352
5578 1353
4054 1362
9208 1363
9735 1369
9975 1371
9709 1372
4797 1376
1379 1379
9551 1380
1383 1383
1652 1384
4660 1385
5839 1389
4411 1390
1129 1393
778 1397
230 1398
1400 1400
5425 1401
1403 1403
2278 1404
4221 1405
1406 1406
66 1408
9939 1409
3230 1416
1429 1417
9377 1420
2981 1421
3371 1423
1425 1425
9999 1435
4646 1436
1438 1438
1439 1439
1476 1441
2985 1443
9753 1448
212 1449
1459 1459
3796 1460
1464 1464
3715 1468
760 1473
4195 1474
3214 1475
3486 1480
8247 1482
1484 1484
1487 1487
2277 1491
226 1495
9108 1499
4139 1504
6054 1509
9193 1510
5861 1518
9656 1519
739 1522
4285 1523
2139 1525
7918 1531
6083 1534
9329 1537
9999 1539
1540 1540
1545 1545
4612 1547
2667 1550
4262 1552
8002 1553
5115 1557
9035 1558
1561 1561
7303 1562
1566 1566
3082 1571
1574 1574
150 1579
9198 1583
67 1584
5899 1585
1932 1590
3165 1592
1598 1598
1590 1602
236 1604
4958 1605
3762 1609
4460 1611
123 1613
7960 1615
307 1616
4499 1618
4729 1619
2417 1620
9097 1622
3082 1624
3257 1625
4401 1626
9026 1628
1518 1629
5198 1630
388 1631
1636 1636
226 1641
9856 1644
1645 1645
3058 1646
8095 1650
3523 1661
2380 1664
3424 1665
2307 1666
9911 1667
650 1670
9576 1672
9414 1682
93 1684
992 1685
5139 1688
1691 1691
4380 1697
4768 1699
4669 1700
945 1701
1703 1703
6663 1707
7840 1709
5750 1710
1698 1718
737 1720
5178 1723
4174 1725
1729 1729
3950 1731
311 1734
9332 1735
1747 1736
3778 1743
788 1745
652 1746
1748 1748
9651 1753
9870 1759
1760 1760
3591 1766
5190 1767
8065 1770
5460 1778
7824 1781
4093 1782
3555 1788
548 1791
231 1795
1116 1800
7118 1804
2370 1808
8268 1809
1048 1811
1813 1813
1814 1814
2514 1815
8852 1816
115 1818
256 1825
4828 1827
3834 1828
8506 1829
1210 1830
4950 1836
1839 1839
1361 1842
3879 1843
4072 1847
3278 1851
3035 1856
1860 1860
238 1866
1876 1876
1878 1878
8872 1879
3165 1882
5074 1885
4792 1890
1895 1895
1787 1899
9837 1903
5876 1906
9942 1908
984 1910
9634 1917
410 1925
2089 1926
4881 1929
4326 1931
2785 1932
269 1938
2601 1941
1946 1946
3039 1947
5447 1954
1955 1955
9659 1964
9102 1965
3065 1966
226 1973
628 1976
9738 1977
3647 1985
4975 1987
9424 1991
4377 1998
4109 1999
2003 2003
9215 2007
9581 2009
9945 2011
2013 2013
66 2017
778 2022
4882 2024
5791 2026
5229 2027
1814 2029
3347 2036
2471 2040
4328 2053
5026 2056
1924 2057
3698 2063
1779 2065
9304 2079
1155 2083
4186 2084
2087 2087
9273 2089
9946 2091
9361 2096
5013 2099
9577 2100
3550 2101
2324 2103
5691 2107
2112 2112
2642 2114
3820 2115
2686 2116
7318 2118
2525 2119
1719 2125
1963 2127
2115 2128
3147 2130
2727 2132
3246 2135
413 2143
2947 2145
3236 2149
9855 2153
6720 2154
5879 2155
4187 2156
5302 2158
701 2159
3867 2163
2167 2167
3560 2168
871 2169
2311 2172
312 2173
2811 2176
2179 2179
7408 2181
2183 2183
2186 2186
3721 2187
2471 2193
3742 2195
442 2202
9398 2203
1191 2209
9388 2213
224 2214
9032 2216
9745 2217
5859 2218
4182 2222
2229 2229
1698 2230
8696 2232
2968 2238
2240 2240
2247 2247
5162 2248
3377 2251
4505 2252
1219 2255
2439 2256
9417 2258
3388 2260
485 2264
2268 2268
2270 2270
2987 2272
4710 2278
2280 2280
7805 2284
65 2286
3482 2287
980 2290
2295 2295
2987 2296
5365 2298
5302 2300
4417 2302
256 2304
1789 2307
5076 2309
1561 2314
3252 2316
5201 2319
5208 2322
2323 2323
986 2324
3279 2329
2330 2330
9239 2331
9297 2334
4430 2335
283 2336
1781 2337
116 2339
739 2346
9473 2349
9461 2350
5 2354
2107 2356
2597 2360
4326 2362
4983 2366
1542 2368
2362 2371
557 2372
2517 2375
2629 2376
7657 2377
9723 2379
2758 2382
5458 2391
353 2392
2568 2394
2405 2396
4560 2400
376 2401
5618 2402
3980 2403
2107 2405
619 2406
947 2411
673 2414
1785 2420
2530 2421
9348 2424
4498 2432
1564 2440
5348 2444
619 2447
5005 2449
2092 2452
4185 2453
4287 2454
3980 2459
1359 2460
5488 2463
5811 2464
4290 2465
9506 2466
3294 2467
8430 2471
5730 2473
4328 2475
7565 2477
7108 2479
9977 2480
3886 2482
443 2483
1894 2484
2485 2485
6041 2487
2489 2489
2038 2490
2889 2495
1665 2496
2499 2499
110 2500
1785 2504
1789 2507
2508 2508
4391 2509
2295 2518
2509 2522
4054 2525
5118 2526
9112 2530
4434 2538
1716 2540
2544 2544
2912 2546
5666 2547
3280 2548
2966 2549
2973 2554
2038 2555
2557 2557
3065 2559
963 2562
4667 2566
4633 2567
9841 2569
2482 2570
3328 2573
3723 2579
2971 2580
3393 2581
5027 2585
5365 2586
4794 2590
8053 2591
5277 2592
1086 2596
390 2597
19 2603
1075 2605
826 2607
3443 2612
2564 2613
7889 2614
9100 2617
1390 2618
2343 2620
658 2626
122 2627
4557 2629
6804 2631
4843 2633
1365 2634
2833 2635
3061 2636
289 2639
9308 2640
969 2641
5120 2643
7415 2644
8201 2645
288 2653
8101 2657
4532 2658
423 2660
2058 2663
2666 2666
2642 2667
2668 2668
2796 2671
4370 2675
1938 2680
8298 2681
2301 2686
4426 2688
2231 2690
1783 2691
2697 2697
3834 2700
1157 2701
2773 2707
2708 2708
2710 2710
5328 2711
9768 2712
5704 2715
3290 2717
2721 2721
9659 2726
2728 2728
1148 2731
5261 2739
2740 2740
3048 2741
93 2744
4123 2747
6718 2748
1148 2750
2751 2751
2676 2754
5006 2755
2757 2757
9959 2758
2415 2760
9026 2761
9930 2762
5636 2765
2953 2767
1732 2769
3409 2771
9688 2774
9228 2778
6256 2779
9656 2786
4788 2791
3879 2792
655 2793
2794 2794
9233 2796
9575 2798
2731 2799
9056 2803
9199 2804
353 2806
258 2811
8661 2812
1938 2813
4195 2814
4653 2818
275 2819
730 2821
2548 2822
8865 2823
3656 2825
1210 2827
8586 2828
2475 2830
727 2836
9880 2838
2364 2839
5172 2841
2977 2842
2648 2846
4859 2849
5633 2856
5284 2857
9340 2859
3274 2863
2868 2868
4266 2870
4434 2872
104 2873
2880 2880
9372 2883
8928 2885
4664 2886
6208 2887
4829 2893
9565 2901
2902 2902
5618 2903
9086 2909
2603 2916
4251 2923
9845 2924
5115 2925
9939 2926
1789 2927
673 2939
2491 2946
5121 2947
2948 2948
2343 2949
2146 2951
1064 2956
6631 2958
6976 2959
2968 2968
529 2969
9677 2972
788 2974
5992 2975
3776 2976
3955 2977
4633 2979
1322 2984
855 2987
2989 2989
3380 2993
4111 2995
332 2997
2110 2999
4146 3000
2800 3002
7889 3010
1494 3013
3841 3016
3482 3017
5552 3022
2016 3023
642 3024
3034 3034
9887 3035
9856 3037
1747 3038
893 3040
1392 3047
5922 3050
3057 3051
3996 3057
3063 3063
9598 3074
4434 3078
226 3079
387 3081
4250 3082
561 3085
9979 3091
9984 3094
788 3095
429 3098
1490 3103
226 3104
2061 3105
2564 3108
2206 3110
2757 3114
5115 3115
841 3118
3122 3122
3123 3123
4271 3129
9540 3132
2589 3133
6304 3145
168 3149
1550 3153
4408 3158
9962 3165
3167 3167
3169 3169
6915 3177
3469 3181
5022 3182
6068 3186
7100 3187
673 3191
3195 3195
8773 3197
969 3203
713 3204
6607 3206
1407 3211
3120 3212
1284 3213
4868 3215
3192 3221
9543 3223
5559 3225
7963 3227
349 3229
2038 3230
4399 3234
9845 3236
6663 3241
2295 3243
3178 3250
1238 3251
3938 3259
3260 3260
5884 3265
3217 3267
1268 3269
3270 3270
8134 3275
2871 3276
4958 3280
5815 3281
4717 3282
3284 3284
3097 3286
8329 3293
30 3299
5362 3300
1213 3301
5463 3302
5313 3305
2270 3308
2514 3312
3908 3315
3318 3318
3320 3320
5188 3322
3144 3327
3634 3329
2131 3330
4312 3332
7655 3335
3343 3343
2685 3344
2515 3345
5243 3350
277 3355
4693 3364
9646 3365
435 3368
3369 3369
4669 3372
2174 3373
8913 3375
7100 3376
3129 3377
4908 3378
2685 3379
3049 3382
4514 3384
2515 3385
1854 3387
3392 3392
3393 3393
807 3400
3401 3403
3583 3405
3218 3406
1968 3412
4037 3417
7158 3418
5120 3422
9078 3423
3226 3431
3634 3433
7868 3434
9120 3435
1376 3439
9622 3440
9498 3443
1720 3445
5105 3450
3943 3455
6422 3457
3458 3458
3423 3460
3462 3462
5355 3464
3465 3465
4646 3468
2073 3475
3476 3476
68 3479
3480 3480
4821 3484
3080 3486
5005 3487
3491 3491
4224 3497
3505 3505
221 3507
8772 3508
5063 3509
3751 3511
5265 3514
2422 3517
8334 3521
39 3523
3524 3524
3527 3527
1210 3529
7523 3535
2547 3538
3539 3539
3543 3543
9962 3545
4089 3546
675 3549
9771 3552
3554 3554
5984 3557
9931 3560
1163 3561
1631 3565
4689 3566
679 3567
3487 3569
4234 3570
3376 3572
1803 3574
5285 3575
796 3577
3126 3580
8772 3584
2060 3586
4868 3589
3566 3595
989 3598
6603 3610
4875 3611
5328 3615
4193 3621
4712 3624
453 3627
5032 3628
3876 3629
3630 3630
5561 3634
1914 3635
1896 3636
3792 3642
2717 3643
3704 3644
3651 3651
5121 3652
3058 3655
775 3661
549 3664
453 3666
3329 3673
4729 3675
1569 3681
52 3685
7619 3691
9718 3692
3415 3693
3575 3695
4300 3699
3046 3700
3707 3707
4571 3708
5010 3710
6230 3711
6759 3713
3715 3715
1806 3717
9385 3729
3452 3734
5816 3737
2781 3738
9016 3739
7785 3744
2491 3747
9308 3750
895 3751
3542 3753
3755 3755
3615 3757
1370 3760
3918 3762
9758 3767
389 3770
3771 3771
2735 3779
9385 3780
92 3783
4947 3785
439 3786
256 3788
3857 3789
3791 3791
5981 3793
3796 3796
4296 3802
9045 3804
4628 3809
9398 3811
1686 3812
7764 3813
377 3818
2707 3819
2526 3820
3280 3821
1798 3822
1445 3825
7991 3834
858 3835
4713 3839
4326 3840
842 3842
426 3847
4697 3850
869 3852
5192 3855
1497 3856
1722 3858
1894 3863
3864 3864
3870 3870
3924 3875
3839 3880
1222 3882
7995 3884
3885 3885
4727 3886
493 3889
9599 3893
4054 3894
3493 3896
6443 3897
2857 3898
3900 3900
9200 3903
2544 3904
746 3908
4362 3909
2851 3911
4453 3914
9835 3920
2777 3923
1345 3925
4263 3926
3928 3928
9228 3933
3922 3940
9747 3947
1226 3949
3741 3953
9037 3956
9309 3957
3576 3962
2531 3965
7609 3971
4185 3975
6396 3977
788 3979
1476 3980
5838 3983
9032 3988
3989 3989
9398 3994
3996 3996
9598 4000
1370 4003
4628 4011
1686 4014
3273 4016
3085 4020
1293 4025
5401 4030
9425 4032
915 4034
1393 4036
3115 4037
4424 4039
3575 4040
226 4043
5155 4044
4046 4046
3267 4048
4127 4050
9034 4051
9049 4057
2210 4060
4095 4065
2207 4071
4072 4072
4071 4074
3473 4075
4076 4076
1584 4081
4085 4085
4086 4086
9966 4093
2867 4094
5899 4097
1792 4105
3255 4107
4109 4109
9 4110
4111 4111
3805 4112
9102 4116
3416 4121
4122 4122
7684 4132
8232 4134
5927 4137
9279 4142
1296 4145
4146 4146
1542 4157
8357 4165
3019 4169
3726 4170
9068 4172
2231 4175
9100 4179
4188 4188
4190 4190
7777 4191
2118 4195
3645 4198
8530 4203
9534 4205
9324 4206
9968 4207
2027 4211
9803 4212
1986 4213
2337 4214
5332 4215
9982 4220
4037 4221
4256 4224
4410 4225
7825 4228
4152 4229
4836 4232
7339 4233
8426 4235
3344 4237
8660 4238
3465 4241
4399 4242
3214 4245
9063 4247
2307 4250
7705 4251
643 4256
2522 4258
4261 4261
2535 4265
3147 4266
4928 4272
5204 4273
2648 4280
3996 4281
6910 4282
5994 4283
3487 4285
3580 4286
3715 4290
6884 4291
3187 4293
249 4295
1748 4297
9203 4298
4300 4300
4563 4302
7944 4304
4140 4305
8094 4310
5229 4311
6886 4314
9527 4316
297 4317
5888 4323
9491 4330
6514 4339
4341 4341
1640 4343
4356 4344
4345 4345
3270 4346
4813 4347
4469 4349
3433 4350
2871 4354
5380 4358
4359 4359
5784 4360
7995 4361
7272 4362
6308 4366
4211 4368
3429 4375
3320 4377
6386 4380
1147 4381
376 4384
6323 4385
496 4387
4388 4388
3896 4391
306 4394
866 4398
6169 4403
2147 4404
1348 4410
4729 4413
2014 4416
3210 4418
9243 4422
2725 4430
4432 4432
2058 4433
4435 4435
4693 4436
9874 4439
3255 4445
5213 4447
775 4451
9686 4455
9959 4460
4464 4464
798 4465
5688 4469
4234 4473
2360 4474
2388 4476
3274 4477
8273 4483
1518 4485
5153 4489
4491 4491
2667 4493
1732 4495
4835 4498
4853 4501
9094 4504
5093 4505
1878 4508
9662 4509
4513 4513
2688 4514
150 4515
5940 4518
2435 4525
3197 4526
6206 4532
9326 4534
9456 4537
6924 4538
2194 4540
2298 4542
1234 4554
6743 4555
2629 4557
9441 4559
4297 4565
255 4566
1394 4567
4571 4571
2485 4572
3403 4575
3675 4577
646 4578
1198 4579
4709 4582
647 4584
4585 4585
9359 4587
1582 4588
832 4591
4118 4596
6499 4601
1132 4603
6491 4608
1013 4611
759 4616
4617 4617
4618 4618
2964 4619
1518 4629
1929 4631
3205 4632
1230 4635
9275 4636
1958 4638
4702 4639
4653 4653
959 4657
1537 4662
2857 4666
283 4667
5292 4669
4219 4671
453 4675
4508 4676
2490 4690
9620 4698
4727 4699
4700 4700
3663 4701
2970 4708
494 4710
5304 4711
1539 4714
4717 4717
314 4719
4721 4721
6013 4725
1937 4726
966 4727
5111 4731
4214 4732
7564 4733
267 4734
3615 4735
8772 4740
5501 4741
419 4743
2760 4745
9275 4749
2653 4751
9587 4752
4734 4753
6362 4754
9662 4762
2530 4763
4769 4769
4775 4775
7805 4779
9359 4781
5019 4782
1295 4788
7843 4790
3938 4794
2613 4800
5115 4806
3376 4809
4813 4813
3034 4815
653 4816
4818 4818
626 4822
75 4830
3587 4831
3553 4835
2754 4837
2361 4839
3528 4841
2089 4842
4843 4843
863 4845
5725 4847
3276 4850
1322 4856
4858 4858
9633 4859
4326 4862
3064 4863
8786 4866
1157 4868
53 4869
9405 4870
7091 4871
9388 4873
640 4876
8932 4877
540 4880
3257 4886
1600 4888
5618 4889
8078 4895
5401 4898
272 4899
2420 4903
9782 4906
2035 4907
3368 4908
3879 4913
3784 4924
1286 4925
5847 4927
145 4930
9441 4932
3123 4935
8228 4936
4937 4937
9143 4943
4944 4944
4563 4949
4951 4951
989 4952
2038 4961
4962 4962
4970 4970
1744 4978
1148 4980
119 4984
3589 4987
622 4990
9662 5002
6396 5004
1 5005
1307 5006
5007 5007
7091 5008
5012 5012
4712 5015
4743 5017
9081 5018
5029 5024
9598 5025
8601 5026
5027 5027
2393 5028
5230 5030
1803 5032
5036 5036
145 5037
6800 5046
4380 5049
9526 5054
656 5058
2342 5059
554 5061
3059 5064
9695 5065
9555 5066
1617 5072
5038 5080
9358 5083
5085 5085
3320 5086
5087 5087
4179 5088
4799 5089
2939 5091
8859 5094
9240 5095
3064 5097
5098 5098
793 5099
5574 5100
5101 5101
868 5102
5105 5105
9339 5106
4619 5109
4353 5111
3201 5112
9388 5113
1024 5118
35 5120
2642 5123
4285 5125
3468 5128
1376 5134
5135 5135
7087 5138
3143 5141
1785 5142
4693 5143
4666 5144
4326 5148
5149 5149
1938 5152
2687 5155
4171 5160
3210 5161
1651 5163
2319 5168
3953 5169
871 5170
135 5173
328 5178
5180 5180
4424 5181
5625 5183
1215 5186
1022 5189
419 5193
252 5195
6440 5199
5624 5200
5201 5201
5957 5202
9354 5205
1981 5207
1177 5209
9418 5211
5213 5213
1175 5214
9373 5215
6546 5217
6073 5219
4048 5221
3217 5223
5224 5224
9818 5225
5783 5229
4030 5230
9862 5233
1897 5236
4413 5239
9994 5240
9362 5242
3711 5243
9710 5245
593 5253
4520 5256
5258 5258
2046 5259
2818 5262
1646 5265
1844 5266
9959 5268
2362 5269
467 5273
5284 5284
449 5285
9382 5287
6935 5289
5291 5291
4095 5295
1073 5298
3864 5299
5303 5303
5304 5304
2295 5305
391 5319
9398 5321
180 5323
5327 5327
1888 5329
5330 5330
5381 5334
5513 5335
5441 5340
5869 5347
5538 5351
7135 5353
8538 5360
5900 5361
7785 5363
4599 5365
5994 5366
8212 5367
7153 5369
1123 5373
5471 5376
5951 5377
3779 5382
4741 5384
5712 5389
3573 5392
8373 5393
7864 5394
5397 5397
7369 5399
1180 5401
4622 5402
5775 5404
8085 5405
2331 5406
2244 5410
5730 5415
5416 5416
7955 5418
5574 5419
5891 5421
5999 5422
5972 5425
6476 5427
5663 5428
5430 5430
6596 5432
149 5433
5434 5434
5904 5436
5586 5437
5767 5443
5691 5444
6058 5447
5691 5457
5495 5462
256 5463
5894 5464
1564 5467
5912 5470
5471 5471
8765 5475
8024 5479
5483 5483
5839 5486
4836 5487
5605 5488
3031 5490
5703 5492
4923 5493
5603 5495
9927 5496
1884 5497
5498 5498
5664 5504
1180 5506
5558 5507
5802 5508
5872 5511
912 5515
5985 5520
5527 5527
5569 5530
5531 5531
5831 5537
5539 5539
810 5540
3912 5543
5950 5544
5543 5547
3578 5548
8661 5551
7985 5552
5793 5555
5355 5557
5562 5562
1296 5565
7351 5570
5574 5574
5994 5575
5364 5577
5960 5578
5596 5579
4494 5586
5698 5587
5617 5589
8335 5591
5592 5592
5593 5593
5381 5599
5689 5600
5601 5601
38 5606
6678 5611
5605 5613
5447 5614
5937 5615
5447 5618
6553 5620
5539 5624
5543 5625
4380 5627
6774 5630
5649 5638
3637 5643
5362 5644
8919 5645
5558 5648
5652 5652
9547 5660
5662 5662
5666 5666
9966 5669
5922 5673
2433 5676
5681 5681
5667 5683
9203 5690
9491 5691
9344 5692
5694 5694
5695 5695
8524 5696
8939 5699
912 5700
6703 5701
7697 5703
5706 5706
5354 5707
5417 5708
6639 5712
5716 5716
8322 5721
5999 5724
7490 5726
5059 5728
5443 5730
5662 5734
5735 5735
5736 5736
8077 5737
1210 5739
6043 5746
5747 5747
5556 5754
5756 5756
5994 5757
5758 5758
5769 5763
7585 5764
5767 5767
590 5772
5706 5785
1225 5786
9874 5792
2871 5795
5796 5796
5114 5803
9479 5808
5999 5816
5817 5817
9596 5818
3299 5824
5595 5828
5830 5830
5939 5832
5905 5833
8376 5835
6916 5837
9241 5840
5847 5847
5547 5848
256 5849
4191 5850
5302 5857
7302 5859
4526 5863
2090 5866
775 5867
5772 5871
3007 5872
5974 5875
7071 5878
5628 5881
7952 5882
5691 5885
6717 5886
9388 5887
9811 5894
5787 5895
5567 5896
8674 5899
9811 5902
5903 5903
9228 5909
8581 5911
6226 5912
5471 5913
5744 5914
596 5916
5008 5919
633 5921
5792 5922
5925 5925
5884 5926
5741 5930
5527 5934
5940 5940
5944 5944
5951 5951
6375 5954
5523 5960
9557 5962
932 5967
7311 5972
5974 5974
5978 5978
2776 5980
6639 5983
5859 5984
7215 5990
6553 6001
6852 6003
8357 6006
6518 6007
6009 6009
6575 6012
8018 6016
7793 6017
6003 6018
7680 6019
8852 6022
8474 6025
6440 6028
6403 6032
6896 6036
6378 6037
7423 6039
7408 6041
9698 6048
8885 6056
8961 6057
7158 6059
8267 6062
6228 6063
6575 6064
6902 6067
8021 6070
6071 6071
8900 6072
1284 6075
7350 6078
8929 6079
6556 6080
8125 6082
7805 6085
8474 6086
7339 6087
8398 6091
6577 6093
7748 6094
7580 6097
8517 6098
7643 6100
8879 6101
8239 6102
6508 6104
7918 6106
2823 6109
6158 6118
7929 6120
7200 6121
8790 6122
8932 6123
8920 6125
6699 6128
6713 6130
7083 6131
7840 6132
7767 6135
8552 6138
7339 6139
6977 6140
6880 6141
8132 6145
6853 6146
3150 6148
8303 6153
6217 6156
7885 6158
8482 6163
6928 6168
8063 6173
8031 6174
8059 6175
7214 6176
7371 6179
8630 6180
6114 6183
6184 6184
8486 6185
8881 6192
5737 6193
4768 6195
7761 6198
6474 6199
7129 6200
6101 6204
6553 6205
8633 6212
8139 6217
6818 6219
6847 6220
7537 6221
7932 6223
8348 6225
6226 6226
6227 6227
8212 6228
6141 6229
6230 6230
6702 6233
8387 6239
8457 6240
8361 6241
8991 6243
7677 6244
6278 6245
6984 6246
8826 6248
6764 6249
7880 6253
6254 6254
8809 6256
6546 6258
6415 6259
8273 6260
7327 6261
7172 6262
7674 6266
6826 6268
8670 6270
6217 6273
8727 6274
6689 6280
7247 6281
6283 6283
5289 6292
7778 6296
6494 6299
8056 6300
7864 6307
8580 6312
8961 6314
6556 6318
8101 6319
7251 6323
8895 6325
8485 6328
6329 6329
8498 6330
5641 6332
8702 6334
8176 6335
6678 6339
8842 6341
8152 6344
8342 6345
7690 6346
6113 6347
6740 6348
6915 6349
6152 6350
6173 6351
7077 6352
6314 6355
8528 6357
6141 6359
6356 6362
8343 6367
7677 6370
7684 6378
8652 6382
754 6383
5617 6384
1189 6386
6387 6387
8589 6389
8110 6391
6308 6395
6647 6397
8267 6399
7257 6402
6406 6406
8460 6410
8929 6415
6472 6417
6575 6420
6703 6421
7173 6424
6556 6428
6268 6431
7348 6433
6002 6434
6352 6435
8035 6445
8123 6447
8331 6448
7301 6449
8387 6451
6186 6452
8708 6453
6012 6460
8661 6461
8133 6466
1121 6467
6398 6468
7309 6474
6678 6477
6186 6478
6480 6480
7732 6481
7091 6485
6486 6486
6556 6487
7434 6488
8817 6489
6623 6491
6145 6493
6128 6495
6391 6497
6846 6499
7798 6501
8443 6504
8297 6505
6314 6506
8265 6508
8398 6509
6803 6512
6988 6513
5426 6514
7068 6517
8969 6519
7141 6521
7664 6522
4210 6526
6681 6527
6320 6530
8370 6532
7670 6534
8076 6536
8037 6538
6448 6539
6252 6540
6272 6542
7256 6543
5049 6544
8556 6545
8753 6546
8024 6549
7358 6550
8802 6551
283 6552
7558 6557
7462 6558
7766 6559
6405 6562
7818 6564
5469 6566
8226 6568
6777 6571
7784 6572
8122 6573
6207 6577
7683 6580
6237 6581
9069 6583
6397 6585
6399 6586
7758 6591
8057 6596
7214 6597
6924 6600
7605 6602
6852 6603
8584 6604
8630 6609
9954 6610
7172 6613
8312 6615
6616 6616
6748 6617
6619 6619
8933 6623
8014 6624
6202 6625
7723 6626
7628 6627
8195 6628
8393 6629
6959 6631
2105 6633
6637 6637
6022 6638
8024 6639
6900 6640
6481 6646
7565 6649
8579 6651
6832 6652
6930 6653
6660 6660
6553 6661
6995 6663
8518 6664
6596 6666
7995 6671
6887 6672
8874 6674
6129 6675
6205 6677
7249 6679
6850 6681
7394 6682
7767 6688
7198 6689
1809 6690
8254 6691
6304 6692
7889 6694
6217 6695
8392 6697
6924 6702
7671 6703
6552 6704
6396 6705
8570 6707
7927 6709
8267 6711
8583 6715
8225 6716
8134 6718
6594 6720
7618 6722
7912 6724
6288 6727
6620 6728
7576 6730
7907 6732
7585 6734
6452 6740
6637 6743
8540 6747
9454 6751
8030 6752
8030 6758
7492 6759
6398 6761
7498 6764
7044 6765
7338 6766
8392 6768
7453 6769
6293 6772
8638 6778
7564 6779
5530 6780
8226 6790
6791 6791
6794 6794
6646 6797
6911 6800
7894 6801
6849 6804
8087 6810
7158 6812
6832 6814
6491 6817
6820 6820
8728 6822
6823 6823
8024 6826
6005 6828
8346 6829
8101 6832
7517 6835
6293 6837
6231 6840
7028 6842
7335 6845
6499 6846
6666 6847
7495 6849
8732 6854
7212 6859
6330 6863
7407 6865
6884 6866
7105 6872
7995 6875
8170 6877
8293 6881
7799 6883
6434 6884
7732 6887
8140 6889
6658 6892
8330 6896
6900 6900
6004 6902
6513 6905
7585 6908
6910 6910
6008 6912
8022 6914
7704 6919
7941 6921
5367 6924
6808 6926
6874 6927
7348 6928
7037 6931
6682 6932
6940 6940
8234 6941
5726 6942
6657 6944
7617 6947
8910 6948
8533 6949
6052 6950
7868 6951
7807 6957
6586 6958
7398 6959
8912 6961
8205 6962
8874 6963
6776 6964
7302 6965
7148 6966
8939 6967
6452 6974
6669 6975
6996 6976
302 6978
7593 6979
6508 6984
6977 6986
7752 6989
8492 6990
3705 6994
6029 6995
8314 6996
7848 6997
6140 6998
7841 6999
8093 7008
7103 7011
7611 7012
6899 7013
8887 7016
7457 7017
6032 7019
7683 7020
8971 7021
7584 7022
6466 7023
8850 7026
6691 7028
7797 7030
8668 7034
69 7035
7805 7037
7118 7039
8847 7043
6593 7045
6362 7046
7847 7047
7943 7048
7789 7049
8341 7050
7161 7052
6086 7053
7544 7056
7893 7057
5332 7064
8132 7067
7840 7068
8766 7069
8070 7071
6129 7073
7217 7075
7728 7083
7286 7085
6548 7087
6417 7089
6074 7091
6087 7092
7523 7097
6208 7100
2105 7101
7525 7103
7670 7106
7392 7107
8899 7108
6256 7110
8674 7111
6828 7112
8160 7114
7920 7115
8080 7119
8015 7120
8842 7121
8561 7122
6276 7128
6443 7133
9849 7134
7778 7138
7141 7141
7931 7143
8002 7146
7535 7152
6678 7155
7907 7156
6623 7158
8090 7159
8228 7160
5389 7161
7268 7163
7165 7165
7013 7167
7514 7169
7438 7170
7172 7172
8677 7175
8337 7177
5389 7178
8630 7179
7182 7182
7783 7183
6083 7184
8586 7187
6982 7191
7192 7192
8103 7193
7457 7195
7900 7197
6289 7201
6585 7204
6782 7207
7161 7208
7209 7209
7517 7212
7433 7213
8235 7216
7889 7217
7832 7220
38 7226
7918 7227
7847 7228
8232 7232
7236 7236
6713 7237
8476 7242
6344 7244
7249 7249
8258 7251
7624 7252
6346 7255
7303 7259
8336 7260
8583 7261
8234 7264
6949 7265
7434 7266
6217 7267
7513 7274
6683 7275
323 7278
1358 7282
8957 7285
7286 7286
6256 7287
7870 7288
7058 7289
5153 7291
5410 7296
8135 7299
7805 7302
7358 7303
5386 7304
8791 7305
7198 7308
8457 7313
7493 7314
6823 7316
6156 7321
6455 7323
6689 7324
7976 7329
6281 7330
6736 7333
8901 7334
7137 7335
8265 7336
6304 7337
8511 7338
8258 7340
441 7342
6175 7344
7271 7347
6920 7350
8498 7351
7836 7354
6938 7355
8773 7357
5743 7358
7823 7360
6850 7362
7302 7363
6597 7364
8512 7368
7733 7377
8460 7378
7863 7390
6013 7392
7157 7393
6976 7396
6887 7398
8155 7402
7766 7407
7407 7409
38 7410
7615 7411
7256 7416
8181 7422
6479 7423
6479 7425
6362 7429
7621 7430
6256 7431
7620 7435
7096 7436
8505 7437
7926 7438
8477 7441
6467 7444
8618 7449
8377 7450
8924 7451
7640 7454
6887 7459
6346 7460
6884 7463
7261 7464
47 7465
7468 7468
7907 7478
2082 7479
6556 7480
8280 7481
6088 7482
6054 7484
6689 7486
7592 7487
9675 7490
8297 7493
8521 7494
6568 7495
6271 7499
8467 7502
6852 7503
8996 7509
8901 7510
8429 7511
6641 7516
8487 7517
7931 7519
7907 7527
7571 7531
7398 7532
8723 7539
7699 7544
7664 7547
8078 7552
8963 7554
9069 7555
5607 7556
7558 7558
8362 7559
7985 7566
7040 7567
8197 7568
8106 7569
8910 7571
7831 7572
7125 7573
8282 7577
149 7581
8992 7582
6556 7583
7301 7584
6272 7585
6876 7587
7492 7589
6826 7590
8216 7591
8811 7592
6237 7596
6850 7597
7550 7600
6905 7601
7964 7602
8786 7603
6886 7604
7240 7611
8786 7613
6318 7614
6349 7615
8961 7616
6599 7618
7918 7619
7367 7620
7621 7621
8281 7623
6743 7626
7077 7627
8329 7632
8740 7634
6353 7636
7707 7637
6779 7638
6720 7641
8442 7642
8894 7645
7202 7646
8218 7650
7525 7652
5918 7656
8115 7659
6152 7661
6305 7662
8584 7665
7686 7666
8874 7667
5971 7668
894 7671
6176 7672
7365 7673
6369 7681
8682 7683
6605 7686
4380 7687
6861 7688
8263 7689
7691 7691
8033 7694
7880 7697
7415 7698
7960 7700
7162 7701
7914 7703
8947 7704
8672 7705
7083 7708
7020 7709
7495 7711
6550 7713
6654 7714
6423 7728
7576 7730
6571 7733
8423 7737
8276 7739
7939 7740
8718 7741
7146 7742
8288 7745
7163 7747
6158 7748
7995 7750
6631 7752
7889 7753
6910 7758
8186 7759
6213 7760
6681 7762
6678 7764
8806 7766
6961 7770
6152 7772
7840 7778
7683 7779
6127 7780
7670 7781
7007 7782
6390 7783
8418 7784
7459 7785
7663 7790
6473 7791
7315 7792
6301 7795
7481 7798
7805 7801
6199 7803
149 7805
6227 7808
6902 7812
7814 7814
7291 7817
7756 7818
8707 7820
8847 7828
3940 7829
7199 7830
6296 7833
6224 7836
6791 7843
6063 7845
8175 7846
1042 7850
6410 7852
7638 7854
7744 7858
7458 7860
7863 7863
8683 7865
8392 7866
7308 7874
6444 7875
6482 7876
6702 7878
7097 7884
6597 7886
6986 7890
8864 7896
8992 7899
7001 7901
8748 7904
7302 7905
7085 7908
8042 7911
6114 7913
7993 7914
7048 7915
8507 7917
7268 7921
6507 7924
8014 7925
7823 7927
6835 7928
8060 7932
6786 7933
6743 7934
7931 7941
7943 7943
8967 7948
7691 7950
7954 7954
7864 7955
6594 7959
8111 7961
6231 7962
8134 7963
7472 7964
7834 7965
7343 7966
8528 7967
8094 7971
6051 7972
8856 7973
6963 7974
7887 7978
8085 7982
6027 7983
7780 7988
7386 7989
8397 8000
8657 8001
8095 8002
8659 8003
7135 8007
8530 8010
8999 8011
7236 8012
6465 8013
7091 8017
38 8022
7984 8024
6189 8025
8189 8026
8850 8027
6417 8029
8033 8033
7732 8035
3144 8037
6524 8041
6075 8042
5820 8045
8356 8046
6916 8047
8201 8048
7995 8053
7314 8057
7360 8059
7650 8060
8497 8061
6323 8065
8066 8066
3244 8074
8633 8078
8025 8080
8132 8085
6159 8086
7523 8090
8276 8092
8421 8093
8709 8099
6577 8102
8492 8104
8106 8106
8528 8107
8007 8110
7193 8115
6272 8116
8120 8120
8442 8121
6800 8123
7945 8127
8147 8129
8992 8130
8847 8132
8455 8134
8496 8135
7868 8139
8651 8142
6003 8143
7698 8146
7825 8150
6949 8151
6444 8155
7317 8156
7825 8160
8318 8165
8579 8167
8168 8168
8638 8174
6625 8177
1580 8178
6006 8180
7912 8181
6188 8185
6519 8190
7829 8193
7135 8194
6293 8197
8308 8198
7810 8199
6505 8207
6135 8210
6142 8216
8335 8217
7261 8218
7181 8219
8034 8223
7492 8224
8237 8225
7789 8228
8045 8230
8231 8231
3150 8236
8122 8238
8162 8239
8790 8240
7517 8241
8481 8245
8254 8254
7206 8257
3958 8258
7989 8262
8901 8263
8348 8267
8990 8268
8467 8272
8246 8273
8120 8274
8602 8278
7081 8281
6764 8284
8517 8285
7619 8286
8212 8288
6554 8290
8984 8299
8155 8301
8697 8305
7382 8306
6223 8307
8817 8312
7576 8313
8293 8315
8984 8318
8894 8323
8904 8325
8327 8327
8978 8328
7299 8330
8910 8332
6188 8335
7439 8336
6917 8337
6518 8339
7769 8340
8885 8344
8346 8346
6667 8348
6304 8351
8298 8361
8668 8367
2591 8371
6599 8373
6262 8374
7868 8375
6333 8376
7841 8381
8268 8383
9222 8386
7580 8387
8702 8393
8397 8397
6586 8398
8024 8399
6449 8400
7303 8403
6902 8404
8871 8405
6894 8406
8894 8408
7565 8409
6984 8411
7196 8413
8414 8414
7501 8417
7158 8423
7584 8424
5829 8425
8426 8426
7507 8429
6542 8432
6440 8438
6803 8439
7986 8440
6120 8441
6230 8444
6848 8445
6976 8449
6714 8451
3940 8454
7766 8457
6571 8458
6748 8459
7265 8461
6228 8464
7927 8465
8468 8468
8786 8470
8472 8472
6296 8473
6473 8475
6766 8481
6566 8482
8879 8484
7517 8485
8273 8487
8030 8490
7265 8491
8450 8493
6631 8495
8842 8496
6455 8497
7907 8504
6032 8507
8940 8508
7279 8512
6930 8514
8826 8518
6797 8522
6326 8527
8252 8529
6362 8533
8237 8534
7084 8535
7900 8538
6676 8539
6237 8541
6459 8546
6702 8548
8277 8549
6386 8550
7118 8554
8193 8557
8693 8558
6678 8559
6175 8563
6128 8564
7843 8566
7301 8567
8710 8574
6703 8579
8885 8586
6553 8587
8727 8590
7917 8591
6976 8592
6064 8594
8274 8596
6742 8597
6096 8599
7660 8601
7779 8602
8852 8603
6368 8605
5332 8607
7435 8610
8025 8611
7394 8612
8695 8615
6256 8616
6222 8619
8563 8622
8555 8623
8290 8624
8626 8626
8995 8629
7248 8632
8024 8637
8312 8638
8348 8640
7236 8641
7185 8642
7407 8644
8330 8646
1580 8648
7224 8649
6631 8651
6434 8653
6160 8654
6417 8655
7426 8656
6772 8660
7989 8661
7530 8662
6124 8663
7499 8671
8581 8672
8077 8673
6041 8675
6158 8677
8821 8679
8241 8681
8457 8687
6122 8688
7810 8691
8280 8694
7764 8695
7914 8699
8607 8700
6924 8701
8702 8702
8024 8706
6626 8709
7975 8713
2082 8714
6887 8715
6450 8716
7943 8720
6621 8724
7735 8729
7302 8730
6505 8731
8448 8734
7163 8739
6610 8742
8169 8745
7660 8747
6982 8748
6289 8749
7271 8750
7278 8752
7896 8760
7210 8761
8933 8762
6949 8763
8365 8767
8864 8773
6804 8774
6743 8775
4368 8778
6988 8783
7413 8786
7363 8789
8116 8790
6223 8792
7565 8797
8589 8799
7533 8800
6547 8802
7544 8807
6222 8808
8067 8811
8563 8812
7998 8815
8718 8819
7666 8822
7998 8827
6417 8828
7644 8830
7907 8832
8836 8834
6198 8835
8373 8838
6902 8839
6089 8842
8843 8843
7248 8845
8544 8846
6029 8847
8228 8848
6440 8855
8228 8856
6401 8860
6068 8862
8773 8864
8632 8865
6800 8866
6976 8867
8122 8868
6642 8869
7794 8872
6945 8873
8874 8874
7600 8879
7860 8880
8874 8881
8457 8882
1635 8884
6824 8885
8357 8886
8524 8889
8024 8892
5936 8893
8083 8896
8228 8897
8871 8898
8330 8903
8526 8911
8078 8913
7689 8914
7414 8924
8626 8926
6041 8928
7002 8938
7566 8939
8941 8941
6792 8943
7586 8945
7214 8950
8952 8952
6440 8954
8956 8956
6227 8958
8957 8963
7613 8966
8289 8967
1906 8968
7831 8970
8237 8972
7494 8975
8661 8981
6038 8983
8067 8987
6211 8988
8963 8991
8329 8996
6333 8997
6352 8999
8555 9000
3791 9004
3087 9008
2073 9010
9428 9012
1943 9014
4271 9016
4180 9017
4960 9019
3639 9020
9173 9022
1057 9025
3230 9028
9153 9032
5447 9035
3628 9036
263 9041
8967 9042
2927 9043
4138 9046
9048 9048
5445 9050
3664 9053
9054 9054
4741 9061
1275 9065
8711 9066
2225 9067
5297 9068
7918 9069
1667 9072
4411 9075
740 9076
5073 9080
3464 9081
4472 9082
4499 9086
548 9090
459 9092
9768 9094
9456 9098
4687 9103
5618 9109
3630 9113
1022 9115
175 9116
1052 9128
694 9133
1474 9134
9136 9136
2375 9140
5384 9147
7814 9149
283 9156
4886 9158
9778 9164
288 9165
819 9166
9167 9167
4970 9174
2338 9176
4810 9177
299 9182
3194 9183
5750 9186
5066 9189
4214 9190
4959 9193
2165 9194
1638 9199
9200 9200
9904 9202
9642 9205
2747 9206
5691 9210
4797 9215
3589 9217
1210 9222
2191 9226
3294 9229
9232 9232
5180 9233
1522 9240
4921 9242
4836 9244
3807 9249
7929 9251
703 9253
6629 9257
3683 9260
3564 9265
9651 9268
9269 9269
1542 9270
5039 9272
9276 9276
4086 9277
2861 9278
8583 9280
1308 9283
9198 9284
867 9287
1568 9290
9876 9292
2673 9300
1180 9304
1376 9307
9310 9310
4095 9313
5904 9318
9330 9319
9032 9325
1665 9328
9398 9329
4560 9333
978 9336
9340 9340
9927 9343
3947 9345
3033 9347
9540 9348
1559 9349
3562 9351
3920 9355
6935 9358
3035 9359
1542 9362
4501 9364
3039 9366
9372 9372
1556 9373
3465 9376
1209 9379
9383 9383
4734 9384
9386 9386
2760 9387
1359 9388
5750 9393
376 9395
683 9397
4539 9401
9403 9403
9404 9404
9406 9406
1218 9420
1281 9422
9293 9427
9428 9428
4764 9432
9441 9441
1437 9445
3276 9446
1552 9450
5810 9451
3793 9453
3106 9455
4537 9456
6444 9458
4459 9459
9422 9464
3328 9465
1651 9467
7208 9469
3193 9470
9077 9472
9473 9473
9421 9476
5624 9477
3909 9481
5524 9483
4326 9484
7386 9487
4657 9490
669 9494
3487 9497
9889 9498
232 9499
5965 9501
3667 9502
4174 9506
3621 9507
1034 9510
9515 9515
9516 9516
2282 9517
5288 9521
9901 9522
9523 9523
7339 9526
9528 9528
5019 9531
2947 9532
2852 9535
3516 9538
1952 9540
3516 9541
529 9542
9128 9543
9544 9544
837 9545
570 9548
5790 9556
4185 9557
9950 9559
9560 9560
5867 9561
1709 9568
2910 9571
9475 9573
2731 9575
969 9578
2238 9580
4140 9581
1557 9586
839 9592
8877 9594
1779 9602
1873 9603
9334 9606
9607 9607
3584 9609
9897 9610
5839 9613
4039 9616
9618 9618
1830 9619
4727 9621
3784 9624
5915 9626
5534 9629
945 9631
1686 9632
2709 9635
4239 9638
9526 9639
3942 9642
9644 9644
9852 9645
9647 9647
9695 9649
5730 9650
1938 9651
5396 9652
3937 9653
2731 9659
1483 9661
5247 9664
5084 9671
2457 9672
76 9673
2975 9676
2027 9678
9680 9680
4800 9681
9789 9685
9692 9692
543 9702
9704 9704
5722 9707
9709 9709
572 9710
2393 9713
3000 9715
3346 9722
9366 9723
2993 9725
1582 9726
4760 9738
4298 9740
4782 9746
3377 9751
4411 9753
2337 9754
2101 9756
9855 9761
9736 9762
9935 9765
4184 9769
9773 9773
2483 9775
820 9777
905 9778
9780 9780
3380 9781
2765 9785
6998 9786
624 9789
4128 9791
4813 9801
1651 9804
5232 9805
1192 9806
5206 9808
176 9809
1398 9811
2163 9814
5154 9818
4808 9822
9826 9826
1985 9838
3473 9839
1210 9847
8482 9849
4529 9851
5125 9852
9854 9854
9808 9858
2193 9859
2074 9860
9741 9861
9862 9862
9871 9871
9488 9872
2452 9875
714 9876
740 9877
1025 9879
1467 9884
5661 9886
2954 9897
116 9899
4460 9903
9908 9908
9912 9912
5330 9914
3757 9917
9695 9918
4570 9919
9824 9920
5762 9922
6415 9925
9580 9926
9954 9927
3926 9932
658 9933
9362 9936
8237 9938
991 9939
1079 9942
3168 9946
4410 9949
3812 9950
4394 9955
2685 9957
2307 9959
9885 9960
9962 9962
4612 9963
3123 9964
9741 9966
887 9969
2629 9970
6764 9971
5259 9973
9975 9975
9976 9976
9391 9979
3165 9980
271 9984
3445 9985
627 9988
4935 9990
4532 9992
4203 9994
5784 9996
989 10001
