5636 5636
5460 5460
5594 5594
5462 5462
5599 5599
5517 5517
5754 5754
5972 5972
5837 5837
5939 5939
5583 5583
5458 5458
5641 5641
5844 5844
5596 5596
5828 5828
320 320
3649 3649
29 29
5938 5938
6064 6064
6044 6044
2268 2268
326 326
3823 3823
5589 5589
3666 3666
3909 3909
6076 6076
34 34
6077 6077
5825 5825
2173 2173
6055 6055
3546 3546
5465 5465
2005 2005
312 312
2174 2174
408 408
407 407
3799 3799
111 111
323 323
6078 6078
6081 6081
5502 5502
2180 2180
6054 6054
2221 2221
3640 3640
2078 2078
2049 2049
5978 5978
5974 5974
3753 3753
130 130
6073 6073
4 4
2470 2470
3806 3806
2780 2780
6249 6249
3701 3701
6056 6056
3855 3855
3843 3843
3608 3608
6269 6269
2500 2500
6244 6244
3667 3667
456 456
5969 5969
2783 2783
2129 2129
2130 2130
5982 5982
2189 2189
3516 3516
5980 5980
2598 2598
6121 6121
6267 6267
3590 3590
2506 2506
5981 5981
6128 6128
6117 6117
3652 3652
138 138
45 45
6105 6105
2378 2378
5539 5539
2122 2122
5584 5584
3634 3634
2595 2595
3586 3586
5717 5717
5499 5499
5543 5543
3606 3606
2124 2124
3771 3771
2616 2616
2601 2601
2614 2614
40 40
1995 1995
6006 6006
245 245
2164 2164
6116 6116
6135 6135
51 51
6115 6115
2081 2081
2682 2682
3568 3568
5531 5531
2624 2624
3867 3867
6024 6024
6039 6039
5902 5902
2627 2627
3793 3793
3890 3890
0 0
2636 2636
2507 2507
3959 3959
5882 5882
4020 4020
415 415
2397 2397
4037 4037
1905 1905
62 62
5693 5693
5232 5232
5527 5527
3996 3996
3657 3657
5231 5231
258 258
2067 2067
2657 2657
2662 2662
2170 2170
3695 3695
2663 2663
3954 3954
4039 4039
337 337
2665 2665
2694 2694
172 172
5243 5243
220 220
3785 3785
2666 2666
5581 5581
512 512
3892 3892
2027 2027
4008 4008
504 504
2037 2037
148 148
4062 4062
5756 5756
4044 4044
5487 5487
3900 3900
135 135
3685 3685
2240 2240
581 581
174 174
3735 3735
2070 2070
5765 5765
3818 3818
158 158
3767 3767
5910 5910
550 550
196 196
386 386
175 175
2256 2256
518 518
5811 5811
3763 3763
381 381
2713 2713
539 539
2457 2457
2302 2302
2245 2245
376 376
5881 5881
3490 3490
2308 2308
208 208
5923 5923
3307 3307
2326 2326
3362 3362
2545 2545
6168 6168
5667 5667
368 368
6175 6175
3316 3316
2575 2575
576 576
2340 2340
5570 5570
3902 3902
3344 3344
400 400
5907 5907
3273 3273
163 163
2755 2755
399 399
2456 2456
215 215
3244 3244
3266 3266
3253 3253
451 451
3764 3764
2449 2449
3662 3662
5668 5668
3219 3219
3918 3918
3366 3366
5801 5801
391 391
3305 3305
3234 3234
3368 3368
4696 4696
3812 3812
3439 3439
6201 6201
2744 2744
425 425
5072 5072
3216 3216
3295 3295
2739 2739
3373 3373
5403 5403
2763 2763
2719 2719
5276 5276
6200 6200
6180 6180
2464 2464
2235 2235
6610 6610
6198 6198
3407 3407
5075 5075
3664 3664
6181 6181
5074 5074
1924 1924
5381 5381
6754 6754
5130 5130
6340 6340
6666 6666
1886 1886
3402 3402
6765 6765
6637 6637
6600 6600
4699 4699
4329 4329
1340 1340
3396 3396
6688 6688
2104 2104
3004 3004
2986 2986
841 841
4611 4611
6657 6657
4729 4729
4786 4786
1464 1464
3195 3195
1833 1833
708 708
4234 4234
1089 1089
1528 1528
1001 1001
3390 3390
5093 5093
6602 6602
1860 1860
1863 1863
6428 6428
1371 1371
5348 5348
3393 3393
1951 1951
1526 1526
1832 1832
1243 1243
6829 6829
1471 1471
6586 6586
3099 3099
1026 1026
4730 4730
1108 1108
5020 5020
1519 1519
3177 3177
712 712
1460 1460
5202 5202
3323 3323
1932 1932
1153 1153
1938 1938
3319 3319
3109 3109
923 923
5098 5098
1974 1974
901 901
1304 1304
851 851
5343 5343
924 924
1976 1976
3190 3190
1831 1831
6534 6534
1037 1037
974 974
3125 3125
4725 4725
6588 6588
6641 6641
5351 5351
5409 5409
754 754
1342 1342
919 919
1850 1850
3383 3383
3063 3063
6633 6633
3378 3378
801 801
2819 2819
1958 1958
1098 1098
979 979
4369 4369
5220 5220
6561 6561
3113 3113
1514 1514
4820 4820
3112 3112
5300 5300
1409 1409
824 824
1073 1073
5026 5026
6639 6639
3115 3115
1208 1208
6316 6316
1554 1554
1459 1459
6793 6793
6559 6559
4158 4158
6784 6784
2943 2943
1795 1795
2904 2904
1277 1277
4173 4173
1354 1354
605 605
5205 5205
3509 3509
5113 5113
3477 3477
4087 4087
1326 1326
1638 1638
1049 1049
4593 4593
1065 1065
1029 1029
2950 2950
1118 1118
6504 6504
1047 1047
6721 6721
5185 5185
6526 6526
958 958
6429 6429
665 665
4712 4712
6839 6839
3023 3023
3124 3124
4592 4592
4176 4176
1101 1101
993 993
1014 1014
603 603
1164 1164
4827 4827
2917 2917
2842 2842
6516 6516
4237 4237
4321 4321
2846 2846
1045 1045
4790 4790
6280 6280
1251 1251
3081 3081
1722 1722
2826 2826
1027 1027
1800 1800
3032 3032
594 594
5203 5203
912 912
947 947
2920 2920
4713 4713
2856 2856
6867 6865
1708 1708
1653 1653
1656 1656
1625 1625
2833 2833
1611 1611
6370 6370
4876 4876
4794 4794
2971 2971
3006 3006
5250 5250
1283 1283
4747 4747
4379 4379
847 847
4562 4562
808 808
1490 1490
1230 1230
6566 6566
1115 1115
4547 4547
6305 6305
881 881
6303 6303
2932 2932
4666 4666
4333 4333
4374 4374
1426 1426
3144 3144
4257 4257
4887 4887
6443 6443
6360 6360
6384 6384
2998 2998
1910 1910
4336 4336
4573 4573
4211 4211
1192 1192
4637 4637
6319 6319
4335 4335
876 876
952 952
4119 4119
4343 4343
3507 3507
5259 5259
4517 4517
4425 4425
