0 0
6759 3
4 4
2994 5
1747 7
3204 8
3015 9
1357 10
851 12
3033 16
6596 17
4879 21
4091 23
911 25
29 29
4567 32
1962 33
34 34
3933 36
1350 37
40 40
4242 44
45 45
1037 46
51 51
2976 55
2762 56
4355 57
702 61
62 62
3351 63
4162 65
5989 71
2612 72
5833 74
1156 78
5674 80
1465 83
5602 85
4325 86
5069 89
4854 91
232 92
4288 93
2691 94
5829 99
3077 105
1576 108
1006 109
111 111
4233 116
4057 118
2468 119
2080 122
3503 124
3078 125
1422 126
1414 129
130 130
5549 131
135 135
138 138
148 148
5054 149
3943 153
2370 156
158 158
163 163
324 166
6481 167
3411 169
172 172
174 174
175 175
3575 176
4831 177
416 178
4217 179
2874 180
2865 182
3879 186
5317 188
4093 191
1479 192
3094 193
196 196
6824 202
208 208
2351 211
3374 212
1310 213
2296 214
215 215
2127 217
847 218
220 220
1397 221
4585 226
5007 227
1017 232
189 234
1476 240
245 245
3430 246
2059 248
258 258
821 259
5567 262
3402 264
2975 270
1946 279
2915 285
1554 289
3833 290
3531 293
6783 294
1128 295
4389 296
3402 298
5314 299
1365 304
5818 306
2033 311
312 312
3833 316
1789 317
320 320
5120 321
2167 322
323 323
1024 324
5535 325
326 326
3115 327
3999 331
2527 332
4497 333
4585 335
337 337
6084 339
6475 342
1108 343
5398 347
1589 348
5237 352
6384 360
3389 367
368 368
1127 374
6628 375
376 376
6227 377
1166 378
2214 380
381 381
2680 383
386 386
391 391
729 393
4990 396
399 399
400 400
3249 401
5244 404
407 407
408 408
1246 410
1359 413
415 415
3833 417
5120 420
3052 421
4366 423
425 425
1962 426
5779 434
6791 435
710 438
6603 441
5594 442
441 443
2529 445
6307 450
451 451
725 452
525 454
456 456
2820 459
1125 468
469 469
2186 472
734 475
2585 480
274 482
2753 487
6584 492
6017 498
2502 499
5463 503
504 504
6661 508
512 512
5663 513
518 518
635 521
3954 533
539 539
6272 541
4891 542
548 548
550 550
4865 551
5999 553
3259 554
6613 564
3800 565
4824 568
3940 570
2967 575
576 576
1752 577
581 581
1437 582
1396 583
585 585
593 593
594 594
1124 595
6876 596
625 598
5042 599
6326 600
603 603
1624 604
605 605
606 606
610 610
1867 615
712 618
2538 620
3924 631
632 632
4790 633
2070 634
5271 635
1036 641
5500 642
2726 644
1112 645
6856 652
2258 659
2420 663
665 665
5931 668
672 672
2901 674
6094 675
6115 678
2005 684
1426 685
4227 686
191 688
693 693
1066 694
697 697
699 699
3348 700
702 702
5323 704
3226 705
1222 706
5268 707
708 708
3503 710
712 712
3896 713
3735 714
168 715
3743 718
1045 721
723 723
5705 726
406 729
4638 733
343 742
856 743
3100 748
754 754
437 755
2015 756
775 757
5976 758
5474 770
771 771
1789 772
6643 775
3833 780
5828 786
5032 789
580 790
800 800
801 801
4615 802
804 804
4497 805
808 808
1192 811
3932 814
2544 819
5474 821
5105 823
824 824
6661 835
6522 838
5932 839
841 841
4117 843
847 847
5603 849
135 850
851 851
4037 855
3032 860
3017 863
5432 867
3360 868
871 871
6301 875
876 876
3185 879
881 881
1312 883
3630 884
5075 886
4397 888
3523 892
6539 898
3635 899
901 901
4389 906
4103 908
6149 910
912 912
3189 913
919 919
923 923
924 924
3833 925
6264 932
1024 942
2119 946
947 947
952 952
958 958
3284 968
4242 969
3533 972
974 974
2503 978
979 979
6789 986
1554 988
4740 990
3275 991
993 993
3122 994
3359 995
6788 996
2734 997
44 999
1001 1001
4817 1005
3466 1006
2901 1009
391 1010
1014 1014
6115 1022
1026 1026
1027 1027
1029 1029
5499 1036
1037 1037
1045 1045
1047 1047
1049 1049
3604 1055
2351 1056
5213 1059
1239 1062
5042 1064
1065 1065
4085 1066
2471 1068
6537 1069
967 1071
1073 1073
803 1074
4512 1077
2466 1082
1072 1085
5707 1087
5030 1088
1089 1089
6544 1094
213 1095
6358 1096
1098 1098
1101 1101
1710 1104
4325 1105
1108 1108
806 1109
4278 1110
1115 1115
1118 1118
676 1121
4728 1122
405 1123
3608 1126
5171 1128
3276 1131
48 1133
3945 1142
2908 1145
441 1149
1153 1153
942 1154
6431 1155
1011 1157
2258 1158
1164 1164
915 1165
2753 1167
6120 1169
1735 1171
6201 1175
1583 1178
4045 1184
710 1185
5677 1188
1191 1191
1192 1192
1279 1200
233 1202
5515 1205
1208 1208
3495 1210
893 1213
3654 1214
2612 1215
6060 1216
1219 1219
5501 1220
1221 1221
2372 1222
6149 1226
4494 1227
3824 1228
1230 1230
5082 1235
6263 1240
1243 1243
3945 1247
1251 1251
3604 1257
532 1260
1264 1264
584 1267
6809 1273
2142 1274
1277 1277
1828 1278
138 1280
5888 1282
1283 1283
1055 1288
1424 1293
2066 1294
3422 1295
439 1298
4290 1299
1304 1304
2402 1305
1306 1306
5568 1307
940 1308
3176 1310
1312 1312
3833 1313
4085 1317
4325 1322
6856 1325
1326 1326
227 1327
2807 1328
317 1335
5294 1339
1340 1340
4512 1341
1342 1342
2466 1344
3509 1349
1354 1354
2318 1355
1789 1356
6801 1368
2750 1369
1371 1371
3833 1372
2225 1375
445 1380
1804 1385
5299 1386
5480 1392
6476 1399
1403 1403
87 1404
1409 1409
4117 1411
912 1412
6853 1414
6769 1420
1421 1421
2385 1422
1424 1424
1426 1426
4181 1432
1434 1434
5291 1446
1871 1447
1174 1449
1619 1451
6765 1455
1459 1459
1460 1460
3783 1462
1464 1464
6326 1468
2171 1469
1471 1471
657 1478
1850 1483
3085 1485
1422 1487
6245 1488
1490 1490
1108 1491
5998 1504
4294 1506
1917 1507
428 1508
5440 1511
3269 1512
1514 1514
1519 1519
4774 1520
2677 1521
3188 1522
5603 1523
1526 1526
1528 1528
6053 1532
3429 1533
3371 1534
1535 1535
1874 1537
492 1545
6298 1547
5779 1550
1554 1554
5235 1556
193 1559
2536 1563
2408 1565
3788 1570
6032 1571
1572 1572
6396 1574
4583 1579
2143 1581
4782 1584
2583 1587
1614 1589
5602 1591
5068 1592
5731 1594
5806 1595
4556 1598
5857 1599
904 1608
1611 1611
1471 1613
3942 1614
2953 1615
194 1617
2468 1619
2734 1622
1571 1624
1625 1625
581 1632
1638 1638
862 1640
3189 1644
1535 1646
1483 1651
1653 1653
3131 1654
1656 1656
3275 1658
2807 1660
764 1661
3824 1665
5271 1666
1560 1671
3634 1677
2174 1681
439 1686
58 1688
817 1702
794 1705
1707 1707
1708 1708
1709 1709
3031 1711
5405 1715
6476 1717
1907 1721
1722 1722
1239 1723
1724 1724
2792 1727
4152 1728
4347 1733
2482 1743
697 1748
2401 1752
6591 1753
4085 1762
1525 1763
4016 1766
6382 1768
2804 1771
5749 1777
1441 1779
3734 1780
1686 1781
1820 1785
1097 1789
5674 1791
760 1793
1702 1794
1795 1795
3275 1797
4372 1799
1800 1800
5426 1801
5480 1806
1808 1808
1242 1815
2577 1816
2568 1823
1824 1824
1831 1831
1832 1832
1833 1833
6343 1837
6602 1839
5049 1844
6481 1845
6623 1846
1850 1850
800 1851
1497 1853
5500 1854
6625 1855
6246 1856
2155 1857
1597 1859
1860 1860
5532 1861
1863 1863
6481 1865
1871 1871
3470 1876
1886 1886
1896 1896
1903 1903
1905 1905
5246 1906
2123 1908
1910 1910
2223 1912
2057 1914
3455 1920
1924 1924
2360 1928
3766 1930
2580 1931
1932 1932
3426 1933
5168 1935
816 1937
1938 1938
3520 1950
1951 1951
344 1953
5135 1957
1958 1958
5635 1959
1903 1961
4414 1964
1485 1969
1974 1974
1976 1976
5734 1983
213 1986
1502 1987
111 1988
3422 1989
6626 1990
4875 1991
5019 1992
787 1994
1995 1995
2356 1997
904 1999
1749 2002
5544 2004
2005 2005
52 2008
2321 2011
5481 2024
2209 2025
1094 2026
2027 2027
3269 2028
5831 2029
856 2032
2037 2037
6733 2039
1520 2040
492 2041
381 2044
3683 2046
2049 2049
4367 2054
182 2055
5159 2058
3227 2059
3728 2061
525 2063
2520 2066
2067 2067
6149 2069
2070 2070
2622 2074
5007 2077
2078 2078
2081 2081
2558 2086
3064 2091
1418 2096
2229 2097
2104 2104
710 2111
2969 2113
5011 2116
3177 2118
2515 2120
3833 2121
2122 2122
2124 2124
3833 2126
6319 2127
2129 2129
2130 2130
794 2133
4485 2140
3382 2144
1528 2147
771 2150
6498 2151
121 2153
5407 2156
3833 2157
6728 2161
2164 2164
2170 2170
1019 2171
2173 2173
2174 2174
4867 2176
121 2179
2180 2180
1076 2182
6422 2184
2015 2188
2189 2189
357 2192
1492 2197
5325 2198
3133 2206
327 2210
1438 2214
2598 2215
2344 2217
265 2220
2221 2221
557 2229
6471 2232
2235 2235
2240 2240
1761 2241
6620 2243
2245 2245
3189 2247
3374 2250
2471 2252
2838 2253
1418 2255
2256 2256
5451 2259
5474 2260
1378 2262
2162 2263
221 2266
2268 2268
1133 2270
2040 2272
510 2273
1964 2275
6204 2277
4623 2280
2233 2281
6032 2284
171 2286
4224 2287
532 2288
3156 2296
1736 2297
4409 2298
3064 2299
2302 2302
2029 2304
2308 2308
2287 2309
4307 2311
5012 2313
4503 2321
2326 2326
5493 2333
6227 2339
2340 2340
3427 2349
3759 2351
1822 2352
2804 2354
2248 2355
5398 2360
5481 2361
4414 2368
1192 2369
4390 2375
2378 2378
4060 2379
654 2381
153 2384
6600 2386
594 2387
2383 2388
886 2392
1252 2393
2397 2397
3509 2405
3473 2407
3100 2411
3911 2412
5711 2415
4330 2416
4885 2422
841 2425
167 2435
2281 2438
6554 2443
2449 2449
1734 2452
2456 2456
2457 2457
6616 2460
6257 2463
2464 2464
4813 2466
2470 2470
4880 2479
6115 2482
5664 2485
6474 2489
3983 2490
2985 2493
3430 2497
2500 2500
4085 2501
2975 2502
2506 2506
2507 2507
4219 2509
1132 2511
1735 2513
2813 2514
1037 2516
51 2519
4118 2522
3956 2533
337 2544
2545 2545
3438 2548
4867 2549
725 2554
1611 2558
6246 2560
1966 2567
3653 2574
2575 2575
2424 2578
5340 2581
4360 2582
2591 2583
3129 2584
165 2586
6544 2590
2113 2591
193 2593
2595 2595
676 2596
2598 2598
2601 2601
2482 2608
821 2612
2614 2614
2616 2616
2624 2624
2627 2627
2558 2629
5909 2631
1490 2633
2636 2636
3833 2640
3833 2641
2505 2654
2281 2656
2657 2657
2662 2662
2663 2663
2665 2665
2666 2666
6701 2667
4259 2669
2506 2676
3624 2681
2682 2682
545 2688
1414 2691
2694 2694
1881 2698
2702 2702
2703 2703
887 2705
2804 2708
4948 2709
105 2711
2713 2713
1646 2716
4567 2717
2719 2719
3131 2728
909 2730
3642 2733
3304 2735
6653 2737
1118 2738
2739 2739
82 2740
2744 2744
113 2746
2754 2754
2755 2755
3836 2758
656 2760
2763 2763
1508 2769
962 2770
2780 2780
2783 2783
3261 2786
2718 2791
5261 2794
1421 2797
6752 2798
6481 2800
2211 2808
323 2811
2819 2819
3530 2822
5188 2823
2826 2826
3554 2828
3569 2830
1222 2832
2833 2833
927 2837
431 2838
2840 2840
2842 2842
2184 2843
2846 2846
73 2848
4610 2850
1572 2854
2856 2856
6534 2858
6504 2859
2327 2861
2865 2865
1907 2866
5415 2869
4065 2872
6330 2876
5484 2878
3533 2879
4217 2881
2580 2883
3509 2884
2471 2885
762 2890
567 2899
2904 2904
454 2905
2907 2907
3397 2908
4942 2910
4782 2911
2917 2917
2186 2919
2920 2920
5522 2928
2932 2932
6856 2933
2943 2943
2745 2944
2949 2949
2950 2950
2972 2951
3340 2952
2958 2958
510 2962
193 2963
1068 2967
1854 2970
2971 2971
2053 2978
6186 2983
2986 2986
760 2988
2998 2998
3000 3000
3579 3002
4242 3003
3004 3004
1710 3005
3006 3006
3021 3007
3012 3012
3017 3016
3023 3023
4085 3030
3032 3032
6097 3034
5932 3036
2718 3037
563 3039
5234 3040
3261 3043
1494 3045
3358 3046
5559 3049
972 3055
6507 3058
567 3060
2395 3061
3063 3063
2967 3064
5833 3066
1309 3067
443 3068
6466 3074
4963 3078
3081 3081
2420 3093
3131 3094
321 3098
3099 3099
6554 3102
3337 3103
288 3106
3017 3108
3109 3109
3112 3112
3113 3113
3115 3115
2067 3116
317 3117
3288 3118
3938 3119
3124 3124
3125 3125
6707 3129
1094 3134
3650 3135
6410 3137
3174 3139
213 3140
3144 3144
2015 3146
1429 3150
6162 3153
375 3158
3190 3159
1169 3161
408 3163
4188 3164
2475 3166
6373 3169
1605 3176
3177 3177
61 3178
2657 3179
2346 3182
1789 3184
2828 3186
2352 3188
3190 3190
6602 3194
3195 3195
3982 3197
604 3202
5484 3203
4084 3207
2651 3208
3216 3216
6384 3218
3219 3219
2403 3220
5952 3223
2180 3225
3513 3230
3234 3234
2807 3239
3244 3244
3158 3247
4880 3248
6591 3251
3253 3253
1250 3260
1636 3262
3266 3266
3427 3270
3273 3273
991 3275
247 3276
5160 3277
4703 3280
23 3281
96 3283
4392 3284
4745 3288
5376 3289
4849 3292
525 3293
611 3294
3295 3295
213 3296
3302 3302
3305 3305
3307 3307
5982 3308
6646 3311
1585 3313
3316 3316
1992 3317
5545 3318
3319 3319
193 3320
1706 3322
3323 3323
3769 3326
6324 3327
2670 3330
1497 3334
5674 3335
1724 3338
6296 3339
3145 3341
3344 3344
578 3347
6801 3349
2867 3352
4639 3355
4325 3357
3439 3359
3362 3362
3366 3366
3368 3368
2718 3372
3373 3373
2134 3375
3378 3378
5654 3381
3035 3382
3383 3383
5981 3385
5658 3386
252 3387
4459 3388
3390 3390
947 3392
3393 3393
3396 3396
868 3399
1764 3400
3402 3402
6451 3403
1740 3406
3407 3407
3352 3408
746 3410
4849 3412
3865 3416
642 3423
4469 3425
2421 3427
3540 3430
3479 3431
2131 3432
1035 3436
6490 3438
3439 3439
1230 3442
4502 3443
712 3453
2992 3455
806 3456
2018 3457
2527 3458
5314 3462
6235 3464
960 3467
525 3470
6613 3471
6637 3472
5769 3474
3477 3477
539 3479
5194 3480
4278 3482
3136 3483
3490 3490
3833 3491
5897 3492
3738 3495
1397 3496
6039 3498
4172 3499
129 3503
3378 3506
3507 3507
3509 3509
1102 3510
3070 3514
3516 3516
5680 3520
117 3530
2487 3533
494 3534
1554 3543
3546 3546
2599 3552
5953 3553
1646 3560
4520 3561
5029 3562
3740 3565
5840 3566
3568 3568
827 3576
2529 3579
489 3583
3586 3586
5402 3588
3590 3590
4759 3594
5927 3597
232 3600
6683 3602
6307 3604
3606 3606
3608 3608
1267 3609
2908 3612
1854 3613
3319 3618
3579 3619
6115 3620
1849 3623
3030 3624
6228 3626
6434 3628
3726 3631
3634 3634
3640 3640
3649 3649
3652 3652
3609 3655
3657 3657
3662 3662
3664 3664
3666 3666
3667 3667
1691 3670
1285 3671
4827 3672
454 3673
6177 3676
3900 3678
3133 3679
4774 3682
6076 3684
3685 3685
4060 3686
4262 3687
4238 3693
6758 3694
3695 3695
4408 3697
4182 3700
3701 3701
4067 3702
5412 3703
3902 3705
5804 3707
3959 3708
1062 3709
870 3713
1063 3716
3973 3717
3687 3718
3719 3719
5618 3722
2183 3725
4317 3730
5876 3733
3734 3734
3735 3735
4574 3736
4039 3744
3868 3747
3870 3750
5161 3751
3753 3753
3464 3754
5750 3755
3835 3759
3433 3762
3763 3763
3764 3764
3767 3767
5316 3769
3771 3771
1861 3772
6110 3778
5852 3780
6586 3781
3785 3785
6541 3786
3923 3792
3793 3793
4964 3797
3799 3799
3806 3806
4238 3807
5561 3808
3812 3812
4425 3813
4773 3814
3818 3818
3743 3819
1005 3821
3823 3823
3861 3824
2205 3828
4941 3829
4238 3831
6702 3833
3966 3834
3171 3836
4648 3837
6199 3840
3992 3841
3843 3843
5665 3844
5990 3846
2606 3847
5513 3849
3811 3851
872 3852
3855 3855
3992 3862
6279 3863
5333 3864
3867 3867
4624 3873
4773 3877
253 3884
4565 3885
5333 3886
974 3887
3890 3890
4023 3891
3892 3892
6637 3895
3688 3896
6073 3899
3900 3900
3902 3902
6794 3905
3909 3909
3918 3918
5931 3921
5042 3923
5306 3929
5758 3931
5881 3932
6267 3935
5953 3937
6039 3940
4716 3941
4773 3946
5123 3948
4162 3949
3836 3951
4858 3952
4425 3953
3954 3954
3959 3959
5189 3962
2923 3963
6766 3964
4013 3965
2994 3968
1124 3972
416 3977
5434 3981
3778 3988
3889 3990
5820 3994
3996 3996
1871 4002
4569 4004
4008 4008
4011 4011
3843 4012
5332 4017
4037 4019
4020 4020
4664 4022
6517 4024
1195 4029
4032 4032
4033 4033
4037 4037
4039 4039
5793 4042
4044 4044
4045 4045
4047 4047
4138 4048
3818 4052
4162 4061
4062 4062
4929 4071
4014 4073
4119 4076
4500 4082
4891 4083
4087 4087
6748 4090
4091 4091
3379 4092
6837 4093
4094 4094
5522 4101
6598 4102
836 4107
4238 4113
4478 4114
3847 4115
4119 4119
4123 4123
4124 4124
6617 4125
6557 4126
4421 4130
5195 4132
3021 4140
4141 4141
3727 4142
4055 4143
4486 4149
6324 4150
4530 4152
253 4154
4157 4157
4158 4158
4901 4166
4173 4173
4523 4174
4176 4176
5402 4184
5226 4187
5612 4188
1635 4189
2837 4192
5319 4193
6602 4195
4188 4197
5926 4200
5507 4205
4206 4206
6888 4207
4211 4211
5358 4216
2248 4221
872 4223
6304 4226
4727 4229
5159 4231
1854 4232
2527 4233
4234 4234
6856 4235
4237 4237
6422 4247
4247 4248
6845 4251
2696 4253
2774 4254
3070 4255
3898 4256
4257 4257
3845 4258
4855 4259
6715 4262
4306 4263
2304 4269
4306 4273
4867 4275
2468 4277
5187 4280
4330 4283
5549 4287
6591 4290
4782 4292
5475 4298
4300 4300
6786 4304
4305 4305
4212 4307
4308 4308
4731 4310
801 4311
4321 4321
4329 4329
2478 4330
4333 4333
4335 4335
4336 4336
4758 4341
4343 4343
4885 4347
3875 4354
5122 4358
3735 4359
6473 4360
662 4363
3669 4364
5332 4366
21 4367
4369 4369
6134 4370
1359 4373
4374 4374
4379 4379
4195 4380
4265 4381
6476 4382
6182 4387
4282 4388
6302 4389
5733 4393
4396 4396
5308 4397
5506 4398
2225 4401
3787 4403
6219 4409
3766 4410
6376 4411
1415 4417
4885 4423
6370 4424
4425 4425
3078 4430
6557 4432
4435 4435
5962 4446
5782 4450
5340 4456
5715 4457
5438 4465
7 4470
1973 4471
1540 4473
134 4480
3187 4484
4486 4486
6241 4487
4492 4492
5897 4493
4494 4494
489 4495
2891 4496
3901 4497
3833 4498
3204 4500
3824 4508
6325 4515
4516 4516
4517 4517
2184 4520
3613 4524
5732 4525
668 4526
4527 4527
6856 4529
4007 4530
6087 4532
5321 4533
6385 4534
4421 4543
5450 4546
4547 4547
1143 4557
3833 4558
4562 4562
6032 4565
5531 4566
5767 4567
4231 4571
5707 4572
4573 4573
3789 4574
4846 4575
5506 4577
6662 4580
6644 4586
4592 4592
4593 4593
3833 4596
514 4598
4722 4601
5935 4602
6707 4604
1204 4608
4611 4611
4703 4613
4217 4615
3100 4617
6824 4619
2142 4620
5511 4623
4624 4624
4354 4626
4950 4632
4446 4634
73 4635
4472 4636
4637 4637
6156 4638
6639 4646
1435 4648
4112 4656
4880 4661
2993 4664
1123 4665
4666 4666
3604 4679
3736 4682
5742 4683
1676 4684
3269 4695
4696 4696
4699 4699
5875 4701
5892 4702
4354 4705
4240 4706
1798 4707
5081 4709
6530 4711
4712 4712
4713 4713
2281 4719
763 4724
4725 4725
4729 4729
4730 4730
5752 4733
5402 4734
5838 4735
3976 4737
5116 4740
3792 4741
5420 4743
6842 4744
6507 4745
5807 4746
4747 4747
6297 4748
3633 4750
4476 4751
4470 4752
6784 4755
4119 4756
4137 4758
1361 4763
5691 4764
5191 4765
6538 4766
4770 4770
872 4772
6637 4776
5363 4781
6139 4782
3083 4783
1204 4785
4786 4786
4790 4790
6637 4791
4793 4793
4794 4794
4797 4797
6566 4799
6171 4802
5015 4805
5302 4810
5193 4814
5261 4815
4820 4820
2706 4822
4823 4823
4172 4825
3587 4826
4827 4827
4401 4830
5977 4831
5989 4832
6772 4836
4839 4839
5296 4846
6587 4849
1930 4850
2606 4853
1041 4854
4259 4855
5477 4857
2710 4869
4942 4873
6368 4874
4876 4876
3792 4884
4887 4887
6226 4888
6148 4894
6853 4895
1239 4896
2450 4899
4903 4903
4905 4905
6424 4906
5592 4907
903 4912
4365 4913
6823 4915
4162 4917
4112 4918
1492 4921
3686 4926
695 4929
4932 4932
6302 4935
6158 4937
4941 4941
4671 4944
5191 4949
2425 4953
4419 4955
4956 4956
2989 4962
3878 4969
4271 4970
4975 4975
6827 4978
6408 4980
4982 4982
117 4987
6365 4989
4991 4991
5131 4992
3285 4993
6600 4995
5238 4997
5116 4999
2437 5000
5833 5001
5536 5004
4362 5009
2224 5011
4280 5015
5501 5016
6094 5017
5962 5018
5732 5019
5020 5020
5371 5022
5026 5026
3847 5028
4668 5029
5888 5037
6755 5038
4828 5039
3052 5045
4821 5046
6493 5048
6827 5050
4288 5051
3159 5052
6477 5053
4980 5054
1465 5055
5041 5056
2889 5057
3180 5061
6033 5063
5072 5072
5074 5074
5075 5075
6145 5077
4729 5079
6115 5082
4482 5086
5089 5089
6175 5090
3640 5091
5093 5093
3948 5094
5097 5097
5098 5098
4623 5101
6470 5102
4520 5106
5110 5110
4773 5111
5113 5113
5687 5114
5115 5115
4815 5116
5122 5122
2107 5123
4401 5128
5130 5130
6351 5131
4162 5141
5752 5148
6358 5150
4152 5157
5271 5160
6460 5168
6582 5170
6268 5172
6115 5176
2248 5178
6637 5180
3100 5182
5185 5185
1490 5186
6244 5187
3278 5188
5375 5189
1180 5191
5192 5192
163 5193
6318 5196
5197 5197
5202 5202
5203 5203
5204 5204
5205 5205
5106 5210
5 5211
5831 5214
5220 5220
1362 5223
2896 5224
210 5225
6384 5226
6033 5229
5231 5231
5232 5232
4436 5233
704 5235
3690 5239
5243 5243
4091 5244
4115 5245
565 5247
5250 5250
1962 5252
5259 5259
5237 5260
6169 5261
3269 5263
443 5268
5269 5269
6867 5270
4188 5271
3354 5272
960 5273
3864 5275
5276 5276
4217 5280
5127 5284
4567 5288
1470 5289
4320 5290
6535 5291
6358 5294
4913 5298
5300 5300
5446 5301
5304 5304
2959 5308
4233 5310
4424 5311
5806 5313
6330 5314
5732 5321
271 5323
6411 5325
327 5327
3952 5329
6420 5330
5733 5332
6668 5335
6182 5337
5275 5339
4360 5342
5343 5343
646 5345
6522 5347
5348 5348
5351 5351
5354 5354
4007 5355
4187 5357
6134 5359
3259 5365
4448 5366
5371 5371
5614 5373
5377 5377
5381 5381
3783 5382
6134 5384
1359 5388
4301 5394
5400 5397
3676 5400
5403 5403
5825 5406
5409 5409
6859 5410
4669 5412
975 5413
1871 5414
4219 5418
3721 5419
6126 5421
3028 5424
5136 5428
4020 5429
4233 5431
5426 5434
4102 5437
3049 5441
5946 5443
861 5445
5009 5446
1837 5448
4160 5452
4780 5455
5458 5458
5460 5460
5462 5462
5465 5465
4610 5466
3992 5471
4490 5472
1540 5481
4233 5485
5487 5487
6606 5488
5915 5494
6592 5497
6557 5498
5499 5499
2248 5501
5502 5502
6544 5503
5504 5504
6576 5506
3882 5507
5929 5511
6248 5513
5517 5517
5523 5523
4911 5525
5527 5527
5613 5528
6579 5530
5531 5531
1075 5535
6818 5537
5539 5539
4885 5541
5543 5543
2208 5554
4841 5559
5741 5563
5570 5570
5783 5574
6367 5580
5581 5581
5583 5583
5584 5584
5589 5589
5594 5594
4093 5595
5596 5596
3765 5597
4215 5598
5599 5599
4019 5600
5396 5604
5598 5609
6246 5610
5325 5612
6279 5616
3707 5619
5965 5620
5646 5622
4016 5625
4026 5630
5214 5631
3386 5634
5636 5636
4306 5637
1064 5638
6087 5640
5641 5641
4712 5644
4526 5648
3897 5649
6417 5651
4638 5655
4157 5663
4017 5664
5667 5667
5668 5668
5938 5669
5484 5675
43 5678
4858 5684
83 5685
5921 5692
5693 5693
6867 5694
1505 5698
5161 5699
3727 5702
4356 5704
2572 5705
73 5707
5222 5709
2994 5710
5717 5717
5614 5723
4231 5724
6859 5727
4460 5734
4881 5735
6213 5737
3197 5739
6869 5743
5798 5744
975 5745
6039 5747
4963 5750
5754 5754
6849 5755
5756 5756
3752 5757
2281 5759
5069 5763
5765 5765
2033 5768
4435 5771
3285 5772
5856 5774
5646 5775
3824 5779
3906 5781
6158 5782
5295 5783
3943 5784
6606 5789
4166 5791
3452 5794
4085 5795
4848 5798
5801 5801
5521 5802
6131 5804
4316 5805
3721 5808
5811 5811
6738 5813
5400 5816
5825 5825
5828 5828
4342 5830
796 5831
3945 5832
1193 5834
4716 5835
5837 5837
5844 5844
6576 5847
5869 5849
299 5852
3897 5857
1240 5862
5045 5863
6142 5865
6171 5869
5774 5871
6812 5873
5065 5874
5082 5875
5720 5876
5881 5881
5882 5882
4313 5885
4470 5889
4117 5897
4398 5900
6591 5901
5902 5902
3902 5903
6544 5906
5907 5907
6806 5908
6216 5909
5910 5910
4409 5913
4752 5914
5979 5916
1989 5918
4060 5921
5923 5923
1882 5927
2166 5928
5015 5929
2491 5930
5239 5932
6383 5933
5938 5938
5939 5939
5318 5943
4391 5944
3909 5946
5075 5947
5959 5949
6477 5951
2007 5952
989 5953
3676 5954
6634 5957
6127 5958
5680 5963
4791 5968
5969 5969
2005 5970
4325 5971
5972 5972
5106 5973
5974 5974
5636 5976
5122 5977
5978 5978
5980 5980
5981 5981
5982 5982
5035 5985
771 5986
5600 5987
6134 5990
4148 5993
4243 5995
3049 5996
2514 5998
6006 6006
441 6017
5889 6020
6024 6024
6544 6026
5106 6027
6164 6028
3436 6035
6268 6037
6039 6039
5860 6043
6044 6044
6534 6053
6054 6054
6055 6055
6056 6056
6064 6064
6582 6068
5082 6069
4500 6072
6073 6073
3189 6075
6076 6076
6077 6077
6078 6078
4881 6079
6081 6081
1489 6082
6011 6084
4523 6087
5366 6089
4730 6090
3926 6091
6382 6094
4963 6102
6396 6103
5976 6104
6105 6105
3886 6106
5843 6113
6115 6115
6116 6116
6117 6117
4584 6119
6121 6121
4629 6127
6128 6128
1865 6132
5215 6133
6135 6135
6056 6143
872 6145
6145 6149
5170 6153
5881 6154
3833 6156
367 6160
4593 6161
2509 6163
4330 6166
4396 6167
6168 6168
4187 6169
4759 6171
6175 6175
1548 6177
3694 6179
6180 6180
6181 6181
554 6182
4445 6187
3886 6188
6148 6192
6198 6198
6200 6200
6201 6201
3824 6206
5395 6207
5949 6209
5395 6211
1960 6217
1938 6224
5464 6227
5086 6228
3724 6229
5351 6230
3819 6235
5019 6236
2514 6238
6117 6240
6244 6244
4358 6246
5435 6247
6249 6249
5680 6250
4301 6251
6620 6252
5500 6255
2494 6258
6265 6259
4006 6260
4965 6262
6142 6263
6715 6265
6267 6267
4223 6268
6269 6269
4241 6271
5741 6275
6276 6276
6280 6280
1124 6281
4972 6282
4526 6285
5729 6288
5750 6289
4153 6292
3861 6301
6303 6303
4355 6304
6305 6305
5222 6306
1525 6308
3928 6311
6316 6316
6016 6317
6319 6319
4493 6321
6322 6322
4797 6324
1226 6325
4164 6328
5302 6330
2807 6332
6333 6333
4677 6334
26 6335
5742 6337
6340 6340
3945 6348
6644 6349
4604 6351
3800 6357
6257 6358
6360 6360
1907 6362
5021 6363
4520 6364
6367 6367
4827 6368
6370 6370
235 6374
3108 6376
2371 6378
5866 6381
6384 6384
2340 6386
6014 6389
2813 6391
1278 6394
4644 6402
4500 6406
5384 6407
6549 6408
4509 6409
5752 6413
3153 6414
4065 6422
4459 6423
6428 6428
6429 6429
4734 6430
6660 6433
6470 6434
5210 6440
6443 6443
6549 6447
6662 6449
6702 6452
6524 6455
6470 6456
5096 6459
6784 6464
1421 6467
4085 6469
4229 6470
5448 6475
6718 6476
4734 6479
4345 6481
4944 6484
6573 6488
6713 6489
6837 6490
6752 6493
6677 6498
3895 6499
4238 6501
6504 6504
3735 6505
6618 6506
6577 6507
6704 6508
6819 6509
6724 6510
285 6513
6600 6514
6516 6516
6772 6518
4619 6519
6825 6520
5187 6521
6650 6523
6526 6526
3437 6527
2798 6528
4142 6530
6759 6532
6534 6534
2045 6542
6686 6543
6607 6545
6734 6546
6702 6547
6548 6548
4920 6553
6845 6556
6487 6557
6559 6559
6561 6561
6566 6566
6548 6568
6569 6569
6593 6571
4117 6572
6645 6573
4552 6574
2852 6582
6586 6586
5210 6587
6588 6588
6622 6589
3833 6592
6825 6593
6437 6597
6825 6598
6600 6600
6602 6602
6736 6603
6842 6605
4687 6607
6610 6610
5511 6611
6702 6614
6668 6616
6134 6619
6575 6620
6134 6621
6703 6622
3358 6623
3833 6624
6636 6626
4344 6627
3989 6631
6633 6633
6702 6634
5636 6635
6626 6636
6637 6637
1652 6638
6639 6639
5493 6640
6641 6641
6641 6643
6713 6644
6554 6645
2908 6646
4944 6649
4382 6651
5481 6655
6657 6657
6479 6658
6680 6659
6701 6660
6098 6662
3066 6664
6666 6666
6478 6668
2304 6670
6590 6671
6493 6672
5481 6673
6855 6674
5301 6675
4360 6678
2228 6682
6787 6685
6755 6686
6481 6687
6688 6688
6702 6690
6548 6691
6609 6694
6259 6695
6603 6707
6828 6710
1540 6714
3699 6715
5636 6717
3833 6720
6721 6721
4325 6722
4271 6723
1025 6724
6755 6725
6487 6727
6579 6728
4271 6729
6731 6731
6837 6732
6549 6734
6549 6736
5938 6737
6448 6740
6587 6742
6620 6743
4325 6744
3378 6745
6728 6746
4238 6749
6595 6750
6754 6754
6536 6756
6134 6757
6856 6760
3833 6763
6765 6765
6505 6766
6533 6767
6710 6768
6823 6770
6660 6771
6554 6774
6510 6775
6786 6776
1855 6780
6481 6782
6430 6783
6784 6784
6584 6787
6690 6789
6793 6793
5912 6795
6696 6796
6549 6798
6464 6799
4956 6800
5333 6806
4621 6807
2597 6808
4238 6811
6600 6812
6651 6814
5130 6816
6681 6817
6586 6818
3881 6819
6512 6823
1598 6824
6829 6829
6660 6832
6844 6834
6694 6838
6839 6839
6492 6840
5567 6842
6579 6843
6780 6848
6805 6849
6837 6851
6552 6852
6694 6854
5445 6857
4079 6858
3699 6860
6867 6865
5657 6867
6707 6869
6548 6871
6872 6872
2258 6875
2087 6878
6516 6884
4085 6885
6436 6887
6134 6888
5679 6889
