4905 1
4 4
5 5
10 10
4568 12
16 16
1792 17
2966 19
2744 20
146 22
1251 23
5544 27
2841 36
3411 40
43 43
663 45
2246 46
2454 47
2111 48
4192 49
1246 50
362 53
54 54
2314 56
3223 60
3590 62
893 63
674 64
65 65
282 71
73 73
6460 77
78 78
807 80
1141 83
1453 84
3796 87
1887 90
411 94
3561 95
5006 96
484 97
984 98
99 99
1928 103
2661 107
1199 108
18 110
849 112
6117 113
81 115
1328 116
117 117
1789 121
212 123
2514 125
3858 131
5485 132
716 134
2197 138
141 141
4379 144
5515 145
6196 150
954 157
158 158
3473 160
163 163
755 164
594 169
6856 171
1710 172
1469 173
1251 174
1450 175
177 177
623 181
1388 185
3807 187
188 188
106 192
241 194
6587 198
235 200
3864 204
209 209
1346 210
984 214
217 217
1446 219
223 223
225 225
5518 230
2493 236
81 237
90 239
869 243
3508 250
3061 252
1437 255
258 258
5544 259
2466 261
3192 262
266 266
267 267
1612 269
449 273
274 274
6856 277
5258 278
656 281
5690 285
3054 288
1548 291
227 298
2805 303
3278 304
310 310
311 311
395 312
686 313
2298 314
315 315
466 316
6499 318
1710 320
3990 323
202 324
1594 326
1195 327
213 328
330 330
3794 331
2877 333
2583 334
4533 335
1492 337
1158 339
1261 342
347 347
742 348
352 352
356 356
4577 360
2896 362
4279 365
1470 370
6504 371
51 372
1200 374
2544 375
6856 383
1676 393
2580 394
396 396
3670 401
1654 403
2023 404
405 405
407 407
408 408
409 409
3408 411
2777 418
3537 420
3073 423
278 424
246 425
2851 431
4290 435
1754 436
321 438
1998 440
6201 441
448 448
449 449
506 455
4157 458
1290 462
3134 464
134 472
473 473
6196 478
1563 480
483 483
2540 484
42 486
3090 488
501 501
505 505
1594 506
1923 509
1100 511
278 513
1591 517
5271 518
2752 520
3945 522
1837 523
526 526
4224 533
2334 534
535 535
4344 538
108 551
724 558
6196 564
565 565
1618 568
278 569
1854 570
419 580
5527 582
2936 590
3897 593
1539 595
596 596
908 600
4799 601
3178 603
1215 604
607 607
609 609
610 610
5775 612
3883 614
1752 617
5072 620
621 621
2877 623
1668 624
763 625
2053 628
1781 629
4076 632
4429 636
5229 637
639 639
640 640
3932 644
1762 646
652 652
1645 658
1978 661
662 662
663 663
3473 667
672 672
2508 678
2784 679
198 680
1351 686
2454 692
333 699
489 700
2740 701
46 704
6469 706
3695 707
711 711
714 714
1716 717
718 718
720 720
3559 724
4360 729
640 730
3610 735
736 736
742 742
298 743
2612 752
754 754
755 755
1233 757
6017 759
3565 762
1381 764
768 768
2737 770
771 771
1676 773
4024 775
2294 778
779 779
3445 786
3106 789
2407 792
2883 794
56 796
797 797
1043 799
351 800
1670 802
144 807
4024 808
809 809
1779 810
1446 813
1808 815
3334 819
4546 822
2113 830
5714 834
837 837
839 839
846 846
351 847
2721 848
853 853
2326 855
860 860
861 861
4564 864
837 867
873 873
3079 874
95 875
1868 882
1329 888
889 889
4268 891
1676 892
548 900
903 903
3463 906
4907 912
2847 915
291 916
677 919
5066 921
923 923
924 924
2886 925
2909 928
2866 932
6709 938
1605 939
1393 940
1373 941
1828 945
949 949
952 952
3411 954
6246 958
4844 962
964 964
3642 966
1106 967
970 970
4024 971
1323 976
602 982
983 983
1551 984
1746 988
1087 990
278 992
995 995
95 996
376 1000
5300 1004
3883 1009
5701 1011
1014 1014
1017 1017
1018 1018
3178 1020
3201 1021
2345 1023
6609 1027
3251 1037
2846 1045
3883 1046
1072 1051
3644 1056
650 1057
6284 1060
3323 1063
1710 1065
266 1067
5265 1068
1071 1071
241 1074
1075 1075
1077 1077
2811 1078
4414 1079
3649 1080
1762 1086
82 1095
5890 1098
1594 1099
2311 1100
4758 1101
2183 1102
2597 1103
2134 1109
3333 1111
650 1112
621 1116
6196 1120
903 1121
391 1125
1129 1129
209 1130
3483 1131
924 1132
3069 1136
5089 1139
279 1145
3008 1148
1465 1150
1160 1160
741 1163
2913 1168
2236 1170
1172 1172
2298 1174
2775 1176
3529 1177
1594 1181
1059 1182
1466 1184
2140 1185
1188 1188
5515 1191
4567 1192
718 1195
1262 1201
3411 1208
1517 1212
1214 1214
1215 1215
1217 1217
3632 1222
5295 1223
1651 1228
2060 1233
1524 1235
2197 1236
1238 1238
3333 1239
2101 1240
1241 1241
1942 1242
1389 1244
1418 1245
1063 1246
1250 1250
2997 1256
3624 1257
3112 1258
1260 1260
974 1261
250 1263
3836 1264
419 1268
3957 1271
3514 1272
1276 1276
1780 1278
1281 1281
3646 1286
1721 1287
5951 1291
1297 1297
1299 1299
118 1304
33 1307
1315 1315
1682 1318
2934 1321
1322 1322
786 1323
6856 1325
1264 1326
1329 1329
618 1331
1334 1334
5271 1340
1342 1342
1125 1346
794 1347
4619 1348
1351 1351
890 1352
1353 1353
2114 1355
1356 1356
1361 1360
3175 1362
2291 1363
3807 1366
171 1367
591 1371
1375 1375
1945 1385
1393 1393
4700 1396
2606 1397
5635 1399
591 1403
6033 1407
1409 1409
2716 1410
3153 1414
3120 1415
2385 1419
904 1421
5613 1422
3323 1424
1430 1430
53 1437
3771 1438
73 1440
4382 1441
2642 1442
536 1447
3079 1449
1450 1450
6196 1451
1502 1454
1465 1465
2181 1471
1250 1480
1481 1481
6196 1483
2354 1487
4014 1488
1490 1490
3340 1498
1499 1499
593 1500
2428 1501
1620 1503
654 1507
1376 1512
4102 1513
2660 1514
3618 1519
2188 1522
2740 1524
3452 1525
1526 1526
1527 1527
1535 1535
379 1536
3759 1540
3642 1541
1100 1542
3261 1545
1856 1546
3033 1547
1250 1548
4867 1552
2560 1554
1754 1561
1565 1565
1568 1568
6032 1571
1891 1575
1576 1576
1414 1577
1586 1586
2656 1587
1588 1588
1595 1595
3256 1596
328 1600
1310 1601
1602 1602
1603 1603
6672 1604
2869 1607
6368 1608
6797 1609
1611 1611
6248 1619
1620 1620
6856 1623
1629 1629
1455 1633
2875 1635
1638 1638
1639 1639
1645 1645
1574 1648
5869 1649
398 1653
1659 1659
2494 1663
3782 1664
834 1665
3256 1672
1 1674
2446 1676
3012 1680
1681 1681
1684 1684
2136 1690
2111 1694
6593 1695
755 1697
3614 1699
37 1702
906 1705
351 1707
2998 1709
4275 1713
4672 1717
1719 1719
1390 1722
2847 1723
1726 1726
37 1731
4382 1733
1740 1740
3036 1745
1747 1747
1754 1750
1649 1754
722 1756
2071 1758
2627 1760
2678 1762
1763 1763
1764 1764
1226 1771
376 1778
1780 1780
39 1781
2262 1784
1719 1786
4205 1791
1795 1795
1796 1796
3952 1798
6772 1801
1000 1803
1804 1804
1857 1809
8 1811
3263 1815
4410 1826
2362 1828
1569 1829
2685 1830
1831 1831
1833 1833
1837 1837
5408 1839
1322 1842
3662 1843
6462 1848
6438 1850
1855 1855
1860 1860
2929 1861
1746 1863
6856 1869
3605 1880
2015 1883
1886 1886
5714 1892
1662 1893
2847 1894
396 1900
869 1901
4584 1902
376 1907
1908 1908
1909 1909
1241 1910
834 1911
2880 1916
963 1920
831 1922
1925 1925
3452 1928
1817 1929
2886 1931
104 1932
1938 1938
4026 1939
1787 1942
809 1943
6856 1947
4379 1951
2539 1952
1015 1955
419 1960
440 1961
25 1962
198 1965
3778 1966
5134 1969
90 1973
1977 1977
692 1982
2738 1983
1987 1987
1990 1990
3654 1997
1837 1998
5958 2001
2004 2004
2666 2006
5903 2012
4754 2014
2053 2016
1440 2019
797 2021
2022 2022
3036 2027
2328 2028
5223 2029
1438 2035
73 2043
1222 2050
1512 2051
250 2052
6487 2055
158 2057
3543 2062
2063 2063
2069 2069
351 2078
5006 2085
2086 2086
2354 2093
2758 2097
3372 2101
3605 2105
2945 2106
2145 2109
2129 2129
627 2132
2367 2135
321 2140
1994 2142
2886 2143
1883 2145
99 2146
2650 2151
2970 2159
2164 2164
1261 2166
2167 2167
42 2169
2326 2178
6248 2179
1898 2181
3613 2183
1837 2184
2188 2188
818 2191
835 2199
3628 2202
4080 2203
1887 2205
6196 2207
2511 2209
2211 2211
1063 2212
6856 2217
1962 2220
1330 2223
282 2225
3010 2226
4055 2227
553 2230
2789 2232
3282 2233
1222 2236
2237 2237
1594 2238
3006 2239
4637 2246
5446 2247
2249 2249
1169 2255
2494 2258
6177 2266
2818 2275
3411 2281
2328 2290
1957 2291
3331 2299
4829 2301
3990 2302
4826 2307
2308 2308
2309 2309
1450 2311
3942 2318
4930 2321
69 2322
3879 2329
3167 2333
1931 2334
3709 2346
2954 2349
6554 2350
5714 2353
311 2360
570 2364
3836 2367
1390 2378
1039 2383
161 2387
732 2388
1125 2389
2531 2392
2349 2395
2707 2396
3879 2399
2645 2402
3384 2405
873 2407
2428 2410
2413 2413
2815 2419
2714 2421
18 2423
835 2424
1573 2427
6719 2429
644 2431
3737 2433
188 2438
2128 2446
5757 2447
6195 2450
1792 2452
4587 2459
591 2464
2606 2466
2334 2469
4613 2472
3807 2473
3452 2474
5714 2481
472 2483
2487 2487
4477 2491
1514 2492
4895 2496
1676 2497
2101 2500
2501 2501
2578 2502
5122 2506
5369 2508
797 2512
3251 2516
2167 2521
2522 2522
2526 2526
5079 2530
2536 2536
400 2537
3551 2541
2542 2542
1970 2543
1995 2544
1173 2545
1955 2547
3607 2548
806 2550
5714 2551
2558 2558
1554 2560
1965 2561
2870 2562
2567 2567
203 2571
4548 2572
2200 2574
71 2576
2579 2579
5714 2581
1063 2582
2406 2588
1288 2589
47 2590
3763 2593
669 2595
676 2596
2215 2598
1034 2599
2600 2600
591 2601
2870 2604
3297 2608
3200 2609
3373 2611
6170 2613
1941 2615
3038 2621
2982 2624
701 2625
2626 2626
570 2628
329 2630
1853 2631
2722 2636
780 2637
3807 2641
1173 2644
1908 2651
807 2652
2805 2654
694 2655
491 2658
2659 2659
4958 2662
1710 2665
834 2673
3251 2676
1726 2678
5714 2679
591 2682
593 2683
5684 2687
2034 2689
1094 2697
1493 2701
637 2702
2427 2707
2708 2708
844 2709
3336 2712
1792 2716
2719 2719
1990 2721
596 2722
2696 2725
2726 2726
403 2728
2651 2729
403 2731
2732 2732
1959 2734
713 2737
3784 2741
2039 2745
4367 2748
2752 2752
1046 2757
2759 2759
328 2765
621 2769
2774 2774
2776 2776
2960 2778
326 2779
3576 2783
3466 2784
3688 2786
3323 2788
674 2792
3759 2796
1087 2799
1752 2805
1163 2808
1388 2809
3184 2815
3172 2817
2819 2819
4568 2820
3531 2821
3362 2822
2826 2826
2830 2830
3331 2832
1995 2834
2128 2841
3990 2844
5602 2846
3372 2848
33 2849
794 2850
2852 2852
1724 2859
3037 2862
2864 2864
2865 2865
5239 2866
401 2868
6796 2872
3836 2875
2876 2876
2877 2877
2878 2878
1771 2879
1880 2885
1752 2886
1330 2887
2947 2888
3267 2891
1942 2893
3012 2898
6196 2899
263 2900
5984 2902
3516 2903
6196 2907
2908 2908
3593 2909
2039 2910
6196 2911
2915 2915
5128 2919
1965 2922
2923 2923
2053 2924
5300 2926
2756 2929
3005 2930
2932 2932
159 2934
3044 2935
6856 2940
2941 2941
2857 2942
228 2948
1386 2952
3159 2954
2961 2961
3944 2965
2874 2966
3294 2969
2971 2971
3852 2976
697 2977
2627 2980
220 2981
1328 2983
400 2984
4848 2985
1366 2991
3112 2993
2994 2994
1460 2995
2539 3001
593 3002
3004 3004
3006 3006
2334 3011
3012 3012
3525 3024
3028 3028
306 3030
1199 3032
3036 3036
1962 3041
2517 3042
351 3043
2250 3045
5684 3046
1943 3051
5190 3058
2056 3062
3063 3063
3066 3066
5690 3068
3070 3070
5101 3074
200 3077
1676 3079
1345 3085
1282 3089
3090 3090
1465 3092
2260 3094
2781 3097
1692 3098
884 3099
3649 3100
3894 3103
2606 3106
378 3108
3109 3109
1605 3111
3113 3113
3115 3115
2508 3118
1424 3119
480 3124
3125 3125
1282 3126
300 3130
2742 3132
4057 3138
3140 3140
1857 3143
6246 3144
2146 3147
5684 3153
2520 3154
347 3155
807 3158
1754 3163
3165 3165
3565 3166
3699 3170
3172 3172
3177 3177
1118 3178
716 3189
3190 3190
2612 3194
3195 3195
6196 3197
6642 3200
56 3202
663 3203
2658 3210
1389 3212
617 3214
3216 3216
5774 3217
2246 3219
3371 3223
6477 3225
2846 3228
1105 3231
224 3233
3234 3234
1376 3235
3497 3237
2847 3239
3240 3240
3241 3241
5528 3243
3547 3247
3249 3249
4310 3260
4867 3262
1288 3263
1246 3264
2345 3265
2334 3268
946 3270
3271 3271
2054 3274
4185 3276
1859 3278
3281 3281
43 3290
431 3291
4271 3296
834 3297
5 3304
2112 3305
1137 3316
4758 3319
1063 3321
1360 3323
2857 3328
398 3329
3331 3331
3332 3332
3333 3333
3113 3335
2631 3340
3463 3341
3342 3342
6491 3344
3412 3348
2558 3350
1444 3351
1067 3353
4057 3356
3728 3359
3824 3360
3365 3365
3368 3368
999 3373
627 3375
3459 3384
3385 3385
3388 3388
2982 3391
2611 3395
4382 3400
3406 3406
5690 3408
3880 3409
1682 3416
203 3418
3335 3424
2103 3425
159 3428
3143 3430
3437 3437
6196 3443
3848 3449
5510 3450
3452 3452
4092 3453
2256 3457
2762 3458
3759 3465
3466 3466
3934 3467
4057 3469
6196 3471
6201 3472
5128 3477
834 3480
1934 3483
4119 3487
3294 3490
1438 3493
1929 3496
1807 3498
3621 3499
6196 3503
321 3505
2325 3506
1553 3509
1299 3516
1489 3522
1835 3527
3530 3530
3980 3531
5714 3535
6856 3536
2721 3538
3918 3539
1624 3540
3541 3541
3543 3543
5384 3545
3595 3546
3547 3547
2541 3551
3796 3552
3555 3555
2886 3559
2869 3562
5274 3564
570 3565
3566 3566
6845 3567
3571 3571
3572 3572
3577 3577
3578 3578
2910 3579
4249 3581
1554 3584
5438 3585
2121 3586
3932 3592
794 3599
5736 3601
1525 3602
2091 3604
2882 3606
3883 3608
3613 3613
2508 3620
3622 3622
1740 3623
2358 3627
4907 3629
570 3632
3251 3634
4930 3643
886 3646
3917 3648
2297 3650
3458 3654
3660 3660
498 3661
2915 3670
368 3672
2166 3676
3896 3679
4733 3680
5690 3681
4337 3682
3685 3685
3718 3687
2606 3688
3694 3694
3695 3695
4917 3699
4067 3702
3704 3704
3706 3706
2737 3707
3943 3708
3710 3710
5030 3711
3718 3718
134 3719
4080 3722
2468 3728
96 3729
2186 3730
3733 3733
278 3736
3955 3737
3743 3743
134 3745
3753 3747
4192 3748
3752 3752
5542 3753
1264 3754
5221 3757
3759 3759
480 3766
3755 3768
6188 3769
1481 3771
3772 3772
1095 3774
4205 3776
5408 3777
4399 3779
6055 3785
3778 3786
2061 3788
3903 3790
3846 3791
3836 3792
3792 3793
3795 3795
3251 3799
3800 3800
3801 3801
662 3802
159 3803
388 3804
3806 3806
6769 3809
3792 3810
3812 3812
1461 3816
3819 3819
4057 3820
3824 3824
6030 3826
6281 3829
3759 3835
3768 3837
3759 3838
3843 3843
3844 3844
3845 3845
5513 3849
2765 3851
134 3852
3854 3854
3859 3859
5806 3861
1225 3864
3792 3867
3387 3868
2947 3872
3873 3873
2886 3878
3880 3880
5472 3882
2468 3884
3885 3885
3250 3891
3892 3892
3942 3897
3899 3899
3953 3902
3849 3904
4627 3905
3906 3906
4035 3908
3785 3909
3780 3915
6248 3917
3715 3920
3971 3921
3457 3924
3932 3932
3935 3935
3134 3940
4004 3941
1612 3944
5647 3946
642 3947
3759 3952
3954 3954
4693 3955
276 3958
1675 3959
3739 3963
134 3964
4989 3965
4075 3970
1223 3971
3759 3972
3792 3975
6708 3976
767 3978
6154 3979
2188 3983
4444 3984
203 3985
616 3986
3985 3988
123 3991
4773 3993
6688 3994
3822 3995
134 3996
3203 4002
4003 4003
4015 4004
3792 4008
3802 4009
3910 4011
2062 4012
4474 4013
3699 4015
1176 4016
4037 4019
3942 4022
3836 4023
4024 4024
6451 4029
2328 4031
4032 4032
3688 4034
5657 4036
2516 4037
3895 4038
2884 4039
4045 4045
4048 4048
3846 4050
3755 4052
4527 4054
3541 4055
2947 4056
3336 4057
278 4060
5420 4064
4881 4065
2248 4066
2896 4072
6240 4076
6234 4079
3865 4085
6222 4086
4793 4087
2824 4090
2889 4093
4758 4099
4102 4102
6872 4109
3041 4110
4114 4114
3847 4115
2818 4118
5932 4119
4123 4123
2174 4124
4049 4128
4523 4132
6772 4133
6862 4135
6804 4136
6018 4137
6856 4139
5116 4142
3073 4146
6784 4149
4152 4152
5943 4153
4623 4155
1619 4157
4158 4158
6850 4160
3873 4162
5597 4163
4214 4166
5594 4167
6390 4169
5400 4170
6011 4173
4910 4174
4331 4175
5071 4176
5055 4179
4610 4180
6507 4182
4613 4185
5354 4187
5261 4188
5253 4189
6856 4190
6806 4193
5804 4197
6476 4199
4200 4200
5862 4202
5553 4207
6558 4209
4615 4214
5946 4215
4867 4216
6504 4217
6259 4221
6712 4222
4533 4223
4683 4224
5889 4232
4799 4234
5630 4236
6794 4237
4238 4238
5006 4239
5269 4242
4567 4243
4221 4246
3955 4247
5271 4248
4136 4252
4917 4254
6851 4255
6263 4257
6622 4259
5725 4265
5420 4266
4268 4268
5314 4270
5604 4271
5622 4272
5709 4280
6478 4281
5812 4284
4446 4286
6507 4287
6734 4288
5901 4290
6856 4292
4294 4294
4547 4297
4299 4299
6246 4300
4904 4301
5314 4302
6301 4303
4223 4307
4533 4310
5936 4311
158 4314
4703 4315
4404 4316
5413 4317
6348 4318
4728 4320
4321 4321
5438 4324
4326 4326
4279 4327
4845 4330
5977 4333
4282 4334
4335 4335
6851 4341
6856 4345
6716 4346
5286 4348
5728 4349
5561 4351
4353 4353
201 4355
4356 4356
5977 4358
5074 4359
4361 4361
6130 4364
4366 4366
4185 4371
4934 4372
6775 4375
4376 4376
6331 4377
5725 4381
6672 4386
5989 4388
5006 4390
6055 4391
4352 4392
5764 4393
6558 4394
4213 4399
6126 4400
4401 4401
5190 4402
6845 4403
5812 4405
5346 4407
6711 4411
6385 4418
5189 4420
5006 4422
6225 4424
6354 4426
6195 4427
4467 4428
4433 4433
4832 4435
6224 4436
4344 4438
6346 4442
4725 4443
4444 4444
5684 4445
5124 4452
4621 4454
5714 4456
6388 4457
4362 4465
6174 4467
6359 4468
5784 4471
4523 4474
3808 4475
4476 4476
4860 4480
4874 4481
4144 4483
5279 4488
5909 4489
4217 4492
5146 4493
6049 4496
4312 4498
1357 4499
5912 4501
4503 4503
5489 4504
6029 4506
5398 4509
4508 4512
3754 4515
339 4516
4371 4520
4440 4522
4523 4523
6291 4533
5192 4537
4538 4538
4743 4539
6483 4542
6495 4544
6174 4545
4500 4546
6559 4548
4367 4549
5782 4552
2494 4553
5070 4555
3368 4562
2327 4565
4731 4569
5516 4570
3955 4572
4183 4575
4360 4577
6000 4580
4721 4582
6561 4586
5993 4593
4312 4595
5148 4599
6291 4601
5766 4603
5485 4605
4607 4607
5775 4608
5515 4611
5030 4612
4899 4613
6319 4622
4626 4626
4215 4627
4400 4628
6438 4631
5134 4636
4637 4637
5420 4640
4178 4642
6402 4644
6105 4646
4178 4647
4446 4648
6335 4652
5869 4653
5358 4655
5025 4661
6138 4663
6402 4664
5564 4667
6277 4668
4409 4669
4310 4671
5775 4676
4512 4680
4804 4682
5239 4687
4198 4688
6842 4689
6381 4691
4178 4692
4258 4693
4355 4694
6530 4697
6856 4704
6357 4705
5222 4707
6802 4710
4907 4711
5977 4714
5063 4718
4719 4719
6774 4722
4725 4725
5028 4727
4729 4729
4934 4730
5199 4735
4258 4737
5222 4738
5927 4739
4997 4740
5777 4744
4814 4747
4201 4752
4858 4754
407 4756
4757 4757
5782 4758
5928 4760
4761 4761
6047 4762
4670 4763
5291 4768
6049 4771
4143 4776
5264 4778
4743 4781
4474 4783
5164 4789
5782 4792
6117 4793
5229 4796
4797 4797
6385 4801
6245 4804
6196 4807
6878 4808
4709 4814
5375 4815
5802 4817
4867 4819
4588 4820
4275 4822
5709 4823
4824 4824
6368 4827
6856 4829
4958 4831
5042 4832
6713 4837
5977 4839
6017 4842
1976 4844
1453 4847
4523 4848
6867 4849
4382 4850
6416 4852
5123 4854
5470 4858
4860 4860
5662 4863
339 4864
6524 4878
5069 4879
4192 4880
5958 4881
5346 4883
1839 4885
6105 4887
4867 4890
4310 4891
5042 4893
5746 4899
4179 4900
4638 4901
4907 4907
5030 4908
6350 4909
4588 4911
6510 4914
5314 4916
6762 4917
5917 4922
4279 4923
6856 4924
5714 4926
5047 4927
6423 4932
6360 4941
5564 4942
5936 4943
5677 4944
5379 4951
6291 4954
4956 4956
4770 4958
4930 4962
4379 4964
4271 4970
4240 4973
174 4974
5932 4975
6856 4976
4675 4978
6856 4979
5818 4980
4982 4982
6355 4984
6822 4988
5302 4990
5377 4991
5131 4992
6820 4993
9 4996
4796 4998
6020 4999
5690 5000
5406 5001
4651 5007
6743 5008
5222 5009
4310 5011
6772 5018
6835 5023
5024 5024
6103 5026
6561 5027
4399 5029
5033 5033
4440 5034
6703 5036
5767 5037
4189 5038
4298 5045
6437 5046
6622 5049
6285 5051
4295 5052
5850 5053
5054 5054
5055 5055
5056 5056
5058 5058
5928 5065
690 5066
5223 5068
5069 5069
5070 5070
5072 5072
4749 5074
5075 5075
4675 5078
3362 5079
4224 5081
5157 5083
5679 5087
6126 5093
4305 5097
2477 5099
4734 5102
4891 5107
4991 5110
5647 5111
4663 5112
5113 5113
4454 5114
6807 5117
6712 5118
5977 5122
6766 5123
5125 5125
5127 5127
5025 5129
4804 5131
6346 5133
2494 5136
4188 5138
5134 5139
5869 5143
4546 5145
4493 5146
5618 5149
5150 5150
5405 5153
5881 5154
4354 5156
4015 5160
5296 5166
438 5168
5390 5172
5004 5173
5827 5175
6232 5177
5365 5183
6145 5184
6196 5185
5127 5190
6196 5191
4474 5194
6530 5196
6090 5198
4162 5200
3682 5211
6039 5213
6325 5214
5008 5215
6807 5216
5564 5217
5222 5222
4369 5225
6608 5227
6740 5229
4969 5230
5233 5233
4835 5241
4307 5243
6660 5249
5127 5253
6661 5257
6059 5259
5420 5260
5707 5261
3873 5271
5265 5272
4828 5275
5420 5278
6766 5280
6356 5281
6842 5282
5253 5284
5285 5285
6878 5290
4493 5291
5631 5294
5152 5297
4615 5299
4932 5300
5298 5301
4604 5302
5101 5303
6352 5305
4462 5306
4845 5308
4867 5309
5492 5313
4188 5315
6259 5319
4162 5321
4637 5323
6312 5324
6210 5327
4845 5328
5885 5329
5028 5333
5926 5335
1694 5336
6746 5337
5369 5339
4500 5341
5852 5344
5399 5346
5709 5351
5967 5353
5354 5354
4639 5355
5402 5356
5222 5357
5482 5358
5359 5359
4899 5360
5361 5361
4915 5366
6269 5368
5369 5369
5725 5371
6188 5372
5766 5373
6512 5374
6287 5375
3407 5377
5630 5378
5379 5379
5539 5383
6665 5384
4340 5386
4833 5389
5496 5390
5617 5395
5885 5396
4349 5398
5824 5401
5406 5406
5410 5410
5411 5411
6818 5414
5690 5415
6734 5417
4264 5418
4136 5420
6705 5421
4429 5422
6622 5424
5030 5432
6282 5435
4175 5439
6188 5441
4655 5442
6554 5446
6080 5447
6410 5448
6758 5452
5399 5453
5030 5454
5033 5456
4321 5458
5271 5462
6130 5466
5253 5468
4133 5469
5474 5474
4221 5476
4399 5479
6196 5480
5482 5482
6199 5485
5834 5490
6255 5491
4787 5493
4891 5495
5851 5496
5054 5497
4146 5500
6499 5501
4127 5504
4555 5513
5802 5521
4930 5522
4831 5523
5093 5524
5526 5526
5536 5527
5763 5529
5472 5531
5282 5534
4399 5535
4418 5538
4571 5539
4230 5542
5932 5543
4881 5544
4866 5546
6876 5550
3873 5551
6712 5554
6049 5556
6448 5560
4582 5563
6851 5567
5820 5570
5030 5574
6327 5575
4450 5576
5578 5578
4202 5581
6117 5589
6855 5591
4375 5592
4642 5593
4932 5596
5698 5598
5706 5600
6174 5601
6850 5604
5485 5605
4567 5607
5088 5609
5154 5611
5011 5613
5159 5614
6804 5615
5482 5617
5053 5618
6196 5622
6174 5624
5527 5625
5630 5630
4992 5632
5579 5634
4838 5640
5641 5641
6149 5645
5592 5646
5657 5648
6417 5651
4152 5652
5358 5655
6772 5656
4309 5657
5824 5658
5406 5661
6314 5662
5663 5663
5192 5664
5524 5665
6200 5676
6032 5678
6017 5683
321 5684
6195 5685
5686 5686
6535 5687
5690 5690
6835 5691
5709 5693
4438 5695
5964 5698
4655 5701
6008 5703
6470 5707
6373 5708
5951 5709
6661 5711
4300 5716
6175 5717
6558 5718
5714 5719
4509 5722
4322 5726
5223 5733
5736 5736
5737 5737
4587 5739
4310 5742
5255 5743
4784 5745
3225 5746
4550 5749
5750 5750
6105 5751
4722 5753
6549 5755
4188 5762
6163 5767
6287 5769
1839 5771
4651 5775
5777 5777
5575 5778
6423 5780
5782 5782
5783 5783
5393 5784
6016 5786
5790 5790
5549 5794
5926 5795
6029 5796
4932 5801
407 5802
6808 5804
6302 5806
6045 5807
5714 5809
6031 5810
6311 5811
5812 5812
5296 5814
6195 5816
3859 5818
6840 5822
5996 5823
6850 5824
6196 5825
5249 5826
5381 5828
5958 5831
5779 5839
5840 5840
5924 5843
5526 5845
4564 5847
6855 5853
5855 5855
4512 5856
4348 5858
5199 5860
5343 5862
4784 5864
5527 5868
5336 5869
6049 5871
5300 5872
6797 5873
4724 5876
6213 5877
6305 5879
5876 5880
4793 5884
4821 5885
5538 5886
5617 5887
5923 5889
5552 5893
5457 5894
6388 5895
6082 5896
6064 5902
5089 5903
4382 5904
4655 5905
4468 5914
5209 5919
6855 5925
6478 5926
5421 5927
5909 5928
2491 5930
4947 5931
6117 5932
5933 5933
6822 5934
5936 5936
6506 5937
5617 5938
5939 5939
5566 5942
4682 5950
5951 5951
3699 5953
6530 5954
5621 5957
5958 5958
5009 5961
6728 5962
5635 5966
6177 5968
5709 5972
6105 5974
5197 5977
4487 5984
4953 5986
4201 5988
5990 5990
5134 5995
6188 5996
5861 5997
4474 5998
4694 6001
2565 6003
5564 6005
5253 6016
6017 6017
5714 6019
6388 6020
6024 6024
5906 6026
5890 6030
6032 6032
3699 6033
6506 6034
6431 6037
6410 6038
4913 6040
6196 6044
6086 6047
5538 6054
6055 6055
5410 6056
6059 6059
6064 6064
6437 6067
5233 6073
6808 6075
4807 6084
6085 6085
6145 6086
6549 6087
6856 6088
6147 6090
6196 6091
5618 6092
4693 6095
4739 6097
5145 6101
6106 6106
6107 6107
6338 6110
5064 6111
5390 6112
4307 6113
5472 6115
5855 6117
6120 6120
5090 6126
4197 6127
4412 6134
6856 6137
5054 6138
6145 6140
5598 6141
4167 6142
6143 6143
6090 6147
6149 6149
6216 6151
5030 6155
5285 6158
5197 6160
3059 6161
5549 6162
5777 6163
6125 6164
4370 6166
5870 6167
339 6168
5157 6169
6175 6175
4658 6176
6622 6179
6180 6180
5767 6182
6499 6184
5958 6185
5592 6189
4224 6191
1774 6192
5083 6195
4963 6196
4867 6199
5093 6200
6033 6201
6049 6204
4910 6205
5725 6207
5888 6208
6713 6209
4930 6212
6189 6213
6672 6218
6856 6221
6739 6227
4910 6231
6511 6232
6396 6235
5253 6237
6856 6239
5932 6240
4487 6241
6242 6242
5332 6243
4760 6245
4770 6246
4957 6247
6248 6248
6076 6252
5784 6253
6748 6254
5605 6255
4828 6256
3529 6258
6781 6261
5618 6262
5736 6264
6265 6265
5000 6266
4487 6268
5192 6269
6661 6270
6276 6276
5564 6282
6285 6285
5869 6288
4899 6289
4626 6290
5442 6293
4533 6296
6290 6297
5113 6303
5127 6308
4804 6309
6310 6310
4626 6313
4512 6314
4503 6315
4502 6318
6225 6319
4823 6321
4731 6325
5515 6326
5283 6330
6464 6334
4727 6337
4989 6338
6856 6339
6386 6340
5564 6342
5679 6345
5451 6346
5714 6348
6561 6349
5180 6351
5000 6353
4213 6354
6356 6356
5527 6357
4350 6359
4814 6360
5127 6361
6761 6362
6365 6365
5606 6366
4593 6368
5618 6369
6370 6370
4889 6372
6856 6378
5373 6379
6138 6380
5989 6381
5042 6387
1407 6390
6506 6391
6856 6394
6033 6398
117 6402
6300 6403
5744 6405
4550 6408
3754 6411
4468 6413
4526 6416
4185 6417
5415 6419
6196 6420
6423 6423
6430 6430
5820 6439
4533 6442
6552 6444
6851 6445
56 6446
6437 6448
5515 6450
5733 6451
6287 6455
4971 6456
6459 6459
6643 6460
6467 6467
5554 6471
6499 6473
1780 6477
4434 6480
6200 6482
6446 6485
4493 6486
5985 6488
5833 6490
6869 6491
6856 6493
4706 6496
4743 6500
5572 6504
5501 6505
6872 6506
4914 6507
5437 6508
4241 6510
5526 6511
6765 6513
6259 6517
5709 6521
5398 6524
6499 6525
6526 6526
6577 6527
5812 6531
6767 6533
6328 6535
6138 6536
6541 6541
5767 6547
4344 6549
6600 6552
6573 6553
6560 6560
6506 6562
6565 6565
6856 6568
6650 6569
5229 6571
6625 6572
5964 6575
6635 6576
4526 6577
6579 6579
6634 6580
6599 6585
6467 6588
6591 6591
6592 6592
6567 6593
6595 6595
6596 6596
6628 6598
6616 6599
6617 6600
6614 6601
6602 6602
6654 6604
6599 6605
6642 6607
6553 6609
6620 6611
6616 6616
6619 6619
6606 6620
6630 6625
6626 6626
6627 6627
6658 6628
6599 6631
6633 6633
6634 6634
6572 6638
6651 6639
6642 6641
6592 6643
6644 6644
6593 6648
6651 6651
6621 6652
6459 6653
6657 6657
6653 6658
6105 6659
5436 6660
5489 6662
5380 6664
6702 6665
6666 6666
2155 6667
4947 6668
4404 6669
5438 6670
6300 6671
6672 6672
5297 6674
6676 6676
5766 6682
6259 6683
5921 6684
4388 6685
4583 6688
5946 6689
6693 6693
5210 6695
4867 6698
5759 6703
6791 6704
4733 6705
4178 6706
5261 6707
4845 6709
5076 6710
5426 6711
6743 6712
5174 6714
6558 6716
5360 6717
4241 6718
4879 6719
4821 6723
4324 6725
4310 6728
5927 6730
776 6731
4163 6733
5264 6734
6741 6741
6668 6742
6821 6747
6750 6750
6196 6752
652 6754
4355 6759
5883 6761
6762 6762
4867 6764
5304 6765
5802 6767
6808 6769
6364 6772
6177 6774
5415 6775
4414 6776
4404 6777
6402 6778
5924 6779
4890 6782
5390 6785
3873 6787
6788 6788
6790 6790
4915 6791
6210 6794
6853 6796
6771 6797
4956 6800
6784 6801
6824 6804
6845 6805
4621 6807
4888 6809
6239 6810
5286 6815
6804 6821
4392 6823
4392 6825
5945 6826
6148 6827
6326 6828
3955 6831
4868 6834
4775 6835
6837 6837
4571 6839
6393 6844
4613 6850
5626 6853
6855 6855
5105 6856
5804 6857
4746 6858
6577 6859
6295 6860
5030 6863
4766 6865
6778 6866
6177 6869
6856 6871
4651 6873
5064 6874
4188 6878
4337 6880
6882 6882
5747 6888
5736 6889
