5463 5463
5603 5603
5464 5464
5640 5640
5511 5511
5602 5602
5535 5535
5840 5840
5750 5750
5510 5510
5724 5724
5708 5708
5829 5829
23 23
3069 3069
14 14
3777 3777
410 410
6236 6236
5630 5630
3850 3850
5720 5720
5596 5596
347 347
1906 1906
279 279
326 326
3499 3499
3521 3521
5848 5848
439 439
6238 6238
3825 3825
5579 5579
27 27
293 293
429 429
5837 5837
3629 3629
3743 3743
5950 5950
3806 3806
140 140
330 330
113 113
3951 3951
35 35
435 435
3911 3911
5951 5951
3932 3932
421 421
3823 3823
2808 2808
3749 3749
6248 6248
3750 3750
26 26
325 325
3633 3633
2794 2814
3927 3927
94 94
54 54
6231 6231
5746 5746
3837 3837
5443 5443
5525 5525
289 289
64 64
81 81
340 340
5933 5933
5627 5627
3552 3552
3605 3605
3705 3705
5641 5641
3584 3584
5522 5522
3567 3567
100 100
3846 3846
3828 3828
5648 5648
6077 6077
5619 5619
5501 5501
2799 2799
5453 5453
43 43
5632 5632
5826 5826
5540 5540
6062 6062
6067 6067
3516 3516
5528 5528
2052 2052
3771 3771
3667 3667
245 245
2292 2292
6 6
2276 2276
2130 2130
2497 2497
3045 3045
3518 3518
2152 2152
2480 2480
5686 5686
2493 2493
2167 2167
5969 5969
5553 5553
5539 5539
2775 2775
5448 5448
2471 2471
5977 5977
5978 5978
2375 2375
2238 2238
2261 2261
2164 2164
2174 2174
5866 5866
7 7
2117 2117
6161 6161
5581 5581
3706 3706
6162 6162
3950 3950
2385 2385
2213 2213
5717 5717
3884 3884
2094 2094
6163 6163
6160 6160
5869 5869
2010 2010
5855 5855
6142 6142
6130 6130
6147 6147
5872 5872
2080 2080
2256 2256
6149 6149
3818 3818
3163 3163
3687 3687
6159 6159
5792 5792
5985 5985
2036 2036
3673 3673
5793 5793
3906 3906
2225 2225
6172 6172
6110 6110
3707 3707
6104 6104
6090 6090
5783 5783
3883 3883
2398 2398
2067 2067
2211 2211
2614 2614
2221 2221
2288 2288
2011 2011
6117 6117
2397 2397
5767 5767
3941 3941
6170 6170
5643 5643
6107 6107
6108 6108
5533 5533
5897 5897
6151 6151
5664 5664
214 214
6139 6139
5812 5812
5788 5788
2031 2031
4001 4001
6035 6035
4038 4038
4036 4036
5534 5534
3810 3810
6000 6000
3811 3811
3958 3958
5567 5567
2087 2087
6005 6005
3782 3782
2639 2639
4032 4032
5789 5789
3888 3888
3662 3662
3692 3692
2685 2685
4029 4029
2216 2216
217 217
3718 3718
3738 3738
5997 5997
6224 6224
5813 5813
2342 2342
5901 5901
5801 5801
2705 2705
5800 5800
3870 3870
2432 2432
376 376
6187 6187
3812 3812
6889 6889
5782 5782
6180 6180
5989 5989
2295 2295
5406 5406
3991 3991
158 158
6017 6017
5549 5549
2019 2019
2643 2643
5239 5239
6209 6209
2743 2743
2648 2648
151 151
1611 1611
2296 2296
2437 2437
2427 2427
4799 4799
2689 2689
5438 5438
4900 4900
2468 2468
5904 5904
3694 3694
374 374
4762 4762
468 468
5705 5705
5405 5405
2448 2448
1561 1561
6190 6190
507 507
3728 3728
2663 2663
2662 2662
2206 2206
4187 4187
1628 1628
1730 1730
2425 2425
1778 1778
5907 5907
1722 1722
570 570
549 549
2466 2466
2308 2308
3813 3813
1600 1600
1585 1585
521 521
5080 5080
2444 2444
5051 5051
6791 6791
300 300
6707 6707
6334 6334
6750 6750
1627 1627
498 498
5156 5156
4230 4230
6678 6678
441 441
6657 6657
3067 3067
1968 1968
6790 6790
6643 6643
6630 6630
5075 5075
6598 6598
4074 4074
4293 4293
1727 1727
273 273
6708 6708
3892 3892
5056 5056
6746 6746
1913 1913
1559 1559
4198 4198
1977 1977
1688 1688
4076 4076
6792 6792
6332 6332
5219 5219
6670 6670
5198 5198
6610 6610
6620 6620
3768 3768
6578 6578
1966 1966
1593 1593
2572 2572
6623 6623
6315 6315
6595 6595
6624 6624
1573 1573
6793 6793
1579 1579
5053 5053
5197 5197
1578 1578
4816 4816
4300 4300
4179 4179
6683 6683
6817 6817
1661 1661
1912 1912
3076 3076
4797 4797
6566 6566
4428 4428
701 701
169 169
4593 4593
5093 5093
4290 4290
2536 2536
6831 6831
6446 6446
4916 4916
5291 5291
182 182
6444 6444
6576 6576
4689 4689
1780 1780
5245 5245
6499 6499
6778 6778
5256 5256
4740 4740
4175 4175
1556 1556
5251 5251
4776 4776
6633 6633
6721 6721
6319 6319
2728 2728
6322 6322
2718 2718
5069 5069
4127 4127
6389 6389
3036 3036
2914 2914
4158 4158
4911 4911
1311 1311
2321 2321
4622 4622
5353 5353
6588 6588
2721 2721
6591 6591
1620 1620
5192 5192
4831 4831
5269 5269
788 788
5116 5116
5252 5252
4271 4271
6573 6573
5249 5249
6281 6281
302 302
1657 1657
4155 4155
6486 6486
6693 6693
2853 2853
6827 6827
4417 4417
5262 5262
6868 6868
2863 2863
1711 1711
1568 1568
801 801
4669 4669
5266 5266
4914 4914
4997 4997
4606 4606
1652 1652
5205 5205
1962 1962
5261 5261
4913 4913
1663 1663
6388 6388
3043 3043
4744 4744
4953 4953
6368 6368
1660 1660
5097 5097
2856 2856
3064 3064
829 829
652 652
2865 2865
4668 4668
5337 5337
6384 6384
6383 6383
1655 1655
4285 4285
4550 4550
4868 4868
6563 6563
6445 6445
5343 5343
1421 1421
4546 4546
6510 6510
6370 6370
6567 6567
5207 5207
4124 4124
1617 1617
4354 4354
6338 6338
3124 3124
4871 4871
5265 5265
6587 6587
3437 3437
6865 6865
460 460
1542 1542
6282 6282
1417 1417
4114 4114
1788 1788
4234 4234
6373 6373
4118 4118
776 776
6309 6309
4358 4358
632 632
4311 4311
613 613
4407 4407
3372 3372
3281 3281
4677 4677
3359 3359
1524 1524
4359 4359
6357 6357
3507 3507
2912 2912
5146 5146
2819 2819
1622 1622
1659 1659
1194 1194
4615 4615
4366 4366
4149 4149
1251 1251
650 650
3099 3099
4545 4545
4143 4143
633 633
3111 3111
4808 4808
6874 6874
4317 4317
6349 6349
4297 4297
6473 6473
4754 4754
4543 4543
6571 6571
4607 4607
1398 1398
6557 6557
4334 4334
4712 4712
2836 2836
648 648
4958 4958
4711 4711
610 610
4335 4335
3249 3249
3274 3274
3340 3340
5090 5090
4177 4177
987 987
1200 1200
2919 2919
4282 4282
3113 3113
1090 1090
4537 4537
4932 4932
846 846
4746 4746
4940 4940
1220 1220
6326 6326
2994 2994
1855 1855
787 787
4950 4950
5143 5143
3144 3144
6801 6801
4237 4237
4736 4736
4377 4377
4443 4443
3456 3456
4571 4571
986 986
1063 1063
6426 6426
4934 4934
4500 4500
621 621
778 778
4486 4486
4987 4987
3148 3148
927 927
3246 3246
4941 4941
1498 1498
6561 6561
993 993
4393 4393
808 808
4943 4943
4329 4329
1182 1182
4930 4930
1170 1170
3158 3158
1275 1275
4672 4672
1390 1390
4504 4504
4463 4463
4641 4641
4582 4582
4728 4728
4575 4575
1169 1169
4757 4757
4517 4517
6527 6527
608 608
4340 4340
752 752
1526 1526
1851 1851
1860 1860
6429 6429
3452 3452
5138 5138
3026 3026
818 818
1140 1140
4391 4391
4337 4337
936 936
4631 4631
5110 5110
6526 6526
1000 1000
1337 1337
767 767
3381 3381
3132 3132
4382 4382
4951 4951
6302 6302
4839 4839
1461 1461
6558 6558
4747 4747
1048 1048
4369 4369
6546 6546
4572 4572
3128 3128
4991 4991
4217 4217
3382 3382
1449 1449
4452 4452
926 926
4322 4322
1478 1478
1153 1153
2892 2892
4989 4989
4356 4356
839 839
3333 3333
4628 4628
882 882
965 965
6285 6285
891 891
2834 2834
1018 1018
4470 4470
1302 1302
1883 1883
4623 4623
932 932
1480 1480
3195 3195
3088 3088
4653 4653
970 970
1132 1132
1045 1045
3137 3137
1487 1487
2932 2932
2969 2969
1044 1044
2839 2839
4321 4321
1830 1830
1116 1116
1135 1135
952 952
1468 1468
4436 4436
873 873
1482 1482
