2180 1
1292 2
2550 5
6 6
7 7
1515 8
994 9
597 10
14 14
955 15
2249 16
570 18
1468 19
23 23
26 26
27 27
352 28
35 35
1934 41
43 43
3508 44
1852 45
965 46
2628 47
303 50
372 51
54 54
3243 55
1565 58
3028 59
1238 61
900 62
64 64
3388 65
3052 67
1548 70
568 73
2817 76
3077 78
81 81
2225 83
2904 85
3040 86
2504 88
647 89
1522 90
1015 91
1574 92
94 94
2048 98
100 100
346 103
1778 104
991 105
411 106
907 108
568 109
113 113
2604 115
117 117
3151 119
122 122
3020 124
1919 132
3517 134
140 140
813 142
2249 149
435 150
151 151
1973 152
978 154
2089 155
14 157
158 158
2257 159
2112 160
3123 166
2408 167
169 169
2545 172
1918 175
2225 180
182 182
527 184
1140 185
2131 186
1038 189
2666 191
61 192
1416 193
1786 195
1492 199
140 200
375 204
2429 205
3183 210
2249 212
695 213
214 214
217 217
113 220
3545 223
1934 224
1277 225
2448 227
1804 228
1871 229
818 231
1667 232
2472 241
3422 242
602 243
2240 244
245 245
105 246
3066 248
2886 250
3119 251
1181 254
3347 255
3069 256
188 257
759 259
535 263
3308 264
3591 272
273 273
2128 275
279 279
1919 280
498 282
3605 283
3266 286
289 289
2835 291
293 293
2291 296
300 300
1594 301
302 302
1102 303
2960 305
3052 308
1815 309
1427 310
2100 311
3189 313
3227 315
113 323
325 325
326 326
3080 327
330 330
305 333
2243 335
61 337
340 340
228 342
3391 343
347 347
351 351
1614 352
2398 358
1473 362
2612 363
510 366
1481 367
3654 370
2176 371
374 374
276 375
376 376
1548 377
1463 379
1932 380
3527 383
926 390
3525 394
14 398
2885 402
1264 403
168 406
124 407
410 410
2963 411
1915 417
421 421
3073 423
362 424
2545 425
1919 427
429 429
696 431
435 435
1749 437
439 439
441 441
1041 446
1484 449
265 452
3460 453
682 455
3119 458
460 460
2438 461
789 463
1922 464
2441 466
468 468
1093 470
1575 472
1659 473
2919 475
1102 480
3320 483
14 485
101 486
3472 489
2422 490
1900 491
2087 492
1779 493
2901 496
1966 497
498 498
70 500
3078 501
2291 502
1470 503
2438 506
507 507
796 508
511 511
2212 515
1773 519
2318 520
521 521
2293 522
261 524
250 525
1539 529
559 530
1897 533
3111 535
2596 544
549 549
646 554
3488 556
2124 560
1086 563
570 570
2130 576
3609 577
3090 581
692 583
1843 585
216 589
1919 592
2401 594
2297 598
2029 599
1287 600
602 602
1708 604
3135 607
608 608
610 610
2309 611
973 612
613 613
92 616
621 621
305 623
2359 627
632 632
633 633
3068 637
1872 638
1718 639
2197 640
1610 642
2256 645
2527 646
648 648
650 650
652 652
3304 657
519 659
502 661
1900 662
2878 663
153 667
2649 668
2778 669
313 671
154 675
2204 677
2545 685
2824 686
247 688
3568 693
543 694
2966 695
2846 697
970 699
701 701
819 702
2846 704
1610 709
2140 710
10 712
0 714
1708 716
1659 719
1014 720
507 721
630 722
228 723
1919 727
393 729
1708 730
2609 737
739 739
1774 740
3602 742
543 748
2411 749
330 750
752 752
754 754
1125 755
2284 756
758 758
759 759
1402 764
535 765
1689 766
767 767
1015 769
771 771
570 775
776 776
778 778
2213 783
2491 784
3205 785
787 787
788 788
1934 791
408 793
1948 796
801 801
2475 802
1039 803
559 804
2875 806
232 807
808 808
1384 813
285 816
818 818
1321 820
1708 821
3170 822
3424 823
829 829
1464 832
1345 833
1473 834
1830 836
2502 838
839 839
2362 840
2425 841
2411 842
3281 845
846 846
2545 847
3217 848
916 849
3471 851
2178 855
1747 858
2488 859
1225 860
2208 861
3132 867
1548 869
1728 872
873 873
981 874
401 879
2396 880
882 882
2614 883
2722 884
909 885
1749 886
1077 889
891 891
1678 892
3593 895
3372 897
118 902
904 904
77 905
1041 906
241 907
232 911
3020 912
787 914
3136 919
1441 921
926 926
927 927
1678 928
1919 931
932 932
3335 933
936 936
1206 937
1887 940
1841 941
1575 942
2650 943
3616 945
1610 950
952 952
3123 953
2401 957
926 958
3027 959
3057 963
404 964
965 965
2667 969
970 970
1928 974
2072 975
222 976
1783 977
61 980
1570 982
997 983
986 986
987 987
1925 988
105 991
993 993
1863 995
3169 996
346 997
1000 1000
1780 1001
51 1004
2163 1005
3261 1007
3068 1012
3447 1013
2248 1015
3182 1017
1018 1018
3266 1019
1101 1021
3345 1023
1174 1024
3667 1027
3117 1030
1041 1034
3251 1037
3100 1038
1951 1040
3078 1041
233 1042
872 1043
1044 1044
1045 1045
77 1046
2545 1047
1048 1048
61 1049
742 1051
641 1052
1698 1053
1010 1055
3614 1058
2783 1060
3473 1062
1063 1063
408 1066
1830 1068
2098 1069
2664 1071
3438 1076
1396 1077
1970 1078
2649 1079
1612 1080
2771 1082
1828 1083
2447 1086
1017 1087
1090 1090
38 1093
2628 1094
3250 1099
1572 1101
3266 1104
2249 1109
1345 1111
3579 1112
3270 1114
1116 1116
2425 1121
535 1125
1723 1128
2897 1129
238 1131
1132 1132
1064 1133
1135 1135
1737 1137
81 1138
1334 1139
1140 1140
1141 1141
568 1145
3117 1146
3418 1149
1153 1153
2398 1154
3156 1155
2783 1157
705 1161
1994 1162
3278 1164
1356 1166
89 1168
1169 1169
1170 1170
2430 1172
1815 1173
1773 1174
637 1181
1182 1182
3078 1183
818 1184
321 1185
1595 1186
2839 1187
1181 1190
1194 1194
3019 1195
1565 1198
1200 1200
1740 1207
453 1209
1698 1213
2733 1214
1708 1215
3467 1216
1220 1220
2359 1223
1420 1225
1017 1226
676 1227
2293 1228
2839 1229
20 1237
1345 1239
2397 1240
1620 1243
44 1245
1698 1247
3636 1250
1251 1251
1303 1252
1846 1255
3352 1256
1245 1258
2753 1261
914 1264
3033 1267
2313 1268
1077 1269
1408 1270
1911 1271
216 1273
3651 1274
1275 1275
1345 1278
1449 1279
1692 1280
1025 1281
1391 1282
3354 1286
1102 1287
1334 1289
3442 1292
173 1295
866 1300
527 1301
1302 1302
592 1303
3285 1304
1978 1309
1311 1311
408 1317
584 1321
3123 1324
1996 1329
3474 1331
1115 1334
1337 1337
2805 1338
2783 1344
274 1345
954 1357
3276 1359
3427 1360
695 1362
695 1363
3614 1367
676 1369
790 1370
2545 1371
2734 1373
1364 1375
2987 1376
1345 1377
1811 1379
1944 1380
1565 1381
725 1384
1783 1385
2891 1386
505 1388
1390 1390
1398 1398
2714 1399
3040 1400
3003 1402
1038 1404
1372 1405
1435 1407
1997 1410
606 1412
1417 1417
2292 1418
1017 1420
1421 1421
261 1422
1184 1424
1854 1427
870 1428
234 1429
3024 1431
1750 1436
3250 1437
2438 1442
1629 1447
1449 1449
1587 1452
342 1456
1274 1460
1461 1461
26 1464
3165 1465
1749 1466
1468 1468
2005 1469
1747 1471
3583 1474
1478 1478
3050 1479
1480 1480
1482 1482
435 1483
404 1484
1928 1486
1487 1487
511 1488
2422 1496
1738 1497
1498 1498
2244 1499
760 1505
3129 1508
1179 1509
999 1510
3124 1511
2705 1513
1245 1515
2743 1520
2760 1521
2670 1523
1524 1524
1170 1525
1526 1526
1341 1532
2716 1533
3654 1536
3288 1539
1542 1542
1390 1546
1984 1548
1926 1551
3469 1552
1556 1556
980 1558
1559 1559
1561 1561
535 1566
2914 1567
1568 1568
2316 1571
3190 1572
1573 1573
2975 1574
2929 1576
1410 1577
1578 1578
1579 1579
3375 1581
3117 1582
1585 1585
3394 1588
3065 1590
1593 1593
3473 1594
1822 1595
1774 1596
1903 1597
1600 1600
159 1601
980 1603
1789 1604
1834 1607
1855 1608
3507 1609
1611 1611
2726 1615
1617 1617
2602 1619
1620 1620
1622 1622
905 1623
1607 1625
1627 1627
1628 1628
802 1630
1204 1631
1633 1633
2256 1634
1196 1635
563 1636
1637 1637
2603 1639
725 1640
604 1644
3654 1645
2538 1646
829 1647
2210 1649
1652 1652
2631 1654
1655 1655
2545 1656
1657 1657
2669 1658
1659 1659
1660 1660
1661 1661
3185 1662
1663 1663
2293 1665
2338 1671
3027 1672
1399 1673
1677 1677
2958 1681
101 1682
1683 1683
2548 1684
1014 1687
1688 1688
2400 1689
232 1692
1574 1695
1853 1696
1030 1699
2892 1703
973 1706
730 1708
3194 1709
1981 1710
1711 1711
2671 1712
1399 1717
47 1718
1720 1720
1722 1722
3469 1723
3577 1724
2162 1725
1727 1727
3395 1728
1440 1729
1730 1730
250 1732
2276 1733
667 1735
1919 1736
1737 1737
3515 1740
1610 1742
1062 1743
2130 1745
615 1746
1843 1748
2854 1751
2326 1753
242 1756
1548 1759
3653 1760
3467 1761
2749 1762
792 1763
549 1764
77 1765
1154 1767
2089 1769
1629 1770
170 1772
322 1774
870 1776
1778 1778
1780 1780
1943 1783
1477 1785
1996 1786
1788 1788
993 1800
1056 1802
2140 1806
659 1809
1367 1810
2257 1819
1708 1821
2590 1822
2868 1823
3670 1826
1548 1828
547 1829
1830 1830
2167 1832
870 1835
3267 1836
3317 1837
3513 1838
2426 1840
2303 1842
953 1845
2123 1846
1321 1847
1851 1851
1170 1852
3639 1853
1854 1854
1855 1855
989 1857
1860 1860
3217 1861
791 1862
3328 1865
3485 1876
3053 1877
996 1878
1830 1881
1883 1883
524 1885
3232 1887
265 1892
2953 1897
1170 1898
916 1899
182 1900
3090 1901
1904 1904
1906 1906
249 1907
333 1909
1912 1912
1913 1913
1916 1914
3119 1915
342 1916
364 1917
1918 1918
1919 1919
1315 1920
2617 1923
2628 1924
1925 1925
2372 1926
3241 1927
2890 1928
1717 1929
1147 1932
1238 1933
1041 1936
273 1937
3228 1939
1713 1941
1563 1942
1769 1943
1629 1946
2983 1947
723 1951
758 1956
647 1959
3382 1961
1962 1962
1966 1966
1713 1967
1968 1968
2969 1972
2545 1974
930 1975
919 1976
1977 1977
67 1981
1993 1983
568 1984
2783 1985
3182 1986
1338 1989
121 1991
2443 1992
1855 1999
279 2004
3653 2005
2509 2006
2010 2010
2011 2011
3266 2012
2019 2019
1085 2023
406 2025
2130 2027
2031 2031
3054 2034
608 2035
2036 2036
435 2037
2800 2038
3337 2043
2052 2052
2786 2054
864 2057
2061 2058
512 2059
2067 2067
1248 2069
1335 2073
792 2074
2983 2077
3247 2079
2080 2080
943 2084
2558 2086
2087 2087
1475 2088
3313 2093
2094 2094
1229 2100
3126 2102
932 2104
2204 2105
989 2106
3639 2107
2407 2111
2117 2117
1576 2119
1819 2121
2545 2122
1783 2125
1682 2126
2819 2129
2130 2130
170 2132
3068 2134
2094 2135
1439 2137
2380 2138
589 2143
194 2144
636 2145
1149 2146
3569 2147
2152 2152
3148 2153
3545 2155
303 2156
3434 2157
1215 2162
2164 2164
2629 2165
2225 2166
2167 2167
2526 2168
3053 2171
2357 2172
2174 2174
2219 2176
2035 2178
1814 2181
1003 2182
3053 2191
1008 2192
2775 2193
404 2194
1919 2195
14 2197
1916 2198
1441 2199
1919 2201
2162 2204
2206 2206
321 2207
1728 2208
1904 2210
2211 2211
2041 2212
2213 2213
180 2215
2216 2216
1903 2219
2221 2221
921 2222
3580 2223
716 2224
2225 2225
6 2227
2892 2230
1283 2232
2238 2238
2317 2241
2243 2243
704 2246
1708 2247
1629 2248
2705 2252
3508 2255
2256 2256
1940 2258
2631 2260
2261 2261
1143 2264
3019 2266
270 2267
1148 2270
1321 2271
2072 2273
2397 2274
408 2275
2276 2276
616 2277
1010 2280
1473 2285
2288 2288
2398 2290
2292 2292
584 2293
2231 2294
2295 2295
2296 2296
2892 2297
3472 2298
1561 2299
3028 2300
1698 2301
2844 2302
2738 2304
3389 2306
2308 2308
54 2309
606 2310
423 2313
1244 2314
3053 2316
2321 2321
986 2325
2178 2326
428 2327
1818 2329
216 2332
619 2335
606 2337
3270 2338
1785 2339
3362 2340
2342 2342
1763 2347
3670 2348
3338 2351
1548 2352
3404 2356
274 2357
265 2358
1565 2359
3139 2362
435 2365
421 2367
2257 2368
863 2370
2375 2375
2123 2382
2225 2383
2385 2385
792 2386
2743 2393
863 2395
2397 2397
2398 2398
506 2399
1015 2400
394 2401
3498 2403
3204 2404
2517 2407
1325 2408
563 2411
1629 2412
3327 2417
1629 2418
2460 2420
2993 2422
2425 2425
606 2426
2427 2427
154 2430
2432 2432
2208 2433
1644 2436
2437 2437
1571 2438
1687 2439
3221 2440
2444 2444
3218 2446
2234 2447
2448 2448
1408 2449
3149 2452
956 2453
2967 2454
3375 2455
3266 2459
822 2461
324 2462
2545 2464
2466 2466
2468 2468
905 2469
952 2470
2471 2471
3100 2478
1774 2479
2480 2480
853 2481
94 2485
1883 2491
3189 2492
2493 2493
1789 2495
2497 2497
1014 2498
3497 2500
2123 2502
1335 2504
2383 2505
61 2507
2055 2508
17 2509
1834 2517
904 2519
714 2521
2643 2531
2982 2535
2536 2536
462 2537
343 2542
3654 2543
3579 2544
3579 2545
2384 2546
75 2551
3027 2552
265 2554
2647 2555
1365 2556
1611 2558
2597 2559
20 2561
2749 2562
1335 2563
1391 2569
2572 2572
1264 2573
1526 2574
112 2576
2318 2578
973 2581
1254 2582
2839 2583
2127 2585
559 2586
1827 2587
2993 2588
2984 2590
2764 2591
3146 2592
3154 2594
180 2598
404 2599
840 2606
732 2609
1728 2611
2216 2613
2614 2614
2886 2618
2286 2623
3667 2629
1966 2630
98 2632
2380 2637
2639 2639
2358 2641
2643 2643
3003 2644
2648 2648
2186 2650
3267 2651
552 2654
3561 2658
2760 2660
2662 2662
2663 2663
2183 2664
549 2666
3027 2672
3434 2673
3059 2675
3487 2676
107 2679
47 2681
3266 2683
64 2684
2685 2685
3488 2687
2689 2689
3437 2690
1778 2691
1017 2692
2429 2694
2408 2695
973 2696
2749 2697
2054 2700
2705 2705
1517 2706
1680 2707
2709 2708
2962 2709
2717 2710
511 2711
534 2712
2718 2718
3249 2719
2721 2721
56 2725
2728 2728
3629 2729
2886 2730
2731 2731
3420 2733
430 2738
122 2740
2743 2743
2362 2745
3359 2746
3482 2753
1272 2757
2955 2760
338 2765
2303 2768
671 2771
692 2773
3135 2774
2775 2775
72 2776
1899 2778
1539 2780
693 2783
704 2791
3201 2793
2786 2794
2124 2795
435 2796
2797 2797
2799 2799
973 2802
914 2803
1222 2806
2808 2808
2752 2809
1983 2810
3027 2812
3562 2813
2794 2814
2819 2819
1499 2821
3338 2822
1343 2824
1940 2826
1264 2830
2305 2831
2834 2834
2836 2836
2839 2839
1043 2843
778 2844
3639 2845
1045 2846
2307 2849
364 2851
2853 2853
3281 2855
2856 2856
1334 2859
1808 2861
2863 2863
1801 2864
2865 2865
2236 2869
408 2870
2089 2873
1464 2875
421 2880
3078 2883
3667 2884
1280 2885
1900 2887
2983 2888
2152 2889
2892 2892
2895 2895
1552 2896
1628 2897
1332 2901
3219 2904
2905 2905
2803 2906
435 2907
435 2911
2912 2912
2914 2914
2908 2915
2013 2917
1272 2918
2919 2919
2783 2921
1463 2922
2304 2927
2240 2929
604 2930
2932 2932
1698 2937
2826 2939
708 2940
1014 2941
2317 2942
1463 2946
3117 2947
445 2948
2545 2949
27 2950
2190 2951
3051 2953
1682 2956
2958 2958
1589 2959
2877 2960
2963 2963
973 2964
927 2965
2650 2966
2211 2968
2969 2969
1275 2970
604 2975
3143 2982
1818 2987
1854 2988
2295 2993
2994 2994
408 2995
2778 2999
3000 3000
3001 3001
2600 3004
1134 3005
1629 3016
1994 3018
435 3022
3308 3024
3026 3026
286 3027
1784 3029
1624 3031
2239 3032
119 3033
3036 3036
2897 3037
701 3038
1229 3041
3043 3043
3045 3045
3488 3046
973 3048
1062 3050
126 3052
2234 3057
2614 3058
3266 3060
719 3061
1983 3062
3064 3064
1144 3066
3067 3067
3069 3069
2040 3071
2023 3072
2835 3073
362 3075
3076 3076
1261 3077
61 3081
1345 3085
2123 3086
3378 3087
3088 3088
2819 3090
1176 3091
3183 3092
1474 3094
1682 3096
2934 3097
3099 3099
274 3101
14 3104
2568 3106
3545 3107
863 3108
4 3109
2852 3110
3111 3111
3609 3112
3113 3113
2229 3115
1863 3116
1031 3118
1637 3120
2738 3121
2219 3122
3124 3124
3128 3128
1015 3131
3132 3132
1871 3133
2383 3135
3137 3137
3300 3138
2929 3143
3144 3144
2123 3146
3148 3148
1708 3150
3488 3153
322 3156
3158 3158
3066 3159
2634 3161
3205 3162
3163 3163
1415 3166
3029 3168
953 3173
563 3174
408 3177
3032 3180
1708 3182
2648 3183
1335 3184
3382 3185
2603 3186
3078 3187
99 3188
469 3191
621 3194
3195 3195
2445 3198
1818 3199
2296 3201
1027 3202
695 3204
1297 3208
321 3213
2982 3217
3407 3219
1463 3222
60 3223
3565 3226
2722 3227
2805 3231
480 3233
2897 3234
1594 3235
3246 3246
41 3248
3249 3249
3156 3250
870 3257
604 3260
3391 3261
2854 3263
80 3265
1922 3267
1571 3270
3437 3272
3274 3274
2548 3275
2005 3276
3464 3277
1627 3280
3281 3281
423 3282
2087 3284
2364 3291
1881 3292
604 3294
3157 3295
2964 3297
2609 3301
2545 3302
1466 3304
2544 3305
2752 3308
736 3309
1713 3310
134 3313
1799 3316
2445 3318
3280 3320
1542 3321
1125 3326
61 3329
1708 3332
3333 3333
3571 3335
3577 3337
3337 3338
1708 3339
3340 3340
656 3342
1607 3343
1283 3344
2773 3345
2685 3346
2284 3348
1774 3351
660 3353
2930 3354
3323 3358
3359 3359
1027 3362
266 3364
295 3371
3372 3372
1721 3376
321 3380
3381 3381
3382 3382
945 3383
3281 3384
943 3386
608 3388
3471 3390
3473 3393
56 3396
787 3406
3662 3407
77 3410
67 3411
242 3416
2225 3419
1895 3421
3346 3427
1818 3428
2658 3430
866 3432
3437 3437
2746 3439
2614 3440
435 3443
3386 3447
160 3449
3658 3450
81 3451
3452 3452
3456 3456
529 3460
305 3462
307 3464
42 3466
563 3470
109 3472
2411 3473
905 3476
2429 3479
3015 3480
3244 3481
3633 3483
2461 3485
2281 3490
2783 3492
3132 3494
1546 3497
1297 3498
3499 3499
2815 3500
3102 3502
1391 3504
3507 3507
1123 3508
2304 3511
1610 3514
2852 3515
3516 3516
3518 3518
684 3519
3521 3521
1857 3524
469 3526
1708 3533
407 3534
2563 3536
3266 3537
482 3538
1618 3540
3019 3542
2096 3545
3052 3550
3552 3552
1830 3554
107 3556
3073 3558
1397 3561
336 3563
1854 3565
3567 3567
2206 3569
3113 3571
2427 3577
2147 3578
351 3579
1262 3580
1629 3581
1834 3582
3584 3584
1102 3585
1345 3592
1294 3598
3605 3605
2886 3610
2225 3611
889 3613
993 3617
39 3621
2531 3623
1919 3625
3629 3629
1565 3630
3633 3633
3634 3634
2199 3635
3643 3637
312 3639
1818 3641
2321 3643
1995 3644
3646 3650
2621 3657
1217 3659
3662 3662
2545 3664
2545 3666
3667 3667
1841 3669
377 3670
1855 3672
3673 3673
5390 3676
3900 3678
4152 3681
6147 3682
4002 3685
5274 3686
3687 3687
5962 3688
6757 3691
3692 3692
3694 3694
4538 3702
3703 3703
3705 3705
3706 3706
3707 3707
5663 3711
3982 3712
3718 3718
6104 3720
4074 3721
5359 3723
3964 3724
4557 3725
5904 3726
3728 3728
4403 3734
6259 3735
5835 3737
3738 3738
6504 3740
3743 3743
3886 3745
4009 3746
3868 3747
3749 3749
3750 3750
4230 3753
4533 3754
4321 3759
3820 3762
4427 3764
6793 3766
3768 3768
3771 3771
5055 3772
5082 3776
3777 3777
5066 3778
4355 3780
3782 3782
5280 3792
3784 3794
5736 3795
4583 3796
3799 3799
4505 3800
3806 3806
3974 3807
3810 3810
3811 3811
3812 3812
3813 3813
5961 3816
3818 3818
5486 3819
5447 3821
3823 3823
5951 3824
3825 3825
5433 3827
3828 3828
6013 3830
3833 3833
3837 3837
4568 3838
5059 3839
4361 3840
3846 3846
4906 3847
3850 3850
5612 3854
3856 3856
4280 3857
3834 3860
5118 3863
3870 3870
3874 3874
3907 3875
5327 3877
3157 3882
3883 3883
3884 3884
4828 3886
3888 3888
3990 3889
4264 3891
3892 3892
4213 3893
6121 3899
5325 3900
5430 3902
4152 3903
5127 3904
3906 3906
3911 3911
5952 3919
6703 3922
4824 3923
3870 3925
3927 3927
3932 3932
5976 3936
5564 3940
3941 3941
3942 3946
3950 3950
3951 3951
3954 3954
6598 3955
3958 3958
3825 3959
3757 3960
3763 3964
4459 3976
4259 3978
4405 3979
4900 3980
5784 3981
5616 3984
5855 3990
3991 3991
6231 3992
5567 3995
4495 3996
4845 3998
5961 4000
4001 4001
4650 4006
4736 4007
4752 4008
4568 4011
3889 4012
3828 4016
4489 4018
4991 4019
5324 4023
5758 4025
4589 4027
3985 4028
4029 4029
3985 4030
4032 4032
4036 4036
4038 4038
3753 4039
5259 4044
5767 4045
5159 4047
4134 4049
3699 4061
4964 4065
3976 4071
4074 4074
4076 4076
4054 4077
3824 4079
6859 4081
6413 4084
5203 4087
5132 4090
4091 4091
4092 4092
5170 4095
4837 4101
3746 4104
4905 4106
5686 4107
4114 4114
4878 4116
4234 4117
4118 4118
4124 4124
4126 4126
4127 4127
5069 4130
4480 4135
3782 4136
4387 4138
4752 4141
4143 4143
5352 4145
4149 4149
5769 4151
4029 4152
4187 4154
4155 4155
3782 4157
4158 4158
4738 4160
6102 4161
5357 4162
3688 4163
5743 4166
3826 4167
6047 4169
4797 4172
5205 4173
4175 4175
4177 4177
4179 4179
5711 4182
4187 4187
4724 4188
4681 4189
4192 4192
4240 4194
5433 4196
5604 4197
4198 4198
5365 4201
5600 4202
3926 4206
3947 4207
4145 4211
5962 4212
4910 4215
4217 4217
4043 4218
3974 4220
5118 4222
4855 4224
4749 4225
4227 4227
4230 4230
4234 4234
4237 4237
4849 4238
4241 4241
4242 4242
4244 4244
4248 4248
6449 4251
5679 4252
4283 4255
4257 4257
5020 4258
4495 4259
4825 4260
4361 4262
4967 4263
5357 4269
4271 4271
4967 4273
4821 4274
6109 4278
4765 4280
4282 4282
6661 4284
4285 4285
5875 4287
4290 4290
4293 4293
6531 4294
5999 4295
4297 4297
5390 4298
4300 4300
5969 4305
5446 4307
4308 4308
3707 4310
4311 4311
4213 4313
5656 4314
4317 4317
4718 4320
4321 4321
4322 4322
4329 4329
3771 4333
4334 4334
4335 4335
4337 4337
4340 4340
3721 4341
4634 4343
5267 4346
5058 4349
4354 4354
4356 4356
4760 4357
4358 4358
4359 4359
4366 4366
4369 4369
3706 4372
3839 4374
4377 4377
4382 4382
5200 4383
6312 4388
4391 4391
4393 4393
5720 4401
4407 4407
5354 4409
5651 4410
5952 4416
4417 4417
4364 4418
2716 4420
3940 4421
3954 4424
5402 4425
4788 4426
4461 4427
4428 4428
4804 4431
5732 4433
4436 4436
5826 4439
5686 4440
4443 4443
4963 4445
4959 4447
4452 4452
5100 4454
4454 4456
4168 4458
5430 4462
4463 4463
4564 4465
5927 4466
5093 4469
4470 4470
4303 4474
5595 4480
4012 4481
5234 4482
5243 4485
4486 4486
5904 4487
6031 4491
5707 4492
5630 4493
3734 4497
4500 4500
5622 4502
4504 4504
5562 4509
5167 4511
4039 4516
4517 4517
4307 4520
4355 4524
4168 4528
5624 4530
4537 4537
5978 4538
6202 4542
4543 4543
4545 4545
4546 4546
4550 4550
4001 4551
4186 4552
5121 4554
4501 4555
6031 4558
5929 4559
4411 4564
4571 4571
4572 4572
4575 4575
3856 4577
5458 4579
5899 4580
4582 4582
4553 4585
4475 4588
5482 4589
4593 4593
5128 4597
5356 4598
4503 4600
5685 4601
4821 4602
5482 4603
3754 4604
4606 4606
4607 4607
4550 4610
4953 4612
4821 4613
4615 4615
4687 4616
5069 4619
4622 4622
4623 4623
4204 4627
4628 4628
4631 4631
5769 4633
5375 4638
5624 4639
4641 4641
5666 4643
4963 4644
4926 4645
4790 4648
4653 4653
4795 4658
3707 4660
4752 4666
5313 4667
4668 4668
4669 4669
3820 4670
4672 4672
3891 4673
5007 4676
4677 4677
3753 4680
4212 4682
4685 4685
3824 4686
5630 4687
4689 4689
4351 4692
5269 4693
5167 4695
4752 4699
6083 4700
4821 4701
4705 4705
4230 4707
4711 4711
4712 4712
3771 4714
5769 4720
6620 4721
5835 4722
6148 4724
5624 4727
4728 4728
4855 4731
4191 4732
6804 4735
4736 4736
3976 4737
3797 4738
4740 4740
5568 4741
4744 4744
4746 4746
4747 4747
4137 4748
4754 4754
4756 4756
4757 4757
1565 4759
6076 4760
4762 4762
4764 4764
4282 4768
4770 4770
4776 4776
5205 4782
5180 4791
4885 4792
4436 4794
3898 4795
4797 4797
4799 4799
4118 4804
5120 4805
4492 4806
4808 4808
6145 4810
5961 4811
4495 4812
5039 4813
4816 4816
5768 4818
4387 4826
4593 4827
5045 4828
5482 4829
4740 4830
4831 4831
4836 4836
4750 4838
4839 4839
3710 4842
5647 4843
6118 4848
5451 4852
4853 4853
4964 4855
5952 4857
5319 4862
6118 4863
6113 4866
4868 4868
4509 4869
4871 4871
6094 4873
4874 4874
4249 4882
4116 4884
4495 4887
5705 4892
3989 4893
6339 4896
4900 4900
5768 4901
6162 4902
6121 4903
5840 4905
4907 4907
5679 4908
6305 4910
4911 4911
5907 4912
4913 4913
4914 4914
4916 4916
3699 4917
4182 4920
5788 4921
4029 4929
4930 4930
4932 4932
5484 4933
4934 4934
5179 4936
5724 4938
4350 4939
4940 4940
4941 4941
3685 4942
4943 4943
4020 4945
4950 4950
4951 4951
4020 4952
4953 4953
4958 4958
4838 4960
4589 4965
4240 4973
5543 4975
3942 4976
3850 4978
5998 4982
4488 4986
4987 4987
5124 4988
4989 4989
5664 4990
4991 4991
3878 4996
4997 4997
6040 4999
5711 5000
5236 5001
4960 5004
5474 5011
5714 5012
5504 5019
5301 5023
5141 5026
5496 5032
5475 5034
6026 5038
4569 5039
5889 5040
5041 5041
5045 5045
5121 5048
5051 5051
5657 5052
5053 5053
5056 5056
5169 5057
5816 5059
4896 5060
5119 5062
5568 5066
5069 5069
3868 5073
4349 5074
5075 5075
5396 5078
5080 5080
416 5086
5090 5090
5093 5093
5097 5097
5191 5098
5116 5103
4500 5104
5110 5110
3942 5111
4797 5112
5116 5116
5122 5122
4992 5123
4486 5125
3868 5126
4232 5127
5800 5131
5138 5138
5143 5143
3759 5144
5743 5145
5146 5146
5153 5153
4967 5155
5156 5156
4742 5157
5430 5168
4829 5171
4507 5177
4697 5178
4182 5182
4007 5183
4893 5184
3693 5188
4816 5190
4485 5191
5192 5192
5197 5197
5198 5198
6076 5200
5203 5203
5205 5205
5364 5206
5207 5207
5211 5211
4954 5214
3694 5215
5556 5216
5426 5217
5564 5218
5219 5219
4639 5223
5672 5228
4160 5229
4503 5230
4752 5231
5907 5233
4200 5238
5239 5239
3678 5243
4668 5244
5245 5245
4269 5247
5249 5249
4277 5250
5251 5251
5252 5252
5256 5256
4026 5260
5261 5261
5262 5262
5265 5265
5266 5266
5269 5269
4772 5271
5672 5277
5576 5280
3808 5285
5287 5287
5168 5290
5291 5291
5584 5294
5300 5300
5452 5302
5303 5303
5304 5304
5663 5307
6134 5308
5672 5309
4821 5316
5284 5322
5324 5324
5123 5325
5332 5332
5333 5333
3942 5336
5337 5337
4967 5340
5343 5343
4974 5344
5348 5348
5205 5351
5353 5353
5354 5354
5355 5355
5175 5357
5994 5358
3723 5359
3948 5360
5808 5361
3157 5362
5365 5365
5194 5367
5999 5375
5377 5377
2408 5383
5385 5385
3782 5386
5387 5387
5430 5390
5397 5397
4908 5398
5849 5399
5824 5401
5186 5403
5405 5405
5406 5406
5519 5407
5410 5410
5668 5411
4291 5412
4626 5413
5711 5415
5423 5423
4819 5431
3923 5433
5438 5438
5443 5443
5721 5445
5624 5446
4714 5447
5448 5448
6076 5450
5453 5453
6031 5455
4132 5459
4752 5460
4996 5461
5463 5463
5464 5464
3678 5465
3907 5466
5769 5467
5797 5469
5026 5470
3692 5473
4995 5475
5994 5482
5179 5483
4970 5488
6048 5489
5188 5491
4927 5494
5496 5496
5501 5501
4752 5502
3745 5504
5093 5506
1345 5507
6057 5508
4386 5509
5510 5510
5511 5511
5381 5517
5522 5522
5525 5525
6526 5526
5528 5528
3157 5531
5533 5533
5534 5534
5535 5535
5539 5539
5540 5540
4371 5544
5826 5546
5118 5547
5174 5548
5549 5549
5979 5550
5553 5553
4131 5554
4976 5556
4752 5557
5560 5560
4980 5561
3824 5562
3767 5563
5567 5567
6103 5568
4793 5569
6052 5570
3914 5572
5573 5573
5499 5575
3913 5576
5579 5579
5581 5581
4793 5589
3706 5590
4932 5594
5596 5596
5686 5597
5987 5600
5602 5602
5603 5603
4830 5604
5564 5609
5953 5613
4248 5615
5619 5619
4963 5622
4477 5623
5627 5627
5630 5630
5302 5631
5632 5632
3877 5637
5640 5640
5641 5641
5643 5643
5993 5644
4791 5645
5648 5648
5679 5650
5076 5652
4436 5654
5063 5658
4293 5659
3706 5660
5032 5662
5664 5664
5179 5666
5537 5683
3754 5685
5686 5686
4873 5690
5182 5694
4703 5696
5590 5699
5990 5701
5705 5705
5708 5708
5396 5713
5999 5715
5717 5717
5720 5720
5241 5722
4708 5723
5724 5724
6000 5725
5279 5729
5961 5730
5652 5733
5895 5734
4821 5735
4816 5737
6589 5743
3824 5744
5746 5746
4809 5747
5364 5748
5750 5750
4808 5753
3998 5758
5991 5763
5767 5767
6755 5771
4819 5775
5782 5782
5783 5783
5769 5787
5788 5788
5789 5789
5792 5792
5793 5793
4500 5794
5195 5796
4902 5797
5800 5800
5801 5801
5521 5802
4635 5804
5698 5807
4454 5809
5812 5812
5813 5813
5766 5815
4389 5822
4160 5824
5826 5826
5829 5829
4980 5830
3834 5834
5350 5835
5837 5837
6526 5838
5840 5840
5834 5841
3839 5847
5848 5848
4026 5850
4737 5852
5855 5855
5945 5857
4280 5858
5556 5859
4294 5861
4500 5863
3826 5865
5866 5866
5869 5869
5872 5872
4389 5873
3825 5875
4545 5876
4974 5879
4796 5881
4688 5886
5103 5895
5169 5896
5897 5897
5753 5899
5901 5901
5904 5904
5907 5907
5961 5908
4687 5921
5064 5923
5029 5925
5223 5928
3685 5930
4620 5931
4756 5932
5933 5933
5182 5938
5089 5939
5720 5942
4911 5944
5927 5945
5603 5946
5950 5950
5951 5951
5295 5955
5234 5960
5994 5965
4652 5968
5969 5969
4885 5970
5961 5971
4499 5976
5977 5977
5978 5978
5174 5979
5697 5980
5985 5985
5411 5987
5989 5989
5643 5990
5663 5994
5174 5995
5997 5997
5436 5998
5169 5999
6000 6000
6005 6005
3967 6006
5200 6007
5319 6014
6017 6017
4249 6019
3741 6025
5174 6029
4250 6032
3816 6033
6035 6035
5807 6039
5764 6046
5724 6049
6305 6056
5855 6059
5672 6060
6062 6062
5699 6065
6067 6067
5840 6068
1345 6069
4393 6072
5912 6074
6077 6077
4039 6081
5657 6087
6090 6090
3952 6091
4826 6096
3870 6098
5134 6102
3895 6103
6104 6104
6107 6107
6108 6108
4371 6109
6110 6110
3754 6112
6117 6117
3230 6120
5656 6123
6114 6126
6076 6127
5141 6128
6130 6130
5588 6131
3942 6137
6139 6139
5962 6140
5376 6141
6142 6142
4849 6144
4964 6145
6147 6147
4047 6148
6149 6149
5952 6150
6151 6151
5004 6158
6159 6159
6160 6160
6161 6161
6162 6162
6163 6163
6584 6169
6170 6170
6172 6172
6714 6178
4471 6179
6180 6180
6704 6181
6755 6182
6187 6187
6353 6188
6190 6190
6790 6192
6241 6195
6289 6196
6494 6197
6654 6199
6337 6201
6352 6202
6339 6204
6821 6208
6209 6209
6560 6211
6880 6212
6653 6214
6430 6215
6515 6218
6216 6219
6764 6221
6224 6224
6429 6230
6231 6231
6509 6235
6236 6236
6238 6238
6776 6239
6780 6240
6509 6243
6246 6246
6247 6247
6248 6248
6273 6252
6874 6253
6433 6258
6835 6260
6533 6263
6889 6264
6380 6266
6881 6267
6269 6269
6724 6271
6778 6275
6276 6276
6662 6279
6659 6280
6281 6281
6282 6282
6202 6284
6285 6285
6329 6287
6636 6288
6546 6293
5423 6294
6611 6299
6429 6300
6553 6301
6302 6302
6465 6304
6850 6305
6195 6306
6309 6309
6658 6310
6606 6312
4508 6313
6315 6315
6849 6317
5774 6318
6319 6319
6730 6320
6400 6321
6322 6322
6594 6324
6326 6326
6860 6327
6195 6328
6734 6329
5842 6330
6332 6332
6334 6334
6862 6336
6338 6338
6611 6339
6411 6341
6560 6342
6654 6344
6221 6347
6349 6349
6510 6350
6325 6351
6715 6353
6237 6355
6357 6357
5774 6362
6363 6363
6758 6364
6365 6365
6654 6366
6368 6368
6559 6369
6370 6370
6394 6371
6590 6372
6373 6373
6288 6377
6654 6379
6200 6380
6383 6383
6384 6384
6188 6386
6772 6387
6388 6388
6389 6389
6242 6390
4696 6392
4508 6393
6765 6396
6215 6398
6815 6404
6406 6406
6301 6409
6241 6411
6824 6412
6415 6415
6849 6416
6265 6418
6196 6420
6408 6422
6595 6423
6695 6424
6425 6425
6426 6426
6511 6427
6429 6429
6538 6431
6605 6436
6429 6438
6768 6439
6265 6441
6444 6444
6445 6445
6446 6446
6786 6447
6502 6449
6179 6450
6549 6452
6605 6454
6544 6456
6816 6459
6501 6462
6764 6463
6467 6467
6468 6468
6715 6471
6197 6472
6473 6473
6504 6476
6231 6477
6488 6478
6190 6480
6452 6484
6409 6485
6486 6486
6195 6487
6757 6488
6201 6491
6234 6495
6371 6497
6499 6499
6557 6503
6259 6505
6491 6507
6510 6510
6393 6511
6615 6513
6749 6515
6766 6517
6337 6518
6433 6522
6195 6523
6416 6524
6589 6525
6526 6526
6527 6527
6508 6528
6576 6529
6748 6531
6160 6533
6544 6534
6365 6538
6840 6542
6879 6543
6546 6546
6578 6551
6441 6553
6662 6556
6557 6557
6558 6558
6550 6559
6561 6561
6563 6563
6252 6564
6576 6565
6566 6566
6567 6567
6659 6569
6571 6571
6573 6573
6578 6575
6576 6576
6652 6577
6578 6578
6653 6579
6755 6580
6259 6584
6405 6585
6587 6587
6588 6588
6662 6589
6591 6591
6520 6593
6595 6595
6598 6598
6793 6602
6437 6606
6429 6607
6234 6608
6610 6610
6560 6611
6305 6613
6755 6618
6620 6620
6216 6621
6874 6622
6623 6623
6624 6624
6368 6625
6598 6628
6630 6630
6567 6631
6558 6632
6633 6633
6837 6636
6429 6641
6643 6643
6710 6645
6523 6646
6774 6648
6661 6651
6269 6653
6698 6654
6553 6656
6657 6657
6774 6658
6512 6660
6465 6661
6448 6662
6277 6665
6774 6667
6670 6670
6608 6671
6764 6672
6524 6674
6449 6675
6511 6677
6678 6678
6442 6680
6683 6683
6855 6685
6540 6687
6429 6691
6693 6693
6236 6696
6555 6698
6635 6703
6707 6707
6708 6708
6310 6710
6229 6712
6322 6713
6228 6714
6558 6716
6721 6721
6247 6724
6281 6727
6177 6728
6521 6730
6479 6732
4084 6734
6557 6736
6553 6737
6363 6739
6386 6740
6818 6743
6803 6745
6746 6746
6750 6750
6836 6753
6162 6758
6881 6759
6700 6766
6533 6767
6874 6769
6228 6770
5760 6771
6530 6772
6241 6774
6615 6775
6415 6777
6778 6778
6749 6782
6252 6783
5202 6784
6466 6785
6499 6787
6868 6788
6790 6790
6791 6791
6792 6792
6793 6793
3776 6794
6786 6798
6801 6801
6684 6802
6231 6804
6745 6806
6394 6807
6558 6809
6320 6810
6221 6811
6682 6813
6653 6814
6558 6815
6433 6816
6817 6817
6850 6818
6660 6819
6399 6822
6778 6823
6827 6827
6169 6828
6603 6830
6831 6831
6466 6832
6234 6833
6241 6835
6493 6836
6482 6838
4251 6842
6170 6843
6740 6850
6445 6851
6482 6854
6537 6856
6872 6858
6845 6859
6724 6860
6840 6861
6300 6862
6511 6863
6511 6864
6865 6865
6838 6866
6868 6868
5842 6869
6285 6870
6511 6871
6865 6872
6874 6874
6523 6875
6504 6877
6512 6878
6880 6880
5771 6881
6740 6882
6749 6883
6396 6887
6889 6889
