5659 5659
5845 5845
5596 5596
5464 5464
5708 5708
3521 3521
3628 3628
409 409
5951 5951
407 407
359 359
241 241
5511 5511
3702 3702
3631 3631
5721 5721
3703 3703
26 26
6276 6276
3852 3852
36 36
347 347
351 351
227 227
408 408
3643 3643
5724 5724
82 82
2150 2150
64 64
292 292
2815 2815
2795 2795
94 94
3576 3576
3636 3636
436 436
2246 2246
6248 6248
3828 3828
128 128
6269 6269
5829 5829
2783 2783
3824 3824
5630 5630
1907 1907
2799 2799
2389 2389
6264 6264
2052 2052
5625 5625
326 326
1 1
2779 2779
5641 5641
2151 2151
3565 3565
6275 6275
3829 3829
5538 5538
2007 2007
2191 2191
2362 2362
5536 5536
5512 5512
2260 2260
5635 5635
6238 6238
429 429
5840 5840
5933 5933
3553 3553
2807 2807
315 315
5540 5540
3601 3601
3596 3596
2274 2274
439 439
2375 2375
5966 5966
2486 2486
2775 2775
2046 2046
2129 2129
2485 2485
312 312
2167 2167
2174 2174
2499 2499
2506 2506
3568 3568
6057 6057
3053 3053
5522 5522
5443 5443
7 7
5656 5656
2152 2152
6058 6058
2061 2061
3704 3704
2164 2164
6073 6073
5654 5654
6077 6077
2175 2175
6059 6059
2239 2239
3646 3646
258 258
5619 5619
2213 2213
5445 5445
5962 5962
3567 3567
6063 6063
6045 6045
2278 2278
2261 2261
5549 5549
5666 5666
2204 2204
5494 5494
5526 5526
5528 5528
2124 2124
2594 2594
6085 6085
2086 2086
2211 2211
2584 2584
5984 5984
2145 2145
2623 2623
2280 2280
5915 5915
5714 5714
5532 5532
2624 2624
2600 2600
5484 5484
5869 5869
2441 2441
5663 5663
5483 5483
6090 6090
2092 2092
2432 2432
6086 6086
158 158
5734 5734
5644 5644
6160 6160
6110 6110
4002 4002
5988 5988
6147 6147
2233 2233
6102 6102
376 376
283 283
5575 5575
2436 2436
2272 2272
2567 2567
2550 2550
5806 5806
2250 2250
5783 5783
5793 5793
5777 5777
5997 5997
3782 3782
3883 3883
5756 5756
2643 2643
6139 6139
374 374
2684 2684
307 307
3888 3888
3690 3690
5740 5740
2644 2644
3692 3692
6161 6161
2715 2715
5799 5799
5991 5991
2671 2671
4012 4012
2646 2646
5876 5876
5233 5233
4014 4014
3718 3718
2676 2676
6889 6889
372 372
2216 2216
2654 2654
2534 2534
2299 2299
5235 5235
6887 6887
4038 4038
3988 3988
4032 4032
2296 2296
5814 5814
5897 5897
2297 2297
4037 4037
3816 3816
464 464
5989 5989
2317 2317
6170 6170
4036 4036
4035 4035
2018 2018
2312 2312
3950 3950
6002 6002
2308 2308
308 308
5886 5886
3812 3812
2733 2733
1774 1774
2349 2349
3892 3892
6225 6225
507 507
148 148
5928 5928
5904 5904
5927 5927
3275 3275
6185 6185
3278 3278
6754 6754
3277 3277
552 552
3840 3840
558 558
492 492
3274 3274
560 560
2429 2429
3246 3246
2467 2467
3249 3249
538 538
2468 2468
3726 3726
3292 3292
3316 3316
2448 2448
6750 6750
494 494
498 498
1766 1766
3237 3237
2279 2279
6657 6657
271 271
6643 6643
6666 6666
2318 2318
6631 6631
3728 3728
2101 2101
6644 6644
6611 6611
3439 3439
6718 6718
3223 3223
3225 3225
788 788
544 544
3730 3730
6678 6678
1227 1227
6834 6834
6865 6865
5244 5244
4074 4074
6626 6626
6857 6857
6683 6683
217 217
1708 1708
5211 5211
2728 2728
5042 5042
3240 3240
2724 2724
3764 3764
5198 5198
3242 3242
6843 6843
3216 3216
6727 6727
3131 3131
6288 6288
1279 1279
1164 1164
3766 3766
6781 6781
1010 1010
6373 6373
3020 3020
6817 6817
5179 5179
1619 1619
1780 1780
5047 5047
830 830
6389 6389
1919 1919
6848 6848
5163 5163
6595 6595
3688 3688
5166 5166
4688 4688
933 933
6693 6693
1591 1591
1916 1916
5438 5438
4372 4372
2914 2914
1660 1660
1534 1534
1546 1546
6785 6785
1678 1678
4837 4837
1628 1628
1652 1652
1796 1796
4794 4794
5028 5028
1700 1700
4731 4731
5378 5378
2984 2984
6592 6592
5117 5117
5116 5116
1586 1586
5221 5221
4734 4734
4254 4254
6475 6475
5193 5193
4651 4651
6610 6610
6844 6844
1749 1749
1784 1784
3099 3099
937 937
1588 1588
766 766
4623 4623
1638 1638
5410 5410
3445 3445
1571 1571
3372 3372
1452 1452
6824 6824
5197 5197
1912 1912
1161 1161
3508 3508
1573 1573
1568 1568
1406 1406
801 801
4240 4240
3169 3169
843 843
4538 4538
4378 4378
6587 6587
4709 4709
4565 4565
721 721
412 412
4545 4545
5095 5095
5125 5125
4738 4738
1200 1200
4716 4716
1556 1556
1657 1657
302 302
3376 3376
975 975
4300 4300
1409 1409
2833 2833
4174 4174
3371 3371
4956 4956
2926 2926
926 926
5056 5056
1458 1458
3109 3109
3026 3026
6533 6533
839 839
5251 5251
5081 5081
5086 5086
1275 1275
1236 1236
4119 4119
6370 6370
3120 3120
815 815
910 910
897 897
6479 6479
6406 6406
4550 4550
3112 3112
5083 5083
4573 4573
4641 4641
4999 4999
3196 3196
1167 1167
4930 4930
4575 4575
1023 1023
4958 4958
2897 2897
4454 4454
927 927
1003 1003
1033 1033
5100 5100
1178 1178
633 633
5053 5053
1323 1323
1387 1387
705 705
5069 5069
6332 6332
3090 3090
5188 5188
4118 4118
5291 5291
4299 4299
1799 1799
4736 4736
6525 6525
807 807
4744 4744
5143 5143
5252 5252
1637 1637
2845 2845
1265 1265
2858 2858
1018 1018
4962 4962
1048 1048
1203 1203
914 914
4653 4653
4533 4533
3495 3495
1541 1541
921 921
1125 1125
3183 3183
6872 6872
4689 4689
6546 6546
3195 3195
836 836
1254 1254
3507 3507
3044 3044
5138 5138
6317 6317
1101 1101
3177 3177
3500 3500
803 803
1875 1875
1524 1524
1153 1153
968 968
4478 4478
6346 6346
4873 4873
965 965
3029 3029
932 932
4727 4727
6396 6396
3460 3460
3064 3064
4883 4883
1071 1071
3461 3461
1055 1055
4806 4806
2856 2856
1737 1737
1386 1386
4816 4816
3137 3137
1174 1174
1214 1214
6356 6356
650 650
4607 4607
4571 4571
5262 5262
1091 1091
689 689
4940 4940
901 901
973 973
1526 1526
4621 4621
3333 3333
4340 4340
1830 1830
4166 4166
4446 4446
3128 3128
945 945
4470 4470
3155 3155
1145 1145
4150 4150
4452 4452
1417 1417
1293 1293
5266 5266
955 955
6571 6571
4337 4337
1904 1904
4951 4951
2839 2839
6561 6561
4730 4730
4950 4950
4941 4941
957 957
4486 4486
1306 1306
4671 4671
4443 4443
2868 2868
4338 4338
5295 5295
1118 1118
1238 1238
1897 1897
1864 1864
4297 4297
