1 1
4808 3
7 7
3206 8
1870 13
5619 14
6110 17
5180 19
3770 20
1570 24
26 26
1158 27
1841 30
1373 32
1659 33
300 35
36 36
1842 38
6175 42
457 43
2832 48
573 49
5799 50
646 52
5699 53
4203 54
5545 57
5991 58
1069 59
5814 61
4149 62
64 64
5469 66
2267 70
2955 71
1122 73
959 74
5751 76
6557 81
82 82
6606 92
94 94
1541 97
2522 98
1052 100
486 101
5213 102
5802 104
6584 108
6579 109
4276 112
4787 116
959 120
959 121
6757 125
128 128
2807 129
3965 133
500 134
6170 136
4791 140
6835 144
3125 147
148 148
5837 151
1764 152
2197 157
158 158
5950 160
2895 161
6460 164
4152 168
2560 177
1786 185
5699 186
1264 189
1083 191
2829 193
910 194
4685 195
3223 196
1195 199
5438 202
2517 207
2514 210
1417 211
3975 213
4271 214
2428 216
217 217
2726 218
6731 220
227 227
6586 228
1499 231
6546 232
946 235
4961 237
241 241
2295 242
3753 245
6387 247
1907 249
439 251
3278 253
737 254
258 258
3339 259
1306 267
1259 268
4367 269
3188 270
271 271
6576 275
2358 277
5783 281
283 283
3764 286
2151 288
2903 289
292 292
6448 296
4915 298
910 299
1407 300
302 302
1659 303
307 307
308 308
3275 309
312 312
4464 313
315 315
1955 324
326 326
2580 327
3956 329
5699 331
6769 335
1738 338
3347 339
2168 343
5128 344
292 346
347 347
2599 349
1727 350
351 351
6413 352
2112 355
2172 356
5749 357
359 359
1549 364
1834 365
486 366
4305 368
1828 369
1028 370
372 372
374 374
376 376
6549 384
5438 385
2211 386
2358 389
897 390
5145 392
4499 393
6553 394
3649 396
5057 397
6346 399
5961 401
6843 403
407 407
408 408
409 409
5778 410
2603 411
412 412
1387 413
5699 417
6626 423
1837 426
429 429
978 431
5453 432
407 435
436 436
3100 437
439 439
4649 441
5343 442
2829 443
1887 446
3146 449
719 453
4663 454
4029 455
1415 457
2517 462
1731 463
464 464
6409 470
3288 471
5713 473
5083 489
5130 490
2711 491
492 492
2548 493
494 494
59 497
498 498
760 502
3019 504
4392 505
507 507
2034 511
3806 512
5414 514
3702 515
4188 516
910 519
3618 520
2400 524
3770 527
732 529
1565 532
4431 533
1366 535
538 538
2884 539
544 544
6356 545
5932 546
4146 547
4189 549
5517 550
840 551
552 552
6449 553
2032 556
558 558
3132 559
560 560
4864 561
3057 563
1603 567
570 570
4787 571
959 572
4232 573
6588 576
2739 578
1807 580
2832 582
4293 583
4093 591
256 602
603 603
2631 607
2035 608
610 610
1362 611
4919 612
845 613
4787 614
2653 616
2731 619
2963 620
3158 624
6566 625
1957 629
3753 630
687 631
2846 632
633 633
5816 635
636 636
2106 637
640 640
3506 645
3057 646
898 647
2423 648
5555 649
650 650
4441 658
122 659
3506 662
5525 663
3770 666
2039 671
672 672
5931 673
952 674
4240 675
4198 676
2978 680
6455 681
4729 684
6442 686
689 689
2087 690
693 693
2151 695
5238 696
4037 697
5881 699
2702 700
4787 703
704 704
705 705
829 706
5749 707
3193 709
713 713
2391 714
2692 715
1565 719
721 721
2829 722
723 723
3364 724
6586 729
2015 730
734 734
6039 748
600 749
1318 751
6459 752
754 754
758 758
1420 759
4288 762
764 764
766 766
4953 771
773 773
797 774
4833 775
113 778
6285 779
5879 780
5112 782
3627 785
5795 787
788 788
5261 789
4973 790
4629 791
4105 792
3250 795
801 801
803 803
5366 805
1792 806
807 807
6143 808
5317 814
815 815
4790 819
2199 821
326 822
3235 823
2101 824
2705 829
830 830
4267 833
836 836
1883 838
839 839
1548 840
843 843
6047 844
4486 846
3193 850
3363 852
5072 860
6723 861
2428 862
789 864
959 867
4683 869
2994 873
4594 874
5165 877
5165 878
4044 881
3282 882
5576 886
2659 896
897 897
6729 899
901 901
2061 903
372 904
5927 905
657 906
5042 907
910 910
1883 913
914 914
3560 916
572 918
2041 919
921 921
2164 923
926 926
927 927
1027 928
3989 929
932 932
933 933
439 934
937 937
1927 939
5311 940
3325 942
1953 943
945 945
3193 950
830 954
955 955
6682 956
957 957
439 960
2522 962
965 965
968 968
973 973
4267 974
975 975
1424 977
2388 978
2255 981
5760 983
6039 984
6090 987
650 993
5862 995
1878 996
2393 999
1907 1000
4787 1002
1003 1003
6030 1005
1086 1008
6279 1009
1010 1010
802 1011
1388 1012
6766 1017
1018 1018
3347 1019
1023 1023
3653 1027
6016 1028
1033 1033
6480 1036
1541 1041
1306 1042
5962 1043
2846 1045
370 1046
1048 1048
4784 1051
5012 1054
1055 1055
4787 1060
696 1061
5163 1063
5595 1069
1071 1071
3730 1074
5958 1075
2060 1077
3721 1084
1682 1085
401 1087
1091 1091
864 1092
4874 1098
1101 1101
5028 1103
0 1107
2801 1108
3139 1110
3113 1111
5729 1113
3016 1116
6840 1117
1118 1118
439 1119
217 1120
6383 1122
3062 1123
1099 1124
1125 1125
2884 1126
1778 1135
4787 1142
1145 1145
942 1149
2912 1151
1153 1153
495 1158
2805 1159
1161 1161
1164 1164
1167 1167
6285 1168
2284 1169
1174 1174
1215 1177
1178 1178
4645 1179
2101 1180
861 1181
5961 1184
3046 1185
5130 1188
5207 1194
4671 1195
5656 1197
5991 1198
1200 1200
1203 1203
3764 1205
4787 1211
1214 1214
4787 1216
1217 1217
2884 1221
3118 1224
6113 1226
1227 1227
6564 1229
1236 1236
3770 1237
1238 1238
3571 1239
1017 1241
6180 1243
4731 1248
3204 1250
1254 1254
2019 1255
431 1256
3587 1260
6327 1261
5318 1264
1265 1265
2850 1269
4550 1272
1275 1275
887 1276
225 1277
1279 1279
4420 1282
4970 1283
495 1287
748 1288
3901 1290
1379 1292
1293 1293
2959 1295
1335 1298
65 1299
439 1301
6859 1305
1306 1306
366 1309
6170 1310
6745 1311
1533 1315
5783 1317
1323 1323
3096 1332
4787 1336
1632 1337
1334 1342
2154 1345
3109 1353
6388 1355
1356 1356
4267 1359
5699 1361
5042 1362
2593 1363
544 1369
3853 1375
4267 1377
1811 1379
1440 1380
77 1381
1382 1382
6470 1385
1386 1386
1387 1387
954 1388
1546 1390
5188 1391
2470 1392
1393 1393
4246 1395
4889 1397
933 1401
4049 1404
1950 1405
1406 1406
1407 1407
1409 1409
3563 1410
3770 1412
357 1414
4232 1415
1417 1417
488 1421
1064 1422
6817 1423
2224 1425
5278 1428
4791 1430
6157 1437
6631 1439
2829 1440
3911 1441
2358 1446
4437 1447
2101 1451
1452 1452
1755 1455
1458 1458
6056 1460
41 1465
2154 1466
3053 1469
2745 1470
2099 1471
5222 1474
5561 1477
2853 1482
4936 1483
4267 1485
3560 1490
4915 1493
5130 1496
1194 1497
2728 1498
1245 1499
3406 1502
1503 1503
1505 1505
1506 1506
5858 1509
2599 1516
5388 1520
1259 1523
1524 1524
1526 1526
4916 1527
3629 1528
1293 1531
3066 1532
1534 1534
2982 1535
1537 1537
4651 1538
227 1540
1541 1541
5941 1543
4282 1545
1546 1546
5397 1548
1556 1556
4459 1557
3210 1559
2145 1567
1568 1568
1571 1571
1101 1572
1573 1573
5645 1575
3770 1581
1588 1582
1533 1583
1259 1585
1586 1586
1588 1588
1591 1591
5881 1594
2154 1595
1887 1596
4135 1598
712 1601
6287 1602
1603 1603
54 1607
4874 1608
3150 1609
748 1610
309 1612
3102 1617
1465 1618
1619 1619
1243 1620
1166 1621
1419 1622
5909 1624
1190 1625
6079 1627
1628 1628
2639 1634
3417 1635
1637 1637
1638 1638
6761 1639
4240 1643
5954 1644
4042 1646
756 1650
1652 1652
3019 1654
1657 1657
4891 1658
6783 1659
1660 1660
4737 1663
4960 1668
860 1669
6734 1672
4291 1673
6010 1674
2259 1676
1678 1678
1946 1680
148 1681
4071 1683
1687 1687
2165 1688
887 1691
4169 1692
1897 1694
6856 1699
1700 1700
4578 1701
3655 1703
4919 1706
1708 1708
5408 1711
1712 1712
2599 1715
3844 1717
4937 1718
2906 1719
5596 1722
5184 1725
644 1727
3080 1729
4663 1732
5131 1733
4369 1734
1737 1737
1830 1739
4693 1741
5783 1744
2046 1745
4124 1748
1749 1749
2326 1753
1759 1759
603 1761
1766 1766
2517 1767
1275 1768
4446 1771
1774 1774
1166 1777
1780 1780
3456 1782
4998 1783
1784 1784
2006 1785
1762 1786
6331 1787
3024 1793
2389 1795
1796 1796
1799 1799
2436 1813
80 1815
5507 1818
2898 1820
2514 1821
6456 1822
2440 1823
6201 1826
954 1827
1830 1830
3190 1831
6657 1832
2897 1833
215 1834
6637 1837
122 1839
6853 1840
5165 1842
2307 1844
4502 1850
1184 1852
6512 1853
3493 1855
4770 1856
6647 1859
6571 1862
1867 1863
1864 1864
1867 1867
336 1868
2428 1869
5468 1870
4635 1872
6553 1874
1875 1875
1876 1876
3364 1879
2263 1881
5960 1882
1986 1886
1086 1887
2614 1888
5699 1889
5020 1890
649 1895
1897 1897
1080 1900
2374 1901
6663 1903
1904 1904
2884 1905
1907 1907
3853 1908
126 1910
1912 1912
5778 1913
1870 1915
1916 1916
1919 1919
2517 1920
4134 1924
1290 1926
1825 1927
6231 1928
3325 1929
1720 1933
1934 1934
1887 1936
2826 1940
1942 1942
5768 1943
6410 1951
2428 1954
2527 1957
5647 1960
2490 1961
5287 1962
4201 1966
3193 1969
2227 1972
2232 1973
5575 1976
3057 1978
2962 1983
805 1984
352 1989
1851 1990
5758 1991
4762 1993
6734 1994
5145 2004
1334 2005
2007 2007
2647 2008
6529 2010
2213 2014
3629 2015
2255 2017
2018 2018
313 2025
6186 2026
2046 2027
430 2029
5130 2030
2178 2035
6574 2036
4936 2037
3134 2038
959 2040
310 2041
2247 2043
2046 2046
6666 2048
2052 2052
4787 2053
6327 2054
3816 2055
5138 2056
5984 2057
5941 2060
2061 2061
5295 2063
439 2064
4787 2065
6260 2068
5631 2069
3417 2071
5640 2072
2829 2074
3653 2076
4873 2079
2884 2081
2086 2086
1827 2087
5991 2091
2092 2092
1415 2100
2101 2101
2105 2105
5961 2107
2631 2109
892 2111
5106 2113
2033 2115
1771 2116
6002 2118
3653 2120
2124 2124
933 2127
2129 2129
1360 2134
6667 2137
556 2140
225 2144
2145 2145
4254 2146
2978 2148
2150 2150
2151 2151
2152 2152
1548 2155
805 2156
5407 2159
4202 2163
2164 2164
4477 2165
2167 2167
1825 2170
2174 2174
2175 2175
2358 2176
1753 2178
1308 2179
1907 2180
2540 2181
4744 2182
4850 2186
1798 2189
2191 2191
5926 2192
2646 2193
3766 2194
4254 2197
3837 2198
2204 2204
2818 2205
5011 2208
2211 2211
3753 2212
2213 2213
855 2214
2216 2216
4766 2218
439 2219
646 2223
6306 2225
2068 2227
6047 2229
4874 2231
3379 2232
2233 2233
1295 2234
4550 2236
2165 2237
2239 2239
4149 2245
2246 2246
2260 2247
5145 2248
1816 2249
2250 2250
5421 2251
3975 2252
3776 2254
2260 2260
2261 2261
439 2262
3019 2263
3506 2265
4522 2266
2154 2268
6419 2269
2272 2272
4369 2273
2274 2274
5783 2275
5057 2277
2278 2278
2279 2279
2280 2280
5732 2281
6042 2282
6384 2283
6530 2284
5814 2286
758 2287
2892 2291
2706 2293
4874 2294
2296 2296
2297 2297
2299 2299
59 2300
6561 2302
1801 2304
2308 2308
1890 2309
6653 2311
2312 2312
3770 2314
2317 2317
2318 2318
2474 2319
4787 2320
2321 2321
4787 2323
5932 2326
4307 2327
75 2329
4963 2330
6869 2331
6853 2332
5049 2339
5075 2340
902 2342
2132 2344
1275 2345
1519 2348
2349 2349
4644 2351
5432 2356
2172 2357
5991 2359
315 2361
2362 2362
5057 2363
4936 2365
4919 2368
4902 2371
2375 2375
4839 2378
2103 2381
4221 2382
5106 2383
5496 2387
2389 2389
2537 2396
6263 2397
4286 2400
1424 2401
5311 2403
2446 2404
5757 2407
3134 2410
312 2411
2127 2414
1452 2415
887 2417
3703 2419
6845 2421
3653 2422
5553 2427
457 2428
2429 2429
2432 2432
5262 2433
310 2434
1128 2435
2436 2436
2603 2437
2441 2441
5484 2442
3517 2443
4294 2444
3960 2446
502 2447
2448 2448
5347 2449
3770 2455
877 2458
3764 2459
4200 2460
404 2462
1662 2466
2467 2467
2468 2468
4787 2469
6856 2470
1332 2473
4371 2474
4833 2476
2650 2478
2485 2485
2486 2486
2232 2490
4543 2493
3661 2494
2499 2499
4305 2500
6589 2503
232 2505
2506 2506
6614 2512
904 2519
714 2521
3611 2525
4700 2530
4970 2533
2534 2534
1755 2535
5103 2537
3946 2543
5324 2544
993 2545
2550 2550
3907 2555
6730 2563
5440 2566
2567 2567
5941 2571
5705 2572
6164 2574
566 2582
5116 2583
2584 2584
1520 2588
3669 2589
6843 2591
3330 2593
2594 2594
945 2597
2600 2600
4844 2603
2711 2606
5799 2611
4427 2612
6185 2613
1332 2615
4105 2619
3271 2622
2623 2623
2624 2624
2884 2627
3320 2628
6693 2629
3500 2630
5042 2634
3770 2638
2643 2643
2644 2644
5302 2645
2646 2646
2654 2654
3787 2656
1648 2658
6066 2663
5555 2666
4578 2668
2671 2671
6734 2672
6817 2673
5706 2675
2676 2676
4187 2677
3533 2683
2684 2684
5800 2685
6343 2686
1778 2691
43 2692
315 2693
2087 2698
713 2699
3413 2700
911 2702
1406 2703
6789 2709
2715 2715
5755 2723
2724 2724
3907 2725
6509 2726
2728 2728
1054 2730
169 2732
2733 2733
4762 2734
1441 2737
5433 2738
4071 2740
5775 2743
4718 2745
6455 2747
4613 2748
692 2757
3113 2762
6631 2765
6614 2767
671 2771
5335 2773
2775 2775
1468 2776
2779 2779
2783 2783
457 2790
442 2791
2594 2792
3201 2793
5631 2794
2795 2795
904 2797
2101 2798
2799 2799
2444 2801
2014 2803
492 2804
2807 2807
6586 2808
2795 2811
6734 2812
2815 2815
3006 2819
5244 2821
5130 2826
508 2828
4459 2831
2833 2833
1661 2834
169 2836
1603 2838
2839 2839
4629 2843
323 2844
2845 2845
697 2846
1878 2848
1944 2849
1614 2851
2856 2856
2858 2858
2012 2859
5755 2861
502 2863
6175 2865
1391 2866
1772 2867
2868 2868
4787 2871
3815 2872
1173 2874
2424 2878
5397 2879
4613 2881
4039 2884
3489 2885
4497 2890
1012 2894
2897 2897
2898 2898
3516 2903
442 2904
2905 2905
4936 2907
502 2908
4936 2911
6127 2912
5311 2913
2914 2914
5262 2917
4787 2921
855 2923
4787 2924
2884 2925
2926 2926
2574 2927
6269 2930
387 2938
4687 2941
2942 2942
4535 2944
3777 2945
1870 2947
2955 2955
6817 2957
6073 2958
3422 2959
2967 2967
4040 2970
6715 2975
959 2978
2981 2981
2984 2984
1335 2987
3345 2988
6809 2989
4647 2990
6029 2991
328 2992
3932 2994
896 2995
3667 2998
1343 2999
5782 3003
3004 3004
3006 3006
232 3007
6734 3011
4729 3012
984 3013
406 3017
1028 3018
3020 3020
4936 3022
523 3024
3026 3026
1731 3027
3853 3028
3029 3029
3948 3031
563 3033
5912 3039
3044 3044
1054 3045
5526 3046
3422 3047
5994 3050
3825 3051
619 3052
3053 3053
247 3055
17 3058
4238 3061
6435 3062
3063 3063
3064 3064
1422 3066
1283 3067
1828 3068
148 3069
6817 3071
5755 3080
959 3082
3087 3087
6817 3089
3090 3090
4314 3096
3099 3099
5576 3100
6098 3104
1043 3106
3109 3109
3422 3110
2522 3111
3112 3112
4849 3113
5879 3114
995 3116
1946 3118
6730 3119
3120 3120
3812 3125
5984 3127
3128 3128
3150 3129
3131 3131
5047 3132
1861 3135
3137 3137
276 3140
2700 3143
5596 3144
4575 3148
6804 3149
3417 3151
1145 3152
5526 3153
3155 3155
2296 3156
4268 3159
1306 3165
3168 3168
3169 3169
2711 3171
3177 3177
2523 3178
3183 3183
4002 3188
5458 3190
3193 3194
3195 3195
3196 3196
4420 3198
4427 3202
1095 3203
2080 3206
1533 3209
462 3212
3216 3216
1224 3217
5328 3218
5042 3221
3223 3223
4523 3224
3225 3225
3365 3228
5807 3229
524 3233
1293 3235
4787 3236
3237 3237
3240 3240
3242 3242
6067 3243
3246 3246
3249 3249
2841 3252
4149 3253
1064 3254
848 3261
748 3263
5130 3266
494 3269
3170 3270
2649 3271
3585 3272
3274 3274
3275 3275
3277 3277
3278 3278
2978 3279
6079 3280
5746 3281
6872 3282
6663 3283
2206 3284
6021 3286
3292 3292
5054 3293
3710 3296
1235 3297
2440 3299
5634 3302
3223 3307
4103 3309
4351 3310
1727 3311
2232 3314
3316 3316
4463 3320
5247 3321
3358 3323
2593 3330
3333 3333
591 3334
3419 3339
6845 3340
1887 3341
210 3343
4647 3344
1926 3345
3000 3347
6015 3350
5755 3351
3596 3354
6614 3357
1928 3358
4 3360
2340 3362
2671 3365
3371 3371
3372 3372
3376 3376
2853 3381
1992 3383
65 3388
6027 3391
6329 3395
4543 3397
1850 3402
2759 3403
1712 3405
4438 3410
5222 3413
3618 3417
2166 3419
2527 3422
1700 3423
5086 3424
2511 3425
6537 3429
2919 3430
3439 3439
2959 3441
978 3442
4936 3443
3445 3445
3705 3449
1286 3451
5086 3452
5414 3453
1308 3454
4165 3457
1777 3458
405 3459
3460 3460
3461 3461
217 3471
6229 3472
1422 3473
5165 3475
770 3478
1332 3480
5555 3482
214 3483
5436 3489
5699 3491
3770 3492
1045 3493
431 3494
3495 3495
3500 3500
5547 3502
2101 3503
2032 3505
3507 3507
3508 3508
2884 3509
6745 3510
2454 3513
2869 3514
6159 3515
954 3519
3521 3521
1834 3523
6564 3524
5795 3525
3053 3529
5750 3530
6260 3531
6186 3532
5777 3533
899 3537
5445 3540
2578 3541
5222 3542
4309 3545
2584 3546
6792 3548
1386 3552
3553 3553
5989 3554
439 3556
3565 3565
5840 3566
3567 3567
3568 3568
306 3571
5555 3572
4420 3573
3576 3576
2005 3577
3176 3578
4391 3579
5335 3582
2017 3583
857 3586
3045 3587
4 3590
3113 3592
668 3594
3596 3596
2101 3597
1950 3598
3095 3599
3726 3600
3601 3601
2884 3604
3096 3609
5878 3612
1637 3613
1410 3619
2580 3622
4130 3624
2736 3626
3134 3627
3628 3628
1461 3629
3631 3631
1308 3632
3636 3636
2989 3637
2273 3639
1217 3642
3643 3643
6256 3644
3646 3646
3653 3647
896 3651
4894 3656
1406 3657
1916 3661
2062 3662
4230 3667
3946 3669
3354 3674
5783 3675
6622 3679
363 3681
227 3682
2833 3683
3352 3685
3688 3688
3690 3690
3692 3692
2631 3694
6872 3695
5555 3698
3702 3702
3703 3703
3704 3704
4337 3706
4267 3708
4787 3711
4766 3712
4432 3717
3718 3718
549 3725
3726 3726
3728 3728
4787 3729
3730 3730
2739 3733
2154 3734
441 3735
5897 3738
5513 3744
447 3746
1953 3749
6411 3750
1027 3753
6433 3754
495 3755
4808 3763
3764 3764
3766 3766
2505 3767
5984 3768
4149 3769
1953 3774
356 3776
25 3777
1609 3778
2423 3779
3243 3780
942 3781
3782 3782
35 3785
4427 3787
4804 3789
3886 3790
246 3791
6564 3792
2221 3795
2675 3799
4543 3808
3812 3812
5165 3814
3816 3816
62 3818
401 3819
969 3820
3169 3821
3824 3824
6592 3825
5915 3826
3828 3828
3829 3829
1275 3833
5749 3834
2748 3836
4936 3838
6325 3839
3840 3840
283 3847
3386 3850
2705 3851
3852 3852
3128 3854
1669 3856
3193 3858
1430 3859
5879 3860
356 3861
3654 3866
706 3869
2191 3870
6145 3873
4709 3874
5137 3875
6566 3876
6859 3881
3883 3883
1972 3886
3193 3887
3888 3888
2132 3890
2505 3891
3892 3892
2580 3893
4476 3895
5789 3897
2853 3899
3653 3900
3629 3902
2832 3904
4746 3906
3422 3907
2497 3908
2559 3913
1261 3914
882 3917
659 3918
5783 3921
1290 3924
2568 3933
5529 3935
160 3936
439 3938
76 3941
2585 3942
1734 3947
3950 3950
5153 3951
6225 3954
6576 3956
2437 3958
2214 3963
1043 3964
2060 3965
5647 3966
5130 3967
4936 3972
1407 3975
6040 3978
559 3981
1567 3983
3128 3985
489 3986
3988 3988
1880 3989
904 3990
910 3992
2270 3998
4552 4001
4002 4002
215 4003
1949 4004
2801 4006
2151 4007
4012 4012
4165 4013
4014 4014
5525 4015
3106 4018
1591 4019
6081 4022
3865 4025
3024 4029
4032 4032
4035 4035
4036 4036
4037 4037
4038 4038
6225 4039
2401 4042
6731 4044
1087 4045
5165 4046
2389 4048
125 4049
1668 4051
4878 4054
3345 4055
4058 4058
4787 4064
4964 4065
1983 4069
3124 4070
4737 4071
880 4073
4074 4074
1804 4081
5831 4082
4084 4084
5165 4086
959 4090
1 4091
2944 4092
4093 4093
1547 4095
4705 4096
5081 4099
2313 4103
2975 4104
5757 4105
3047 4109
2639 4110
3143 4111
2190 4115
5568 4116
4118 4118
4119 4119
370 4121
962 4122
4123 4123
2984 4126
604 4127
4787 4129
3633 4134
4135 4135
6470 4137
2056 4142
2056 4143
48 4147
5543 4148
4150 4150
6775 4152
3653 4156
4849 4157
4158 4158
838 4160
4162 4162
4163 4163
4166 4166
5862 4167
270 4169
4174 4174
6169 4185
4618 4186
2447 4189
959 4191
4192 4192
844 4193
1308 4194
2531 4195
4198 4198
3364 4200
247 4201
380 4202
371 4203
3776 4205
147 4206
2693 4207
1163 4210
5645 4212
4432 4214
322 4217
6606 4219
4038 4221
335 4223
3130 4224
3616 4227
4230 4230
3571 4237
3134 4238
4240 4240
2639 4241
3206 4242
4244 4244
4649 4246
2809 4251
4254 4254
4257 4257
672 4258
334 4259
4262 4262
1471 4264
4274 4274
5927 4277
1539 4278
6413 4281
2486 4286
2274 4290
4294 4294
3705 4295
1533 4296
4297 4297
4772 4298
4299 4299
4300 4300
639 4306
5318 4307
4300 4308
3299 4310
232 4314
1875 4317
2127 4318
1357 4320
2547 4328
4337 4337
4338 4338
4340 4340
887 4344
4787 4348
3304 4349
1547 4350
936 4351
5868 4354
5711 4355
4067 4357
3851 4359
5262 4360
5255 4363
6355 4364
126 4367
6056 4370
3815 4371
4372 4372
5919 4376
1966 4377
4378 4378
3507 4379
659 4381
4247 4382
2435 4386
3320 4387
6597 4388
1278 4389
3282 4390
1966 4392
5923 4396
419 4397
258 4399
6564 4404
5740 4407
5145 4409
63 4416
4417 4417
4085 4420
3653 4423
4804 4431
4066 4435
4443 4443
5526 4445
4446 4446
4452 4452
4454 4454
5561 4457
1387 4458
3797 4461
3379 4463
1420 4465
4470 4470
2599 4471
3066 4474
4070 4476
936 4477
4478 4478
5634 4481
4486 4486
5897 4493
3806 4494
2017 4495
3113 4497
2015 4500
124 4502
3006 4503
4787 4507
887 4510
3770 4511
756 4513
1441 4515
2289 4516
4787 4518
4981 4519
5314 4520
5180 4522
2625 4523
6536 4526
3770 4532
4533 4533
2654 4534
2358 4536
4538 4538
5103 4539
887 4540
2234 4542
4762 4543
4545 4545
6589 4546
5100 4547
5042 4549
4550 4550
1061 4553
6359 4555
4409 4556
4 4562
4565 4565
6118 4567
4571 4571
4573 4573
4417 4574
4575 4575
572 4578
5899 4582
3657 4592
1045 4593
4413 4595
3413 4597
6667 4601
437 4605
4402 4606
4607 4607
494 4609
1887 4617
5438 4619
4621 4621
4623 4623
6688 4627
4787 4630
6438 4631
2000 4633
6486 4634
2246 4637
3150 4639
4641 4641
959 4643
1332 4645
126 4649
4006 4650
4651 4651
4799 4652
4653 4653
4501 4658
6590 4659
10 4668
5131 4669
4671 4671
3631 4672
5769 4674
1456 4675
4919 4676
4677 4677
959 4678
4669 4684
6853 4686
111 4687
4688 4688
4689 4689
5042 4691
672 4693
1223 4696
4334 4698
4733 4700
3703 4705
2374 4706
4709 4709
1867 4712
897 4714
4787 4715
4716 4716
5107 4718
4919 4720
6859 4721
1548 4724
4725 4725
1777 4726
4727 4727
4730 4730
4731 4731
3057 4733
4734 4734
4736 4736
4738 4738
3499 4740
2599 4741
5173 4742
6734 4743
4744 4744
6585 4749
3833 4750
1161 4754
5602 4756
3271 4758
5991 4759
2664 4762
4459 4764
4147 4766
4378 4772
1777 4783
3064 4784
5165 4787
5272 4788
4442 4789
4794 4794
630 4796
2629 4797
1875 4799
4806 4806
2535 4810
4816 4816
5976 4824
1508 4828
282 4830
2017 4832
4837 4837
130 4839
2860 4842
1027 4844
4467 4845
4157 4849
887 4852
3558 4853
5212 4856
959 4862
3774 4863
122 4864
3129 4865
4549 4866
4868 4868
489 4871
4873 4873
632 4874
3909 4878
3776 4879
4883 4883
637 4884
4919 4888
3101 4889
6830 4891
5705 4892
283 4893
1069 4894
6723 4906
4445 4907
5165 4908
3560 4909
5840 4910
4912 4912
4764 4918
9 4919
959 4925
3695 4929
4930 4930
5780 4932
5483 4936
4940 4940
4941 4941
959 4945
4950 4950
4951 4951
959 4952
2150 4953
6734 4955
4956 4956
4958 4958
4962 4962
117 4963
4522 4964
5409 4966
1588 4967
724 4973
1731 4974
220 4975
4459 4978
5789 4980
2220 4987
2722 4989
4377 4990
5377 4991
561 4994
3462 4995
969 4996
3489 4997
4999 4999
6594 5000
6285 5002
3298 5004
5007 5007
5009 5009
4716 5016
4438 5017
2094 5021
5272 5024
4436 5027
5028 5028
3045 5035
6398 5036
2454 5038
3379 5039
5042 5042
4973 5044
485 5045
5047 5047
2127 5048
6578 5050
2578 5052
5053 5053
4013 5054
5272 5055
5056 5056
4845 5058
2224 5059
3193 5061
489 5062
6291 5068
5069 5069
5734 5074
6083 5075
3010 5076
1570 5078
5081 5081
5083 5083
3080 5084
657 5085
5086 5086
959 5087
3735 5093
5095 5095
5068 5096
4535 5099
5100 5100
1573 5101
3737 5102
958 5110
5783 5112
3109 5113
5116 5116
5117 5117
259 5118
5294 5119
1283 5123
5125 5125
6715 5128
1450 5131
5078 5132
4788 5135
6426 5136
5138 5138
5143 5143
4100 5144
766 5145
4787 5151
1006 5153
520 5154
5568 5158
4103 5159
2711 5160
120 5161
5163 5163
826 5165
5166 5166
3837 5172
1926 5173
2154 5174
5179 5179
5356 5181
4251 5183
283 5184
4936 5185
5188 5188
2589 5190
2880 5192
5193 5193
4389 5195
6027 5196
5197 5197
5198 5198
1018 5199
551 5200
5910 5201
5203 5203
5211 5211
2036 5212
3417 5218
5969 5219
4149 5220
5221 5221
6662 5222
259 5223
387 5225
4221 5226
4919 5227
913 5229
4013 5230
5233 5233
5235 5235
2454 5238
2927 5241
5244 5244
5280 5245
961 5246
2794 5249
1919 5250
5251 5251
5252 5252
787 5253
1828 5255
6200 5256
954 5257
6731 5259
120 5260
5262 5262
4942 5264
5266 5266
140 5269
4865 5283
5335 5284
4707 5287
5291 5291
5516 5293
5295 5295
5297 5297
2348 5298
2963 5302
4787 5305
1684 5311
6728 5318
1916 5321
5324 5324
4427 5325
3157 5327
5329 5329
3193 5330
2985 5332
5629 5334
6025 5336
5337 5337
511 5342
4552 5349
6835 5357
4424 5358
2761 5359
2884 5362
5336 5364
5378 5378
4878 5387
600 5389
5582 5390
5755 5391
3802 5393
2119 5397
3339 5400
630 5401
4310 5408
4573 5409
5410 5410
6594 5415
1612 5416
5417 5424
5165 5425
6103 5426
6576 5427
1223 5429
489 5436
5130 5437
5438 5438
2566 5440
4521 5442
5443 5443
5445 5445
2930 5446
3821 5447
4152 5448
4787 5454
3770 5457
4734 5458
5749 5459
5464 5464
4361 5468
4820 5470
2505 5474
232 5475
348 5479
5483 5483
5484 5484
4149 5487
6645 5488
6724 5489
5494 5494
3364 5497
3946 5498
6586 5499
25 5505
5405 5508
5511 5511
5512 5512
6057 5514
1224 5515
4221 5519
4817 5521
5522 5522
2516 5523
2906 5524
5526 5526
5528 5528
6387 5530
5532 5532
5536 5536
5538 5538
932 5539
5540 5540
3653 5541
3667 5542
5034 5547
5549 5549
6717 5551
3705 5555
2145 5560
4900 5563
884 5567
1730 5568
6731 5569
5 5571
4437 5572
5575 5575
1837 5578
5732 5582
3612 5584
2181 5588
5590 5590
5941 5591
4169 5595
5596 5596
326 5603
3640 5605
6817 5606
5154 5616
5619 5619
4980 5621
2050 5623
5625 5625
5630 5630
3922 5631
888 5632
5635 5635
4465 5637
4744 5640
5641 5641
6130 5643
5644 5644
6387 5645
1727 5646
6363 5648
2919 5652
4322 5653
5654 5654
5656 5656
5659 5659
439 5661
5663 5663
5666 5666
2441 5674
3275 5675
3978 5676
3008 5680
3046 5684
2902 5685
2829 5686
457 5688
1662 5689
5576 5690
3539 5691
4438 5694
6279 5695
5054 5698
2904 5705
2574 5707
5708 5708
6619 5711
5265 5712
5076 5713
5714 5714
4998 5715
1769 5720
5721 5721
5 5722
5724 5724
5025 5728
2716 5729
5734 5734
4521 5737
899 5739
5740 5740
5674 5741
1529 5743
4130 5747
1887 5748
5756 5756
6361 5757
1547 5758
4469 5759
5414 5760
2585 5768
1972 5771
3770 5772
1128 5775
5777 5777
410 5778
5579 5780
5783 5783
3845 5785
2169 5787
4543 5788
4441 5790
399 5791
5793 5793
1547 5795
2599 5797
5799 5799
5579 5801
5749 5803
4278 5804
5806 5806
5198 5813
5814 5814
4919 5815
2429 5818
2433 5824
4671 5826
2954 5827
5829 5829
1520 5830
4787 5832
191 5835
926 5837
2254 5838
5840 5840
756 5841
5845 5845
439 5846
4961 5848
1308 5850
4428 5851
2969 5852
5 5853
904 5855
1837 5856
5582 5861
2716 5863
802 5864
4817 5865
1811 5866
5869 5869
4766 5870
5034 5874
4149 5875
5876 5876
4579 5879
5886 5886
2884 5887
1308 5888
4325 5889
1855 5890
6680 5891
2850 5894
5897 5897
4756 5901
5904 5904
4325 5905
5203 5907
2260 5909
1279 5911
6679 5914
5915 5915
3193 5916
6374 5920
6888 5925
262 5926
5927 5927
5928 5928
2052 5931
2534 5932
5933 5933
4729 5939
5034 5946
4137 5947
959 5948
5951 5951
4454 5952
2443 5961
5962 5962
5966 5966
1195 5970
5984 5984
2833 5987
5988 5988
5989 5989
6039 5990
5991 5991
3193 5995
5997 5997
6002 6002
802 6005
5130 6006
3364 6009
3506 6012
959 6014
6538 6016
2614 6017
4985 6023
3012 6024
1308 6025
298 6029
4919 6031
3024 6032
228 6035
5799 6038
5931 6041
3813 6042
5021 6043
4936 6044
6045 6045
4274 6048
887 6050
5886 6054
4718 6055
808 6056
6057 6057
6058 6058
6059 6059
133 6062
6063 6063
2164 6064
4157 6066
6073 6073
1308 6074
568 6075
6077 6077
6170 6080
6085 6085
6086 6086
6361 6087
2358 6088
6090 6090
2101 6091
6614 6094
168 6098
3770 6100
6102 6102
268 6103
307 6104
511 6105
2145 6108
6110 6110
2063 6111
6296 6113
2027 6117
4517 6121
457 6124
6830 6126
4485 6128
2912 6130
6139 6139
6177 6145
6147 6147
4162 6149
3230 6153
1505 6154
5811 6157
4174 6159
6160 6160
6161 6161
964 6166
4454 6168
6170 6170
520 6171
6038 6174
2260 6177
3653 6178
1264 6179
6185 6185
2850 6186
6712 6190
4448 6191
2985 6195
959 6203
659 6207
6841 6210
5335 6213
2273 6216
2645 6219
1634 6223
6225 6225
1041 6227
6717 6229
5100 6230
5840 6231
2524 6233
1648 6236
6238 6238
2428 6239
113 6240
806 6242
637 6243
6248 6248
4894 6252
2599 6253
2416 6254
5726 6256
473 6261
6264 6264
6269 6269
4597 6271
6817 6274
6275 6275
6276 6276
2208 6280
6282 6282
959 6283
3691 6285
5981 6286
6288 6288
3053 6289
1450 6291
5842 6295
4601 6296
4271 6301
6302 6302
4 6303
4942 6304
2154 6305
4569 6306
4902 6308
978 6309
2404 6311
1837 6314
6317 6317
6756 6319
1332 6320
1108 6326
6437 6327
2818 6329
4276 6330
6332 6332
62 6334
3685 6335
959 6336
4291 6337
6338 6338
2358 6339
3969 6340
3935 6343
6346 6346
6398 6350
4246 6351
2428 6352
6425 6353
649 6354
6356 6356
3188 6358
4733 6359
6281 6360
5571 6362
6363 6363
6364 6364
570 6365
4593 6368
959 6369
6370 6370
6373 6373
4149 6375
3267 6377
2428 6378
5762 6381
1013 6383
6389 6389
3975 6390
4773 6391
6396 6396
394 6397
1834 6399
1803 6404
6406 6406
2959 6408
1309 6409
5336 6413
2670 6416
6417 6417
1834 6421
6422 6422
4 6428
2687 6431
6433 6433
4160 6434
17 6435
6530 6437
5205 6438
5570 6439
6482 6440
887 6445
6448 6448
3720 6450
1691 6456
6658 6459
5526 6460
4013 6461
4 6464
4799 6465
82 6466
6467 6467
1148 6470
5076 6471
5879 6472
6475 6475
6413 6478
6479 6479
447 6484
3639 6485
5291 6486
1867 6489
6470 6490
5696 6491
4649 6499
1246 6504
126 6505
4034 6507
5130 6508
1151 6509
3766 6510
1619 6511
4994 6512
2505 6518
1445 6520
19 6522
3288 6524
6525 6525
217 6528
1881 6529
2580 6531
6533 6533
3682 6537
5941 6539
2182 6541
4980 6544
6546 6546
1841 6549
532 6556
1200 6557
6054 6559
2609 6560
6561 6561
2358 6568
5634 6569
6571 6571
1837 6575
845 6578
6361 6582
5036 6586
6587 6587
2981 6591
6592 6592
67 6594
6595 6595
4086 6601
3648 6603
4744 6605
6425 6606
4936 6607
3134 6608
6610 6610
6611 6611
5420 6614
6594 6615
4438 6618
5042 6622
6626 6626
4276 6628
6631 6631
657 6634
544 6638
5214 6639
4086 6640
3653 6642
6643 6643
6644 6644
2136 6648
5042 6651
514 6655
6657 6657
6417 6659
2437 6662
1033 6663
3613 6665
6666 6666
2374 6671
1407 6673
6793 6674
5145 6675
6678 6678
6683 6683
5926 6686
4682 6689
6693 6693
2884 6694
1874 6695
1648 6696
5939 6703
5130 6704
2869 6705
485 6708
4401 6715
4787 6716
6718 6718
5879 6720
2848 6721
4970 6723
6446 6724
6727 6727
2358 6730
5755 6736
659 6737
959 6738
3163 6739
5912 6741
662 6745
4787 6747
5038 6748
6750 6750
2101 6752
6754 6754
2440 6758
1332 6763
2127 6764
3325 6766
2274 6767
1441 6771
6425 6772
3250 6775
3204 6777
6781 6781
6785 6785
73 6788
1966 6792
4486 6793
1541 6795
6330 6796
1317 6804
3717 6806
3637 6809
4787 6815
72 6816
6817 6817
5941 6818
5783 6821
6824 6824
1661 6827
1422 6830
5805 6831
485 6832
6834 6834
6843 6843
6844 6844
2212 6845
6848 6848
1646 6851
439 6852
2007 6854
6537 6856
6857 6857
6231 6859
4787 6864
6865 6865
5991 6867
92 6869
2358 6871
6872 6872
4919 6873
5984 6875
5438 6876
3247 6877
2448 6880
5976 6882
5783 6885
4766 6886
6887 6887
3304 6888
6889 6889
