3629 3629
6276 6276
6278 6278
138 138
6275 6275
5638 5638
409 409
408 408
3643 3643
6243 6243
3909 3909
5602 5602
5601 5601
3638 3638
6267 6267
3776 3776
15 15
407 407
113 113
3649 3649
5504 5504
112 112
5659 5659
3851 3851
5840 5840
328 328
3703 3703
5507 5507
3702 3702
439 439
5506 5506
3635 3635
3777 3777
344 344
3747 3747
341 341
3750 3750
2793 2793
3548 3548
3828 3828
3056 3056
356 356
3826 3826
6248 6248
429 429
3634 3634
37 37
442 442
1907 1907
3053 3053
5630 5630
1906 1906
436 436
435 435
228 228
76 76
3923 3923
5651 5651
81 81
355 355
428 428
2799 2799
2129 2129
5845 5845
2127 2127
3566 3566
5458 5458
5464 5464
227 227
5753 5753
432 432
2140 2140
36 36
2136 2136
6238 6238
2191 2191
312 312
64 64
3565 3565
65 65
3546 3546
2779 2779
315 315
94 94
189 189
29 29
2246 2246
104 104
351 351
6264 6264
3601 3601
51 51
5829 5829
119 119
3609 3609
3568 3568
2294 2294
73 73
3571 3571
3586 3586
5641 5641
26 26
2383 2383
3554 3554
5450 5450
157 157
2167 2167
67 67
6231 6231
2274 2274
3553 3553
3596 3596
5468 5468
5746 5746
6056 6056
2388 2388
3911 3911
5635 5635
122 122
2367 2367
2124 2124
2389 2389
2052 2052
1992 1992
3567 3567
2261 2261
6055 6055
3547 3547
6077 6077
6062 6062
5698 5698
5634 5634
5959 5959
5654 5654
2498 2498
5932 5932
5953 5953
3667 3667
3704 3704
7 7
2150 2150
5939 5939
2011 2011
6045 6045
5966 5966
2485 2485
2598 2598
5697 5697
193 193
5851 5851
62 62
2 2
3518 3518
3908 3908
2221 2221
5522 5522
2471 2471
5538 5538
5627 5627
5834 5834
2225 2225
5823 5823
2180 2180
5554 5554
6079 6079
5551 5551
260 260
2505 2505
2593 2593
2061 2061
2145 2145
5741 5741
295 295
5546 5546
2086 2086
5581 5581
5539 5539
5678 5678
5969 5969
2094 2094
2239 2239
3884 3884
5986 5986
3706 3706
2146 2146
5684 5684
2596 2596
2095 2095
381 381
3163 3163
3161 3161
393 393
5980 5980
5985 5985
6103 6103
5982 5982
2280 2280
5686 5686
2391 2391
5496 5496
3672 3672
5528 5528
2204 2204
6142 6142
5981 5981
406 406
6095 6095
6162 6162
6147 6147
2197 2197
2205 2205
2232 2232
6090 6090
3906 3906
2614 2614
2080 2080
2116 2116
5575 5575
6159 6159
2233 2233
2256 2256
1986 1986
174 174
5487 5487
3869 3869
5687 5687
258 258
6161 6161
4005 4005
5484 5484
2699 2699
2282 2282
2342 2342
5663 5663
2457 2457
5988 5988
5664 5664
5532 5532
5862 5862
374 374
2441 2441
6175 6175
2299 2299
5994 5994
220 220
3941 3941
2432 2432
2036 2036
203 203
6000 6000
2623 2623
2588 2588
2600 2600
5740 5740
5549 5549
5526 5526
3673 3673
6005 6005
4010 4010
200 200
2022 2022
5991 5991
3877 3877
4001 4001
5869 5869
5996 5996
5573 5573
5902 5902
5691 5691
6889 6889
3965 3965
180 180
372 372
6887 6887
3889 3889
3989 3989
4021 4021
4032 4032
333 333
4016 4016
3691 3691
3952 3952
2317 2317
2182 2182
6108 6108
2523 2523
4013 4013
2031 2031
5567 5567
2308 2308
533 533
5239 5239
2017 2017
6023 6023
2312 2312
2346 2346
368 368
3692 3692
2014 2014
2112 2112
4048 4048
5793 5793
489 489
2311 2311
3955 3955
4015 4015
3980 3980
4044 4044
178 178
2019 2019
2685 2685
494 494
300 300
3690 3690
2087 2087
169 169
550 550
2440 2440
3493 3493
2427 2427
2434 2434
2558 2558
2733 2733
2423 2423
2321 2321
2560 2560
255 255
6195 6195
537 537
6225 6225
2318 2318
5917 5917
3738 3738
546 546
387 387
2468 2468
3781 3781
2467 2467
2572 2572
485 485
168 168
3361 3361
529 529
5762 5762
3767 3767
2425 2425
2448 2448
2020 2020
5406 5406
2466 2466
5778 5778
1961 1961
5807 5807
3340 3340
6229 6229
3358 3358
2652 2652
3313 3313
5880 5880
3316 3316
3289 3289
3284 3284
285 285
2648 2648
5767 5767
1940 1940
6212 6212
3296 3296
3261 3261
225 225
2662 2662
6179 6179
3280 3280
2654 2654
1546 1546
3281 3281
3275 3275
3241 3241
2576 2576
6832 6832
3229 3229
3237 3237
6193 6193
3246 3246
3254 3254
3223 3223
3219 3219
5789 5789
3292 3292
498 498
3240 3240
3213 3213
5794 5794
217 217
6817 6817
3440 3440
6191 6191
1603 1603
5813 5813
5901 5901
3813 3813
1600 1600
2751 2751
2104 2104
6850 6850
3442 3442
1556 1556
5438 5438
3694 3694
3839 3839
1937 1937
1559 1559
5058 5058
1561 1561
6865 6865
6834 6834
1918 1918
1595 1595
5927 5927
6838 6838
1578 1578
400 400
3234 3234
6735 6735
210 210
2728 2728
1609 1609
1977 1977
1593 1593
6804 6804
1579 1579
5409 5409
3132 3132
1949 1949
211 211
3413 3413
1687 1687
5016 5016
6809 6809
3892 3892
5075 5075
5079 5079
5198 5198
3411 3411
1625 1625
1585 1585
6727 6727
3391 3391
5069 5069
1568 1568
1571 1571
1553 1553
6801 6801
5054 5054
5219 5219
1586 1586
6860 6860
6791 6791
1913 1913
1275 1275
3216 3216
1505 1505
6827 6827
5081 5081
5047 5047
3447 3447
6844 6844
256 256
1542 1542
3383 3383
3012 3012
6812 6812
1576 1576
6792 6792
6794 6794
3388 3388
5053 5053
4459 4459
6797 6797
6334 6334
3373 3373
6788 6788
1821 1821
1951 1951
3445 3445
5051 5051
5056 5056
4299 4299
6839 6839
2822 2822
2895 2895
4814 4814
3436 3436
3201 3201
1280 1280
4392 4392
4431 4431
5378 5378
1314 1314
3452 3452
1396 1396
3765 3765
5019 5019
3386 3386
3423 3423
3196 3196
1680 1680
3460 3460
6785 6785
1140 1140
1854 1854
995 995
6535 6535
4336 4336
4446 4446
4445 4445
2892 2892
2821 2821
4443 4443
6869 6869
1855 1855
4391 4391
1514 1514
5095 5095
6721 6721
6787 6787
1399 1399
6754 6754
4329 4329
2912 2912
2992 2992
786 786
776 776
3177 3177
1363 1363
302 302
3172 3172
3195 3195
1391 1391
1755 1755
2877 2877
3766 3766
808 808
1883 1883
6739 6739
996 996
1498 1498
4360 4360
1832 1832
3076 3076
1817 1817
3135 3135
1541 1541
6719 6719
3099 3099
6383 6383
6762 6762
1831 1831
1809 1809
4794 4794
4335 4335
1799 1799
1439 1439
3109 3109
4174 4174
1061 1061
5153 5153
1386 1386
5282 5282
1037 1037
830 830
3333 3333
3120 3120
1164 1164
1787 1787
6389 6389
3026 3026
4372 4372
3121 3121
1647 1647
4361 4361
1524 1524
1137 1137
4290 4290
4463 4463
1683 1683
253 253
4293 4293
3728 3728
4100 4100
1876 1876
5211 5211
1277 1277
1393 1393
4649 4649
6557 6557
1867 1867
6591 6591
1004 1004
805 805
5193 5193
6282 6282
1798 1798
6713 6713
3077 3077
4131 4131
4101 4101
4449 4449
5255 5255
3112 3112
4167 4167
5131 5131
4752 4752
1823 1823
6319 6319
1784 1784
4389 4389
1411 1411
4849 4849
4868 4868
3171 3171
5250 5250
2898 2898
586 586
4682 4682
4757 4757
6559 6559
4747 4747
2884 2884
1669 1669
4217 4217
4677 4677
6317 6317
4210 4210
1795 1795
1356 1356
4428 4428
4683 4683
6330 6330
4738 4738
721 721
1758 1758
6586 6586
1149 1149
3136 3136
1014 1014
3152 3152
1628 1628
5203 5203
4379 4379
6683 6683
6566 6566
1013 1013
1159 1159
2819 2819
4730 4730
1168 1168
6623 6623
1169 1169
801 801
1035 1035
5251 5251
6338 6338
1214 1214
5256 5256
1499 1499
1739 1739
4760 4760
4871 4871
1409 1409
4729 4729
1824 1824
4354 4354
1619 1619
811 811
4912 4912
1791 1791
4135 4135
3206 3206
1782 1782
4396 4396
3029 3029
6546 6546
4321 4321
1390 1390
1342 1342
6567 6567
6442 6442
5100 5100
5370 5370
3168 3168
6706 6706
5136 5136
6666 6666
6530 6530
3090 3090
3472 3472
6587 6587
4291 4291
4762 4762
3062 3062
4084 4084
4238 4238
4157 4157
6573 6573
4142 4142
4166 4166
5225 5225
4883 4883
4533 4533
5138 5138
4842 4842
1526 1526
975 975
4918 4918
652 652
4962 4962
6509 6509
5090 5090
6527 6527
3507 3507
4966 4966
705 705
1010 1010
4115 4115
6512 6512
5271 5271
4698 4698
2926 2926
1178 1178
1251 1251
3155 3155
1018 1018
4664 4664
4143 4143
4935 4935
1480 1480
2829 2829
6644 6644
1153 1153
3006 3006
6499 6499
4197 4197
4500 4500
3133 3133
1200 1200
4461 4461
1194 1194
6302 6302
4267 4267
2856 2856
919 919
678 678
5086 5086
6373 6373
3320 3320
932 932
4116 4116
981 981
869 869
1265 1265
4712 4712
1202 1202
3043 3043
5290 5290
4628 4628
4058 4058
4749 4749
4746 4746
1254 1254
4878 4878
1422 1422
4225 4225
1027 1027
4155 4155
247 247
4305 4305
6412 6412
4465 4465
1080 1080
4639 4639
4934 4934
4736 4736
4530 4530
4386 4386
1488 1488
1033 1033
6872 6872
4436 4436
4543 4543
2845 2845
1073 1073
4830 4830
3497 3497
4470 4470
4452 4452
2998 2998
4672 4672
1460 1460
1129 1129
4607 4607
4224 4224
4593 4593
1424 1424
4553 4553
4127 4127
1806 1806
610 610
1416 1416
2840 2840
620 620
1121 1121
3500 3500
3036 3036
249 249
4930 4930
4149 4149
4437 4437
1185 1185
882 882
6360 6360
4950 4950
4687 4687
4493 4493
3129 3129
970 970
1487 1487
5321 5321
767 767
1141 1141
3020 3020
5295 5295
4985 4985
5234 5234
1456 1456
1098 1098
1187 1187
1464 1464
5365 5365
2826 2826
4941 4941
967 967
1458 1458
4992 4992
4481 4481
3064 3064
1101 1101
884 884
2863 2863
3125 3125
6440 6440
892 892
723 723
4641 4641
4583 4583
4597 4597
4571 4571
903 903
1097 1097
873 873
