2 2
6517 3
3935 5
2650 6
7 7
5496 8
4774 9
3778 10
2947 13
15 15
2858 16
4521 18
887 21
1570 24
26 26
750 27
29 29
4845 30
1777 31
36 36
37 37
2666 38
826 39
6820 40
330 41
482 44
6851 47
1216 49
51 51
4523 52
6052 54
5930 59
6558 60
62 62
6782 63
64 64
65 65
5318 66
67 67
1404 71
73 73
76 76
4475 78
3051 80
81 81
6772 83
2847 84
1438 85
3894 87
350 88
6658 91
94 94
1942 97
5398 98
194 99
1897 100
521 103
104 104
3958 105
109 109
112 112
113 113
3530 117
119 119
122 122
897 124
210 125
2770 131
563 134
1599 137
138 138
1274 141
6061 146
2447 149
2770 154
157 157
5305 159
4573 163
3479 165
1865 167
168 168
169 169
3652 172
2416 173
174 174
2612 175
178 178
180 180
5660 184
1329 185
189 189
2252 191
193 193
2852 197
200 200
203 203
354 204
678 205
3556 207
4089 208
210 210
211 211
6358 213
215 215
217 217
220 220
1513 222
5075 223
225 225
227 227
228 228
3028 230
221 232
880 233
6000 236
713 241
2962 244
6238 245
3172 246
247 247
249 249
5264 250
827 251
253 253
255 255
256 256
258 258
260 260
3013 262
2031 264
5374 269
1728 270
1413 272
3362 274
6529 275
350 278
3552 279
1555 281
285 285
2814 288
3825 290
3558 292
5332 293
4135 294
295 295
4929 296
5067 298
2349 299
300 300
302 302
6154 306
67 308
917 310
1396 311
312 312
6645 314
315 315
2617 319
6820 320
2302 323
3542 324
2472 327
328 328
4509 329
333 333
598 338
764 340
341 341
344 344
3564 350
351 351
268 354
355 355
356 356
5861 360
363 363
3294 364
2548 366
368 368
369 369
372 372
374 374
2718 376
325 378
381 381
2247 382
3417 384
5575 386
387 387
2901 389
393 393
5507 395
1759 396
157 398
400 400
5675 401
692 402
3661 403
6096 404
1375 405
406 406
407 407
408 408
409 409
1311 410
2779 412
6838 413
3473 414
6156 417
2494 420
4312 424
428 428
429 429
699 431
432 432
435 435
436 436
439 439
442 442
2829 443
1671 445
2021 446
448 448
6698 452
2457 456
2813 457
6883 458
468 468
2688 469
5578 473
743 479
6741 481
1929 482
2182 483
485 485
487 487
489 489
3967 490
4463 491
3978 492
494 494
4951 496
498 498
1987 502
3085 503
507 507
6188 510
511 511
512 512
4719 514
4656 518
4520 521
3679 523
1618 524
529 529
5875 530
533 533
537 537
542 542
4735 543
546 546
550 550
5106 551
552 552
2525 553
558 558
560 560
6755 562
5106 563
3471 564
2107 568
570 570
2951 571
5127 573
4191 575
576 576
6851 577
4169 578
748 584
3407 585
586 586
2499 588
811 593
248 594
827 595
201 596
6768 597
1955 598
34 601
2623 602
603 603
4089 606
2035 608
610 610
5714 612
2951 614
3028 618
3581 619
620 620
196 622
2624 625
2520 626
2850 629
4367 633
2346 635
2145 636
640 640
641 641
654 642
3776 644
650 650
994 651
652 652
5671 655
2624 656
6413 657
4873 663
686 671
816 672
2470 674
678 678
924 679
37 688
2327 689
6712 690
4627 691
901 693
4972 694
1237 698
5530 700
6280 702
2866 703
1147 704
705 705
2912 706
4602 708
3465 710
2291 711
715 715
4232 716
2222 718
5127 719
2498 720
721 721
2829 722
723 723
2499 724
776 726
730 730
2338 732
4829 733
1222 735
3572 736
2670 737
738 738
739 739
1777 740
741 741
1496 743
1210 744
2380 746
102 747
5658 749
5677 750
1951 752
754 754
759 759
831 760
678 761
917 762
6247 764
767 767
5438 770
771 771
1838 773
5853 775
776 776
615 778
678 781
2172 782
2356 784
3742 785
786 786
630 795
637 797
4805 798
993 800
801 801
6837 802
135 804
805 805
6020 807
808 808
811 811
1076 814
6659 819
2499 820
3973 822
387 829
830 830
2716 832
2513 833
5783 834
1933 836
4964 838
3036 839
2714 840
2770 842
5512 843
4437 844
6793 846
4866 849
3910 850
64 851
393 852
1496 856
5952 857
654 858
2355 860
6311 864
1222 866
2980 868
869 869
395 871
928 872
873 873
1018 874
6561 881
882 882
5547 883
884 884
6380 886
3374 887
892 892
6636 896
3020 897
2383 899
3747 900
2834 902
903 903
6059 904
5927 905
4655 909
2593 910
4259 913
1551 914
919 919
5438 921
923 923
4149 924
3634 926
5053 927
2624 928
2019 929
853 930
932 932
5182 933
1493 937
3013 939
2917 945
5505 948
2840 949
674 952
1092 954
5398 962
4364 963
3028 966
967 967
492 968
3511 969
970 970
5007 973
975 975
3613 977
4142 978
6820 979
6097 980
981 981
3083 985
2443 986
6209 988
33 989
5876 990
251 993
388 994
995 995
996 996
2946 999
1004 1004
5987 1005
1612 1007
1276 1008
1010 1010
6195 1012
1013 1013
1014 1014
3684 1015
1018 1018
2561 1020
6745 1024
251 1026
1027 1027
1033 1033
1035 1035
1037 1037
268 1039
347 1042
4629 1043
2977 1045
993 1047
5463 1049
5703 1050
3322 1053
2550 1055
1294 1058
243 1060
1061 1061
3201 1063
5962 1064
6820 1065
4054 1068
1073 1073
1007 1074
405 1075
5456 1076
1547 1077
1080 1080
2605 1081
6291 1082
715 1087
5484 1093
3018 1094
5686 1095
1097 1097
1098 1098
2080 1099
4240 1100
1101 1101
6808 1103
4463 1106
3294 1108
5012 1109
4205 1111
3027 1113
1222 1117
1467 1118
2899 1120
1121 1121
1714 1122
6415 1123
1513 1124
1129 1129
586 1131
3372 1135
1925 1136
1137 1137
1140 1140
1141 1141
1222 1143
6470 1144
4034 1145
1149 1149
3 1151
1153 1153
1271 1154
2778 1155
6819 1156
1159 1159
3229 1160
2279 1161
4705 1162
1164 1164
4120 1166
1168 1168
1169 1169
1195 1174
1447 1175
1178 1178
6230 1180
1185 1185
1187 1187
6006 1188
6820 1191
811 1192
537 1193
1194 1194
3968 1196
6079 1197
1199 1199
1200 1200
6594 1201
1202 1202
1277 1204
6820 1208
5478 1212
3322 1213
1214 1214
1929 1215
5348 1218
6820 1219
4954 1220
1223 1223
1733 1226
1774 1229
28 1232
3026 1236
3949 1238
6122 1242
1418 1245
3633 1246
3754 1248
14 1250
1251 1251
6813 1252
1254 1254
1880 1255
1216 1256
4435 1258
1261 1261
1265 1265
3888 1267
5578 1270
1210 1271
1275 1275
1277 1277
1280 1280
1283 1283
6221 1285
573 1288
3488 1289
4077 1290
1493 1291
3442 1292
4995 1293
2847 1294
4939 1297
1299 1299
309 1302
347 1305
2829 1306
3511 1309
6191 1311
5305 1313
1314 1314
2916 1319
1551 1320
4977 1325
6212 1327
5472 1330
2539 1332
1222 1333
484 1335
6571 1337
6456 1338
1342 1342
2518 1344
3542 1348
5696 1350
5125 1353
5198 1354
1356 1356
4987 1357
1591 1358
3349 1359
1158 1360
1771 1362
1363 1363
5012 1370
993 1371
5195 1372
5307 1378
2895 1379
2259 1380
1028 1383
6664 1385
1386 1386
4982 1387
3893 1388
5288 1389
1390 1390
1391 1391
1393 1393
3778 1395
1396 1396
3157 1397
1399 1399
3614 1401
1402 1402
6820 1403
1924 1404
2532 1405
1409 1409
1411 1411
5127 1415
1416 1416
968 1418
1419 1419
2797 1421
1422 1422
6813 1423
1424 1424
6820 1426
5062 1427
4992 1429
917 1430
6608 1432
3217 1433
6820 1434
3739 1438
1439 1439
144 1441
2085 1443
4186 1445
5776 1446
5595 1447
6394 1453
1418 1454
1456 1456
1845 1457
1458 1458
1460 1460
5927 1463
1464 1464
3272 1470
276 1471
6608 1472
4246 1474
2251 1476
5475 1477
4268 1478
1480 1480
3718 1481
3076 1482
2513 1485
1487 1487
1488 1488
4774 1491
4506 1493
1894 1495
3967 1496
4994 1497
1498 1498
1499 1499
3429 1501
1503 1503
1505 1505
2916 1507
168 1508
1514 1514
3003 1515
626 1520
849 1521
1524 1524
1526 1526
1424 1531
227 1534
1535 1535
5931 1536
1537 1537
1538 1538
824 1540
1541 1541
1542 1542
2211 1543
4977 1544
1546 1546
3055 1548
4075 1552
1553 1553
3543 1554
1556 1556
4764 1557
1559 1559
5398 1560
1561 1561
5422 1563
3654 1565
1568 1568
5714 1569
24 1570
1571 1571
1572 1572
6512 1573
5059 1575
1576 1576
1578 1578
1579 1579
1585 1585
1586 1586
2636 1589
2833 1591
41 1592
1593 1593
1595 1595
1414 1598
1600 1600
6356 1601
1603 1603
6086 1605
1609 1609
3555 1612
4137 1613
1615 1615
5637 1616
6576 1617
1619 1619
1243 1620
1625 1625
1210 1626
1627 1627
1628 1628
340 1634
793 1635
1649 1638
383 1641
1524 1644
4288 1645
1647 1647
3289 1654
1655 1655
1472 1656
1660 1657
6674 1658
1660 1660
4071 1663
4630 1664
3446 1665
1096 1667
5074 1668
1669 1669
1670 1670
1814 1673
1196 1675
3098 1676
3771 1677
1680 1680
1683 1683
2169 1685
1687 1687
2352 1688
5131 1690
5018 1692
107 1698
3117 1706
6820 1707
1708 1708
3193 1709
311 1718
6381 1720
3076 1722
5066 1725
2669 1726
3358 1727
2276 1728
5318 1729
5285 1731
6685 1733
811 1735
731 1736
1737 1737
1739 1739
3620 1743
6588 1745
5654 1746
801 1748
1749 1749
748 1754
1755 1755
811 1756
1758 1758
4859 1759
603 1761
212 1762
5975 1763
2050 1768
1846 1772
2472 1773
1774 1774
3721 1776
5012 1777
376 1778
6566 1780
1782 1782
5008 1783
1784 1784
5925 1785
1787 1787
830 1788
1791 1791
5767 1792
1795 1795
1798 1798
1799 1799
3652 1800
3262 1802
1895 1803
1806 1806
3542 1808
1809 1809
1814 1814
3311 1816
1817 1817
890 1818
1821 1821
1823 1823
1824 1824
3323 1825
5896 1826
936 1827
5234 1828
5714 1829
1831 1831
1832 1832
1833 1833
2951 1835
1838 1838
1839 1839
4713 1843
6462 1845
3489 1852
1854 1854
1855 1855
1856 1856
1857 1857
1216 1859
6319 1860
5751 1862
4305 1863
6839 1864
2353 1865
2134 1866
1867 1867
430 1871
4209 1873
5464 1874
4799 1875
1876 1876
65 1878
1880 1880
5950 1881
2380 1882
1883 1883
4736 1885
1886 1886
1379 1888
3800 1891
6698 1892
51 1896
2809 1898
3816 1900
4923 1901
2696 1902
1049 1903
1904 1904
1906 1906
1907 1907
3555 1910
1913 1913
1914 1914
2947 1915
1916 1916
1918 1918
1503 1919
6529 1920
656 1921
2282 1924
3543 1925
4238 1926
3210 1930
1937 1937
4338 1939
1940 1940
4426 1942
690 1943
5106 1946
1949 1949
1951 1951
4829 1952
816 1953
1551 1957
3795 1959
5620 1960
1961 1961
997 1962
4672 1966
1293 1968
1607 1973
1977 1977
4788 1978
3083 1980
5234 1982
1986 1986
2018 1987
4022 1988
1992 1992
3679 1998
3672 1999
5478 2002
6459 2003
5430 2005
5703 2006
5952 2007
1216 2009
2011 2011
392 2013
2014 2014
2474 2015
2017 2017
2019 2019
2020 2020
2022 2022
6849 2023
6588 2027
1626 2028
6006 2030
2031 2031
5354 2034
1503 2035
2036 2036
2718 2037
1963 2040
1294 2042
6731 2046
1210 2047
2052 2052
2503 2054
6459 2057
875 2059
2061 2061
4087 2062
5821 2063
5927 2065
3891 2068
464 2071
5265 2072
2080 2080
1963 2085
2086 2086
2087 2087
6608 2090
2094 2094
2095 2095
5436 2098
4021 2099
104 2101
4945 2102
2104 2104
6114 2107
6802 2108
3694 2109
694 2110
2112 2112
2116 2116
4467 2118
276 2119
2124 2124
6397 2126
2127 2127
2129 2129
2669 2133
3553 2134
1083 2135
2136 2136
4829 2138
6371 2139
2140 2140
5099 2144
2145 2145
2146 2146
4923 2148
2150 2150
2778 2156
2632 2160
2383 2161
923 2164
2770 2165
5438 2166
2167 2167
3999 2169
3592 2172
6820 2173
5855 2177
2180 2180
6650 2181
2182 2182
2504 2187
3110 2190
2191 2191
6510 2194
2197 2197
5853 2202
2204 2204
2205 2205
4377 2206
5438 2209
4941 2210
536 2211
4913 2212
1592 2213
1438 2214
3434 2217
1394 2219
2031 2220
2221 2221
815 2222
2225 2225
2916 2228
2232 2232
2233 2233
3746 2234
811 2235
5133 2236
6794 2237
2239 2239
1197 2240
5179 2241
994 2242
3546 2243
2246 2246
2443 2247
3026 2250
3121 2252
798 2253
3861 2254
2256 2256
5320 2257
275 2259
3605 2260
2261 2261
5869 2267
6839 2272
2274 2274
6122 2277
1323 2278
2280 2280
2282 2282
4913 2283
5756 2284
5783 2285
4315 2291
3252 2292
2294 2294
6231 2295
2299 2299
4191 2301
6294 2305
3001 2306
5062 2307
2308 2308
2311 2311
2312 2312
4195 2313
1779 2314
678 2315
2317 2317
2318 2318
5767 2319
2321 2321
1339 2325
268 2327
1496 2330
5264 2334
5405 2335
1018 2339
6056 2340
2409 2341
2342 2342
1210 2343
2346 2346
2822 2351
6462 2353
4719 2354
2858 2356
2624 2360
3262 2363
3374 2364
2718 2365
4641 2366
2367 2367
6221 2368
2657 2369
5401 2371
6802 2374
5305 2376
5981 2377
2662 2378
6782 2379
2383 2383
1957 2384
6195 2387
2388 2388
2389 2389
2391 2391
1394 2394
926 2397
5011 2399
1559 2400
6119 2402
5531 2405
2556 2408
4829 2409
5210 2412
2238 2413
5398 2417
2423 2423
468 2424
2425 2425
827 2426
2427 2427
2432 2432
2434 2434
6743 2436
108 2437
3162 2439
2440 2440
2441 2441
1986 2445
347 2446
2448 2448
6179 2449
3344 2450
2457 2457
5030 2458
1092 2459
2869 2460
6067 2461
1061 2462
3652 2464
6838 2465
2466 2466
2467 2467
2468 2468
5927 2469
6856 2470
2471 2471
2606 2472
1513 2474
1777 2479
3479 2482
2485 2485
2486 2489
659 2494
3063 2497
2498 2498
4159 2499
160 2503
2505 2505
1049 2507
4465 2508
1360 2509
4623 2510
4656 2518
6059 2519
6052 2521
2523 2523
4656 2524
1194 2525
2840 2526
6604 2528
276 2529
2160 2530
3377 2531
832 2540
3796 2541
6510 2547
6782 2549
957 2550
2558 2558
2560 2560
2428 2569
2572 2572
2576 2576
2362 2577
5127 2580
3240 2582
2588 2588
713 2591
2712 2592
2593 2593
1687 2594
2596 2596
1156 2597
2598 2598
2600 2600
680 2601
4875 2602
5703 2604
295 2605
2162 2606
2653 2609
705 2610
5035 2611
6440 2613
2614 2614
4089 2616
681 2622
2623 2623
2091 2628
6693 2629
4604 2631
3615 2634
315 2636
5540 2639
4464 2645
3795 2647
2648 2648
3587 2649
2652 2652
4238 2653
2654 2654
811 2657
1603 2661
2662 2662
1727 2663
2747 2667
3146 2670
4575 2671
4951 2673
5706 2675
5977 2676
6422 2677
6470 2678
6856 2679
1640 2680
2031 2683
1652 2684
2685 2685
5206 2686
3372 2691
5852 2692
1328 2695
6479 2698
2699 2699
5184 2702
511 2711
3133 2712
1652 2715
4714 2718
2466 2721
2092 2722
2631 2724
2712 2726
3747 2727
2728 2728
5365 2731
2917 2732
2733 2733
2624 2734
2251 2735
2416 2736
2702 2738
5189 2739
122 2740
665 2744
2163 2746
536 2748
4412 2749
2751 2751
1684 2753
1375 2758
3135 2759
5398 2761
1586 2762
3652 2763
273 2765
2980 2766
5647 2767
3836 2769
5703 2773
2779 2779
6276 2780
5522 2783
3319 2785
540 2786
697 2791
2793 2793
2917 2794
2795 2795
6467 2797
2799 2799
1832 2801
6541 2806
2807 2807
3243 2808
1031 2814
2815 2815
4987 2817
2819 2819
2821 2821
2822 2822
5883 2823
5826 2824
2826 2826
6577 2827
2829 2829
5334 2830
442 2833
1303 2837
4163 2839
2840 2840
3652 2842
1746 2844
2845 2845
2846 2846
4460 2847
2848 2848
3076 2853
1051 2854
2856 2856
3488 2859
2863 2863
2866 2866
2501 2867
5612 2868
2112 2873
6745 2876
2877 2877
2880 2880
2884 2884
1198 2886
2887 2887
6096 2889
4879 2890
2892 2892
2895 2895
2898 2898
3197 2899
5921 2901
85 2904
2905 2905
2718 2907
2238 2909
2718 2911
2912 2912
1008 2913
2145 2914
1430 2915
6525 2917
5647 2918
6808 2919
3799 2920
2926 2926
5699 2928
1394 2931
3109 2932
6501 2934
4191 2937
3398 2938
2941 2941
2942 2942
1689 2949
2454 2951
2955 2955
2963 2963
5714 2964
2967 2967
3095 2968
2969 2969
4157 2971
5597 2975
893 2978
5472 2980
2981 2981
2049 2982
2722 2984
2985 2985
3509 2986
2845 2988
3643 2989
2992 2992
3327 2996
4544 2997
2998 2998
393 2999
3288 3000
3840 3001
4225 3002
3003 3003
3004 3004
3006 3006
3903 3009
3012 3012
5737 3013
490 3014
6198 3019
3020 3020
2718 3022
2031 3024
3026 3026
3029 3029
1197 3031
6431 3032
3036 3036
2813 3039
2123 3040
3910 3042
3043 3043
2588 3044
5714 3048
395 3049
5251 3050
3053 3053
6814 3055
3056 3056
3771 3059
3062 3062
3064 3064
4365 3065
586 3070
6510 3072
362 3075
3076 3076
3077 3077
620 3079
3132 3081
3959 3085
5438 3086
3090 3090
5264 3092
1553 3096
4172 3098
3099 3099
2624 3101
6785 3104
5775 3105
3109 3109
3112 3112
388 3117
813 3119
3120 3120
3121 3121
3125 3125
885 3126
1575 3127
1487 3128
3129 3129
6406 3131
3132 3132
3133 3133
3135 3135
3136 3136
2927 3139
6040 3142
3076 3144
5014 3146
6868 3147
1050 3149
5529 3151
3152 3152
1092 3153
3155 3155
5127 3160
3161 3161
5171 3162
3163 3163
4132 3167
3168 3168
6769 3170
3171 3171
3172 3172
626 3173
5008 3176
3177 3177
708 3178
4604 3182
210 3183
1113 3185
528 3187
1831 3190
1760 3193
3195 3195
3196 3196
2399 3198
1338 3200
3201 3201
3206 3206
4279 3207
2251 3209
2852 3210
6317 3211
3213 3213
3216 3216
3219 3219
3285 3222
3223 3223
1421 3225
2416 3227
4575 3228
3229 3229
4972 3230
4471 3233
3234 3234
1414 3235
4656 3236
3237 3237
3399 3238
3240 3240
3241 3241
1414 3242
5499 3243
3246 3246
3687 3251
3479 3253
3254 3254
5171 3258
3261 3261
1165 3262
5747 3267
5535 3270
3275 3275
2054 3277
2085 3279
3280 3280
3281 3281
3284 3284
5660 3285
733 3286
6743 3288
3289 3289
2135 3290
5127 3291
3292 3292
1725 3294
3479 3295
3296 3296
1497 3299
1222 3300
3652 3305
4761 3309
3313 3313
3316 3316
4163 3317
6103 3319
3320 3320
3452 3323
4935 3331
1388 3332
3333 3333
5089 3338
3340 3340
5052 3343
1184 3348
6581 3352
211 3355
3358 3358
2163 3359
3361 3361
3551 3363
681 3364
3463 3369
3373 3373
842 3374
4995 3376
2612 3379
1201 3382
3383 3383
1001 3384
3386 3386
3388 3388
64 3390
3391 3391
2602 3393
1865 3394
4820 3396
5058 3397
3270 3400
2891 3406
3411 3411
3542 3412
3413 3413
2327 3419
1288 3420
3710 3421
3423 3423
2663 3429
6645 3430
678 3431
3436 3436
1645 3438
3359 3439
3440 3440
3442 3442
2718 3443
1496 3444
3445 3445
3968 3446
3447 3447
3452 3452
4719 3453
4341 3457
2531 3459
3460 3460
766 3461
1845 3463
1804 3464
6608 3467
3614 3469
3472 3472
3362 3473
5156 3475
6820 3477
2260 3478
1022 3479
1002 3481
992 3484
6086 3485
4191 3486
3487 3487
5487 3490
2085 3492
3493 3493
1216 3494
3495 3495
3497 3497
3397 3499
3500 3500
2260 3502
5714 3504
5168 3505
3507 3507
4999 3508
2362 3511
6595 3516
3518 3518
5365 3521
1774 3524
3648 3525
1398 3527
3505 3529
3754 3531
487 3537
5953 3540
552 3544
3546 3546
3547 3547
3548 3548
1351 3551
3553 3553
3554 3554
2144 3561
6541 3563
3565 3565
3566 3566
3567 3567
3568 3568
3339 3569
2513 3570
3571 3571
4228 3573
4951 3574
520 3578
6567 3579
5206 3582
3586 3586
1424 3588
786 3590
306 3591
4237 3592
1364 3593
2004 3595
3596 3596
6230 3597
1206 3598
3601 3601
3299 3605
3609 3609
2505 3611
4989 3613
2634 3615
2982 3616
2917 3618
678 3620
6599 3624
3711 3625
3239 3627
3629 3629
4672 3631
3956 3633
3634 3634
3635 3635
2989 3637
3638 3638
3479 3640
3643 3643
4652 3644
3649 3649
556 3653
5536 3654
6860 3655
3262 3665
993 3666
3667 3667
5895 3669
3672 3672
3673 3673
630 3681
6422 3684
1375 3685
3690 3690
3691 3691
3692 3692
3694 3694
6872 3695
3511 3698
3702 3702
3703 3703
3704 3704
3706 3706
3150 3707
1969 3708
6145 3709
387 3717
993 3719
1363 3724
3728 3728
1017 3733
4054 3735
4829 3736
3738 3738
1845 3742
2447 3744
3747 3747
3750 3750
4672 3753
2055 3756
6605 3758
5207 3763
3765 3765
3766 3766
3767 3767
2606 3768
5316 3769
6396 3770
4333 3771
1610 3772
4045 3773
6061 3774
3614 3775
3776 3776
3777 3777
6245 3778
573 3779
5318 3780
3781 3781
6865 3782
2770 3786
6055 3790
818 3791
107 3794
2689 3798
958 3799
1085 3801
1865 3804
2216 3805
5090 3806
753 3807
3496 3809
1688 3810
3674 3811
3125 3812
3813 3813
2399 3815
2810 3816
6221 3817
3614 3820
3774 3822
3683 3823
2600 3824
5646 3825
3826 3826
3828 3828
921 3832
2718 3838
3839 3839
5703 3842
5785 3845
3851 3851
4276 3852
1082 3854
917 3859
1779 3860
1243 3861
1008 3862
4089 3867
3869 3869
2377 3874
3877 3877
5305 3879
4509 3881
3479 3882
2897 3883
3884 3884
1364 3886
3055 3888
3889 3889
3892 3892
3954 3894
5554 3896
1681 3899
4077 3901
3906 3906
4341 3907
3908 3908
3909 3909
5677 3910
3911 3911
5883 3915
811 3918
2453 3920
3922 3922
3923 3923
3926 3926
3927 3927
3178 3929
1471 3930
5069 3932
239 3933
2428 3934
3558 3936
3418 3937
6867 3940
3941 3941
242 3943
2036 3944
928 3946
4838 3947
4054 3948
4061 3949
3952 3952
3955 3955
5427 3956
3263 3957
44 3958
6578 3960
2380 3961
1755 3962
4069 3964
3965 3965
5657 3966
2030 3967
4412 3971
347 3973
1894 3974
5664 3976
1603 3977
3979 3979
3980 3980
6648 3981
954 3983
5834 3984
5436 3985
3648 3988
3989 3989
4935 3995
3652 3996
4526 3999
4001 4001
2089 4002
4005 4005
3088 4006
5223 4007
4089 4008
4010 4010
4013 4013
997 4014
4015 4015
4016 4016
6628 4017
4037 4019
6477 4020
4021 4021
6808 4023
2169 4024
890 4027
3224 4031
4032 4032
3756 4034
3908 4035
3602 4038
6636 4041
4315 4042
4235 4043
4044 4044
3717 4045
2099 4046
4048 4048
2 4050
5472 4052
3909 4054
5640 4055
1324 4057
4058 4058
982 4059
4917 4061
6434 4065
6067 4066
5028 4067
4191 4068
3255 4071
3609 4077
4084 4084
212 4085
928 4086
3662 4087
2561 4090
4091 4091
6820 4094
4100 4100
4101 4101
3655 4107
5393 4111
2617 4112
6764 4113
4115 4115
4116 4116
1071 4118
1216 4121
4123 4123
4124 4124
2895 4125
4126 4126
4127 4127
2735 4128
243 4129
4131 4131
4135 4135
4138 4137
743 4140
6820 4141
4142 4142
4143 4143
1779 4144
1994 4147
4149 4149
4792 4152
4155 4155
5677 4156
4157 4157
2979 4162
201 4165
4166 4166
4167 4167
4168 4168
6725 4172
64 4173
4174 4174
749 4182
1375 4183
3397 4187
2528 4191
4192 4192
5201 4195
4197 4197
4198 4198
3596 4201
4210 4210
6820 4211
3229 4215
4217 4217
1952 4220
5178 4221
2789 4222
3261 4223
4224 4224
4225 4225
5651 4226
4230 4230
3876 4233
34 4234
4209 4236
1586 4237
4238 4238
811 4243
4244 4244
4246 4246
6710 4248
2583 4251
4787 4253
5513 4256
4257 4257
5632 4258
4262 4262
1128 4263
811 4265
4267 4267
279 4268
6245 4269
1527 4272
4938 4273
3583 4274
4220 4275
2493 4276
1619 4277
2362 4284
3568 4285
487 4287
1051 4289
4290 4290
4291 4291
4293 4293
6732 4295
2388 4298
4299 4299
4308 4300
827 4301
6636 4304
4305 4305
4306 4306
4548 4308
4713 4311
4671 4316
2085 4319
4321 4321
5127 4325
1963 4327
2810 4328
4329 4329
3634 4333
4335 4335
4336 4336
5179 4338
4165 4340
804 4343
1865 4345
4484 4348
2487 4351
4354 4354
1085 4355
2346 4357
2506 4358
4360 4360
4361 4361
2135 4363
6845 4365
405 4366
785 4368
5019 4371
4372 4372
2980 4373
3579 4375
5138 4377
5821 4378
4379 4379
2840 4380
2657 4381
911 4382
4386 4386
4389 4389
4391 4391
4392 4392
4396 4396
1551 4400
447 4403
1774 4404
2362 4405
4407 4407
2453 4408
4412 4412
290 4415
212 4420
1271 4422
5677 4423
197 4425
3572 4426
4428 4428
5265 4429
4431 4431
1123 4434
4436 4436
4437 4437
4443 4443
2912 4444
4445 4445
4446 4446
6022 4447
273 4448
4449 4449
4452 4452
2942 4454
1387 4458
4459 4459
458 4460
4461 4461
3308 4462
4463 4463
4465 4465
2854 4467
748 4468
4470 4470
3551 4471
5983 4472
567 4473
4906 4476
3076 4478
2044 4480
4481 4481
846 4486
6190 4488
1184 4489
5065 4492
4493 4493
5717 4494
6860 4495
3592 4497
4500 4500
5127 4501
124 4502
2819 4503
3272 4505
5067 4506
4656 4507
3236 4511
6641 4516
982 4518
3400 4519
235 4520
487 4521
5595 4522
2770 4523
6531 4525
5793 4526
3050 4528
994 4529
4530 4530
5650 4531
4533 4533
5703 4540
4678 4541
4543 4543
3596 4546
3683 4548
4553 4553
2663 4559
1281 4563
6660 4565
5091 4566
4571 4571
5981 4573
1956 4577
2491 4579
4583 4583
3421 4587
1626 4591
1523 4592
4593 4593
692 4594
4597 4597
6195 4598
6608 4600
1770 4601
5117 4605
4617 4606
4607 4607
2195 4608
494 4609
2000 4610
6820 4611
1184 4618
5442 4620
4623 4623
1895 4626
4628 4628
5030 4630
3926 4631
3157 4633
3929 4634
479 4636
2246 4637
4639 4639
4641 4641
2561 4643
4649 4649
2960 4650
4909 4653
5699 4655
4787 4657
1777 4661
2091 4663
4664 4664
4089 4666
5852 4671
4672 4672
553 4673
4228 4674
6475 4675
4677 4677
2085 4678
6122 4681
4682 4682
4683 4683
6781 4684
4685 4685
4687 4687
2596 4688
816 4693
4698 4698
530 4701
4705 4705
812 4706
4093 4707
2784 4708
1580 4709
3629 4711
4712 4712
390 4714
679 4716
3028 4719
4509 4721
4722 4722
4724 4724
4725 4725
4298 4727
4728 4728
4729 4729
4730 4730
1264 4731
6849 4733
1526 4734
4972 4735
4736 4736
4738 4738
4189 4743
4746 4746
4747 4747
1600 4748
4749 4749
739 4751
4752 4752
786 4755
380 4756
4757 4757
4760 4760
4762 4762
5292 4763
4764 4764
2380 4766
4770 4770
4075 4771
4220 4774
4776 4776
4325 4778
5220 4786
2099 4787
6151 4788
1492 4791
4794 4794
6122 4795
4797 4797
4702 4798
4799 4799
2770 4802
2380 4803
2103 4804
5120 4807
2036 4808
2669 4809
5014 4812
3009 4813
4814 4814
4816 4816
2274 4817
6056 4820
70 4824
157 4828
4830 4830
4831 4831
1924 4833
526 4835
4540 4838
4842 4842
2993 4845
4575 4846
4849 4849
6765 4850
3033 4852
2440 4853
401 4856
936 4859
821 4860
3181 4861
4209 4862
6341 4865
1845 4867
4868 4868
4871 4871
3717 4873
4874 4874
64 4876
1626 4877
4878 4878
2399 4882
4883 4883
4301 4887
5319 4889
1510 4890
776 4892
5685 4893
13 4896
330 4899
1771 4906
4910 4910
658 4911
4912 4912
6357 4914
4644 4915
4918 4918
3809 4921
4209 4925
5348 4927
2501 4928
4930 4930
678 4933
4934 4934
4935 4935
2594 4936
6606 4940
4941 4941
6199 4945
3095 4947
4950 4950
4956 4956
6246 4958
2085 4959
917 4960
4962 4962
3530 4963
838 4964
4966 4966
5180 4970
2983 4979
1174 4980
6169 4981
3874 4982
1066 4984
4985 4985
3998 4986
3980 4987
2722 4989
4124 4991
4992 4992
3670 4994
388 4996
6072 4997
4209 5001
542 5002
6326 5003
5241 5004
6294 5005
992 5007
2224 5010
6041 5012
5016 5016
5019 5019
3319 5020
4838 5021
811 5022
969 5024
6408 5025
2572 5027
3340 5042
6832 5045
5047 5047
2847 5048
6578 5050
5051 5051
4838 5052
5053 5053
5054 5054
1217 5055
5056 5056
5058 5058
3864 5059
1680 5062
2188 5063
5069 5069
5075 5075
4023 5076
3430 5077
6139 5078
5079 5079
5051 5080
5081 5081
6195 5083
276 5084
5086 5086
4972 5088
5430 5089
5090 5090
6169 5094
5095 5095
4108 5097
5100 5100
5294 5106
4866 5107
1210 5114
6509 5118
5120 5120
2506 5122
5130 5130
5131 5131
6139 5132
5136 5136
2429 5137
5138 5138
601 5141
1843 5142
448 5143
4465 5145
679 5150
5153 5153
6597 5157
4878 5158
2380 5159
311 5162
3201 5163
5512 5166
2409 5167
6081 5168
6732 5173
4905 5174
1743 5176
5179 5179
4287 5181
376 5185
6538 5188
5346 5190
391 5191
5193 5193
6434 5196
3237 5197
5198 5198
5203 5203
6438 5205
4034 5207
5208 5208
5211 5211
5436 5212
4135 5215
6154 5218
5219 5219
1770 5223
1848 5224
5225 5225
1476 5226
2453 5228
5058 5229
6820 5231
993 5232
5234 5234
192 5236
4474 5238
5239 5239
4050 5241
6128 5243
1398 5246
3616 5249
5250 5250
5251 5251
6574 5252
5255 5255
5256 5256
1845 5258
4082 5261
1542 5262
5271 5271
1384 5274
232 5275
362 5277
656 5278
6356 5281
5282 5282
3579 5287
3968 5288
5290 5290
2596 5291
2862 5292
1986 5293
92 5294
5295 5295
1150 5296
5297 5297
3076 5300
969 5301
2613 5302
5303 5303
924 5304
5306 5306
3674 5307
530 5316
3482 5317
5321 5321
5323 5323
5324 5324
226 5325
1603 5326
5329 5329
5332 5332
5333 5333
4325 5334
2813 5335
4656 5338
5339 5339
3043 5341
5837 5343
6064 5348
5349 5349
41 5352
5353 5353
6808 5355
6727 5358
5360 5360
370 5361
3509 5362
1562 5364
5365 5365
678 5367
5370 5370
811 5371
1328 5373
2846 5377
5378 5378
3262 5383
3311 5386
4145 5390
4641 5397
226 5400
4081 5401
1184 5405
5406 5406
5595 5407
5409 5409
6566 5410
1259 5412
2252 5416
28 5417
6294 5423
6122 5424
2836 5427
2770 5428
3953 5430
2472 5434
5438 5438
2286 5440
3769 5441
3182 5446
2130 5447
5127 5449
5450 5450
4921 5453
1779 5455
5458 5458
4089 5460
5464 5464
5468 5468
3374 5471
4961 5472
4639 5474
4751 5476
6230 5480
6727 5482
2594 5483
5484 5484
5487 5487
6317 5488
2054 5489
6549 5490
6462 5492
3262 5493
3739 5494
1039 5495
5496 5496
5895 5498
2829 5499
1721 5500
5504 5501
4089 5502
5272 5503
5504 5504
5506 5506
5507 5507
2866 5509
4838 5510
5146 5512
1880 5514
343 5518
1216 5520
4817 5521
5522 5522
271 5523
4913 5524
5526 5526
5528 5528
5532 5532
4989 5535
387 5536
5538 5538
5539 5539
5677 5541
1005 5543
1960 5544
5546 5546
5549 5549
3014 5550
5551 5551
5554 5554
1298 5558
4120 5561
6648 5563
5567 5567
5059 5571
5573 5573
5575 5575
3999 5578
3076 5579
5581 5581
6820 5583
5595 5584
1957 5586
2428 5587
5100 5590
5690 5592
3583 5595
3076 5596
523 5597
64 5599
5601 5601
5602 5602
1523 5603
1448 5606
5285 5607
3396 5611
1097 5614
4011 5622
5988 5625
5627 5627
5630 5630
377 5632
5634 5634
5635 5635
5290 5637
5638 5638
5641 5641
5074 5643
5059 5645
3825 5646
3968 5647
5651 5651
5654 5654
1713 5655
6079 5656
1774 5658
5659 5659
2491 5662
5663 5663
5664 5664
993 5667
811 5669
2753 5675
6465 5676
3967 5677
5678 5678
1845 5679
2085 5682
5684 5684
5222 5685
5686 5686
5687 5687
5917 5689
5691 5691
1394 5692
5198 5693
5697 5697
5698 5698
5921 5699
1210 5700
5853 5701
6267 5704
4892 5705
5300 5706
3169 5708
917 5712
5595 5713
6175 5717
2199 5720
3528 5723
3037 5724
3847 5726
2659 5731
6140 5739
5740 5740
5741 5741
5062 5743
3705 5745
5746 5746
2429 5747
5127 5748
5753 5753
6765 5756
5012 5758
5762 5762
5285 5764
6820 5765
6782 5766
5767 5767
2862 5768
404 5770
3542 5774
3804 5775
5778 5778
5305 5779
3076 5780
1768 5784
3816 5788
5789 5789
5578 5791
5793 5793
5794 5794
3076 5801
1094 5806
5807 5807
350 5810
322 5812
5813 5813
1044 5814
5714 5815
770 5816
5012 5817
5710 5818
5823 5823
5829 5829
2532 5830
5834 5834
5343 5837
6392 5839
5840 5840
398 5842
5845 5845
6757 5849
5851 5851
2530 5852
1560 5853
657 5857
1210 5859
5862 5862
2531 5863
4817 5865
5869 5869
278 5871
4365 5873
6586 5876
3311 5877
3570 5879
5880 5880
6805 5881
5388 5882
4688 5886
1855 5890
4186 5891
6122 5895
5901 5901
5902 5902
3488 5903
1241 5908
6245 5909
4097 5911
3462 5914
5917 5917
1832 5920
6462 5921
370 5923
6524 5925
5927 5927
671 5928
637 5931
5932 5932
1843 5936
811 5938
5939 5939
2663 5940
3043 5944
1774 5946
5953 5953
1210 5956
5959 5959
5305 5960
2591 5961
2428 5963
5966 5966
3533 5968
5969 5969
1049 5974
5090 5978
5980 5980
5981 5981
5982 5982
743 5983
5985 5985
5986 5986
5862 5987
5988 5988
5991 5991
5431 5992
5994 5994
5996 5996
1717 5997
6000 6000
4092 6002
3084 6004
6005 6005
5653 6010
4209 6014
6394 6019
4031 6022
6023 6023
6024 6024
3499 6027
164 6029
594 6032
5759 6035
1170 6038
4412 6039
3744 6041
3437 6042
2718 6044
6045 6045
4411 6047
4386 6049
3935 6050
6055 6055
6056 6056
6265 6061
6062 6062
5884 6063
2663 6065
231 6067
3229 6068
5839 6069
6462 6070
1133 6072
3662 6073
5631 6075
2868 6076
6077 6077
4089 6078
6079 6079
2687 6081
6072 6082
5677 6084
163 6085
6090 6090
827 6092
2428 6093
6885 6094
6095 6095
398 6098
5647 6099
2085 6100
566 6101
6103 6103
2630 6104
4806 6105
2229 6107
6108 6108
5350 6112
3019 6113
3479 6115
993 6116
220 6117
102 6124
5597 6127
2818 6130
4719 6131
824 6132
1419 6136
3595 6140
1675 6141
6142 6142
6802 6144
6147 6147
920 6150
4894 6151
6643 6153
6159 6159
4257 6160
6161 6161
6162 6162
4961 6164
2753 6166
1675 6167
5929 6168
5584 6169
1864 6172
4190 6173
6175 6175
5714 6176
3164 6177
5677 6178
6179 6179
1669 6185
4063 6189
3942 6190
6191 6191
6193 6193
6195 6195
2504 6199
6398 6200
5009 6201
6764 6204
5387 6205
2657 6207
1554 6209
4879 6210
811 6211
6212 6212
6225 6225
6229 6229
6231 6231
3031 6235
3299 6236
6238 6238
2612 6241
3684 6242
6243 6243
2205 6245
6246 6246
6248 6248
1472 6249
3809 6257
2175 6259
5150 6261
827 6262
6263 6263
6264 6264
6267 6267
2525 6269
5127 6270
2817 6271
6275 6275
6276 6276
6278 6278
4120 6279
6282 6282
656 6283
5361 6285
5409 6286
1547 6288
2069 6291
5005 6294
485 6295
4810 6296
1887 6298
6302 6302
5113 6303
2890 6305
4813 6306
258 6308
3652 6316
6317 6317
6319 6319
3076 6322
2862 6323
6326 6326
6140 6328
5206 6329
6330 6330
6334 6334
812 6336
6338 6338
1886 6341
1128 6347
1030 6348
1843 6349
1983 6351
5611 6353
2869 6355
4993 6356
4315 6357
6360 6360
6363 6363
2266 6364
2092 6365
6820 6367
6373 6373
6465 6376
1216 6377
458 6378
6806 6380
6383 6383
1074 6384
4426 6385
4303 6388
6389 6389
393 6390
1022 6392
223 6395
6396 6396
6398 6398
2085 6399
4963 6402
4181 6404
4213 6405
6406 6406
2735 6407
1645 6409
6412 6412
4838 6415
678 6418
6420 6420
1113 6425
6426 6426
6221 6427
6428 6428
6429 6429
5176 6432
6433 6433
6243 6434
6435 6435
669 6437
4631 6438
6440 6440
5305 6441
6442 6442
6820 6443
3367 6444
2252 6449
3419 6451
4656 6453
1410 6455
458 6458
3084 6461
2946 6462
786 6464
3036 6467
6525 6468
6096 6470
2721 6471
5994 6477
3577 6480
2213 6482
1576 6484
1410 6485
4254 6487
4283 6488
6664 6490
1395 6491
3311 6492
3742 6493
2935 6497
6499 6499
917 6503
6650 6507
6006 6508
6509 6509
6512 6512
4796 6514
3479 6516
5311 6517
2099 6518
1404 6520
3395 6522
6765 6523
945 6525
3776 6526
6527 6527
2899 6528
3292 6529
6530 6530
3028 6531
5915 6533
3045 6534
6535 6535
6111 6544
6546 6546
64 6548
5225 6549
2916 6552
4604 6554
6553 6556
6557 6557
4456 6558
6559 6559
4421 6560
2302 6561
2361 6565
6566 6566
6567 6567
4786 6569
5751 6571
4609 6572
6573 6573
1292 6574
3815 6579
4400 6582
1492 6584
6586 6586
6587 6587
6591 6591
699 6593
5708 6595
3121 6598
6143 6600
5209 6601
2486 6603
1637 6605
5314 6606
2174 6610
2527 6611
1377 6613
2959 6614
5272 6616
830 6617
6623 6623
5886 6638
2507 6639
743 6642
6644 6644
4853 6645
3030 6647
1197 6651
6308 6652
476 6654
3262 6656
1770 6658
1903 6659
2559 6660
5210 6662
2523 6663
2649 6665
6666 6666
638 6668
3981 6670
812 6671
350 6672
3994 6673
566 6675
4297 6677
2196 6680
6683 6683
5584 6685
2866 6687
4580 6689
1429 6699
816 6700
6083 6703
5437 6704
6706 6706
2346 6708
6713 6713
6831 6715
6719 6719
5305 6720
6721 6721
6727 6727
4671 6728
2478 6729
2928 6730
4757 6731
6735 6735
2657 6737
132 6738
6739 6739
5967 6740
2050 6742
5616 6744
3395 6746
5586 6747
3812 6750
6754 6754
2869 6755
6841 6756
1986 6761
6762 6762
1895 6763
5340 6764
4673 6765
2304 6766
2923 6767
944 6768
609 6769
1906 6771
4439 6772
4644 6778
380 6780
6785 6785
6795 6786
6787 6787
6788 6788
6791 6791
6792 6792
6794 6794
5597 6796
6797 6797
6801 6801
6804 6804
6084 6805
1040 6808
6809 6809
4938 6811
6812 6812
343 6814
6817 6817
2840 6818
1771 6819
2356 6825
6827 6827
6490 6828
6832 6832
2916 6833
6834 6834
268 6835
1294 6836
6838 6838
6839 6839
3311 6840
5646 6841
2786 6842
713 6843
6844 6844
2274 6848
6850 6850
4490 6854
6860 6860
2384 6863
4656 6864
6865 6865
1520 6866
6869 6869
6872 6872
5714 6873
2342 6874
238 6876
678 6884
6887 6887
6889 6889
