5724 5724
5453 5453
5630 5630
5861 5861
5512 5512
3704 3704
5951 5951
5641 5641
2129 2129
5452 5452
5828 5828
5491 5491
5838 5838
3623 3623
5607 5607
6276 6276
8 8
5856 5856
5616 5616
6062 6062
5947 5947
5464 5464
3855 3855
5954 5954
6064 6064
6052 6052
6077 6077
6044 6044
5734 5734
6042 6042
3700 3700
3880 3880
6268 6268
6088 6088
5676 5676
6090 6090
2057 2057
6266 6266
5764 5764
5742 5742
5939 5939
1993 1993
2198 2198
2373 2373
5967 5967
5797 5797
3681 3681
258 258
5777 5777
5795 5795
5816 5816
2366 2366
5542 5542
6082 6082
5767 5767
5782 5782
3163 3163
3524 3524
3679 3679
5812 5812
3695 3695
2516 2506
5700 5700
5791 5791
5781 5781
3778 3778
5859 5859
5552 5552
2780 2780
6108 6108
405 405
5757 5757
6267 6267
455 455
5576 5576
2407 2407
6101 6101
5769 5769
6203 6203
4262 4262
3534 3534
357 357
3526 3526
3766 3766
3906 3906
5923 5923
3892 3892
5980 5980
5199 5199
5984 5984
230 230
6155 6155
5711 5711
2414 2453
6164 6164
5553 5553
4833 4833
6248 6248
5344 5344
4976 4976
6029 6029
2423 2423
5692 5692
3905 3905
5697 5697
5887 5887
5906 5906
4241 4241
5317 5317
3438 3438
6194 6194
6360 6360
128 128
3903 3903
408 408
5074 5074
5896 5896
5210 5210
2424 2424
4252 4252
3363 3363
2431 2431
2430 2430
5533 5533
4977 4977
6137 6137
2288 2288
3583 3595
5351 5351
2444 2444
2451 2451
3674 3674
2598 2598
5020 5020
3398 3398
3445 3445
6190 6190
163 163
6206 6206
3444 3444
6423 6423
2614 2614
4191 4191
4982 4982
2210 2210
3405 3405
401 401
3421 3421
5007 5007
3012 3012
5348 5348
4875 4875
2600 2600
4543 4543
5202 5202
3449 3449
4577 4577
3450 3450
3352 3352
4230 4230
4299 4299
5291 5291
2669 2669
2703 2703
3417 3417
370 464
3759 3759
3345 3345
5174 5174
2660 2660
3431 3431
4231 4231
4550 4550
457 457
5109 5109
5067 5067
4989 4989
4123 4123
4196 4196
6339 6339
6345 6345
5150 5150
3462 3462
2905 2905
4474 4474
5172 5172
3389 3389
5047 5047
5426 5426
4744 4744
302 302
5080 5080
2273 2273
4285 4285
4567 4567
4993 4993
2317 2317
4488 4488
4523 4523
3734 3734
3380 3380
4511 4511
4092 4092
6761 6761
5130 5130
384 384
5211 5211
6591 6591
2296 2296
3390 3390
2300 2300
5378 5378
3393 3393
4892 4892
2648 2648
1977 1977
4090 4090
3423 3423
764 764
6281 6281
2308 2308
6865 6865
1838 1838
6872 6872
6830 6830
6805 6805
6852 6852
4158 4158
3035 3035
4994 4994
4998 4998
4193 4193
4458 4458
4294 4294
6844 6844
4503 4503
4493 4493
2356 2356
6851 6851
6871 6871
1590 1590
1971 1971
3207 3207
3201 3201
1712 1712
1854 1854
4934 4934
2351 2351
1356 1356
4985 4985
3918 3918
274 274
4454 4454
3384 3384
4174 4174
4329 4329
4729 4729
4515 4515
4369 4369
4758 4758
4558 4558
4438 4438
4452 4452
5166 5166
1668 1668
6541 6541
4149 4149
6375 6375
4963 4963
4898 4898
6319 6319
1721 1721
3768 3768
1393 1393
3327 3327
1437 1437
4238 4238
2998 2998
4973 4973
6853 6853
4495 4495
6557 6557
6868 6868
1014 1014
4331 4331
6302 6302
6860 6860
788 788
4538 4538
6859 6859
3195 3195
6560 6560
4316 4316
4397 4397
6731 6731
3281 3281
2840 2840
1940 1940
4337 4337
4746 4746
6790 6790
4583 4583
4173 4173
1027 1027
3266 3266
6676 6676
4494 4494
1749 1749
5264 5264
6724 6724
4747 4747
3278 3278
4595 4595
6706 6706
2872 2872
1443 1443
2892 2892
667 667
2855 2855
1600 1600
1425 1425
6631 6631
596 596
2826 2826
4673 4673
6531 6531
6514 6514
2819 2819
4575 4575
3100 3100
4573 4573
688 1193
768 768
3140 3140
4335 4335
4941 4941
4568 4568
4950 4950
3085 3085
4396 4396
4352 4352
4706 4706
6680 6680
4607 4607
6617 6617
956 956
6616 6616
4562 4562
898 898
1458 1458
3113 3113
4366 4366
1645 1645
6565 6565
1497 1497
1275 1275
1449 1449
1665 1665
1062 1062
1781 1781
6473 6473
1342 1342
705 705
1109 1109
1795 1795
1184 1184
3473 3473
1018 1018
4361 4361
783 783
