840 0
6683 3
29 4
8 8
430 14
2132 15
6469 16
656 17
6522 19
1611 23
194 24
2945 25
1233 28
1645 30
2574 32
2055 33
381 35
381 36
1980 38
518 40
2254 41
946 43
46 46
1731 52
2220 55
176 56
1232 61
65 65
536 70
71 71
73 73
899 77
2878 78
2331 80
305 82
608 85
1144 86
480 90
1615 91
6686 93
924 98
1739 99
6565 101
2035 104
946 105
77 106
308 108
1499 109
747 110
416 112
9 114
6795 115
1705 116
2033 119
1683 122
1937 123
1731 125
128 128
2313 129
6644 130
430 134
1218 136
658 138
2564 143
6769 144
2831 146
2719 147
6559 148
2220 152
2639 155
163 163
6685 168
1455 169
2760 170
1220 175
693 177
218 179
2169 182
2825 185
6758 189
2627 190
530 192
68 194
1391 195
192 196
3058 200
267 209
1430 210
1935 212
700 213
1924 214
1365 216
158 217
514 218
599 221
2313 222
2197 223
480 224
1264 225
821 226
3022 227
1063 228
1690 229
230 230
1680 232
1425 233
6758 234
1425 237
1780 242
67 247
924 252
1898 255
6670 256
258 258
1153 260
2118 261
2580 262
1492 270
6605 273
274 274
2836 275
534 281
701 282
1574 283
2311 286
1470 287
2830 288
2818 293
1699 295
118 299
1375 301
302 302
2243 303
2960 305
1813 308
1259 309
2567 312
2565 313
2611 314
1318 317
448 318
518 320
2390 321
99 326
117 330
2354 334
10 338
1469 339
2685 343
1116 348
2831 349
2772 350
279 355
357 357
2582 360
6646 363
2904 368
2158 373
6584 375
1919 376
2719 380
384 384
6514 385
210 387
2904 390
514 392
303 393
2362 394
205 395
1629 398
401 401
599 403
1262 404
405 405
1031 406
408 408
1068 410
1983 412
623 414
431 416
6720 417
2311 420
333 421
1370 422
1116 430
2809 432
2461 441
9 444
349 445
1729 446
1038 447
2542 449
455 455
674 456
457 457
2051 458
2938 462
370 464
749 465
2726 467
470 470
2852 471
480 480
2147 481
1804 483
674 484
2977 488
2969 489
1629 491
2536 493
494 494
5554 498
349 499
2461 500
503 503
1099 506
779 510
512 512
1372 513
2711 514
1883 518
6622 519
1589 520
2292 521
524 524
1645 526
732 529
781 530
534 534
924 539
3067 540
2133 541
2163 546
2134 547
550 550
1397 553
651 555
2962 557
2905 558
535 559
527 560
561 561
2000 563
3453 566
2838 567
1854 570
2249 571
2249 572
6736 577
2461 578
1158 581
2059 582
657 583
6559 585
1589 586
2865 587
2026 588
2206 594
596 596
1350 599
6665 600
1712 602
518 606
607 607
512 610
769 611
6654 612
2241 615
3787 621
2760 623
1130 625
383 626
534 629
608 632
946 633
2296 636
1562 637
933 639
2674 640
2357 644
645 645
3064 649
455 653
654 654
1195 657
6724 658
2612 659
2580 660
3045 661
2878 663
2051 666
667 667
1633 671
1661 672
2596 676
1934 679
2399 680
402 682
625 683
2851 684
28 692
1562 695
1531 696
886 699
46 704
705 705
357 707
3046 710
5560 711
342 713
0 714
6622 718
3090 720
1652 721
443 722
193 723
253 724
6731 726
5127 728
3000 729
6606 732
406 734
1410 736
6544 737
1267 740
6794 741
209 742
5127 748
1131 749
1366 751
1165 753
1628 754
6231 755
1635 760
763 763
764 764
381 766
768 768
6554 770
1216 772
6731 776
808 777
2904 778
962 779
783 783
1698 785
788 788
1427 790
2059 792
3069 801
1158 804
1648 807
666 810
77 814
1499 815
1827 818
2956 820
1215 821
216 828
1478 829
1571 835
2810 836
6240 839
560 843
2208 844
259 848
339 852
46 855
6788 858
840 863
1030 865
2824 869
6653 872
1322 877
2568 880
882 882
28 887
2051 893
1678 895
1135 897
898 898
1799 901
1729 906
713 911
853 912
3911 913
2275 914
2924 915
821 921
891 923
359 942
2929 944
521 945
2969 946
1158 947
1092 954
2891 955
956 956
2904 958
2249 959
1682 961
2299 964
6750 965
2711 966
540 968
6448 972
949 983
1900 986
2969 989
2969 991
608 995
65 996
1695 997
6546 999
667 1000
2792 1001
538 1003
608 1005
1576 1007
637 1013
1014 1014
1018 1018
2603 1023
359 1024
1027 1027
586 1028
2269 1032
1728 1039
3243 1040
2509 1041
267 1042
608 1045
1225 1048
248 1050
9 1053
795 1057
1077 1059
1555 1061
1062 1062
1063 1063
36 1064
6634 1067
2646 1071
597 1073
2645 1074
2223 1076
692 1077
6571 1080
648 1083
779 1084
6544 1086
864 1092
6668 1094
6740 1095
6610 1098
1437 1099
2599 1100
1404 1101
6765 1103
67 1107
1109 1109
711 1110
6567 1112
6675 1114
2394 1119
1173 1123
5069 1125
437 1127
2897 1129
1130 1130
6824 1133
3086 1134
1737 1137
1425 1138
4485 1139
2311 1141
1548 1145
46 1147
6549 1148
763 1150
6544 1152
696 1158
1997 1159
817 1160
1705 1165
6544 1166
2705 1167
118 1169
3098 1170
6748 1172
1826 1173
633 1174
1052 1175
2311 1177
6356 1178
2851 1181
6626 1182
1322 1183
1184 1184
6544 1186
1153 1187
1188 1188
1190 1190
518 1191
688 1193
2039 1195
1144 1196
1992 1197
2679 1203
1373 1204
6465 1207
1366 1210
1444 1211
1879 1212
9 1213
2967 1214
138 1220
924 1221
462 1222
1542 1226
1556 1227
1229 1229
2249 1232
1168 1233
1794 1234
165 1235
1329 1236
1954 1239
2178 1240
2803 1245
1144 1249
872 1250
6449 1254
791 1255
67 1261
534 1263
6708 1264
1628 1265
2537 1266
2564 1268
1270 1270
1275 1275
6477 1278
2054 1280
1281 1281
861 1283
2206 1284
2947 1285
830 1289
1841 1290
298 1291
6544 1297
65 1299
2015 1302
2808 1306
1218 1310
5636 1312
1376 1313
2685 1320
6763 1325
2256 1329
2627 1330
6745 1331
2249 1336
6571 1337
889 1338
948 1339
357 1341
1342 1342
259 1343
1345 1345
1816 1346
1716 1347
2081 1349
2240 1350
1356 1356
1919 1358
991 1364
1372 1365
1556 1369
2589 1370
431 1374
6737 1377
2829 1380
2609 1381
2889 1382
1087 1383
2125 1385
6599 1387
837 1389
1393 1393
2108 1394
6646 1395
311 1396
77 1398
2772 1401
1454 1402
2947 1405
997 1406
1409 1409
1781 1415
1669 1417
6724 1418
1600 1419
3079 1422
1425 1425
1994 1433
1184 1435
1437 1437
608 1438
1443 1443
864 1445
2044 1447
1372 1448
1449 1449
1143 1451
1587 1452
1810 1453
340 1454
83 1455
2656 1456
1458 1458
6705 1461
265 1463
1095 1464
6802 1467
1811 1468
2005 1469
1694 1472
1763 1476
814 1478
2245 1479
6559 1482
222 1483
2599 1488
43 1492
298 1493
1217 1494
1497 1497
677 1499
751 1501
2594 1503
1506 1504
639 1505
4402 1511
1366 1512
6447 1517
296 1518
6439 1519
265 1520
1056 1521
2803 1523
182 1524
6470 1531
3022 1534
2538 1535
2291 1539
2132 1540
9 1544
2362 1548
6763 1552
2124 1556
1878 1557
1825 1560
3017 1562
133 1563
1988 1564
6544 1565
797 1566
2914 1567
1628 1568
1141 1571
19 1574
2788 1577
2810 1579
6497 1582
279 1585
1590 1590
311 1592
1593 1593
1562 1594
253 1599
1600 1600
2059 1605
2693 1607
1605 1610
2629 1611
1375 1613
848 1616
2015 1617
1935 1621
1600 1622
6596 1627
6479 1631
1043 1632
1547 1636
2693 1637
1638 1638
2158 1641
1030 1642
1645 1645
2490 1648
1638 1649
2596 1652
1052 1653
0 1659
2594 1660
1665 1665
161 1666
1668 1668
1874 1670
2753 1673
1059 1675
2904 1677
602 1681
1144 1682
1646 1684
2249 1686
2594 1687
1579 1689
2953 1690
1689 1692
1852 1695
1729 1696
1700 1700
6639 1702
2743 1706
518 1707
6708 1708
1712 1712
2831 1715
735 1716
984 1718
1721 1721
6763 1723
6571 1725
1729 1729
2123 1730
1903 1731
2567 1734
934 1737
2559 1738
2049 1739
112 1741
843 1746
1749 1749
6549 1752
914 1764
6647 1768
2039 1773
1774 1774
154 1777
6566 1780
1781 1781
1033 1784
2839 1787
2529 1793
6550 1794
1795 1795
6637 1801
6478 1803
1107 1804
233 1805
1101 1809
2220 1811
568 1814
2864 1815
2590 1816
1740 1820
989 1821
543 1822
1529 1823
1927 1825
2573 1826
2031 1827
2087 1830
6370 1831
404 1832
2059 1834
1547 1836
2197 1837
1838 1838
5186 1839
1261 1853
1854 1854
2534 1855
821 1857
750 1860
2897 1864
1640 1865
1372 1869
6491 1871
2152 1874
1876 1876
65 1878
6798 1882
6605 1883
1028 1884
524 1885
2598 1886
586 1887
1641 1889
2945 1891
618 1893
3069 1896
1366 1902
2210 1904
1218 1910
666 1911
537 1913
1757 1915
2878 1918
580 1920
2747 1922
673 1926
1083 1930
1547 1931
2719 1932
1895 1934
1729 1936
6605 1937
3069 1938
1940 1940
2590 1942
2127 1943
370 1945
1986 1951
2354 1953
1955 1961
2854 1966
1366 1967
17 1968
1971 1971
2509 1972
1539 1976
1977 1977
591 1981
1086 1982
1525 1986
1987 1987
2969 1990
2839 1992
1993 1993
6470 1996
6549 1997
1035 1998
85 1999
2542 2004
1334 2005
6529 2010
693 2011
1278 2012
392 2013
6435 2015
98 2017
2018 2018
899 2019
2674 2024
6517 2025
521 2026
996 2027
1631 2029
3836 2031
2001 2032
2033 2033
482 2034
771 2035
1203 2038
245 2041
467 2043
6731 2046
744 2047
258 2048
3047 2050
1275 2052
393 2054
2794 2055
2057 2057
602 2062
3009 2063
1149 2068
1264 2069
119 2071
2566 2075
1372 2077
343 2079
924 2081
2468 2082
2994 2086
750 2088
3099 2092
1548 2094
1057 2095
2852 2096
1350 2097
2103 2103
3031 2105
2625 2106
2249 2110
2864 2111
2565 2113
1852 2114
2564 2115
426 2116
351 2119
1439 2123
224 2128
2129 2129
782 2134
1592 2136
2801 2137
216 2138
549 2144
1813 2145
2969 2146
2147 2147
1628 2150
2039 2151
580 2154
157 2155
2095 2158
3098 2160
2269 2161
2719 2163
684 2165
6554 2166
322 2167
1548 2168
2057 2171
518 2173
6755 2175
1318 2176
1922 2183
2051 2187
2703 2189
6587 2194
6685 2197
2198 2198
978 2206
1972 2208
2824 2209
2210 2210
275 2211
238 2212
608 2214
1959 2221
823 2223
1364 2227
2147 2229
85 2231
1635 2238
544 2241
1372 2242
924 2245
6625 2246
6628 2247
1214 2250
2736 2254
1670 2256
6473 2259
3550 2267
1345 2268
27 2269
3101 2270
2273 2273
2035 2274
1787 2280
1562 2281
6745 2283
2760 2284
6682 2285
1939 2286
2288 2288
2570 2290
1474 2291
1811 2292
248 2293
3333 2295
2296 2296
2478 2297
6762 2298
2300 2300
2373 2301
843 2302
6845 2303
2526 2304
6761 2305
2308 2308
2373 2310
6862 2312
1028 2313
1837 2316
2317 2317
2452 2319
2426 2321
6826 2323
6868 2325
2897 2326
6835 2327
1350 2331
2373 2337
6675 2338
1919 2344
2355 2346
43 2349
6814 2350
2351 2351
2511 2352
6761 2355
2356 2356
1345 2357
6885 2359
3774 2361
222 2365
2366 2366
2438 2367
2445 2371
2373 2373
6286 2377
6800 2378
1365 2379
1678 2381
3086 2382
2351 2387
2412 2388
6756 2390
1703 2391
6828 2392
2409 2393
1083 2395
2508 2397
2329 2398
2475 2401
6867 2403
1221 2405
2407 2407
2473 2408
2414 2409
2410 2410
2508 2411
6868 2412
2387 2415
210 2417
6865 2419
224 2421
330 2422
2423 2423
2424 2424
1833 2425
2373 2426
2414 2428
842 2429
2430 2430
2431 2431
2312 2432
2383 2436
2666 2437
6717 2438
2335 2440
6666 2441
6818 2442
2444 2444
2488 2445
303 2446
2451 2451
2414 2453
2501 2454
2456 2456
6809 2457
420 2459
2501 2460
346 2461
6867 2462
2508 2464
6694 2465
2409 2467
6761 2471
6860 2472
2410 2473
6814 2474
2471 2475
2359 2476
2134 2477
6885 2478
6851 2479
2431 2480
2401 2483
6830 2486
6832 2489
2279 2490
6868 2491
2402 2492
2303 2493
2301 2495
2426 2497
3090 2498
6844 2499
2457 2500
2501 2501
2430 2502
2503 2503
2335 2505
2516 2506
2355 2507
2355 2511
2512 2512
6823 2515
2517 2517
2519 2519
2501 2524
2685 2526
1720 2529
1264 2530
2112 2533
873 2536
2106 2537
956 2539
2541 2541
2542 2542
1232 2544
6603 2545
2181 2547
844 2548
2743 2549
2550 2550
1453 2551
1009 2552
1729 2555
1757 2556
2887 2559
693 2560
1453 2563
2564 2564
337 2566
2584 2568
142 2570
518 2575
1437 2576
2577 2577
520 2578
1370 2579
1435 2582
334 2583
2889 2584
1265 2596
1468 2597
2598 2598
2600 2600
5636 2601
2602 2602
1909 2603
781 2608
3100 2609
6442 2610
840 2611
3787 2612
2614 2614
1439 2625
1281 2626
924 2627
347 2629
1149 2634
1911 2637
6739 2643
1245 2644
19 2645
348 2646
176 2647
2648 2648
1238 2650
1193 2654
2434 2659
2660 2660
6559 2662
1255 2664
2669 2669
1498 2677
9 2679
1109 2681
5636 2682
2311 2683
2596 2684
1311 2685
658 2689
6575 2690
1437 2691
283 2692
6555 2696
2703 2703
944 2705
6571 2707
1007 2708
1399 2714
2596 2715
6750 2719
3099 2722
1350 2724
1729 2725
343 2726
533 2728
2098 2729
1233 2733
1470 2734
2048 2735
1427 2736
2029 2738
2919 2739
623 2740
1588 2743
2041 2745
2313 2749
1531 2751
2094 2753
1017 2759
305 2760
347 2761
1928 2762
921 2764
2107 2765
1629 2771
1810 2772
1740 2773
2656 2774
2722 2775
2780 2780
985 2781
6550 2782
1149 2789
1324 2792
2726 2794
222 2796
586 2805
295 2807
830 2809
1684 2810
2249 2812
2815 2815
1567 2817
2819 2819
2194 2821
4729 2822
2824 2824
2826 2826
2542 2830
5904 2831
262 2832
1515 2834
1184 2836
2924 2837
2564 2839
2840 2840
5166 2844
1071 2845
6788 2848
2855 2855
2582 2856
314 2858
6511 2862
1281 2864
2865 2865
1919 2866
2275 2868
1841 2869
2249 2871
2872 2872
154 2875
1547 2876
6593 2878
1548 2879
394 2889
1345 2890
2892 2892
2564 2894
1165 2896
950 2899
2672 2900
2772 2901
2905 2905
870 2906
1515 2910
3045 2912
2564 2913
1729 2918
1201 2919
6698 2922
6573 2927
1993 2929
216 2934
1474 2938
1971 2940
1687 2941
218 2953
2955 2955
1030 2957
6559 2958
6769 2961
6505 2962
305 2966
2223 2968
2736 2970
6803 2976
1323 2977
2627 2980
1852 2985
6474 2987
577 2990
873 2994
1816 2995
2998 2998
1601 3001
1329 3003
3004 3004
2819 3006
597 3007
1774 3008
6849 3010
3012 3012
779 3013
750 3014
5790 3016
1082 3019
3022 3020
3774 3021
1373 3024
6668 3025
1470 3027
6668 3030
2116 3032
3035 3035
1129 3037
6647 3040
1396 3041
1184 3043
2095 3046
379 3050
3051 3051
2198 3053
2400 3055
2686 3056
6675 3058
802 3064
623 3068
602 3069
1054 3073
6559 3076
1141 3077
386 3078
6783 3079
2175 3083
3085 3085
1425 3086
2564 3091
3103 3092
92 3093
844 3094
524 3098
3100 3100
6661 3103
1238 3104
4402 3106
3113 3113
5142 3116
3572 3124
3125 3125
783 3129
3542 3131
3132 3132
472 3133
5223 3135
3421 3136
6094 3139
3140 3140
4467 3142
4014 3147
758 3149
4772 3150
5838 3151
1847 3154
4475 3156
4120 3160
3163 3163
1375 3166
4053 3167
3125 3169
4014 3170
4137 3176
3177 3177
5421 3178
5154 3186
4082 3189
3195 3195
5144 3197
4614 3200
3201 3201
5325 3202
3203 3203
3207 3207
2864 3209
6027 3210
3370 3215
3216 3216
4842 3217
4274 3221
1780 3225
2609 3226
1939 3228
4105 3232
3883 3234
5802 3237
5388 3238
4842 3240
1066 3241
4248 3244
5947 3246
6424 3247
4350 3248
3372 3251
4241 3252
4921 3254
5617 3258
2029 3260
4067 3261
3992 3264
5906 3265
3266 3266
3849 3268
4917 3270
6045 3272
5962 3273
5398 3274
4740 3275
2005 3276
6387 3277
3278 3278
3281 3281
4352 3284
1694 3285
3781 3287
5478 3300
6214 3305
4350 3306
6297 3309
1739 3313
6201 3314
4670 3315
6090 3316
1404 3319
3326 3326
3327 3327
1372 3328
3571 3335
4312 3336
5939 3338
3150 3339
5391 3341
6214 3344
3345 3345
5397 3346
3179 3347
3352 3352
5795 3353
3363 3363
3390 3366
3162 3370
5254 3377
3992 3379
3380 3380
5142 3381
6079 3383
3384 3384
6286 3385
4918 3386
6423 3388
3389 3389
3390 3390
5255 3391
3393 3393
3430 3395
5698 3396
3398 3398
3405 3405
5984 3406
3596 3411
4450 3412
4533 3413
5758 3416
3417 3417
4212 3418
3291 3420
3421 3421
4658 3422
3423 3423
2077 3429
5184 3430
3431 3431
3745 3436
5427 3437
3438 3438
4756 3439
6098 3440
6228 3441
6330 3442
3534 3443
3444 3444
3445 3445
3449 3449
3450 3450
3752 3455
3462 3462
3119 3463
4254 3472
3473 3473
5906 3475
4230 3479
3480 3480
4535 3482
5576 3483
5865 3487
3708 3491
2534 3493
6257 3496
4372 3497
5224 3501
5016 3502
5344 3506
6177 3507
3753 3509
4347 3510
4303 3514
5324 3516
3894 3517
4082 3518
5905 3519
5604 3521
3524 3524
3526 3526
3912 3527
4482 3528
3534 3534
420 3537
4082 3540
5826 3542
4271 3546
5812 3547
5354 3552
3557 3557
4364 3559
5749 3565
3568 3568
4373 3570
4497 3571
5673 3572
4870 3574
3575 3575
3787 3577
3578 3578
6072 3583
4294 3585
3587 3587
1395 3588
5542 3590
3943 3592
3583 3595
3403 3596
4623 3597
1033 3601
5038 3607
5542 3608
3610 3610
3611 3611
3613 3613
3731 3615
2279 3616
917 3618
3776 3621
3623 3623
3238 3624
3766 3631
2923 3634
3410 3637
5643 3638
5016 3639
3652 3643
5703 3644
3549 3647
4740 3649
5223 3650
5076 3652
3610 3654
4742 3655
3660 3660
3053 3661
1364 3663
4248 3666
1372 3668
6026 3671
5712 3673
3674 3674
3464 3676
3679 3679
3563 3680
3681 3681
3179 3682
1203 3686
5122 3687
4788 3689
2109 3694
3695 3695
3203 3696
3700 3700
5966 3703
3704 3704
4346 3706
3710 3710
4213 3711
3494 3712
4045 3717
6201 3719
3477 3720
5398 3721
6002 3724
6177 3731
3732 3732
3734 3734
4246 3735
4177 3737
4297 3741
3697 3742
5249 3743
895 3744
4371 3745
4214 3746
6383 3749
3880 3752
3753 3753
3277 3754
3759 3759
4977 3760
3766 3766
3768 3768
5906 3770
2109 3774
3778 3778
3842 3781
3162 3783
4921 3786
2005 3787
3790 3790
6081 3792
6332 3795
5984 3797
5341 3798
3683 3799
3800 3800
3504 3803
5951 3804
3806 3806
3808 3808
4906 3809
3621 3810
3812 3812
3817 3817
3676 3819
6423 3823
3824 3824
3827 3827
5868 3829
3830 3830
1847 3831
5181 3832
3836 3836
3837 3837
5463 3838
3541 3841
5998 3842
5233 3843
3688 3847
3844 3852
3933 3853
5249 3854
3855 3855
4200 3857
6026 3859
5586 3862
4184 3863
6769 3864
4891 3866
3590 3868
5714 3872
6286 3874
3876 3876
3880 3880
5433 3881
6031 3883
3892 3892
3291 3893
6353 3894
3437 3895
3579 3896
6189 3898
1101 3900
5498 3901
3903 3903
3859 3904
3905 3905
3906 3906
5293 3911
3913 3913
4130 3915
4146 3916
5755 3917
3918 3918
5962 3922
3896 3927
5604 3933
3936 3936
3909 3937
6323 3942
1624 3948
3147 3951
4485 3953
3954 3954
3959 3959
3994 3960
3962 3962
4953 3963
5288 3966
4690 3969
3575 3971
3132 3972
4939 3973
6763 3974
3978 3978
1725 3980
5924 3982
5564 3984
3545 3986
3905 3992
6009 3993
3345 3998
5795 4000
2801 4006
6125 4011
85 4012
6169 4018
4026 4026
5227 4027
3746 4029
5880 4030
4035 4035
4036 4036
4918 4038
4043 4043
4045 4045
5965 4046
6039 4048
5711 4049
4252 4051
4057 4057
3454 4058
6426 4061
3336 4072
4479 4080
4590 4081
5011 4082
5464 4084
6026 4085
6054 4087
4090 4090
4092 4092
3418 4094
580 4095
6201 4100
5626 4103
5312 4104
4758 4105
6832 4106
3302 4108
3512 4109
2685 4111
3599 4112
6413 4118
3782 4121
4123 4123
4493 4124
4126 4126
6228 4130
3277 4131
4132 4132
6350 4134
3965 4137
4418 4138
4976 4139
169 4141
4153 4142
4149 4149
6125 4150
6026 4151
5174 4155
4158 4158
4054 4163
5387 4166
5411 4167
4762 4169
5911 4171
4173 4173
4174 4174
4309 4176
5877 4178
5957 4180
6232 4181
4749 4187
4668 4188
5307 4190
4191 4191
4193 4193
5536 4195
4196 4196
3789 4197
2596 4198
4110 4203
4347 4208
4671 4212
4214 4214
6259 4221
524 4224
5257 4226
4082 4227
4230 4230
4231 4231
4237 4237
4238 4238
4241 4241
6400 4249
5793 4250
4252 4252
3579 4254
5317 4255
5236 4257
4259 4259
6391 4261
4262 4262
1372 4263
4265 4265
6193 4267
4135 4272
6320 4273
3496 4274
4038 4276
4484 4279
3404 4281
4285 4285
4647 4289
4967 4292
4294 4294
3987 4295
5720 4298
4299 4299
3405 4300
5666 4305
4609 4308
3300 4309
4316 4316
5682 4319
2127 4321
4683 4322
3880 4326
4329 4329
4331 4331
4335 4335
4337 4337
5047 4338
5730 4339
4341 4341
4410 4347
4352 4352
4582 4354
4355 4355
921 4357
5110 4358
4361 4361
4830 4362
4366 4366
3583 4367
6378 4368
4369 4369
4337 4372
4813 4383
5072 4384
3488 4392
3114 4395
4396 4396
4397 4397
5147 4398
3870 4401
4718 4403
4404 4404
4405 4405
4270 4409
4412 4410
4412 4412
3222 4415
5080 4417
3250 4420
5067 4423
5018 4435
6054 4436
4438 4438
3552 4439
5211 4443
4444 4444
4578 4447
5344 4448
4346 4451
4452 4452
6012 4453
4454 4454
5617 4456
4458 4458
3277 4461
5336 4463
3958 4465
6380 4467
4474 4474
3624 4475
3904 4479
6303 4486
4488 4488
5643 4489
5253 4490
4651 4491
4493 4493
4494 4494
4495 4495
4879 4497
5147 4498
4503 4503
4766 4508
3274 4509
3869 4510
4511 4511
4177 4512
3599 4514
4515 4515
6312 4520
5234 4521
5401 4522
4523 4523
6407 4526
6218 4528
3315 4529
3277 4533
4976 4536
4538 4538
4543 4543
4751 4546
4550 4550
4799 4553
4558 4558
4562 4562
5645 4564
4469 4565
4567 4567
4568 4568
4254 4569
4864 4570
3414 4571
5826 4572
4573 4573
4567 4574
4575 4575
3992 4576
4577 4577
4350 4578
4583 4583
5642 4584
339 4587
4885 4588
3542 4590
5291 4593
4595 4595
5109 4596
4715 4600
5223 4601
439 4605
4607 4607
5307 4608
5264 4610
518 4611
6292 4613
4619 4619
4623 4623
6201 4624
5656 4629
1466 4631
5941 4634
3354 4639
5962 4646
4378 4648
4491 4651
4695 4655
4350 4661
5796 4664
5324 4669
3542 4671
6510 4672
4673 4673
4678 4678
4997 4682
5967 4684
4032 4688
5058 4689
4511 4695
4696 4696
4442 4699
3852 4700
5316 4701
5957 4702
4027 4704
4706 4706
6054 4713
2178 4714
5335 4715
4082 4724
4725 4725
5207 4727
4729 4729
5629 4735
4744 4744
4746 4746
4747 4747
5058 4749
705 4754
4758 4758
3621 4759
4762 4762
950 4765
3339 4772
4749 4776
4812 4779
4780 4780
4350 4781
2566 4782
5038 4783
3667 4784
4997 4789
4828 4790
5411 4793
5795 4795
3808 4796
5285 4797
259 4799
4904 4800
4492 4806
6198 4810
6360 4814
6081 4820
4259 4821
4312 4822
5098 4823
6269 4824
2977 4827
5944 4830
5343 4831
3289 4832
4833 4833
5169 4835
5449 4836
3872 4840
6307 4841
4210 4844
5303 4845
3390 4846
6236 4853
3894 4854
4259 4855
5643 4859
5005 4865
5406 4867
5237 4873
4875 4875
5714 4880
6009 4882
6321 4886
6017 4887
3245 4890
4892 4892
4928 4895
4898 4898
6054 4903
5491 4904
6045 4905
4227 4906
4711 4907
5894 4908
4910 4910
3650 4914
6405 4916
5942 4918
5194 4920
3430 4921
5703 4922
4930 4930
3959 4931
65 4932
4230 4933
4934 4934
4072 4938
4941 4941
4350 4942
4950 4950
6095 4951
5383 4952
4953 4953
4956 4956
4963 4963
6286 4966
5672 4967
3420 4969
4973 4973
4976 4976
4977 4977
4979 4979
4982 4982
4795 4983
4985 4985
4989 4989
3852 4990
3407 4991
1161 4992
4993 4993
4994 4994
4998 4998
6266 5000
5007 5007
5076 5009
3289 5011
6250 5013
4029 5019
5020 5020
3765 5028
5172 5032
4749 5035
5011 5036
6228 5037
1033 5041
4061 5045
5047 5047
5051 5051
4309 5052
5529 5054
5056 5056
5819 5057
3370 5060
5063 5063
3852 5065
5866 5066
5067 5067
6451 5068
873 5069
4555 5070
3457 5071
5074 5074
5080 5080
4230 5082
1437 5086
3230 5088
4230 5091
4274 5094
4100 5098
5109 5109
2035 5110
5513 5112
5636 5115
5157 5116
5117 5117
5797 5119
5796 5120
4350 5129
5130 5130
4378 5131
3388 5132
4852 5134
6118 5135
3869 5137
2789 5138
5143 5143
5147 5147
6009 5149
5150 5150
4067 5160
6014 5161
1744 5164
5166 5166
5253 5170
3736 5171
5172 5172
5174 5174
4413 5176
4578 5177
6259 5178
4629 5180
5861 5181
5781 5183
3676 5184
667 5188
5408 5189
2687 5191
5193 5193
5012 5195
5831 5196
5199 5199
3894 5200
4411 5201
5202 5202
6054 5203
4652 5207
4388 5208
5210 5210
5211 5211
6298 5213
4149 5220
4004 5223
5226 5226
5759 5229
5666 5233
674 5235
4200 5237
1687 5239
3488 5243
5254 5254
3853 5257
5208 5261
5263 5263
5264 5264
1372 5267
5702 5269
5831 5271
4254 5275
5962 5276
6356 5281
5285 5285
4282 5287
3512 5288
5291 5291
1223 5295
6094 5297
3542 5299
872 5302
6693 5304
5182 5305
5764 5307
796 5308
1847 5309
3086 5312
3472 5315
5317 5317
1629 5318
6625 5323
6343 5328
6228 5331
6026 5335
3897 5337
3681 5339
3705 5341
5344 5344
5348 5348
5351 5351
5958 5352
3377 5353
5656 5355
1399 5356
4422 5358
4869 5361
4578 5363
2914 5364
3137 5365
5252 5366
5367 5367
5106 5370
5371 5371
6205 5372
6734 5374
5378 5378
6076 5379
5381 5381
5383 5383
4033 5388
6384 5389
67 5390
3468 5392
3703 5393
5395 5395
6386 5397
1484 5402
5406 5406
5708 5411
4663 5414
5000 5415
3692 5416
541 5418
4196 5420
4553 5422
5426 5426
6386 5428
5429 5429
5430 5430
4213 5432
5018 5434
3824 5435
3296 5436
6269 5438
5099 5441
6267 5443
4603 5444
6017 5446
3305 5447
1508 5448
5452 5452
5453 5453
4385 5455
1216 5457
6366 5461
6201 5462
4277 5463
5464 5464
5325 5469
6756 5470
1235 5472
2034 5474
4805 5481
5482 5482
3819 5486
5093 5489
5491 5491
4254 5495
5497 5497
1774 5498
2808 5499
6259 5501
5306 5502
4828 5504
4269 5505
4933 5507
4997 5508
6045 5511
5512 5512
4036 5513
5658 5514
6064 5517
3782 5520
2457 5521
5110 5523
5421 5524
4224 5525
5527 5527
5603 5528
5687 5530
5542 5531
4138 5532
5533 5533
4045 5535
5542 5542
5932 5543
3776 5544
4564 5546
5552 5552
5553 5553
4254 5554
6016 5555
5558 5558
1844 5563
4590 5567
5570 5570
4224 5572
5574 5574
5576 5576
3536 5577
6386 5585
6250 5587
1562 5588
4337 5590
3580 5591
4885 5592
3334 5597
6166 5598
3812 5600
3659 5603
5607 5607
5611 5611
5175 5612
6362 5613
5616 5616
5764 5617
5627 5619
4727 5624
4385 5628
3869 5629
5630 5630
3766 5635
4560 5639
5421 5640
5641 5641
4957 5648
3257 5650
6305 5653
3305 5654
4889 5656
33 5662
5663 5663
970 5664
4324 5665
3305 5666
6201 5667
5669 5669
6228 5670
6239 5672
5676 5676
2030 5677
5682 5682
5256 5686
1513 5690
5692 5692
4954 5696
5697 5697
439 5699
5700 5700
5771 5701
3979 5702
5249 5707
5709 5709
6305 5710
5711 5711
3413 5720
5975 5722
5724 5724
6417 5728
6154 5729
4633 5730
6017 5733
5734 5734
420 5739
6783 5740
1760 5741
5742 5742
4735 5747
5103 5749
5169 5753
5834 5755
5757 5757
6026 5758
5944 5762
3452 5763
5764 5764
6386 5765
3154 5766
5767 5767
1278 5768
5769 5769
5046 5771
1066 5774
5777 5777
5781 5781
5782 5782
4233 5783
5361 5784
3522 5788
5791 5791
6317 5793
6386 5794
5795 5795
5797 5797
4432 5803
6291 5804
6320 5809
5812 5812
2743 5815
5816 5816
5240 5817
3943 5818
4160 5824
5566 5827
5828 5828
3289 5835
5838 5838
2536 5840
4350 5841
3354 5851
5784 5852
5013 5854
5856 5856
4132 5857
5335 5858
5859 5859
5861 5861
4297 5862
3358 5863
5033 5864
4795 5870
2904 5872
5873 5873
5875 5875
6048 5876
5605 5877
3582 5878
2596 5886
5887 5887
5299 5889
5932 5890
5893 5893
3212 5894
5896 5896
5714 5898
5902 5902
5903 5903
3927 5904
5906 5906
3755 5911
4617 5914
6031 5921
5962 5922
5923 5923
3274 5925
3404 5926
4629 5928
4343 5929
6514 5930
6026 5931
3781 5933
4413 5935
5939 5939
3204 5944
5947 5947
1599 5948
5951 5951
4007 5953
5954 5954
5906 5955
5586 5960
109 5961
4269 5962
3345 5964
5967 5967
4383 5968
6244 5972
6106 5973
6214 5974
5673 5975
6209 5977
5978 5978
5980 5980
5984 5984
46 5987
6334 5990
5991 5991
4646 5993
5996 5996
5567 5998
5999 5999
6415 6003
6006 6006
3438 6008
5496 6012
6016 6016
3553 6017
3698 6020
6022 6022
6023 6023
6024 6024
5564 6025
6029 6029
4646 6030
4886 6031
3699 6032
6380 6033
6824 6038
6039 6039
4083 6040
6042 6042
6044 6044
5807 6045
4906 6048
6052 6052
4293 6053
4688 6054
2424 6055
5768 6058
4148 6059
2051 6060
6062 6062
6064 6064
4928 6068
5752 6072
6077 6077
3499 6079
6082 6082
4472 6083
5677 6084
4966 6085
6088 6088
5911 6089
6090 6090
3534 6091
5302 6095
6009 6099
6101 6101
3299 6102
3312 6104
6108 6108
4309 6111
6112 6112
6054 6121
4187 6122
3863 6126
4534 6130
3552 6131
3944 6133
6137 6137
4120 6138
4372 6142
4024 6143
716 6145
6147 6147
4082 6148
6155 6155
6159 6159
6164 6164
5962 6165
4120 6169
2610 6170
6012 6174
6175 6175
6177 6177
6402 6178
3445 6180
6185 6185
50 6187
5794 6188
2279 6189
6190 6190
3622 6192
6193 6193
6194 6194
4430 6198
3491 6202
6203 6203
6206 6206
5666 6209
3734 6210
4171 6212
5433 6214
5008 6219
4026 6230
2558 6231
3315 6239
5602 6240
6072 6242
6248 6248
6214 6252
4471 6253
5047 6254
3258 6255
1548 6257
6259 6259
5627 6260
4936 6263
5053 6264
2831 6265
6266 6266
6267 6267
6268 6268
4303 6271
4194 6272
6193 6275
6276 6276
3808 6278
1373 6279
6281 6281
3163 6282
4350 6283
6286 6286
3338 6289
3513 6290
6297 6297
3715 6299
4760 6301
6302 6302
6305 6305
5909 6306
5696 6310
4442 6316
6319 6319
5263 6321
5078 6322
3921 6324
6296 6325
832 6326
3947 6329
4224 6331
5213 6332
5256 6335
6245 6337
6339 6339
3567 6341
3235 6344
6345 6345
1810 6348
3430 6351
6386 6353
5968 6358
4213 6359
6360 6360
6363 6363
6365 6365
5776 6366
1188 6370
3169 6373
6375 6375
5962 6376
3119 6378
6380 6380
3943 6382
6047 6387
4230 6392
6393 6393
5307 6394
4741 6395
6396 6396
3492 6399
5592 6407
5793 6414
3163 6416
3289 6417
4818 6421
3931 6422
6423 6423
6424 6424
4671 6425
4967 6427
1007 6430
864 6431
191 6434
1846 6435
2635 6439
518 6443
526 6445
1670 6446
2929 6448
656 6450
2249 6454
1028 6455
2564 6456
416 6460
389 6461
6537 6462
5410 6467
617 6469
6473 6473
2632 6476
5994 6477
6544 6478
2666 6479
2709 6480
888 6485
586 6488
402 6490
1322 6492
389 6495
6470 6502
6598 6507
2756 6509
1044 6511
6514 6514
924 6516
6653 6518
2955 6520
182 6523
2852 6524
1670 6527
6531 6531
43 6535
2609 6538
2956 6539
6541 6541
2924 6545
1599 6553
553 6554
1373 6556
6557 6557
1216 6558
6560 6560
843 6561
65 6563
2230 6564
6565 6565
2536 6566
5636 6570
791 6571
2808 6576
6512 6577
1763 6582
956 6583
2055 6584
639 6587
2929 6589
6591 6591
333 6593
6594 6594
6750 6595
2685 6596
985 6601
6801 6602
762 6603
9 6604
1478 6605
3044 6613
6616 6616
6617 6617
946 6622
529 6623
2904 6630
6631 6631
819 6635
549 6636
1232 6645
2013 6646
357 6647
1629 6648
313 6658
338 6660
1957 6661
1852 6662
2416 6666
3086 6669
2674 6673
2666 6674
3453 6675
6676 6676
6680 6680
1028 6686
1984 6689
6742 6692
347 6693
1629 6696
625 6701
6706 6706
1226 6707
282 6708
779 6709
2658 6711
1988 6714
2123 6715
1048 6718
2245 6719
6471 6723
6724 6724
197 6725
2219 6726
1649 6727
6535 6728
6731 6731
6469 6732
6549 6734
6735 6735
1148 6736
6593 6740
1895 6741
1144 6744
2685 6745
6502 6746
147 6750
1705 6753
623 6758
1744 6759
6761 6761
2438 6762
6763 6764
515 6765
19 6766
2457 6767
2335 6768
180 6771
1690 6774
1099 6775
547 6776
6669 6777
1019 6779
785 6782
1880 6783
6551 6784
1576 6787
73 6788
2927 6789
6790 6790
217 6791
2172 6794
2564 6795
5215 6796
6698 6802
2401 6804
6805 6805
2424 6808
2470 6810
6805 6812
2410 6813
6883 6817
2335 6819
6861 6821
6879 6822
2513 6823
1458 6824
2325 6825
6851 6826
6874 6827
2491 6828
2508 6829
6830 6830
2402 6831
2424 6832
6837 6834
6827 6835
2319 6837
2482 6838
6856 6841
2493 6842
6844 6844
2496 6845
2373 6846
6807 6848
2438 6850
6851 6851
6852 6852
6853 6853
6881 6855
6871 6856
2383 6857
2493 6858
6859 6859
6860 6860
2501 6864
6865 6865
6840 6867
6868 6868
2402 6869
6871 6871
6872 6872
2393 6873
6887 6874
6875 6875
6876 6876
2503 6877
6819 6878
2380 6881
6859 6882
2409 6883
1033 6889
