3649 3649
242 242
3861 3861
3777 3777
117 117
408 408
2783 2783
2797 2797
3747 3747
3749 3749
6248 6248
3758 3758
5458 5458
3846 3846
2817 2817
246 246
436 436
3776 3776
8 8
3702 3702
239 239
456 456
3547 3547
3637 3637
3833 3833
244 244
10 10
3757 3757
3616 3616
292 292
3703 3703
128 128
3541 3541
439 439
3518 3518
5659 5659
3633 3633
330 330
3836 3836
3828 3828
3829 3829
435 435
124 124
122 122
2160 2160
3704 3704
26 26
146 146
3667 3667
5750 5750
82 82
327 327
3628 3628
315 315
71 71
5519 5519
70 70
1906 1906
5840 5840
6275 6275
6276 6276
5601 5601
312 312
3648 3648
245 245
63 63
3908 3908
64 64
325 325
5674 5674
5951 5951
311 311
5952 5952
5598 5598
3706 3706
5848 5848
3586 3586
94 94
3568 3568
3602 3602
5514 5514
2498 2498
3906 3906
2127 2127
2178 2178
7 7
268 268
3884 3884
2129 2129
5630 5630
2152 2152
2511 2511
5624 5624
62 62
2375 2375
5932 5932
2124 2124
3163 3163
5953 5953
3954 3954
2150 2150
6231 6231
2052 2052
2061 2061
3956 3956
5944 5944
2167 2167
2487 2487
6056 6056
3874 3874
5641 5641
2485 2485
2193 2193
2389 2389
3962 3962
2362 2362
5239 5239
6062 6062
2256 2256
5536 5536
6077 6077
258 258
2213 2213
6054 6054
5235 5235
5540 5540
2596 2596
4029 4029
2278 2278
5698 5698
5977 5977
6079 6079
6085 6085
5838 5838
5538 5538
5619 5619
5746 5746
5542 5542
5986 5986
4023 4023
5648 5648
5497 5497
3782 3782
4048 4048
4016 4016
4032 4032
4042 4042
5678 5678
2239 2239
2610 2610
2614 2614
5981 5981
5741 5741
2086 2086
4036 4036
5581 5581
5529 5529
2623 2623
2588 2588
4037 4037
3978 3978
158 158
4038 4038
2095 2095
5468 5468
2254 2254
2600 2600
5499 5499
6090 6090
2401 2401
5988 5988
374 374
3899 3899
3781 3781
2566 2566
6147 6147
3695 3695
2523 2523
401 401
4015 4015
505 505
5834 5834
3976 3976
5527 5527
4014 4014
6035 6035
5994 5994
485 485
2567 2567
3892 3892
2404 2404
6110 6110
6005 6005
163 163
466 466
2022 2022
2457 2457
540 540
2570 2570
2280 2280
6023 6023
2670 2670
5991 5991
2639 2639
6159 6159
5714 5714
2636 2636
6136 6136
2220 2220
5663 5663
2699 2699
2705 2705
2432 2432
538 538
333 333
3682 3682
5802 5802
5484 5484
5740 5740
464 464
5762 5762
5806 5806
560 560
2087 2087
1766 1766
5743 5743
3718 3718
5807 5807
3738 3738
2018 2018
546 546
2182 2182
6834 6834
2456 2456
396 396
2646 2646
544 544
537 537
2648 2648
6163 6163
2688 2688
2423 2423
2112 2112
2663 2663
5869 5869
6832 6832
2468 2468
2740 2740
5783 5783
5702 5702
2691 2691
492 492
2425 2425
5406 5406
5767 5767
5691 5691
3437 3437
2435 2435
5777 5777
5054 5054
2342 2342
6793 6793
2299 2299
5058 5058
214 214
2689 2689
5436 5436
1687 1687
5438 5438
1601 1601
5024 5024
5799 5799
5069 5069
1600 1600
1603 1603
5095 5095
1561 1561
6819 6819
1976 1976
217 217
3241 3241
1625 1625
1962 1962
1689 1689
6754 6754
1609 1609
5813 5813
151 151
6603 6603
2241 2241
6602 6602
3249 3249
6839 6839
3371 3371
6713 6713
5195 5195
6804 6804
3275 3275
3284 3284
3278 3278
6866 6866
1741 1741
1556 1556
6597 6597
1977 1977
1953 1953
3283 3283
2105 2105
4799 4799
1586 1586
6591 6591
5056 5056
6665 6665
5198 5198
5409 5409
6595 6595
2297 2297
6856 6856
6830 6830
1588 1588
6809 6809
6865 6865
2764 2738
6577 6577
271 271
6824 6824
4329 4329
5072 5072
6592 6592
6683 6683
6625 6625
6626 6626
6585 6585
3316 3316
5411 5411
6721 6721
3728 3728
1787 1787
4762 4762
6791 6791
3281 3281
1951 1951
841 841
4900 4900
5378 5378
2910 2910
2346 2346
3280 3280
6644 6644
6650 6650
6666 6666
6706 6706
1918 1918
1595 1595
6638 6638
843 843
3225 3225
3223 3223
6715 6715
830 830
5782 5782
1788 1788
1164 1164
3723 3723
4386 4386
4340 4340
6502 6502
1700 1700
1912 1912
1633 1633
6212 6212
5393 5393
5193 5193
2728 2728
4729 4729
1661 1661
4389 4389
1223 1223
6800 6800
1634 1634
4730 4730
632 632
3112 3112
801 801
5078 5078
970 970
2308 2308
4306 4306
6200 6200
5908 5908
987 987
4935 4935
3242 3242
1628 1628
3207 3207
1149 1149
1780 1780
3090 3090
1460 1460
3447 3447
4337 4337
4387 4387
6563 6563
4709 4709
4058 4058
720 720
4746 4746
5898 5898
5081 5081
6512 6512
2305 2305
4932 4932
5080 5080
1429 1429
3429 3429
1153 1153
384 384
936 936
1168 1168
3333 3333
6190 6190
4997 4997
253 253
3234 3234
441 441
802 802
400 400
2753 2753
4335 4335
973 973
6530 6530
1265 1265
4705 4705
6538 6538
848 848
901 901
2340 2340
903 903
5923 5923
3142 3142
3115 3115
4230 4230
4930 4930
5927 5927
1529 1529
1499 1499
1091 1091
4454 4454
1831 1831
3385 3385
1093 1093
1037 1037
1178 1178
3423 3423
1061 1061
1129 1129
2914 2914
1025 1025
1140 1140
6527 6527
3195 3195
3196 3196
5245 5245
1045 1045
1323 1323
4621 4621
1018 1018
6559 6559
5179 5179
4688 4688
6693 6693
1795 1795
4953 4953
1170 1170
4545 4545
1159 1159
4294 4294
256 256
5136 5136
4118 4118
1659 1659
4956 4956
3172 3172
6309 6309
4290 4290
1342 1342
249 249
1125 1125
4607 4607
1464 1464
1055 1055
6874 6874
4299 4299
3460 3460
4687 4687
3177 3177
1023 1023
3386 3386
2941 2941
6373 6373
3216 3216
4358 4358
4747 4747
1458 1458
1526 1526
957 957
905 905
1579 1579
975 975
4962 4962
4443 4443
1275 1275
4973 4973
1857 1857
1497 1497
1387 1387
4369 4369
5211 5211
5005 5005
302 302
6370 6370
6294 6294
5339 5339
4150 4150
1466 1466
783 783
4994 4994
1121 1121
4179 4179
1071 1071
4546 4546
4543 4543
4412 4412
1396 1396
1013 1013
1014 1014
693 693
1390 1390
586 586
808 808
6446 6446
4424 4424
4262 4262
5292 5292
4153 4153
4392 4392
4241 4241
1870 1870
2819 2819
4407 4407
6388 6388
927 927
4814 4814
1137 1137
4934 4934
1737 1737
2321 2321
5101 5101
1350 1350
5324 5324
1327 1327
1393 1393
1478 1478
4500 4500
2905 2905
4206 4206
875 875
4865 4865
2877 2877
1409 1409
4950 4950
652 652
6383 6383
4396 4396
926 926
3012 3012
5304 5304
1814 1814
6285 6285
6554 6554
4297 4297
4968 4968
5281 5281
771 771
2898 2898
6389 6389
5189 5189
3036 3036
4985 4985
6429 6429
591 591
1355 1355
5321 5321
1101 1101
4123 4123
3064 3064
4641 4641
3096 3096
1449 1449
4573 4573
687 687
5188 5188
1761 1761
5266 5266
4940 4940
978 978
1809 1809
2880 2880
952 952
895 895
4538 4538
4493 4493
1838 1838
6286 6286
4225 4225
688 688
6872 6872
4240 4240
2826 2826
2834 2834
2825 2825
2841 2841
6467 6467
6546 6546
4489 4489
4989 4989
1755 1755
4298 4298
4941 4941
1481 1481
1799 1799
1356 1356
4854 5294
5295 5295
6425 6425
4689 4689
4238 4238
1904 1904
