714 0
2180 1
3217 3
4470 6
7 7
8 8
10 10
5500 11
2764 14
1391 15
6110 17
2063 18
758 19
3050 21
5150 22
1839 25
26 26
692 28
5113 29
2252 35
6329 38
5698 39
199 41
3219 46
185 47
1004 51
4552 54
971 56
5236 61
62 62
63 63
64 64
4978 65
1871 66
3204 67
70 70
71 71
6856 75
3941 76
3086 77
6671 79
82 82
855 85
3051 87
1411 89
2541 90
977 91
5336 93
94 94
4797 101
575 102
2360 103
2063 105
5376 106
5405 108
2289 111
6665 115
117 117
5561 119
3504 121
122 122
124 124
4457 125
128 128
4932 130
6523 131
283 134
6381 138
1616 139
295 142
146 146
3125 147
2718 150
151 151
2731 154
2873 155
597 156
2106 157
158 158
6028 159
3936 160
5182 162
163 163
6883 166
5657 170
4100 172
3562 173
1251 174
1592 175
2346 181
993 183
5759 189
3121 191
808 197
2350 200
70 203
6637 204
3378 209
214 214
215 215
6852 216
217 217
4044 220
6253 222
611 223
279 224
3411 225
4014 226
5100 227
5049 229
4084 231
2764 232
3106 235
133 236
239 239
4322 241
242 242
244 244
245 245
246 246
1261 247
249 249
2997 251
253 253
256 256
258 258
5075 259
4082 261
4122 264
5786 267
268 268
271 271
191 273
2404 275
5076 283
6201 287
1818 290
292 292
5117 295
5489 296
4067 299
5563 300
4703 301
302 302
3204 308
6119 309
311 311
312 312
315 315
3860 316
3126 317
5111 319
4100 320
6196 321
3547 322
5589 323
3024 324
325 325
977 326
327 327
5869 328
2829 329
330 330
4385 331
333 333
3051 334
3576 337
4153 338
5116 340
2794 342
2887 343
3508 346
5964 348
4100 349
6856 350
3015 353
5501 354
655 357
4045 359
729 360
3315 361
379 362
1968 363
4706 365
6160 367
1085 370
6311 371
5492 373
374 374
6430 375
4314 377
848 378
2964 379
1438 380
1624 382
384 384
3593 386
1698 388
3059 390
396 396
400 400
401 401
4722 406
408 408
3425 410
5657 411
4663 414
6784 415
5012 419
3255 421
4972 422
2051 424
4100 425
429 429
934 433
435 435
436 436
439 439
441 441
5143 448
2998 450
3742 452
3562 453
456 456
6841 457
2718 459
2255 461
5500 462
464 464
466 466
1826 468
2821 472
1527 473
2394 476
5988 481
975 482
485 485
5104 487
492 492
1076 493
843 494
5482 496
6556 497
70 500
430 504
505 505
3348 506
6889 507
3950 514
5788 518
1184 519
1439 521
668 525
788 526
2040 527
2988 528
5848 530
4526 532
5081 533
537 537
538 538
540 540
544 544
546 546
5894 547
4562 548
587 550
2905 558
980 559
560 560
3379 563
3895 565
1280 566
1698 569
570 570
4526 573
4191 575
6588 576
1614 577
3325 578
3713 579
3352 581
2 582
971 584
3407 585
586 586
3833 589
591 591
5156 596
598 598
3395 599
603 603
1592 604
1342 607
2035 608
610 610
4793 615
4526 616
6213 617
5920 618
3072 624
3200 627
797 628
675 629
3421 630
632 632
3911 633
4594 639
3313 641
2403 644
2959 646
5314 648
745 650
652 652
3999 655
1587 658
6081 659
5449 660
2941 665
5879 667
2006 668
1433 669
6685 670
1981 671
6119 672
5876 675
544 676
919 677
6067 683
4100 685
687 687
688 688
2311 689
5390 690
693 693
1803 694
2443 695
803 696
2062 697
1790 698
1632 700
3015 703
3219 704
705 705
2504 707
1103 711
4100 712
70 715
5426 718
4526 719
720 720
1633 723
228 729
6312 730
5485 733
738 738
3378 742
747 744
404 748
5677 750
754 754
2438 756
3054 759
2175 760
2541 763
4086 765
769 766
771 771
507 772
881 778
4655 780
783 783
5715 784
1398 785
4562 786
2829 787
768 789
4067 791
2401 799
4100 800
801 801
802 802
14 803
1080 805
808 808
1272 810
5397 815
848 816
6659 819
1184 821
1414 823
124 824
3480 828
1035 829
830 830
6154 831
4412 832
1484 835
3229 836
5210 840
841 841
843 843
2855 845
848 848
5182 850
1438 855
2289 857
816 858
860 860
1525 861
4217 863
4244 866
1380 869
4797 873
875 875
1975 877
2883 878
6678 880
5569 881
2722 884
1935 887
4027 890
2480 891
2446 892
3245 893
895 895
222 898
901 901
1433 902
903 903
1938 904
905 905
1370 906
1839 908
2453 909
124 912
334 913
3742 915
2006 918
4844 919
14 921
5485 922
3368 923
4149 924
926 926
927 927
1044 930
3015 931
936 936
5677 938
3909 939
6471 942
2461 944
3054 948
4406 949
952 952
957 957
3799 958
5080 963
2163 965
3917 967
970 970
3157 971
973 973
975 975
3791 977
978 978
4100 979
4067 981
1524 984
3498 985
987 987
1867 988
1698 992
3050 993
6856 994
5862 995
338 997
1520 999
60 1002
4991 1004
6020 1006
2505 1007
4412 1010
5327 1012
1013 1013
1014 1014
6022 1016
1018 1018
789 1021
1023 1023
1025 1025
964 1028
1973 1031
5442 1032
6663 1033
1037 1037
92 1038
2731 1041
3298 1042
3324 1044
1045 1045
4100 1047
2573 1048
4767 1051
1055 1055
3414 1056
5775 1058
1061 1061
503 1062
3331 1067
3296 1068
5715 1069
1071 1071
5111 1072
3854 1074
2938 1076
747 1081
467 1082
6587 1084
5876 1087
5111 1088
1091 1091
4901 1092
1093 1093
3642 1094
3672 1098
1101 1101
3299 1103
3776 1111
892 1114
1121 1121
4118 1123
6253 1124
1125 1125
5492 1128
1129 1129
4138 1131
4441 1132
2866 1134
2397 1135
6713 1136
1137 1137
2012 1139
1140 1140
6549 1144
2177 1147
1149 1149
279 1150
14 1151
6001 1152
1153 1153
1848 1154
1159 1159
1071 1162
1164 1164
212 1166
5036 1167
1168 1168
5568 1169
1170 1170
5182 1171
3166 1172
1100 1174
3944 1175
1437 1176
1178 1178
518 1179
124 1180
1577 1181
5657 1182
5153 1184
5130 1188
1190 1190
4100 1191
4006 1194
2097 1195
4635 1201
261 1202
4190 1203
1251 1204
4100 1208
6739 1214
4100 1219
924 1221
6665 1222
1223 1223
2573 1225
4023 1226
1369 1227
2121 1228
4562 1230
6838 1231
2081 1235
764 1236
5844 1239
5862 1240
6741 1246
973 1252
2206 1254
2677 1255
959 1256
4074 1258
977 1259
2902 1261
1265 1265
6457 1267
4085 1268
1911 1271
6497 1273
5747 1274
1275 1275
6066 1278
1279 1279
4086 1282
1395 1283
5771 1290
1382 1292
1293 1293
3884 1300
5487 1304
6086 1306
4100 1307
3779 1308
5419 1309
5665 1311
2941 1312
6831 1320
1323 1323
1328 1325
1327 1327
3726 1330
5282 1331
6856 1335
2404 1338
3054 1339
4100 1340
1342 1342
1239 1345
826 1346
1350 1350
6415 1351
5125 1353
1355 1355
1356 1356
900 1359
3897 1364
6852 1365
828 1366
6838 1368
2596 1369
4100 1371
973 1372
475 1380
964 1383
4475 1386
1387 1387
1390 1390
6538 1391
1393 1393
671 1395
1396 1396
1402 1402
4100 1403
2792 1405
0 1406
1409 1409
2040 1412
5279 1414
4526 1415
4241 1418
1419 1419
2599 1420
1421 1421
5128 1425
4100 1426
3198 1428
1429 1429
1396 1430
4100 1434
5160 1435
2446 1440
1698 1446
1449 1449
2591 1455
4061 1456
6654 1457
1458 1458
650 1459
1460 1460
1464 1464
1466 1466
4690 1467
5075 1469
5677 1476
1478 1478
5848 1479
1209 1480
1481 1481
406 1487
6678 1488
543 1489
3403 1492
2196 1494
1497 1497
1499 1499
287 1500
496 1501
4610 1502
409 1503
4013 1505
3547 1506
5876 1508
6036 1509
203 1511
2539 1512
3802 1514
6247 1515
344 1516
1526 1526
5150 1527
1529 1529
5182 1530
481 1531
4225 1535
6409 1536
2144 1537
5344 1539
124 1540
1125 1543
1698 1544
3497 1546
1610 1547
4837 1554
1556 1556
4978 1557
6512 1559
1561 1561
4329 1563
28 1565
285 1567
256 1570
1402 1578
1579 1579
2718 1584
3115 1585
1586 1586
1588 1588
5964 1593
1595 1595
2363 1597
1600 1600
1601 1601
1603 1603
3672 1608
1609 1609
5878 1612
1619 1619
6613 1620
1622 1622
1698 1623
1625 1625
1911 1626
2721 1627
1628 1628
1633 1633
1634 1634
6577 1637
1649 1638
4409 1644
3406 1645
1646 1646
270 1648
1649 1649
1754 1650
4198 1652
3352 1653
1910 1655
4100 1656
1659 1659
1660 1660
1661 1661
1663 1663
6662 1666
1951 1667
1050 1668
2118 1669
1670 1670
1288 1671
4187 1673
4091 1674
6308 1675
3059 1677
3899 1681
2429 1682
2740 1683
1684 1684
3198 1686
1687 1687
1689 1689
3414 1693
3339 1695
668 1696
362 1698
1699 1699
1700 1700
1704 1704
2380 1705
4100 1707
604 1708
3868 1709
6707 1711
4493 1712
2270 1718
3334 1720
5633 1723
6571 1725
4346 1727
3951 1728
6761 1731
3321 1734
1737 1737
1741 1741
1537 1744
2046 1745
323 1746
801 1748
1749 1749
1755 1755
5516 1756
290 1757
1758 1758
2573 1759
1761 1761
1766 1766
1848 1767
3848 1769
769 1771
1015 1772
6537 1778
1780 1780
3728 1784
2188 1785
5398 1786
1787 1787
1788 1788
3742 1789
1795 1795
3547 1796
1799 1799
650 1800
826 1807
1809 1809
1814 1814
3621 1816
2928 1818
2271 1819
2699 1820
6554 1821
4143 1823
3485 1828
4618 1830
1831 1831
6657 1832
1833 1833
6057 1834
4514 1835
5111 1836
1838 1838
3562 1841
1975 1842
4837 1843
1378 1845
2971 1846
376 1850
6398 1852
5525 1853
3565 1854
4593 1855
1857 1857
5493 1859
4321 1860
5341 1862
4712 1863
2453 1869
1870 1870
4209 1873
4437 1883
4392 1888
1078 1889
3062 1891
3742 1892
801 1896
6398 1898
3298 1899
3555 1900
1319 1901
2539 1902
5053 1903
1904 1904
1906 1906
249 1907
3051 1909
2987 1911
1912 1912
2162 1914
1918 1918
287 1919
4219 1922
4837 1925
790 1926
2172 1928
6082 1929
5111 1931
1769 1933
4493 1939
5697 1940
3621 1945
6707 1948
1951 1951
5898 1952
1953 1953
6529 1956
28 1957
1962 1962
507 1963
1184 1966
5182 1969
4965 1970
2809 1972
5055 1973
4100 1974
4086 1975
1976 1976
1977 1977
4700 1978
4106 1979
1316 1980
5361 1982
6148 1986
5293 1988
502 1994
1979 1997
1855 1999
5430 2005
2289 2007
6583 2008
5553 2014
3323 2015
2018 2018
3299 2020
2022 2022
3595 2025
5380 2026
6588 2027
2097 2029
2178 2035
6550 2040
3151 2041
5685 2043
6731 2046
4776 2049
4342 2051
2052 2052
1975 2053
5489 2054
3950 2055
1125 2060
2061 2061
848 2063
507 2064
6630 2067
5734 2068
2718 2070
4013 2071
2456 2074
743 2076
5489 2080
3560 2084
2086 2086
2087 2087
5762 2089
6365 2092
2095 2095
6442 2097
1133 2099
537 2100
671 2103
2105 2105
1342 2109
2883 2110
4563 2111
2112 2112
6017 2113
1417 2118
743 2120
825 2121
4100 2122
2124 2124
4689 2125
2127 2127
3274 2128
2129 2129
2027 2130
3323 2134
6878 2135
4584 2138
5663 2139
3505 2140
4647 2143
3962 2144
152 2145
2150 2150
2152 2152
4715 2153
2637 2158
2160 2160
5128 2161
1005 2163
3368 2164
3106 2166
2167 2167
1689 2169
6841 2172
4100 2173
5644 2174
4975 2177
2178 2178
1907 2180
5880 2181
2182 2182
537 2183
4470 2186
2969 2191
2193 2193
5709 2195
3715 2196
671 2199
4605 2201
3628 2202
2210 2210
2446 2211
2213 2213
1438 2214
2220 2220
2180 2221
17 2223
4574 2227
772 2228
4577 2230
4874 2231
2239 2239
6038 2240
2241 2241
3804 2242
2779 2243
924 2245
4637 2246
2631 2247
3638 2249
2254 2254
2256 2256
1220 2258
14 2260
2815 2261
5537 2267
5996 2268
1179 2271
6839 2272
28 2273
4756 2274
6449 2276
2278 2278
5058 2279
2280 2280
5181 2283
383 2285
993 2286
4689 2287
914 2291
5762 2292
4078 2293
2295 2295
3766 2296
2297 2297
641 2298
2299 2299
1659 2300
5660 2301
6561 2302
5876 2304
2305 2305
3001 2306
2308 2308
769 2311
5053 2312
4310 2316
4372 2317
5675 2319
2321 2321
2178 2326
5652 2331
4655 2332
5077 2335
6671 2337
3960 2338
2340 2340
2342 2342
2941 2344
2346 2346
1090 2347
6598 2348
4697 2355
3932 2360
4393 2361
2362 2362
3749 2371
2040 2373
2375 2375
4168 2377
3799 2378
1078 2379
1048 2381
199 2387
2389 2389
5007 2393
6814 2395
3873 2396
6767 2397
2401 2401
1839 2403
2404 2404
5171 2406
6218 2409
6156 2410
3744 2411
4217 2418
5851 2421
2423 2423
6520 2424
2425 2425
2040 2426
4342 2428
3374 2429
2884 2431
2432 2432
583 2434
2435 2435
893 2439
247 2440
5530 2443
4294 2444
5226 2445
4162 2449
882 2452
2456 2456
2457 2457
3015 2458
4631 2459
4100 2464
6746 2466
15 2467
2468 2468
6856 2470
686 2472
4376 2478
896 2483
2485 2485
5923 2486
2487 2487
3761 2489
2103 2490
4023 2492
2699 2493
2498 2498
3833 2499
5521 2500
3862 2501
2738 2502
1285 2504
17 2509
2511 2511
5994 2512
2829 2522
2523 2523
5075 2525
3378 2526
2928 2528
5525 2529
6000 2530
6062 2531
2873 2533
2923 2534
5021 2535
3723 2537
6765 2540
1026 2545
6688 2547
3598 2556
5840 2558
6209 2560
507 2561
2566 2566
2567 2567
5878 2568
5688 2569
2570 2570
1125 2571
2904 2572
6862 2574
310 2577
4346 2581
2631 2584
823 2585
1710 2587
2588 2588
3796 2589
6035 2591
1975 2592
3054 2593
5830 2594
2596 2596
2220 2597
2600 2600
2941 2601
1288 2604
70 2606
1901 2607
4844 2609
2610 2610
5075 2612
2614 2614
4493 2616
5853 2619
4184 2621
2623 2623
5545 2628
5840 2629
3615 2634
913 2635
2636 2636
2639 2639
2158 2641
4868 2643
6724 2644
2646 2646
3651 2647
2648 2648
3897 2650
2892 2652
6775 2653
5516 2657
5003 2659
3051 2660
2663 2663
5116 2664
2026 2665
2670 2670
2883 2672
5455 2673
5706 2675
1698 2679
6538 2681
2941 2682
3988 2683
544 2684
2688 2688
2689 2689
2691 2691
764 2693
6366 2695
1374 2696
3167 2697
2732 2698
2699 2699
2306 2701
2705 2705
4475 2714
2718 2718
1466 2720
2658 2721
6163 2722
49 2723
1624 2724
3747 2727
2728 2728
5715 2729
5051 2733
5840 2734
2764 2738
2740 2740
4706 2741
6300 2744
2891 2745
19 2748
971 2749
2753 2753
1839 2758
2244 2760
2172 2762
4100 2763
2440 2764
2744 2766
3318 2768
199 2776
2040 2782
2783 2783
2588 2792
5666 2795
2797 2797
2718 2798
1374 2802
713 2804
5117 2807
4707 2808
2493 2810
2811 2811
3064 2813
4067 2814
2817 2817
2819 2819
4934 2820
3776 2823
2825 2825
2826 2826
743 2827
6133 2828
2446 2829
4764 2831
4019 2833
2834 2834
6033 2836
3742 2837
2718 2838
3166 2839
3218 2840
2841 2841
650 2842
881 2844
6394 2847
5294 2849
1251 2851
6613 2855
729 2856
3919 2857
3118 2858
6599 2861
4347 2862
5348 2865
3050 2866
6277 2870
3318 2871
1990 2872
4093 2873
4470 2874
2877 2877
2880 2880
5111 2883
4039 2884
3350 2889
4594 2891
3508 2892
3742 2896
1833 2897
2898 2898
6235 2902
3516 2903
697 2904
2905 2905
210 2906
2891 2908
6566 2909
2910 2910
2718 2911
1071 2912
2914 2914
684 2917
5361 2919
4932 2920
5307 2922
4119 2923
2998 2925
4042 2927
5125 2932
4584 2934
5688 2935
5660 2937
2941 2941
2942 2942
1206 2947
5182 2950
1630 2954
2955 2955
5689 2956
5492 2957
2434 2959
4160 2960
2962 2962
999 2964
1338 2968
3098 2972
2977 2977
2881 2979
1824 2981
226 2985
2245 2986
4102 2987
6503 2988
2989 2989
5686 2992
6566 2994
5698 2995
248 2996
4149 2998
5686 3000
3001 3001
3004 3004
3006 3006
3012 3012
840 3016
66 3019
5182 3021
2718 3022
4932 3023
1874 3026
1525 3031
5685 3035
3036 3036
5640 3039
971 3040
5182 3042
4027 3044
6285 3045
6287 3047
6115 3049
6862 3050
5904 3053
2182 3056
4932 3059
1778 3060
3063 3063
3064 3064
3094 3066
28 3070
5133 3073
4077 3074
5477 3075
1722 3076
769 3080
6663 3081
4129 3082
4647 3083
5938 3085
1277 3087
2444 3088
3090 3090
1338 3091
3096 3096
2765 3098
5530 3102
5663 3105
5715 3108
5125 3109
1114 3110
126 3111
3112 3112
741 3113
3115 3115
4167 3116
6856 3117
4606 3121
3812 3125
1429 3129
6622 3131
6079 3133
4238 3134
3496 3135
3877 3136
5793 3139
3142 3142
3635 3143
5596 3144
2656 3147
600 3151
6868 3152
834 3154
1979 3157
4916 3158
4526 3160
3163 3163
5742 3164
5818 3167
4493 3168
2711 3171
3172 3172
6394 3173
1280 3176
3177 3177
4343 3178
5182 3179
3496 3182
6062 3183
5111 3187
5863 3188
543 3192
3195 3195
3196 3196
5075 3202
3681 3203
3207 3207
842 3208
750 3209
3216 3216
4867 3222
3223 3223
3225 3225
3043 3229
2832 3230
2541 3233
3234 3234
823 3235
6533 3237
4841 3238
5608 3239
5528 3240
3241 3241
3242 3242
60 3245
3411 3246
4437 3247
1754 3248
3249 3249
2676 3251
4377 3252
244 3254
4526 3259
343 3264
675 3268
1373 3270
6350 3272
4100 3273
1458 3274
3275 3275
5913 3277
3278 3278
2399 3279
3280 3280
3281 3281
3283 3283
3284 3284
2997 3285
6412 3289
2116 3290
4627 3292
668 3293
2346 3294
386 3296
1378 3297
4276 3299
650 3302
382 3313
684 3314
973 3315
3316 3316
908 3317
5585 3320
3452 3323
6083 3324
3243 3325
3981 3330
3333 3333
2873 3334
3776 3335
3491 3336
3498 3342
3702 3346
3553 3352
5068 3354
705 3355
2883 3357
3452 3358
4562 3360
2932 3368
3371 3371
5140 3374
3562 3377
4689 3378
3385 3385
3386 3386
3518 3388
1398 3394
5222 3396
5657 3398
6589 3400
3957 3401
215 3406
6713 3407
2132 3408
3651 3409
3922 3411
356 3412
287 3414
668 3415
2266 3419
3423 3423
1461 3424
1754 3426
480 3427
4584 3428
3429 3429
3437 3437
2411 3438
113 3439
3447 3447
551 3449
5794 3452
1754 3454
5407 3456
3460 3460
3933 3461
498 3464
1104 3466
1819 3468
171 3469
2883 3475
4100 3477
6856 3484
6081 3488
2430 3489
2278 3492
1045 3493
3495 3495
2500 3497
3621 3498
1698 3501
124 3503
2687 3505
1258 3508
5674 3509
112 3511
1752 3513
3518 3518
600 3519
5489 3521
1752 3522
1125 3524
5750 3530
911 3533
4934 3534
1698 3535
3414 3539
2702 3540
3541 3541
6713 3543
2098 3545
3547 3547
899 3553
3098 3555
433 3556
5069 3566
4682 3567
3568 3568
5327 3571
2978 3573
2556 3574
544 3576
597 3581
2927 3582
5518 3583
6209 3584
3586 3586
4562 3590
4849 3592
5727 3595
2145 3596
3728 3601
3602 3602
2998 3604
5848 3606
2998 3608
1766 3613
3464 3615
3616 3616
3621 3621
2429 3624
1917 3625
5709 3627
3628 3628
1968 3629
3766 3631
3633 3633
3059 3634
3637 3637
1537 3638
2927 3639
1755 3642
2989 3643
743 3647
3648 3648
3649 3649
3621 3651
2967 3654
5950 3655
495 3656
977 3657
5189 3658
716 3661
4436 3662
4100 3666
3667 3667
5210 3669
3461 3670
4900 3673
1768 3675
2423 3680
1326 3681
3682 3682
2791 3683
5122 3687
4276 3688
6706 3691
2213 3692
3695 3695
5419 3698
3633 3700
2718 3701
3702 3702
3703 3703
3704 3704
3706 3706
1195 3707
1975 3711
10 3713
5268 3717
3718 3718
4100 3719
3723 3723
6599 3726
3728 3728
6330 3733
1239 3734
561 3735
3738 3738
4543 3741
3486 3742
4362 3743
6473 3745
3747 3747
3749 3749
3421 3753
3750 3754
3757 3757
3758 3758
971 3761
1813 3763
1261 3764
6475 3765
2315 3769
3776 3776
3777 3777
4663 3779
3781 3781
3782 3782
1954 3783
5881 3785
6599 3786
5293 3788
4697 3789
6599 3792
4100 3793
3897 3795
3059 3799
2539 3803
2800 3804
6883 3807
1068 3809
6425 3810
6750 3812
2883 3814
1825 3815
6274 3817
6334 3818
2521 3819
3169 3821
151 3823
2600 3824
5086 3825
5865 3826
3828 3828
3829 3829
5003 3832
3833 3833
6379 3834
3836 3836
1574 3837
2069 3839
4262 3840
3689 3842
2799 3844
3560 3845
3846 3846
6586 3847
5545 3849
2305 3850
1598 3853
2769 3854
5113 3855
2381 3856
3861 3861
2813 3865
4100 3867
3458 3869
498 3870
3161 3873
3874 3874
2480 3877
962 3879
2132 3880
3884 3884
4991 3889
2941 3890
3204 3891
3892 3892
3115 3895
2193 3898
3899 3899
1411 3900
5964 3901
6460 3902
1329 3903
3906 3906
3908 3908
4682 3909
2552 3912
3052 3913
5374 3917
5516 3918
2077 3919
2428 3920
2685 3924
1571 3925
4449 3927
3644 3930
6867 3931
2994 3932
4758 3935
3073 3936
507 3938
5768 3942
6684 3945
2127 3947
6766 3951
3046 3952
2012 3953
3954 3954
3956 3956
6430 3958
3962 3962
2534 3963
462 3966
1698 3970
3173 3974
2891 3975
3976 3976
3978 3978
3979 3979
4675 3981
1326 3982
3267 3983
4132 3984
3745 3989
5003 3992
5398 3995
5182 4002
3171 4004
2801 4006
6098 4007
4100 4008
1505 4013
4014 4014
4015 4015
4016 4016
619 4018
5844 4020
4023 4023
4303 4025
4934 4026
4029 4029
4032 4032
954 4034
4036 4036
4037 4037
4038 4038
6225 4039
3761 4040
4042 4042
4605 4043
6731 4044
1631 4045
4048 4048
6623 4049
6136 4050
3366 4052
4058 4058
4584 4060
6689 4065
880 4073
6724 4074
383 4075
3439 4076
4077 4077
331 4078
458 4079
5284 4085
3990 4087
507 4088
4100 4094
5923 4095
3510 4097
4939 4103
1033 4104
6661 4105
5266 4106
6722 4109
2256 4110
6831 4111
5955 4112
3344 4115
699 4117
4118 4118
4123 4123
1251 4130
1249 4132
2318 4135
818 4137
6301 4138
4100 4141
1321 4144
33 4146
6117 4148
4150 4150
4153 4153
932 4155
4157 4157
6134 4161
2748 4162
912 4164
5862 4167
4168 4168
6296 4170
3618 4172
4174 4174
1010 4176
944 4177
4179 4179
4848 4182
432 4186
6512 4187
3164 4188
2441 4189
1520 4190
4192 4192
2698 4193
4972 4194
3161 4197
544 4198
1984 4199
6030 4202
4206 4206
6041 4207
2884 4210
4100 4211
1631 4212
3654 4213
5396 4215
3742 4216
6201 4217
2285 4218
4589 4220
791 4222
6746 4223
4225 4225
4230 4230
5688 4231
1887 4233
1002 4236
4238 4238
4240 4240
4241 4241
3884 4244
6028 4245
6351 4247
6253 4249
5003 4250
6536 4252
30 4255
5915 4257
631 4258
4262 4262
6386 4267
5306 4269
1951 4270
752 4276
2096 4277
480 4278
2278 4279
2941 4280
6644 4285
1071 4286
4290 4290
4294 4294
1427 4295
889 4296
4297 4297
4298 4298
4299 4299
2997 4301
3897 4302
1867 4305
4306 4306
2764 4307
2662 4308
1288 4309
6774 4310
826 4313
1073 4317
2278 4319
3688 4322
6523 4324
4329 4329
5677 4330
4409 4331
3059 4333
112 4334
4335 4335
6589 4336
4337 4337
4340 4340
3072 4341
2941 4343
915 4345
3080 4349
1616 4350
3172 4352
4162 4357
4358 4358
6076 4359
6620 4360
6019 4361
6587 4363
1458 4365
1102 4366
3951 4367
216 4368
4369 4369
2744 4373
4100 4374
133 4378
1637 4380
5083 4382
5296 4383
6582 4385
4386 4386
4387 4387
521 4388
4389 4389
2539 4390
4392 4392
4396 4396
3061 4397
5074 4405
4407 4407
3 4409
6878 4411
4412 4412
5848 4413
4342 4414
4417 4417
1917 4419
1537 4421
4424 4424
1645 4429
3707 4431
532 4438
2692 4439
105 4440
4549 4442
4443 4443
4706 4447
5414 4448
6475 4449
4703 4450
1520 4451
4454 4454
4264 4455
1374 4456
1387 4458
3447 4459
3797 4461
4317 4463
6678 4465
5306 4469
4130 4470
5786 4471
5182 4472
1251 4475
810 4477
4932 4478
6351 4480
4874 4481
6190 4488
4489 4489
4867 4491
4493 4493
5717 4494
3776 4497
4500 4500
4610 4501
892 4504
1186 4508
2278 4511
6396 4515
6599 4519
5107 4523
212 4524
3933 4527
5506 4530
188 4533
4538 4538
4706 4541
4543 4543
4545 4545
4546 4546
2067 4548
3378 4556
5617 4557
5482 4559
4647 4560
4 4562
5853 4563
2225 4565
641 4569
4573 4573
5539 4575
4038 4577
3330 4582
6209 4586
3981 4592
632 4593
3674 4594
3313 4601
1033 4602
4906 4604
4607 4607
494 4609
6469 4610
4100 4611
6067 4614
5990 4617
6622 4618
5396 4619
4621 4621
1123 4622
4100 4624
6623 4628
91 4629
5236 4634
5182 4636
4641 4641
4514 4642
4915 4644
650 4646
6504 4650
5660 4655
3651 4658
3783 4662
4100 4666
1754 4667
485 4668
5525 4675
3742 4676
4237 4679
713 4683
3143 4684
4545 4685
4687 4687
4688 4688
4689 4689
6017 4691
3201 4693
5261 4697
4100 4699
1467 4701
3982 4703
4705 4705
586 4708
4709 4709
1867 4712
6713 4713
897 4714
5405 4716
1795 4721
6214 4722
4725 4725
6549 4726
5631 4727
4729 4729
4730 4730
973 4732
6275 4739
4100 4741
4700 4742
4744 4744
4746 4746
4747 4747
6252 4748
3321 4749
8 4752
776 4757
2447 4758
4762 4762
4763 4763
4764 4764
912 4765
5213 4767
4712 4770
4075 4771
3674 4773
3688 4776
3061 4778
433 4779
2829 4784
1520 4785
5487 4786
1975 4787
650 4790
5253 4792
5259 4793
6566 4797
3267 4798
4799 4799
346 4808
3498 4809
6772 4810
5572 4813
4814 4814
4396 4816
1582 4822
247 4824
2453 4825
3672 4827
6201 4828
4831 4831
244 4832
2916 4834
2186 4836
3739 4837
6405 4838
4932 4839
1163 4844
5911 4848
4849 4849
4706 4851
3344 4853
255 4854
401 4856
6460 4858
1624 4860
4865 4865
6654 4867
6527 4868
6190 4871
4965 4872
4991 4874
2380 4875
2172 4879
3121 4881
4883 4883
6288 4884
6519 4887
331 4888
3742 4890
81 4891
1395 4893
3176 4894
3401 4895
6749 4896
5685 4897
4900 4900
5715 4901
4903 4903
1300 4904
5879 4905
4683 4906
4907 4907
6536 4908
3592 4910
401 4911
4697 4916
3609 4921
6173 4924
6716 4925
1246 4928
4930 4930
4932 4932
4934 4934
4935 4935
3371 4936
4940 4940
4941 4941
1843 4943
5688 4945
210 4946
4053 4947
5272 4948
4950 4950
5688 4952
4953 4953
4956 4956
1856 4958
2399 4959
2145 4961
4962 4962
3759 4963
1226 4964
2792 4966
4968 4968
5497 4969
2148 4971
3862 4972
4973 4973
220 4975
4982 4982
4985 4985
4989 4989
5377 4991
2136 4992
4994 4994
2160 4995
6856 4996
4997 4997
6438 4998
193 4999
6716 5001
5005 5005
5007 5007
1007 5009
719 5012
5688 5013
2941 5015
5068 5016
5024 5024
4309 5025
5311 5029
287 5031
768 5032
91 5036
5703 5037
4610 5038
1631 5039
3728 5041
6832 5045
3414 5047
1884 5052
3414 5053
5054 5054
4500 5055
5056 5056
5058 5058
5492 5060
1862 5062
215 5064
490 5067
2034 5068
5069 5069
6189 5070
3776 5071
5072 5072
3747 5073
2193 5074
2692 5076
91 5077
5078 5078
5939 5079
5080 5080
5081 5081
1445 5083
5794 5086
1803 5088
4485 5089
6276 5090
360 5093
4564 5094
5095 5095
3764 5096
5644 5097
2941 5098
5100 5100
5101 5101
1427 5103
5107 5107
958 5110
2883 5111
3374 5112
1353 5113
2941 5115
5117 5117
5554 5118
5122 5122
1017 5123
5124 5124
5125 5125
215 5127
2826 5130
4274 5131
3424 5135
5136 5136
5698 5137
3252 5138
5182 5139
1854 5140
448 5143
2423 5148
5111 5159
895 5160
772 5161
5635 5163
1010 5169
4706 5177
5179 5179
4412 5181
2788 5182
2718 5185
2941 5187
5188 5188
5189 5189
5193 5193
5195 5195
875 5196
5198 5198
6428 5202
5205 5205
5180 5207
5208 5208
941 5210
5211 5211
5749 5215
39 5218
924 5220
5222 5222
5501 5223
5709 5224
5225 5225
4647 5227
6530 5229
4100 5231
4768 5232
4306 5234
5235 5235
6120 5238
5239 5239
3252 5244
5245 5245
5809 5246
2698 5249
3229 5252
482 5255
4225 5256
4044 5259
1035 5261
6671 5263
3024 5264
5266 5266
6883 5267
5269 5269
4100 5276
3318 5278
0 5280
5281 5281
6581 5283
4153 5290
2241 5291
5292 5292
508 5293
4854 5294
5295 5295
5297 5297
5298 5298
5596 5300
2645 5302
5304 5304
589 5305
3742 5307
5477 5309
2300 5311
5900 5312
1364 5314
3975 5315
5724 5316
5009 5318
5321 5321
5324 5324
5075 5325
4039 5327
6396 5329
4610 5331
5339 5339
1285 5340
5341 5341
360 5342
926 5343
3065 5347
6136 5349
5755 5352
5353 5353
4264 5356
4413 5358
6741 5359
5674 5362
3884 5363
5365 5365
4871 5366
1570 5370
6417 5372
6713 5377
5378 5378
3411 5379
4902 5380
5944 5387
2081 5388
3217 5389
2978 5391
956 5392
5393 5393
2567 5399
5075 5400
5062 5402
6249 5404
5406 5406
3296 5407
5489 5408
5409 5409
5411 5411
0 5412
3717 5413
5789 5414
844 5416
3287 5426
5996 5429
5315 5433
5436 5436
6508 5437
5438 5438
6852 5444
875 5445
3905 5449
4384 5452
1975 5454
3598 5455
507 5457
5458 5458
4100 5460
4100 5462
762 5466
2883 5467
5468 5468
1226 5469
6300 5472
1884 5473
2718 5480
2718 5481
496 5482
3371 5483
5484 5484
956 5485
6119 5486
3490 5487
1159 5488
3742 5492
6743 5495
8 5496
5497 5497
5499 5499
2764 5501
4100 5502
1290 5503
5614 5509
3795 5510
602 5512
5514 5514
5902 5517
5519 5519
6848 5521
3643 5522
5994 5526
5527 5527
5529 5529
4161 5532
1667 5533
5536 5536
5538 5538
2977 5539
5540 5540
5542 5542
6117 5543
5182 5548
5437 5550
844 5551
5133 5552
1587 5554
5715 5557
973 5558
2081 5559
4431 5563
3331 5564
1300 5565
6577 5567
2036 5568
6731 5569
4552 5570
264 5574
2941 5580
5581 5581
2891 5582
4100 5583
1953 5588
5569 5589
126 5591
4932 5594
1956 5595
4478 5596
4461 5597
5598 5598
1005 5600
5601 5601
85 5602
497 5603
6209 5610
181 5612
6884 5617
5619 5619
1346 5620
5624 5624
5652 5627
5630 5630
3922 5631
5884 5634
2492 5638
914 5640
5641 5641
5648 5648
4647 5649
6561 5654
6684 5655
5009 5656
2175 5657
5659 5659
2394 5660
5663 5663
4224 5665
2795 5666
4100 5667
650 5668
5516 5669
3642 5671
5749 5673
5674 5674
2858 5675
428 5676
5678 5678
4632 5681
2988 5683
4427 5685
1929 5687
3650 5689
5691 5691
6671 5692
1937 5696
5698 5698
5702 5702
5304 5704
3204 5707
912 5709
5714 5714
6175 5717
3768 5721
3037 5724
4464 5726
4663 5731
1819 5738
1850 5739
5740 5740
5741 5741
5743 5743
5746 5746
264 5748
5567 5749
5750 5750
4067 5751
4428 5753
4100 5754
3045 5757
5762 5762
4100 5765
5767 5767
823 5768
2938 5769
6157 5771
3024 5774
1520 5775
5777 5777
4092 5778
4932 5780
5782 5782
5783 5783
6158 5784
537 5786
3121 5788
3107 5789
4588 5790
5770 5795
5329 5797
5799 5799
4478 5801
5802 5802
5806 5806
5807 5807
4027 5809
3547 5812
5813 5813
3742 5815
914 5821
6618 5822
5908 5826
4184 5827
760 5833
5834 5834
6161 5837
5838 5838
5840 5840
1937 5842
5848 5848
5493 5850
5398 5853
6059 5855
2829 5864
287 5867
5869 5869
4991 5872
4162 5876
5140 5877
1655 5878
3959 5879
1855 5890
768 5891
2241 5897
5898 5898
380 5901
5113 5902
3424 5905
5842 5906
5908 5908
957 5914
6263 5915
6746 5917
5493 5918
4493 5922
5923 5923
6888 5925
4340 5926
5927 5927
1981 5928
1346 5931
5932 5932
65 5933
5848 5935
4729 5939
4184 5942
5944 5944
3198 5945
4879 5947
6209 5949
5951 5951
5952 5952
5953 5953
3198 5955
2971 5958
1015 5961
3164 5962
491 5968
2941 5972
5977 5977
3806 5978
2826 5980
5981 5981
1637 5985
5986 5986
2534 5987
5988 5988
5991 5991
113 5993
5994 5994
5182 5995
3311 5998
201 5999
4349 6002
6005 6005
4632 6013
1216 6014
6023 6023
3012 6024
3499 6027
825 6028
1291 6029
5264 6032
6035 6035
2860 6037
3965 6039
2362 6040
809 6041
3757 6042
2403 6045
1343 6047
5820 6048
6394 6049
537 6050
3575 6053
6054 6054
6056 6056
4166 6057
3036 6059
5431 6060
6062 6062
1993 6067
4237 6069
2511 6076
6077 6077
4100 6078
6079 6079
10 6080
6085 6085
6469 6087
4100 6089
6090 6090
124 6091
2040 6092
1829 6093
4576 6098
2278 6100
2535 6105
6110 6110
6038 6112
4100 6116
1745 6117
5853 6120
5111 6123
684 6125
5572 6127
2012 6128
4100 6135
6136 6136
5309 6137
5222 6140
3826 6142
6147 6147
638 6151
5853 6152
3514 6153
312 6154
1374 6156
4610 6158
6159 6159
6533 6160
2851 6162
6163 6163
6573 6167
1129 6172
3324 6174
1520 6176
1537 6177
792 6182
4659 6186
4707 6187
6190 6190
6736 6192
4632 6194
6379 6199
6200 6200
3299 6201
5633 6204
5006 6206
4837 6209
1111 6210
5516 6211
6212 6212
5107 6217
4934 6230
6231 6231
2631 6236
245 6238
6117 6240
4324 6241
5434 6243
2941 6244
759 6245
177 6246
5540 6247
6248 6248
5617 6251
2934 6255
203 6257
5075 6258
5215 6261
5862 6263
2456 6267
3743 6268
6457 6270
1819 6274
6275 6275
6276 6276
6869 6277
6278 6278
6360 6281
3163 6282
6285 6285
6286 6286
1093 6287
6083 6288
5075 6289
1551 6293
6294 6294
6518 6296
2192 6297
1957 6298
1239 6305
5068 6306
4562 6307
6309 6309
1068 6312
650 6316
3828 6317
6862 6318
6319 6319
290 6320
4631 6326
4871 6327
5134 6329
2941 6333
62 6334
1478 6338
3846 6341
6716 6345
1925 6349
911 6351
381 6357
6363 6363
6365 6365
458 6366
4100 6367
4593 6368
5718 6369
6370 6370
6373 6373
4228 6377
5989 6381
6383 6383
3473 6385
6388 6388
6389 6389
1021 6396
4644 6402
680 6404
4689 6406
1752 6407
1675 6408
1914 6410
3289 6412
2423 6413
912 6420
967 6424
6425 6425
1698 6427
6429 6429
896 6430
15 6436
6438 6438
4552 6439
1249 6441
1981 6442
4100 6443
3601 6444
6446 6446
3975 6449
1935 6450
6451 6451
2883 6454
1378 6462
4562 6464
82 6466
6467 6467
5284 6469
1096 6471
3802 6476
5545 6478
6479 6479
6482 6482
6582 6483
4951 6485
2241 6486
1867 6489
4647 6498
4360 6499
6502 6502
840 6504
6722 6506
1919 6511
6512 6512
77 6514
5222 6517
5852 6518
2941 6521
3756 6522
5262 6525
6527 6527
3602 6529
6530 6530
2446 6531
4889 6534
3457 6536
1699 6537
6538 6538
274 6541
6285 6544
3742 6545
6546 6546
5050 6551
772 6552
6554 6554
6620 6556
4870 6558
6559 6559
5589 6561
6563 6563
3267 6564
347 6565
5840 6566
3579 6567
3919 6568
5512 6572
4697 6573
6577 6577
5385 6578
5572 6579
1754 6580
2779 6582
3314 6584
6585 6585
6731 6588
2063 6589
5111 6590
6591 6591
6592 6592
6595 6595
6597 6597
760 6599
729 6600
1975 6601
6602 6602
6603 6603
1518 6606
4562 6609
5644 6610
1044 6611
1530 6613
1776 6618
6740 6622
2296 6623
4144 6624
6625 6625
6626 6626
2692 6628
28 6634
3424 6635
1551 6636
6638 6638
675 6640
743 6642
6644 6644
6772 6645
3313 6648
6650 6650
1678 6651
6449 6652
2034 6653
2167 6657
2631 6658
1121 6663
1116 6664
6665 6665
6666 6666
2395 6667
692 6668
1000 6669
700 6670
1954 6672
3324 6673
5775 6677
239 6679
6235 6680
6683 6683
5614 6687
848 6688
6507 6689
2685 6690
6693 6693
4269 6695
4312 6698
1684 6700
6706 6706
169 6710
3848 6712
6713 6713
6715 6715
2668 6716
2342 6718
2884 6719
6721 6721
2883 6722
4241 6724
1279 6727
3553 6728
3562 6729
4757 6731
2648 6732
840 6733
5685 6735
6363 6739
719 6742
3275 6745
5732 6746
5336 6748
3686 6749
6595 6750
124 6752
3556 6753
6754 6754
2984 6755
3629 6756
5516 6761
1374 6763
4075 6764
760 6765
2229 6768
1907 6777
4100 6779
5561 6783
4562 6784
4459 6788
5012 6790
6791 6791
6107 6792
6793 6793
4237 6794
5426 6796
1886 6797
2998 6799
6800 6800
1991 6802
6804 6804
279 6806
3371 6807
6809 6809
828 6810
5427 6812
4651 6813
2393 6817
6819 6819
1589 6821
507 6822
6824 6824
3578 6825
5715 6828
6830 6830
6832 6832
6834 6834
6860 6835
6839 6839
5195 6841
3379 6842
5222 6843
5648 6844
2127 6849
333 6850
6856 6856
6231 6859
4986 6860
2866 6862
1975 6863
6865 6865
6866 6866
972 6869
3919 6871
6872 6872
3742 6873
6874 6874
910 6875
3886 6876
6868 6877
5042 6878
6671 6879
4412 6881
5848 6884
1744 6885
6250 6886
6148 6887
432 6888
3728 6889
