6248 6248
3909 3909
409 409
328 328
23 23
408 408
6264 6264
407 407
321 321
3548 3548
439 439
37 37
3851 3851
442 442
1907 1907
227 227
128 128
3056 3056
6267 6267
3635 3635
36 36
3547 3547
3824 3824
3829 3829
3643 3643
3054 3054
3636 3636
3853 3853
432 432
130 130
3637 3637
3753 3753
429 429
325 325
438 438
17 17
3922 3922
76 76
312 312
3833 3833
3754 3754
3861 3861
3621 3621
92 92
3703 3703
6243 6243
436 436
3521 3521
63 63
3821 3821
456 456
64 64
3576 3576
3530 3530
3951 3951
119 119
3705 3705
3777 3777
340 340
6276 6276
138 138
117 117
2801 2801
2780 2780
2799 2799
351 351
2814 2814
2807 2807
3792 3792
3650 3650
5508 5508
3554 3554
2793 2793
3609 3609
5535 5535
2815 2815
5463 5463
5840 5840
1 1
5601 5601
3601 3601
335 335
2811 2811
5659 5659
3602 3602
3579 3579
3596 3596
3667 3667
3568 3568
5598 5598
8 8
245 245
3565 3565
3561 3561
2490 2490
5536 5536
2400 2400
3704 3704
3908 3908
2140 2140
7 7
3771 3771
2 2
5464 5464
2175 2175
113 113
5590 5590
2289 2289
2375 2375
2061 2061
5724 5724
5753 5753
2263 2263
2378 2378
5445 5445
2388 2388
5514 5514
2498 2498
2480 2480
260 260
2221 2221
2213 2213
5641 5641
5951 5951
2052 2052
2193 2193
3163 3163
5726 5726
2775 2775
3657 3657
2594 2594
2278 2278
2499 2499
5939 5939
2385 2385
2614 2614
5538 5538
3706 3706
2144 2144
5746 5746
5540 5540
3884 3884
3886 3886
5634 5634
5944 5944
2600 2600
5932 5932
2377 2377
3567 3567
5930 5930
2362 2362
5936 5936
5542 5542
2623 2623
5698 5698
2610 2610
2596 2596
5674 5674
5838 5838
6057 6057
2128 2128
6066 6066
2007 2007
2484 2484
2210 2210
2395 2395
2167 2167
393 393
5635 5635
2129 2129
2393 2393
5745 5745
5522 5522
5648 5648
2239 2239
6054 6054
5834 5834
2080 2080
6077 6077
5497 5497
5665 5665
6045 6045
5632 5632
2036 2036
5666 5666
158 158
3673 3673
2514 2514
2506 2506
1993 1993
2095 2095
6062 6062
5499 5499
5484 5484
5487 5487
2685 2685
3687 3687
5553 5553
197 197
3045 3045
5631 5631
374 374
2401 2401
2508 2508
5686 5686
2517 2517
5233 5233
5483 5483
3782 3782
5714 5714
6090 6090
2035 2035
5986 5986
2124 2124
2261 2261
5982 5982
3966 3966
3811 3811
2643 2643
2254 2254
3781 3781
6083 6083
5448 5448
4013 4013
147 147
2114 2114
2684 2684
4045 4045
2644 2644
6130 6130
2533 2533
4048 4048
505 505
3980 3980
2550 2550
2086 2086
468 468
2022 2022
4001 4001
6163 6163
4050 4050
3690 3690
6161 6161
3899 3899
4039 4039
4044 4044
1778 1778
2252 2252
5988 5988
6147 6147
4006 4006
6889 6889
2648 2648
3962 3962
4042 4042
2558 2558
2568 2568
2087 2087
5644 5644
3888 3888
2523 2523
5239 5239
507 507
6110 6110
2572 2572
401 401
6136 6136
4035 4035
2092 2092
163 163
2432 2432
2089 2089
363 363
5855 5855
5991 5991
387 387
5997 5997
2662 2662
1766 1766
6107 6107
5869 5869
6175 6175
4032 4032
3493 3493
529 529
6159 6159
552 552
6157 6157
2692 2692
466 466
6119 6119
487 487
2018 2018
544 544
2280 2280
295 295
2027 2027
538 538
2288 2288
2250 2250
270 270
475 475
2700 2700
5783 5783
2715 2715
576 576
2182 2182
5734 5734
5706 5706
524 524
5778 5778
6040 6040
3738 3738
5767 5767
2434 2434
558 558
5793 5793
5806 5806
6169 6169
6023 6023
545 545
3892 3892
5807 5807
2698 2698
2209 2209
2436 2436
5567 5567
2444 2444
2435 2435
6754 6754
3338 3338
3050 3050
300 300
6750 6750
6718 6718
2468 2468
2425 2425
2272 2272
5789 5789
3723 3723
3367 3367
2423 2423
3809 3809
5777 5777
6663 6663
2448 2448
6662 6662
3365 3365
296 296
5782 5782
3274 3274
5813 5813
3362 3362
6670 6670
5775 5775
6651 6651
6631 6631
6643 6643
3267 3267
6644 6644
6706 6706
6683 6683
3288 3288
3249 3249
3316 3316
3442 3442
6666 6666
6657 6657
6185 6185
1924 1924
5800 5800
3358 3358
6625 6625
6626 6626
3361 3361
3223 3223
6187 6187
5799 5799
3225 3225
3348 3348
3292 3292
3241 3241
271 271
255 255
5393 5393
5430 5430
5705 5705
6623 6623
2296 2296
3284 3284
3283 3283
6196 6196
3813 3813
2722 2722
2308 2308
6638 6638
2317 2317
6817 6817
3682 3682
6212 6212
4740 4740
6839 6839
1927 1927
6724 6724
2728 2728
3724 3724
1382 1382
3380 3380
3335 3335
3445 3445
5886 5886
5158 5158
4179 4179
1928 1928
6693 6693
1505 1505
2718 2718
3417 3417
5885 5885
3766 3766
6587 6587
1918 1918
6603 6603
3207 3207
6190 6190
3674 3674
2731 2731
6843 6843
3201 3201
3063 3063
2321 2321
6844 6844
2822 2822
6725 6725
5058 5058
6721 6721
1875 1875
1874 1874
5053 5053
1399 1399
3376 3376
3206 3206
4738 4738
1737 1737
4174 4174
6577 6577
5410 5410
6332 6332
5074 5074
5378 5378
1506 1506
4621 4621
211 211
3076 3076
6592 6592
3321 3321
2989 2989
6731 6731
4383 4383
830 830
2753 2753
3333 3333
4285 4285
3077 3077
5075 5075
4286 4286
5195 5195
5196 5196
927 927
676 676
2984 2984
1831 1831
1638 1638
2994 2994
6809 6809
6606 6606
6859 6859
6586 6586
6605 6605
5198 5198
6814 6814
2833 2833
6827 6827
3196 3196
1355 1355
1515 1515
1684 1684
677 677
1200 1200
2324 2324
791 791
3177 3177
5023 5023
652 652
5409 5409
636 636
4968 4968
4340 4340
1741 1741
5094 5094
6317 6317
1356 1356
4688 4688
6315 6315
2346 2346
4387 4387
3234 3234
6800 6800
1634 1634
2910 2910
3120 3120
1788 1788
4935 4935
4458 4458
1850 1850
4932 4932
3195 3195
973 973
721 721
4729 4729
6388 6388
1524 1524
6389 6389
4377 4377
6288 6288
5193 5193
6499 6499
302 302
705 705
1755 1755
4930 4930
6311 6311
972 972
1780 1780
4836 4836
3183 3183
1023 1023
4730 4730
4143 4143
6874 6874
3158 3158
1832 1832
6482 6482
4166 4166
2825 2825
1162 1162
901 901
3460 3460
1625 1625
1248 1248
2834 2834
3216 3216
4644 4644
6856 6856
1140 1140
904 904
3759 3759
1214 1214
2914 2914
1014 1014
3764 3764
1311 1311
3464 3464
1227 1227
1864 1864
1854 1854
726 726
1251 1251
6302 6302
1449 1449
4922 4922
1745 1745
2877 2877
2913 2913
4405 4405
958 958
4956 4956
3132 3132
6560 6560
4934 4934
970 970
6303 6303
1976 1976
1603 1603
6529 6529
3457 3457
6530 6530
1600 1600
4356 4356
1327 1327
1796 1796
1561 1561
5234 5234
4607 4607
3112 3112
1784 1784
4238 4238
903 903
808 808
4953 4953
6573 6573
6356 6356
802 802
3012 3012
936 936
944 944
4150 4150
1614 1614
1003 1003
4808 4808
5291 5291
4550 4550
4552 4552
3099 3099
4485 4485
1556 1556
4357 4357
1787 1787
4306 4306
5056 5056
4299 4299
4221 4221
1769 1769
4538 4538
4966 4966
1000 1000
4649 4649
1168 1168
996 996
1683 1683
1795 1795
1091 1091
4367 4367
1369 1369
1018 1018
1190 1190
1149 1149
3130 3130
3080 3080
4354 4354
2927 2927
4417 4417
1323 1323
1588 1588
2912 2912
1265 1265
2826 2826
1393 1393
1334 1334
6309 6309
4335 4335
4962 4962
6537 6537
4454 4454
4338 4338
1090 1090
857 857
4698 4698
3090 3090
4431 4431
1178 1178
841 841
2848 2848
3511 3511
1223 1223
1175 1175
957 957
4358 4358
1010 1010
4389 4389
1169 1169
4452 4452
2845 2845
4158 4158
1055 1055
975 975
1534 1534
5251 5251
1108 1108
4913 4913
5314 5314
6402 6402
4125 4125
4240 4240
4110 4110
598 598
2858 2858
5374 5374
4804 4804
2829 2829
6559 6559
3037 3037
1700 1700
4096 4096
6381 6381
4873 4873
6357 6357
1799 1799
3039 3039
3036 3036
3137 3137
1096 1096
1121 1121
6512 6512
1464 1464
1649 1649
4333 4333
1125 1125
3495 3495
4186 4186
836 836
1137 1137
1093 1093
4493 4493
3134 3134
4494 4494
4155 4155
6365 6365
1236 1236
4950 4950
1141 1141
4157 4157
2950 2950
6338 6338
4443 4443
5166 5166
4352 4352
1033 1033
4912 4912
1203 1203
4297 4297
1275 1275
4131 4131
1454 1454
4504 4504
1843 1843
5225 5225
3043 3043
3125 3125
4565 4565
1184 1184
5201 5201
4615 4615
3096 3096
3094 3094
5295 5295
4543 4543
1458 1458
5255 5255
4936 4936
1511 1511
5287 5287
5266 5266
4360 4360
1478 1478
6444 6444
6510 6510
4198 4198
892 892
873 873
2865 2865
4985 4985
5153 5153
6571 6571
4127 4127
910 910
6527 6527
4571 4571
782 782
891 891
897 897
4562 4562
2885 2885
1112 1112
4123 4123
1082 1082
4201 4201
5333 5333
4502 4502
4517 4517
4277 4277
3093 3093
4631 4631
2904 2904
955 955
4126 4126
4192 4192
3155 3155
4854 4854
4641 4641
621 621
4573 4573
4628 4628
4396 4396
6412 6412
6872 6872
4866 4866
4941 4941
1417 1417
5007 5007
