2909 0
1 1
2 2
1673 3
4486 4
6279 6
7 7
8 8
5255 10
1361 13
17 17
6301 19
23 23
5466 28
6303 29
1084 30
36 36
37 37
4493 40
1951 41
4577 42
806 43
4242 44
4637 46
4096 47
1000 49
4404 52
4001 54
2220 55
3987 58
6828 59
900 62
63 63
64 64
1878 65
5306 67
2877 71
5166 74
76 76
2950 77
5132 79
3649 83
778 85
2095 87
92 92
2642 95
2316 100
5714 102
1477 103
5802 104
5337 105
2029 108
4442 109
113 113
4255 115
117 117
119 119
589 120
4502 124
5256 126
4301 127
128 128
5191 129
130 130
4889 133
3581 134
138 138
5035 139
3649 140
2408 142
2385 144
5869 145
6157 146
147 147
5233 148
151 151
2221 153
5781 154
6098 157
158 158
1934 160
1377 162
163 163
1392 164
295 166
3130 169
1251 174
5325 175
1749 176
5811 179
2010 182
1442 183
2061 184
5145 188
1760 190
3103 191
708 192
5544 195
284 196
197 197
6168 198
1508 204
2798 206
61 208
218 209
5225 210
211 211
214 214
215 215
435 217
4772 221
4717 222
2354 225
6708 226
227 227
393 228
1108 230
5966 231
4375 237
4634 243
245 245
6201 247
4207 248
1907 249
5986 253
255 255
3892 258
260 260
4330 262
1388 264
1143 265
1755 266
2810 267
3981 269
270 270
271 271
6775 273
6225 274
4577 275
1264 276
134 283
3054 288
4167 289
6472 290
1054 292
430 293
295 295
296 296
1493 298
300 300
495 301
302 302
4220 304
6341 305
4352 309
4288 311
312 312
2912 314
6472 316
4634 317
321 321
5027 323
325 325
5178 326
549 327
328 328
6431 330
2813 332
335 335
340 340
1914 342
2014 343
5056 345
782 348
4097 349
351 351
6599 352
3736 362
363 363
4634 365
374 374
4223 375
3950 377
6030 380
4274 381
1632 382
2743 383
3642 384
5099 385
387 387
4651 388
819 389
3274 392
393 393
6098 398
401 401
6695 402
6505 403
5570 404
193 406
407 407
408 408
409 409
4397 419
5083 420
2880 421
6498 422
2595 425
314 426
5463 427
5619 428
429 429
916 431
432 432
284 434
3020 435
436 436
438 438
439 439
5093 441
442 442
4854 443
2393 444
1084 453
4326 455
456 456
4934 459
1785 462
119 464
466 466
468 468
1797 470
475 475
961 477
6098 485
2648 486
487 487
5448 489
5067 490
3391 491
100 492
560 494
5869 495
5573 498
2199 500
4249 503
6581 504
505 505
1545 506
507 507
2817 515
4383 517
6521 518
689 519
524 524
5166 527
529 529
1304 530
6168 531
2111 535
4221 536
2869 537
538 538
5559 539
1689 540
4288 543
544 544
545 545
546 546
5381 550
313 551
552 552
6066 555
558 558
6559 560
4739 565
2433 566
1083 568
570 570
4304 571
3982 572
4965 574
576 576
28 577
2590 580
5293 581
583 583
586 586
29 587
5714 589
3085 593
4357 594
5166 595
598 598
5166 602
2523 603
1017 604
5320 606
6877 609
610 610
5516 611
5007 612
5403 613
6063 615
4217 618
621 621
1760 622
6729 623
1548 624
4113 626
790 629
697 632
3383 633
5235 634
636 636
6094 638
4449 640
2091 643
4879 644
3330 645
3756 649
4832 650
652 652
5099 653
2415 658
6039 660
4634 664
6659 665
196 666
6066 667
4826 669
4411 670
6346 672
674 674
676 676
677 677
5378 680
695 681
665 685
6517 688
693 693
3289 695
2904 697
5152 700
6659 702
3178 703
2246 704
705 705
1432 708
1377 709
3952 710
665 712
1683 713
4391 715
5047 717
4939 719
2498 720
721 721
6808 723
6560 724
726 726
4687 727
6741 728
5499 729
4686 731
1398 735
5566 745
3907 749
330 750
4686 751
5816 752
754 754
758 758
5507 761
2648 762
3800 763
5789 766
767 767
6439 768
771 771
773 773
726 776
778 778
4535 779
3253 781
782 782
4545 783
3998 787
788 788
3737 789
6706 790
791 791
2253 798
665 800
802 802
4007 803
3551 805
954 807
808 808
1527 809
6223 810
3085 811
4634 812
1706 813
3087 815
2840 816
818 818
803 822
4686 825
4634 827
830 830
3736 834
836 836
841 841
494 843
5403 845
6793 846
2595 847
1377 850
3739 855
857 857
1432 859
2014 860
789 864
6031 865
1398 866
5463 867
6535 869
873 873
232 875
2476 877
303 880
4793 881
884 884
4965 885
2825 886
3642 887
54 888
891 891
892 892
5526 894
1051 895
897 897
3868 900
901 901
1769 902
903 903
904 904
6651 907
1432 909
910 910
1284 911
1850 912
621 916
5235 920
2164 923
6161 926
927 927
2994 928
5929 931
1358 932
2127 933
4634 935
936 936
944 944
2440 945
674 952
973 953
955 955
1367 956
957 957
958 958
589 959
5267 960
2163 965
3088 966
44 968
970 970
972 972
973 973
1377 974
975 975
3366 979
5463 980
5166 982
5375 984
6695 989
4651 992
2534 995
996 996
2545 999
1000 1000
5235 1002
1003 1003
3359 1005
3183 1008
6288 1009
1010 1010
1014 1014
5235 1016
6177 1017
1018 1018
4820 1019
5166 1020
395 1022
1023 1023
5784 1024
999 1026
1033 1033
2506 1037
333 1038
3299 1039
6113 1040
2810 1042
5047 1044
4037 1045
2595 1047
1903 1049
1541 1050
4788 1051
4970 1052
4273 1053
1055 1055
1127 1056
1744 1059
4634 1060
6615 1063
423 1066
1050 1067
907 1074
6110 1076
6817 1078
6677 1079
1524 1080
1432 1081
1082 1082
3995 1086
1090 1090
1091 1091
864 1092
1093 1093
1096 1096
4113 1097
5458 1101
3453 1102
1194 1103
5685 1104
5068 1106
3017 1107
1108 1108
4376 1110
3571 1111
1112 1112
3923 1116
6269 1118
478 1120
1121 1121
6448 1123
1125 1125
5882 1126
3234 1129
2810 1130
1791 1132
3372 1135
1137 1137
506 1138
1140 1140
1141 1141
4634 1142
5834 1144
520 1145
2800 1146
5932 1147
1149 1149
134 1151
5786 1152
174 1153
5166 1157
840 1159
2279 1161
1162 1162
2431 1163
1164 1164
1203 1165
1168 1168
1169 1169
1377 1171
1717 1173
2184 1174
1175 1175
4521 1176
1178 1178
6655 1181
5484 1182
1184 1184
6560 1186
2876 1187
5677 1188
1190 1190
4813 1195
1200 1200
5016 1202
1203 1203
5403 1204
1092 1205
3505 1207
665 1208
2257 1210
2061 1211
5463 1212
1214 1214
4634 1216
916 1218
3366 1219
1223 1223
3436 1224
5732 1226
1227 1227
1236 1236
3134 1239
5845 1243
3878 1244
6271 1245
1248 1248
1251 1251
6180 1252
3270 1254
5463 1256
3399 1257
1258 1258
5603 1259
2423 1260
5249 1261
6288 1263
1265 1265
961 1266
3047 1269
5791 1270
4951 1272
1275 1275
1277 1277
1528 1278
1279 1279
396 1283
1771 1284
1388 1287
4102 1290
1293 1293
573 1297
6423 1299
2222 1302
4369 1309
6480 1310
1311 1311
3258 1313
423 1317
2789 1320
4690 1321
1323 1323
973 1324
1327 1327
1760 1330
1334 1334
3297 1335
1063 1337
1182 1338
3735 1339
3366 1340
4521 1341
4634 1344
5234 1346
4009 1347
6168 1352
2932 1353
1355 1355
1356 1356
1358 1358
6651 1362
1363 1363
973 1365
4498 1366
973 1367
3570 1368
1369 1369
2595 1371
417 1372
2855 1377
4878 1380
4521 1381
1382 1382
6138 1383
6169 1385
1387 1387
1388 1388
4765 1392
1393 1393
4493 1394
1396 1396
1399 1399
1454 1402
3366 1403
1361 1405
1409 1409
2626 1410
5166 1412
5188 1414
6499 1416
1417 1417
6724 1418
1600 1419
904 1421
1700 1423
3525 1425
3366 1426
5068 1429
2238 1435
1441 1441
4282 1442
5235 1443
589 1444
734 1445
5007 1448
1449 1449
6269 1450
1454 1454
4675 1456
4220 1457
1458 1458
6267 1460
5191 1462
1464 1464
1818 1467
1827 1468
5235 1472
6494 1473
3461 1474
1478 1478
5197 1481
6877 1484
6613 1486
1109 1489
2408 1491
3401 1494
6631 1497
1880 1498
346 1499
3037 1503
5266 1504
1505 1505
1506 1506
5852 1508
1511 1511
1515 1515
5771 1516
4069 1518
1524 1524
5212 1525
1377 1530
4798 1531
4638 1532
1534 1534
6130 1535
3901 1536
1537 1537
1538 1538
916 1539
5191 1540
1541 1541
4775 1542
3000 1543
1588 1544
3579 1545
2500 1546
1480 1549
5799 1551
5340 1552
1556 1556
1557 1557
1561 1561
2253 1564
1675 1565
1567 1567
1568 1568
1584 1569
5166 1570
3661 1571
6689 1573
5597 1576
4697 1578
1579 1579
5235 1581
6883 1582
5023 1585
1588 1588
3782 1589
2214 1591
2788 1592
1593 1593
4717 1594
1595 1595
431 1599
1600 1600
545 1601
1603 1603
5235 1606
4677 1611
1613 1613
1614 1614
5024 1615
3852 1617
4411 1618
1619 1619
3514 1621
4893 1624
1625 1625
909 1626
1628 1628
1634 1634
1317 1635
1637 1637
1638 1638
4273 1640
6555 1643
5469 1644
3039 1646
4582 1647
4411 1648
1649 1649
2457 1651
1652 1652
1910 1655
665 1656
1657 1657
154 1659
1660 1660
589 1664
2329 1665
3596 1666
1667 1667
3680 1668
2733 1670
3225 1674
3771 1677
1678 1678
997 1680
5233 1681
1683 1683
1684 1684
1503 1687
3951 1688
5508 1689
5976 1690
1695 1695
1700 1700
4133 1701
4404 1702
6796 1703
3114 1705
4249 1707
3870 1708
6602 1709
5166 1712
61 1714
1497 1715
4965 1716
1720 1720
1725 1725
6305 1727
5913 1728
3085 1735
3048 1736
1737 1737
1741 1741
6560 1742
1235 1743
423 1744
1745 1745
615 1746
5716 1748
1749 1749
379 1750
4501 1754
1755 1755
1761 1761
431 1762
532 1764
1766 1766
1769 1769
4184 1771
6104 1773
589 1776
1415 1777
1778 1778
1780 1780
4914 1781
1678 1783
1784 1784
1787 1787
1788 1788
6180 1789
5235 1790
2125 1791
4871 1793
5056 1794
1795 1795
1796 1796
4787 1797
1799 1799
67 1801
6039 1803
5962 1805
4663 1807
3795 1808
4553 1809
3668 1810
4392 1811
551 1813
1906 1817
2788 1820
1824 1824
1826 1826
4873 1828
1831 1831
1832 1832
1833 1833
5653 1834
3862 1835
1838 1838
1683 1839
1935 1842
1843 1843
3863 1844
416 1849
1850 1850
6390 1852
5249 1853
1854 1854
4712 1856
4830 1857
2094 1861
5751 1862
1864 1864
4686 1866
4361 1870
4437 1871
6555 1872
1874 1874
1875 1875
1876 1876
1878 1878
431 1879
5950 1881
3363 1883
6024 1886
1092 1888
4258 1890
3418 1897
1852 1898
843 1901
4634 1902
4634 1903
1904 1904
1907 1907
2408 1911
1912 1912
1913 1913
1361 1915
1916 1916
1918 1918
5047 1919
1924 1924
1927 1927
1928 1928
1284 1929
6659 1930
533 1935
4991 1938
6146 1941
5012 1943
3749 1953
3691 1955
6480 1958
671 1959
2025 1961
4483 1967
1293 1968
1377 1969
5526 1970
2595 1974
1976 1976
4759 1979
1813 1981
2345 1984
4634 1985
306 1987
1993 1993
835 1994
5344 1995
5749 2000
5463 2002
1334 2005
1678 2006
2007 2007
4686 2008
1000 2009
6529 2010
3902 2012
6576 2013
3488 2015
1279 2016
1830 2017
2018 2018
2019 2019
1654 2020
2022 2022
54 2023
2027 2027
5677 2030
2220 2031
916 2032
2035 2035
2036 2036
1778 2037
4273 2038
3795 2039
1501 2040
4589 2042
5215 2044
6726 2045
6353 2048
2283 2049
1203 2051
2052 2052
6597 2054
790 2056
2182 2059
6045 2060
2061 2061
3069 2062
5110 2067
1195 2068
2838 2070
6045 2074
3858 2076
2663 2077
2745 2079
2080 2080
2086 2086
2087 2087
2089 2089
2092 2092
6576 2093
911 2094
2095 2095
2035 2101
819 2102
5486 2103
5547 2105
4854 2106
6435 2107
3982 2108
2091 2110
6219 2113
2114 2114
6720 2121
2124 2124
1598 2127
2128 2128
2129 2129
6117 2130
5279 2134
1695 2135
382 2137
1143 2138
973 2139
2140 2140
4965 2143
2144 2144
497 2147
2061 2148
4007 2151
5464 2152
5463 2153
1351 2156
3745 2162
891 2164
6835 2166
2167 2167
1235 2170
5891 2171
1111 2172
5097 2174
2175 2175
2326 2178
2182 2182
861 2184
6270 2192
2193 2193
2446 2194
265 2195
3927 2197
2240 2198
3048 2201
4377 2206
4807 2207
2209 2209
2210 2210
2213 2213
3155 2216
589 2218
2221 2221
1929 2222
4404 2223
6648 2224
5255 2225
3842 2230
4991 2231
3950 2232
238 2234
3085 2235
2239 2239
5267 2242
3049 2245
5634 2246
6554 2247
2250 2250
2252 2252
2254 2254
1454 2255
1634 2256
5714 2257
6621 2259
2261 2261
5378 2262
2263 2263
5235 2264
2240 2266
4854 2267
3801 2270
2272 2272
2648 2275
97 2277
2278 2278
2280 2280
197 2282
2093 2283
6659 2286
2288 2288
2289 2289
2609 2291
3252 2292
3401 2293
4991 2294
1780 2295
2296 2296
1561 2299
6817 2301
1746 2302
4520 2304
5078 2305
2701 2306
648 2307
2308 2308
3339 2311
2312 2312
4421 2313
584 2314
6432 2315
5152 2316
2317 2317
2321 2321
2198 2322
2324 2324
2329 2328
6515 2332
5846 2337
1090 2338
295 2341
118 2342
2346 2346
5784 2347
2351 2351
1075 2352
1588 2358
873 2360
2362 2362
4965 2363
5879 2369
2568 2370
5088 2372
560 2373
2375 2375
1836 2376
2377 2377
2378 2378
5099 2382
5586 2384
2385 2385
3909 2386
2388 2388
2393 2393
4634 2394
2395 2395
3372 2397
2400 2400
2401 2401
122 2403
4785 2406
1446 2408
4011 2410
5267 2414
3156 2416
3933 2418
2515 2422
2423 2423
4320 2424
2425 2425
5166 2426
1527 2430
4210 2431
2432 2432
790 2433
2434 2434
2435 2435
2436 2436
327 2437
284 2439
3679 2440
3777 2441
4832 2442
2444 2444
2503 2446
1437 2447
2448 2448
1063 2449
1599 2451
4220 2453
6317 2454
4249 2455
5793 2460
3106 2461
2118 2466
15 2467
2468 2468
3682 2470
417 2473
5553 2476
6279 2477
333 2478
2480 2480
1235 2482
3894 2483
2484 2484
5847 2487
1243 2488
5786 2489
2490 2490
667 2491
2025 2492
6425 2493
2690 2496
2498 2498
2499 2499
5915 2500
692 2501
5157 2502
2506 2506
2508 2508
5879 2513
2514 2514
2517 2517
5227 2518
6059 2519
5093 2521
2523 2523
838 2525
5466 2527
5271 2530
2800 2532
2533 2533
2214 2534
3932 2536
2898 2541
3095 2542
6119 2544
4220 2549
2550 2550
1324 2551
2558 2558
447 2559
6209 2560
1959 2564
2568 2568
4181 2569
2572 2572
6650 2573
5222 2576
3680 2577
5497 2579
973 2581
4939 2583
5137 2585
1633 2590
3982 2592
2594 2594
2596 2596
2600 2600
5320 2601
3393 2602
3391 2606
4634 2607
1235 2608
2610 2610
1087 2611
5130 2612
6170 2613
2614 2614
3397 2622
2623 2623
873 2624
5784 2625
6830 2628
5619 2631
6670 2634
5570 2635
4686 2638
2643 2643
2644 2644
2648 2648
2111 2649
6457 2653
4359 2654
5879 2657
2662 2662
6791 2663
1647 2666
1121 2668
5799 2670
1677 2675
5122 2676
381 2677
5821 2678
4113 2680
2684 2684
2685 2685
2938 2686
5168 2687
5138 2689
2692 2692
4134 2693
3253 2694
973 2696
2091 2697
2698 2698
440 2699
2700 2700
545 2701
3553 2702
6874 2703
5829 2705
3363 2708
3810 2709
2715 2715
580 2717
2718 2718
2749 2720
2722 2722
2728 2728
6828 2729
790 2730
2731 2731
2585 2732
6739 2733
6187 2738
2739 2739
2743 2743
3439 2746
5173 2747
665 2750
4392 2752
2753 2753
3465 2755
5791 2758
1609 2759
6243 2760
1225 2765
180 2769
945 2771
6347 2772
2775 2775
4639 2776
2780 2780
5166 2782
2795 2783
3638 2786
5645 2789
4181 2790
612 2792
2793 2793
544 2795
2797 2797
5191 2798
2799 2799
2581 2800
2801 2801
2813 2806
2807 2807
2810 2810
2811 2811
2814 2814
2815 2815
6783 2817
377 2818
2819 2819
2822 2822
3517 2824
2825 2825
2826 2826
3311 2827
3546 2828
2829 2829
2585 2830
2833 2833
2834 2834
1054 2835
6585 2836
2025 2840
3727 2841
4585 2843
2845 2845
4113 2847
2848 2848
3144 2853
1052 2856
2858 2858
5847 2860
1690 2863
2865 2865
6341 2868
591 2873
5784 2876
2877 2877
4061 2878
2367 2880
2885 2885
6393 2886
4994 2887
1588 2888
3358 2890
5375 2892
4145 2895
2897 2897
5166 2900
2904 2904
2905 2905
2910 2910
1778 2911
2912 2912
2913 2913
2914 2914
6140 2919
130 2920
4634 2921
3050 2924
5388 2925
6224 2926
2927 2927
2594 2928
269 2929
5272 2930
5125 2932
2743 2933
6817 2937
3340 2939
2457 2940
2941 2941
5784 2944
1700 2947
2595 2949
2950 2950
1084 2951
2186 2952
1155 2953
6213 2954
6520 2955
6791 2957
3899 2958
5568 2960
2962 2962
6180 2964
6146 2965
2969 2969
3121 2972
6393 2973
1305 2976
5962 2979
2981 2981
4527 2982
2984 2984
5559 2986
2648 2988
2989 2989
6560 2990
695 2992
6613 2993
2994 2994
2286 2997
3000 3000
3001 3001
363 3002
3004 3004
4097 3005
3006 3006
2206 3007
2401 3010
3012 3012
4813 3016
2789 3019
1377 3021
1778 3022
4478 3023
3026 3026
3029 3029
5879 3034
3036 3036
3037 3037
3039 3039
1377 3042
3043 3043
5526 3044
3045 3045
4858 3046
5996 3049
3050 3050
1914 3053
3054 3054
3056 3056
390 3059
5653 3061
948 3062
3063 3063
2509 3067
19 3068
3899 3069
1755 3070
4077 3074
3076 3076
3077 3077
3079 3079
3080 3080
4634 3082
831 3083
3769 3085
5099 3086
4006 3088
3090 3090
573 3091
3093 3093
3094 3094
3096 3096
3099 3099
1639 3100
873 3101
1632 3102
2383 3103
973 3105
2568 3108
2932 3109
3981 3111
3112 3112
4879 3113
973 3119
3120 3120
2765 3121
6218 3123
3958 3124
3125 3125
6410 3127
2136 3129
3130 3130
3132 3132
3134 3134
6177 3135
3421 3136
3137 3137
4212 3139
682 3140
4873 3143
431 3145
3365 3148
54 3149
2012 3153
3155 3155
3761 3157
3158 3158
2868 3161
3163 3163
3168 3168
3821 3169
3171 3171
4113 3173
3936 3175
3177 3177
4634 3178
1377 3179
3032 3180
3183 3183
4499 3188
1961 3189
2061 3191
621 3194
3195 3195
3196 3196
3201 3201
6850 3203
6662 3204
3206 3206
3207 3207
3695 3208
3216 3216
2904 3219
5921 3220
1954 3222
3223 3223
3225 3225
1849 3226
6169 3227
5289 3231
6101 3233
3234 3234
5227 3236
4257 3237
3241 3241
2863 3243
225 3246
3009 3247
3249 3249
1639 3250
1174 3254
819 3256
589 3257
3267 3267
790 3268
602 3269
2595 3273
3274 3274
4828 3276
4634 3279
4421 3282
3283 3283
3284 3284
3288 3288
238 3289
3292 3292
6169 3296
4893 3299
1398 3300
1616 3301
2595 3302
1658 3303
3350 3304
6809 3307
1084 3311
232 3313
521 3314
417 3315
3316 3316
3321 3321
973 3322
5086 3323
4404 3324
4018 3325
4701 3326
3333 3333
3335 3335
3338 3338
5068 3340
4405 3343
3498 3344
328 3347
3348 3348
1386 3350
3985 3352
6553 3353
1771 3354
3358 3358
3361 3361
3362 3362
3365 3365
6659 3366
3367 3367
1324 3369
6807 3371
2718 3372
2545 3373
3376 3376
1084 3377
3380 3380
2853 3381
65 3388
2304 3391
242 3393
722 3396
4594 3398
3238 3399
6164 3400
6219 3403
5166 3405
3823 3407
6555 3410
3854 3411
4015 3413
4638 3415
584 3416
3417 3417
1163 3421
2091 3422
2267 3424
6384 3427
6645 3430
3253 3431
2224 3436
4148 3439
3894 3440
3442 3442
3372 3443
3445 3445
4047 3449
97 3454
1881 3456
3457 3457
3460 3460
3464 3464
5526 3469
564 3471
3396 3473
3366 3477
1235 3479
5056 3481
3747 3490
4634 3492
3493 3493
589 3494
3495 3495
4172 3496
6254 3500
5684 3505
2644 3508
5559 3509
3511 3511
5964 3513
6423 3516
2786 3517
3521 3521
4493 3523
2061 3526
2755 3528
3530 3530
4965 3532
1788 3533
4820 3537
6586 3538
3982 3539
3427 3540
5808 3541
648 3542
3547 3547
3548 3548
5330 3549
4347 3552
3554 3554
3561 3561
2522 3562
3057 3563
3565 3565
5840 3566
3567 3567
3568 3568
3943 3571
5234 3575
3576 3576
2005 3577
3579 3579
2273 3581
1136 3584
4268 3585
1603 3586
1361 3589
195 3591
3113 3592
2212 3595
3596 3596
1361 3598
6560 3599
3601 3601
3602 3602
4493 3603
4023 3605
3253 3606
3609 3609
790 3610
4889 3613
6057 3616
2765 3618
4313 3619
3621 3621
405 3622
3022 3625
4212 3628
3651 3630
4333 3634
3635 3635
3636 3636
3637 3637
757 3642
3643 3643
3858 3647
1476 3649
3650 3650
3822 3652
5407 3655
3657 3657
2879 3659
2595 3664
4965 3665
2595 3666
3667 3667
3673 3673
3674 3674
3937 3676
6157 3681
3682 3682
2073 3686
3687 3687
6843 3688
3648 3689
3690 3690
2879 3692
1356 3695
6347 3697
5749 3699
2049 3700
2838 3701
5793 3702
3703 3703
3704 3704
3705 3705
3706 3706
6613 3708
589 3712
2144 3714
5536 3717
2595 3719
3723 3723
3724 3724
5252 3727
3728 3728
2764 3733
6106 3734
3738 3738
1849 3741
288 3745
2858 3746
6288 3748
4653 3749
3753 3753
3754 3754
5834 3756
3759 3759
5171 3760
3764 3764
4449 3765
3766 3766
1017 3767
5441 3769
3771 3771
3621 3773
4226 3774
5526 3775
3777 3777
4520 3778
3781 3781
3782 3782
2329 3784
428 3787
1955 3789
1545 3790
3792 3792
4216 3794
2689 3798
5594 3799
1281 3802
4487 3805
973 3807
3809 3809
3811 3811
3813 3813
6525 3816
6793 3818
5526 3820
3821 3821
3824 3824
3828 3828
3829 3829
3833 3833
1092 3836
1540 3838
73 3839
3001 3840
3680 3841
6272 3842
4991 3843
6695 3844
5184 3847
3851 3851
3853 3853
1040 3854
6428 3855
5601 3856
5463 3857
1377 3858
3861 3861
3514 3865
194 3867
6218 3872
873 3876
3136 3877
1090 3881
1235 3882
3883 3883
3884 3884
6275 3885
3886 3886
1377 3887
3888 3888
3892 3892
2508 3895
4298 3896
3899 3899
5186 3900
4207 3904
1744 3905
5393 3907
3908 3908
3909 3909
3858 3910
1243 3912
4320 3913
5157 3915
355 3916
2538 3917
3085 3918
5171 3919
3922 3922
1929 3923
5210 3924
4131 3925
4631 3926
519 3930
2994 3932
1437 3935
3848 3936
4719 3937
5267 3938
2653 3940
3942 3942
2890 3943
2928 3945
2345 3947
997 3948
3951 3951
5684 3952
6370 3954
3085 3959
6621 3960
2813 3961
3962 3962
6030 3963
6804 3965
3966 3966
6845 3968
1448 3970
1540 3972
228 3975
295 3977
3979 3979
3980 3980
946 3982
5786 3984
3376 3985
3376 3988
3989 3989
2257 3997
573 3999
4001 4001
5731 4002
4360 4004
4006 4006
4007 4007
5296 4010
4013 4013
5573 4014
1011 4016
4037 4019
4696 4020
6310 4021
1325 4027
4032 4032
4035 4035
4036 4036
2904 4037
4039 4039
4042 4042
4044 4044
4045 4045
4048 4048
3753 4049
4050 4050
1760 4052
6576 4054
4058 4058
4493 4059
5463 4063
1622 4066
6860 4067
1284 4069
1435 4070
1869 4072
4634 4080
4082 4082
4084 4084
6171 4086
5235 4088
5166 4090
2972 4092
4752 4093
665 4094
5799 4095
4096 4096
4943 4101
4049 4103
2134 4106
5157 4107
4110 4110
232 4115
2087 4116
4028 4117
3254 4118
6555 4121
4123 4123
3407 4124
4125 4125
4126 4126
4127 4127
4634 4129
4131 4131
5585 4132
2891 4135
972 4137
4143 4143
62 4149
4150 4150
4016 4152
3172 4153
4155 4155
4157 4157
4158 4158
1095 4160
6824 4161
4162 4162
4306 4165
4166 4166
4168 4168
4254 4171
2522 4172
4174 4174
5799 4176
4179 4179
699 4182
4186 4186
4467 4187
2789 4188
2716 4189
973 4191
4192 4192
4160 4197
4198 4198
4201 4201
896 4205
4206 4206
3816 4211
4007 4212
1594 4214
1306 4217
2663 4218
2609 4219
4221 4221
4188 4222
6157 4226
6449 4227
589 4228
1613 4229
4230 4230
5166 4236
4238 4238
4240 4240
1418 4241
5879 4243
4244 4244
899 4246
3343 4249
790 4252
5235 4260
5047 4261
4262 4262
5007 4263
3085 4265
27 4267
2224 4269
405 4274
2285 4275
4277 4277
4634 4279
1466 4281
4282 4282
3756 4283
4285 4285
4286 4286
2071 4287
4540 4295
4297 4297
4299 4299
5654 4300
3038 4302
1552 4304
4306 4306
6047 4307
4300 4308
3313 4310
3736 4312
6370 4321
4322 4322
2830 4324
4634 4327
1525 4328
4165 4330
4333 4333
4335 4335
4338 4338
4340 4340
6181 4342
284 4343
3196 4344
324 4347
4352 4352
4354 4354
4356 4356
4357 4357
4358 4358
4360 4360
5784 4362
4367 4367
2409 4368
3744 4371
1137 4372
61 4374
5863 4376
4377 4377
1828 4380
5879 4381
3140 4382
4383 4383
4686 4385
3536 4386
4387 4387
1175 4388
4389 4389
1903 4390
4634 4394
4396 4396
5387 4398
6772 4400
5856 4403
4405 4405
641 4407
1768 4409
4010 4410
1633 4411
3253 4413
2408 4414
5235 4416
4417 4417
2666 4420
3954 4424
1924 4425
6177 4427
6488 4429
2994 4430
4431 4431
4534 4437
4772 4439
3588 4440
6512 4442
4443 4443
6498 4444
5168 4445
6098 4449
6180 4451
4452 4452
5883 4453
4454 4454
1490 4455
4458 4458
3447 4459
6070 4460
6637 4463
1283 4465
168 4469
1377 4472
858 4477
1279 4479
2552 4482
6480 4484
4485 4485
6793 4486
6190 4488
4859 4489
1760 4490
4493 4493
4494 4494
1635 4495
4849 4497
6805 4499
4502 4502
4504 4504
3178 4507
2813 4508
4501 4510
4776 4515
2253 4516
4517 4517
653 4519
2186 4522
5791 4525
2146 4530
584 4532
5192 4537
4538 4538
6062 4540
4634 4541
4543 4543
2216 4545
3596 4546
4308 4548
6651 4549
4550 4550
4552 4552
1061 4553
1818 4557
6288 4560
4562 4562
4565 4565
1235 4566
5607 4570
4571 4571
6243 4572
4573 4573
2648 4574
3365 4575
4965 4578
760 4579
2493 4580
2010 4582
4813 4583
654 4587
3596 4598
1946 4601
2383 4604
3048 4605
4607 4607
5166 4609
5868 4610
6143 4614
4615 4615
4621 4621
1391 4623
665 4624
4628 4628
5463 4630
4631 4631
1187 4634
1377 4636
2572 4637
495 4638
6611 4640
4641 4641
6393 4642
5166 4643
4644 4644
2091 4647
2606 4648
4649 4649
87 4650
6157 4653
3048 4655
5378 4656
2552 4659
5289 4661
2514 4663
3380 4664
61 4666
2184 4671
50 4672
2198 4675
973 4676
3818 4677
4634 4678
3399 4679
682 4680
4762 4682
3325 4683
2257 4686
2941 4687
4688 4688
5235 4695
2103 4697
4698 4698
665 4699
4875 4701
2538 4702
4705 4705
3929 4706
4709 4709
6168 4710
4102 4711
3116 4712
1843 4713
3634 4714
5463 4715
3519 4718
3907 4720
3636 4722
5962 4723
1202 4724
4725 4725
1768 4726
4729 4729
4730 4730
4549 4731
1361 4732
5458 4734
4738 4738
4740 4740
5293 4741
5737 4745
1449 4747
4965 4753
4756 4756
6731 4757
1744 4759
2162 4760
3352 4761
6383 4764
6830 4767
1867 4770
2549 4771
3642 4773
5821 4778
6570 4779
5289 4781
5314 4784
5007 4785
4965 4787
5283 4789
4383 4790
6293 4792
2844 4793
6073 4794
97 4795
3785 4796
2994 4797
2194 4798
4799 4799
2457 4800
5368 4802
4804 4804
2253 4805
4808 4808
2535 4810
2284 4813
4982 4814
4220 4829
6243 4830
5408 4832
2799 4833
4836 4836
3833 4838
4478 4839
4686 4840
3230 4843
5515 4848
4849 4849
4854 4854
2530 4855
6724 4856
3902 4858
2087 4859
5412 4860
4634 4862
2005 4863
2136 4865
4866 4866
4220 4867
4488 4871
973 4872
4873 4873
6169 4878
2890 4879
5320 4882
830 4884
5611 4885
6659 4887
4408 4888
4757 4892
2327 4893
2729 4894
6692 4895
4900 4900
1482 4903
5235 4904
500 4906
4907 4907
790 4908
6157 4909
1934 4911
4912 4912
4913 4913
4914 4914
4999 4916
5598 4917
4918 4918
973 4919
1233 4920
4922 4922
4634 4923
4634 4925
1448 4926
4565 4927
2026 4928
4930 4930
5879 4931
4932 4932
4934 4934
4935 4935
4936 4936
2408 4938
4941 4941
6553 4942
1768 4947
4683 4948
478 4949
4950 4950
1607 4951
4181 4952
4953 4953
4956 4956
4962 4962
4966 4966
4968 4968
2027 4975
3048 4977
2186 4981
4634 4983
4985 4985
636 4987
2722 4989
5377 4991
1017 4992
5235 4993
3558 4997
4326 4998
5966 4999
6157 5000
4634 5001
782 5004
5007 5007
6555 5017
4069 5018
5349 5020
3085 5022
5023 5023
5602 5027
5036 5036
3901 5037
5041 5041
4638 5043
6426 5045
5463 5047
5171 5048
5053 5053
1059 5054
6695 5055
5056 5056
5058 5058
4785 5060
5764 5064
1493 5067
1951 5068
5840 5069
3418 5072
5074 5074
5075 5075
313 5076
5166 5078
3530 5079
1235 5082
2614 5083
2677 5084
4638 5085
1235 5091
1420 5092
5093 5093
5094 5094
6857 5096
295 5100
3901 5103
6817 5105
4724 5106
2699 5107
4273 5108
5110 5110
5902 5113
6659 5115
5116 5116
5119 5119
3361 5120
265 5121
5122 5122
5124 5124
5304 5125
5180 5128
5130 5130
1450 5131
5166 5132
3921 5137
2292 5138
1377 5139
2005 5141
5143 5143
602 5146
5166 5149
5153 5153
4273 5155
5829 5156
8 5157
5158 5158
5760 5160
3815 5162
5163 5163
1614 5165
5166 5166
4878 5170
1235 5176
5178 5178
5179 5179
2442 5180
4091 5182
4251 5183
5304 5186
5188 5188
356 5190
710 5191
2880 5192
5193 5193
5195 5195
5196 5196
5198 5198
3581 5200
5201 5201
5907 5203
6429 5205
1527 5206
4878 5208
584 5209
5211 5211
3517 5214
197 5221
5526 5224
5225 5225
2545 5232
5233 5233
5234 5234
5235 5235
5463 5236
3689 5237
5239 5239
1559 5245
1760 5248
2559 5249
5463 5250
5251 5251
2390 5253
5255 5255
3596 5257
1745 5259
5463 5260
1615 5261
5266 5266
973 5267
2020 5271
972 5272
1324 5273
2409 5274
520 5275
3366 5276
5178 5280
6546 5283
5305 5286
5287 5287
3982 5289
2765 5290
5291 5291
3352 5292
5295 5295
5297 5297
5596 5300
5304 5304
4719 5306
2073 5313
5314 5314
6062 5315
5236 5316
168 5321
4928 5322
3407 5323
1334 5325
3742 5326
5327 5327
5329 5329
1959 5331
5333 5333
1419 5336
2502 5337
5339 5339
6493 5340
6860 5341
5837 5343
6301 5346
5902 5348
4310 5350
475 5352
6665 5354
1416 5357
5559 5362
1730 5365
3130 5366
3085 5371
5374 5374
6725 5375
344 5376
3823 5377
5378 5378
2271 5380
3813 5385
2376 5386
972 5387
3399 5388
2424 5389
6723 5390
5235 5392
5393 5393
4900 5399
1258 5402
630 5403
2206 5405
5409 5409
5410 5410
1692 5412
4105 5413
3886 5415
2094 5416
5166 5418
3862 5420
1684 5422
24 5423
5430 5430
3862 5432
3810 5433
3986 5436
6031 5444
5445 5445
5448 5448
1615 5451
4488 5453
6176 5455
5378 5457
1831 5458
2595 5462
5463 5463
5464 5464
4361 5468
1609 5469
3653 5470
2632 5473
6711 5476
3736 5477
5481 5480
474 5482
5483 5483
5484 5484
5487 5487
4411 5488
4965 5493
8 5496
5497 5497
5052 5498
5499 5499
5519 5504
1096 5505
393 5506
3049 5507
5508 5508
5929 5509
5166 5512
3057 5513
5514 5514
4854 5515
6326 5518
5023 5519
5463 5520
5522 5522
6530 5525
5845 5526
1622 5530
1096 5533
2630 5534
5535 5535
5536 5536
5538 5538
2977 5539
5540 5540
3858 5541
5542 5542
2130 5543
5178 5547
1377 5548
970 5549
1291 5550
71 5551
5553 5553
2568 5557
2816 5561
597 5563
5567 5567
5153 5568
6731 5569
6311 5570
638 5571
4760 5572
4577 5575
1594 5576
834 5577
5801 5579
2390 5582
3366 5583
5590 5590
4303 5591
1279 5593
130 5594
5598 5598
2163 5600
5601 5601
855 5602
1739 5603
5729 5607
2860 5612
1246 5613
265 5614
3578 5615
5428 5616
3182 5619
3498 5620
5988 5625
1084 5626
5954 5627
6321 5628
5112 5629
5631 5631
5632 5632
5634 5634
5635 5635
2492 5638
3039 5640
5641 5641
4686 5642
5777 5643
5644 5644
4489 5645
4767 5647
5648 5648
6157 5651
6554 5652
1389 5657
6223 5658
5659 5659
2755 5661
810 5662
5665 5665
5666 5666
665 5667
2595 5668
5879 5669
3654 5671
5674 5674
1025 5675
1314 5676
5047 5679
4485 5684
5686 5686
2895 5687
4181 5688
6383 5691
5132 5692
6659 5693
4096 5695
5698 5698
4888 5699
5705 5705
5706 5706
5411 5708
2714 5711
5157 5713
5714 5714
6621 5715
5936 5716
5166 5718
2393 5719
6712 5720
6708 5721
5724 5724
728 5725
5726 5726
718 5731
1362 5732
5734 5734
5784 5735
1084 5737
5526 5744
5745 5745
5746 5746
882 5749
3530 5750
5753 5753
3366 5754
4204 5761
5762 5762
5015 5765
5767 5767
5235 5772
1983 5773
5775 5775
2663 5776
5777 5777
5778 5778
3023 5780
5782 5782
5783 5783
5044 5786
2094 5788
5789 5789
1480 5790
399 5791
5793 5793
6770 5796
2814 5797
2916 5798
5799 5799
5800 5800
5801 5801
2035 5802
3816 5805
5806 5806
5807 5807
214 5808
1253 5809
4785 5810
4403 5811
5813 5813
5007 5815
6410 5816
1744 5818
1104 5820
5604 5824
4473 5825
4184 5826
6428 5828
4634 5832
3907 5833
5834 5834
5318 5835
6161 5837
5838 5838
1235 5839
5840 5840
6659 5846
2436 5847
4754 5851
2969 5852
4369 5853
2946 5854
5855 5855
3782 5857
318 5858
909 5859
3963 5862
2267 5863
1240 5865
5869 5869
395 5875
5448 5876
3642 5877
5170 5878
4905 5879
5576 5881
1603 5882
2126 5883
5203 5884
5885 5885
5886 5886
503 5887
4493 5892
4404 5900
5834 5906
5233 5907
654 5911
5862 5915
5714 5921
1346 5926
4277 5927
1043 5928
4473 5929
5930 5930
5932 5932
6788 5933
5936 5936
5463 5937
3085 5938
5939 5939
611 5942
5962 5943
5944 5944
1385 5950
5951 5951
4855 5957
1836 5960
3425 5961
3763 5962
6555 5963
589 5965
6705 5967
5118 5970
3961 5971
6659 5972
819 5974
1481 5977
2826 5980
6286 5981
5982 5982
4989 5985
5986 5986
3963 5987
5988 5988
5991 5991
3439 5993
1377 5995
4696 5996
5997 5997
1272 6003
665 6004
4957 6005
2467 6008
4249 6009
1639 6010
2993 6011
1272 6013
4634 6014
1316 6015
5833 6018
5171 6019
1472 6021
1919 6022
6023 6023
3012 6024
4994 6027
6477 6029
6780 6030
5047 6034
6040 6040
54 6041
5421 6043
1778 6044
6045 6045
58 6051
2404 6052
6054 6054
6057 6057
6479 6058
271 6059
2332 6060
6062 6062
6066 6066
5403 6068
3049 6069
1243 6071
1929 6072
6077 6077
61 6078
710 6081
2885 6082
6083 6083
6883 6088
6090 6090
5166 6092
4181 6093
4049 6094
225 6095
54 6096
3586 6097
5166 6100
5387 6101
5164 6102
5760 6105
6107 6107
5560 6108
2788 6109
6110 6110
6711 6114
1235 6115
2595 6116
2548 6118
6119 6119
1559 6120
4517 6121
3724 6127
6130 6130
5191 6132
6052 6133
2595 6135
6136 6136
4267 6138
4269 6145
4965 6146
6147 6147
5298 6148
464 6154
417 6156
6157 6157
6159 6159
6161 6161
411 6162
6163 6163
3016 6166
6169 6169
1864 6172
4113 6173
6175 6175
6180 6176
1197 6177
3858 6178
6791 6180
5191 6181
3514 6182
5235 6183
930 6184
6185 6185
562 6186
6187 6187
6190 6190
6196 6196
1817 6201
3383 6205
5879 6207
4638 6208
6713 6209
6212 6212
3982 6220
1058 6221
6275 6223
4424 6225
5840 6231
4634 6234
1523 6235
6143 6237
5543 6240
5721 6241
1607 6242
6243 6243
6247 6247
6248 6248
6521 6249
265 6251
6695 6252
247 6257
5214 6260
5768 6261
602 6262
6264 6264
6157 6266
6267 6267
4334 6271
3863 6272
6276 6276
6281 6281
3982 6283
6285 6285
6286 6286
6288 6288
6098 6292
3927 6295
5086 6301
6302 6302
6303 6303
6309 6309
1612 6310
6311 6311
2879 6312
6315 6315
6317 6317
4039 6319
5137 6323
6326 6326
2535 6330
6332 6332
6337 6337
6338 6338
6066 6339
5786 6342
3648 6343
1324 6348
1843 6349
5178 6351
3224 6352
1279 6353
5793 6355
6356 6356
6357 6357
6505 6358
6355 6359
1806 6361
6363 6363
6364 6364
6365 6365
4785 6366
5320 6367
4593 6368
5166 6369
1831 6370
1306 6374
871 6375
6381 6381
5213 6382
3447 6383
955 6385
6106 6386
6388 6388
6389 6389
1235 6392
682 6395
3425 6396
6200 6398
6347 6400
5235 6401
6402 6402
1684 6405
3230 6407
4223 6411
6412 6412
1821 6414
5403 6415
3756 6416
564 6420
4634 6421
2055 6422
1878 6423
911 6425
3048 6427
6429 6429
5448 6433
6434 6434
5797 6442
6659 6443
6444 6444
364 6447
848 6448
4680 6453
5289 6454
5645 6455
2663 6458
5168 6460
4634 6461
1448 6463
3280 6466
4060 6472
2093 6473
1466 6478
3022 6481
6482 6482
2257 6483
3430 6491
2743 6493
1584 6495
318 6496
2408 6497
6499 6499
4651 6501
3397 6502
3130 6507
4437 6509
6510 6510
6512 6512
4028 6513
1929 6517
2224 6518
4171 6519
6527 6527
478 6528
6529 6529
6530 6530
238 6531
5521 6533
4790 6535
6537 6537
2445 6538
2456 6541
547 6547
5056 6550
5403 6551
5166 6552
5806 6555
1514 6556
6559 6559
6560 6560
323 6561
5047 6562
2642 6563
2836 6564
3932 6566
6567 6567
2545 6569
6659 6570
6571 6571
256 6572
6573 6573
6577 6577
5403 6578
3691 6579
787 6581
4535 6582
4914 6585
6586 6586
6587 6587
5218 6589
6592 6592
2126 6596
3430 6598
6189 6599
3396 6600
6603 6603
6605 6605
6606 6606
5320 6608
2755 6612
4905 6613
4749 6616
4110 6617
4109 6618
3956 6619
6623 6623
1313 6624
6625 6625
6626 6626
221 6628
4333 6630
6631 6631
585 6633
6638 6638
61 6639
3862 6640
3465 6641
6643 6643
6644 6644
2093 6646
5099 6649
2739 6650
6651 6651
1588 6654
589 6656
6657 6657
6425 6660
6662 6662
6663 6663
5760 6664
4120 6665
6666 6666
4759 6668
6670 6670
873 6674
873 6676
834 6677
2409 6681
5526 6682
6683 6683
5094 6685
3773 6686
4225 6689
6693 6693
5882 6694
1314 6695
5008 6696
5921 6698
1283 6701
1839 6702
5550 6704
777 6705
6706 6706
6477 6714
4830 6715
4634 6716
6718 6718
4230 6719
6721 6721
6724 6724
6725 6725
861 6728
2113 6729
5171 6730
6731 6731
48 6732
549 6733
911 6734
5032 6735
5879 6737
5235 6738
6587 6740
573 6742
6256 6746
3140 6747
6627 6748
6750 6750
6181 6753
6754 6754
1028 6755
5862 6767
4356 6768
6613 6770
6241 6771
604 6774
4148 6780
2077 6782
2836 6783
6303 6784
157 6785
6200 6787
4135 6789
1966 6792
6602 6793
235 6796
6800 6800
5942 6803
4376 6805
3844 6806
1817 6808
6809 6809
6814 6814
6817 6817
4007 6819
3032 6823
6827 6827
3638 6830
157 6832
2256 6834
6645 6837
6839 6839
6083 6842
6843 6843
6844 6844
71 6850
6755 6853
1760 6854
1315 6855
6856 6856
1798 6857
6859 6859
2540 6860
760 6861
2384 6863
3782 6865
667 6868
4759 6870
6872 6872
6180 6873
6874 6874
734 6875
5138 6878
4634 6879
2448 6880
3396 6882
5714 6883
3253 6884
6803 6888
6889 6889
