14 14
2178 2178
15 15
261 261
2135 2135
138 138
2056 2056
8 8
359 359
246 246
409 409
328 328
330 330
239 239
2054 2054
408 408
37 37
112 112
2276 2276
2136 2136
191 191
245 245
3533 3533
410 410
3850 3850
240 240
2274 2274
36 36
24 24
2052 2052
17 17
342 342
2292 2292
3165 3165
3531 3531
2214 2214
3828 3828
2150 2150
2371 2371
44 44
242 242
2383 2383
3628 3628
3824 3824
35 35
3631 3631
2580 2580
315 315
3702 3702
3851 3851
2193 2193
2175 2175
3649 3649
26 26
2294 2294
2497 2497
188 188
2775 2775
3621 3621
289 289
325 325
3846 3846
2061 2061
432 432
3524 3524
2498 2498
227 227
3773 3773
429 429
2263 2263
2063 2063
2810 2810
313 313
2378 2378
2811 2811
2278 2278
146 146
6271 6271
155 155
3829 3829
2611 2611
51 51
3521 3521
276 276
3833 3833
343 343
311 311
2367 2367
3552 3552
2388 2388
67 67
2596 2596
64 64
2118 2118
70 70
3914 3914
63 63
3639 3639
351 351
71 71
2470 2470
2493 2493
2084 2084
2127 2127
82 82
2774 2774
130 130
2124 2124
312 312
346 346
2389 2389
3936 3936
3937 3937
2362 2362
3553 3553
2794 2794
7 7
3554 3554
3925 3925
4 4
2499 2499
2385 2385
2289 2289
3577 3577
3587 3587
3056 3056
3607 3607
81 81
2261 2261
3845 3845
3643 3643
2163 2163
2471 2471
1993 1993
2492 2492
118 118
3576 3576
108 108
3593 3593
94 94
100 100
2475 2475
2614 2614
3792 3792
3053 3053
2377 2377
2594 2594
2817 2817
2144 2144
2613 2613
439 439
3586 3586
157 157
355 355
435 435
3823 3823
232 232
128 128
2239 2239
338 338
2210 2210
3637 3637
421 421
2472 2472
3561 3561
2623 2623
2395 2395
2476 2476
3634 3634
2814 2814
3757 3757
2500 2500
2080 2080
104 104
3600 3600
2256 2256
2783 2783
3580 3580
3584 3584
3602 3602
119 119
2254 2254
380 380
377 377
3579 3579
2505 2505
3583 3583
2600 2600
260 260
228 228
3601 3601
2621 2621
2240 2240
2011 2011
3563 3563
2624 2624
3613 3613
2506 2506
230 230
2255 2255
5 5
3515 3515
3565 3565
124 124
436 436
3568 3568
406 406
6260 6260
2197 2197
6267 6267
5659 5659
3567 3567
3704 3704
2620 2620
3667 3667
2204 2204
133 133
2027 2027
2625 2625
5750 5750
1983 1983
2036 2036
2508 2508
381 381
5536 5536
2517 2517
3518 3518
2636 2636
2401 2401
2639 2639
2685 2685
2284 2284
3615 3615
197 197
2280 2280
158 158
2094 2094
517 517
147 147
283 283
62 62
2397 2397
403 403
2035 2035
3654 3654
5753 5753
5638 5638
2184 2184
2095 2095
258 258
468 468
2643 2643
2092 2092
295 295
5640 5640
5537 5537
6238 6238
2407 2407
374 374
6041 6041
2519 2519
2220 2220
5625 5625
2523 2523
504 504
5952 5952
3648 3648
2233 2233
448 448
5590 5590
2652 2652
368 368
5635 5635
507 507
464 464
485 485
169 169
465 465
2441 2441
2684 2684
5630 5630
568 568
2457 2457
6057 6057
6058 6058
2688 2688
6231 6231
369 369
2236 2236
2648 2648
5641 5641
2432 2432
2086 2086
5468 5468
3906 3906
2031 2031
3706 3706
6054 6054
1772 1772
2654 2654
578 578
5932 5932
2216 2216
537 537
1766 1766
3673 3673
546 546
309 309
2646 2646
269 269
2538 2538
6077 6077
533 533
367 367
2558 2558
2560 2560
2645 2645
2534 2534
2182 2182
3661 3661
2550 2550
2689 2689
5966 5966
5838 5838
2299 2299
180 180
545 545
5631 5631
538 538
6235 6235
2671 2671
529 529
5851 5851
2573 2573
2424 2424
544 544
2674 2674
6072 6072
2456 2456
2282 2282
2693 2693
2427 2427
2020 2020
5944 5944
199 199
333 333
6064 6064
487 487
489 489
5542 5542
2114 2114
6045 6045
552 552
5584 5584
498 498
491 491
270 270
2025 2025
493 493
5665 5665
5827 5827
3995 3995
558 558
3883 3883
3670 3670
526 526
2423 2423
6082 6082
4010 4010
5835 5835
396 396
482 482
5627 5627
6079 6079
386 386
221 221
387 387
2463 2463
4001 4001
163 163
4004 4004
3050 3050
4003 4003
296 296
2434 2434
6880 6880
5834 5834
3840 3840
2705 2705
2297 2297
2448 2448
2425 2425
4071 4071
5529 5529
3839 3839
4053 4053
2295 2295
5619 5619
2443 2443
4030 4030
5239 5239
2468 2468
2100 2100
2209 2209
185 185
2099 2099
2089 2089
5553 5553
5489 5489
5499 5499
2429 2429
2700 2700
6888 6888
2022 2022
2435 2435
3782 3782
5745 5745
2230 2230
2466 2466
3437 3437
2286 2286
5235 5235
2348 2348
2698 2698
2116 2116
5528 5528
3962 3962
3781 3781
2444 2444
6887 6887
2113 2113
3406 3406
3954 3954
2317 2317
1935 1935
204 204
2305 2305
2103 2103
3691 3691
398 398
1938 1938
6090 6090
2326 2326
3958 3958
203 203
2112 2112
4032 4032
4013 4013
2347 2347
4034 4034
271 271
2715 2715
1625 1625
226 226
2206 2206
1933 1933
5985 5985
3767 3767
5855 5855
6130 6130
2243 2243
5496 5496
3979 3979
1987 1987
4018 4018
3343 3343
5728 5728
2308 2308
217 217
1972 1972
3695 3695
5981 5981
3976 3976
3365 3365
1942 1942
5497 5497
2316 2316
4035 4035
3981 3981
2350 2350
4036 4036
6147 6147
3316 3316
5646 5646
2324 2324
3892 3892
3284 3284
3280 3280
3350 3350
1628 1628
2288 2288
1619 1619
3288 3288
3317 3317
3269 3269
3278 3278
3276 3276
1962 1962
5664 5664
3271 3271
2760 2760
3275 3275
3267 3267
4014 4014
2707 2707
3870 3870
3340 3340
4042 4042
3255 3255
1661 1661
5742 5742
1627 1627
1919 1919
3228 3228
3229 3229
2740 2740
3367 3367
215 215
1609 1609
1920 1920
153 153
3243 3243
1725 1725
3223 3223
5802 5802
1618 1618
3368 3368
1740 1740
3261 3261
6136 6136
2352 2352
1393 1393
6125 6125
3292 3292
5527 5527
1700 1700
5869 5869
1585 1585
1949 1949
1961 1961
5902 5902
1666 1666
3727 3727
3266 3266
3251 3251
2873 2873
3298 3298
2722 2722
5690 5690
6159 6159
2756 2756
1699 1699
6005 6005
3348 3348
5994 5994
6000 6000
5868 5868
1714 1714
1977 1977
6035 6035
5549 5549
1690 1690
5663 5663
1260 1260
1603 1603
3254 3254
3232 3232
1738 1738
1414 1414
1379 1379
1633 1633
1918 1918
1600 1600
1852 1852
5643 5643
1632 1632
1912 1912
5991 5991
3246 3246
3221 3221
1391 1391
1655 1655
3420 3420
2989 2989
1647 1647
2910 2910
1573 1573
6118 6118
791 791
1557 1557
1712 1712
5679 5679
5806 5806
1831 1831
1608 1608
1506 1506
1617 1617
1646 1646
1660 1660
6039 6039
1567 1567
1684 1684
1720 1720
2738 2738
2726 2726
3241 3241
1593 1593
1387 1387
1687 1687
2318 2318
3371 3371
1355 1355
1730 1730
3201 3201
1727 1727
1951 1951
1670 1670
1595 1595
1586 1586
2984 2984
2982 2982
5757 5757
1559 1559
3207 3207
1913 1913
1645 1645
1860 1860
1579 1579
3059 3059
2895 2895
3204 3204
1430 1430
1541 1541
1657 1657
1689 1689
6040 6040
1787 1787
5989 5989
3324 3324
1904 1904
1561 1561
1568 1568
2981 2981
1315 1315
1548 1548
3113 3113
1556 1556
3106 3106
2340 2340
1669 1669
1577 1577
3112 3112
1916 1916
1854 1854
1601 1601
3435 3435
5762 5762
1746 1746
1652 1652
3417 3417
6175 6175
1570 1570
1356 1356
3334 3334
5917 5917
2897 2897
3098 3098
1227 1227
5714 5714
886 886
5897 5897
1163 1163
1704 1704
1615 1615
1551 1551
1853 1853
3766 3766
3331 3331
3407 3407
6837 6837
2912 2912
5095 5095
3190 3190
3445 3445
5807 5807
2748 2748
3452 3452
1554 1554
3100 3100
3242 3242
3099 3099
1703 1703
1634 1634
1571 1571
1786 1786
3414 3414
1857 1857
1748 1748
3121 3121
1164 1164
5534 5534
2898 2898
1311 1311
1658 1658
845 845
1692 1692
5093 5093
1223 1223
3107 3107
3377 3377
3090 3090
841 841
5567 5567
1749 1749
840 840
5378 5378
3411 3411
3418 3418
3115 3115
1832 1832
2731 2731
6812 6812
3447 3447
3132 3132
3413 3413
400 400
936 936
2728 2728
6834 6834
787 787
3323 3323
1683 1683
5169 5169
3196 3196
1281 1281
3234 3234
3429 3429
1688 1688
4058 4058
1140 1140
3405 3405
2992 2992
3383 3383
1225 1225
830 830
5778 5778
3864 3864
5192 5192
5072 5072
1788 1788
5812 5812
801 801
5117 5117
570 570
3109 3109
1856 1856
1162 1162
6774 6774
802 802
5566 5566
1578 1578
1353 1353
1914 1914
3195 3195
3188 3188
1327 1327
5081 5081
676 676
5034 5034
3182 3182
1695 1695
3177 3177
911 911
3168 3168
1782 1782
5113 5113
1533 1533
3423 3423
1161 1161
1386 1386
6841 6841
5199 5199
6163 6163
5166 5166
1791 1791
6754 6754
3460 3460
3120 3120
880 880
3183 3183
788 788
4744 4744
964 964
3137 3137
6839 6839
6807 6807
831 831
3459 3459
3425 3425
1254 1254
923 923
5193 5193
6827 6827
1876 1876
5179 5179
1374 1374
771 771
3169 3169
1671 1671
3511 3511
6845 6845
1499 1499
3457 3457
6792 6792
5406 5406
5813 5813
720 720
636 636
5102 5102
6791 6791
5103 5103
5923 5923
5130 5130
5211 5211
1275 1275
4716 4716
3385 3385
4760 4760
5405 5405
1784 1784
5090 5090
6856 6856
6849 6849
2745 2745
1402 1402
6809 6809
5800 5800
3118 3118
1121 1121
3386 3386
6876 6876
5422 5422
6715 6715
6844 6844
1415 1415
721 721
5886 5886
677 677
5783 5783
4687 4687
3063 3063
5390 5390
6859 6859
5197 5197
1350 1350
6444 6444
5004 5004
777 777
4688 4688
1407 1407
5175 5175
1382 1382
4118 4118
6855 6855
6499 6499
995 995
4953 4953
1396 1396
3064 3064
5409 5409
1783 1783
881 881
5186 5186
5123 5123
1136 1136
1129 1129
4849 4849
4329 4329
1132 1132
1515 1515
1201 1201
943 943
1416 1416
1159 1159
6750 6750
1363 1363
5377 5377
616 616
4142 4142
5775 5775
6332 6332
6785 6785
5411 5411
930 930
6356 6356
5201 5201
1885 1885
3148 3148
3717 3717
1456 1456
1202 1202
808 808
6848 6848
3495 3495
3116 3116
457 457
5221 5221
6599 6599
412 412
1481 1481
4729 4729
5927 5927
2892 2892
6865 6865
5767 5767
6309 6309
5702 5702
5101 5101
253 253
846 846
4962 4962
2845 2845
6788 6788
1323 1323
927 927
1762 1762
5100 5100
1737 1737
2856 2856
5399 5399
1833 1833
6292 6292
1200 1200
5110 5110
3010 3010
4693 4693
5041 5041
1028 1028
1048 1048
6602 6602
6707 6707
1189 1189
1061 1061
4367 4367
1017 1017
942 942
4403 4403
6282 6282
4264 4264
2829 2829
4832 4832
5084 5084
1824 1824
929 929
810 810
5083 5083
5198 5198
3172 3172
177 177
5234 5234
4957 4957
4900 4900
1329 1329
1038 1038
1040 1040
1135 1135
2846 2846
3216 3216
1188 1188
1383 1383
2819 2819
3001 3001
6679 6679
1795 1795
1149 1149
1245 1245
991 991
6198 6198
384 384
1045 1045
3077 3077
596 596
6665 6665
700 700
6529 6529
1014 1014
5365 5365
6683 6683
1410 1410
3078 3078
3018 3018
6631 6631
697 697
4978 4978
1488 1488
6676 6676
6657 6657
4262 4262
1018 1018
1881 1881
1013 1013
1123 1123
919 919
1025 1025
1011 1011
5410 5410
4763 4763
3139 3139
6290 6290
1862 1862
6603 6603
5052 5052
3079 3079
5375 5375
4285 4285
5146 5146
2831 2831
1861 1861
2835 2835
5042 5042
6606 6606
3143 3143
5349 5349
5056 5056
5878 5878
6666 6666
594 594
693 693
4836 4836
6626 6626
3810 3810
6706 6706
4424 4424
3472 3472
603 603
6388 6388
1116 1116
3003 3003
5119 5119
5122 5122
1147 1147
4956 4956
4150 4150
5069 5069
5058 5058
5343 5343
955 955
6637 6637
4449 4449
6725 6725
1169 1169
4175 4175
686 686
6605 6605
6368 6368
5156 5156
1532 1532
3096 3096
968 968
4277 4277
4689 4689
3500 3500
4873 4873
6195 6195
2834 2834
1044 1044
5158 5158
4267 4267
6577 6577
4344 4344
1409 1409
987 987
1170 1170
6360 6360
4153 4153
696 696
6578 6578
2927 2927
1128 1128
695 695
1449 1449
1063 1063
5016 5016
6435 6435
1178 1178
1826 1826
1203 1203
5143 5143
4878 4878
1524 1524
4166 4166
385 385
5251 5251
1004 1004
5314 5314
965 965
1497 1497
1864 1864
5028 5028
981 981
6638 6638
675 675
6389 6389
6800 6800
4331 4331
6180 6180
988 988
4478 4478
6308 6308
602 602
993 993
6370 6370
4934 4934
822 822
4930 4930
1055 1055
952 952
4730 4730
5018 5018
4918 4918
4884 4884
937 937
1480 1480
4458 4458
6644 6644
4284 4284
1173 1173
5253 5253
1008 1008
882 882
860 860
4174 4174
1007 1007
598 598
1112 1112
1265 1265
1863 1863
1248 1248
3041 3041
1073 1073
1337 1337
4455 4455
4935 4935
5291 5291
3029 3029
6361 6361
1896 1896
1032 1032
4454 4454
4372 4372
4685 4685
4453 4453
4550 4550
1290 1290
5339 5339
6592 6592
6383 6383
6349 6349
6560 6560
5337 5337
4854 4854
1010 1010
4459 4459
6410 6410
975 975
1535 1535
1125 1125
3088 3088
2923 2923
4731 4731
1458 1458
5252 5252
4815 4815
3004 3004
3130 3130
4207 4207
1525 1525
6381 6381
1799 1799
623 623
4238 4238
4750 4750
4749 4749
869 869
6585 6585
1190 1190
6617 6617
6315 6315
863 863
1118 1118
1080 1080
3507 3507
978 978
970 970
4477 4477
4827 4827
4158 4158
1797 1797
4994 4994
4469 4469
1175 1175
4756 4756
6510 6510
2932 2932
1513 1513
4386 4386
1184 1184
1051 1051
729 729
4470 4470
4389 4389
6573 6573
5225 5225
4552 4552
6190 6190
4639 4639
1490 1490
4176 4176
6559 6559
4564 4564
4982 4982
4621 4621
884 884
3133 3133
897 897
903 903
4083 4083
973 973
1141 1141
4123 4123
4534 4534
4868 4868
6557 6557
836 836
4322 4322
4337 4337
4177 4177
6212 6212
2963 2963
2827 2827
6227 6227
875 875
4546 4546
1077 1077
6571 6571
4992 4992
4989 4989
1478 1478
4526 4526
4593 4593
750 750
4553 4553
6872 6872
1753 1753
4565 4565
2877 2877
1834 1834
907 907
4335 4335
4340 4340
945 945
4527 4527
1106 1106
767 767
4214 4214
4503 4503
5265 5265
4396 4396
2826 2826
4871 4871
4910 4910
4711 4711
4668 4668
4575 4575
4237 4237
4846 4846
6468 6468
4440 4440
1755 1755
2843 2843
958 958
901 901
957 957
2841 2841
1454 1454
302 302
4883 4883
902 902
6479 6479
4725 4725
2849 2849
5297 5297
3129 3129
1804 1804
4724 4724
2968 2968
732 732
3006 3006
4845 4845
783 783
4797 4797
4663 4663
4607 4607
4973 4973
4839 4839
4941 4941
4597 4597
4615 4615
896 896
1466 1466
4495 4495
1101 1101
905 905
4628 4628
4604 4604
1093 1093
4493 4493
4092 4092
4985 4985
891 891
4722 4722
4746 4746
5295 5295
2840 2840
618 618
1194 1194
4571 4571
4392 4392
4966 4966
4582 4582
4310 4310
4110 4110
4240 4240
4984 4984
5354 5354
4352 4352
4377 4377
4950 4950
1464 1464
6302 6302
4461 4461
6341 6341
6426 6426
4443 4443
723 723
4660 4660
4091 4091
