1236 2
4 4
5 5
2952 6
7 7
8 8
3061 11
14 14
15 15
17 17
2442 19
517 21
2952 22
24 24
26 26
3368 29
2088 30
3202 32
335 33
35 35
36 36
37 37
315 38
1921 42
1662 43
44 44
151 46
51 51
3230 52
3294 54
1723 55
2009 56
1675 57
2636 58
62 62
63 63
64 64
3616 66
67 67
2135 68
70 70
71 71
1039 73
699 78
81 81
82 82
2214 85
554 93
94 94
3652 95
998 97
1406 99
100 100
3535 102
104 104
991 105
108 108
2367 109
2465 111
112 112
731 114
118 118
119 119
1931 120
122 122
832 123
124 124
128 128
130 130
133 133
3189 134
96 136
462 137
138 138
2721 140
2970 143
146 146
147 147
1063 149
2846 151
3458 152
153 153
185 154
155 155
157 157
158 158
163 163
245 165
169 169
1859 171
177 177
640 179
180 180
185 185
1636 186
3401 187
188 188
1039 189
191 191
3325 193
2659 194
197 197
199 199
201 201
1228 202
203 203
204 204
966 209
210 210
211 211
11 212
215 215
217 217
1329 218
2046 220
221 221
224 224
1039 225
226 226
227 227
228 228
230 230
232 232
2620 233
1654 234
2252 235
239 239
240 240
242 242
245 245
246 246
3018 248
3566 252
253 253
256 256
258 258
260 260
261 261
2417 262
1879 265
269 269
270 270
271 271
394 272
2565 273
3093 275
276 276
2139 277
2685 279
1418 282
283 283
2683 286
656 287
288 288
289 289
1943 292
295 295
296 296
346 299
556 301
302 302
1320 303
2424 305
309 309
311 311
312 312
313 313
1759 314
315 315
871 316
1024 318
976 324
325 325
2069 326
328 328
330 330
1636 331
333 333
1039 335
338 338
296 341
342 342
343 343
346 346
1959 347
2935 350
351 351
2628 352
355 355
359 359
2296 360
3552 364
2548 366
367 367
368 368
369 369
1934 370
3190 371
374 374
377 377
2366 378
380 380
381 381
725 383
384 384
385 385
386 386
387 387
2981 390
2341 391
1329 392
396 396
477 397
398 398
3459 399
400 400
131 402
403 403
406 406
408 408
409 409
410 410
412 412
2669 414
421 421
426 426
429 429
1617 430
432 432
1517 434
435 435
436 436
439 439
441 441
1736 444
1268 446
448 448
2998 450
456 456
457 457
3652 461
2938 462
464 464
465 465
468 468
1602 473
1328 474
2259 475
927 478
1522 480
482 482
3615 483
3535 484
485 485
487 487
489 489
3332 490
491 491
493 493
2318 495
498 498
2742 499
504 504
505 505
507 507
61 508
2134 509
510 510
2951 515
517 517
1645 518
2366 519
611 521
526 526
529 529
533 533
2162 536
537 537
538 538
544 544
545 545
546 546
4 548
3243 551
552 552
558 558
560 560
568 568
1971 569
570 570
379 571
3187 572
2356 577
578 578
582 582
2604 583
2704 584
697 585
586 586
587 587
2220 591
594 594
596 596
598 598
2140 601
602 602
603 603
604 604
607 607
3378 609
610 610
2349 611
613 613
263 614
2062 615
616 616
1762 617
618 618
2636 619
620 620
3336 622
623 623
3579 624
3535 626
2528 628
856 631
1326 633
2387 635
636 636
639 639
200 640
1088 642
3422 643
3620 644
648 648
652 652
2636 656
421 663
3397 665
1109 668
669 669
125 673
675 675
676 676
677 677
2095 678
681 681
686 686
688 688
3411 690
693 693
1223 694
695 695
696 696
697 697
700 700
701 701
398 702
3626 707
713 713
720 720
721 721
723 723
2791 726
729 729
730 730
732 732
3382 734
738 738
739 739
1655 745
2187 746
2918 747
699 749
750 750
3561 752
754 754
1230 755
756 756
759 759
760 760
1228 762
3648 764
1931 765
1241 766
767 767
1930 769
604 770
771 771
1228 772
773 773
775 775
2572 776
777 777
3662 778
3458 780
508 782
783 783
803 784
2932 786
787 787
788 788
791 791
694 794
2192 799
801 801
802 802
808 808
911 809
810 810
814 814
296 815
817 817
2946 819
821 821
822 822
1414 823
1565 827
829 829
830 830
831 831
272 832
836 836
3339 838
840 840
841 841
2162 844
845 845
846 846
2060 849
2366 850
3059 851
1653 852
1562 853
2534 855
3560 856
1432 857
2160 858
860 860
1879 862
863 863
1795 864
1879 866
869 869
480 871
2659 874
875 875
880 880
881 881
882 882
1092 883
884 884
2905 885
886 886
1916 888
1279 890
891 891
806 894
896 896
897 897
3608 900
901 901
902 902
903 903
2130 904
905 905
907 907
3401 909
911 911
1071 914
2463 916
739 917
3120 918
919 919
1107 921
923 923
3109 924
927 927
929 929
930 930
2746 932
1991 934
936 936
937 937
942 942
943 943
945 945
686 948
1760 950
952 952
955 955
957 957
958 958
1931 959
2384 960
964 964
965 965
968 968
970 970
381 972
973 973
975 975
2752 977
978 978
981 981
987 987
988 988
3508 989
991 991
2139 992
993 993
995 995
1516 996
505 997
1004 1004
1358 1005
1007 1007
1008 1008
1010 1010
1011 1011
1272 1012
1013 1013
1014 1014
458 1016
1017 1017
1018 1018
2558 1021
245 1022
1025 1025
1627 1026
3362 1027
1028 1028
1032 1032
3262 1034
3158 1035
2718 1037
1038 1038
1040 1040
209 1042
2759 1043
1044 1044
1045 1045
1048 1048
3200 1049
1051 1051
1055 1055
1160 1058
3642 1059
1061 1061
1063 1063
1069 1068
1025 1069
2472 1071
1073 1073
2975 1074
1077 1077
1080 1080
625 1082
3059 1089
1093 1093
1938 1098
2614 1100
1101 1101
1522 1102
1617 1103
1385 1104
1106 1106
3620 1111
1112 1112
2895 1114
55 1115
1116 1116
1118 1118
1121 1121
3386 1122
1123 1123
233 1124
1125 1125
1128 1128
1129 1129
381 1130
2367 1131
1132 1132
21 1134
1135 1135
1136 1136
3223 1137
2390 1139
1140 1140
1141 1141
1879 1143
1585 1145
3157 1146
1147 1147
963 1148
1149 1149
3164 1151
1532 1152
3040 1158
1159 1159
2125 1160
1161 1161
1162 1162
1163 1163
1164 1164
1169 1169
1170 1170
3243 1172
1173 1173
1238 1174
1175 1175
774 1176
2366 1177
1178 1178
1184 1184
1188 1188
1189 1189
1190 1190
930 1191
3511 1193
1194 1194
2436 1195
1494 1198
1200 1200
1201 1201
1202 1202
1203 1203
1373 1204
722 1205
356 1206
1396 1212
3594 1216
2142 1218
3442 1220
1223 1223
1225 1225
1227 1227
2382 1229
2943 1231
3401 1234
3113 1239
4290 1240
1895 1241
1243 1243
3181 1244
1245 1245
1248 1248
3341 1249
1174 1250
264 1251
725 1252
1254 1254
1576 1255
627 1256
1990 1258
268 1259
1260 1260
3131 1261
623 1264
1265 1265
3586 1273
1275 1275
1279 1279
1280 1280
1281 1281
1290 1290
1292 1292
3629 1293
3187 1295
1878 1299
167 1303
470 1309
1311 1311
1315 1315
1532 1318
1664 1322
1323 1323
3322 1324
592 1325
1327 1327
1329 1329
3283 1330
3399 1332
143 1333
1289 1334
1401 1335
1337 1337
2031 1338
232 1339
1930 1343
219 1345
2095 1349
1350 1350
1467 1352
1353 1353
1355 1355
1356 1356
1101 1357
2977 1358
1221 1359
1013 1360
439 1361
1363 1363
3138 1365
825 1366
301 1373
1374 1374
381 1375
1368 1377
1379 1379
1382 1382
1383 1383
1386 1386
1387 1387
1391 1391
953 1392
1393 1393
2304 1395
1396 1396
769 1397
2936 1400
1402 1402
1407 1407
1409 1409
1410 1410
1599 1412
1414 1414
1415 1415
1416 1416
1417 1417
1418 1418
1419 1419
1174 1420
2267 1422
575 1423
1430 1430
930 1434
840 1435
2214 1438
2829 1440
458 1443
1247 1446
1069 1447
2695 1448
1449 1449
1294 1453
1454 1454
1456 1456
2543 1457
1458 1458
3652 1463
1464 1464
1466 1466
1611 1469
1676 1471
84 1473
2980 1475
1478 1478
1480 1480
1481 1481
2985 1484
2840 1487
1488 1488
1490 1490
1859 1491
1497 1497
1498 1498
1499 1499
3138 1501
1503 1503
3642 1505
1506 1506
1513 1513
255 1514
1515 1515
1570 1516
3031 1518
2259 1519
3189 1523
1524 1524
1525 1525
3590 1527
3629 1528
1532 1532
1533 1533
227 1534
1535 1535
1537 1537
1538 1538
2379 1540
1541 1541
1545 1545
1548 1548
589 1550
1551 1551
3113 1553
1554 1554
1556 1556
1557 1557
1559 1559
1561 1561
3563 1562
2636 1563
2495 1564
1997 1565
1567 1567
1568 1568
439 1569
1570 1570
1571 1571
3190 1572
1573 1573
1577 1577
1578 1578
1579 1579
1920 1583
1585 1585
1586 1586
3105 1588
1593 1593
1595 1595
589 1597
1600 1600
1601 1601
2158 1602
1603 1603
1406 1605
2816 1607
1608 1608
1609 1609
2603 1610
1615 1615
1617 1617
1618 1618
1619 1619
1324 1623
1625 1625
1627 1627
1628 1628
1531 1629
1632 1632
1633 1633
1634 1634
1504 1636
1637 1637
2086 1639
820 1640
439 1641
477 1643
556 1644
1645 1645
1646 1646
1647 1647
2325 1648
1652 1652
1655 1655
1657 1657
1658 1658
1660 1660
1661 1661
1080 1662
421 1663
63 1664
1666 1666
375 1667
1669 1669
1670 1670
1671 1671
477 1672
659 1674
1440 1678
1979 1679
1871 1680
3407 1681
3049 1682
1683 1683
1684 1684
3470 1686
1687 1687
1688 1688
1689 1689
1690 1690
2580 1691
1692 1692
1695 1695
1699 1699
1700 1700
1703 1703
1704 1704
1708 1708
1827 1710
2049 1711
1712 1712
1714 1714
2197 1717
1720 1720
1410 1721
556 1724
1725 1725
2971 1726
1727 1727
1730 1730
683 1733
2099 1734
1737 1737
1738 1738
1740 1740
1746 1746
1748 1748
1749 1749
1879 1750
1610 1751
319 1752
1753 1753
1755 1755
2978 1757
1759 1759
3228 1761
1762 1762
3263 1763
1773 1764
1766 1766
731 1767
299 1769
803 1771
1772 1772
2137 1773
2661 1775
477 1776
2295 1780
1782 1782
1783 1783
1784 1784
2486 1785
1786 1786
1787 1787
1788 1788
638 1789
1791 1791
3401 1794
1795 1795
3547 1796
1797 1797
1798 1798
1799 1799
2738 1801
3527 1802
1887 1803
1804 1804
2702 1805
571 1806
1859 1808
1809 1809
2997 1810
3399 1811
1814 1814
2528 1818
275 1820
1824 1824
1826 1826
504 1827
2193 1828
1831 1831
1832 1832
1833 1833
1834 1834
1970 1835
1838 1838
1839 1839
3535 1845
223 1846
3050 1848
1852 1852
1853 1853
1854 1854
3672 1855
1856 1856
1857 1857
1808 1859
1860 1860
1861 1861
1862 1862
1863 1863
1864 1864
3535 1865
1703 1868
2047 1869
1599 1873
1611 1875
1876 1876
1880 1880
1881 1881
1059 1882
1885 1885
1887 1887
313 1890
1896 1896
1897 1897
1112 1899
396 1900
1904 1904
1239 1909
1912 1912
1913 1913
1914 1914
1916 1916
1918 1918
1919 1919
1920 1920
2768 1922
1611 1928
1898 1929
1930 1930
855 1932
1933 1933
1771 1934
1935 1935
1532 1936
1938 1938
1655 1939
870 1941
1942 1942
31 1945
2291 1946
1949 1949
350 1950
1951 1951
463 1959
2850 1960
1961 1961
1962 1962
626 1964
1531 1966
2474 1968
3535 1971
1972 1972
2876 1973
1977 1977
2000 1979
2091 1980
1983 1983
1987 1987
3157 1989
2535 1990
3605 1992
1993 1993
3275 1995
1011 1996
2246 1999
1997 2000
3035 2003
1342 2005
2800 2008
63 2009
2011 2011
2014 2014
1268 2015
1499 2017
2018 2018
2020 2020
1436 2021
2022 2022
2025 2025
2027 2027
1081 2028
3561 2029
2031 2031
2035 2035
2036 2036
3261 2039
2044 2044
1967 2047
486 2048
2052 2052
3047 2053
2054 2054
2056 2056
1517 2058
2048 2059
2061 2061
2063 2063
3532 2066
2075 2075
956 2077
2080 2080
2084 2084
1599 2085
2086 2086
1523 2087
2089 2089
2800 2090
2092 2092
2094 2094
2095 2095
1123 2096
1069 2098
2099 2099
2100 2100
2101 2101
2103 2103
2352 2105
2636 2107
254 2110
2338 2111
2112 2112
2113 2113
2114 2114
2116 2116
1374 2117
2118 2118
2124 2124
2127 2127
2129 2129
2027 2130
2269 2132
2135 2135
2136 2136
553 2137
1866 2139
2905 2143
2144 2144
2771 2147
2150 2150
2813 2152
60 2153
3422 2154
1491 2158
1381 2159
1124 2161
816 2162
2163 2163
891 2164
604 2166
2444 2167
2095 2170
2175 2175
2177 2177
2178 2178
2867 2179
403 2181
2182 2182
2184 2184
3474 2188
3411 2191
1094 2192
2193 2193
2197 2197
2057 2198
1141 2199
278 2201
2096 2202
2204 2204
2206 2206
2935 2207
3478 2208
2209 2209
2210 2210
2214 2214
2216 2216
2220 2220
1674 2221
3650 2222
2230 2230
801 2231
359 2232
2233 2233
3159 2234
5186 2235
2236 2236
2239 2239
2240 2240
2942 2241
2243 2243
1553 2249
2254 2254
2255 2255
2256 2256
695 2260
2261 2261
870 2262
2263 2263
2436 2266
2640 2268
2274 2274
1555 2275
2276 2276
2278 2278
2280 2280
1595 2281
2282 2282
2284 2284
2286 2286
2288 2288
2289 2289
2292 2292
2294 2294
2295 2295
2296 2296
2297 2297
2299 2299
2954 2304
2305 2305
2306 2306
2308 2308
2312 2312
1889 2314
2316 2316
2317 2317
2318 2318
2319 2319
2321 2321
2366 2322
2324 2324
2326 2326
871 2329
2696 2333
563 2336
2761 2339
2340 2340
1439 2342
1437 2344
2347 2347
2348 2348
6 2349
2350 2350
709 2351
2352 2352
356 2357
1964 2358
3642 2359
2291 2360
2362 2362
3336 2365
1469 2366
2367 2367
127 2368
2371 2371
2375 2375
2377 2377
2378 2378
653 2382
2383 2383
2385 2385
2388 2388
2389 2389
519 2391
2395 2395
3592 2396
2397 2397
2047 2398
1879 2399
1071 2400
2401 2401
2535 2402
3185 2403
2407 2407
1957 2417
2813 2419
3152 2421
2423 2423
2424 2424
2425 2425
2427 2427
3589 2428
2429 2429
2432 2432
2472 2433
2434 2434
2435 2435
1644 2436
483 2438
2441 2441
983 2442
2443 2443
2444 2444
973 2445
2448 2448
2307 2452
2456 2456
2457 2457
3055 2461
2463 2463
2466 2466
2468 2468
263 2469
2470 2470
2471 2471
2472 2472
2749 2474
2475 2475
2476 2476
884 2478
3659 2479
2480 2480
3105 2481
2095 2482
2756 2486
2894 2489
2137 2490
2492 2492
2493 2493
1101 2494
2497 2497
2498 2498
2499 2499
2500 2500
3598 2504
2505 2505
2506 2506
2508 2508
651 2510
3074 2511
387 2514
2517 2517
2519 2519
3190 2521
485 2522
2523 2523
3408 2525
1042 2526
3553 2530
2292 2533
2534 2534
2538 2538
31 2540
2447 2541
3072 2547
433 2548
2002 2549
2550 2550
3564 2551
2558 2558
1013 2559
2560 2560
3138 2563
2115 2564
2567 2567
1477 2568
495 2571
2904 2572
2573 2573
2580 2580
235 2584
1287 2585
1689 2591
1031 2593
2594 2594
3200 2595
2596 2596
1572 2599
2600 2600
3620 2602
2188 2604
434 2605
308 2606
2611 2611
1022 2612
2613 2613
2614 2614
930 2616
1941 2617
1960 2618
2620 2620
2621 2621
2623 2623
2624 2624
2625 2625
2095 2627
57 2628
1611 2629
2748 2630
1283 2631
2636 2636
2639 2639
2254 2641
2643 2643
2645 2645
2646 2646
2648 2648
2029 2651
2652 2652
2654 2654
1930 2659
2404 2660
2667 2667
1071 2670
2671 2671
925 2672
2674 2674
3359 2675
634 2679
3322 2680
1437 2682
2684 2684
2685 2685
2688 2688
2689 2689
3185 2690
2286 2691
2693 2693
1228 2696
2698 2698
2700 2700
2701 2701
1671 2703
2636 2704
2705 2705
1941 2706
2707 2707
568 2708
134 2709
2956 2710
1528 2713
2715 2715
2722 2722
477 2723
2956 2725
2726 2726
2728 2728
3159 2729
2731 2731
3648 2733
3185 2734
2417 2736
2738 2738
2740 2740
3486 2743
1145 2744
2745 2745
2748 2748
1986 2751
2986 2754
2756 2756
1618 2759
2760 2760
2627 2762
2240 2764
3626 2767
1072 2768
1410 2773
2774 2774
2775 2775
315 2781
2783 2783
3190 2785
2413 2786
2788 2788
2731 2789
2397 2791
1128 2792
2794 2794
2795 2795
295 2796
2799 2799
2801 2801
2076 2804
366 2805
374 2806
2808 2808
2810 2810
2811 2811
2192 2813
2814 2814
2815 2815
378 2816
2817 2817
598 2818
2819 2819
3059 2820
1188 2822
2826 2826
2827 2827
2829 2829
2831 2831
2834 2834
2835 2835
1966 2836
350 2837
2318 2839
2840 2840
2841 2841
2843 2843
2845 2845
2846 2846
3535 2847
2849 2849
1594 2851
2096 2852
1377 2855
2856 2856
3105 2857
3461 2858
2687 2859
431 2862
2864 2864
2866 2866
1290 2869
437 2870
57 2871
2873 2873
2877 2877
699 2878
2880 2880
1103 2881
1504 2882
1027 2884
536 2885
356 2886
1879 2888
2889 2889
356 2890
823 2891
2892 2892
2571 2893
2895 2895
2897 2897
2898 2898
1296 2899
2903 2903
442 2904
2905 2905
2906 2906
565 2909
2910 2910
1548 2911
2912 2912
2794 2915
2728 2917
2923 2923
2800 2924
1748 2926
2927 2927
1971 2928
2932 2932
1294 2933
2273 2938
2941 2941
2942 2942
2095 2943
3215 2946
356 2947
1499 2953
575 2957
806 2959
913 2961
3605 2962
2963 2963
1228 2964
2968 2968
2298 2969
2972 2972
243 2979
2981 2981
2982 2982
2984 2984
1520 2987
3624 2988
2989 2989
2992 2992
774 2995
477 2996
3559 2997
2932 2998
983 2999
3000 3000
3001 3001
2966 3002
3003 3003
3004 3004
3006 3006
2592 3007
2990 3008
3010 3010
3012 3012
339 3013
3018 3018
3308 3019
2767 3024
389 3026
42 3028
3029 3029
694 3030
2056 3031
783 3034
2259 3035
3036 3036
3037 3037
3038 3038
3039 3039
3041 3041
2366 3042
3043 3043
3117 3044
37 3045
3241 3047
3050 3050
788 3051
3053 3053
3055 3055
3056 3056
3059 3059
477 3061
3063 3063
3064 3064
1385 3066
3067 3067
623 3068
1119 3070
2307 3073
3077 3077
3078 3078
3079 3079
2483 3080
1989 3083
653 3086
3088 3088
3090 3090
2486 3092
204 3094
3096 3096
3098 3098
3099 3099
3100 3100
2483 3102
2966 3104
1866 3105
3106 3106
3107 3107
2491 3108
3109 3109
1617 3111
3112 3112
3113 3113
3115 3115
3116 3116
3463 3117
3118 3118
3120 3120
3121 3121
147 3125
3035 3127
2503 3128
3129 3129
3130 3130
3132 3132
3133 3133
395 3134
2930 3135
3137 3137
3535 3138
3139 3139
2099 3142
3143 3143
1184 3147
3148 3148
3449 3149
3157 3151
2004 3152
3480 3154
3155 3155
2304 3158
1107 3161
3370 3162
3648 3163
3165 3165
577 3166
1494 3167
3168 3168
3169 3169
3172 3172
3535 3173
3177 3177
659 3178
1359 3179
3182 3182
3183 3183
3441 3187
3188 3188
3190 3190
2364 3192
1469 3193
5186 3194
3195 3195
3196 3196
3201 3201
905 3202
421 3203
3204 3204
2570 3205
3207 3207
1288 3209
2524 3210
2142 3213
3216 3216
3254 3217
3221 3221
3223 3223
3228 3228
3229 3229
3232 3232
3421 3233
3234 3234
2175 3235
3487 3237
1221 3238
2267 3240
3241 3241
3242 3242
3243 3243
3246 3246
2318 3247
203 3249
3251 3251
2296 3253
3254 3254
3255 3255
3416 3259
2184 3260
3261 3261
660 3264
3266 3266
3267 3267
3293 3268
3269 3269
3494 3270
3271 3271
3275 3275
3276 3276
3278 3278
3280 3280
1000 3281
3284 3284
362 3286
3288 3288
3101 3289
3292 3292
1857 3294
3298 3298
2115 3301
30 3304
2451 3306
3552 3307
3631 3309
3583 3313
730 3314
3316 3316
3317 3317
3470 3318
3426 3319
3323 3323
3324 3324
1898 3325
1735 3326
3435 3327
3331 3331
1239 3333
3334 3334
933 3335
1469 3337
2140 3338
821 3339
3340 3340
1931 3341
3343 3343
1331 3346
2318 3347
3348 3348
1221 3349
3350 3350
2956 3351
3435 3353
3103 3354
475 3355
3632 3357
1278 3358
2142 3361
2859 3362
3365 3365
3367 3367
3368 3368
3371 3371
2214 3372
3249 3373
462 3374
3377 3377
1227 3381
3383 3383
3385 3385
3386 3386
65 3388
3630 3391
3322 3394
47 3401
770 3403
3405 3405
3406 3406
3407 3407
3411 3411
1980 3412
3413 3413
3414 3414
3417 3417
3418 3418
72 3419
3420 3420
3152 3421
3423 3423
3549 3424
3425 3425
623 3427
3429 3429
3667 3431
2188 3433
3435 3435
3344 3436
3437 3437
3662 3439
1931 3441
3459 3442
3529 3444
3445 3445
1675 3446
3447 3447
1772 3449
2404 3451
3452 3452
3277 3453
2277 3455
3457 3457
3459 3459
3460 3460
3459 3462
378 3465
3370 3468
3472 3472
3626 3475
562 3476
2717 3480
3572 3482
315 3483
2935 3484
3288 3485
951 3486
3487 3487
3495 3495
3487 3497
837 3498
3500 3500
3392 3505
515 3506
3507 3507
3511 3511
3496 3514
3515 3515
2163 3516
1043 3517
3518 3518
3521 3521
3524 3524
115 3525
3401 3526
1188 3530
3531 3531
3533 3533
1964 3535
2966 3539
3661 3540
840 3546
3653 3549
3552 3552
3553 3553
3554 3554
956 3556
2084 3560
3561 3561
2889 3562
3563 3563
2549 3564
3565 3565
3567 3567
3568 3568
67 3569
2465 3570
3335 3571
3314 3572
1931 3573
3576 3576
3577 3577
1385 3578
3579 3579
3580 3580
3583 3583
3584 3584
1937 3585
3586 3586
3587 3587
1410 3588
3532 3589
3566 3590
3293 3591
3593 3593
3631 3595
2722 3596
1919 3597
3600 3600
3601 3601
3602 3602
3344 3605
3667 3606
3607 3607
3613 3613
3322 3614
3615 3615
2610 3617
3542 3618
3667 3620
3621 3621
2249 3625
3628 3628
3379 3630
3631 3631
3634 3634
2597 3636
3637 3637
3638 3638
3639 3639
1235 3641
1682 3642
3643 3643
3648 3648
3649 3649
2465 3653
3654 3654
3651 3656
3091 3659
3661 3661
3407 3662
3577 3663
930 3666
3667 3667
3670 3670
626 3671
3673 3673
5689 3676
3735 3679
5982 3684
6810 3686
5122 3687
3691 3691
4248 3692
3695 3695
5229 3696
4505 3700
3702 3702
5393 3703
3704 3704
3706 3706
4453 3709
6377 3711
4150 3713
5092 3714
3717 3717
3718 3718
4434 3721
5661 3722
5445 3724
3727 3727
5302 3733
6235 3735
4143 3737
5181 3740
6825 3746
5362 3747
4461 3750
5186 3753
3757 3757
6736 3758
3794 3760
4042 3763
3766 3766
3767 3767
4197 3768
3773 3773
6856 3775
5194 3776
3915 3780
3781 3781
3782 3782
5444 3783
6326 3786
3792 3792
5147 3794
5791 3795
5579 3799
4784 3801
6517 3802
6339 3804
5717 3806
4102 3808
3810 3810
3813 3813
6603 3815
5019 3819
5708 3821
6519 3822
3823 3823
3824 3824
5195 3825
4257 3826
3828 3828
3829 3829
3833 3833
4197 3837
3682 3838
3839 3839
3840 3840
3691 3842
3845 3845
3846 3846
5471 3849
3850 3850
3851 3851
4981 3853
3873 3854
5918 3860
5497 3861
5747 3862
6584 3863
3864 3864
4767 3865
3866 3866
3685 3867
4025 3869
3870 3870
4078 3871
5888 3875
3777 3877
6782 3878
6353 3880
6723 3881
4230 3882
3883 3883
5141 3887
5716 3889
6761 3890
3892 3892
4200 3893
4855 3894
3942 3897
5186 3900
3681 3903
4137 3905
3906 3906
3914 3914
6190 3916
5513 3917
5444 3919
3841 3921
4464 3923
3925 3925
5199 3926
4731 3927
5253 3929
4264 3930
5466 3931
4527 3933
3935 3935
3936 3936
3937 3937
5138 3941
6853 3942
3944 3944
5094 3947
6746 3948
5879 3950
3954 3954
3694 3955
3958 3958
4039 3959
6576 3960
3962 3962
4306 3966
4235 3970
6382 3971
3682 3972
6324 3973
3976 3976
6883 3977
4334 3978
3979 3979
6133 3980
3981 3981
5679 3982
4598 3983
5036 3986
4399 3987
3792 3988
3816 3989
4006 3991
5784 3992
6122 3993
3995 3995
5665 3996
6478 3999
4001 4001
4003 4003
4004 4004
4448 4005
4010 4010
4013 4013
4014 4014
5272 4016
5505 4017
4018 4018
5306 4023
6761 4026
4455 4028
5645 4029
4030 4030
4032 4032
4149 4033
4034 4034
4035 4035
4036 4036
5411 4037
4038 4038
6053 4040
4042 4042
4405 4045
4351 4046
6433 4047
4798 4049
6172 4052
4053 4053
6583 4057
4058 4058
5614 4060
4357 4065
4067 4067
3807 4068
4420 4070
4071 4071
5810 4072
4073 4073
4914 4074
4077 4077
4881 4082
4083 4083
6338 4084
5833 4085
4351 4086
5377 4087
4350 4088
4508 4090
4091 4091
4092 4092
4093 4093
6636 4095
4586 4101
3790 4102
5027 4108
4110 4110
5323 4114
4430 4115
4752 4116
4455 4117
4118 4118
5241 4122
4123 4123
4752 4125
4126 4126
4127 4127
4420 4128
3942 4130
4131 4131
6492 4132
6867 4136
4142 4142
3737 4143
4878 4145
4150 4150
4669 4152
4153 4153
4864 4156
4157 4157
4158 4158
4166 4166
5018 4169
5597 4170
6549 4172
4174 4174
4175 4175
4176 4176
4177 4177
5092 4180
5585 4182
5698 4183
4703 4184
4391 4185
4186 4186
6119 4187
5184 4188
4192 4192
4849 4193
5043 4194
6177 4197
4198 4198
4201 4201
6827 4203
5194 4205
6750 4206
4207 4207
3877 4210
4214 4214
3919 4218
6359 4219
3735 4221
4225 4225
4226 4226
6650 4227
5542 4230
4455 4234
4237 4237
4238 4238
4240 4240
4241 4241
4242 4242
6736 4245
4246 4247
4251 4251
3939 4253
5597 4254
6502 4255
5197 4257
4254 4259
4262 4262
4264 4264
4267 4267
6765 4268
5433 4269
4270 4270
5591 4272
5200 4276
4277 4277
5229 4278
6001 4279
6755 4281
5725 4283
4284 4284
4285 4285
6109 4288
4960 4289
6533 4290
4294 4294
4299 4299
4308 4300
4316 4301
4247 4302
3791 4303
5234 4306
5110 4308
3907 4309
4310 4310
6813 4312
5458 4321
4322 4322
5085 4323
6668 4325
4329 4329
5878 4330
4331 4331
4074 4334
4335 4335
4337 4337
4340 4340
6541 4341
4344 4344
3781 4349
5359 4351
4352 4352
5195 4355
4497 4356
6645 4359
5211 4361
3772 4363
6131 4366
4367 4367
5810 4368
4372 4372
4377 4377
6296 4378
5283 4379
5582 4382
4530 4383
6703 4384
4386 4386
5408 4388
4389 4389
6583 4390
4392 4392
6729 4393
4396 4396
5695 4397
4215 4398
4331 4401
4403 4403
6876 4404
5354 4409
6032 4410
6039 4412
5526 4415
4886 4416
3723 4417
6567 4418
6166 4420
5466 4421
4864 4423
4424 4424
6626 4426
5696 4427
4754 4429
6532 4432
3792 4433
6127 4437
6702 4438
6422 4439
4440 4440
4598 4441
6027 4442
4443 4443
4476 4446
4567 4448
4449 4449
5190 4450
4453 4453
4454 4454
4455 4455
6503 4457
4458 4458
4459 4459
4461 4461
4630 4466
6652 4467
3717 4468
4469 4469
4470 4470
3682 4473
5135 4474
5592 4475
5008 4476
4477 4477
4478 4478
6261 4480
5634 4481
6391 4483
4445 4485
6190 4488
4806 4492
4493 4493
5717 4494
4495 4495
4237 4497
4477 4499
5282 4500
4077 4501
4503 4503
6122 4508
6652 4509
6001 4511
5790 4512
5724 4516
3785 4519
6256 4520
3854 4522
5612 4525
4526 4526
4527 4527
3919 4529
6670 4530
5689 4533
4534 4534
3804 4536
3976 4537
5586 4542
6170 4545
4546 4546
5027 4548
4461 4549
4550 4550
4552 4552
4553 4553
5414 4555
5806 4558
4006 4563
4564 4564
4565 4565
4230 4566
5437 4568
6325 4569
5501 4570
4571 4571
4575 4575
3832 4576
6330 4577
6736 4578
6700 4579
5941 4581
4582 4582
3816 4585
5959 4586
3790 4588
4585 4590
4007 4592
4593 4593
4986 4594
3833 4596
4597 4597
4604 4604
6110 4606
4607 4607
5078 4609
6359 4610
6888 4614
4615 4615
4913 4617
4567 4618
4621 4621
4626 4626
4376 4627
4628 4628
4018 4629
4525 4635
4037 4637
4639 4639
6122 4640
4508 4643
4559 4645
5784 4652
4226 4653
4825 4655
3939 4657
4053 4658
4660 4660
4663 4663
3685 4666
4668 4668
5806 4670
5835 4671
3796 4673
5085 4674
6318 4678
4230 4679
5807 4680
4682 4682
6138 4684
4685 4685
4687 4687
4688 4688
4689 4689
3865 4692
4693 4693
4841 4696
6337 4697
4039 4701
4392 4703
5358 4706
4707 4707
4709 4709
4711 4711
5219 4712
4716 4716
4099 4717
5804 4719
3865 4720
4722 4722
4724 4724
4725 4725
4729 4729
4730 4730
4731 4731
5148 4733
4711 4734
5607 4735
4917 4737
5416 4738
5256 4740
6105 4741
4838 4742
4744 4744
4746 4746
4749 4749
4750 4750
6842 4752
4756 4756
4760 4760
4763 4763
3690 4765
4150 4766
5868 4773
5909 4776
5931 4779
6498 4780
6761 4782
4025 4783
6502 4784
4794 4793
6818 4796
4797 4797
3772 4798
4497 4799
6217 4802
3939 4803
5173 4804
6761 4805
4073 4806
4567 4807
3907 4809
5059 4810
5918 4811
4815 4815
4396 4816
4827 4827
6110 4828
5959 4831
4832 4832
5873 4833
5199 4835
4836 4836
4837 4837
4839 4839
4230 4841
6688 4844
4845 4845
4846 4846
4849 4849
4519 4850
4854 4854
4334 4856
5444 4857
5212 4859
3764 4860
5785 4863
5878 4866
5593 4867
4868 4868
4871 4871
4873 4873
5585 4876
5114 4877
4878 4878
5497 4879
4606 4881
4883 4883
4884 4884
5167 4886
5238 4888
6658 4891
4322 4893
5044 4894
5066 4897
4091 4899
4900 4900
4196 4901
5216 4904
5845 4905
6562 4908
4455 4909
4910 4910
5041 4912
3721 4916
4918 4918
5261 4921
4469 4922
3857 4927
4930 4930
4478 4932
4934 4934
4935 4935
4976 4936
5695 4937
4200 4939
4941 4941
6633 4943
4414 4945
4690 4946
4658 4947
4950 4950
4953 4953
6296 4954
4956 4956
4957 4957
6798 4960
4647 4961
4962 4962
5283 4964
4966 4966
5194 4967
6359 4969
4150 4972
4973 4973
5710 4974
5884 4975
4978 4978
3804 4979
4982 4982
4984 4984
4985 4985
4989 4989
5961 4990
4992 4992
4994 4994
5869 4995
4762 4997
4375 4998
5970 5000
5004 5004
6563 5005
6667 5011
4325 5012
6122 5014
6761 5015
5016 5016
5018 5018
5028 5028
6498 5030
5093 5032
5034 5034
6053 5037
3917 5038
5041 5041
5042 5042
4692 5044
6860 5045
5353 5046
5814 5047
6856 5048
5052 5052
5056 5056
4146 5057
5058 5058
5141 5061
3844 5062
5076 5065
4864 5067
6324 5068
5069 5069
6755 5070
5072 5072
5362 5073
4749 5074
5750 5079
5081 5081
4230 5082
5083 5083
5084 5084
4562 5088
5090 5090
6719 5091
5093 5093
4489 5094
5095 5095
5100 5100
5101 5101
5102 5102
5103 5103
5419 5104
4014 5107
4847 5108
5110 5110
5113 5113
5117 5117
6329 5118
5119 5119
5122 5122
5123 5123
6613 5124
5125 5125
5935 5126
6308 5127
4682 5128
5092 5129
5130 5130
5056 5132
6581 5136
4325 5140
6423 5142
5143 5143
5146 5146
3859 5148
4344 5150
5883 5154
5156 5156
6723 5157
5158 5158
4692 5159
5019 5160
4585 5163
6652 5164
5166 5166
4157 5168
5169 5169
4161 5170
4653 5172
5052 5173
5526 5174
5175 5175
6719 5176
3735 5178
5179 5179
5516 5182
6086 5184
5117 5185
5186 5186
6501 5191
5192 5192
5193 5193
4451 5195
5197 5197
5198 5198
5199 5199
5201 5201
5377 5203
4484 5209
5257 5210
5211 5211
5926 5213
3942 5215
6359 5217
6142 5219
4149 5220
5221 5221
4017 5222
4731 5223
3804 5224
5225 5225
6669 5226
4596 5228
3732 5230
4198 5233
5234 5234
5235 5235
5325 5236
6690 5237
5336 5238
5239 5239
5833 5240
5810 5246
6172 5248
5880 5249
4575 5250
5251 5251
5252 5252
5253 5253
5357 5255
5589 5259
3951 5261
5070 5264
5265 5265
4893 5271
5364 5272
5810 5274
4689 5275
6532 5278
5473 5280
5281 5281
4225 5282
4727 5283
6301 5284
3932 5285
5833 5289
6878 5290
5291 5291
5205 5292
5250 5293
4970 5294
5295 5295
5297 5297
4842 5299
5300 5300
5514 5301
6364 5302
6468 5306
4200 5310
6080 5312
5314 5314
4740 5317
4601 5318
4690 5322
5329 5329
4225 5332
4878 5333
4658 5335
4272 5336
5337 5337
6372 5338
5339 5339
5341 5341
5343 5343
6040 5344
4617 5346
6177 5347
5349 5349
5354 5354
5740 5356
3846 5357
5982 5360
4457 5361
5905 5364
5365 5365
6294 5370
5375 5375
6490 5376
5377 5377
5378 5378
3694 5379
4690 5380
6856 5382
4890 5383
4122 5384
5050 5385
3841 5386
5390 5390
4334 5393
5810 5394
5229 5397
5399 5399
4574 5400
5405 5405
5406 5406
5409 5409
5410 5410
5411 5411
6746 5412
5947 5415
4508 5418
6447 5420
5422 5422
4690 5424
4266 5425
6200 5427
5470 5430
6038 5433
4590 5435
4751 5438
6572 5440
6166 5442
6226 5444
3724 5445
6622 5446
6327 5448
4017 5451
4994 5453
5364 5456
4350 5457
5679 5463
5468 5468
6449 5469
5845 5470
6748 5471
6216 5473
4604 5474
4247 5475
5359 5476
6813 5477
4686 5478
5308 5479
3682 5480
4648 5488
5489 5489
6001 5491
6848 5494
5496 5496
5497 5497
6122 5498
5499 5499
4791 5501
5582 5503
3809 5504
6787 5506
5740 5510
6355 5511
6139 5512
5348 5517
5687 5519
5915 5521
5323 5523
5845 5526
5527 5527
5528 5528
5529 5529
5534 5534
5536 5536
5537 5537
6800 5538
5621 5540
5542 5542
5549 5549
6509 5551
5553 5553
5495 5554
4207 5555
6206 5556
4268 5560
3794 5565
5566 5566
5567 5567
4567 5568
6523 5571
4127 5573
4412 5576
4686 5577
5740 5578
5300 5579
3983 5582
5584 5584
4920 5585
5188 5586
6379 5587
5590 5590
5017 5592
3799 5594
5300 5596
3963 5600
5101 5601
4756 5602
6353 5607
6583 5608
4350 5614
6783 5615
5619 5619
3870 5624
5625 5625
6484 5626
5627 5627
5850 5629
5630 5630
5631 5631
5122 5634
5635 5635
6414 5637
5638 5638
5640 5640
5641 5641
6069 5642
5643 5643
5377 5644
5646 5646
4960 5649
4410 5653
5180 5656
6469 5657
5659 5659
3833 5660
5663 5663
5664 5664
5665 5665
5604 5673
3833 5674
5012 5676
5721 5678
5679 5679
5516 5684
4010 5686
5690 5690
6001 5692
6427 5699
4420 5701
5702 5702
4076 5706
5184 5707
6595 5708
4332 5709
6324 5710
5881 5711
6055 5712
5714 5714
5689 5721
5002 5722
4554 5723
4571 5724
5853 5725
5728 5728
5858 5730
5229 5731
4731 5732
3764 5733
4668 5735
4407 5740
5742 5742
5745 5745
3866 5748
5750 5750
6041 5751
6626 5752
5753 5753
5757 5757
5833 5758
6703 5759
5514 5760
3973 5761
5762 5762
5767 5767
6217 5770
3790 5771
5868 5773
5775 5775
5216 5776
5777 5777
5778 5778
4046 5779
5300 5780
5783 5783
3845 5785
3865 5786
4881 5788
6412 5789
3716 5797
5800 5800
5596 5801
5802 5802
5833 5803
4246 5804
4017 5805
5806 5806
5807 5807
4070 5808
4455 5811
5812 5812
5813 5813
5814 5814
5833 5817
3897 5819
6007 5822
6719 5823
5229 5824
3811 5826
5827 5827
6303 5828
5834 5834
5835 5835
5838 5838
6719 5839
6231 5840
6098 5842
6075 5843
3708 5845
5868 5847
3708 5848
4521 5849
5092 5850
5851 5851
5855 5855
6865 5858
6323 5863
5915 5865
5878 5866
5868 5868
5869 5869
6349 5872
6719 5875
5365 5876
6795 5877
5878 5878
5063 5881
4700 5883
5377 5884
5886 5886
4039 5887
6053 5889
6086 5893
4686 5894
5897 5897
4360 5899
4290 5901
5902 5902
5689 5904
4960 5906
4336 5909
6533 5915
5917 5917
5889 5918
4928 5919
5923 5923
5814 5924
4916 5925
5927 5927
6761 5929
3720 5930
5012 5931
5932 5932
4729 5939
5566 5942
5944 5944
5952 5952
3765 5953
4438 5957
5323 5959
6379 5963
4315 5964
5092 5965
5966 5966
6142 5969
5918 5971
6106 5973
5885 5975
5034 5976
5090 5978
4964 5980
5981 5981
3933 5982
5573 5984
5985 5985
6695 5988
5989 5989
5384 5990
5991 5991
4414 5992
5377 5993
5994 5994
5601 5997
4138 5999
6000 6000
4431 6002
6611 6003
3732 6004
6005 6005
5130 6006
3939 6007
5127 6008
3935 6010
6150 6019
5728 6020
6318 6022
4168 6023
5980 6024
4960 6026
5978 6033
6474 6034
6035 6035
5436 6038
6039 6039
6040 6040
6041 6041
6045 6045
5889 6046
5626 6050
5785 6052
6054 6054
4403 6055
6057 6057
6058 6058
4596 6060
5377 6063
6064 6064
6069 6065
4142 6067
5129 6068
6072 6072
5377 6073
5094 6075
6650 6076
6077 6077
6079 6079
5291 6080
5526 6081
6082 6082
6856 6088
6090 6090
5117 6091
4039 6097
6122 6099
6001 6100
4092 6102
3895 6103
4500 6104
5560 6108
3886 6109
6338 6110
6109 6111
6735 6112
6118 6118
6007 6122
4692 6123
6125 6125
6806 6126
4201 6127
4485 6128
6130 6130
3682 6132
6136 6136
5897 6139
6147 6147
6433 6148
4362 6149
5262 6151
4283 6152
5054 6154
6159 6159
6163 6163
5463 6164
5665 6165
5117 6168
3911 6170
6175 6175
5302 6177
5446 6179
6180 6180
4190 6181
6043 6182
5810 6183
5989 6187
6795 6189
6190 6190
6195 6195
6198 6198
5528 6200
4350 6202
5710 6205
4950 6206
5194 6210
6212 6212
4272 6213
5057 6217
4751 6219
5833 6220
6427 6221
4630 6222
4010 6223
4943 6224
4424 6225
6391 6226
6227 6227
5332 6229
6761 6230
6231 6231
6235 6235
5332 6236
6238 6238
5859 6239
4671 6242
5096 6245
5959 6246
6247 6247
6248 6248
6379 6250
5957 6252
5039 6256
6257 6257
6289 6258
6260 6260
5337 6261
4290 6263
6386 6266
6267 6267
6040 6269
6271 6271
5006 6274
6275 6275
6276 6276
6277 6277
6282 6282
6226 6284
6285 6288
4899 6289
6290 6290
6024 6291
6292 6292
6302 6302
6296 6306
6308 6308
6309 6309
5656 6310
6315 6315
4424 6319
4711 6323
6327 6327
4017 6328
6849 6329
5529 6331
6332 6332
6259 6335
4565 6337
6338 6338
4651 6339
4321 6340
6341 6341
5194 6344
6349 6349
4284 6350
5530 6351
3790 6353
4399 6354
6616 6355
6356 6356
3777 6358
6360 6360
6361 6361
5958 6362
3694 6364
6365 6365
6368 6368
6370 6370
5137 6372
6214 6376
6391 6378
6381 6381
6383 6383
4219 6384
5731 6386
6388 6388
6389 6389
5747 6393
5645 6396
4644 6402
6226 6404
6026 6408
3901 6409
6410 6410
6268 6411
6412 6412
6718 6414
5510 6415
4213 6416
3839 6417
6038 6422
6426 6426
6303 6428
6719 6432
4738 6434
6435 6435
6589 6436
4865 6442
6444 6444
5514 6445
6668 6447
5985 6448
4893 6449
3720 6450
6381 6451
6547 6453
6468 6468
5620 6469
3981 6473
6537 6477
6479 6479
5578 6480
4200 6481
6170 6482
4835 6485
3685 6487
3744 6488
4770 6489
6058 6491
4150 6492
4960 6498
6499 6499
4606 6502
6636 6503
4574 6504
6235 6505
6502 6507
5551 6509
6510 6510
5679 6511
4455 6513
4887 6519
6857 6522
5501 6523
6529 6529
6668 6534
6379 6540
5829 6546
3841 6549
4647 6553
6554 6554
6557 6557
6559 6559
6560 6560
5680 6562
4671 6566
5944 6567
6571 6571
6573 6573
6309 6574
6138 6575
6577 6577
6578 6578
5096 6579
4345 6583
6819 6584
6585 6585
5569 6588
6592 6592
5811 6594
5600 6595
6599 6599
6602 6602
6603 6603
6583 6604
6605 6605
6606 6606
5027 6610
4623 6611
4731 6615
6617 6617
3715 6618
4617 6619
5503 6620
5893 6622
4628 6623
6069 6624
6626 6626
6506 6629
6631 6631
6206 6632
4767 6634
6637 6637
6638 6638
6644 6644
6670 6645
4601 6648
6664 6649
5249 6650
4163 6651
6657 6657
6242 6660
6726 6663
6665 6665
6666 6666
5318 6667
4658 6668
4970 6670
3783 6672
6645 6674
6676 6676
4686 6677
4217 6678
6679 6679
6433 6680
6683 6683
3909 6685
4767 6686
4179 6689
6761 6691
4562 6694
5147 6698
4187 6701
3897 6702
5893 6703
6706 6706
6707 6707
6507 6708
5615 6710
5207 6711
4915 6714
6715 6715
5899 6717
5113 6719
4459 6721
4069 6723
4074 6724
6725 6725
4601 6728
4554 6730
4757 6731
6216 6732
5165 6734
6499 6735
4160 6740
5206 6741
5918 6744
5530 6746
6377 6747
5471 6748
6750 6750
5117 6752
6754 6754
5490 6755
6341 6758
6435 6759
6856 6760
6474 6761
6769 6762
3715 6763
6715 6766
4290 6767
6086 6769
4738 6771
6774 6774
3790 6775
5482 6776
4644 6778
5097 6780
6387 6781
5810 6782
6425 6783
5125 6784
6785 6785
5506 6787
6788 6788
6791 6791
6792 6792
3818 6793
6800 6800
4873 6804
4581 6806
6807 6807
6809 6809
6812 6812
6289 6816
6498 6821
4350 6822
6827 6827
5643 6831
5136 6832
6834 6834
6296 6835
6837 6837
4192 6838
6839 6839
4475 6840
6841 6841
4321 6842
6844 6844
6845 6845
4564 6847
6848 6848
6849 6849
4127 6850
4040 6851
4753 6852
6172 6854
6855 6855
6856 6856
5758 6858
6859 6859
4753 6864
6865 6865
6285 6867
4581 6868
6872 6872
5152 6874
6876 6876
6880 6880
5973 6881
4886 6883
4735 6885
6887 6887
6888 6888
