1933 2
6236 3
3368 4
5 5
6 6
7 7
6681 9
10 10
3966 11
15 15
16 16
17 17
1095 19
21 21
2224 22
24 24
26 26
27 27
28 28
2823 32
4082 33
35 35
4271 36
37 37
4410 42
4074 44
2127 45
4084 48
6719 50
6065 53
54 54
1193 57
3629 59
63 63
64 64
65 65
66 66
67 67
1343 68
69 69
70 70
71 71
3955 73
6805 78
1016 79
81 81
82 82
1015 83
6222 86
2734 89
90 90
4581 92
93 93
94 94
616 97
100 100
101 101
5326 102
103 103
3036 104
106 106
3484 107
108 108
109 109
3097 110
112 112
115 115
3488 117
118 118
119 119
5338 120
122 122
125 125
126 126
6280 127
128 128
1126 129
185 131
133 133
134 134
216 135
138 138
6018 139
143 143
226 144
145 145
2572 148
580 149
155 155
472 156
6832 157
212 161
163 163
973 164
539 165
3668 167
4639 168
169 169
170 170
173 173
180 180
4175 181
182 182
3722 184
189 189
191 191
192 192
6465 194
1917 197
199 199
202 202
203 203
2310 208
210 210
211 211
212 212
443 213
214 214
215 215
392 218
2473 219
226 226
227 227
228 228
230 230
5751 231
232 232
234 234
4171 237
238 238
239 239
240 240
4749 241
2221 242
1689 244
4382 245
246 246
247 247
6665 250
256 256
1138 257
258 258
2525 259
2025 261
5044 262
267 267
268 268
620 270
273 273
440 276
6199 278
279 279
2997 280
282 282
283 283
285 285
287 287
288 288
6595 289
292 292
293 293
1385 294
295 295
297 297
3238 298
300 300
301 301
302 302
2760 305
307 307
2689 308
2982 309
310 310
311 311
312 312
315 315
6730 316
463 320
1188 321
3669 322
325 325
327 327
328 328
5621 331
337 337
338 338
339 339
340 340
342 342
343 343
791 346
348 348
5505 349
813 350
351 351
1728 354
4205 356
1687 358
359 359
360 360
363 363
1917 364
2163 368
369 369
370 370
374 374
375 375
1929 377
2572 380
381 381
5214 382
1845 383
384 384
385 385
387 387
3222 388
2008 389
5844 391
392 392
394 394
396 396
400 400
401 401
402 402
5597 403
2063 405
406 406
408 408
409 409
414 414
416 416
3879 417
420 420
421 421
463 426
3830 427
428 428
429 429
430 430
6352 431
432 432
436 436
481 437
439 439
5037 446
448 448
450 450
2341 452
3309 453
2269 455
3051 457
460 460
6514 461
4528 462
464 464
1095 465
466 466
468 468
2373 469
5253 470
471 471
472 472
480 480
482 482
3668 484
487 487
5516 490
2472 491
492 492
494 494
495 495
3596 497
498 498
349 499
500 500
6186 501
504 504
505 505
507 507
511 511
6394 513
514 514
516 516
598 518
5790 521
4401 523
5091 530
533 533
5509 534
537 537
538 538
540 540
542 542
543 543
544 544
545 545
3036 546
450 548
549 549
3730 551
552 552
553 553
554 554
5961 557
558 558
1030 559
562 562
565 565
566 566
568 568
570 570
437 571
362 575
577 577
578 578
580 580
236 582
583 583
584 584
4517 585
586 586
6464 587
5857 589
591 591
216 593
594 594
433 595
597 597
598 598
599 599
602 602
603 603
2310 606
607 607
609 609
611 611
4220 612
4120 614
3630 616
618 618
620 620
5681 622
625 625
2777 626
794 627
4686 629
1057 630
633 633
636 636
637 637
656 643
2357 644
3506 650
4867 651
652 652
653 653
3752 654
4984 657
658 658
5400 659
4178 660
661 661
662 662
1095 663
2771 671
673 673
674 674
676 676
679 679
681 681
1052 686
1963 687
688 688
5568 689
4763 690
691 691
693 693
694 694
696 696
701 701
1089 703
705 705
706 706
28 707
708 708
1822 709
713 713
1429 715
3027 717
5325 718
3160 719
720 720
507 721
723 723
6423 726
973 727
1881 729
6195 730
2332 731
4999 736
739 739
5301 742
6498 746
747 747
752 752
584 753
754 754
1768 756
3638 757
758 758
760 760
762 762
763 763
764 764
767 767
2229 768
199 769
771 771
773 773
2927 774
776 776
777 777
6745 779
780 780
6794 781
783 783
5930 784
6379 785
3590 786
787 787
788 788
2649 790
732 791
3187 793
1260 794
796 796
802 802
803 803
807 807
2862 811
463 812
814 814
815 815
3162 816
817 817
818 818
823 823
6345 824
825 825
971 826
5605 828
829 829
830 830
831 831
6189 832
4939 833
836 836
192 841
5428 842
843 843
2054 844
848 848
4658 850
2221 853
46 855
857 857
860 860
6352 862
2508 863
1243 865
4686 866
869 869
6867 870
1343 872
874 874
875 875
6786 878
880 880
6644 881
882 882
883 883
884 884
886 886
2552 890
895 895
899 899
29 900
901 901
902 902
903 903
905 905
446 906
3765 907
910 910
911 911
6481 915
783 916
917 917
3058 919
4629 921
3119 922
4486 924
2777 925
927 927
6465 928
929 929
4734 933
6852 934
936 936
937 937
941 941
942 942
1525 943
944 944
946 946
951 951
952 952
955 955
964 964
5708 965
966 966
968 968
971 971
213 972
973 973
3452 974
347 975
978 978
4970 986
996 988
327 990
991 991
2139 994
997 997
274 999
2581 1001
1003 1003
5708 1005
1006 1006
4671 1007
1010 1010
1011 1011
1013 1013
1014 1014
4007 1015
1017 1017
1018 1018
2373 1020
1022 1022
5052 1023
1025 1025
2671 1029
6760 1030
6765 1032
3300 1033
1858 1034
1038 1038
3019 1039
1040 1040
1044 1044
6142 1045
5520 1046
1047 1047
1048 1048
1050 1050
5070 1051
1052 1052
1053 1053
1055 1055
1057 1057
3742 1058
1945 1059
1063 1063
1064 1064
971 1066
1068 1068
3097 1070
1071 1071
1073 1073
1075 1075
1077 1077
1078 1078
1080 1080
5228 1081
6048 1083
1085 1085
6166 1086
5003 1092
1093 1093
5421 1094
4278 1095
65 1098
1100 1100
921 1103
1104 1104
1106 1106
1107 1107
1109 1109
1928 1111
1112 1112
1114 1114
6784 1115
2304 1116
5320 1117
1121 1121
1122 1122
5214 1123
1125 1125
4968 1127
1128 1128
1129 1129
4380 1130
2660 1131
1132 1132
1133 1133
6250 1135
5936 1136
1137 1137
1138 1138
1140 1140
1141 1141
5592 1143
5503 1144
1145 1145
1149 1149
90 1150
4417 1152
1155 1155
1159 1159
1160 1160
1161 1161
1162 1162
6646 1163
1164 1164
1167 1167
1168 1168
1169 1169
1170 1170
1172 1172
1173 1173
6256 1174
1177 1177
1178 1178
503 1181
1182 1182
706 1186
1187 1187
4485 1188
1190 1190
5754 1191
1194 1194
842 1195
4658 1198
1200 1200
2433 1202
1203 1203
4211 1208
1209 1209
1214 1214
1217 1217
6443 1219
604 1220
1222 1222
1223 1223
1224 1224
1225 1225
6396 1226
1227 1227
1228 1228
1229 1229
786 1230
786 1231
2561 1234
6794 1235
1236 1236
1237 1237
1238 1238
4205 1239
1241 1241
1245 1245
4400 1246
2301 1247
1248 1248
803 1250
6394 1252
1254 1254
1255 1255
1258 1258
1260 1260
1261 1261
2618 1263
1264 1264
1265 1265
4213 1267
1274 1274
1275 1275
2825 1276
6305 1278
1280 1280
6013 1282
1283 1283
1286 1286
41 1287
2609 1288
4486 1289
1292 1292
1295 1295
3732 1297
2035 1299
1089 1300
3722 1301
4033 1304
4927 1307
2959 1308
3648 1309
4723 1310
1311 1311
1320 1320
1323 1323
4191 1324
1326 1326
1327 1327
1329 1329
5592 1333
1342 1334
5326 1335
1619 1336
1337 1337
1339 1339
4211 1340
3364 1341
1343 1343
1348 1348
1351 1351
6064 1353
1355 1355
1356 1356
29 1359
1360 1360
4670 1361
1406 1362
1363 1363
2748 1364
5621 1366
3119 1367
29 1368
1369 1369
4875 1374
3795 1375
2126 1376
6493 1377
1382 1382
1383 1383
1386 1386
1387 1387
3342 1389
1393 1393
2795 1394
1395 1395
1396 1396
1397 1397
1399 1399
1566 1400
1402 1402
1404 1404
1407 1407
1409 1409
3377 1410
5439 1411
1414 1414
1417 1417
1418 1418
1419 1419
1422 1422
6366 1423
1425 1425
1427 1427
1429 1429
2743 1432
1433 1433
3273 1434
3555 1435
1833 1438
3650 1439
4854 1440
1441 1441
1442 1442
1519 1445
1449 1449
1454 1454
1455 1455
1456 1456
1463 1457
1458 1458
1460 1460
1833 1462
1464 1464
3585 1465
1466 1466
3337 1469
5856 1470
5155 1473
1474 1474
1477 1477
1478 1478
1480 1480
3407 1482
73 1484
5592 1485
5592 1486
1718 1487
1488 1488
3409 1489
3433 1494
1738 1497
1498 1498
1516 1500
1502 1502
2137 1504
1505 1505
1565 1509
3375 1510
1511 1511
3250 1513
3413 1515
1518 1518
1519 1519
5994 1520
1442 1521
1522 1522
1524 1524
1525 1525
4921 1527
1529 1529
5592 1530
1532 1532
1534 1534
1535 1535
1537 1537
1538 1538
1541 1541
1542 1542
1543 1543
1545 1545
1547 1547
1549 1549
1550 1550
1427 1551
3782 1553
1556 1556
1557 1557
1559 1559
1560 1560
1561 1561
1562 1562
1563 1563
1566 1566
1567 1567
1568 1568
3526 1569
3302 1570
1573 1573
3612 1574
1576 1576
1577 1577
3548 1578
1579 1579
1615 1580
1660 1581
1585 1585
1710 1587
1590 1590
1107 1592
1593 1593
1595 1595
1597 1597
1598 1598
1600 1600
1601 1601
1233 1602
1603 1603
1605 1605
1607 1607
1609 1609
616 1610
1395 1612
1614 1614
3457 1616
3893 1617
3287 1618
1619 1619
6049 1623
3612 1624
1625 1625
3154 1626
1627 1627
1628 1628
1499 1629
2137 1631
1631 1632
1633 1633
1634 1634
1637 1637
1638 1638
107 1640
1646 1646
1801 1647
3502 1648
1649 1649
1652 1652
1655 1655
3273 1656
1657 1657
1658 1658
1659 1659
1660 1660
1661 1661
1663 1663
1550 1664
1665 1665
568 1666
1667 1667
1668 1668
1669 1669
1670 1670
1673 1673
4081 1676
776 1677
1683 1683
1684 1684
1290 1685
1687 1687
1688 1688
1505 1691
1692 1692
1699 1699
1700 1700
4514 1701
1391 1702
3655 1703
1704 1704
2577 1705
1708 1708
4562 1709
625 1710
1711 1711
1521 1714
1717 1717
1719 1719
3442 1720
3407 1722
1725 1725
1728 1728
1729 1729
1730 1730
6083 1733
1799 1737
1738 1738
1617 1739
2172 1743
1554 1748
1749 1749
1751 1751
1752 1752
1824 1753
1755 1755
3624 1757
1758 1758
1759 1759
1761 1761
3594 1762
1766 1766
1770 1770
1771 1771
1773 1773
3752 1774
3027 1775
1777 1777
6305 1780
1816 1781
1782 1782
5863 1783
1784 1784
3669 1785
1788 1788
1791 1791
1794 1794
1795 1795
1537 1796
1798 1798
1799 1799
3375 1802
3575 1807
1744 1816
3641 1819
1822 1822
3569 1823
1826 1826
3308 1827
2982 1828
1833 1833
1837 1837
1838 1838
1526 1839
1841 1841
1846 1846
5326 1848
1849 1849
4800 1850
1851 1851
6843 1852
1853 1853
1854 1854
1857 1857
1860 1860
1861 1861
6067 1862
2846 1863
3328 1865
3972 1870
3280 1871
1874 1874
1876 1876
1880 1880
1881 1881
1883 1883
1885 1885
1887 1887
1383 1888
6472 1889
2139 1892
1893 1893
3807 1894
4943 1896
1897 1897
1898 1898
5790 1900
1904 1904
1906 1906
1486 1908
6199 1911
1912 1912
2917 1913
1914 1914
1918 1918
3145 1921
3146 1922
5857 1923
3672 1932
1933 1933
1934 1934
1935 1935
1722 1938
4181 1941
1942 1942
1945 1945
4810 1946
924 1948
1949 1949
3393 1950
1951 1951
2772 1952
287 1953
5592 1954
1363 1955
6000 1956
6867 1957
1273 1964
2518 1965
1966 1966
1822 1969
3117 1970
1973 1973
941 1975
2225 1976
1977 1977
1978 1978
3869 1982
1983 1983
1984 1984
1985 1985
1986 1986
5268 1988
3160 1989
1990 1990
1993 1993
6213 1994
1997 1997
3320 1998
2000 2000
2001 2001
2003 2003
2004 2004
604 2005
2007 2007
1089 2008
6013 2009
6334 2012
2014 2014
5189 2015
2017 2017
2018 2018
2019 2019
2020 2020
2021 2021
2022 2022
2025 2025
1833 2027
2028 2028
366 2029
2330 2030
2031 2031
2033 2033
2036 2036
3081 2037
4007 2039
2041 2041
3742 2042
2043 2043
2044 2044
3725 2048
2049 2049
2693 2050
2052 2052
948 2054
2055 2055
4274 2056
2057 2057
2061 2061
2063 2063
79 2064
656 2065
2068 2068
1197 2069
4602 2070
1945 2071
2733 2072
2257 2073
2074 2074
2033 2076
63 2077
2079 2079
1340 2083
2087 2087
1756 2088
2089 2089
2071 2091
2092 2092
2095 2095
2096 2096
2099 2099
3036 2101
2103 2103
2105 2105
6818 2106
2107 2107
225 2109
2111 2111
2113 2113
2114 2114
5240 2115
2118 2118
2124 2124
1943 2125
2129 2129
2572 2130
6430 2134
2136 2136
2137 2137
2329 2138
5699 2141
6298 2144
2146 2146
2150 2150
2152 2152
4929 2155
2156 2156
2157 2157
2091 2159
2161 2161
19 2162
5708 2163
2486 2167
2168 2168
4410 2169
2175 2175
4544 2176
5037 2179
2666 2181
2182 2182
1529 2184
6730 2187
2972 2189
2190 2190
2191 2191
2192 2192
2193 2193
2194 2194
2514 2196
6112 2198
2199 2199
2204 2204
2205 2205
2206 2206
6778 2207
2208 2208
2210 2210
98 2211
4400 2212
2213 2213
6250 2214
2215 2215
2216 2216
1053 2219
4392 2220
2705 2223
2931 2226
2227 2227
2229 2229
2230 2230
6263 2231
2233 2233
2236 2236
2651 2238
2239 2239
1031 2240
2241 2241
5157 2244
924 2245
2246 2246
2247 2247
2250 2250
5547 2252
2254 2254
2255 2255
2256 2256
1970 2257
2261 2261
1078 2262
2263 2263
6640 2264
4171 2265
2266 2266
2273 2273
2278 2278
2279 2279
2280 2280
2999 2282
2632 2283
2286 2286
2287 2287
2288 2288
2289 2289
2255 2292
1878 2294
2296 2296
2297 2297
3395 2298
2299 2299
3536 2301
3905 2303
2306 2306
2308 2308
2311 2311
2312 2312
2316 2316
2317 2317
2318 2318
1288 2320
2321 2321
2324 2324
2325 2325
3733 2327
2329 2329
5114 2332
6553 2333
2339 2339
2342 2342
419 2345
2348 2348
3087 2349
2352 2352
3154 2353
2354 2354
463 2355
3235 2357
6221 2358
1077 2359
5710 2360
2362 2362
2364 2364
5316 2365
6036 2368
3050 2371
2372 2372
2375 2375
2959 2376
2377 2377
3527 2379
2548 2381
2382 2382
2383 2383
2386 2386
1943 2387
2389 2389
2044 2391
2393 2393
2318 2396
3883 2397
2398 2398
2400 2400
2401 2401
3907 2403
5823 2405
2411 2411
2412 2412
637 2413
6221 2414
2418 2418
2419 2419
2421 2421
2423 2423
2424 2424
2425 2425
1060 2426
1912 2429
6686 2430
4485 2431
2432 2432
2434 2434
2435 2435
2436 2436
2437 2437
3075 2439
2440 2440
2441 2441
5318 2442
2443 2443
5417 2444
2447 2447
2448 2448
6435 2449
2451 2451
6096 2452
2456 2456
2457 2457
6646 2461
2643 2463
6464 2465
2466 2466
2467 2467
2468 2468
2470 2470
2471 2471
2034 2472
3776 2474
2475 2475
3108 2477
2478 2478
2483 2483
265 2484
2485 2485
287 2487
4476 2490
5793 2491
2493 2493
5309 2495
2496 2496
2497 2497
2498 2498
2499 2499
4076 2500
3117 2504
249 2506
2287 2508
2509 2509
2511 2511
2512 2512
5890 2516
2517 2517
4637 2519
2521 2521
2523 2523
4410 2524
2526 2526
655 2527
2529 2529
6247 2531
2533 2533
6250 2534
2537 2537
2538 2538
2661 2539
2541 2541
1083 2542
5037 2543
6188 2547
2548 2548
4218 2549
2550 2550
2552 2552
5798 2553
2536 2558
2559 2559
1234 2561
5529 2562
2564 2564
1919 2566
2567 2567
2568 2568
2571 2571
3388 2572
5710 2574
2963 2576
2577 2577
4417 2579
2736 2580
3300 2581
2583 2583
1955 2584
2585 2585
3333 2588
4412 2590
5838 2592
2594 2594
61 2595
2596 2596
6769 2597
637 2599
2600 2600
2332 2605
2606 2606
205 2608
4418 2609
2610 2610
2612 2612
6434 2613
2614 2614
5621 2615
1979 2618
6837 2619
3995 2620
2621 2621
2623 2623
5532 2624
3588 2625
2628 2628
6535 2630
2636 2636
2173 2638
2639 2639
6647 2640
2642 2642
2643 2643
2644 2644
2645 2645
5464 2647
2648 2648
2650 2650
2820 2651
2652 2652
2335 2654
2656 2656
5710 2657
2659 2659
6188 2660
4211 2665
2667 2667
6266 2669
2671 2671
42 2672
2674 2674
2500 2675
1698 2680
2681 2681
5662 2683
2684 2684
2685 2685
2689 2689
6314 2690
1367 2695
464 2697
2698 2698
2700 2700
2701 2701
2702 2702
5182 2705
2708 2708
2402 2709
2710 2710
5282 2711
3590 2713
2715 2715
2716 2716
2721 2721
2722 2722
2724 2724
2905 2727
2728 2728
5930 2729
133 2730
1962 2731
1455 2732
2733 2733
6205 2734
2737 2737
2740 2740
2743 2743
2745 2745
2748 2748
4340 2749
4488 2752
1815 2753
1159 2756
2758 2758
2759 2759
6520 2760
842 2762
3555 2764
3824 2766
2224 2768
3983 2769
1676 2771
2609 2773
4917 2774
2775 2775
4594 2776
6285 2777
4259 2778
6151 2779
4293 2781
5363 2782
2783 2783
2784 2784
2786 2786
3527 2787
2788 2788
2504 2790
4651 2792
2793 2793
334 2794
2795 2795
1001 2796
2799 2799
2820 2800
4687 2802
2807 2807
2808 2808
2811 2811
3031 2814
2815 2815
2816 2816
2818 2818
2819 2819
5167 2820
2821 2821
5130 2822
2823 2823
2824 2824
563 2825
2829 2829
2830 2830
2831 2831
2832 2832
2836 2836
458 2837
2839 2839
2841 2841
2843 2843
5197 2846
2922 2847
1083 2849
4885 2851
6524 2852
2856 2856
1894 2857
2858 2858
1140 2860
2861 2861
2862 2862
2863 2863
2866 2866
2869 2869
4974 2870
4093 2873
2874 2874
5537 2877
3072 2878
2880 2880
2881 2881
6498 2882
2887 2887
6394 2888
3028 2890
2891 2891
2892 2892
3893 2894
2895 2895
1463 2896
2897 2897
2035 2903
2905 2905
2906 2906
2908 2908
6674 2909
2910 2910
2912 2912
2913 2913
2914 2914
2915 2915
1893 2917
2919 2919
3407 2920
2572 2923
735 2924
2927 2927
2929 2929
716 2930
2931 2931
6303 2932
6782 2933
5605 2934
2301 2937
4223 2939
2941 2941
2942 2942
2944 2944
2952 2952
4564 2953
557 2955
5270 2956
6049 2957
5640 2959
2960 2960
333 2961
2962 2962
2963 2963
2967 2967
2969 2969
790 2971
3675 2972
2975 2975
3830 2978
2979 2979
2981 2981
6491 2982
2984 2984
2985 2985
2989 2989
2992 2992
1251 2994
584 2995
2999 2999
3000 3000
3001 3001
4739 3002
3003 3003
3004 3004
5487 3005
3006 3006
692 3011
2474 3014
612 3015
3016 3016
3093 3017
3018 3018
3081 3022
5793 3024
3345 3027
3029 3029
251 3032
3033 3033
1918 3035
3037 3037
3038 3038
3940 3040
3107 3041
3043 3043
1257 3046
3030 3047
4679 3049
3052 3052
3053 3053
3056 3056
3058 3058
6050 3061
3063 3063
3064 3064
3065 3065
4389 3066
3067 3067
2991 3071
3072 3072
4389 3074
6886 3075
3077 3077
3078 3078
3079 3079
3080 3080
1234 3084
3086 3086
3087 3087
1295 3088
3090 3090
3091 3091
3092 3092
3095 3095
3099 3099
3101 3101
2915 3103
3104 3104
3106 3106
3107 3107
3112 3112
3114 3114
6595 3116
973 3117
3120 3120
3121 3121
5392 3122
2937 3123
3124 3124
6316 3125
3127 3127
3128 3128
3129 3129
3131 3131
3132 3132
6718 3133
3134 3134
3139 3139
3142 3142
3649 3143
3148 3148
1893 3152
3085 3153
3155 3155
3156 3156
5747 3157
6169 3159
2132 3160
5087 3162
3163 3163
4268 3165
3166 3166
5663 3167
3168 3168
3170 3170
3172 3172
1858 3174
3177 3177
6353 3178
3183 3183
4655 3184
3188 3188
6509 3189
1945 3192
3195 3195
3196 3196
717 3198
3199 3199
3692 3200
3201 3201
3204 3204
4996 3205
3206 3206
3207 3207
3208 3208
6502 3210
5639 3212
6778 3213
3216 3216
3217 3217
5634 3219
3221 3221
2242 3222
3223 3223
1614 3226
3227 3227
3228 3228
3229 3229
3230 3230
3233 3233
3234 3234
3235 3235
3241 3241
3242 3242
3243 3243
3305 3244
1657 3245
4006 3247
1744 3248
3250 3250
3493 3251
3252 3252
3254 3254
3255 3255
3259 3259
3263 3263
3436 3265
3267 3267
3269 3269
3270 3270
1669 3271
738 3272
2137 3275
3529 3276
4727 3277
3278 3278
3280 3280
1381 3282
3283 3283
1565 3286
3288 3288
3289 3289
3290 3290
3640 3295
3296 3296
3430 3298
3397 3299
1822 3300
3664 3302
3304 3304
1744 3306
1140 3308
1561 3309
3352 3310
1684 3311
3314 3314
2141 3315
3316 3316
3317 3317
2741 3318
3320 3320
3321 3321
1702 3324
1692 3325
5592 3326
3327 3327
6156 3328
3329 3329
6305 3333
3337 3337
1724 3338
3502 3339
1786 3343
3344 3344
3345 3345
3346 3346
3347 3347
2611 3348
3350 3350
3352 3352
6296 3355
4910 3358
2572 3359
3361 3361
3363 3363
3364 3364
3365 3365
3367 3367
216 3370
6592 3374
3282 3377
3378 3378
1616 3379
2581 3384
3385 3385
3590 3387
5440 3388
1619 3389
1728 3395
2591 3400
3478 3403
1437 3408
3409 3409
3494 3410
3411 3411
3412 3412
3413 3413
3414 3414
3418 3418
1429 3419
3420 3420
3423 3423
3424 3424
3425 3425
3427 3427
3641 3428
3636 3430
3433 3433
2572 3439
3442 3442
3329 3443
1192 3444
3445 3445
3447 3447
3449 3449
3450 3450
1805 3451
3453 3453
3456 3456
3457 3457
3230 3458
3460 3460
6245 3461
450 3465
1631 3466
1565 3468
6402 3471
3472 3472
5840 3473
6406 3485
3486 3486
3490 3490
3236 3492
3497 3493
1550 3494
3495 3495
3496 3496
3499 3499
1833 3503
117 3505
3506 3506
3507 3507
3640 3509
3510 3510
3511 3511
1455 3512
3513 3513
3514 3514
5440 3516
3518 3518
1660 3520
4921 3521
3524 3524
1427 3525
3526 3526
3529 3529
3530 3530
1378 3536
3537 3537
3538 3538
308 3539
3561 3540
3541 3541
5103 3545
3546 3546
3548 3548
1192 3549
3551 3551
3552 3552
3284 3553
3555 3555
1660 3557
4077 3559
3364 3563
1588 3564
3565 3565
3566 3566
3567 3567
3568 3568
3576 3576
3578 3578
3579 3579
3580 3580
3586 3586
3438 3587
6730 3589
3590 3590
3591 3591
5838 3592
3593 3593
3595 3595
3596 3596
1455 3599
3601 3601
702 3603
2925 3604
3605 3605
3607 3607
3609 3609
3300 3610
3496 3612
3613 3613
5952 3614
5504 3617
3618 3618
3619 3619
1697 3623
2888 3627
3364 3629
3631 3631
3525 3632
4652 3635
3636 3636
3637 3637
3638 3638
3542 3639
3640 3640
3641 3641
3642 3642
3643 3643
1471 3644
3646 3646
533 3649
3650 3650
3654 3654
1447 3655
3656 3656
1826 3657
3660 3660
2572 3662
5460 3666
2851 3667
2137 3669
4529 3671
3673 3673
3674 3674
4629 3676
4014 3679
5000 3681
3682 3682
2572 3683
3684 3684
1950 3686
1932 3687
5237 3689
3692 3692
476 3693
3695 3695
6199 3697
1884 3698
3700 3700
3703 3703
3704 3704
3705 3705
3706 3706
3707 3707
3710 3710
3712 3712
1861 3713
6498 3715
3717 3717
2612 3720
3514 3721
2173 3722
3723 3723
105 3727
3728 3728
3477 3729
3730 3730
3733 3733
3123 3734
3348 3735
3849 3736
4572 3737
3738 3738
3741 3741
640 3743
105 3745
3391 3749
3750 3750
444 3751
3754 3754
3756 3756
4106 3758
6236 3763
2461 3764
3765 3765
3766 3766
2771 3767
1450 3768
3772 3772
3773 3773
4927 3774
3777 3777
4629 3778
3780 3780
3781 3781
3782 3782
6347 3783
3784 3784
4779 3786
2005 3787
1296 3788
3789 3789
5254 3790
1962 3791
3796 3796
3797 3797
3798 3798
3407 3799
3800 3800
3801 3801
3802 3802
6521 3803
3805 3805
3119 3807
3809 3809
3810 3810
3811 3811
4303 3815
6303 3818
5898 3820
3407 3821
3824 3824
3566 3825
3828 3828
3829 3829
2946 3830
2473 3831
3833 3833
3834 3834
3764 3839
3840 3840
3841 3841
6423 3843
3844 3844
5804 3846
5363 3849
3850 3850
3851 3851
5510 3853
3854 3854
3855 3855
1822 3858
3859 3859
3861 3861
1059 3862
3863 3863
3864 3864
532 3865
3866 3866
2310 3867
3869 3869
3870 3870
3874 3874
463 3876
4559 3879
4355 3880
3883 3883
3884 3884
1822 3887
3888 3888
3543 3889
3892 3892
3595 3894
3895 3895
3901 3901
5000 3903
3906 3906
3908 3908
3909 3909
4014 3911
4427 3914
3915 3915
2000 3917
569 3919
2308 3921
3927 3927
3477 3928
1912 3932
5127 3935
3936 3936
3937 3937
3940 3940
3941 3941
1437 3943
3944 3944
3947 3947
1133 3948
3949 3949
6114 3950
3951 3951
330 3952
3768 3953
6370 3954
5452 3955
3957 3957
3958 3958
6498 3961
3962 3962
2572 3963
3965 3965
3969 3969
3527 3974
5355 3975
3976 3976
3491 3977
3978 3978
3979 3979
3980 3980
3985 3985
3987 3987
3843 3990
4512 3992
3994 3994
5213 3995
3999 3999
42 4000
4001 4001
4002 4002
4005 4005
1295 4006
6846 4008
4009 4009
4010 4010
4013 4013
4014 4014
5314 4015
4018 4018
4021 4021
5526 4022
3869 4025
4029 4029
4587 4030
4032 4032
4034 4034
4035 4035
4036 4036
4038 4038
5744 4041
4892 4044
4045 4045
2886 4046
4048 4048
3710 4049
4050 4050
4053 4053
2988 4055
127 4057
4061 4061
4065 4065
3102 4066
4070 4070
4071 4071
3328 4072
4073 4073
4074 4074
6197 4075
2572 4076
4286 4077
6555 4079
3996 4080
5856 4081
4083 4083
4084 4084
5264 4085
4092 4092
4093 4093
4094 4094
6129 4100
3100 4102
4103 4103
6823 4104
39 4105
4107 4107
5708 4108
4110 4110
4111 4111
2974 4112
4118 4118
2572 4119
4120 4120
724 4121
4123 4123
5110 4124
4125 4125
4126 4126
4127 4127
6027 4128
4131 4131
4309 4132
4133 4133
4135 4135
1317 4136
4138 4138
6681 4139
3831 4140
2342 4145
5054 4147
2572 4148
4149 4149
4150 4150
4152 4152
4999 4153
941 4154
4157 4157
4159 4159
4160 4160
4161 4161
4162 4162
4166 4166
6423 4167
4168 4168
4169 4169
4170 4170
1063 4172
192 4173
4174 4174
4177 4177
2624 4178
1513 4182
4184 4184
4185 4185
4186 4186
4187 4187
2042 4191
4192 4192
4193 4193
818 4197
4198 4198
2898 4210
3612 4212
4215 4215
6394 4218
6603 4224
1624 4225
4227 4227
1566 4233
6816 4234
2921 4236
4238 4238
4240 4240
4241 4241
4242 4242
4244 4244
4246 4246
4247 4247
4248 4248
3790 4249
6575 4250
4251 4251
4254 4254
5449 4255
6700 4256
2177 4257
4262 4262
5714 4263
4267 4267
3211 4268
4269 4269
4270 4270
4271 4271
4904 4272
3491 4273
1362 4274
6330 4276
4277 4277
4278 4278
4282 4282
4283 4283
4284 4284
4285 4285
4403 4287
4288 4288
3687 4290
6491 4291
4293 4293
4296 4296
4297 4297
4299 4299
4302 4302
4306 4306
5357 4307
4663 4309
4310 4310
4313 4313
4314 4314
5863 4315
4316 4316
4317 4317
4322 4322
4328 4328
4329 4329
4401 4331
786 4332
4334 4334
4335 4335
6675 4336
4337 4337
4338 4338
4340 4340
458 4342
4344 4344
6352 4346
2173 4348
1993 4349
6045 4351
4352 4352
4353 4353
4354 4354
1116 4359
4360 4360
188 4362
4364 4364
4366 4366
4367 4367
1128 4368
2152 4369
6269 4371
4372 4372
2337 4374
3681 4375
4377 4377
4379 4379
4380 4380
4382 4382
4384 4384
5672 4385
4386 4386
4387 4387
4389 4389
4391 4391
4392 4392
4393 4393
4396 4396
4397 4397
4398 4398
6114 4400
4402 4402
4404 4404
4407 4407
5592 4408
4409 4409
4410 4410
986 4411
4412 4412
6760 4415
4417 4417
4420 4420
6370 4424
4426 4426
4428 4428
5361 4429
221 4430
377 4431
3499 4433
4435 4435
4437 4437
4438 4438
2151 4439
300 4440
3143 4441
4442 4442
706 4446
3870 4449
4450 4450
1303 4451
4452 4452
4454 4454
4457 4457
4458 4458
4459 4459
4461 4461
5905 4462
4477 4463
4465 4465
4466 4466
6675 4467
5567 4468
4469 4469
4470 4470
2944 4471
4638 4474
1176 4475
3407 4478
4480 4480
5902 4486
4488 4488
4489 4489
6464 4490
4346 4491
4492 4492
4493 4493
4495 4495
6320 4496
6526 4497
4500 4500
4501 4501
6339 4502
4503 4503
3700 4505
2661 4506
887 4507
4509 4509
4178 4510
3367 4511
4512 4512
941 4514
4515 4515
4520 4520
4521 4521
4525 4525
4792 4526
4527 4527
4528 4528
6394 4529
4533 4533
4288 4534
4535 4535
2217 4536
4537 4537
5838 4538
4543 4543
4545 4545
4549 4549
2261 4550
4551 4551
3707 4552
1469 4553
4540 4555
6239 4559
6665 4560
4561 4561
4562 4562
4564 4564
4565 4565
284 4568
2709 4569
339 4570
4571 4571
4573 4573
4574 4574
4575 4575
4576 4576
1422 4577
3830 4578
4579 4579
4580 4580
4581 4581
4582 4582
4583 4583
4584 4584
6197 4589
5197 4593
6702 4594
5109 4596
1575 4597
4602 4602
4604 4604
4606 4606
4607 4607
4609 4609
4610 4610
5735 4613
4615 4615
6441 4617
4619 4619
4620 4620
4621 4621
4622 4622
4623 4623
4628 4628
4307 4629
1989 4630
4635 4635
4638 4638
4639 4639
4641 4641
656 4642
4644 4644
4649 4649
1044 4650
4651 4651
4434 4652
6061 4653
5719 4655
4658 4658
2777 4659
42 4661
6677 4662
4663 4663
4668 4668
4670 4670
2645 4671
4683 4683
4685 4685
4687 4687
4688 4688
4689 4689
4779 4690
4691 4691
1077 4692
189 4693
4697 4697
3581 4700
41 4701
4705 4705
3283 4706
4707 4707
4709 4709
5708 4714
6034 4715
5683 4716
3149 4717
2603 4718
440 4719
5503 4720
4721 4721
6509 4722
4723 4723
4724 4724
4725 4725
4727 4727
4728 4728
5130 4729
4730 4730
4731 4731
1453 4732
2827 4733
4735 4735
4736 4736
4737 4737
4738 4738
4739 4739
6353 4741
4744 4744
4745 4745
4746 4746
4747 4747
5546 4748
4749 4749
4750 4750
4751 4751
4752 4752
4754 4754
4892 4757
4105 4758
6388 4759
4762 4762
4763 4763
4764 4764
3905 4766
4767 4767
4171 4768
4769 4769
5945 4771
3411 4772
2813 4773
4776 4776
2173 4777
4778 4778
4784 4784
4896 4785
2965 4786
724 4787
4788 4788
4789 4789
1283 4790
4791 4791
2572 4793
1317 4795
637 4796
6276 4798
4806 4806
4808 4808
4812 4812
4813 4813
4814 4814
2967 4815
4816 4816
1999 4817
2772 4819
105 4821
2393 4822
4824 4824
6096 4826
5045 4828
6221 4829
4836 4836
4637 4837
4838 4838
4841 4841
5238 4843
4286 4845
2671 4846
4848 4848
4849 4849
4853 4853
4854 4854
4855 4855
4856 4856
4859 4859
1772 4860
1617 4863
4865 4865
4868 4868
4869 4869
4871 4871
3132 4872
4873 4873
151 4874
5592 4875
6462 4879
4881 4881
4261 4882
4883 4883
4891 4884
4889 4889
4724 4891
4899 4899
4900 4900
1293 4901
2095 4905
4906 4906
2618 4908
4911 4911
4912 4912
4913 4913
4914 4914
4022 4915
4916 4916
4917 4917
4918 4918
4920 4920
5488 4921
4922 4922
3878 4924
3046 4928
6295 4929
4930 4930
3407 4932
4935 4935
4936 4936
4940 4940
4941 4941
4944 4944
4950 4950
4953 4953
4954 4954
42 4955
4956 4956
4957 4957
4960 4960
5954 4961
4962 4962
6560 4965
4969 4969
4974 4972
4973 4973
4974 4974
2572 4975
4978 4978
4981 4981
4982 4982
5503 4984
4985 4985
4986 4986
336 4988
4989 4989
4990 4990
4992 4992
4994 4994
4997 4997
4682 4999
5002 5002
4734 5003
5004 5004
2305 5005
5007 5007
5008 5008
5009 5009
5013 5013
5016 5016
5018 5018
1102 5019
5996 5021
3221 5023
2714 5024
5029 5029
1317 5030
5031 5031
5101 5032
5033 5033
5037 5037
5038 5038
5068 5039
5040 5040
5041 5041
5042 5042
5045 5045
5047 5047
6274 5049
5051 5051
5053 5053
5054 5054
5024 5055
5056 5056
6702 5057
5059 5059
3247 5062
5881 5063
5793 5064
5118 5065
5071 5071
5072 5072
6464 5073
5074 5074
4039 5075
4005 5076
5077 5077
5078 5078
5130 5079
5080 5080
5081 5081
5083 5083
6547 5085
4507 5087
5088 5088
5089 5089
5210 5090
2522 5092
5094 5094
5095 5095
5100 5100
5101 5101
5102 5102
5103 5103
5104 5104
3527 5105
5106 5106
5107 5107
2928 5108
5109 5109
1960 5112
3520 5114
5116 5116
5117 5117
5119 5119
330 5120
6555 5121
5123 5123
5124 5124
5128 5128
5305 5129
5131 5131
5132 5132
5134 5134
5135 5135
5136 5136
5138 5138
5142 5142
5143 5143
1395 5145
5146 5146
5109 5147
5148 5148
1172 5150
1002 5151
5152 5152
5153 5153
3186 5154
362 5155
5156 5156
2730 5159
5163 5163
5165 5165
5166 5166
5170 5170
1588 5171
5173 5173
5347 5175
5823 5176
5178 5178
5179 5179
5181 5181
5183 5183
2897 5185
5460 5187
5188 5188
5189 5189
3013 5190
5192 5192
4985 5193
2988 5194
5195 5195
5198 5198
3273 5204
5207 5207
5208 5208
5211 5211
3102 5214
2872 5215
5218 5218
924 5220
1149 5223
5225 5225
5226 5226
663 5229
5234 5234
5235 5235
5239 5239
6498 5240
5241 5241
254 5242
5244 5244
5592 5246
5247 5247
5249 5249
5252 5252
170 5254
5255 5255
5256 5256
424 5258
726 5259
6662 5262
5264 5264
5265 5265
5266 5266
3119 5267
1038 5269
5009 5271
4651 5274
5275 5275
4034 5278
5279 5279
5281 5281
5282 5282
5287 5287
5289 5289
5291 5291
5292 5292
656 5293
5295 5295
1232 5297
5298 5298
5301 5301
5302 5302
5303 5303
3715 5305
5306 5306
5894 5307
5312 5312
524 5317
6148 5318
6335 5319
5305 5320
299 5321
5325 5325
120 5326
5470 5327
5329 5329
5331 5331
4449 5332
5333 5333
5337 5337
5339 5339
5341 5341
5816 5350
409 5351
5355 5355
3119 5358
5359 5359
5360 5360
5361 5361
1221 5362
5364 5364
5365 5365
4409 5366
5368 5368
5370 5370
4939 5371
5372 5372
5374 5374
5378 5378
2615 5380
6428 5381
2149 5383
5384 5384
5087 5386
5387 5387
5390 5390
3061 5391
5393 5393
3685 5395
5396 5396
3427 5397
4509 5398
5399 5399
5400 5400
5401 5401
1565 5404
5405 5405
5406 5406
1197 5408
5409 5409
5069 5410
5270 5412
5414 5414
5416 5416
5418 5418
3982 5420
6237 5422
5423 5423
1244 5425
1631 5426
5427 5427
5428 5428
2822 5430
2584 5433
861 5434
5868 5435
5438 5438
5440 5440
4205 5441
5442 5442
5443 5443
6275 5445
5446 5446
776 5447
5448 5448
4178 5449
5452 5452
5453 5453
5940 5455
5456 5456
2916 5457
4797 5458
5463 5463
2612 5465
5466 5466
5468 5468
4671 5469
3193 5470
314 5473
5474 5474
5475 5475
5476 5476
6339 5477
2914 5479
5483 5483
5484 5484
5486 5486
5488 5488
6597 5489
3680 5490
3627 5492
5495 5495
745 5499
4040 5500
2763 5502
5466 5503
5504 5504
205 5507
5508 5508
2820 5511
5512 5512
1308 5513
5514 5514
5515 5515
1158 5516
5518 5518
5519 5519
3672 5521
5522 5522
4583 5524
5525 5525
5527 5527
5528 5528
5529 5529
5535 5535
5536 5536
5538 5538
5540 5540
3672 5543
5544 5544
6665 5545
4250 5547
6231 5549
793 5551
5553 5553
756 5555
1069 5557
5560 5560
5566 5566
5567 5567
4892 5569
5563 5571
6509 5572
4738 5573
6288 5576
4466 5577
3407 5579
65 5581
6611 5586
5747 5588
5590 5590
5591 5591
1165 5593
1881 5595
5597 5597
6553 5598
5708 5600
6630 5602
1095 5604
5605 5605
2922 5608
5609 5609
334 5612
5613 5613
132 5614
5615 5615
4687 5618
5619 5619
2717 5620
1231 5622
5625 5625
6065 5628
5630 5630
5632 5632
5363 5633
5142 5634
4079 5636
4189 5639
6457 5640
5641 5641
5643 5643
2572 5644
5645 5645
5648 5648
3040 5650
5652 5652
5653 5653
3103 5656
5657 5657
5659 5659
5663 5663
5664 5664
5665 5665
5666 5666
172 5668
2862 5669
5670 5670
6760 5672
5674 5674
4902 5675
3647 5677
5678 5678
5679 5679
4888 5681
5683 5683
5685 5685
5686 5686
5687 5687
2083 5688
5691 5691
3725 5694
5695 5695
4664 5697
5698 5698
5701 5701
5702 5702
2202 5703
2325 5704
3388 5705
3407 5706
3260 5707
2923 5708
2574 5710
3261 5712
5714 5714
3543 5716
5719 5719
5720 5720
5721 5721
5722 5722
3974 5723
5724 5724
5725 5725
5726 5726
5728 5728
5729 5729
3427 5731
5732 5732
5734 5734
4801 5737
5739 5739
5740 5740
5741 5741
303 5745
6049 5746
5747 5747
5748 5748
2419 5749
1188 5750
2814 5751
4426 5752
2248 5753
5756 5756
5757 5757
2656 5759
5760 5760
3202 5761
971 5763
5994 5764
5767 5767
1994 5768
3427 5771
5773 5773
5774 5774
5775 5775
6394 5776
5777 5777
5778 5778
5782 5782
5783 5783
6824 5785
5788 5788
5789 5789
4829 5792
5793 5793
310 5795
2661 5796
5799 5799
5800 5800
5803 5803
4014 5804
5806 5806
5807 5807
5808 5808
6218 5810
41 5812
5813 5813
5814 5814
1303 5815
5817 5817
5821 5821
5156 5822
205 5823
5826 5826
5827 5827
5829 5829
5831 5831
6671 5832
5833 5833
5834 5834
3837 5835
2254 5838
2558 5840
4776 5842
5848 5848
5849 5849
6618 5850
5851 5851
6295 5852
5127 5853
5856 5856
5818 5857
3075 5859
5860 5860
5861 5861
5863 5863
5864 5864
5866 5866
4671 5868
5869 5869
3719 5870
5256 5874
205 5875
4131 5876
2275 5878
6681 5879
5880 5880
3830 5882
5883 5883
5886 5886
3685 5887
5240 5889
368 5890
5894 5894
139 5895
5896 5896
5897 5897
6221 5898
6808 5904
5905 5905
5909 5909
3755 5911
3937 5913
5917 5917
5920 5920
5478 5921
5923 5923
2269 5924
5925 5925
5927 5927
5928 5928
5395 5929
2965 5935
6239 5940
5942 5942
5943 5943
5944 5944
5946 5946
4278 5947
4012 5949
5950 5950
5951 5951
5952 5952
5953 5953
684 5954
5958 5958
5431 5963
5964 5964
5966 5966
5968 5968
5970 5970
6180 5972
5973 5973
5976 5976
2177 5977
2188 5978
5981 5981
3055 5982
2033 5983
5985 5985
6250 5987
5988 5988
5989 5989
5991 5991
5992 5992
5994 5994
356 5996
5997 5997
6000 6000
6002 6002
6003 6003
6005 6005
4034 6009
6207 6011
4723 6012
6015 6015
6017 6017
2277 6018
6221 6019
3327 6020
6023 6023
6024 6024
5931 6026
6027 6027
1303 6031
887 6034
6035 6035
6039 6039
6040 6040
6041 6041
5240 6043
6045 6045
5214 6047
6048 6048
1698 6049
4788 6052
3875 6053
6054 6054
6057 6057
6058 6058
6062 6062
924 6064
6067 6067
6068 6068
6432 6069
6199 6070
2572 6073
4760 6076
6077 6077
6079 6079
136 6080
6082 6082
3542 6086
6087 6087
1138 6089
6090 6090
6665 6094
6333 6097
1193 6099
6101 6101
6102 6102
6103 6103
5732 6105
6108 6108
5604 6109
6110 6110
2805 6113
4684 6114
252 6115
172 6116
4412 6118
6119 6119
6120 6120
1070 6129
6130 6130
4646 6135
6136 6136
1325 6137
6138 6138
6139 6139
2177 6142
5283 6145
6147 6147
6149 6149
6151 6151
6152 6152
6154 6154
6159 6159
5708 6161
6163 6163
535 6164
6166 6166
2988 6167
6169 6169
6170 6170
6647 6171
6172 6172
3117 6173
6174 6174
2549 6176
6177 6177
2033 6178
3004 6180
6185 6185
6186 6186
6187 6187
6189 6189
6190 6190
6191 6191
3708 6193
6195 6195
2443 6198
1539 6200
5283 6201
1157 6202
6203 6203
6205 6205
417 6206
6208 6208
6212 6212
3017 6214
6215 6215
6217 6217
1023 6219
6222 6222
6227 6227
509 6230
5840 6231
5477 6232
2492 6235
6361 6237
5708 6240
5573 6241
192 6244
4874 6246
6248 6248
463 6249
4346 6251
6254 6254
6255 6255
293 6256
3657 6257
2738 6260
3176 6261
5993 6263
6264 6264
4433 6265
6267 6267
6269 6269
6270 6270
6271 6271
5621 6274
6275 6275
6278 6278
1373 6279
6281 6281
6282 6282
4510 6286
6288 6288
6832 6292
3039 6293
6294 6294
6832 6295
4081 6298
2310 6300
2447 6301
6302 6302
5009 6306
6308 6308
1771 6312
6315 6315
6317 6317
6318 6318
1860 6319
5621 6320
6323 6323
6327 6327
6329 6329
2789 6330
6331 6331
6332 6332
6335 6335
6336 6336
6338 6338
6154 6340
6582 6343
6345 6345
5907 6349
2628 6350
6351 6351
6353 6353
4013 6355
6356 6356
6357 6357
6358 6358
6359 6359
6360 6360
6362 6362
6363 6363
671 6364
6365 6365
2561 6369
6370 6370
3119 6371
1317 6372
4893 6376
1023 6380
6381 6381
6383 6383
4278 6386
6387 6387
6389 6389
6390 6390
5545 6391
6396 6396
42 6397
6199 6400
345 6403
6406 6406
6408 6408
6410 6410
4131 6411
6412 6412
2475 6413
6162 6414
6417 6417
5046 6419
6424 6424
6426 6426
3763 6430
181 6434
5019 6436
6437 6437
6440 6440
6434 6442
6444 6444
1190 6445
6446 6446
5464 6447
6448 6448
6449 6449
6450 6450
6451 6451
6394 6458
4841 6460
5069 6467
6468 6468
6469 6469
6470 6470
6471 6471
5305 6474
526 6476
6601 6478
6479 6479
6480 6480
6482 6482
1782 6485
6486 6486
6487 6487
215 6488
2174 6489
6491 6491
5137 6492
3154 6497
4889 6498
6499 6499
6502 6502
6503 6503
2761 6504
6226 6506
6511 6511
6514 6514
6518 6518
6520 6520
6434 6522
6523 6523
6524 6524
6525 6525
6527 6527
6529 6529
6530 6530
6531 6531
839 6533
6534 6534
6537 6537
6538 6538
6539 6539
5385 6544
6547 6547
6549 6549
345 6550
5978 6551
5271 6554
6557 6557
6559 6559
6560 6560
6563 6563
5341 6564
6565 6565
5840 6566
6567 6567
5258 6568
6571 6571
6572 6572
6573 6573
6574 6574
6575 6575
6577 6577
6579 6579
6581 6581
6584 6584
2135 6585
6586 6586
6587 6587
6591 6591
6592 6592
6593 6593
5708 6595
6597 6597
6598 6598
6599 6599
2413 6603
6605 6605
6606 6606
2897 6607
3719 6608
252 6609
2572 6610
6611 6611
5503 6616
6617 6617
724 6618
6622 6622
6623 6623
6626 6626
6627 6627
6628 6628
1167 6629
3076 6633
4795 6634
6635 6635
6636 6636
6638 6638
2595 6639
1466 6640
6643 6643
6644 6644
2248 6648
6650 6650
6651 6651
6653 6653
4819 6654
287 6655
6753 6656
1612 6658
6661 6661
6662 6662
6663 6663
6664 6664
6666 6666
6669 6669
6670 6670
4414 6672
5505 6673
1624 6674
6675 6675
6676 6676
3384 6681
6683 6683
6685 6685
6686 6686
3686 6687
6689 6689
3208 6690
1603 6691
110 6692
4033 6694
6696 6696
6393 6697
2772 6698
2656 6703
6705 6705
6706 6706
6707 6707
4776 6708
6715 6715
6717 6717
6718 6718
5109 6720
6049 6721
6724 6724
6725 6725
6727 6727
6728 6728
2939 6729
776 6731
5737 6732
6734 6734
6736 6736
3452 6737
6739 6739
432 6741
6745 6745
6325 6746
6748 6748
362 6749
6180 6750
6754 6754
5054 6755
4910 6756
6757 6757
6758 6758
2308 6759
3123 6760
6761 6761
6762 6762
2772 6764
6768 6768
6769 6769
5656 6772
6774 6774
6777 6777
2572 6780
6781 6781
3668 6782
3635 6783
6785 6785
2886 6786
6357 6789
5656 6790
786 6793
97 6795
4635 6796
450 6799
6800 6800
4562 6801
6803 6803
6804 6804
2156 6806
6807 6807
6808 6808
6809 6809
4191 6811
6814 6814
6816 6816
6817 6817
4796 6818
2796 6823
6824 6824
6825 6825
5485 6826
6830 6830
6832 6832
6834 6834
6296 6835
6839 6839
2749 6840
5840 6841
6844 6844
1202 6845
6021 6852
6853 6853
5849 6855
6856 6856
6858 6858
6859 6859
6860 6860
4284 6861
6865 6865
6868 6868
5545 6870
1952 6871
6872 6872
3184 6873
6874 6874
6876 6876
3201 6877
4815 6878
6880 6880
6881 6881
5823 6884
6889 6889
