3861 3861
3843 3843
3776 3776
3629 3629
3753 3753
242 242
3628 3628
3701 3701
113 113
3622 3622
3530 3530
117 117
239 239
3749 3749
343 343
3777 3777
244 244
435 435
3561 3561
2797 2797
3616 3616
118 118
3653 3653
2055 2055
2140 2140
3739 3739
6278 6278
6240 6240
3516 3516
189 189
275 275
3930 3930
456 456
23 23
2783 2783
129 129
356 356
330 330
124 124
3747 3747
34 34
3909 3909
45 45
3550 3550
407 407
104 104
22 22
3757 3757
6263 6263
1999 1999
347 347
6265 6265
122 122
3566 3566
2136 2136
6 6
24 24
421 421
3633 3633
6248 6248
5517 5517
2801 2801
146 146
5600 5600
65 65
1907 1907
5708 5708
6246 6246
156 156
1908 1908
3551 3551
29 29
4 4
5602 5602
2222 2222
6247 6247
85 85
2152 2152
2214 2214
324 324
3547 3547
3577 3577
438 438
442 442
3823 3823
2381 2381
432 432
3634 3634
3560 3560
322 322
3611 3611
2178 2178
3518 3518
321 321
73 73
3597 3597
2049 2049
5750 5750
2177 2177
323 323
245 245
5845 5845
3926 3926
3806 3806
54 54
3932 3932
5601 5601
3836 3836
1 1
3925 3925
3829 3829
3825 3825
3581 3581
3667 3667
2003 2003
3579 3579
2246 2246
5840 5840
5610 5610
2174 2174
3584 3584
5848 5848
51 51
5837 5837
5514 5514
3799 3799
155 155
91 91
5959 5959
2294 2294
94 94
99 99
5589 5589
3771 3771
5615 5615
5651 5651
3602 3602
5443 5443
2378 2378
2370 2370
6238 6238
2062 2062
5746 5746
5458 5458
2367 2367
5464 5464
2135 2135
100 100
5820 5820
5634 5634
3590 3590
5612 5612
6231 6231
2775 2775
5932 5932
2160 2160
2163 2163
2127 2127
3568 3568
5613 5613
2494 2494
5933 5933
5627 5627
5939 5939
3588 3588
5635 5635
6059 6059
6056 6056
5944 5944
2128 2128
2598 2598
5936 5936
2597 2597
5825 5825
3 3
5851 5851
2005 2005
5622 5622
260 260
6073 6073
5654 5654
62 62
5557 5557
5949 5949
1984 1984
5523 5523
2129 2129
5720 5720
2278 2278
2164 2164
6062 6062
268 268
377 377
0 0
3163 3163
3571 3571
6077 6077
6084 6084
6063 6063
5596 5596
2485 2485
5453 5453
5543 5543
5674 5674
3972 3972
2610 2610
6045 6045
6055 6055
6052 6052
5697 5697
5542 5542
6044 6044
5717 5717
6042 6042
3906 3906
6064 6064
61 61
5551 5551
3687 3687
1990 1990
2078 2078
2221 2221
5974 5974
2600 2600
5452 5452
2487 2487
2124 2124
5619 5619
5968 5968
5977 5977
3672 3672
5648 5648
5969 5969
5632 5632
2180 2180
380 380
4010 4010
3644 3644
6081 6081
2588 2588
2084 2084
2166 2166
2081 2081
2011 2011
2505 2505
5980 5980
2477 2477
5862 5862
5852 5852
2506 2506
2624 2624
3645 3645
4022 4022
147 147
5855 5855
6143 6143
6091 6091
5678 5678
3673 3673
5677 5677
5539 5539
307 307
5865 5865
4019 4019
3956 3956
2210 2210
2186 2186
6098 6098
3960 3960
6095 6095
381 381
5581 5581
6030 6030
4021 4021
6121 6121
333 333
3941 3941
3877 3877
2027 2027
158 158
2067 2067
2256 2256
2086 2086
376 376
6104 6104
3818 3818
5993 5993
6107 6107
2508 2508
6112 6112
2639 2639
4017 4017
284 284
3161 3161
2629 2629
5869 5869
2633 2633
6117 6117
2643 2643
372 372
2516 2516
3994 3994
3954 3954
5706 5706
3990 3990
2397 2397
3953 3953
2404 2404
401 401
3662 3662
174 174
4001 4001
2635 2635
374 374
5997 5997
3663 3663
3796 3796
468 468
5494 5494
2565 2565
2036 2036
4071 4071
473 473
3991 3991
6157 6157
6132 6132
6006 6006
5872 5872
2519 2519
485 485
2113 2113
5447 5447
6010 6010
3996 3996
2231 2231
2035 2035
475 475
2523 2523
6024 6024
2412 2412
5481 5481
5526 5526
3962 3962
2413 2413
3727 3727
2245 2245
4032 4032
542 542
3988 3988
2675 2675
3716 3716
3490 3490
5802 5802
5903 5903
5902 5902
4066 4066
5475 5475
5743 5743
3810 3810
515 515
4037 4037
3493 3493
2691 2691
5532 5532
2457 2457
5233 5233
367 367
2342 2342
3889 3889
466 466
2442 2442
4067 4067
2282 2282
4038 4038
3733 3733
3487 3487
3899 3899
2441 2441
2216 2216
2676 2676
220 220
5487 5487
2662 2662
5549 5549
2558 2558
2534 2534
217 217
2184 2184
5884 5884
529 529
2560 2560
180 180
2755 2755
3710 3710
4039 4039
2297 2297
2017 2017
564 564
2692 2692
5486 5486
2754 2754
5908 5908
2295 2295
178 178
544 544
518 518
546 546
2663 2663
2550 2550
2544 2544
151 151
4044 4044
550 550
5521 5521
3978 3978
2300 2300
2758 2758
4052 4052
3437 3437
3359 3359
2449 2449
179 179
2423 2423
369 369
3718 3718
5806 5806
3361 3361
2536 2536
5762 5762
2545 2545
5440 5440
492 492
2418 2418
2559 2559
3694 3694
2304 2304
3338 3338
488 488
3362 3362
3358 3358
3870 3870
3809 3809
3059 3059
2463 2463
4012 4012
557 557
2305 2305
5887 5887
2340 2340
2448 2448
6160 6160
6162 6162
2430 2430
2326 2326
2318 2318
5778 5778
2446 2446
3812 3812
2575 2575
5570 5570
2354 2354
5901 5901
3340 3340
6161 6161
2740 2740
3288 3288
3289 3289
3294 3294
255 255
223 223
2351 2351
2097 2097
3308 3308
3683 3683
271 271
5609 5609
5644 5644
3278 3278
2444 2444
3274 3274
2465 2465
2438 2438
2557 2557
3292 3292
4799 4799
6175 6175
3255 3255
3900 3900
6163 6163
6165 6165
3281 3281
6834 6834
3260 3260
3439 3439
3225 3225
5890 5890
3407 3407
3266 3266
5791 5791
5811 5811
3443 3443
5403 5403
3766 3766
5812 5812
3249 3249
3444 3444
225 225
5907 5907
3242 3242
6172 6172
5785 5785
3372 3372
3235 3235
3368 3368
6177 6177
5794 5794
3419 3419
3251 3251
3243 3243
2101 2101
6729 6729
1943 1943
6780 6780
3252 3252
3447 3447
3246 3246
3373 3373
252 252
3720 3720
247 247
3349 3349
6731 6731
5816 5816
5780 5780
3421 3421
3452 3452
4308 4308
6600 6600
3813 3813
5801 5801
2104 2104
3759 3759
3219 3219
936 936
6848 6848
5438 5438
2103 2103
1938 1938
6793 6793
6602 6602
6603 6603
4793 4793
6808 6808
2109 2109
5423 5423
6824 6824
1831 1831
6862 6862
702 702
3218 3218
3217 3217
6778 6778
622 622
3465 3465
6859 6859
6791 6791
6788 6788
6868 6868
177 177
6790 6790
6225 6225
5094 5094
1138 1138
6792 6792
3464 3464
6609 6609
2718 2718
2112 2112
4145 4145
5437 5437
5704 5704
5705 5705
6854 6854
1968 1968
6595 6595
6771 6771
1277 1277
6607 6607
4230 4230
3381 3381
6224 6224
2727 2727
4650 4650
6853 6853
933 933
2719 2719
1586 1586
1874 1874
1163 1163
1860 1860
399 399
5095 5095
5219 5219
4794 4794
1953 1953
4293 4293
4294 4294
5079 5079
1354 1354
5073 5073
6752 6752
4193 4193
5005 5005
6819 6819
6827 6827
3460 3460
1227 1227
5032 5032
1359 1359
6838 6838
6750 6750
4425 4425
4143 4143
1299 1299
4119 4119
1832 1832
4962 4962
4424 4424
3044 3044
3395 3395
6743 6743
1363 1363
1976 1976
6349 6349
391 391
4850 4850
2729 2729
1940 1940
1421 1421
2766 2766
1407 1407
1934 1934
2822 2822
1722 1722
3334 3334
6587 6587
1611 1611
5347 5347
1850 1850
5410 5410
3400 3400
4958 4958
5011 5011
6578 6578
1379 1379
3036 3036
5075 5075
5056 5056
6591 6591
650 650
1451 1451
819 819
1506 1506
4300 4300
6724 6724
1289 1289
2859 2859
4153 4153
3035 3035
3390 3390
669 669
611 611
5201 5201
4076 4076
1561 1561
615 615
5130 5130
5077 5077
4302 4302
6667 6667
6181 6181
5377 5377
4317 4317
943 943
6572 6572
4865 4865
900 900
4166 4166
1195 1195
6663 6663
1609 1609
5069 5069
6735 6735
1946 1946
6721 6721
6383 6383
6659 6659
1886 1886
613 613
1587 1587
3382 3382
1824 1824
1896 1896
3388 3388
3330 3330
4693 4693
4187 4187
4332 4332
4314 4314
4863 4863
6657 6657
1600 1600
4849 4849
5191 5191
610 610
1932 1932
1741 1741
4167 4167
5379 5379
1758 1758
6715 6715
1342 1342
5197 5197
2980 2980
1576 1576
1570 1570
4198 4198
4915 4915
4911 4911
604 604
5411 5411
6209 6209
3386 3386
5178 5178
1224 1224
601 601
4837 4837
6756 6756
585 585
1438 1438
5282 5282
1445 1445
607 607
3201 3201
1851 1851
5045 5045
4956 4956
687 687
6648 6648
4729 4729
4963 4963
1854 1854
5344 5344
1821 1821
2989 2989
1357 1357
4164 4164
5027 5027
1897 1897
5343 5343
704 704
923 923
2844 2844
6196 6196
924 924
6588 6588
6620 6620
608 608
4644 4644
1003 1003
5086 5086
5348 5348
6437 6437
1568 1568
5221 5221
4744 4744
4964 4964
750 750
1591 1591
5113 5113
1037 1037
4831 4831
843 843
4714 4714
6346 6346
3333 3333
2880 2880
1809 1809
1823 1823
1355 1355
996 996
926 926
3142 3142
4953 4953
1541 1541
5259 5259
2746 2746
2981 2981
1855 1855
1863 1863
6625 6625
2856 2856
658 658
6683 6683
250 250
5205 5205
4149 4149
921 921
6438 6438
6446 6446
699 699
1240 1240
5166 5166
997 997
1540 1540
1202 1202
3158 3158
6482 6482
897 897
1433 1433
1814 1814
6563 6563
6291 6291
4878 4878
4158 4158
5050 5050
4728 4728
999 999
6561 6561
1598 1598
4124 4124
1236 1236
6693 6693
3194 3194
1857 1857
1458 1458
5090 5090
5248 5248
1000 1000
1429 1429
988 988
4290 4290
6319 6319
2863 2863
2826 2826
4730 4730
995 995
5192 5192
4724 4724
6633 6633
1681 1681
5110 5110
697 697
249 249
5123 5123
1161 1161
1738 1738
1033 1033
881 881
6615 6615
3180 3180
1608 1608
693 693
1061 1061
891 891
5360 5360
3026 3026
1122 1122
4757 4757
2848 2848
4609 4609
3497 3497
3193 3193
4763 4763
864 864
3182 3182
2831 2831
705 705
1620 1620
3099 3099
6801 6801
1199 1199
1026 1026
783 783
1089 1089
1390 1390
3012 3012
6323 6323
1013 1013
4356 4356
726 726
3016 3016
965 965
4827 4827
6874 6874
6439 6439
6537 6537
1125 1125
1798 1798
6373 6373
1069 1069
4677 4677
1418 1418
1004 1004
1243 1243
3190 3190
5269 5269
6295 6295
1481 1481
4828 4828
3109 3109
883 883
824 824
838 838
1411 1411
1796 1796
2932 2932
4311 4311
1334 1334
4775 4775
2877 2877
919 919
3136 3136
2998 2998
6489 6489
1709 1709
2884 2884
1529 1529
1795 1795
808 808
6566 6566
2919 2919
1496 1496
5089 5089
6487 6487
3107 3107
2971 2971
4607 4607
3079 3079
5222 5222
2865 2865
2920 2920
6569 6569
1386 1386
855 855
3028 3028
6368 6368
912 912
3017 3017
4155 4155
4333 4333
1253 1253
4173 4173
980 980
1499 1499
1753 1753
6384 6384
4882 4882
3503 3503
839 839
1579 1579
2926 2926
3144 3144
1461 1461
4407 4407
868 868
809 809
2820 2820
4593 4593
6300 6300
1916 1916
3023 3023
6322 6322
1106 1106
730 730
1108 1108
6424 6424
966 966
970 970
1330 1330
4871 4871
1471 1471
3076 3076
975 975
4186 4186
2966 2966
6466 6466
4174 4174
4770 4770
3116 3116
778 778
4391 4391
1714 1714
4108 4108
1251 1251
4907 4907
2834 2834
1045 1045
676 676
1265 1265
6559 6559
4358 4358
4087 4087
1055 1055
3150 3150
6294 6294
1780 1780
4359 4359
4373 4373
3007 3007
6567 6567
916 916
3108 3108
2923 2923
631 631
1572 1572
4734 4734
632 632
6370 6370
932 932
6423 6423
4562 4562
6527 6527
801 801
993 993
4949 4949
4631 4631
4459 4459
618 618
846 846
2853 2853
4711 4711
958 958
1027 1027
1156 1156
6508 6508
1172 1172
6526 6526
4844 4844
1525 1525
1153 1153
4712 4712
1017 1017
6875 6875
4817 4817
851 851
6551 6551
4548 4548
4382 4382
1490 1490
3125 3125
6414 6414
3129 3129
4478 4478
4362 4362
1090 1090
1188 1188
5265 5265
945 945
4455 4455
4992 4992
1746 1746
4909 4909
1745 1745
4117 4117
904 904
2952 2952
5324 5324
4502 4502
1447 1447
1526 1526
4237 4237
2965 2965
2907 2907
6429 6429
6389 6389
6554 6554
4337 4337
4932 4932
1133 1133
620 620
4486 4486
4752 4752
621 621
1185 1185
4951 4951
6390 6390
4545 4545
4445 4445
902 902
3133 3133
6303 6303
4991 4991
4135 4135
6518 6518
6467 6467
4664 4664
1674 1674
858 858
1073 1073
4499 4499
4448 4448
4517 4517
4440 4440
723 723
4586 4586
873 873
1098 1098
4538 4538
4943 4943
4564 4564
4930 4930
4516 4516
4672 4672
1101 1101
4494 4494
4637 4637
4537 4537
4436 4436
