3774 3774
5659 5659
2074 2074
5735 5735
2177 2177
2160 2160
5596 5596
2129 2129
1995 1995
2165 2165
5464 5464
2150 2150
2213 2213
5536 5536
2247 2247
2052 2052
5630 5630
5588 5588
2124 2124
2775 2775
2095 2095
328 328
2118 2118
239 239
409 409
3529 3529
2491 2491
408 408
5515 5515
342 342
5468 5468
3703 3703
27 27
5586 5586
5652 5652
2774 2774
2267 2267
2480 2480
6258 6258
6269 6269
3656 3656
5641 5641
410 410
5952 5952
3630 3630
2152 2152
456 456
2818 2818
5635 5635
2254 2254
6275 6275
2197 2197
2061 2061
3566 3566
3633 3633
3602 3602
36 36
5820 5820
347 347
435 435
3609 3609
2084 2084
30 30
3638 3638
5542 5542
3568 3568
5838 5838
3596 3596
2498 2498
3586 3586
2808 2808
6054 6054
146 146
3551 3551
119 119
54 54
2080 2080
6267 6267
3565 3565
5698 5698
439 439
3828 3828
5834 5834
94 94
2069 2069
2487 2487
6077 6077
6058 6058
2022 2022
2479 2479
429 429
6248 6248
64 64
63 63
3833 3833
2499 2499
6079 6079
6042 6042
311 311
3795 3795
2018 2018
2783 2783
5557 5557
432 432
3932 3932
145 145
6047 6047
3908 3908
3915 3915
100 100
2250 2250
5369 5369
2280 2280
5851 5851
3056 3056
5945 5945
5662 5662
312 312
2700 2700
157 157
3704 3704
2596 2596
5944 5944
2701 2701
5497 5497
2714 2714
5986 5986
2702 2702
5490 5490
2182 2182
2087 2087
2600 2600
2477 2477
2623 2623
3770 3770
5968 5968
3886 3886
2618 2618
2743 2743
2621 2621
5970 5970
2216 2216
2031 2031
5487 5487
2523 2523
6090 6090
6147 6147
5981 5981
3648 3648
2629 2629
2723 2723
5740 5740
3782 3782
258 258
5867 5867
5566 5566
2209 2209
3709 3709
5561 5561
2457 2457
5713 5713
1876 1876
5994 5994
773 773
5793 5793
5573 5573
2551 2551
1724 1724
2765 2765
2635 2635
153 153
5763 5763
4913 4913
4000 4000
5712 5712
2753 2753
6005 6005
5988 5988
3437 3437
2992 2992
2688 2688
6003 6003
447 447
1661 1661
2643 2643
3368 3368
1687 1687
1611 1611
1699 1699
3308 3308
3303 3303
1851 1851
4873 4873
1603 1603
5332 5332
3673 3673
3316 3316
4981 4981
1568 1568
3243 3243
1628 1628
1949 1949
374 374
3337 3337
5991 5991
2456 2456
4028 4028
3897 3897
1933 1933
4918 4918
5783 5783
3276 3276
2873 2873
1980 1980
6039 6039
1614 1614
3267 3267
1913 1913
2905 2905
2308 2308
1887 1887
495 495
1625 1625
1593 1593
3229 3229
6880 6880
4982 4982
1561 1561
1976 1976
1874 1874
2306 2306
448 448
3241 3241
1833 1833
1883 1883
5387 5387
1619 1619
6446 6446
3281 3281
1645 1645
1578 1578
2979 2979
3280 3280
1356 1356
2692 2692
715 715
1589 1589
4685 4685
4122 4122
3231 3231
3347 3347
2333 2333
5409 5409
4168 4168
1660 1660
1445 1445
5389 5389
4047 4047
485 485
4048 4048
3371 3371
4032 4032
1595 1595
4035 4035
6124 6124
6159 6159
1659 1659
3716 3716
3223 3223
4816 4816
4833 4833
1591 1591
4092 4092
3690 3690
1832 1832
5417 5417
5327 5327
473 473
6170 6170
5807 5807
4125 4125
1708 1708
5406 5406
1556 1556
1649 1649
1331 1331
1311 1311
1588 1588
3812 3812
1942 1942
1543 1543
3398 3398
3445 3445
4264 4264
1538 1538
1672 1672
788 788
3738 3738
2321 2321
6023 6023
2425 2425
4006 4006
2895 2895
549 549
6335 6335
5056 5056
4013 4013
1977 1977
6754 6754
6669 6669
449 449
1825 1825
6141 6141
5791 5791
6657 6657
2435 2435
2962 2962
6644 6644
6638 6638
6637 6637
6653 6653
4123 4123
6665 6665
4262 4262
3004 3004
1380 1380
6281 6281
1749 1749
1683 1683
6620 6620
5333 5333
3900 3900
1343 1343
3454 3454
543 543
6680 6680
5910 5910
6440 6440
2963 2963
464 464
168 168
6706 6706
558 558
2967 2967
3429 3429
529 529
6745 6745
5356 5356
5339 5339
5282 5282
5923 5923
1419 1419
5355 5355
5287 5287
3991 3991
2819 2819
2541 2541
636 636
5789 5789
3377 3377
3730 3730
3460 3460
5927 5927
3412 3412
5886 5886
3218 3218
3234 3234
5050 5050
5799 5799
4743 4743
3723 3723
3892 3892
302 302
603 603
4226 4226
6693 6693
4267 4267
3457 3457
1391 1391
6792 6792
1737 1737
1812 1812
560 560
3216 3216
5113 5113
1386 1386
6229 6229
6586 6586
1843 1843
5211 5211
5800 5800
3423 3423
4277 4277
1393 1393
4849 4849
4909 4909
6603 6603
6780 6780
5348 5348
5198 5198
3424 3424
4186 4186
6475 6475
163 163
570 570
4195 4195
426 426
6326 6326
3168 3168
5071 5071
3201 3201
4185 4185
4744 4744
5030 5030
3006 3006
4116 4116
4749 4749
6360 6360
4238 4238
701 701
6724 6724
400 400
5220 5220
5208 5208
4077 4077
6777 6777
6598 6598
3766 3766
4058 4058
6830 6830
4962 4962
4119 4119
4240 4240
640 640
4728 4728
4725 4725
6391 6391
1755 1755
5193 5193
6865 6865
3323 3323
1317 1317
6592 6592
5221 5221
3017 3017
6809 6809
4751 4751
4968 4968
4688 4688
4174 4174
6821 6821
3177 3177
4193 4193
1203 1203
6591 6591
1799 1799
4316 4316
6348 6348
1121 1121
730 730
6303 6303
4134 4134
5117 5117
4153 4153
3195 3195
5045 5045
4299 4299
691 691
3321 3321
4352 4352
6288 6288
817 817
2849 2849
4935 4935
4303 4303
676 676
4337 4337
4953 4953
4344 4344
4340 4340
3038 3038
4687 4687
5295 5295
4985 4985
720 720
6302 6302
5255 5255
6566 6566
1798 1798
3320 3320
1795 1795
1348 1348
2860 2860
4814 4814
937 937
972 972
4698 4698
4455 4455
4386 4386
1129 1129
1134 1134
1293 1293
693 693
6578 6578
4956 4956
4158 4158
891 891
1350 1350
1115 1115
6872 6872
4713 4713
1461 1461
1265 1265
705 705
3109 3109
3120 3120
4738 4738
3064 3064
1788 1788
3104 3104
4177 4177
4530 4530
4372 4372
5252 5252
1032 1032
3155 3155
3112 3112
1057 1057
4894 4894
1490 1490
4808 4808
4987 4987
1164 1164
1223 1223
3039 3039
1044 1044
6504 6504
4930 4930
3133 3133
802 802
4297 4297
3037 3037
973 973
652 652
5188 5188
901 901
4635 4635
6389 6389
841 841
987 987
1103 1103
1152 1152
4329 4329
3137 3137
1480 1480
4607 4607
4503 4503
903 903
943 943
1177 1177
1460 1460
1275 1275
835 835
250 250
4428 4428
4409 4409
4157 4157
1014 1014
4950 4950
1033 1033
2823 2823
4417 4417
1108 1108
4828 4828
4454 4454
1229 1229
873 873
600 600
795 795
6318 6318
1010 1010
1172 1172
384 384
6317 6317
601 601
6560 6560
6559 6559
1456 1456
4730 4730
4519 4519
4493 4493
1042 1042
924 924
4628 4628
4562 4562
4361 4361
6551 6551
1190 1190
1464 1464
4443 4443
