1674 1
1254 2
6746 3
802 5
5339 7
2031 8
6427 9
3291 11
6589 14
3525 16
4328 17
6362 21
1611 23
6823 24
1480 25
27 27
6795 28
30 30
4525 33
6128 34
36 36
6288 37
3345 39
259 41
1373 42
2204 44
936 45
3990 46
2249 47
5299 48
2817 50
801 51
4567 52
54 54
41 56
1960 57
5629 58
625 59
2457 60
63 63
64 64
1570 65
2659 68
2322 69
2794 70
749 71
14 73
509 74
6571 76
6419 77
3473 78
5494 85
5810 88
5698 89
4246 91
94 94
100 100
5605 110
5250 111
119 119
531 121
2740 122
3017 123
1778 124
6757 125
973 127
1125 128
4405 133
403 134
5022 135
194 136
885 139
2304 140
145 145
146 146
3125 147
153 153
4289 154
2388 155
157 157
750 158
163 163
4361 164
4849 165
168 168
4403 170
5268 176
4175 181
3324 183
426 194
2282 197
5387 199
3340 200
817 202
1586 205
469 208
5964 210
3160 212
3325 213
1329 215
5810 216
1588 219
1837 223
6179 225
5516 228
5804 229
5867 233
1972 238
239 239
2530 241
509 243
4015 246
2810 247
3133 248
2180 249
250 250
253 253
1960 254
5924 257
258 258
1729 260
1814 261
4340 262
4434 264
2380 265
141 267
5448 270
5110 271
3651 272
171 277
3552 279
196 284
1607 285
3303 287
3595 288
6713 289
1705 290
3379 291
4004 293
5117 295
4142 299
6715 300
378 301
302 302
6520 305
5218 306
311 311
312 312
2233 313
403 314
1764 315
2138 316
6264 317
5884 323
328 328
5653 329
3311 331
305 333
3951 335
4285 337
342 342
5222 343
4367 344
1245 346
347 347
3849 352
5852 354
4246 355
4849 356
417 361
2271 362
5611 364
3149 366
369 369
2785 371
417 373
374 374
1045 380
384 384
4404 385
2611 386
1396 387
5007 388
355 393
2813 394
4360 396
4152 398
400 400
5715 402
3472 403
5012 405
408 408
409 409
410 410
3250 411
630 414
1480 416
6370 417
6289 420
4146 423
1029 425
426 426
429 429
2843 430
432 432
2552 433
5927 434
435 435
436 436
5611 437
439 439
6035 441
6871 444
447 447
448 448
449 449
6761 455
456 456
1285 458
2742 460
5299 462
464 464
3459 465
466 466
3636 467
1029 469
473 473
3355 475
2928 476
6329 477
2788 481
1245 482
2634 483
485 485
5877 486
2969 489
158 490
5913 491
1433 492
363 494
495 495
6151 497
4738 498
55 505
1590 506
6391 509
4583 512
5572 516
5900 517
64 518
4170 519
1548 523
1814 524
1430 526
529 529
5927 531
6155 534
5279 535
3240 536
2998 539
799 541
543 543
544 544
2701 545
1467 547
549 549
1350 551
6113 553
5577 555
4332 556
1548 557
558 558
560 560
3797 561
2681 562
4195 565
570 570
1244 574
3907 580
6213 582
3219 585
3638 586
417 588
1550 589
6543 590
5138 591
3995 596
2765 598
600 600
601 601
603 603
5302 604
234 611
719 617
6017 618
3143 619
1103 620
6740 623
1870 626
3011 629
4049 630
631 631
2846 632
679 633
636 636
5165 638
5748 639
640 640
5093 641
3571 644
4281 646
3303 647
1306 648
1008 649
2743 651
652 652
971 655
463 656
1066 657
6437 658
1150 662
749 663
4706 666
503 667
3416 668
2559 669
5153 671
3311 673
676 676
1586 678
1233 679
4895 680
3018 681
2525 684
2297 685
2557 687
691 691
1777 692
693 693
2345 694
6603 695
1739 700
701 701
3244 702
705 705
3903 709
2806 711
3661 713
473 714
715 715
5652 718
720 720
3347 722
1040 723
3145 724
776 726
730 730
3285 731
3797 734
5973 738
4446 742
2457 744
3291 746
5853 748
3473 749
6084 750
1660 751
754 754
5973 755
3638 757
1673 759
1586 761
1960 765
5402 767
771 771
773 773
2542 774
4892 776
5537 777
6240 778
4849 781
4545 783
4313 787
788 788
2736 790
2814 791
5384 793
1389 794
795 795
6409 799
4481 801
802 802
1106 803
5463 804
699 805
6086 807
6164 810
728 814
3613 816
817 817
4878 819
5763 826
1827 830
2071 832
1665 834
835 835
1933 836
1322 837
4014 838
841 841
1233 842
6696 844
2646 848
1899 849
1960 854
2289 857
5501 860
1648 861
1361 865
2871 867
3747 868
873 873
3797 876
5955 878
1258 879
5884 881
6560 884
4406 885
1233 887
4700 888
891 891
4691 896
3372 897
681 898
3868 900
901 901
903 903
1421 904
5927 905
1960 906
807 907
3616 911
376 912
4705 914
1700 915
179 916
924 924
442 926
6546 936
937 937
4389 939
3924 941
5928 942
943 943
2181 944
6860 946
3564 951
952 952
4762 954
2457 956
955 957
151 958
5955 959
3498 961
439 962
4124 965
1433 968
4147 969
5794 970
5763 971
972 972
973 973
6860 978
2836 981
949 983
1627 986
987 987
1005 996
2484 999
1 1000
2000 1003
6780 1005
4082 1007
657 1008
1010 1010
5664 1013
1014 1014
1220 1017
1586 1022
662 1024
341 1025
3664 1026
2434 1028
1588 1030
6771 1031
1032 1032
1033 1033
3291 1034
447 1038
6229 1039
1042 1042
990 1043
1044 1044
2856 1048
3689 1051
3892 1055
1057 1057
22 1061
4875 1062
3151 1066
4359 1071
5448 1074
2147 1075
3409 1076
4387 1077
3401 1079
4281 1086
955 1093
47 1094
1870 1097
1103 1103
69 1104
553 1106
5439 1107
1108 1108
5817 1109
5158 1112
6675 1114
1115 1115
650 1118
1121 1121
4249 1124
1460 1125
1129 1129
6565 1130
4227 1133
1134 1134
1137 1137
1138 1138
3488 1139
2318 1140
1517 1143
5906 1144
4791 1145
380 1147
1997 1148
1152 1152
1611 1153
2503 1155
27 1158
6068 1160
2818 1162
1164 1164
6342 1166
1172 1172
2647 1174
5157 1175
1177 1177
3001 1178
522 1179
6164 1181
1077 1182
758 1184
4692 1186
4317 1187
1960 1189
1190 1190
1287 1192
28 1193
6312 1197
2091 1198
4592 1199
1203 1203
324 1204
5461 1206
5299 1207
2301 1210
4261 1212
1223 1223
4754 1225
5183 1226
6559 1227
1229 1229
6825 1236
4254 1238
1927 1239
2274 1240
2663 1243
2731 1245
1611 1251
1576 1255
2997 1256
627 1257
5183 1258
5103 1260
404 1262
3011 1263
1265 1265
6329 1266
1086 1267
143 1268
3401 1269
5510 1270
2457 1273
1275 1275
2913 1276
342 1284
5093 1286
1158 1287
3488 1289
836 1292
1293 1293
2813 1295
5617 1296
4651 1303
3101 1305
4691 1306
6603 1309
1311 1311
913 1314
6215 1315
1317 1317
4000 1318
3207 1319
1477 1320
3758 1321
47 1322
1520 1324
1203 1325
1327 1327
973 1328
4387 1329
1331 1331
3488 1334
2469 1336
213 1339
5629 1341
4729 1342
1343 1343
5165 1347
1348 1348
1350 1350
3796 1351
5724 1352
3368 1353
1356 1356
4268 1357
3868 1359
3289 1362
2765 1363
2928 1365
2991 1367
900 1368
6478 1370
1550 1374
2491 1375
4381 1377
5307 1378
1380 1380
3230 1381
6866 1384
2234 1385
1386 1386
1391 1391
1393 1393
2552 1394
6589 1397
2026 1398
2685 1399
6797 1404
328 1407
1645 1410
2151 1413
4556 1414
719 1415
6035 1416
2216 1417
1419 1419
6680 1420
1674 1421
386 1422
417 1423
1138 1425
3638 1427
5503 1430
5506 1435
4756 1438
1788 1439
729 1440
1445 1445
6856 1446
4015 1447
6866 1448
6348 1453
6032 1455
1456 1456
6677 1457
1029 1459
1460 1460
1461 1461
1464 1464
1614 1466
4618 1468
6289 1469
6104 1471
1195 1474
6361 1476
1155 1477
5698 1478
825 1479
1480 1480
2506 1481
1570 1482
3372 1483
2446 1487
5564 1489
1490 1490
3682 1491
3605 1494
6427 1495
4527 1498
2639 1499
5103 1502
5724 1503
5054 1505
3207 1507
5852 1508
905 1510
1440 1511
465 1513
4651 1520
3217 1523
1080 1524
3007 1525
4734 1526
473 1527
556 1528
5443 1529
5299 1533
3183 1535
3638 1537
1538 1538
2794 1542
1543 1543
6856 1544
1169 1545
2770 1549
6405 1551
5994 1552
1556 1556
5312 1557
2573 1559
1561 1561
1645 1562
3890 1564
4987 1567
1568 1568
700 1575
2381 1576
5199 1577
1578 1578
1433 1579
6804 1583
3534 1584
1673 1585
1588 1588
1589 1589
654 1590
1591 1591
5093 1592
1593 1593
2527 1594
1595 1595
4261 1597
4556 1598
6391 1599
3269 1601
1603 1603
2556 1606
1611 1611
1406 1613
1614 1614
1994 1616
1814 1618
1619 1619
1419 1622
6856 1623
1625 1625
1804 1627
1628 1628
2155 1629
2639 1634
6867 1635
1279 1638
5285 1639
2034 1644
1645 1645
5422 1646
3839 1647
1649 1649
4687 1653
4100 1656
1659 1659
1660 1660
1661 1661
2367 1663
1282 1664
417 1665
1961 1667
5926 1668
1672 1672
924 1674
1676 1676
5837 1677
3240 1678
6830 1679
1695 1680
1683 1683
2753 1684
5165 1685
5945 1686
1687 1687
4804 1689
5009 1690
5253 1694
2135 1695
1960 1696
2558 1697
2510 1698
1699 1699
4567 1702
316 1705
4651 1706
1708 1708
3837 1710
1122 1714
4078 1716
5926 1718
3420 1719
6805 1721
1570 1722
5994 1723
1724 1724
2043 1725
782 1727
1729 1729
5212 1730
4567 1731
760 1735
6856 1736
1737 1737
2347 1740
3636 1741
1989 1742
4849 1743
220 1745
965 1746
1749 1749
5990 1751
5500 1752
2101 1753
1755 1755
1287 1756
2653 1762
3039 1764
1766 1766
504 1770
2708 1771
1772 1772
234 1773
6415 1774
2691 1778
1846 1779
1239 1780
1980 1781
3728 1784
4957 1786
3979 1787
1788 1788
2792 1789
3995 1792
1795 1795
2354 1797
1798 1798
1799 1799
1029 1800
5927 1802
3761 1803
4362 1804
3345 1807
4553 1809
1453 1810
1379 1811
1812 1812
1550 1818
655 1822
1825 1825
1578 1826
684 1828
978 1830
1741 1831
1832 1832
1833 1833
1838 1838
1839 1839
6408 1841
2768 1842
1843 1843
5822 1844
5401 1846
4895 1847
973 1848
5585 1849
1778 1850
1851 1851
4340 1854
3985 1857
4321 1860
841 1864
5007 1865
4968 1869
6186 1872
1874 1874
1876 1876
2737 1877
6391 1879
1576 1880
1883 1883
6341 1886
1887 1887
4409 1893
5007 1894
1779 1895
4481 1896
849 1899
1 1907
3473 1909
1910 1910
3112 1912
1913 1913
188 1914
2570 1915
1284 1916
5611 1917
6511 1919
4078 1923
4134 1924
5957 1926
6193 1927
4779 1931
855 1932
1933 1933
1245 1934
6189 1935
1960 1936
497 1937
1119 1941
1942 1942
2443 1944
4968 1947
2742 1948
1949 1949
2393 1950
467 1953
5810 1954
6310 1955
842 1957
3441 1960
844 1961
5566 1962
6792 1966
3903 1969
6555 1970
3289 1972
1976 1976
1977 1977
2196 1979
1980 1980
3206 1981
6660 1983
4341 1987
5586 1989
223 1990
6562 1991
2636 1994
1995 1995
1007 1998
4145 2001
418 2002
3797 2003
1334 2005
2289 2007
4922 2010
556 2012
978 2017
2018 2018
2963 2019
2022 2022
220 2027
1106 2029
2031 2031
6469 2033
5797 2034
3372 2037
3535 2038
1887 2050
2581 2051
2052 2052
6834 2054
6660 2056
3797 2057
2061 2061
5012 2063
2053 2065
2217 2066
2069 2069
2074 2074
2080 2080
2998 2081
2084 2084
2087 2087
2112 2089
5384 2091
2765 2094
2095 2095
3721 2096
4760 2097
1647 2099
443 2106
4034 2107
6492 2110
748 2111
5138 2112
1852 2114
2118 2118
835 2119
225 2123
2124 2124
2234 2125
3532 2126
743 2127
2129 2129
1801 2135
1690 2136
2351 2140
2331 2144
2914 2145
2001 2146
5927 2149
2150 2150
2152 2152
4261 2153
4510 2154
3615 2155
6877 2156
2160 2160
6780 2163
2165 2165
2726 2168
2959 2169
3739 2174
2429 2175
2177 2177
1960 2179
261 2181
2182 2182
3344 2184
6187 2186
5954 2188
3420 2190
1804 2191
5012 2192
2818 2193
2197 2197
2737 2198
2039 2199
98 2202
6151 2205
5390 2206
313 2208
2209 2209
749 2212
2213 2213
4756 2214
2216 2216
6856 2217
23 2221
5909 2222
4508 2223
1959 2224
4775 2225
326 2229
1151 2232
3217 2238
3430 2240
1761 2241
2743 2242
840 2243
492 2244
3990 2246
2247 2247
1622 2248
266 2249
2250 2250
2854 2252
2254 2254
198 2257
3797 2258
2049 2260
6140 2266
2267 2267
5844 2268
3404 2270
417 2271
6848 2274
5490 2275
1161 2279
2280 2280
3308 2281
5221 2282
1933 2284
2544 2286
966 2287
4454 2289
3252 2292
1433 2297
3578 2300
6856 2301
965 2302
1959 2303
6823 2305
2306 2306
2308 2308
768 2309
58 2313
1586 2315
4934 2317
5650 2320
2321 2321
3236 2323
6315 2324
382 2325
5933 2326
490 2330
6711 2331
4060 2332
2333 2333
1389 2334
6254 2336
722 2340
492 2342
2457 2343
2825 2345
2685 2348
1870 2353
5749 2356
6231 2357
3372 2365
5557 2370
5103 2372
5955 2374
4032 2375
4548 2378
3555 2381
6669 2382
1817 2383
3008 2384
5138 2388
556 2390
472 2391
2814 2395
4193 2396
6263 2397
1814 2400
2434 2401
5546 2402
5395 2408
88 2409
417 2410
4287 2411
3469 2414
1370 2416
6374 2419
3171 2421
2330 2422
6520 2424
2425 2425
4730 2426
5698 2429
1657 2432
5546 2433
2435 2435
1087 2437
6703 2438
5927 2439
3852 2440
5726 2443
6419 2445
5853 2454
3742 2455
2456 2456
2457 2457
2021 2458
264 2459
5506 2461
6318 2462
4264 2463
1029 2464
3747 2465
5468 2467
674 2470
6670 2472
2477 2477
2479 2479
2480 2480
94 2485
3618 2486
2487 2487
1812 2489
377 2490
2491 2491
5878 2492
830 2494
2498 2498
2499 2499
1565 2501
5713 2502
5343 2506
816 2508
6611 2509
1588 2510
632 2519
2523 2523
6113 2525
209 2526
2609 2527
2119 2529
2112 2533
2274 2534
3164 2535
2541 2541
2004 2542
3664 2544
3664 2545
3462 2547
5479 2548
2551 2551
828 2556
4994 2559
4972 2562
9 2563
5427 2567
3555 2568
531 2569
1543 2571
776 2572
469 2575
2502 2578
1691 2580
2393 2581
3240 2582
5461 2588
1260 2589
1144 2590
2738 2591
1571 2593
5483 2594
2596 2596
5604 2597
2600 2600
3769 2602
2660 2603
1691 2604
2301 2605
4849 2608
1717 2610
1469 2612
2216 2613
5961 2614
6051 2617
2618 2618
4957 2619
2621 2621
2623 2623
2098 2626
2629 2629
0 2632
2635 2635
3285 2638
340 2639
3401 2640
3510 2642
2643 2643
2818 2646
5208 2650
5753 2652
5877 2655
25 2656
1287 2657
1350 2658
6036 2661
1721 2663
3232 2664
6359 2666
4730 2668
1360 2669
4743 2672
417 2673
5706 2675
47 2678
4769 2683
2688 2688
4769 2690
2101 2691
2692 2692
1700 2695
2700 2700
2701 2701
2702 2702
3594 2704
911 2705
5962 2708
4034 2709
5026 2713
2714 2714
5941 2716
1887 2717
2723 2723
1960 2725
2004 2726
3868 2727
6828 2729
4063 2730
6247 2731
1874 2733
5487 2734
5747 2735
4340 2736
5603 2738
1339 2739
2743 2743
606 2744
6780 2746
1981 2752
2753 2753
3868 2754
402 2756
1960 2757
5731 2758
3540 2759
4849 2762
1029 2763
2765 2765
3747 2766
3711 2768
2774 2774
2775 2775
2015 2776
4721 2778
6657 2780
4730 2782
2783 2783
2217 2787
4651 2792
2793 2793
2795 2795
1421 2797
2799 2799
2866 2800
5482 2802
1949 2803
4610 2805
2808 2808
4743 2812
2805 2813
5336 2816
2818 2818
2819 2819
2388 2821
3530 2822
2823 2823
6413 2825
3611 2826
222 2828
1440 2829
2004 2830
6823 2831
2525 2832
1888 2835
287 2836
1700 2837
1029 2842
1870 2847
2849 2849
5165 2850
1084 2852
1570 2853
326 2854
6613 2855
3877 2856
171 2857
3488 2859
2860 2860
1868 2861
1103 2863
1876 2864
1391 2866
2391 2872
2873 2873
3270 2874
990 2879
3330 2881
3900 2884
4731 2885
5386 2886
2818 2887
4435 2889
4429 2892
4661 2893
2895 2895
1588 2896
3883 2897
5181 2898
2432 2900
4817 2903
2905 2905
1682 2906
3372 2907
449 2908
4195 2909
3372 2911
5807 2913
2004 2915
1119 2916
2352 2917
1960 2918
1103 2919
5494 2923
5660 2924
2998 2925
801 2926
2368 2935
1286 2939
4687 2941
5235 2942
1455 2944
5307 2946
2297 2949
4182 2951
1195 2954
2962 2962
2963 2963
5994 2964
3052 2966
2967 2967
5905 2968
1141 2969
3091 2970
655 2971
5650 2973
2979 2979
3747 2980
6591 2981
5660 2983
2998 2986
4730 2989
2484 2991
2992 2992
5069 2994
3345 2995
3830 2997
4562 2998
949 2999
6023 3001
3303 3002
3004 3004
3006 3006
80 3009
3638 3010
6747 3011
1285 3015
3017 3017
4760 3019
2718 3020
2574 3024
1959 3027
6467 3036
3037 3037
3038 3038
3039 3039
2639 3043
276 3045
2577 3047
4840 3050
5208 3054
2355 3055
3056 3056
4145 3058
5343 3059
1449 3063
3064 3064
4328 3067
3696 3068
310 3070
2194 3072
489 3077
3635 3079
6486 3081
5395 3085
1068 3087
2803 3088
417 3089
1643 3091
4212 3094
2509 3099
6594 3100
3104 3104
5557 3108
3109 3109
3311 3111
3112 3112
6370 3114
1106 3115
3120 3120
224 3124
4406 3126
4724 3130
1023 3131
1919 3132
3133 3133
4157 3134
3778 3135
3137 3137
2432 3141
3569 3143
1570 3144
2384 3145
2225 3147
3228 3148
3155 3155
6647 3157
6649 3159
212 3160
3429 3162
6843 3164
826 3167
3168 3168
2225 3170
2296 3171
4352 3172
4377 3175
4137 3176
3177 3177
2743 3184
1959 3185
3580 3186
3195 3195
2997 3198
3201 3201
78 3203
3161 3206
4193 3211
417 3215
3216 3216
3218 3218
380 3219
828 3220
6866 3222
3223 3223
198 3224
1674 3225
3880 3226
3229 3229
3231 3231
3994 3233
3234 3234
5388 3238
973 3239
3241 3241
3243 3243
4285 3244
1465 3247
2479 3248
6845 3250
2245 3253
1207 3254
4191 3256
5395 3258
1350 3260
5877 3265
3267 3267
3276 3276
6622 3277
3280 3280
3281 3281
58 3282
5179 3285
1949 3287
3000 3288
4510 3291
1956 3292
6398 3296
2368 3297
2538 3298
1083 3299
6677 3300
1029 3302
3303 3303
1029 3305
3248 3306
3308 3308
887 3311
6330 3313
3316 3316
3320 3320
3321 3321
2928 3322
3323 3323
4567 3324
5395 3326
2484 3328
2229 3330
27 3335
3337 3337
5036 3339
6637 3340
1960 3341
1726 3342
673 3343
3347 3347
6478 3350
4000 3353
5357 3354
768 3355
6780 3359
6420 3361
6444 3367
3368 3368
2551 3369
3371 3371
1135 3372
6087 3374
3377 3377
3425 3378
1570 3381
1673 3383
3238 3384
436 3385
5550 3389
5007 3394
3398 3398
4145 3400
1187 3403
4555 3404
5746 3405
787 3406
3219 3407
4063 3410
342 3411
3412 3412
1418 3413
6208 3415
2562 3416
597 3419
240 3420
3844 3421
3423 3423
3424 3424
2479 3426
3429 3429
5065 3430
1332 3432
1752 3433
1203 3434
143 3435
3437 3437
6780 3439
4716 3440
1960 3441
3372 3443
490 3444
3445 3445
2996 3446
6275 3447
5822 3448
3698 3449
5867 3451
3323 3452
449 3453
3454 3454
3663 3456
3457 3457
1131 3459
3460 3460
3124 3461
5063 3462
4651 3463
1914 3464
284 3465
6028 3468
1960 3470
2969 3472
274 3473
2233 3478
1586 3479
417 3480
1038 3483
1285 3484
4762 3489
5487 3490
1045 3493
2997 3494
1652 3495
1680 3496
3621 3498
3500 3500
6856 3501
4332 3505
2503 3508
2648 3511
1754 3513
6595 3516
700 3517
1557 3518
4015 3521
3282 3522
455 3524
1864 3526
905 3528
3529 3529
117 3530
1571 3531
3735 3533
5810 3535
1691 3541
3107 3542
1195 3545
5503 3547
490 3549
3551 3551
2915 3552
5475 3553
3229 3554
6468 3555
291 3558
179 3560
1834 3562
573 3563
3565 3565
3566 3566
3568 3568
533 3572
5918 3573
1369 3576
2005 3577
2430 3578
4439 3581
5479 3582
5595 3583
4713 3584
1673 3585
3586 3586
1290 3587
2814 3588
1586 3592
4363 3595
3596 3596
3602 3602
3609 3609
973 3614
2685 3616
2848 3617
402 3618
1586 3620
3208 3621
549 3622
3186 3623
4432 3624
1960 3626
2863 3628
3630 3630
4577 3631
1960 3632
3633 3633
442 3634
3635 3635
4621 3637
3638 3638
384 3642
2989 3643
2144 3646
3648 3648
4485 3653
1887 3654
3413 3655
3656 3656
3532 3659
517 3660
5542 3667
3862 3669
1401 3671
3673 3673
3811 3674
1548 3679
3232 3680
3429 3686
5343 3687
2902 3688
3690 3690
4212 3692
2743 3693
5970 3696
3429 3697
2707 3702
3703 3703
3704 3704
975 3705
3709 3709
5650 3711
2996 3714
573 3715
3716 3716
3133 3717
2506 3718
3723 3723
2573 3724
3941 3727
1033 3728
3730 3730
3346 3731
5797 3733
1239 3734
5994 3736
3738 3738
5494 3739
4567 3741
3240 3743
6649 3746
62 3747
5967 3752
1163 3753
4899 3755
6042 3757
1847 3758
6201 3764
3766 3766
4384 3768
3770 3770
271 3771
6745 3772
3774 3774
4849 3776
2304 3778
1086 3779
3782 3782
2558 3785
3074 3786
4074 3791
3795 3795
991 3798
5837 3799
1870 3804
5090 3806
1520 3807
4885 3808
2135 3809
2651 3810
5164 3811
3812 3812
4743 3814
417 3817
3169 3821
1099 3822
3219 3823
6248 3824
3828 3828
4335 3829
1879 3830
6066 3831
2659 3832
3833 3833
3308 3836
25 3837
3372 3838
3001 3840
4526 3842
2084 3845
2249 3849
6823 3850
6627 3859
417 3860
2254 3861
6695 3863
6821 3866
6434 3873
2970 3875
1095 3877
5319 3881
3886 3886
4212 3888
342 3891
3892 3892
6708 3895
3897 3897
1994 3898
3900 3900
1994 3901
4326 3903
3908 3908
335 3911
6520 3913
3340 3914
3915 3915
760 3918
350 3919
6413 3921
3924 3924
6475 3925
4362 3927
3932 3932
531 3934
4784 3935
6869 3937
76 3941
4497 3943
6409 3947
6762 3949
6819 3950
4332 3952
3488 3953
14 3955
3633 3956
3962 3962
4119 3963
1207 3964
3965 3965
6087 3966
6508 3967
4889 3968
3372 3972
4204 3973
6466 3976
1433 3978
3979 3979
3980 3980
5357 3981
437 3982
2804 3983
3989 3989
3991 3991
1960 3993
5181 3994
1029 3996
823 3999
4000 4000
1798 4001
6301 4003
4073 4004
4671 4005
4006 4006
824 4011
4013 4013
3683 4019
23 4020
5576 4024
4028 4028
33 4030
4032 4032
4035 4035
4036 4036
2904 4037
505 4039
1812 4040
1535 4042
4047 4047
4048 4048
1038 4049
6086 4050
1389 4051
370 4053
2217 4056
4058 4058
5675 4061
4065 4065
5475 4066
6606 4069
5007 4072
4751 4073
588 4075
6780 4076
4077 4077
6408 4078
1125 4081
1762 4085
5955 4086
4092 4092
2525 4095
5293 4097
2082 4098
2527 4102
6456 4103
5867 4104
4692 4106
5713 4107
2639 4110
3552 4111
1588 4113
4116 4116
2232 4118
4119 4119
4610 4120
4063 4121
4122 4122
4123 4123
3407 4124
4125 4125
2475 4126
4861 4129
3897 4130
6393 4132
4134 4134
2872 4135
1373 4137
6856 4139
6229 4143
492 4145
1054 4146
6240 4148
3871 4151
4153 4153
3225 4155
6084 4156
4157 4157
4158 4158
3702 4161
991 4163
6641 4164
4817 4167
4168 4168
578 4169
5652 4170
1038 4172
4174 4174
5175 4175
4177 4177
1614 4178
4314 4179
643 4180
509 4181
4287 4182
3876 4183
1549 4184
4185 4185
4186 4186
6589 4188
476 4191
3883 4192
4193 4193
4195 4195
985 4196
676 4198
91 4201
4203 4203
4739 4204
147 4206
2431 4210
5299 4214
1588 4216
6620 4217
5302 4223
917 4225
4226 4226
5542 4230
531 4231
5433 4232
4503 4236
741 4237
4238 4238
4240 4240
4641 4242
1287 4243
3325 4247
5397 4248
6164 4249
4780 4252
2146 4254
4262 4262
4264 4264
4267 4267
4045 4268
729 4271
4651 4273
1350 4276
4277 4277
78 4278
2604 4283
5266 4286
1383 4288
6118 4296
4297 4297
4299 4299
5250 4301
4303 4303
1867 4305
1804 4310
4713 4311
377 4315
4316 4316
1592 4324
4329 4329
6033 4336
4337 4337
2811 4338
4340 4340
655 4342
1687 4343
4344 4344
6674 4347
4922 4349
2403 4351
4352 4352
4691 4359
4361 4361
6270 4364
795 4365
1870 4368
240 4370
4372 4372
1029 4374
639 4376
5390 4377
625 4380
2961 4384
4386 4386
1077 4387
2966 4388
4935 4389
6309 4391
2087 4392
6370 4395
4816 4396
3095 4397
817 4398
1786 4399
509 4406
5740 4407
5482 4408
4409 4409
6386 4410
1574 4411
4412 4412
6682 4414
4417 4417
4309 4418
4620 4420
2340 4424
5733 4427
4428 4428
1281 4429
1360 4430
5081 4431
100 4435
3638 4438
4443 4443
3046 4445
553 4446
4449 4449
409 4452
6519 4453
4454 4454
4455 4455
6603 4457
2792 4460
3053 4461
6637 4463
261 4467
4340 4468
6010 4471
6188 4475
5294 4476
6265 4477
5300 4478
4480 4480
6543 4484
3505 4485
333 4487
4493 4493
3806 4494
1728 4495
2743 4496
5103 4501
1778 4502
4503 4503
5650 4507
573 4508
4519 4519
2535 4520
6757 4521
6469 4523
6061 4525
6408 4526
3555 4527
1203 4529
4530 4530
5721 4533
1036 4534
6466 4537
5173 4538
6500 4539
1551 4540
1119 4542
4354 4543
8 4546
3303 4551
5617 4557
417 4558
1361 4559
4562 4562
2765 4565
4849 4566
376 4568
1961 4572
163 4573
6355 4574
3228 4575
3770 4578
3101 4579
4620 4581
2912 4582
5245 4585
5911 4587
5967 4588
2335 4592
3493 4593
4594 4594
5184 4601
1644 4604
3756 4606
4607 4607
3429 4608
3615 4613
453 4614
2558 4620
4936 4621
5712 4622
1000 4623
4628 4628
5955 4632
4635 4635
4709 4637
4567 4638
6778 4644
2615 4645
6492 4647
6414 4648
3991 4650
5319 4652
5785 4653
826 4658
3401 4659
2769 4660
3361 4664
4222 4669
3753 4672
1948 4680
4349 4682
5727 4684
4685 4685
1517 4686
4687 4687
4688 4688
4972 4692
4050 4694
5996 4696
4698 4698
643 4702
1446 4704
2089 4707
3651 4708
4814 4709
1119 4710
1867 4712
4713 4713
2664 4717
3473 4718
2352 4719
3416 4720
3101 4721
3588 4722
2573 4724
4725 4725
4728 4728
4730 4730
3334 4731
2947 4732
1747 4734
1202 4736
5136 4737
4738 4738
6603 4742
4743 4743
4744 4744
4550 4746
1449 4747
4749 4749
4751 4751
1244 4753
6784 4755
5808 4758
2304 4760
1557 4764
5781 4768
2371 4769
1867 4770
5994 4771
2233 4772
692 4773
6647 4778
3532 4779
2313 4783
2792 4785
4322 4791
5884 4793
4101 4794
273 4796
573 4803
2511 4804
739 4806
4808 4808
1726 4809
3189 4810
5058 4813
4814 4814
4816 4816
2274 4817
6193 4820
4828 4828
4833 4833
1041 4836
5300 4839
5055 4842
5838 4843
6384 4844
2447 4845
3469 4847
4849 4849
3142 4859
4197 4865
6866 4867
5442 4869
1700 4870
4298 4871
2792 4872
4873 4873
632 4874
5158 4878
2172 4879
2552 4880
2765 4881
2574 4884
4285 4887
4261 4888
4405 4889
1492 4891
776 4892
4894 4894
6018 4895
5994 4896
6370 4898
6654 4904
1461 4907
4909 4909
2244 4911
3029 4912
4913 4913
3143 4914
6823 4915
5374 4916
4918 4918
1285 4919
1048 4921
1972 4928
4930 4930
1586 4933
4935 4935
1534 4936
2679 4938
2646 4940
2210 4941
4713 4943
969 4944
627 4945
2501 4947
4950 4950
4735 4951
1352 4952
4953 4953
5009 4954
4955 4955
4956 4956
659 4961
4962 4962
117 4963
2306 4966
1588 4967
4968 4968
1542 4970
660 4972
4150 4973
2221 4974
6240 4975
2502 4980
4981 4981
4982 4982
4985 4985
4987 4987
3837 4990
5377 4991
545 4993
2068 4995
6427 4996
4762 4997
1825 5000
1104 5003
1557 5005
5007 5007
4169 5008
2879 5009
3612 5011
1960 5014
1624 5016
788 5020
4435 5021
1007 5023
643 5025
1724 5026
240 5029
5030 5030
5867 5031
2419 5035
143 5037
2843 5042
3327 5043
5045 5045
885 5049
5050 5050
4889 5052
1033 5053
2747 5054
5056 5056
3596 5059
3054 5062
3473 5063
2116 5065
2751 5066
490 5067
3932 5069
5071 5071
900 5073
2818 5074
4023 5076
2438 5077
2822 5079
5051 5080
4145 5083
1471 5084
3452 5086
5430 5089
1586 5091
3739 5097
5712 5104
2511 5107
151 5110
5955 5111
3651 5112
5113 5113
2457 5114
5117 5117
3109 5125
3747 5126
4410 5128
1346 5137
2206 5138
3008 5140
3577 5141
448 5143
4960 5148
4503 5149
1851 5150
6021 5151
6 5152
5751 5153
6106 5154
4881 5156
4618 5158
532 5162
3128 5163
3311 5170
5844 5174
33 5175
1586 5176
4221 5178
1574 5180
3763 5184
1411 5186
5188 5188
3397 5189
728 5190
5193 5193
6298 5194
5198 5198
6843 5200
912 5205
5208 5208
5211 5211
4118 5212
4480 5215
973 5216
5220 5220
5221 5221
5852 5223
5006 5228
5872 5233
5234 5234
5316 5236
1754 5238
4687 5239
1960 5242
5026 5243
1900 5249
2807 5251
5252 5252
3250 5254
5255 5255
1520 5258
5866 5261
2794 5262
1997 5264
1870 5274
3711 5278
514 5281
5282 5282
5368 5283
5299 5284
5287 5287
5786 5289
6761 5293
1648 5294
5295 5295
6003 5296
1570 5300
5725 5308
4890 5309
4096 5314
1629 5315
5367 5316
5595 5318
509 5320
5678 5321
5327 5327
5329 5329
5332 5332
5333 5333
5513 5335
842 5336
5339 5339
2393 5340
5982 5342
6263 5343
4692 5345
5725 5346
288 5347
5348 5348
4001 5349
699 5353
5355 5355
5356 5356
2714 5360
1059 5361
2998 5362
2552 5363
5021 5364
1355 5365
1586 5367
3128 5368
5369 5369
9 5373
4922 5374
1734 5375
1959 5376
697 5377
14 5379
6001 5380
3420 5384
5050 5385
6372 5386
5387 5387
5389 5389
1827 5390
1960 5391
2457 5394
5519 5396
4248 5397
5703 5398
5625 5402
3286 5404
1710 5405
5406 5406
1728 5407
5409 5409
1239 5410
5600 5411
6598 5416
5417 5417
4313 5419
2333 5420
6823 5423
5433 5426
5996 5429
5546 5433
1624 5434
5845 5435
619 5436
6113 5438
25 5439
6624 5442
6525 5443
2963 5448
4698 5453
6408 5456
3401 5459
1588 5461
6866 5463
5464 5464
1724 5465
5468 5468
6686 5471
6296 5474
807 5475
6715 5476
1734 5479
5395 5482
3979 5484
1170 5486
5487 5487
3017 5488
5490 5490
545 5491
4837 5494
5756 5495
5497 5497
5968 5505
393 5506
4849 5507
4921 5508
409 5511
1576 5514
5515 5515
2997 5520
2274 5521
2067 5523
4994 5525
6193 5526
1440 5528
5497 5529
3330 5533
2255 5534
4881 5535
5536 5536
2684 5538
932 5539
6084 5541
5542 5542
6087 5545
213 5547
5794 5549
3894 5552
2216 5553
3730 5554
2864 5555
5994 5556
5557 5557
1361 5558
5561 5561
4051 5562
3564 5565
5566 5566
4116 5568
5588 5571
5913 5572
5573 5573
4069 5575
6480 5578
2360 5582
3289 5584
411 5585
5586 5586
5588 5588
5569 5589
5100 5590
892 5591
4015 5595
5596 5596
1814 5601
6263 5602
2335 5603
417 5606
2851 5607
5154 5611
1420 5612
5373 5614
2477 5615
266 5621
824 5622
640 5624
2385 5627
5630 5630
805 5631
2953 5632
5635 5635
4100 5636
5641 5641
6062 5643
6780 5644
5726 5645
1727 5646
2996 5647
5165 5649
2333 5650
5652 5652
1959 5653
2805 5657
4998 5658
5659 5659
2928 5660
5662 5662
560 5666
1287 5669
1960 5670
4735 5671
2588 5672
2431 5674
2107 5675
2711 5676
4533 5678
6856 5679
3401 5680
1760 5684
4322 5685
3000 5686
2082 5688
6823 5691
5980 5697
5698 5698
1996 5701
5304 5704
776 5705
1627 5707
996 5708
27 5709
5698 5710
3462 5711
5712 5712
5713 5713
3239 5714
3911 5721
3037 5724
4360 5726
1021 5727
4835 5728
3808 5731
5735 5735
416 5737
6028 5738
3537 5739
5740 5740
134 5742
5311 5745
3267 5747
848 5748
1188 5750
6067 5751
2913 5752
4428 5753
3149 5755
1383 5757
5790 5760
4769 5761
5763 5763
3880 5764
5773 5769
1808 5774
5663 5775
1203 5776
3039 5777
5300 5780
5783 5783
1076 5784
3282 5786
2685 5788
5789 5789
449 5790
5791 5791
5793 5793
1415 5795
3103 5797
5799 5799
5800 5800
5807 5807
1276 5808
5810 5810
5813 5813
6411 5816
756 5819
5820 5820
2655 5822
1586 5823
3973 5827
63 5830
3131 5831
5834 5834
6766 5835
3231 5836
5838 5838
2629 5840
4781 5841
398 5842
933 5845
5851 5851
2177 5855
2274 5862
1276 5864
4334 5866
5867 5867
6213 5868
5414 5869
4651 5871
4849 5875
6586 5876
660 5877
4724 5880
1277 5883
1896 5884
5886 5886
3493 5890
5032 5891
3427 5893
1900 5899
4290 5901
3488 5903
1797 5904
266 5906
1025 5908
5910 5910
2165 5912
795 5914
5521 5915
2229 5917
3714 5919
5590 5921
2848 5922
5923 5923
6478 5926
5927 5927
4040 5931
2719 5933
760 5938
3488 5939
4670 5940
2059 5941
5944 5944
5945 5945
5086 5947
5952 5952
428 5953
5068 5954
1686 5955
3401 5960
6449 5962
531 5963
4758 5966
6188 5967
5968 5968
5970 5970
493 5973
1288 5975
5762 5976
2506 5977
2167 5978
3611 5980
5981 5981
4515 5984
758 5985
5986 5986
855 5987
5988 5988
5252 5989
4122 5990
5991 5991
6780 5993
5994 5994
1717 5997
453 5998
2863 6000
5101 6002
6003 6003
6005 6005
5168 6006
5853 6008
1567 6010
1282 6014
1726 6015
6410 6017
6023 6023
3012 6024
5072 6027
2022 6029
4119 6030
4651 6031
43 6032
6562 6034
3797 6037
6039 6039
6042 6042
3372 6044
657 6045
1960 6046
6047 6047
4439 6048
1520 6049
2635 6052
2894 6053
6054 6054
4922 6057
6058 6058
904 6059
246 6067
4355 6069
1960 6074
1986 6075
6170 6076
6077 6077
469 6078
6079 6079
194 6080
3046 6081
4161 6082
4598 6083
2217 6088
6090 6090
531 6093
1193 6096
5463 6097
43 6098
566 6101
1505 6103
341 6105
1697 6106
636 6108
6087 6109
3797 6112
2049 6113
3979 6118
2929 6119
1920 6120
3401 6123
6124 6124
6331 6125
90 6126
5530 6127
4117 6128
3183 6130
150 6132
2106 6133
4563 6134
1446 6137
4875 6139
4004 6140
6141 6141
2676 6142
6083 6143
1431 6145
6147 6147
640 6149
905 6153
985 6155
4653 6157
6159 6159
442 6161
246 6169
6170 6170
5498 6171
1129 6172
4967 6173
2792 6176
150 6181
4878 6187
5975 6189
3053 6190
4437 6201
6231 6210
1327 6212
2714 6215
341 6219
1203 6221
1092 6225
1634 6227
6229 6229
5840 6231
2552 6234
1224 6236
1163 6238
6240 6240
3797 6241
6434 6243
5530 6245
5523 6246
6248 6248
4100 6249
5358 6251
275 6252
182 6257
6258 6258
2274 6263
1784 6264
928 6265
3250 6266
6267 6267
2737 6268
6269 6269
6755 6270
1515 6271
5822 6272
6275 6275
1373 6279
6281 6281
3064 6282
1267 6285
2454 6287
6288 6288
596 6290
2771 6291
6823 6294
3309 6297
4972 6298
1960 6299
6302 6302
6303 6303
1960 6304
1239 6305
4476 6312
4769 6314
1652 6315
6317 6317
6318 6318
2457 6321
1570 6322
6326 6326
6825 6331
6335 6335
4724 6337
569 6339
6857 6341
2484 6344
631 6346
6348 6348
5358 6352
5967 6353
240 6354
6840 6355
2267 6358
1854 6359
6360 6360
728 6361
3303 6362
5540 6363
2509 6365
1588 6366
4503 6369
1831 6370
2870 6372
5160 6376
5918 6377
4968 6378
2563 6379
2660 6380
2689 6381
3447 6383
2693 6385
4885 6386
6389 6389
6391 6391
1586 6392
56 6393
2866 6394
5040 6395
3231 6397
6036 6400
6778 6402
5422 6405
4881 6412
1547 6413
504 6414
1586 6418
680 6421
2651 6425
6856 6427
29 6428
4849 6432
5196 6434
4352 6437
912 6438
475 6439
6440 6440
4934 6444
6446 6446
11 6447
524 6449
5413 6452
649 6455
2364 6456
6153 6462
4926 6463
3968 6465
2656 6471
6475 6475
608 6477
5660 6481
6329 6484
5169 6485
1867 6489
1385 6490
1007 6491
5386 6492
1588 6493
3401 6498
816 6499
2141 6500
2525 6503
6504 6504
568 6507
4445 6508
455 6514
973 6515
5096 6525
6168 6528
3685 6531
1960 6532
6263 6533
2356 6534
1699 6537
2609 6538
1229 6539
2368 6540
3092 6541
6391 6543
1700 6545
6551 6551
5268 6553
3424 6556
4744 6557
6559 6559
6560 6560
6823 6563
2364 6565
6566 6566
3579 6567
836 6574
1424 6576
6578 6578
1224 6579
1585 6584
4617 6585
6586 6586
5327 6587
220 6588
5645 6589
3401 6590
6591 6591
6592 6592
6380 6594
5411 6595
949 6596
6598 6598
6514 6600
2333 6601
6603 6603
2556 6604
3372 6607
3739 6610
5879 6611
6087 6614
6026 6616
6620 6620
6574 6623
2131 6624
1999 6625
2434 6626
1149 6628
4078 6629
3161 6631
585 6633
4189 6636
6637 6637
6638 6638
3305 6639
2333 6640
6644 6644
3852 6645
191 6648
728 6652
6653 6653
6657 6657
2211 6658
5283 6660
4984 6661
1121 6663
6665 6665
6669 6669
449 6675
565 6676
4844 6678
6680 6680
1870 6681
9 6682
3319 6683
1119 6684
6693 6693
627 6694
3800 6695
1083 6696
6519 6699
940 6702
5437 6704
6706 6706
4034 6710
6245 6711
3764 6712
4361 6714
2634 6715
1804 6717
1686 6722
6724 6724
1279 6727
5569 6731
4574 6732
815 6733
4186 6735
4444 6742
2199 6743
6745 6745
5826 6746
2053 6747
6754 6754
242 6756
5612 6758
3469 6760
1138 6761
2001 6765
5433 6766
2274 6767
3894 6769
4324 6771
134 6772
6296 6774
2474 6775
6777 6777
6823 6778
6780 6780
6856 6782
5045 6785
6186 6786
6792 6792
741 6794
3623 6805
5389 6806
3371 6807
6809 6809
3762 6810
2484 6811
2060 6818
6821 6821
2141 6826
4314 6827
6830 6830
193 6831
5045 6832
6527 6834
3747 6838
1727 6841
972 6842
6236 6843
4049 6845
5805 6847
1591 6848
4627 6853
2735 6855
3676 6857
6474 6858
137 6861
6865 6865
1620 6866
1635 6867
279 6868
844 6869
2886 6870
6872 6872
3137 6874
3797 6875
5226 6876
946 6877
680 6879
6880 6880
5537 6881
973 6883
4849 6884
6821 6885
2082 6886
28 6888
