2129 2129
3643 3643
2136 2136
409 409
408 408
3851 3851
2074 2074
410 410
3909 3909
3850 3850
2004 2004
328 328
5463 5463
3524 3524
2198 2198
6242 6242
2049 2049
344 344
5508 5508
3861 3861
3550 3550
2001 2001
2383 2383
2044 2044
2490 2490
3625 3625
331 331
6278 6278
138 138
6267 6267
24 24
2045 2045
3551 3551
6256 6256
36 36
6252 6252
2003 2003
3846 3846
2400 2400
3649 3649
279 279
6248 6248
44 44
5724 5724
26 26
5683 5683
27 27
2006 2006
5659 5659
340 340
5598 5598
3754 3754
2276 2276
3856 3856
3628 3628
76 76
2388 2388
2258 2258
341 341
6271 6271
3844 3844
315 315
128 128
5535 5535
2000 2000
15 15
2052 2052
126 126
2808 2808
3499 3499
3621 3621
3056 3056
1906 1906
2175 2175
3925 3925
276 276
6272 6272
6257 6257
5516 5516
2153 2153
3055 3055
3650 3650
2118 2118
3837 3837
3829 3829
417 417
3637 3637
432 432
3803 3803
3936 3936
2386 2386
3789 3789
6495 6495
5519 5519
5590 5590
3541 3541
2261 2261
17 17
428 428
5591 5591
5536 5536
2389 2389
3792 3792
244 244
228 228
3914 3914
2150 2150
2124 2124
5674 5674
63 63
5464 5464
239 239
2511 2511
358 358
64 64
430 430
92 92
3923 3923
3777 3777
2152 2152
312 312
81 81
2775 2775
2370 2370
3054 3054
359 359
5753 5753
8 8
5611 5611
3756 3756
261 261
2213 2213
3750 3750
439 439
94 94
5616 5616
2497 2497
5613 5613
2811 2811
5952 5952
2377 2377
5651 5651
67 67
2498 2498
3586 3586
1984 1984
311 311
5625 5625
5630 5630
3593 3593
5445 5445
3603 3603
436 436
2499 2499
5641 5641
3607 3607
1992 1992
3833 3833
2818 2818
2061 2061
119 119
41 41
43 43
3554 3554
5635 5635
3565 3565
5514 5514
5515 5515
2485 2485
2186 2186
3580 3580
5457 5457
5629 5629
3595 3595
3568 3568
2193 2193
3600 3600
3602 3602
2470 2470
116 116
2794 2794
5849 5849
2278 2278
100 100
3553 3553
351 351
2471 2471
3612 3612
3538 3538
5698 5698
5722 5722
2225 2225
2474 2474
5829 5829
6066 6066
5953 5953
2254 2254
10 10
5954 5954
122 122
5946 5946
2082 2082
5540 5540
5838 5838
3609 3609
2239 2239
3656 3656
5538 5538
2123 2123
2514 2514
3567 3567
5522 5522
5557 5557
5701 5701
2095 2095
1990 1990
6068 6068
5751 5751
2157 2157
5966 5966
267 267
6 6
5617 5617
2484 2484
2204 2204
2080 2080
2144 2144
2504 2504
192 192
3519 3519
5930 5930
6058 6058
5963 5963
5632 5632
2240 2240
2401 2401
5648 5648
2402 2402
5627 5627
2596 2596
2593 2593
5944 5944
2146 2146
5686 5686
2256 2256
2036 2036
3908 3908
2280 2280
3704 3704
6077 6077
2114 2114
2266 2266
5834 5834
3518 3518
2233 2233
5584 5584
2218 2218
5826 5826
6045 6045
2232 2232
6072 6072
193 193
5547 5547
5976 5976
5496 5496
2509 2509
2565 2565
2 2
5529 5529
2115 2115
2594 2594
2517 2517
1986 1986
2013 2013
3646 3646
5497 5497
5986 5986
5645 5645
2014 2014
5499 5499
6079 6079
2564 2564
2623 2623
5678 5678
5666 5666
2288 2288
3886 3886
7 7
2599 2599
2251 2251
295 295
5714 5714
392 392
2299 2299
5448 5448
5528 5528
2342 2342
5546 5546
5553 5553
3706 3706
3648 3648
6082 6082
2216 2216
2442 2442
133 133
5552 5552
6027 6027
2518 2518
2600 2600
2250 2250
5985 5985
2523 2523
2457 2457
2441 2441
3163 3163
3795 3795
2087 2087
377 377
6085 6085
2705 2705
5981 5981
3045 3045
5852 5852
2031 2031
2022 2022
2432 2432
5527 5527
3884 3884
5484 5484
2097 2097
382 382
2182 2182
381 381
2297 2297
2700 2700
2229 2229
282 282
2620 2620
0 0
2279 2279
308 308
5679 5679
6163 6163
5733 5733
4010 4010
3673 3673
5760 5760
5476 5476
5643 5643
6090 6090
5893 5893
2639 2639
5988 5988
2715 2715
6130 6130
2670 2670
6103 6103
2635 2635
2020 2020
2571 2571
2685 2685
2550 2550
2456 2456
3058 3058
258 258
6159 6159
2103 2103
6005 6005
2433 2433
2018 2018
6101 6101
2636 2636
2428 2428
5997 5997
6147 6147
3819 3819
5480 5480
2709 2709
2296 2296
2538 2538
6131 6131
5991 5991
6035 6035
5990 5990
5756 5756
3670 3670
2561 2561
2286 2286
3874 3874
5806 5806
6219 6219
2554 2554
2643 2643
6039 6039
5609 5609
6022 6022
5740 5740
5783 5783
2667 2667
374 374
2317 2317
2106 2106
6170 6170
2346 2346
2688 2688
5998 5998
784 784
2243 2243
4050 4050
2529 2529
2537 2537
2308 2308
2312 2312
3953 3953
3698 3698
2427 2427
5807 5807
2434 2434
2440 2440
2419 2419
2423 2423
149 149
3989 3989
5567 5567
1943 1943
4069 4069
3965 3965
6038 6038
3690 3690
5883 5883
5917 5917
5897 5897
3691 3691
6889 6889
3782 3782
6023 6023
1766 1766
2648 2648
5767 5767
6125 6125
5777 5777
6880 6880
6110 6110
5573 5573
5702 5702
6002 6002
6017 6017
3710 3710
5809 5809
3699 3699
2324 2324
5703 5703
3941 3941
5808 5808
5390 5390
776 776
6112 6112
754 754
714 714
2733 2733
5239 5239
2418 2418
5397 5397
2992 2992
5920 5920
4013 4013
5691 5691
5396 5396
4031 4031
5393 5393
6118 6118
6201 6201
1625 1625
1917 1917
6136 6136
5440 5440
5886 5886
6154 6154
5908 5908
773 773
1877 1877
5383 5383
1281 1281
1643 1643
1503 1503
2468 2468
5813 5813
4032 4032
2338 2338
1913 1913
203 203
1287 1287
2352 2352
1628 1628
2321 2321
1356 1356
1854 1854
1838 1838
1972 1972
2740 2740
169 169
3976 3976
2905 2905
1627 1627
2425 2425
4007 4007
1730 1730
3738 3738
1857 1857
3978 3978
1847 1847
2732 2732
1891 1891
5387 5387
1571 1571
5923 5923
1961 1961
468 468
1764 1764
760 760
1355 1355
2760 2760
1383 1383
2435 2435
6356 6356
1666 1666
1258 1258
1657 1657
1600 1600
1837 1837
5123 5123
1751 1751
6195 6195
4850 4850
5406 5406
759 759
1839 1839
2429 2429
1576 1576
1579 1579
3767 3767
1956 1956
4911 4911
5077 5077
1629 1629
1655 1655
779 779
552 552
1912 1912
1609 1609
200 200
2451 2451
3986 3986
5878 5878
1595 1595
5124 5124
4913 4913
396 396
6440 6440
6444 6444
3001 3001
5814 5814
5193 5193
4036 4036
5080 5080
5423 5423
1561 1561
1418 1418
6358 6358
5208 5208
1708 1708
1663 1663
6442 6442
3969 3969
5181 5181
5800 5800
168 168
3004 3004
1949 1949
5350 5350
739 739
221 221
1622 1622
4048 4048
1660 1660
1739 1739
1593 1593
1914 1914
1713 1713
1574 1574
544 544
6446 6446
1689 1689
3000 3000
1647 1647
537 537
489 489
5904 5904
5095 5095
5200 5200
1687 1687
5127 5127
1568 1568
5782 5782
5133 5133
5138 5138
1688 1688
2984 2984
163 163
5152 5152
1652 1652
1283 1283
1585 1585
1649 1649
497 497
1587 1587
5911 5911
4912 4912
6282 6282
1684 1684
5146 5146
6405 6405
5083 5083
4878 4878
179 179
5096 5096
5184 5184
1590 1590
5169 5169
5033 5033
2942 2942
1883 1883
2962 2962
1670 1670
5428 5428
3438 3438
5925 5925
6406 6406
5927 5927
1419 1419
1977 1977
1646 1646
1690 1690
1560 1560
5365 5365
6433 6433
5072 5072
5192 5192
5201 5201
5128 5128
1833 1833
4849 4849
153 153
4262 4262
5145 5145
5173 5173
4816 4816
1828 1828
5136 5136
1965 1965
1440 1440
5436 5436
6740 6740
5078 5078
4242 4242
1720 1720
6839 6839
1966 1966
5107 5107
545 545
6755 6755
6185 6185
1704 1704
1556 1556
5409 5409
1536 1536
5198 5198
5339 5339
2751 2751
2963 2963
3345 3345
2897 2897
6753 6753
4716 4716
6281 6281
1669 1669
2941 2941
769 769
5413 5413
4883 4883
1570 1570
5143 5143
1904 1904
387 387
175 175
226 226
1567 1567
5178 5178
1711 1711
771 771
5153 5153
5170 5170
270 270
2895 2895
1853 1853
2726 2726
5212 5212
2952 2952
4790 4790
788 788
4880 4880
204 204
4744 4744
5106 5106
1951 1951
1633 1633
5051 5051
4115 4115
6360 6360
1541 1541
4168 4168
3363 3363
6762 6762
4917 4917
1683 1683
1537 1537
5329 5329
6807 6807
5045 5045
3917 3917
1918 1918
5062 5062
1393 1393
1379 1379
6754 6754
5375 5375
5116 5116
1395 1395
6765 6765
708 708
583 583
3440 3440
4244 4244
5041 5041
6715 6715
2753 2753
4977 4977
2765 2765
1429 1429
5055 5055
6716 6716
1505 1505
6745 6745
6844 6844
5374 5374
6739 6739
5019 5019
3280 3280
4854 4854
4868 4868
3316 3316
3340 3340
6675 6675
1422 1422
3304 3304
3677 3677
5039 5039
1538 1538
6769 6769
3354 3354
1387 1387
6628 6628
5332 5332
4170 4170
6766 6766
1874 1874
5074 5074
6662 6662
3284 3284
4201 4201
4853 4853
3277 3277
1402 1402
4856 4856
6398 6398
3255 3255
3347 3347
6661 6661
2739 2739
6665 6665
6208 6208
5301 5301
6200 6200
3442 3442
6690 6690
1397 1397
3228 3228
3367 3367
5196 5196
4918 4918
3371 3371
6479 6479
2868 2868
4764 4764
6646 6646
1396 1396
2967 2967
5321 5321
5287 5287
3267 3267
3278 3278
1280 1280
6683 6683
1417 1417
3296 3296
6771 6771
6717 6717
6666 6666
223 223
4116 4116
6227 6227
4828 4828
540 540
6478 6478
1714 1714
6192 6192
2736 2736
3243 3243
6332 6332
2863 2863
3445 3445
1391 1391
3223 3223
6626 6626
4246 4246
6808 6808
5286 5286
3314 3314
3112 3112
4175 4175
6482 6482
5229 5229
706 706
6706 6706
5024 5024
3264 3264
5038 5038
3254 3254
1311 1311
302 302
4084 4084
1386 1386
1634 1634
6189 6189
3298 3298
2731 2731
207 207
6644 6644
3207 3207
2912 2912
6315 6315
4737 4737
6619 6619
3241 3241
611 611
3063 3063
1409 1409
4174 4174
6350 6350
841 841
6849 6849
4083 4083
6834 6834
3204 3204
1137 1137
3107 3107
5004 5004
4738 4738
1164 1164
3039 3039
6817 6817
2910 2910
3170 3170
4110 4110
6487 6487
6396 6396
3334 3334
6792 6792
4082 4082
3098 3098
4380 4380
3400 3400
6425 6425
3099 3099
1279 1279
5005 5005
1140 1140
674 674
2909 2909
400 400
4685 4685
3108 3108
1194 1194
6777 6777
3695 3695
4186 4186
6727 6727
4709 4709
2819 2819
3892 3892
3325 3325
4625 4625
1165 1165
4088 4088
6850 6850
1787 1787
5303 5303
3118 3118
936 936
4776 4776
6855 6855
1364 1364
4982 4982
3330 3330
3115 3115
6859 6859
4784 4784
1348 1348
6853 6853
6866 6866
3102 3102
1216 1216
4697 4697
691 691
3120 3120
3447 3447
4698 4698
3028 3028
4419 4419
1515 1515
3077 3077
3135 3135
4728 4728
1737 1737
3195 3195
6426 6426
1755 1755
6410 6410
671 671
6599 6599
5295 5295
636 636
6860 6860
4371 4371
4836 4836
6865 6865
6828 6828
4369 4369
3029 3029
6603 6603
211 211
3944 3944
4725 4725
6343 6343
3430 3430
3417 3417
4077 4077
4417 4417
6565 6565
3007 3007
652 652
3171 3171
3177 3177
3158 3158
3111 3111
4344 4344
3508 3508
752 752
1190 1190
935 935
6337 6337
598 598
3235 3235
729 729
927 927
6724 6724
1898 1898
4357 4357
1323 1323
1420 1420
4123 4123
4221 4221
942 942
6560 6560
4187 4187
686 686
1758 1758
6581 6581
620 620
6535 6535
1121 1121
1200 1200
1791 1791
4730 4730
210 210
4821 4821
1351 1351
4329 4329
3137 3137
1327 1327
6291 6291
4412 4412
6695 6695
5360 5360
6596 6596
5281 5281
3242 3242
3139 3139
669 669
5270 5270
3090 3090
603 603
6430 6430
602 602
3320 3320
3185 3185
1897 1897
882 882
3188 3188
6585 6585
1300 1300
1236 1236
4238 4238
4387 4387
4987 4987
640 640
4239 4239
4810 4810
3418 3418
4775 4775
1133 1133
619 619
6617 6617
3234 3234
3453 3453
4224 4224
4898 4898
4291 4291
2829 2829
4320 4320
5234 5234
6505 6505
802 802
4953 4953
1214 1214
880 880
4240 4240
4282 4282
6563 6563
721 721
4808 4808
6412 6412
4687 4687
4377 4377
1449 1449
1535 1535
3383 3383
4131 4131
4747 4747
6338 6338
1767 1767
4286 4286
6605 6605
4749 4749
4814 4814
3206 3206
625 625
4340 4340
3500 3500
2845 2845
1162 1162
4806 4806
720 720
4407 4407
3009 3009
3765 3765
4293 4293
4302 4302
6499 6499
2915 2915
4458 4458
1784 1784
3766 3766
3216 3216
6295 6295
941 941
1793 1793
1275 1275
4299 4299
3183 3183
6285 6285
4961 4961
859 859
4968 4968
1122 1122
3006 3006
1128 1128
4459 4459
6874 6874
4157 4157
6511 6511
4545 4545
1795 1795
730 730
5355 5355
6584 6584
1040 1040
3457 3457
4682 4682
6302 6302
6577 6577
4962 4962
3095 3095
1488 1488
883 883
4893 4893
6575 6575
1798 1798
4372 4372
3181 3181
5358 5358
3386 3386
1161 1161
983 983
1203 1203
1881 1881
650 650
830 830
3511 3511
4386 4386
4337 4337
6288 6288
1821 1821
3423 3423
4390 4390
6389 6389
989 989
5265 5265
1002 1002
1804 1804
1799 1799
1522 1522
1015 1015
1489 1489
1061 1061
1524 1524
1023 1023
861 861
6559 6559
1518 1518
4145 4145
4389 4389
4935 4935
3385 3385
4746 4746
860 860
4165 4165
676 676
1782 1782
6527 6527
1168 1168
4615 4615
866 866
2824 2824
6310 6310
1006 1006
4752 4752
3093 3093
1265 1265
4338 4338
1460 1460
987 987
4544 4544
6388 6388
968 968
4434 4434
4956 4956
1264 1264
6567 6567
1014 1014
4394 4394
4751 4751
6538 6538
4435 4435
4397 4397
4391 4391
6557 6557
823 823
1078 1078
4934 4934
3495 3495
1156 1156
5282 5282
4092 4092
4452 4452
4619 4619
4613 4613
972 972
1809 1809
2880 2880
4463 4463
1003 1003
4166 4166
4500 4500
4335 4335
4639 4639
4543 4543
4930 4930
4503 4503
3064 3064
2972 2972
4533 4533
1018 1018
4270 4270
869 869
1862 1862
1480 1480
4929 4929
4334 4334
412 412
1158 1158
3129 3129
4316 4316
253 253
384 384
1114 1114
4936 4936
955 955
4392 4392
3155 3155
1471 1471
901 901
966 966
1477 1477
5251 5251
4443 4443
3133 3133
1458 1458
4440 4440
4663 4663
6383 6383
949 949
6872 6872
4396 4396
952 952
1013 1013
2913 2913
4621 4621
1167 1167
1464 1464
1077 1077
4567 4567
1080 1080
4493 4493
4722 4722
1474 1474
971 971
1109 1109
4470 4470
4487 4487
1478 1478
1017 1017
4923 4923
4530 4530
6546 6546
3689 3689
6573 6573
6572 6572
3472 3472
4622 4622
767 767
848 848
905 905
4553 4553
4519 4519
4507 4507
1118 1118
4550 4550
903 903
4999 4999
4461 4461
4672 4672
1032 1032
4398 4398
4985 4985
1141 1141
4990 4990
4628 4628
975 975
4607 4607
4597 4597
4575 4575
4552 4552
1086 1086
1182 1182
1055 1055
1083 1083
1031 1031
4992 4992
1178 1178
1155 1155
1262 1262
957 957
4641 4641
1184 1184
768 768
4583 4583
945 945
4573 4573
4585 4585
1071 1071
1073 1073
4297 4297
4950 4950
