0 0
2 2
6 6
7 7
8 8
10 10
6698 13
2530 14
15 15
4773 16
17 17
6812 18
1133 19
2095 23
24 24
2758 25
26 26
27 27
2537 28
5647 31
318 32
273 35
36 36
208 40
41 41
43 43
44 44
3494 49
4672 50
6659 61
63 63
64 64
5426 66
67 67
6740 71
689 72
1736 75
76 76
364 77
749 78
4195 80
81 81
1064 83
4275 88
92 92
94 94
2431 98
100 100
1911 102
6029 104
991 105
2504 107
112 112
116 116
902 118
119 119
122 122
123 123
126 126
128 128
520 131
133 133
138 138
4946 139
267 141
3123 142
2564 143
313 144
2074 145
6061 146
4956 147
149 149
1299 151
153 153
520 154
1424 156
1076 158
1769 160
1666 161
163 163
1291 164
168 168
169 169
4403 170
4139 171
3652 172
5279 173
2095 174
175 175
2959 176
179 179
4331 181
4177 182
4769 183
1237 184
4556 185
331 187
2774 188
4881 191
192 192
193 193
5372 195
3204 199
200 200
203 203
204 204
207 207
210 210
211 211
5547 213
3956 214
215 215
1325 216
218 218
221 221
4249 222
223 223
5728 225
226 226
1534 227
228 228
5893 229
3591 230
221 232
2161 233
1797 234
239 239
779 240
1175 241
6231 242
244 244
3596 247
253 253
1570 256
258 258
5400 259
261 261
2736 262
1899 264
267 267
1302 268
270 270
5285 274
4883 275
276 276
5854 278
279 279
282 282
3395 283
2204 285
1705 290
295 295
3567 296
6018 297
6420 298
300 300
302 302
3264 303
5744 304
308 308
4921 309
311 311
312 312
3478 313
5294 314
315 315
1858 319
325 325
3773 326
2437 327
328 328
6560 329
4711 330
331 331
3961 332
33 334
3061 336
4887 337
340 340
341 341
344 344
3284 346
2273 348
2201 350
351 351
4281 352
6021 353
2254 356
5786 357
358 358
359 359
2157 361
4312 362
363 363
3041 366
5455 373
374 374
377 377
1637 378
1954 379
381 381
382 382
3974 383
384 384
6514 385
6473 386
387 387
1299 390
392 392
3698 394
5607 395
396 396
5647 397
157 398
400 400
968 401
4556 402
4495 403
1028 404
2860 406
408 408
409 409
410 410
1513 411
412 412
417 417
5927 418
1800 425
2458 427
428 428
429 429
430 430
432 432
6461 433
2149 434
436 436
439 439
2674 440
2679 444
6585 447
5143 448
456 456
506 461
462 462
464 464
466 466
468 468
4245 477
3208 481
3284 482
483 483
485 485
487 487
1299 488
489 489
4530 491
777 493
497 497
498 498
500 500
6301 502
3340 504
1813 505
507 507
1217 508
4656 509
5127 510
511 511
514 514
515 515
4954 516
2862 520
524 524
639 533
1333 534
2722 535
4135 536
537 537
538 538
781 539
540 540
799 541
5962 542
2091 543
544 544
545 545
1028 549
551 551
552 552
6076 553
6618 554
6710 557
558 558
4005 559
2795 560
3035 561
4232 563
2909 565
566 566
567 567
568 568
570 570
212 573
4655 575
6750 576
2419 577
2670 578
5842 579
580 580
583 583
586 586
1665 588
5320 589
3830 590
1401 592
5029 596
598 598
4276 599
602 602
603 603
4223 604
5183 607
1833 608
4505 609
611 611
6551 613
535 616
532 617
619 619
620 620
4149 621
3365 622
103 623
625 625
1640 626
1333 629
6845 630
3722 634
3276 635
636 636
640 640
1630 646
3921 649
650 650
6221 651
652 652
6514 653
3752 654
4899 659
3156 660
1237 664
6232 666
2527 667
669 669
671 671
1091 672
1577 673
674 674
676 676
6375 678
2288 681
4652 683
5469 684
686 686
3942 690
691 691
5 694
2692 695
4861 698
5566 701
6280 702
706 706
708 708
750 709
1739 712
714 714
6835 716
5652 718
720 720
721 721
6358 722
723 723
776 726
2082 727
729 729
730 730
6197 731
487 732
866 735
3482 736
3446 737
738 738
739 739
5647 740
393 745
5127 748
274 749
556 750
752 752
754 754
2538 756
2100 757
759 759
760 760
6375 761
1266 762
764 764
6783 766
767 767
768 768
769 769
4954 770
771 771
4088 772
773 773
3010 774
776 776
6881 777
779 779
5607 781
6482 783
784 784
788 788
4628 789
1695 791
924 792
826 793
4956 801
802 802
849 806
6020 807
4397 809
1181 810
4923 812
3514 814
689 815
817 817
6659 819
270 822
823 823
5006 825
4582 829
830 830
185 832
2119 835
841 841
3893 842
6572 843
2440 844
924 846
3652 847
848 848
6538 853
5694 854
2289 857
859 859
860 860
861 861
2632 863
1423 865
866 866
869 869
5128 870
5887 871
1420 872
4468 873
1646 875
629 878
880 880
882 882
883 883
4403 886
4053 887
5734 888
792 889
1398 890
924 891
2532 894
6650 895
1299 897
5941 898
77 899
901 901
669 902
903 903
1299 904
905 905
1492 907
3375 909
221 911
3614 915
5811 916
297 918
924 923
927 927
4271 929
6852 934
935 935
936 936
6286 937
5435 940
941 941
942 942
3749 943
2381 944
945 945
105 946
709 947
949 949
750 950
952 952
4218 953
955 955
957 957
1299 958
510 961
1266 963
966 966
968 968
832 969
2576 970
971 971
972 972
1894 973
975 975
1643 976
4556 977
6878 981
243 982
983 983
1302 986
987 987
989 989
686 990
4254 991
1894 992
1299 996
4460 999
6462 1001
1002 1002
1003 1003
1006 1006
1025 1007
957 1010
5364 1011
1013 1013
1014 1014
1015 1015
1017 1017
1018 1018
2823 1021
5875 1022
1023 1023
2876 1024
1206 1030
1031 1031
1032 1032
6663 1033
6498 1034
6131 1035
6819 1039
1040 1040
2773 1041
267 1042
3652 1047
6787 1048
4887 1049
1314 1052
2680 1053
1055 1055
4348 1060
1061 1061
3716 1063
4678 1065
971 1066
1489 1067
1071 1071
1073 1073
209 1075
5234 1076
1077 1077
1078 1078
1080 1080
2028 1081
1083 1083
1610 1084
1086 1086
4748 1090
2250 1091
1299 1098
3267 1100
2919 1103
1109 1109
3190 1110
1114 1114
6602 1115
5612 1116
866 1117
1118 1118
2457 1119
1121 1121
1122 1122
4249 1124
1619 1126
4249 1127
1128 1128
3234 1129
625 1130
2878 1131
1133 1133
2129 1136
1137 1137
4927 1138
3194 1139
1140 1140
1141 1141
4034 1145
6173 1146
2177 1147
6087 1148
5612 1149
2095 1153
1155 1155
1156 1156
1158 1158
5488 1159
1161 1161
1162 1162
3131 1163
1164 1164
1165 1165
2562 1166
1167 1167
1168 1168
5247 1175
58 1176
1178 1178
437 1181
1182 1182
1184 1184
4005 1187
1190 1190
6408 1193
1194 1194
2224 1195
5478 1196
1200 1200
1262 1201
5379 1202
1203 1203
3987 1209
2605 1210
4625 1211
6604 1213
1214 1214
2327 1215
1216 1216
2032 1218
200 1220
4574 1222
2172 1223
3809 1224
2879 1226
6559 1227
4596 1228
4982 1231
5490 1232
5607 1235
1236 1236
1238 1238
4205 1239
3446 1242
1515 1245
1315 1246
4449 1248
5222 1250
2673 1252
2 1254
5514 1255
1258 1258
2183 1260
1262 1262
1333 1263
1264 1264
1265 1265
6705 1266
3513 1267
3610 1269
5336 1272
6738 1273
777 1274
1275 1275
1008 1276
4389 1278
1279 1279
1280 1280
1281 1281
1283 1283
1287 1287
3935 1290
3933 1293
3469 1294
1762 1297
1300 1300
1237 1301
100 1302
6097 1304
928 1305
1311 1311
208 1312
4898 1313
504 1314
3951 1315
5763 1317
4400 1320
1323 1323
4924 1324
6417 1326
1327 1327
2695 1328
6331 1329
3365 1330
1331 1331
866 1333
718 1334
2707 1337
4791 1339
2313 1341
2913 1346
1348 1348
1243 1349
1351 1351
905 1352
1355 1355
1356 1356
4145 1357
924 1359
3752 1360
1673 1363
1364 1364
4982 1368
2596 1369
1489 1370
4178 1373
5927 1374
780 1376
1379 1379
1382 1382
1383 1383
520 1385
1386 1386
1387 1387
5156 1389
1391 1391
1393 1393
6234 1394
1395 1395
1396 1396
1397 1397
2946 1398
1402 1402
680 1403
1181 1404
1899 1408
1409 1409
3242 1414
532 1415
1417 1417
1418 1418
1419 1419
1420 1420
1422 1422
4558 1423
899 1425
5647 1428
1429 1429
387 1430
4856 1433
2461 1435
5209 1436
1440 1440
2399 1444
992 1446
1449 1449
1194 1450
376 1451
1515 1454
640 1456
1458 1458
3652 1459
1460 1460
1825 1461
1464 1464
4178 1466
3401 1467
6289 1469
1471 1471
1474 1474
3133 1476
1477 1477
1478 1478
5607 1479
1480 1480
2542 1484
1488 1488
1489 1489
799 1494
1498 1498
2856 1499
1665 1501
1503 1503
3545 1504
1505 1505
331 1509
6540 1510
2605 1512
6594 1513
1515 1515
1518 1518
1522 1522
1524 1524
5212 1525
809 1527
247 1529
3552 1531
6208 1532
2448 1534
1535 1535
1536 1536
1537 1537
1538 1538
1541 1541
753 1544
70 1548
5821 1551
5640 1555
1556 1556
1560 1560
1561 1561
1762 1565
1567 1567
1568 1568
1570 1570
1571 1571
4291 1573
1574 1574
3517 1575
1576 1576
1357 1578
1579 1579
6813 1582
3773 1583
1585 1585
1587 1587
5218 1589
1590 1590
3966 1592
1593 1593
1595 1595
2585 1598
3008 1599
1600 1600
3935 1602
366 1607
1299 1608
1609 1609
2175 1614
3674 1617
6408 1621
1622 1622
992 1623
1625 1625
1627 1627
1628 1628
1629 1629
2270 1630
2786 1632
1633 1633
1634 1634
3409 1635
53 1641
1643 1643
30 1645
1646 1646
1647 1647
1649 1649
5647 1650
1652 1652
4307 1654
1655 1655
1657 1657
4297 1658
2189 1659
1660 1660
4179 1661
1663 1663
1666 1666
1669 1669
1670 1670
3998 1671
5647 1672
3555 1680
1683 1683
1684 1684
248 1685
1687 1687
1688 1688
1689 1689
1690 1690
790 1691
1580 1693
463 1694
3986 1703
1704 1704
4896 1706
1708 1708
924 1709
1711 1711
5146 1712
1713 1713
1714 1714
2610 1717
4370 1719
1720 1720
3623 1721
1165 1723
3194 1724
2707 1725
491 1728
1730 1730
6208 1732
4030 1733
1737 1737
1739 1739
6660 1741
5763 1744
2572 1745
1751 1751
3957 1752
1755 1755
373 1757
1758 1758
5189 1759
1764 1764
1766 1766
1767 1767
3409 1768
2956 1770
5913 1771
423 1772
611 1773
1774 1774
1551 1775
4640 1776
3166 1777
5536 1781
1782 1782
520 1783
1784 1784
3607 1786
1787 1787
2206 1788
3736 1789
1791 1791
1793 1793
1795 1795
1798 1798
1799 1799
3652 1800
553 1801
6540 1802
3282 1803
1804 1804
2265 1805
1809 1809
831 1815
1764 1816
1821 1821
1828 1828
5151 1829
1833 1833
5737 1834
2618 1835
1858 1836
1837 1837
1838 1838
1839 1839
3866 1841
2781 1842
2129 1843
6272 1844
2353 1845
5088 1846
1847 1847
4651 1848
5182 1849
1525 1852
1853 1853
1854 1854
1857 1857
5288 1858
1927 1860
1862 1862
6172 1864
5006 1866
1874 1874
2095 1875
1994 1876
1877 1877
3008 1879
1880 1880
1881 1881
1883 1883
2573 1885
1547 1887
1891 1891
1954 1892
3314 1893
5195 1895
1897 1897
1898 1898
6701 1899
1904 1904
1906 1906
4172 1909
1612 1910
1912 1912
1913 1913
1914 1914
6698 1915
1917 1917
1918 1918
2059 1924
5626 1935
2160 1937
1299 1938
4329 1942
1943 1943
6317 1946
6314 1948
1949 1949
1736 1950
1951 1951
3809 1955
1956 1956
2636 1957
5372 1959
4323 1960
1961 1961
772 1963
1965 1965
1966 1966
750 1969
6753 1970
1972 1972
1977 1977
6553 1979
4136 1980
1984 1984
6232 1985
1986 1986
2454 1987
1990 1990
5927 1991
1992 1992
5820 1995
3018 1996
6734 1997
1299 1999
2000 2000
2001 2001
2704 2002
2003 2003
2004 2004
2006 2006
2289 2007
4544 2008
2013 2013
2014 2014
2134 2015
6773 2016
2018 2018
2019 2019
2020 2020
1716 2021
2022 2022
1167 2023
4115 2025
6750 2027
4591 2028
2031 2031
5516 2032
2868 2034
2036 2036
2718 2037
2044 2044
2045 2045
2049 2049
6050 2050
2052 2052
724 2053
5489 2054
1241 2055
1550 2058
6056 2060
2061 2061
3009 2063
5457 2064
107 2073
2074 2074
4739 2075
3434 2077
1320 2079
2080 2080
2082 2082
3376 2084
4239 2085
2087 2087
4461 2089
5218 2091
6365 2092
1673 2094
2095 2095
5170 2096
2097 2097
6029 2101
2103 2103
1299 2104
6119 2105
2106 2106
3894 2107
748 2111
2114 2114
2115 2115
2118 2118
2529 2119
2123 2123
2124 2124
1467 2126
5845 2127
2129 2129
6750 2130
6624 2131
528 2133
1305 2134
2136 2136
316 2138
6458 2139
5647 2141
4249 2142
379 2143
2144 2144
2146 2146
2205 2147
2150 2150
3542 2151
2152 2152
2153 2153
2157 2157
780 2158
1635 2159
4635 2160
1770 2162
924 2164
5172 2171
4562 2172
2175 2175
2182 2182
2251 2183
2186 2186
5359 2190
4449 2191
384 2192
2193 2193
2878 2194
4603 2195
3951 2196
946 2197
2198 2198
1455 2199
5856 2200
6806 2202
4532 2203
2204 2204
4377 2206
4941 2210
2840 2211
3156 2212
2213 2213
2216 2216
171 2217
2218 2218
4987 2220
1174 2224
2225 2225
2349 2227
2229 2229
2887 2230
2232 2232
2233 2233
1316 2236
2239 2239
2240 2240
2795 2241
6221 2242
2243 2243
4799 2248
4233 2249
2250 2250
2251 2251
1814 2252
710 2253
2254 2254
2256 2256
2258 2258
2261 2261
2064 2262
2266 2266
2474 2269
1665 2271
2276 2276
3446 2277
2278 2278
2279 2279
2280 2280
1246 2283
2286 2286
3506 2287
2288 2288
799 2293
2296 2296
2297 2297
2299 2299
405 2300
1736 2301
3585 2304
1570 2305
5193 2306
2308 2308
768 2309
5230 2310
2312 2312
6509 2316
2317 2317
6863 2320
2321 2321
2324 2324
4307 2327
3879 2328
6649 2336
5230 2337
2338 2338
2342 2342
922 2343
694 2345
2346 2346
6502 2348
516 2349
1082 2350
3953 2351
2352 2352
2038 2353
997 2355
1198 2359
6114 2362
3435 2364
2718 2365
4644 2366
82 2367
1665 2368
2370 2370
5004 2372
1858 2376
2377 2377
2383 2383
2386 2386
1666 2387
2388 2388
2389 2389
2290 2398
2400 2400
2401 2401
2402 2402
1243 2405
3089 2406
2251 2407
6332 2408
6845 2411
3087 2412
4057 2414
5118 2415
5173 2417
2418 2418
2419 2419
5389 2421
6420 2422
2423 2423
2425 2425
4088 2426
2427 2427
2428 2428
2429 2429
6695 2430
2432 2432
2433 2433
2434 2434
2435 2435
586 2437
1510 2439
2440 2440
2441 2441
2442 2442
437 2445
748 2447
6880 2448
5728 2449
3636 2450
2451 2451
3449 2452
834 2453
2416 2454
2085 2455
2456 2456
2457 2457
6021 2458
907 2461
613 2463
3652 2464
2467 2467
2468 2468
6863 2469
2470 2470
2471 2471
2606 2472
2474 2474
4894 2477
5536 2478
5647 2479
2484 2484
2485 2485
5809 2488
2490 2490
4528 2491
1673 2493
5854 2495
2497 2497
2498 2498
2499 2499
793 2502
2504 2504
697 2506
2509 2509
2511 2511
2514 2514
2517 2517
2518 2518
5854 2520
2523 2523
3165 2526
3458 2527
2529 2529
2875 2531
4461 2533
6445 2536
2537 2537
2538 2538
2134 2540
1351 2541
2544 2545
3462 2547
1384 2549
2550 2550
2554 2554
6408 2555
290 2556
2561 2561
2564 2564
2565 2565
2473 2570
2571 2571
776 2572
1267 2577
4556 2578
297 2579
2417 2580
303 2584
192 2586
1666 2587
4105 2589
1333 2592
2593 2593
2594 2594
2596 2596
4821 2597
2599 2599
2600 2600
1909 2603
2736 2604
6879 2607
5607 2608
6195 2614
331 2615
2959 2618
2620 2620
2623 2623
4103 2628
1730 2630
6602 2633
4929 2634
2635 2635
2636 2636
2639 2639
638 2640
2621 2642
2643 2643
4597 2644
6648 2645
1162 2646
2648 2648
2984 2649
5547 2650
4433 2651
1176 2653
3430 2654
1909 2660
4956 2662
5052 2666
2667 2667
1210 2668
411 2669
2670 2670
5291 2671
5647 2672
2157 2673
2685 2685
3271 2686
2688 2688
155 2689
5856 2690
1397 2692
2554 2696
4697 2698
5306 2699
2700 2700
4985 2701
2705 2705
866 2706
5357 2707
2709 2709
5647 2710
511 2711
2537 2712
6602 2713
6688 2714
2715 2715
1786 2716
5218 2717
6338 2722
5647 2723
4629 2724
2726 2726
2728 2728
2731 2731
2732 2732
2733 2733
2736 2736
700 2738
2739 2739
2740 2740
4851 2741
1723 2743
6010 2744
6622 2748
5807 2749
2751 2751
2753 2753
5106 2756
3885 2758
2760 2760
5990 2761
3652 2763
2765 2765
5415 2770
2775 2775
1733 2778
2779 2779
4088 2782
2783 2783
3987 2788
776 2791
1384 2792
1021 2793
2794 2794
2795 2795
2799 2799
2554 2802
248 2805
2807 2807
2808 2808
1827 2809
4881 2810
2811 2811
5647 2812
5821 2813
2814 2814
2815 2815
5905 2816
2817 2817
2818 2818
2819 2819
6831 2821
5430 2822
32 2823
2824 2824
2686 2827
2829 2829
2915 2830
5057 2835
6038 2836
206 2838
2211 2840
4731 2841
3652 2842
6310 2843
2845 2845
1640 2847
6335 2849
4147 2854
396 2858
5430 2859
6323 2862
2863 2863
2868 2868
370 2869
6674 2870
6687 2871
1117 2872
3550 2874
682 2875
3440 2877
2603 2878
2880 2880
6441 2882
5645 2885
5562 2886
2298 2889
4879 2890
1782 2892
2895 2895
1865 2896
2897 2897
2561 2900
2905 2905
2908 2908
2909 2909
2910 2910
2718 2911
2912 2912
2913 2913
636 2914
2915 2915
3181 2916
5355 2919
1299 2920
5875 2925
2492 2929
4149 2932
4231 2935
2941 2941
2942 2942
1243 2943
2816 2944
3731 2945
1206 2947
6314 2948
2952 2952
2953 2953
2954 2954
2107 2955
1430 2959
305 2960
234 2961
2962 2962
2963 2963
2966 2966
2967 2967
4957 2968
2839 2969
2972 2972
2618 2973
1494 2974
3365 2980
2728 2982
2984 2984
3583 2985
3431 2986
6408 2988
2532 2991
2992 2992
1912 2994
5647 2996
6375 2998
3000 3000
3001 3001
3004 3004
1715 3005
3006 3006
3007 3007
887 3008
3009 3009
6420 3014
156 3016
2327 3019
3028 3028
3029 3029
4683 3032
1519 3035
4353 3038
3039 3039
2017 3043
3045 3045
5690 3046
6755 3047
3085 3049
927 3050
835 3052
3053 3053
3054 3054
3055 3055
3056 3056
3057 3057
3058 3058
1299 3059
3060 3060
4115 3062
3063 3063
3064 3064
2175 3065
315 3066
3696 3068
4124 3069
5711 3072
2468 3075
3077 3077
3325 3079
1049 3081
885 3082
3181 3084
815 3087
2079 3088
3090 3090
6858 3091
3093 3093
3095 3095
3641 3097
3098 3098
3099 3099
4403 3100
3102 3102
5045 3104
5347 3106
3107 3107
3108 3108
924 3109
3111 3111
3112 3112
3115 3115
3118 3118
476 3119
3120 3120
6750 3125
4959 3126
2003 3127
5077 3128
3129 3129
4687 3132
3133 3133
4849 3134
3135 3135
3137 3137
4554 3138
3139 3139
1224 3142
1241 3143
2951 3145
4575 3148
5218 3151
2215 3152
3155 3155
3158 3158
6825 3159
3163 3163
5685 3164
1042 3165
3170 3170
3171 3171
977 3176
3177 3177
4343 3178
3181 3181
4604 3182
3183 3183
5340 3184
3185 3185
1697 3186
3188 3188
6860 3189
648 3190
1489 3192
924 3194
3195 3195
1476 3200
2793 3201
663 3203
3204 3204
116 3205
3206 3206
3207 3207
2100 3208
1751 3209
5128 3210
3216 3216
5160 3221
3223 3223
2223 3226
2664 3227
3228 3228
5 3230
5647 3231
3525 3232
5181 3233
3234 3234
3235 3235
4808 3240
3241 3241
3242 3242
3243 3243
4287 3250
5762 3252
5607 3253
3254 3254
3255 3255
4640 3257
3162 3258
6408 3259
2288 3263
3264 3264
3931 3265
3267 3267
6640 3268
5146 3269
883 3270
1329 3271
1739 3273
521 3275
1177 3276
3277 3277
3278 3278
6022 3279
3280 3280
3284 3284
331 3286
3164 3289
3894 3290
3296 3296
4623 3297
3298 3298
6685 3299
3304 3304
3446 3306
6404 3310
3314 3314
3316 3316
4163 3317
3320 3320
3536 3322
1912 3323
3325 3325
4218 3328
1049 3329
3330 3330
3449 3331
3334 3334
5430 3338
3340 3340
1980 3342
4369 3343
3345 3345
3347 3347
5647 3351
3354 3354
5414 3358
3363 3363
3869 3364
3367 3367
924 3368
373 3370
3371 3371
4031 3375
2189 3376
5737 3377
2476 3379
3383 3383
6477 3384
3385 3385
3386 3386
5987 3388
5983 3392
4905 3393
3344 3395
3400 3400
4295 3404
2101 3414
3417 3417
3418 3418
144 3419
779 3420
3423 3423
5428 3424
3430 3430
5607 3431
4416 3432
6221 3434
6415 3437
3438 3438
3440 3440
3442 3442
2718 3443
3445 3445
2380 3446
3447 3447
6272 3448
1805 3451
3453 3453
6106 3455
3457 3457
2547 3459
766 3461
5063 3462
68 3466
3677 3468
3505 3471
3472 3472
4620 3473
5478 3475
571 3476
2327 3478
5875 3479
2157 3480
3485 3485
6654 3486
5130 3488
2002 3494
3495 3495
3499 3499
3500 3500
6584 3502
2526 3506
3508 3508
2621 3510
3511 3511
5209 3512
5238 3513
1854 3514
748 3515
3518 3518
3519 3519
5489 3521
3524 3524
379 3527
3920 3528
1177 3529
1871 3531
4078 3532
5271 3533
166 3535
3538 3538
2069 3540
3541 3541
1174 3542
4647 3544
366 3545
2243 3546
6420 3549
3550 3550
3551 3551
5354 3552
3553 3553
3554 3554
1083 3555
6798 3559
2209 3561
3565 3565
5414 3566
3567 3567
3568 3568
1754 3571
2009 3573
544 3576
6567 3579
3580 3580
1944 3581
2626 3582
14 3583
2129 3584
3586 3586
6308 3587
1405 3589
101 3591
3593 3593
3595 3595
3600 3600
3602 3602
3603 3603
5607 3606
3607 3607
3609 3609
1194 3611
3612 3612
5258 3614
3648 3618
6143 3619
3621 3621
3642 3622
1912 3623
3625 3625
4603 3627
3628 3628
1825 3629
677 3631
2019 3635
4572 3636
3637 3637
1884 3638
4364 3642
3643 3643
3646 3646
3648 3648
3649 3649
3650 3650
6674 3651
3986 3655
3656 3656
998 3659
713 3661
6574 3663
1800 3666
3136 3667
5776 3668
3670 3670
3673 3673
283 3676
3677 3677
25 3679
5413 3680
776 3683
6422 3684
5201 3685
5313 3686
5987 3687
3689 3689
3690 3690
3691 3691
3275 3692
5340 3693
3695 3695
5970 3696
3698 3698
3699 3699
3704 3704
487 3705
3706 3706
5619 3707
3710 3710
5033 3721
4605 3722
3723 3723
4227 3724
3726 3726
3728 3728
3202 3730
1062 3734
5271 3735
3738 3738
3226 3741
6462 3742
2356 3743
6825 3746
3750 3750
3455 3752
3754 3754
3756 3756
2121 3762
1929 3763
232 3764
3765 3765
3766 3766
3767 3767
5879 3769
1299 3771
3749 3774
1495 3775
3777 3777
3304 3779
3782 3782
2549 3783
2576 3785
5983 3788
3789 3789
2951 3790
3792 3792
3795 3795
2821 3798
6676 3800
5033 3801
962 3802
3803 3803
626 3804
4017 3805
1869 3807
19 3809
3811 3811
4174 3813
1241 3816
924 3818
3819 3819
6750 3821
6775 3822
1299 3823
4607 3824
3828 3828
3829 3829
4656 3830
68 3832
3833 3833
1140 3836
3837 3837
3839 3839
3844 3844
3846 3846
5685 3847
4233 3849
3850 3850
3851 3851
4433 3853
3856 3856
780 3860
3861 3861
1547 3862
1522 3863
1094 3865
5647 3871
5689 3873
3874 3874
6408 3875
3222 3878
3883 3883
3884 3884
3886 3886
750 3887
3892 3892
3654 3893
4298 3896
1994 3898
4124 3899
411 3903
3908 3908
3909 3909
743 3910
3914 3914
3917 3917
2195 3919
3923 3923
6690 3924
3925 3925
3927 3927
2518 3928
3178 3929
2463 3930
657 3931
3936 3936
3941 3941
3942 3942
3944 3944
1197 3948
1320 3950
3953 3953
1995 3955
3956 3956
5790 3958
6042 3960
2376 3961
3962 3962
1771 3964
3965 3965
3969 3969
2527 3971
3974 3974
3975 3975
3976 3976
3978 3978
3979 3979
437 3982
4525 3983
1489 3984
3986 3986
6120 3987
307 3988
3989 3989
4889 3991
511 3994
1563 3995
6409 3998
4735 3999
4001 4001
3600 4002
3377 4003
2079 4006
4007 4007
6820 4008
4010 4010
1158 4011
4013 4013
381 4015
4016 4016
4017 4017
4018 4018
743 4022
4023 4023
777 4024
4053 4025
1398 4027
6513 4028
5789 4029
4031 4031
4032 4032
2055 4034
4035 4035
4036 4036
1398 4041
4705 4042
3117 4043
3039 4045
4048 4048
3888 4049
4050 4050
3398 4055
4058 4058
6097 4060
4061 4061
3652 4062
6654 4068
4069 4069
1384 4072
482 4074
4077 4077
4245 4078
3603 4080
4082 4082
4083 4083
4084 4084
4088 4088
2095 4091
4092 4092
4093 4093
2000 4095
5416 4097
6773 4098
886 4102
5334 4103
2609 4105
1752 4106
4110 4110
2990 4112
2129 4114
4115 4115
4116 4116
2531 4120
3494 4121
5241 4122
4123 4123
2895 4125
4126 4126
4127 4127
3729 4129
4131 4131
1924 4134
4480 4135
3525 4138
992 4139
4145 4145
2531 4147
5220 4149
4973 4150
5647 4151
989 4152
338 4153
4157 4157
6693 4158
2686 4159
4160 4160
223 4163
4165 4165
4166 4166
4168 4168
948 4169
4170 4170
3352 4171
2525 4172
4174 4174
4175 4175
5237 4180
4186 4186
4187 4187
2327 4188
28 4189
2353 4190
297 4194
1930 4195
4233 4200
4201 4201
1959 4204
5752 4213
4838 4214
6068 4215
4870 4216
6332 4220
4221 4221
716 4223
4224 4224
6002 4225
3650 4227
5930 4229
132 4235
2164 4237
4238 4238
4239 4239
4240 4240
4241 4241
4242 4242
4244 4244
4246 4246
4247 4247
4014 4248
6732 4255
774 4256
1932 4257
1527 4258
3699 4259
4262 4262
4218 4263
1244 4266
516 4267
3778 4269
4270 4270
3243 4271
4278 4278
4282 4282
2416 4283
5056 4285
4286 4286
4291 4291
4293 4293
3772 4294
4330 4296
4297 4297
4299 4299
4302 4302
5941 4303
379 4304
4956 4308
1430 4309
3104 4310
2129 4311
6379 4312
3525 4313
4314 4314
2875 4315
4316 4316
4320 4320
96 4327
3657 4328
4329 4329
1283 4330
1299 4333
4334 4334
4335 4335
4337 4337
4338 4338
629 4339
4340 4340
3788 4343
4344 4344
278 4345
6674 4347
1002 4348
2929 4349
624 4350
2476 4351
829 4354
4357 4357
2743 4361
483 4362
1922 4364
609 4366
2919 4367
3974 4368
4369 4369
4371 4371
4372 4372
1739 4374
4377 4377
5584 4378
4380 4380
5439 4384
4386 4386
4387 4387
4389 4389
4390 4390
4391 4391
4392 4392
1156 4393
4394 4394
4396 4396
4397 4397
4398 4398
3508 4400
385 4404
2362 4405
4407 4407
4412 4412
5607 4413
2428 4414
132 4416
4417 4417
4419 4419
659 4424
264 4425
3149 4426
6406 4430
533 4431
3630 4432
4434 4434
4435 4435
3103 4439
4440 4440
1666 4441
4443 4443
1489 4444
2687 4445
4031 4447
1456 4449
708 4450
4452 4452
5952 4454
3376 4455
4458 4458
4459 4459
4461 4461
1666 4462
4463 4463
1488 4465
2736 4468
2699 4469
4470 4470
683 4471
4588 4475
2786 4476
5201 4477
5310 4479
4956 4481
6543 4484
5939 4485
924 4486
4487 4487
155 4488
5065 4492
4493 4493
6860 4495
4500 4500
4150 4501
4503 4503
4507 4507
929 4509
5338 4511
5856 4512
5647 4513
4519 4519
3688 4520
6120 4521
3663 4522
4138 4523
1489 4524
5035 4525
6221 4529
4530 4530
6612 4531
1143 4532
4533 4533
4077 4534
5647 4539
6732 4540
4851 4541
4031 4542
4543 4543
4544 4544
4545 4545
2206 4546
4550 4550
4552 4552
4553 4553
373 4559
5360 4564
3670 4565
5497 4566
4567 4567
6839 4571
4573 4573
649 4574
4575 4575
1956 4577
3041 4581
4583 4583
4585 4585
3752 4588
107 4589
5328 4590
2849 4594
4898 4596
4597 4597
2674 4598
6837 4599
4607 4607
5370 4609
4613 4613
1752 4614
4615 4615
4208 4617
4619 4619
4621 4621
4622 4622
4625 4625
6812 4626
4628 4628
4639 4639
4641 4641
2618 4642
5386 4647
5488 4648
5258 4651
3131 4652
2409 4655
666 4656
3610 4659
6272 4661
4663 4663
4554 4665
268 4671
4672 4672
3736 4676
6272 4681
4682 4682
3533 4683
4685 4685
1143 4686
4687 4687
2596 4688
4749 4689
820 4690
3585 4691
3433 4692
1266 4694
4697 4697
4698 4698
3085 4701
6403 4706
1945 4708
4709 4709
2891 4711
2129 4713
3025 4715
4716 4716
2237 4718
234 4719
4652 4721
4722 4722
4725 4725
2159 4726
3464 4727
4728 4728
4730 4730
1298 4732
4737 4737
4738 4738
6089 4741
5647 4743
4744 4744
4746 4746
4747 4747
1393 4748
4749 4749
4751 4751
4752 4752
4754 4754
776 4757
6041 4758
4761 4761
4762 4762
3294 4763
4764 4764
4302 4769
2695 4774
4775 4775
4776 4776
365 4777
5466 4778
794 4780
5647 4781
3008 4783
4784 4784
4496 4785
1049 4786
4789 4789
4790 4790
5743 4791
4792 4792
6750 4793
3446 4795
5536 4798
2095 4799
3458 4801
2492 4804
4806 4806
4808 4808
2886 4809
4810 4810
6786 4811
4814 4814
4816 4816
4821 4821
3275 4824
4542 4825
1233 4826
1299 4827
4828 4828
5687 4832
1404 4833
4531 4834
4836 4836
5413 4838
1299 4839
5629 4843
5560 4844
748 4845
4057 4847
4474 4848
4849 4849
4850 4850
96 4851
779 4852
4853 4853
4854 4854
4856 4856
5613 4859
2351 4864
2472 4866
4868 4868
1895 4869
4408 4872
1038 4873
667 4875
2290 4877
4878 4878
5646 4879
4880 4880
1673 4881
4883 4883
776 4892
4893 4893
59 4894
5424 4895
4898 4898
4900 4900
5536 4902
951 4904
1825 4907
179 4909
4911 4911
4912 4912
4913 4913
6196 4915
4999 4916
4917 4917
4918 4918
5182 4920
381 4921
2492 4922
4923 4923
6221 4924
4097 4927
4929 4929
4930 4930
1299 4932
5875 4933
4934 4934
4935 4935
4936 4936
3374 4939
2129 4943
3160 4944
4950 4950
4953 4953
5647 4955
4956 4956
6232 4959
6544 4960
4961 4961
4962 4962
1450 4964
4968 4968
5647 4969
4804 4970
4150 4973
6750 4975
4292 4976
4977 4977
4764 4978
4812 4981
4982 4982
1237 4983
4985 4985
4987 4987
4990 4990
4992 4992
2573 4994
1184 4997
4999 4999
1513 5000
1104 5003
5004 5004
5005 5005
388 5007
2724 5009
692 5012
3533 5018
5019 5019
5106 5021
1585 5023
5024 5024
4816 5025
5033 5033
5876 5036
5038 5038
5039 5039
1500 5040
5041 5041
6447 5044
5045 5045
5373 5048
5051 5051
4120 5052
927 5053
4801 5054
5055 5055
273 5058
1821 5059
2673 5060
5062 5062
2237 5063
6420 5067
2590 5070
5072 5072
5074 5074
5077 5077
5078 5078
5430 5079
5080 5080
5083 5083
845 5084
6200 5090
5497 5091
5095 5095
5096 5096
3008 5099
5590 5100
4610 5103
6455 5104
5106 5106
5107 5107
1581 5114
5116 5116
295 5117
2415 5118
997 5119
5123 5123
5124 5124
5127 5127
5128 5128
5647 5129
2043 5130
1823 5131
5133 5133
5136 5136
5361 5137
5138 5138
2825 5140
2129 5142
5143 5143
5145 5145
5146 5146
4596 5147
4733 5148
427 5151
5152 5152
5153 5153
5340 5155
4878 5158
5657 5164
5512 5166
1188 5168
5169 5169
5170 5170
4774 5171
5173 5173
4020 5174
365 5177
5178 5178
6814 5180
5181 5181
5428 5182
5184 5184
3050 5188
2845 5189
6361 5190
710 5191
5192 5192
5193 5193
2971 5195
5196 5196
5198 5198
2447 5199
5200 5200
5201 5201
2025 5207
5208 5208
3385 5211
5212 5212
3964 5214
294 5215
4581 5220
5021 5222
4919 5224
210 5225
1970 5227
5229 5229
1029 5232
4124 5233
5234 5234
5239 5239
5089 5243
2803 5249
5463 5250
5251 5251
2533 5252
2968 5253
1513 5254
3846 5255
2972 5256
1244 5260
6087 5264
5265 5265
5270 5270
3018 5272
3123 5274
4673 5275
680 5276
2468 5277
6863 5278
170 5279
3098 5280
5281 5281
5282 5282
3937 5283
4303 5284
5286 5286
5287 5287
6486 5291
6323 5292
5295 5295
3041 5299
5301 5301
5303 5303
6612 5310
5887 5316
5128 5319
5321 5321
1092 5327
5853 5328
5329 5329
5332 5332
3458 5334
4733 5335
4507 5338
5339 5339
3043 5341
4842 5342
5544 5344
5103 5345
4001 5349
5350 5350
4259 5354
5355 5355
5740 5356
5358 5358
5360 5360
781 5362
4880 5363
410 5364
5365 5365
5374 5374
5375 5375
3658 5380
3469 5382
5383 5383
4255 5384
5387 5387
4342 5388
5390 5390
5393 5393
3557 5394
5396 5396
5397 5397
5853 5398
752 5400
1061 5401
1617 5402
5385 5403
331 5404
5406 5406
1362 5408
5409 5409
5413 5413
145 5414
5490 5417
250 5420
2773 5421
2968 5422
5423 5423
4946 5424
2708 5426
5428 5428
3953 5430
3245 5431
2472 5434
694 5435
5436 5436
4175 5439
5440 5440
1209 5442
3142 5443
6400 5444
5445 5445
3182 5446
5448 5448
6687 5454
5457 5457
2532 5461
3652 5462
5463 5463
5464 5464
5089 5465
1922 5466
5478 5467
2069 5469
6456 5471
2756 5473
4639 5474
4302 5475
5476 5476
5480 5480
6097 5482
4936 5483
5484 5484
5164 5487
5314 5489
2959 5490
5496 5496
5497 5497
1413 5498
5499 5499
3957 5500
1118 5504
5607 5507
5508 5508
1300 5509
6611 5511
2678 5513
5514 5514
5515 5515
5516 5516
3009 5518
5519 5519
5522 5522
6708 5524
6650 5525
2254 5526
5527 5527
5528 5528
5529 5529
3567 5533
5535 5535
5536 5536
5538 5538
5540 5540
6750 5543
887 5545
5546 5546
5547 5547
2576 5549
1295 5551
5552 5552
5553 5553
6190 5554
5557 5557
1423 5558
5607 5559
951 5565
5567 5567
6860 5572
5573 5573
1117 5574
6586 5575
5869 5576
890 5577
4956 5581
2015 5582
5584 5584
4869 5585
5121 5586
5590 5590
5591 5591
1437 5592
3200 5597
5598 5598
6750 5602
4592 5603
1182 5604
6624 5605
2157 5606
5609 5609
5611 5611
5613 5613
5616 5616
5617 5617
4816 5620
710 5622
5647 5623
1914 5624
5625 5625
5627 5627
5629 5629
5630 5630
5632 5632
107 5633
4956 5634
5635 5635
5641 5641
1376 5642
5643 5643
5645 5645
5648 5648
250 5650
5651 5651
2759 5652
5659 5659
6234 5660
3976 5664
5666 5666
3652 5667
469 5668
5674 5674
3124 5676
5678 5678
5679 5679
4484 5681
5683 5683
5686 5686
6773 5688
4403 5690
5691 5691
4778 5695
5698 5698
1332 5699
5701 5701
5702 5702
5703 5703
776 5705
5807 5710
2212 5711
5714 5714
1783 5715
2129 5716
2679 5719
902 5720
4533 5721
5722 5722
5724 5724
2843 5726
1527 5727
3068 5731
5733 5733
914 5734
4355 5736
4801 5737
331 5738
3537 5739
5740 5740
92 5742
4859 5743
4749 5748
3166 5749
5751 5751
2033 5752
5753 5753
680 5754
5756 5756
5760 5760
2089 5762
971 5763
4567 5764
5767 5767
6560 5771
634 5772
5414 5773
4386 5775
6221 5776
5777 5777
5081 5778
5782 5782
5783 5783
5647 5787
1673 5788
6733 5789
3045 5793
5363 5798
5800 5800
638 5803
5806 5806
5807 5807
5808 5808
5809 5809
5326 5810
5813 5813
5814 5814
6836 5815
6459 5816
4500 5824
5826 5826
4353 5827
5829 5829
4082 5831
5834 5834
5647 5836
5838 5838
5647 5841
4828 5842
4723 5843
3776 5844
6592 5845
5849 5849
1717 5851
5852 5852
6805 5853
4231 5854
2177 5855
5428 5863
4784 5864
4989 5868
317 5870
3190 5873
5607 5875
6586 5876
5878 5878
2181 5880
5883 5883
5886 5886
5893 5893
2617 5894
5897 5897
107 5898
6650 5899
5430 5903
5904 5904
5616 5905
6616 5906
5908 5908
1622 5910
5911 5911
5557 5913
5917 5917
3573 5918
5920 5920
4870 5921
5923 5923
3982 5924
5925 5925
5927 5927
5930 5930
3433 5931
192 5935
2704 5937
373 5940
633 5942
5944 5944
2399 5945
5946 5946
465 5947
4945 5948
5952 5952
5953 5953
5954 5954
4426 5957
4133 5958
2129 5959
2730 5960
5963 5963
5808 5964
5966 5966
5154 5967
1339 5968
3100 5970
777 5973
6652 5975
5976 5976
6200 5978
5981 5981
5342 5982
5551 5984
5985 5985
5986 5986
5988 5988
5252 5989
5990 5990
5991 5991
5997 5997
5998 5998
139 6001
6002 6002
6005 6005
5703 6008
5674 6010
5681 6013
1980 6015
5156 6016
6017 6017
2413 6020
1300 6021
6022 6022
6023 6023
297 6025
6027 6027
331 6028
105 6032
5927 6034
6035 6035
2258 6037
6038 6038
6039 6039
6045 6045
1159 6047
6198 6048
2933 6049
6058 6058
3038 6061
210 6062
1376 6065
6066 6066
6068 6068
5607 6069
6072 6072
6618 6074
6077 6077
6079 6079
3362 6081
6082 6082
6085 6085
2738 6086
4610 6087
2787 6088
6090 6090
2064 6092
398 6098
6101 6101
6814 6102
6103 6103
4806 6105
738 6106
5163 6108
6110 6110
2670 6111
6112 6112
5426 6113
469 6116
6750 6117
6118 6118
5486 6119
1072 6122
5647 6124
6125 6125
3740 6126
3260 6127
6130 6130
6131 6131
824 6132
4594 6133
1800 6135
6136 6136
6575 6138
5347 6140
3424 6143
6147 6147
5283 6149
2147 6151
6154 6154
6159 6159
6163 6163
1719 6166
5647 6167
1852 6169
6170 6170
4496 6176
200 6177
743 6178
2254 6180
6185 6185
2617 6186
6623 6187
6189 6189
6192 6192
6195 6195
6198 6198
6200 6200
6201 6201
4191 6204
6208 6208
1727 6210
1327 6212
410 6213
5473 6216
6219 6219
2617 6222
4974 6223
5128 6226
6227 6227
5230 6234
3395 6235
5106 6236
6242 6242
393 6243
6247 6247
6248 6248
1739 6249
6252 6252
6256 6256
6257 6257
2670 6260
1518 6261
2064 6262
6264 6264
1513 6266
6267 6267
472 6268
6271 6271
6272 6272
331 6274
6275 6275
6278 6278
2100 6279
6281 6281
6282 6282
6285 6285
5409 6286
502 6287
6288 6288
6291 6291
2191 6292
5005 6294
6295 6295
2148 6300
6302 6302
6310 6310
3 6312
6315 6315
3652 6316
2739 6317
823 6323
5698 6324
2391 6327
3979 6331
6332 6332
4861 6336
6337 6337
6338 6338
997 6341
6343 6343
2139 6344
5874 6346
5776 6347
2129 6349
6350 6350
5962 6351
3681 6353
6356 6356
6358 6358
1267 6359
6360 6360
1580 6362
6857 6364
315 6372
3947 6374
5607 6375
6383 6383
3377 6385
3553 6387
6388 6388
6389 6389
3008 6391
5164 6393
651 6394
6396 6396
5647 6397
6398 6398
5392 6401
4031 6404
6405 6405
6406 6406
5241 6407
6410 6410
6412 6412
5769 6413
4775 6414
3404 6416
5497 6418
4031 6421
4274 6422
4467 6424
6425 6425
6426 6426
2201 6427
6430 6430
6433 6433
5637 6435
2297 6437
6440 6440
6442 6442
6444 6444
6446 6446
2099 6447
269 6448
4881 6449
1773 6450
2399 6454
6616 6457
6221 6458
3046 6460
5766 6462
2144 6468
1248 6471
2644 6473
6478 6478
6479 6479
1944 6480
6482 6482
6486 6486
6487 6487
3345 6488
56 6492
6495 6495
4484 6496
2933 6497
6795 6498
6499 6499
5647 6500
6650 6502
6505 6505
6511 6511
4881 6512
1181 6514
142 6515
5607 6516
244 6517
2391 6518
4769 6519
6593 6520
2930 6522
945 6525
2254 6526
6527 6527
3800 6531
2555 6532
6535 6535
1957 6536
6538 6538
4231 6540
4354 6541
5647 6542
4656 6543
4733 6544
6546 6546
2223 6549
4604 6554
6557 6557
4031 6558
6559 6559
6560 6560
5927 6562
6563 6563
5370 6564
6565 6565
6567 6567
4139 6568
3652 6569
4865 6571
6572 6572
6573 6573
3798 6574
6575 6575
6577 6577
6581 6581
5241 6582
6584 6584
6585 6585
5178 6586
4287 6594
6596 6596
1015 6597
4881 6598
6599 6599
1676 6600
6603 6603
6347 6604
6605 6605
2082 6612
4303 6614
6617 6617
6619 6619
4217 6620
4707 6623
5806 6624
6626 6626
6308 6627
6628 6628
2974 6629
1299 6630
5413 6636
6153 6643
6644 6644
6646 6646
1635 6647
6664 6649
713 6651
4640 6656
5656 6658
2507 6659
6027 6660
6661 6661
6662 6662
3283 6663
6665 6665
6666 6666
2974 6667
5031 6669
2490 6670
3526 6671
3101 6674
6675 6675
890 6677
1777 6679
4572 6680
6683 6683
1713 6684
4612 6687
5329 6688
6690 6690
5704 6693
1619 6694
6695 6695
4652 6701
6706 6706
5489 6707
2698 6708
2548 6709
6715 6715
6716 6716
6717 6717
1052 6723
6724 6724
3766 6725
6727 6727
3115 6733
3355 6735
6549 6736
6739 6739
6740 6740
2023 6741
6745 6745
1624 6746
3166 6748
5340 6749
150 6752
6753 6753
6754 6754
6755 6755
4389 6756
1719 6757
4057 6760
4097 6761
6762 6762
6765 6765
6766 6766
6769 6769
6771 6771
6491 6772
4639 6774
1398 6776
6777 6777
5684 6778
2353 6782
3975 6783
6832 6785
2706 6786
729 6787
2574 6788
5671 6790
6792 6792
924 6793
5646 6794
6614 6795
2099 6798
924 6801
3520 6802
3623 6805
360 6806
6807 6807
6808 6808
5273 6813
6817 6817
1770 6819
2064 6822
5443 6824
5647 6826
2834 6827
6828 6828
4678 6829
949 6831
5136 6832
6495 6833
6834 6834
2327 6835
5313 6836
1719 6837
6839 6839
5414 6841
1082 6842
6844 6844
6849 6849
6850 6850
1684 6851
6853 6853
6855 6855
6410 6857
6408 6858
6859 6859
6860 6860
477 6862
6865 6865
6866 6866
3409 6867
279 6868
171 6871
6872 6872
6874 6874
385 6876
6108 6877
981 6878
6880 6880
6881 6881
142 6883
1008 6885
5151 6886
6887 6887
6889 6889
