0.0106972 0 0 0.110371 0.279826
2.88351 17 0 0.00243975 0.0172139
5.88646 18 0 0.00244679 0.0144762
8.85457 18 0 0.00267917 0.0142621
11.8528 18 0 0.0029836 0.0154343
14.8421 18 0 0.00306942 0.0160391
17.8175 18 0 0.00310853 0.0159609
20.8066 18 0 0.00312421 0.0155863
23.7801 18 0 0.00318956 0.0155138
26.7672 18 0 0.00325231 0.0155721
29.7576 18 0 0.00328378 0.0162083
32.7646 18 0 0.00329552 0.0167119
35.7347 18 0 0.00331113 0.0185014
38.7211 18 0 0.0033343 0.0196732
41.6906 18 0 0.003336 0.01978
