0.0106408 0 0 0.0416252 0.0953599
2.87907 17 0 0.00120563 0.0068495
5.88866 18 0 0.000603751 0.00603387
8.88662 18 0 0.000603251 0.00608199
11.9193 18 0 0.000612728 0.00608453
14.9107 18 0 0.000627929 0.00608459
17.9077 18 0 0.000634516 0.00608458
20.9011 18 0 0.000652069 0.00608458
23.9218 18 0 0.000672718 0.00608458
26.9256 18 0 0.000710089 0.00608458
29.938 18 0 0.000743904 0.00608458
32.9466 18 0 0.000765945 0.00608458
35.9548 18 0 0.000784585 0.00608458
38.9725 18 0 0.000809803 0.00608458
41.9677 18 0 0.000829319 0.00608458
44.9587 18 0 0.000838434 0.00608458
