0.0110147 0 0 0.426153 0.933265
3.00967 18 0 0.0371043 0.158728
6.0267 18 0 0.035227 0.115315
9.05372 18 0 0.0379244 0.115451
12.3016 18 0 0.0395046 0.123836
15.5337 18 0 0.0407954 0.125381
18.6093 18 0 0.0417231 0.125442
21.5981 18 0 0.0425283 0.126106
24.6015 18 0 0.043035 0.126214
27.581 18 0 0.0434872 0.126225
30.5836 18 0 0.0438926 0.126227
33.5903 18 0 0.0441174 0.126228
36.5921 18 0 0.0443668 0.126227
39.571 18 0 0.0446928 0.130115
42.5703 18 0 0.0449029 0.139445
45.5496 18 0 0.0450543 0.143322
48.5826 18 0 0.045199 0.1492
51.6958 18 0 0.0453112 0.152846
54.7849 18 0 0.0453946 0.155707
57.9046 18 0 0.0454856 0.156917
60.9322 18 0 0.045571 0.156845
63.9384 18 0 0.0456292 0.156595
66.9648 18 0 0.0456504 0.158911
69.9701 18 0 0.0456914 0.162466
73.149 19 0 0.0456932 0.163088
76.165 18 0 0.045663 0.163276
79.1891 18 0 0.0456574 0.163266
82.19 18 0 0.0456632 0.163255
85.2105 18 0 0.0456574 0.163251
88.2105 18 0 0.045653 0.163234
91.2308 18 0 0.045665 0.163184
94.2311 18 0 0.0456671 0.163135
97.2515 18 0 0.0456601 0.163131
100.252 18 0 0.045652 0.163133
103.272 18 0 0.0456453 0.163145
106.273 18 0 0.0456496 0.163141
109.293 18 0 0.0456464 0.16314
112.294 18 0 0.0456475 0.16314
115.315 18 0 0.045651 0.16314
118.315 18 0 0.0456562 0.16314
121.335 18 0 0.0456603 0.16314
124.336 18 0 0.0456645 0.16314
127.357 18 0 0.0456672 0.16314
130.358 18 0 0.0456706 0.16314
133.38 18 0 0.0456736 0.16314
136.387 18 0 0.0456764 0.16314
139.401 18 0 0.045678 0.16314
142.382 18 0 0.0456842 0.16314
145.381 18 0 0.0456957 0.16314
148.361 18 0 0.0457067 0.16314
151.36 18 0 0.0457154 0.16314
154.366 18 0 0.0457205 0.16314
157.389 18 0 0.0457265 0.16314
160.393 18 0 0.0457308 0.16314
163.416 18 0 0.0457324 0.16314
166.42 18 0 0.0457347 0.16314
169.444 18 0 0.0457388 0.16314
172.458 18 0 0.0457463 0.16314
175.469 18 0 0.0457554 0.16314
178.458 18 0 0.0457602 0.16314
181.468 18 0 0.0457687 0.16314
184.457 18 0 0.0457755 0.16314
187.467 18 0 0.0457787 0.16314
190.456 18 0 0.0457883 0.16314
193.495 18 0 0.0457957 0.16314
196.526 18 0 0.0458002 0.16314
199.559 18 0 0.0458052 0.16314
202.551 18 0 0.045808 0.16314
205.561 18 0 0.0458102 0.16314
208.554 18 0 0.0458159 0.16314
211.565 18 0 0.0458182 0.16314
214.579 18 0 0.0458192 0.16314
217.589 18 0 0.0458194 0.16314
