0.0107705 0 0 0.111979 0.288098
3.1424 20 0 0.0027596 0.0166762
6.29174 20 0 0.00347519 0.0174979
9.41101 20 0 0.00385027 0.0185632
12.5348 20 0 0.00416372 0.0186898
15.6613 20 0 0.00447343 0.019587
18.7794 20 0 0.00465757 0.0203457
21.8927 20 0 0.00481648 0.0209267
25.0094 20 0 0.00494327 0.0221957
28.1201 20 0 0.00506564 0.022945
31.2388 20 0 0.00515519 0.0228749
34.3642 20 0 0.00521683 0.022833
37.506 20 0 0.0052382 0.022666
40.6523 20 0 0.00524802 0.0225852
43.7893 20 0 0.00527981 0.0225434
46.9174 20 0 0.00529836 0.0225376
50.0558 20 0 0.00531676 0.0225376
53.1877 20 0 0.00534346 0.0225283
56.3274 20 0 0.00535786 0.0233743
59.4639 20 0 0.00537057 0.0243533
62.6015 20 0 0.00537723 0.0247119
65.732 20 0 0.00538544 0.0247412
68.8705 20 0 0.00539173 0.0247436
72.0021 20 0 0.00539302 0.0247439
75.1359 20 0 0.00539651 0.024744
78.258 20 0 0.00539964 0.024744
81.3853 20 0 0.00540066 0.024744
84.5038 20 0 0.00540131 0.024744
