0.0105848 0 0 0.0405456 0.11346
3.1524 20 0 0.00133666 0.00825287
6.30472 20 0 0.000951126 0.00929438
9.42787 20 0 0.000964393 0.0093343
12.5517 20 0 0.00102104 0.00933152
15.6676 20 0 0.00110184 0.00933084
18.7931 20 0 0.00117081 0.00933075
21.9124 20 0 0.00122683 0.00933073
25.0354 20 0 0.00126684 0.00933073
28.1567 20 0 0.00133399 0.00933073
31.2867 20 0 0.00138555 0.00933073
34.403 20 0 0.00141046 0.00933073
37.5284 20 0 0.00143924 0.00933073
40.6478 20 0 0.00146751 0.00933073
43.7706 20 0 0.00150206 0.00933073
46.887 20 0 0.00151835 0.00933073
50.0268 20 0 0.00153758 0.00933073
53.1574 20 0 0.0015794 0.00933073
56.2973 20 0 0.0016068 0.00933073
59.4312 20 0 0.00161101 0.00933073
