0.0105547 0 0 0.210291 0.438465
3.15468 20 0 0.266063 0.522473
6.30274 20 0 0.268141 0.516582
9.46034 20 0 0.268456 0.516395
12.6467 20 0 0.268504 0.516372
15.8177 20 0 0.268467 0.516372
19.0005 20 0 0.268369 0.516391
22.1233 20 0 0.26831 0.516392
25.3064 20 0 0.268277 0.516389
28.463 20 0 0.268248 0.516377
31.6492 20 0 0.26822 0.51638
34.8202 20 0 0.268181 0.51632
38.0025 20 0 0.268166 0.516203
41.121 20 0 0.268157 0.516173
44.2999 20 0 0.268135 0.516173
47.4569 20 0 0.268016 0.516174
50.6427 20 0 0.267866 0.516175
53.8135 20 0 0.267789 0.516176
56.996 20 0 0.267658 0.516177
60.1142 20 0 0.267562 0.516175
63.2929 20 0 0.267403 0.51617
66.4487 20 0 0.267352 0.516166
69.6349 20 0 0.267253 0.516164
72.8053 20 0 0.267212 0.51616
75.9879 20 0 0.267147 0.516155
79.1056 20 0 0.267095 0.516155
82.3092 20 0 0.267027 0.516155
85.4691 20 0 0.26701 0.516155
88.6552 20 0 0.266963 0.516157
91.8272 20 0 0.266913 0.516154
95.0098 20 0 0.266858 0.516155
98.1271 20 0 0.266828 0.516155
101.306 20 0 0.266819 0.516155
104.462 20 0 0.266796 0.516155
107.66 20 0 0.266768 0.516155
110.83 20 0 0.266726 0.516155
114.013 20 0 0.266658 0.516155
117.151 20 0 0.266604 0.516155
120.329 20 0 0.26654 0.516155
123.482 20 0 0.266484 0.516155
126.665 20 0 0.26641 0.516155
129.832 20 0 0.266396 0.516155
133.011 20 0 0.266395 0.516155
136.125 20 0 0.266395 0.516155
139.299 20 0 0.266394 0.516155
142.456 20 0 0.266393 0.516155
