0.0106043 0 0 0.115189 0.298201
2.86626 17 0 0.00211089 0.0177803
5.75446 17 0 0.00278086 0.0201974
8.59266 17 0 0.00315334 0.0229018
11.4417 17 0 0.00342418 0.0282528
14.2819 17 0 0.00363648 0.0292154
17.1294 17 0 0.0037557 0.0287821
19.9692 17 0 0.00386608 0.0287357
22.8165 17 0 0.00399405 0.0287535
25.658 17 0 0.00409251 0.0286961
28.5049 17 0 0.00413696 0.0286689
31.3456 17 0 0.0041721 0.0286558
34.1919 17 0 0.00418458 0.0286537
37.0318 17 0 0.00419229 0.0286554
39.8781 17 0 0.00419597 0.0286547
42.7185 17 0 0.00420327 0.0286558
45.566 17 0 0.0042082 0.0286558
48.4056 17 0 0.00421211 0.0286554
51.2805 17 0 0.00421363 0.0286554
54.1151 17 0 0.00421469 0.0286554
56.9552 17 0 0.00421516 0.0286554
