0.0110587 0 0 0.0634497 0.177238
2.87621 17 0 0.000987762 0.00710981
5.72405 17 0 0.000748808 0.00684527
8.55144 17 0 0.000857517 0.00664392
11.4044 17 0 0.00107667 0.00739398
14.2322 17 0 0.00125093 0.00793677
17.0751 17 0 0.0013412 0.00853792
19.904 17 0 0.00139525 0.00853594
22.7471 17 0 0.00144036 0.0086869
25.576 17 0 0.00147242 0.00869344
28.4194 17 0 0.00150723 0.00869407
31.2476 17 0 0.0015339 0.00869436
34.0904 17 0 0.00154518 0.00869447
36.9214 17 0 0.00155739 0.00995311
39.7651 17 0 0.00156166 0.010188
42.5934 17 0 0.00156351 0.0102118
45.4361 17 0 0.0015639 0.0102142
