0.0109213 0 0 0.211249 0.431683
2.89186 17 0 0.00772675 0.0507321
5.74083 17 0 0.00751677 0.0544778
8.5642 17 0 0.00760598 0.0570377
11.3983 17 0 0.00763471 0.0570882
14.2217 17 0 0.00764579 0.0569937
17.0545 17 0 0.00770171 0.0569923
19.8783 17 0 0.00775413 0.0569968
22.712 17 0 0.00777911 0.0569976
25.5374 17 0 0.00779906 0.0569977
28.4024 17 0 0.00781299 0.0569977
31.2262 17 0 0.00782236 0.0569977
34.0579 17 0 0.00783691 0.0569977
36.8805 17 0 0.00785153 0.0569977
39.7122 17 0 0.00789061 0.0569977
42.5354 17 0 0.00791079 0.0569977
45.3671 17 0 0.00791515 0.0569977
48.2122 17 0 0.00792784 0.0569977
51.046 17 0 0.00793628 0.0569977
53.8916 17 0 0.00795369 0.0569977
56.7345 17 0 0.00796648 0.0569977
59.5659 17 0 0.00797416 0.0569977
62.4066 17 0 0.00798125 0.0569977
65.2372 17 0 0.00798345 0.0569977
68.0776 17 0 0.00798352 0.0569977
