0.0106799 0 0 0.232776 0.469767
3.01496 18 0 0.0187243 0.0625024
5.85937 17 0 0.0181527 0.0615136
8.66798 17 0 0.0198172 0.0615974
11.6456 18 0 0.0214054 0.0653798
14.6299 18 0 0.0228443 0.0790682
17.6236 18 0 0.02379 0.0856549
20.4265 17 0 0.0243438 0.0916825
23.2626 17 0 0.0251263 0.100231
26.0646 17 0 0.0253222 0.101413
28.9009 17 0 0.0253731 0.103981
31.711 17 0 0.0256733 0.104622
34.7074 18 0 0.0259206 0.104872
37.6638 18 0 0.0264748 0.104959
40.5 17 0 0.0269351 0.104415
43.303 17 0 0.0273241 0.105273
46.1596 17 0 0.0276677 0.107197
48.9637 17 0 0.0279513 0.109
51.8046 17 0 0.0281419 0.109965
54.6048 17 0 0.0282753 0.110533
57.4634 17 0 0.0284054 0.111179
60.2645 17 0 0.0286318 0.11269
63.1003 17 0 0.028843 0.115702
65.9048 17 0 0.0290797 0.118029
68.7402 17 0 0.0292254 0.119948
71.5414 17 0 0.0293361 0.122694
74.3833 17 0 0.0294093 0.123673
77.1758 17 0 0.029499 0.124374
80.0041 17 0 0.0295882 0.125656
82.7992 17 0 0.029709 0.126653
85.6264 17 0 0.0297872 0.127256
88.4229 17 0 0.0298502 0.127643
91.2635 17 0 0.0299912 0.129196
94.068 17 0 0.0301565 0.129383
96.8959 17 0 0.0302649 0.130796
99.6936 17 0 0.0303305 0.1333
102.522 17 0 0.0304603 0.134648
105.314 17 0 0.0305332 0.135272
108.142 17 0 0.0305669 0.135537
110.935 17 0 0.0306082 0.135629
113.784 17 0 0.0306798 0.136654
116.579 17 0 0.0307624 0.13749
119.407 17 0 0.0308074 0.138853
122.201 17 0 0.0308596 0.139637
125.031 17 0 0.0309012 0.14002
127.823 17 0 0.030932 0.14019
130.651 17 0 0.030967 0.14025
133.448 17 0 0.0309773 0.140227
136.275 17 0 0.0309887 0.140177
139.069 17 0 0.0310008 0.140264
141.897 17 0 0.0310318 0.140293
144.69 17 0 0.0310427 0.140271
147.517 17 0 0.031051 0.140451
150.321 17 0 0.0310735 0.141772
153.161 17 0 0.0311115 0.142607
155.957 17 0 0.0311386 0.142985
158.784 17 0 0.0311637 0.143232
161.58 17 0 0.0312076 0.144308
164.418 17 0 0.0312536 0.144627
167.213 17 0 0.0313116 0.144758
170.038 17 0 0.0313947 0.145122
172.829 17 0 0.0315229 0.145027
175.655 17 0 0.0316972 0.145782
178.446 17 0 0.0318643 0.147197
181.273 17 0 0.0320826 0.149524
184.067 17 0 0.0323527 0.159433
186.913 17 0 0.0325426 0.16721
189.727 17 0 0.0327164 0.17052
192.552 17 0 0.0328989 0.171204
195.343 17 0 0.0330669 0.172607
198.173 17 0 0.0331869 0.174699
200.978 17 0 0.0333851 0.177706
203.813 17 0 0.0335619 0.179206
206.613 17 0 0.0337498 0.179339
209.453 17 0 0.0338817 0.178617
212.258 17 0 0.0339599 0.178036
215.096 17 0 0.0340376 0.177449
217.899 17 0 0.0340872 0.1788
220.755 17 0 0.0341101 0.179091
223.556 17 0 0.0341526 0.17942
226.548 18 0 0.0341713 0.179427
229.517 17 0 0.0341972 0.179517
232.517 18 0 0.0342183 0.179515
235.498 18 0 0.0342312 0.17945
238.515 18 0 0.0342404 0.179395
241.477 18 0 0.0342454 0.179373
244.47 18 0 0.0342513 0.179351
247.419 18 0 0.0342758 0.179276
250.402 18 0 0.0342957 0.179245
253.36 18 0 0.0343336 0.179459
256.353 18 0 0.0343773 0.179174
259.31 18 0 0.0344789 0.178784
262.3 18 0 0.0345658 0.178459
265.247 18 0 0.0346231 0.178288
268.231 18 0 0.0346697 0.178082
271.045 17 0 0.0347289 0.178306
273.887 17 0 0.0347811 0.178307
276.679 17 0 0.0348043 0.178266
279.507 17 0 0.03484 0.178455
282.301 17 0 0.034865 0.178548
285.129 17 0 0.0348592 0.178272
