0.0115922 0 0 0.126743 0.298614
2.85615 17 0 0.00176098 0.0109964
5.679 17 0 0.00276564 0.0166331
8.52915 17 0 0.00293764 0.0184531
11.3872 17 0 0.00318861 0.0193483
14.2214 17 0 0.00335402 0.0198361
17.0257 17 0 0.00339523 0.0197073
19.8552 17 0 0.003493 0.0195659
22.6939 17 0 0.00353798 0.0195532
25.5238 17 0 0.00358657 0.0192967
28.5201 18 0 0.00366046 0.0193073
31.5064 18 0 0.00373894 0.019235
34.463 18 0 0.00378783 0.0192353
37.449 18 0 0.00383368 0.0192353
40.4453 18 0 0.00388613 0.0215447
43.4315 18 0 0.00399968 0.023504
46.4395 18 0 0.0040887 0.0251894
49.4255 18 0 0.00413386 0.0253182
52.3815 18 0 0.0042587 0.0255249
55.3874 18 0 0.0043103 0.0257257
58.3838 18 0 0.00438122 0.0258169
61.3694 18 0 0.00447514 0.0265709
64.3663 18 0 0.00449052 0.0266348
67.3561 18 0 0.00450151 0.0266399
70.3168 18 0 0.00450453 0.0266403
73.303 18 0 0.00450694 0.0266403
76.2997 18 0 0.00450698 0.0266403
