0.0115925 0 0 0.0489266 0.144674
2.82995 17 0 0.00102375 0.006751
5.89127 18 0 0.00139693 0.0114046
8.84484 18 0 0.00155437 0.0137358
11.8384 18 0 0.00176915 0.0140943
14.7907 18 0 0.00191552 0.0142155
17.7783 18 0 0.00199573 0.0142213
20.7273 18 0 0.00204942 0.0142216
23.7155 18 0 0.00210324 0.0142218
26.6641 18 0 0.00213607 0.0142217
29.6515 18 0 0.00216649 0.0142217
32.6031 18 0 0.00220346 0.0142217
35.5913 18 0 0.00222726 0.0142217
38.5391 18 0 0.00225038 0.0142217
41.5271 18 0 0.00225906 0.0142217
44.4796 18 0 0.00226598 0.0142217
47.4722 18 0 0.00227522 0.0142217
50.4253 18 0 0.00229188 0.0142217
53.4138 18 0 0.00229727 0.0142217
