0.0107413 0 0 0.179193 0.394248
2.82251 17 0 0.00557488 0.0593073
5.80802 18 0 0.00465951 0.0426146
8.76302 18 0 0.00475553 0.0431857
11.7234 18 0 0.00476613 0.0430388
14.6769 18 0 0.00474679 0.042906
17.6373 18 0 0.00484596 0.0429007
20.5888 18 0 0.00498504 0.0428985
23.5486 18 0 0.0050954 0.0428972
26.4978 18 0 0.00511457 0.0428975
29.4586 18 0 0.00514856 0.0428972
32.4079 18 0 0.00516829 0.0428962
35.3686 18 0 0.00520877 0.0428963
38.3207 18 0 0.00522481 0.0428969
41.3062 18 0 0.00523539 0.0428971
44.2799 18 0 0.00524401 0.0428971
47.2631 18 0 0.00525029 0.0428973
50.2315 18 0 0.00525628 0.0428975
53.2243 18 0 0.00525746 0.0428975
56.1963 18 0 0.00525973 0.0428974
59.1753 18 0 0.00526184 0.0428973
62.1445 18 0 0.00526195 0.0428973
