0.0105468 0 0 0.205099 0.419409
3.17384 20 0 0.25383 0.403234
6.33247 20 0 0.256225 0.412058
9.50206 20 0 0.254732 0.41368
12.6583 20 0 0.253613 0.413681
15.8265 20 0 0.252557 0.41366
18.9817 20 0 0.25177 0.413658
22.1393 20 0 0.251125 0.413658
25.2834 20 0 0.250555 0.41366
28.4248 20 0 0.25011 0.413661
31.5815 20 0 0.249625 0.413662
34.7346 20 0 0.249317 0.413663
37.8791 20 0 0.248956 0.413663
41.0374 20 0 0.248624 0.413657
44.1844 20 0 0.248398 0.413657
47.3347 20 0 0.248238 0.413657
50.4787 20 0 0.248128 0.413657
53.6292 20 0 0.247984 0.413657
56.7722 20 0 0.247861 0.413657
59.8748 20 0 0.247785 0.413657
63.0261 20 0 0.24772 0.413657
66.1819 20 0 0.247648 0.413657
69.3389 20 0 0.247621 0.413657
72.4709 20 0 0.24758 0.413657
75.625 20 0 0.247544 0.413657
78.7779 20 0 0.247515 0.413657
81.9522 20 0 0.247483 0.413657
85.1078 20 0 0.247456 0.413657
88.2656 20 0 0.247426 0.413657
91.4213 20 0 0.247389 0.413657
94.5799 20 0 0.24736 0.413657
97.7351 20 0 0.247323 0.413657
100.914 20 0 0.247288 0.413657
104.095 20 0 0.247251 0.413657
107.278 20 0 0.247197 0.413657
110.459 20 0 0.24716 0.413657
113.655 20 0 0.247106 0.413657
116.832 20 0 0.247004 0.413657
120.035 20 0 0.246924 0.413657
123.239 20 0 0.246868 0.413657
126.42 20 0 0.246795 0.413657
129.598 20 0 0.246727 0.413657
132.777 20 0 0.24668 0.413657
135.974 20 0 0.246635 0.413657
139.153 20 0 0.246589 0.413657
142.331 20 0 0.246546 0.413657
145.511 20 0 0.246512 0.413657
148.688 20 0 0.246465 0.413657
151.868 20 0 0.246409 0.413657
155.044 20 0 0.246353 0.413657
158.224 20 0 0.246319 0.413657
161.412 20 0 0.246287 0.413657
164.603 20 0 0.246241 0.413657
167.78 20 0 0.246207 0.413657
170.959 20 0 0.246183 0.413657
174.136 20 0 0.246166 0.413657
177.315 20 0 0.246151 0.413657
180.512 20 0 0.246131 0.413657
183.702 20 0 0.246109 0.413657
186.891 20 0 0.246091 0.413657
190.078 20 0 0.246079 0.413657
193.259 20 0 0.246054 0.413657
196.444 20 0 0.246032 0.413657
199.627 20 0 0.246022 0.413657
202.833 20 0 0.246008 0.413657
206.014 20 0 0.246 0.413657
209.199 20 0 0.245993 0.413657
212.381 20 0 0.245984 0.413657
215.566 20 0 0.245969 0.413657
218.747 20 0 0.245962 0.413657
221.933 20 0 0.245947 0.413657
225.114 20 0 0.245942 0.413657
228.299 20 0 0.245938 0.413657
231.481 20 0 0.24593 0.413657
234.665 20 0 0.245928 0.413657
237.847 20 0 0.245929 0.413657
241.036 20 0 0.245929 0.413657
244.223 20 0 0.245928 0.413657
247.408 20 0 0.245927 0.413657
250.59 20 0 0.245928 0.413657
253.777 20 0 0.245929 0.413657
256.958 20 0 0.245929 0.413657
260.143 20 0 0.245928 0.413657
263.324 20 0 0.245927 0.413657
266.509 20 0 0.245928 0.413657
269.69 20 0 0.245929 0.413657
272.874 20 0 0.245929 0.413657
276.055 20 0 0.245928 0.413657
279.24 20 0 0.245927 0.413657
282.421 20 0 0.245928 0.413657
285.63 20 0 0.245929 0.413657
288.811 20 0 0.245929 0.413657
291.996 20 0 0.245928 0.413657
295.198 20 0 0.245927 0.413657
298.404 20 0 0.245928 0.413657
301.609 20 0 0.245929 0.413657
304.817 20 0 0.245929 0.413657
307.999 20 0 0.245928 0.413657
311.184 20 0 0.245927 0.413657
314.365 20 0 0.245928 0.413657
317.55 20 0 0.245929 0.413657
