0.0106946 0 0 0.13653 0.322233
3.17085 20 0 0.00353085 0.0198382
6.34262 20 0 0.00382543 0.0196195
9.47371 20 0 0.0041083 0.0234257
12.614 20 0 0.00434652 0.0265252
15.7477 20 0 0.00450015 0.0267549
18.9084 20 0 0.00455011 0.0270386
22.0394 20 0 0.00452274 0.0264434
25.18 20 0 0.00456306 0.0263792
28.3075 20 0 0.00458517 0.0263791
31.449 20 0 0.00459332 0.0263772
34.5823 20 0 0.00459537 0.026377
37.7278 20 0 0.00459682 0.0263768
40.8614 20 0 0.00459882 0.0263768
44.0018 20 0 0.00460113 0.0263768
47.1228 20 0 0.00460384 0.0263769
50.2514 20 0 0.00460428 0.0263769
