0.0106866 0 0 0.036441 0.114591
3.13974 20 0 0.00126837 0.00770476
6.28296 20 0 0.000763637 0.00758588
9.40169 20 0 0.000754726 0.00769943
12.5202 20 0 0.000770929 0.00771043
15.6337 20 0 0.000809016 0.00771153
18.7522 20 0 0.000868761 0.00771164
21.8659 20 0 0.000929893 0.00771165
24.9815 20 0 0.000978989 0.00771165
28.1041 20 0 0.00102538 0.00771165
31.2212 20 0 0.00107211 0.00771165
34.3371 20 0 0.00112879 0.00771165
37.4528 20 0 0.00118781 0.00771165
40.5717 20 0 0.00126291 0.00771165
43.714 20 0 0.00131095 0.00771165
46.825 20 0 0.00134826 0.00771165
49.9472 20 0 0.00137897 0.00771166
53.0619 20 0 0.00138721 0.00771166
56.1779 20 0 0.00139272 0.00771166
59.2945 20 0 0.00139299 0.00771166
