0.0109042 0 0 0.201065 0.407083
3.15684 20 0 0.00645424 0.0290564
6.32356 20 0 0.00610404 0.0350529
9.48016 20 0 0.00617234 0.0365263
12.6244 20 0 0.00621446 0.037417
15.7587 20 0 0.00625688 0.0376892
18.8965 20 0 0.00632024 0.0377356
22.025 20 0 0.00641325 0.0377436
25.1643 20 0 0.00646315 0.037745
28.2897 20 0 0.0064913 0.0377453
31.4291 20 0 0.00650083 0.0377454
34.5576 20 0 0.00652692 0.0377454
37.6947 20 0 0.00653388 0.0377454
40.8334 20 0 0.00654136 0.0377454
43.9512 20 0 0.00654882 0.0377454
47.056 20 0 0.00655646 0.0377454
50.1738 20 0 0.00656661 0.0377454
53.2822 20 0 0.00657659 0.0377454
56.4 20 0 0.0065806 0.0377454
59.5089 20 0 0.00658393 0.0377454
62.6396 20 0 0.0065887 0.0377454
65.7606 20 0 0.0065914 0.0377454
