0.0106467 0 0 0.411526 0.911168
3.16577 20 0 0.0749882 0.238896
6.3217 20 0 0.0731293 0.28259
9.48756 20 0 0.0740859 0.282473
12.6405 20 0 0.0749131 0.282446
15.7807 20 0 0.0755212 0.282404
18.9213 20 0 0.0757725 0.282348
22.0621 20 0 0.075829 0.282239
25.2099 20 0 0.0757052 0.281954
28.3193 20 0 0.075545 0.281475
31.467 20 0 0.0753386 0.281544
34.6053 20 0 0.0748681 0.281723
37.7884 20 0 0.0745863 0.281853
40.9239 20 0 0.0744086 0.281991
44.0959 20 0 0.0742479 0.282168
47.2376 20 0 0.0739864 0.282954
50.4138 20 0 0.0736492 0.283083
53.5498 20 0 0.0733025 0.284357
56.7379 20 0 0.0731285 0.286252
59.8772 20 0 0.0728548 0.287425
63.0529 20 0 0.0726446 0.290274
66.1933 20 0 0.0724876 0.290488
69.3682 20 0 0.0723912 0.290239
72.5128 20 0 0.0722333 0.291562
75.6979 20 0 0.0720949 0.293828
78.822 20 0 0.0719605 0.293395
81.9814 20 0 0.0718567 0.293415
85.1063 20 0 0.0717643 0.292832
88.277 20 0 0.071708 0.292423
91.4015 20 0 0.0717136 0.292455
94.5642 20 0 0.0717283 0.292442
97.6885 20 0 0.0717077 0.292454
100.847 20 0 0.0717082 0.292402
103.988 20 0 0.0716635 0.292054
107.166 20 0 0.0716032 0.291872
110.304 20 0 0.071487 0.291228
113.476 20 0 0.071331 0.290909
116.615 20 0 0.0712178 0.289906
119.786 20 0 0.0711326 0.287533
122.923 20 0 0.0710468 0.289127
126.096 20 0 0.0709692 0.289284
129.232 20 0 0.0707966 0.289611
132.403 20 0 0.0705617 0.289517
135.539 20 0 0.0704022 0.289057
138.711 20 0 0.070296 0.288612
141.846 20 0 0.0700894 0.28596
145.019 20 0 0.0698675 0.287589
148.155 20 0 0.0696964 0.288483
151.327 20 0 0.0696363 0.291233
154.463 20 0 0.0694902 0.293271
157.636 20 0 0.069436 0.293232
160.772 20 0 0.0693172 0.293806
163.944 20 0 0.0691155 0.294151
167.098 20 0 0.0688783 0.293467
170.261 20 0 0.0687574 0.290957
173.4 20 0 0.0686797 0.288519
176.598 20 0 0.0686465 0.286467
179.737 20 0 0.0685644 0.285348
182.912 20 0 0.0685696 0.284059
186.052 20 0 0.0685542 0.282214
189.226 20 0 0.0685521 0.282118
