0.0109621 0 0 0.118031 0.275968
2.99969 18 0 0.00161611 0.0169078
6.14489 19 0 0.00277786 0.0192385
9.26594 19 0 0.00314948 0.021768
12.3861 19 0 0.00341332 0.0256443
15.5232 19 0 0.00360556 0.0269853
18.6601 19 0 0.00371633 0.0281019
21.7675 19 0 0.00387144 0.0298028
24.9038 19 0 0.00402913 0.0321363
28.0107 19 0 0.00410247 0.0325834
31.1485 19 0 0.00417609 0.0329283
34.2512 19 0 0.00421607 0.0329911
37.389 19 0 0.00422258 0.0330195
40.496 19 0 0.00423 0.0330233
43.6341 19 0 0.00423178 0.0330236
46.7404 19 0 0.00423182 0.0330237
