0.0106224 0 0 0.192626 0.371034
3.01061 18 0 0.0363759 0.11004
6.21911 19 0 0.038678 0.122915
9.34586 19 0 0.0404786 0.121511
12.4957 19 0 0.041623 0.121462
15.6414 19 0 0.0421096 0.12145
18.7875 19 0 0.0430853 0.121449
21.8981 19 0 0.0439981 0.121453
25.0441 19 0 0.0445568 0.121455
28.1548 19 0 0.0452092 0.139742
31.3007 19 0 0.0458362 0.145879
34.4069 19 0 0.0465437 0.147275
37.5473 19 0 0.0472089 0.148052
40.6523 19 0 0.0480358 0.149137
43.7928 19 0 0.0487028 0.14934
46.8978 19 0 0.0496161 0.149436
50.0375 19 0 0.0499532 0.153944
53.1424 19 0 0.0502514 0.159005
56.3085 19 0 0.0505097 0.161079
59.4216 19 0 0.0507242 0.164192
62.5618 19 0 0.0509158 0.16642
65.6694 19 0 0.051044 0.167117
68.8093 19 0 0.0512508 0.16756
71.9143 19 0 0.0513942 0.171264
75.0651 19 0 0.0516103 0.174693
78.175 19 0 0.0517778 0.17663
81.3397 19 0 0.051983 0.178295
84.4671 19 0 0.0522584 0.181097
87.6298 19 0 0.0525497 0.184241
90.7579 19 0 0.0529064 0.186277
93.9206 19 0 0.0531308 0.188416
97.0482 19 0 0.0533477 0.190034
100.211 19 0 0.0535328 0.19067
103.36 19 0 0.0537142 0.19098
106.523 19 0 0.0539651 0.191148
109.65 19 0 0.0542417 0.194372
112.813 19 0 0.0544585 0.196664
115.946 19 0 0.0546319 0.197618
119.112 19 0 0.0548067 0.200066
122.24 19 0 0.0549279 0.200058
125.402 19 0 0.055046 0.199768
128.529 19 0 0.0551392 0.19913
131.692 19 0 0.0552541 0.199725
134.838 19 0 0.0554029 0.199358
138.021 19 0 0.0555031 0.199131
141.143 19 0 0.0555819 0.198891
144.303 19 0 0.0556669 0.198602
147.423 19 0 0.0557829 0.198446
150.564 19 0 0.0559223 0.198332
153.669 19 0 0.0560861 0.198091
156.809 19 0 0.0562768 0.197992
159.913 19 0 0.0565022 0.197955
163.054 19 0 0.0566681 0.197939
166.158 19 0 0.0567771 0.197932
169.297 19 0 0.0568381 0.197929
172.402 20 0 0.0569364 0.197927
175.548 20 0 0.0570487 0.197926
178.658 20 0 0.0571421 0.197926
181.799 20 0 0.0572145 0.197926
184.904 19 0 0.0573083 0.197926
188.043 20 0 0.057385 0.197926
191.148 20 0 0.0574446 0.197926
194.288 20 0 0.0575517 0.197926
197.392 20 0 0.0576084 0.197926
200.531 20 0 0.0576396 0.197926
203.658 20 0 0.0576738 0.197926
206.797 20 0 0.0577174 0.197926
209.901 20 0 0.0577529 0.197926
213.039 20 0 0.0578154 0.197926
216.146 20 0 0.0578699 0.197926
219.287 20 0 0.0579097 0.197926
222.389 20 0 0.0580006 0.197926
225.528 20 0 0.058017 0.197926
228.632 20 0 0.0580176 0.197926
231.77 20 0 0.0580004 0.197926
234.927 20 0 0.0579966 0.197926
238.096 20 0 0.0579957 0.197926
