0.0107382 0 0 0.0304796 0.0955533
2.86815 17 0 0.00099373 0.00743076
5.87262 18 0 0.00100021 0.0068966
8.8829 18 0 0.00110619 0.00799742
11.8825 18 0 0.00125496 0.00815691
14.8711 18 0 0.00139353 0.00834912
17.8744 18 0 0.00150572 0.00835532
20.8763 18 0 0.00164831 0.00834976
23.8714 18 0 0.00177312 0.0083498
26.8719 18 0 0.00188759 0.00834973
29.8703 18 0 0.0019649 0.00834972
32.8652 18 0 0.0020355 0.00891903
35.8645 18 0 0.00209231 0.00898096
38.8528 18 0 0.00210692 0.00900207
41.8502 18 0 0.0021127 0.00899508
44.8387 18 0 0.00211444 0.00899212
