0.0105768 0 0 0.23127 0.374257
2.85225 17 0 0.00606552 0.0455992
5.86173 18 0 0.00580215 0.0469743
8.83487 18 0 0.00584296 0.048053
11.8412 18 0 0.0058828 0.0487475
14.8177 18 0 0.00591 0.0489062
17.8244 18 0 0.00592702 0.0501187
20.7933 18 0 0.00593063 0.0501034
23.7842 18 0 0.00593362 0.0503838
26.7615 18 0 0.00594217 0.0504862
29.7525 18 0 0.00596884 0.0505516
32.7091 18 0 0.00597389 0.0505666
35.6997 18 0 0.00597745 0.050567
38.6584 18 0 0.00597928 0.0505672
41.6536 18 0 0.00597941 0.0505673
