0.0106323 0 0 0.200164 0.457626
3.17478 19 0 0.0562172 0.178807
6.31082 19 0 0.0524354 0.193655
9.48412 19 0 0.0534876 0.194141
12.6426 19 0 0.0543928 0.193811
15.7923 19 0 0.0548549 0.193105
18.9365 19 0 0.0548759 0.192251
22.0728 19 0 0.0550811 0.191452
25.2139 19 0 0.0553961 0.191011
28.3494 19 0 0.0555542 0.190853
31.4907 19 0 0.0557087 0.19119
34.6256 19 0 0.0557164 0.193379
37.7681 19 0 0.0557799 0.195316
40.9342 19 0 0.055817 0.192763
44.1059 19 0 0.055894 0.190656
47.2671 19 0 0.0560643 0.189851
50.4424 19 0 0.0561718 0.18901
53.5973 19 0 0.0562679 0.191166
56.7586 19 0 0.0566148 0.19063
59.9131 19 0 0.0567009 0.189866
63.0742 19 0 0.0569 0.189856
66.2304 19 0 0.0571169 0.190144
69.3915 19 0 0.0573115 0.190162
72.5456 19 0 0.0573992 0.190879
75.7062 19 0 0.0574365 0.191972
78.8601 19 0 0.0575262 0.192375
82.0215 19 0 0.057552 0.192582
85.1757 19 0 0.057597 0.192709
88.3367 19 0 0.0575752 0.192723
91.4929 19 0 0.057659 0.192648
94.6534 19 0 0.0576947 0.192628
97.8078 19 0 0.0579744 0.192623
100.969 19 0 0.0584082 0.192622
104.129 19 0 0.0587729 0.192622
107.293 19 0 0.0589685 0.192622
110.446 19 0 0.0591469 0.192622
113.608 19 0 0.0592233 0.192622
116.762 19 0 0.0592783 0.192622
119.923 20 0 0.059327 0.192622
123.11 20 0 0.0593691 0.192622
126.271 20 0 0.0594151 0.192622
129.426 20 0 0.0594552 0.192622
132.587 20 0 0.0594784 0.192622
135.741 20 0 0.059497 0.192622
138.902 20 0 0.0595067 0.192622
142.057 20 0 0.0595149 0.192622
145.217 20 0 0.0595217 0.192622
148.371 20 0 0.0595327 0.192622
151.532 20 0 0.0595543 0.192622
154.686 20 0 0.0595797 0.192622
157.844 20 0 0.0596072 0.192622
161.013 20 0 0.0596156 0.192622
164.171 20 0 0.0596249 0.192622
167.308 20 0 0.0596365 0.192622
170.448 20 0 0.0596513 0.192622
173.583 20 0 0.0596615 0.192622
176.723 20 0 0.059677 0.192622
179.857 20 0 0.0596829 0.192622
182.998 20 0 0.0596969 0.192622
186.131 20 0 0.0597105 0.192622
189.271 20 0 0.0597248 0.192622
192.404 20 0 0.0597339 0.192622
195.544 20 0 0.0597424 0.192622
198.678 20 0 0.0597442 0.192622
201.818 20 0 0.0597464 0.192622
204.952 20 0 0.0597531 0.192622
208.092 20 0 0.0597571 0.192622
211.226 20 0 0.0597576 0.192622
214.366 20 0 0.0597561 0.192622
217.499 20 0 0.0597547 0.192622
220.64 20 0 0.0597541 0.192622
223.779 20 0 0.0597537 0.192622
226.935 20 0 0.0597537 0.192622
