0.0106108 0 0 0.227681 0.450681
3.00345 18 0 0.00297914 0.0193431
6.02679 18 0 0.00306076 0.0214192
9.01262 18 0 0.0030931 0.0215588
12.0421 18 0 0.00310296 0.0215817
15.0049 18 0 0.00312044 0.0215865
17.9974 18 0 0.00313231 0.0215868
20.9535 18 0 0.00313674 0.0215868
23.9456 18 0 0.00313966 0.0215868
26.9122 18 0 0.00314762 0.0215868
29.9098 18 0 0.00315628 0.0215868
32.8689 18 0 0.00317138 0.0215868
35.8629 18 0 0.00320245 0.0215868
38.8175 18 0 0.00322857 0.0215868
41.8115 18 0 0.00323284 0.0215868
44.7886 18 0 0.00323653 0.0215868
47.8071 18 0 0.0032377 0.0215868
