0.0107639 0 0 0.111266 0.260615
3.00564 18 0 0.00193911 0.0106069
5.97792 18 0 0.0021397 0.0157346
8.96695 18 0 0.00239827 0.0189703
11.9606 18 0 0.00255492 0.0209254
14.9473 18 0 0.00273878 0.0233861
17.9403 18 0 0.00283089 0.0235221
20.927 18 0 0.00297718 0.0248921
23.929 18 0 0.00300758 0.025215
26.922 18 0 0.00303845 0.0262177
29.9166 18 0 0.00302868 0.0261012
32.9291 18 0 0.00299921 0.025562
35.9236 18 0 0.00297044 0.0249278
38.9112 18 0 0.00298204 0.0250255
41.9059 18 0 0.00296695 0.0244653
44.8934 18 0 0.00297268 0.0244342
47.8868 18 0 0.00297682 0.0243796
50.874 18 0 0.00297941 0.0243536
