0.0107689 0 0 0.0662865 0.154027
3.02476 18 0 0.0013572 0.00863548
6.01249 18 0 0.00063667 0.00603746
9.01724 18 0 0.000643909 0.00601402
12.0262 18 0 0.000692917 0.0060179
15.0323 18 0 0.000794764 0.00599783
18.0399 18 0 0.000937657 0.00612429
21.0418 18 0 0.00105566 0.00644769
24.0495 18 0 0.00114987 0.00677582
27.0665 18 0 0.00122924 0.00708369
30.0752 18 0 0.00129171 0.00770112
33.0749 18 0 0.00135323 0.00838922
36.0791 18 0 0.00140065 0.00915676
39.0805 18 0 0.0014228 0.00932789
42.0955 18 0 0.00144368 0.00948642
45.0983 18 0 0.00146003 0.00949512
48.1078 18 0 0.00146962 0.00949509
51.0938 18 0 0.00147544 0.00949506
54.0854 18 0 0.00148146 0.00949506
57.0719 18 0 0.0014845 0.00949506
60.0631 18 0 0.00148748 0.00949506
63.0499 18 0 0.0014877 0.00949506
