0.0106276 0 0 0.22529 0.48047
2.99681 18 0 0.0218927 0.147005
6.14357 19 0 0.0207682 0.142542
9.28243 19 0 0.0206647 0.143605
12.4367 19 0 0.0207334 0.141994
15.6057 19 0 0.0206705 0.14045
18.7532 19 0 0.0206668 0.140466
21.8878 19 0 0.0206652 0.140839
25.036 19 0 0.0206671 0.1416
28.1694 19 0 0.0206728 0.142898
31.3169 19 0 0.0206614 0.143001
34.4514 19 0 0.0206599 0.143034
37.5986 19 0 0.0206468 0.143009
40.7434 19 0 0.0206485 0.142998
43.91 19 0 0.0206488 0.142997
47.06 19 0 0.0206488 0.142997
