0.0105458 0 0 0.24639 0.519292
3.17368 19 0 0.0268855 0.0675256
6.33071 20 0 0.0276531 0.0772199
9.48156 19 0 0.0305418 0.0970413
12.6318 19 0 0.0331804 0.102983
15.7794 19 0 0.0349995 0.108538
18.9233 19 0 0.0361733 0.115267
22.0659 19 0 0.0372338 0.12057
25.2096 19 0 0.037581 0.125788
28.3531 19 0 0.0378649 0.128139
31.4984 19 0 0.0381854 0.132022
34.6409 19 0 0.0386136 0.133163
37.7849 19 0 0.0392105 0.134677
40.9271 19 0 0.039687 0.136311
44.0708 19 0 0.0404205 0.13775
47.2133 19 0 0.0406093 0.138275
50.3563 19 0 0.0407886 0.138525
53.4993 19 0 0.0410149 0.138659
56.6429 19 0 0.0413021 0.138704
59.7854 19 0 0.0416094 0.141962
62.9292 19 0 0.0418947 0.149824
66.0716 19 0 0.0421683 0.155518
69.2658 19 0 0.0424085 0.165476
72.4418 19 0 0.0426314 0.169205
75.6146 19 0 0.0430378 0.173543
78.7869 19 0 0.0435735 0.175254
81.9583 19 0 0.0439603 0.175739
85.128 19 0 0.044274 0.178458
88.2883 19 0 0.0445578 0.178205
91.4328 19 0 0.0449254 0.179024
94.5773 19 0 0.0453532 0.17846
97.7193 19 0 0.0457624 0.178741
100.862 19 0 0.0460854 0.18064
104.004 19 0 0.046357 0.180872
107.147 19 0 0.0465471 0.181056
110.288 19 0 0.0467121 0.18189
113.454 19 0 0.0468706 0.183042
116.595 19 0 0.0470448 0.182683
119.738 19 0 0.0472523 0.182453
122.881 19 0 0.0474673 0.184251
126.025 19 0 0.0477564 0.186224
129.168 19 0 0.0480141 0.187806
132.318 19 0 0.0482414 0.188534
135.463 19 0 0.0484028 0.188906
138.606 19 0 0.0485594 0.189066
141.749 19 0 0.0487154 0.189209
144.892 19 0 0.048828 0.18914
148.034 19 0 0.048934 0.189069
151.177 19 0 0.0490519 0.18916
154.32 19 0 0.0491865 0.189246
157.464 19 0 0.0492966 0.190134
160.61 19 0 0.049403 0.192603
163.766 19 0 0.0495014 0.194794
166.913 19 0 0.0496041 0.195629
170.056 19 0 0.0496968 0.198472
173.198 19 0 0.0497717 0.202486
176.354 19 0 0.0498279 0.203616
179.499 19 0 0.049856 0.20405
182.645 19 0 0.0498956 0.205949
185.789 19 0 0.0499131 0.205957
188.935 19 0 0.0499326 0.205838
192.095 19 0 0.049962 0.206906
195.251 19 0 0.0499803 0.207873
198.407 19 0 0.049983 0.207858
201.582 19 0 0.0499915 0.20719
204.773 19 0 0.0500122 0.206309
207.945 19 0 0.0500396 0.206598
211.124 19 0 0.0500554 0.20714
214.293 19 0 0.0500743 0.207376
217.459 19 0 0.0501182 0.20859
220.626 19 0 0.0501643 0.210319
223.793 19 0 0.0502401 0.215073
226.973 19 0 0.0503499 0.220291
230.144 19 0 0.0504342 0.223826
233.313 19 0 0.0504667 0.223738
236.479 19 0 0.050525 0.22343
239.647 19 0 0.0505632 0.225887
242.814 19 0 0.0506283 0.225961
245.982 19 0 0.0507041 0.224074
249.152 19 0 0.0507687 0.222423
252.326 19 0 0.0508599 0.22204
255.494 19 0 0.0509421 0.22164
258.662 19 0 0.0509836 0.219759
261.829 19 0 0.0510466 0.220689
264.996 19 0 0.0511191 0.221664
268.163 19 0 0.0511491 0.222361
271.331 19 0 0.0512065 0.221224
274.498 19 0 0.0512389 0.220064
277.666 19 0 0.0512657 0.21952
280.832 19 0 0.0512844 0.219356
284.001 19 0 0.0513053 0.219213
287.173 19 0 0.0513555 0.219154
290.341 19 0 0.0514698 0.217873
293.507 19 0 0.0514945 0.217788
296.675 19 0 0.0515223 0.216852
299.854 19 0 0.051547 0.215892
303.025 19 0 0.0515869 0.215424
306.195 19 0 0.0516114 0.214962
309.367 19 0 0.0516353 0.214703
312.542 19 0 0.0516422 0.214568
315.716 19 0 0.0516408 0.214618
