0.0105985 0 0 0.108894 0.288981
2.68561 16 0 0.00289864 0.0129211
5.54448 17 0 0.00358272 0.0179119
8.39197 17 0 0.00391626 0.0189961
11.2461 17 0 0.00416963 0.0207982
14.0891 17 0 0.00446077 0.0210311
16.9148 17 0 0.00473501 0.0230016
19.7231 17 0 0.00489531 0.0260161
22.5726 17 0 0.00500305 0.0263366
25.389 17 0 0.00510201 0.0294252
28.237 17 0 0.00518704 0.0318066
31.043 17 0 0.00527729 0.0332174
33.8827 17 0 0.00543674 0.0352572
36.682 17 0 0.00554412 0.0374249
39.5243 17 0 0.00563922 0.0377454
42.3276 17 0 0.00571951 0.0384101
45.1696 17 0 0.00577636 0.0390081
47.9725 17 0 0.00582852 0.04004
50.8121 17 0 0.00586755 0.0402742
53.6283 17 0 0.00589937 0.0405267
56.4689 17 0 0.00595791 0.0404921
59.2758 17 0 0.00597227 0.0405242
62.1184 17 0 0.00598129 0.0405451
64.9195 17 0 0.00599944 0.0405447
67.7572 17 0 0.00601524 0.0405416
70.5547 17 0 0.00604402 0.0405411
73.3947 17 0 0.00605728 0.0405411
76.1949 17 0 0.00607242 0.0405395
79.0352 17 0 0.00608438 0.0405393
81.8359 17 0 0.00609082 0.040539
84.674 17 0 0.00609376 0.0405393
87.4703 17 0 0.00609452 0.0405398
90.3101 17 0 0.00609527 0.0405398
