0.0105629 0 0 0.102087 0.282331
2.84663 17 0 0.00311557 0.0259974
5.70912 17 0 0.00284978 0.0294483
8.54275 17 0 0.00284227 0.0293829
11.3934 17 0 0.00284809 0.0293841
14.2292 17 0 0.00285492 0.0292576
17.0465 17 0 0.00285113 0.0291731
19.8548 17 0 0.00285373 0.0287158
22.6988 17 0 0.00285668 0.0286694
25.5032 17 0 0.00285861 0.0286412
28.3402 17 0 0.00285931 0.0286366
31.1435 17 0 0.00286796 0.0286381
33.9829 17 0 0.00287156 0.0286384
36.7821 17 0 0.00287476 0.0286385
39.6235 17 0 0.00287785 0.0286385
42.4275 17 0 0.00288258 0.0286385
45.268 17 0 0.00288536 0.0286385
