0.0106297 0 0 0.218535 0.488204
3.17807 20 0 0.130625 0.364035
6.32082 20 0 0.129555 0.33504
9.48628 20 0 0.130007 0.336466
12.6562 20 0 0.130412 0.33688
15.8184 20 0 0.130592 0.337177
18.983 20 0 0.1308 0.337219
22.1457 20 0 0.131075 0.337212
25.3092 20 0 0.131371 0.33722
28.4814 20 0 0.131671 0.33722
31.6558 20 0 0.131958 0.33722
34.8037 20 0 0.132223 0.33722
37.9615 20 0 0.132401 0.33722
41.1088 20 0 0.132526 0.33722
44.2613 20 0 0.132634 0.33722
47.4161 20 0 0.132715 0.33722
50.5602 20 0 0.132787 0.33722
53.6978 20 0 0.132845 0.33722
56.8441 20 0 0.132888 0.33722
59.9818 20 0 0.132911 0.33722
63.126 20 0 0.132933 0.33722
66.2751 20 0 0.132952 0.33722
69.418 19 0 0.132982 0.33722
72.5544 19 0 0.133 0.33722
75.6984 20 0 0.133037 0.33722
78.8363 20 0 0.133106 0.33722
81.9795 20 0 0.133181 0.33722
85.1369 20 0 0.133247 0.33722
88.3056 20 0 0.133353 0.33722
91.4677 20 0 0.133494 0.33722
94.6368 19 0 0.133622 0.33722
97.8045 19 0 0.133741 0.33722
100.978 19 0 0.133839 0.33722
104.141 20 0 0.133937 0.33722
107.311 19 0 0.134081 0.33722
110.473 19 0 0.134168 0.33722
113.664 19 0 0.134227 0.33722
116.669 18 0 0.134288 0.33722
119.681 18 0 0.134353 0.33722
122.703 18 0 0.134426 0.33722
125.714 18 0 0.134499 0.33722
128.876 19 0 0.134576 0.33722
132.045 19 0 0.134641 0.33722
135.207 19 0 0.1347 0.33722
138.377 19 0 0.134745 0.33722
141.539 19 0 0.134793 0.33722
144.708 19 0 0.134834 0.33722
147.87 19 0 0.134879 0.33722
150.88 18 0 0.134912 0.33722
153.884 18 0 0.134948 0.33722
156.9 18 0 0.134991 0.33722
159.92 18 0 0.135029 0.33722
162.93 18 0 0.135048 0.33722
165.943 18 0 0.135097 0.33722
169.15 18 0 0.135133 0.33722
172.137 18 0 0.135157 0.33722
175.132 18 0 0.135172 0.33722
178.121 18 0 0.135182 0.33722
181.115 18 0 0.135192 0.33722
184.103 18 0 0.135202 0.33722
187.119 18 0 0.135213 0.33722
190.107 18 0 0.135248 0.33722
193.103 18 0 0.135268 0.33722
196.093 18 0 0.135279 0.33722
199.088 18 0 0.135286 0.33722
202.077 18 0 0.13529 0.33722
205.072 18 0 0.135298 0.33722
208.061 18 0 0.135302 0.33722
211.057 18 0 0.135302 0.33722
214.057 18 0 0.135304 0.33722
217.058 18 0 0.135305 0.33722
220.052 18 0 0.135307 0.33722
223.052 18 0 0.13531 0.33722
226.034 18 0 0.135327 0.33722
229.024 18 0 0.135342 0.33722
232.03 18 0 0.135362 0.33722
235.037 18 0 0.135371 0.33722
238.038 18 0 0.135396 0.33722
241.045 18 0 0.135423 0.33722
244.045 18 0 0.135449 0.33722
247.188 18 0 0.135466 0.33722
251.682 18 0 0.135474 0.33722
254.684 18 0 0.135477 0.33722
257.674 18 0 0.13548 0.33722
260.669 18 0 0.135481 0.33722
263.657 18 0 0.135482 0.33722
266.652 18 0 0.1355 0.33722
269.642 18 0 0.135513 0.33722
272.636 18 0 0.135524 0.33722
275.628 18 0 0.135531 0.33722
278.628 18 0 0.135549 0.33722
281.627 18 0 0.135576 0.33722
284.615 18 0 0.135593 0.33722
287.608 18 0 0.135607 0.33722
290.596 18 0 0.135621 0.33722
293.601 18 0 0.135639 0.33722
296.588 18 0 0.135654 0.33722
299.571 18 0 0.135668 0.33722
302.56 18 0 0.135671 0.33722
305.542 18 0 0.135673 0.33722
308.53 18 0 0.135679 0.33722
