0.0106182 0 0 0.0981492 0.203372
3.01654 18 0 0.00155051 0.00777022
6.18977 20 0 0.00176496 0.0093065
9.32251 20 0 0.00206656 0.0123324
12.4991 20 0 0.00233251 0.0133773
15.633 20 0 0.00258493 0.0146454
18.8083 20 0 0.00278459 0.0161252
21.9411 20 0 0.00292694 0.0162368
25.1387 20 0 0.00301054 0.0162394
28.2674 20 0 0.00307313 0.0162378
31.4441 20 0 0.00312704 0.0162358
34.5801 20 0 0.00318085 0.0162411
37.7614 20 0 0.00322458 0.0162424
40.8954 20 0 0.00325376 0.0162947
44.0741 20 0 0.00327443 0.0167443
47.2051 20 0 0.0032969 0.0168383
50.3629 20 0 0.00334322 0.0168589
53.4957 20 0 0.00336034 0.0168613
56.662 20 0 0.00337172 0.0168616
59.808 20 0 0.00338533 0.0168616
62.9739 20 0 0.00339081 0.0168616
66.0936 20 0 0.00340058 0.0168837
69.2594 20 0 0.00343925 0.016979
72.3831 20 0 0.00348259 0.0176222
75.5497 20 0 0.00349986 0.0183104
78.6828 20 0 0.00349543 0.0194483
81.8458 20 0 0.00349558 0.0195181
