0.0111367 0 0 0.030735 0.0531176
3.01961 18 0 0.00120213 0.00843499
6.03072 18 0 0.000682241 0.00589173
9.05249 18 0 0.000667634 0.00598629
12.0471 18 0 0.0006839 0.0059869
15.0253 18 0 0.000712811 0.00598142
18.0341 18 0 0.000734739 0.00598282
21.0211 18 0 0.000780783 0.00598306
24.0148 18 0 0.00084435 0.00598307
27.0096 18 0 0.000900686 0.00598307
30.0139 18 0 0.000932801 0.00598308
32.9942 18 0 0.000954415 0.00610027
35.9874 18 0 0.00097552 0.00663743
38.9628 18 0 0.000993937 0.0074667
41.9697 18 0 0.00100091 0.00757527
44.9405 18 0 0.00100283 0.00756884
