0.0105938 0 0 0.185618 0.406579
3.00195 18 0 0.00289358 0.0132981
6.01818 18 0 0.0024005 0.0149099
9.00184 18 0 0.00242376 0.0154151
12.0136 18 0 0.00243376 0.0156479
14.9871 18 0 0.00247358 0.0160715
17.9619 18 0 0.00248482 0.0161935
20.9109 18 0 0.0024924 0.0162104
23.8709 18 0 0.00251032 0.0162265
26.849 18 0 0.00254022 0.0162269
29.8496 18 0 0.00258462 0.0163262
32.8031 18 0 0.00260784 0.0169719
35.7664 18 0 0.00262897 0.0171746
38.7243 18 0 0.00263713 0.017206
41.7246 18 0 0.00265327 0.0172106
44.6771 18 0 0.00265411 0.0172127
