0.010643 0 0 0.223683 0.406598
2.99201 18 0 0.00974206 0.0704079
6.18027 19 0 0.00959534 0.0721471
9.31072 19 0 0.00970965 0.0728135
12.4839 19 0 0.00974853 0.0728978
15.6127 19 0 0.00977178 0.0726054
18.7796 19 0 0.00978954 0.0725925
21.9031 19 0 0.00980179 0.0725907
25.0698 19 0 0.00981407 0.0725904
28.1976 19 0 0.00981971 0.0725905
31.3642 19 0 0.00982889 0.0725904
34.4878 19 0 0.00983326 0.0725903
37.655 19 0 0.00983495 0.0725903
40.7814 19 0 0.00983736 0.0725903
43.9353 19 0 0.00983896 0.0725903
47.0628 19 0 0.00984299 0.0725903
50.2567 19 0 0.00984342 0.0725903
