0.0105251 0 0 0.228988 0.525182
3.18028 19 0 0.0284821 0.058313
6.34649 20 0 0.0313507 0.0749159
9.51944 20 0 0.0341279 0.0890427
12.6892 20 0 0.0359815 0.0985273
15.8617 20 0 0.037289 0.112547
19.0212 20 0 0.0382634 0.122456
22.1839 20 0 0.0393529 0.126877
25.3485 20 0 0.0404375 0.132499
28.4881 20 0 0.041135 0.144317
31.6671 20 0 0.0415637 0.148606
34.8131 20 0 0.0418826 0.150801
37.958 20 0 0.0423363 0.150042
41.1259 20 0 0.0427913 0.150235
44.2738 20 0 0.0431829 0.150213
47.4251 20 0 0.0434219 0.15054
50.5766 20 0 0.0436246 0.152491
53.7272 20 0 0.0439097 0.154642
56.8735 20 0 0.0440705 0.153983
59.974 20 0 0.044307 0.154279
63.1213 20 0 0.0444321 0.154084
66.2652 20 0 0.0445194 0.154039
69.4368 20 0 0.0445702 0.154129
72.5708 20 0 0.0446787 0.154166
75.7248 20 0 0.0447248 0.154185
78.8798 20 0 0.04476 0.154194
82.0364 20 0 0.0447989 0.154198
85.1888 20 0 0.044841 0.1542
88.3502 20 0 0.0448436 0.154201
