2214 2214
113 113
2198 2198
2179 2179
2177 2177
241 241
2274 2274
72 72
3776 3776
2056 2056
2004 2004
79 79
73 73
46 46
3739 3739
462 462
238 238
3545 3545
83 83
2074 2074
3860 3860
20 20
326 326
3909 3909
2372 2372
45 45
3845 3845
3642 3642
327 327
3547 3547
237 237
41 41
3742 3742
289 289
430 430
417 417
65 65
101 101
3543 3543
85 85
48 48
407 407
2247 2247
409 409
6248 6248
3622 3622
311 311
2167 2167
3825 3825
2791 2791
2127 2127
2174 2174
93 93
3607 3607
2057 2057
53 53
3520 3520
2128 2128
2190 2190
3826 3826
3542 3542
52 52
1907 1907
51 51
1908 1908
3774 3774
23 23
3930 3930
141 141
2130 2130
6269 6269
2003 2003
321 321
230 230
408 408
242 242
3926 3926
54 54
3527 3527
442 442
3530 3530
330 330
3629 3629
5369 5369
2129 2129
455 455
347 347
2795 2795
3852 3852
130 130
323 323
3581 3581
3843 3843
279 279
3584 3584
3591 3591
356 356
2189 2189
3557 3557
1905 1905
243 243
3585 3585
146 146
6267 6267
74 74
2386 2386
3751 3751
3913 3913
456 456
3829 3829
3806 3806
2294 2294
2258 2258
2783 2783
3069 3069
293 293
6276 6276
3823 3823
2801 2801
2046 2046
3850 3850
2797 2797
3792 3792
2160 2160
2480 2480
60 60
2005 2005
3633 3633
345 345
3571 3571
2494 2494
2498 2498
2149 2149
3634 3634
3755 3755
3753 3753
117 117
3799 3799
2814 2814
2006 2006
2782 2782
2041 2041
2164 2164
2596 2596
3569 3569
2496 2496
6254 6254
2606 2606
2378 2378
3932 3932
3836 3836
2382 2382
3577 3577
3574 3574
3588 3588
2165 2165
2488 2488
3566 3566
2598 2598
3568 3568
2163 2163
3165 3165
415 415
3749 3749
3587 3587
6240 6240
2062 2062
145 145
2171 2171
2780 2780
2359 2359
1996 1996
3801 3801
2221 2221
5675 5675
245 245
3747 3747
3778 3778
189 189
2483 2483
104 104
3910 3910
2773 2773
2061 2061
122 122
2472 2472
416 416
143 143
2156 2156
2117 2117
2376 2376
2487 2487
282 282
3757 3757
2477 2477
5603 5603
2623 2623
2514 2514
267 267
5600 5600
2500 2500
3519 3519
2084 2084
2063 2063
2506 2506
5602 5602
148 148
3795 3795
2239 2239
2158 2158
3162 3162
5510 5510
5840 5840
5750 5750
2080 2080
2011 2011
268 268
307 307
2256 2256
5683 5683
3700 3700
5861 5861
2600 2600
147 147
5515 5515
5466 5466
392 392
3516 3516
2027 2027
2624 2624
3667 3667
4 4
295 295
6238 6238
5630 5630
5845 5845
3704 3704
5589 5589
2589 2589
2095 2095
5465 5465
5641 5641
2406 2406
6231 6231
2588 2588
6073 6073
2220 2220
2516 2516
5596 5596
5442 5442
5849 5849
2508 2508
2067 2067
5588 5588
5847 5847
2402 2402
2231 2231
5651 5651
2086 2086
2267 2267
2525 2525
5654 5654
5746 5746
5544 5544
175 175
2521 2521
5615 5615
5458 5458
2287 2287
2397 2397
517 517
3818 3818
136 136
2629 2629
2625 2625
5820 5820
1985 1985
5951 5951
2633 2633
2619 2619
5579 5579
201 201
1 1
5542 5542
6054 6054
2022 2022
403 403
3771 3771
2251 2251
3672 3672
380 380
2681 2681
2281 2281
2411 2411
2410 2410
2543 2543
174 174
173 173
2542 2542
5628 5628
2455 2455
2115 2115
224 224
2183 2183
5618 5618
202 202
5854 5854
5853 5853
2535 2535
5939 5939
379 379
3684 3684
2282 2282
3869 3869
5539 5539
2659 2659
5948 5948
5946 5946
2302 2302
5936 5936
5940 5940
2299 2299
5944 5944
6052 6052
2431 2431
3687 3687
5933 5933
2687 2687
158 158
3868 3868
2560 2560
5491 5491
5975 5975
512 512
5959 5959
5932 5932
3715 3715
3866 3866
376 376
5607 5607
3994 3994
529 529
2558 2558
2422 2422
3879 3879
5581 5581
2538 2538
2424 2424
5717 5717
5452 5452
4019 4019
5648 5648
2295 2295
5862 5862
2664 2664
217 217
2301 2301
3796 3796
488 488
2033 2033
2439 2439
557 557
3699 3699
3899 3899
508 508
2185 2185
2572 2572
3960 3960
153 153
2202 2202
4006 4006
514 514
3487 3487
3716 3716
5855 5855
550 550
5685 5685
5968 5968
5969 5969
544 544
223 223
5471 5471
3678 3678
576 576
495 495
3889 3889
3490 3490
561 561
2703 2703
497 497
3797 3797
502 502
220 220
2447 2447
3709 3709
5978 5978
3057 3057
209 209
2427 2427
496 496
6061 6061
2536 2536
2308 2308
3877 3877
516 516
2668 2668
566 566
546 546
5915 5915
2111 2111
372 372
5982 5982
2676 2676
3975 3975
2666 2666
466 466
4037 4037
4043 4043
4039 4039
2576 2576
373 373
3492 3492
4012 4012
203 203
1777 1777
5977 5977
4044 4044
464 464
2662 2662
2098 2098
3718 3718
3955 3955
151 151
2109 2109
5980 5980
3644 3644
3954 3954
5697 5697
4028 4028
3990 3990
564 564
2709 2709
2101 2101
4027 4027
2305 2305
4048 4048
2351 2351
2326 2326
4032 4032
3812 3812
3988 3988
2663 2663
5874 5874
2309 2309
5235 5235
449 449
3710 3710
3991 3991
5984 5984
3726 3726
1778 1778
477 477
499 499
5987 5987
4065 4065
6030 6030
2104 2104
5233 5233
5532 5532
3985 3985
1770 1770
473 473
440 440
3952 3952
2673 2673
4001 4001
5893 5893
2339 2339
2340 2340
2450 2450
5646 5646
2461 2461
3966 3966
4029 4029
5993 5993
2356 2356
2328 2328
2325 2325
2711 2711
471 471
3963 3963
2742 2742
2716 2716
2425 2425
2555 2555
2557 2557
3969 3969
5706 5706
3970 3970
1924 1924
3967 3967
821 821
5802 5802
3059 3059
2430 2430
1320 1320
5476 5476
1926 1926
5447 5447
3355 3355
577 577
6008 6008
179 179
2444 2444
2147 2147
5994 5994
3694 3694
5748 5748
2319 2319
527 527
1925 1925
587 587
4807 4807
6022 6022
3359 3359
2148 2148
2446 2446
3358 3358
3361 3361
5549 5549
2761 2761
6095 6095
1938 1938
3362 3362
6160 6160
6161 6161
6215 6215
5521 5521
3344 3344
2757 2757
5762 5762
3438 3438
1928 1928
715 715
367 367
6037 6037
3297 3297
6010 6010
210 210
183 183
3437 3437
5883 5883
3343 3343
3227 3227
3721 3721
6024 6024
5757 5757
3249 3249
3230 3230
6175 6175
3270 3270
3277 3277
3768 3768
3255 3255
3288 3288
2726 2726
3304 3304
3225 3225
6174 6174
5644 5644
6007 6007
3237 3237
3439 3439
585 585
3223 3223
2735 2735
3274 3274
6143 6143
5663 5663
3264 3264
5790 5790
3266 3266
1309 1309
820 820
1313 1313
3676 3676
5570 5570
5808 5808
3368 3368
3317 3317
3281 3281
1299 1299
1940 1940
5608 5608
3267 3267
3211 3211
1918 1918
3222 3222
3725 3725
3246 3246
3251 3251
3316 3316
714 714
1931 1931
3813 3813
3169 3169
3935 3935
2718 2718
3219 3219
3213 3213
2719 2719
3892 3892
3062 3062
3441 3441
1944 1944
5791 5791
2766 2766
4799 4799
5785 5785
2729 2729
5812 5812
1586 1586
608 608
5403 5403
1973 1973
5774 5774
1965 1965
5569 5569
1727 1727
3815 3815
4761 4761
817 817
3372 3372
5402 5402
5794 5794
3900 3900
6131 6131
255 255
5817 5817
271 271
1583 1583
1968 1968
2745 2745
4793 4793
3784 3784
1581 1581
5398 5398
5920 5920
1867 1867
1554 1554
1976 1976
390 390
1971 1971
609 609
3917 3917
1271 1271
1592 1592
4308 4308
2746 2746
699 699
6148 6148
696 696
1591 1591
5705 5705
5901 5901
3381 3381
1841 1841
3330 3330
5801 5801
5406 5406
225 225
697 697
5887 5887
1882 1882
5782 5782
681 681
2957 2957
607 607
3447 3447
1438 1438
1629 1629
5891 5891
5890 5890
5704 5704
5907 5907
1557 1557
1358 1358
1741 1741
754 754
1687 1687
3370 3370
5221 5221
5927 5927
1851 1851
3683 3683
741 741
1556 1556
6225 6225
4202 4202
1546 1546
2958 2958
1606 1606
1608 1608
680 680
3234 3234
2906 2906
5437 5437
2956 2956
1858 1858
5300 5300
2955 2955
2822 2822
4203 4203
3376 3376
776 776
1607 1607
5379 5379
625 625
1916 1916
1595 1595
3204 3204
1431 1431
5381 5381
1259 1259
6122 6122
1745 1745
4975 4975
1560 1560
6402 6402
1760 1760
1536 1536
4301 4301
1722 1722
6229 6229
3036 3036
1295 1295
2945 2945
825 825
3436 3436
3407 3407
5127 5127
1736 1736
4769 4769
1605 1605
3190 3190
3013 3013
3398 3398
444 444
5135 5135
672 672
1293 1293
1674 1674
5168 5168
4076 4076
3453 3453
6188 6188
2977 2977
4188 4188
3452 3452
6759 6759
6755 6755
1675 1675
6399 6399
1746 1746
1850 1850
1572 1572
6196 6196
2999 2999
6157 6157
3035 3035
4230 4230
1631 1631
2908 2908
782 782
5301 5301
5090 5090
6758 6758
6180 6180
5361 5361
5126 5126
1733 1733
4861 4861
1855 1855
1357 1357
4246 4246
3435 3435
4226 4226
5172 5172
3218 3218
6713 6713
1315 1315
1642 1642
4909 4909
3000 3000
3326 3326
5394 5394
5210 5210
5006 5006
1316 1316
3185 3185
5186 5186
596 596
5205 5205
639 639
5113 5113
1831 1831
5060 5060
3043 3043
3455 3455
6743 6743
3177 3177
3004 3004
1424 1424
4756 4756
2946 2946
1697 1697
3335 3335
613 613
3209 3209
4294 4294
248 248
1886 1886
6424 6424
5110 5110
5353 5353
1445 1445
5304 5304
789 789
1678 1678
2856 2856
4299 4299
1676 1676
4205 4205
1393 1393
1423 1423
3401 3401
666 666
1390 1390
3378 3378
6214 6214
2855 2855
5109 5109
2994 2994
5352 5352
2865 2865
3194 3194
4910 4910
3334 3334
1636 1636
5410 5410
3195 3195
3183 3183
5150 5150
1376 1376
5348 5348
6669 6669
4231 4231
4831 4831
6436 6436
3388 3388
3010 3010
6435 6435
778 778
2937 2937
1234 1234
6439 6439
6192 6192
1719 1719
1913 1913
1443 1443
4764 4764
6839 6839
4199 4199
1665 1665
6362 6362
687 687
4206 4206
3174 3174
3066 3066
627 627
5393 5393
3396 3396
4907 4907
3333 3333
1698 1698
1240 1240
1411 1411
4685 4685
5007 5007
1634 1634
6395 6395
711 711
6757 6757
3180 3180
6676 6676
1290 1290
1684 1684
1832 1832
704 704
4849 4849
4079 4079
675 675
3187 3187
1714 1714
5269 5269
943 943
5359 5359
6754 6754
2869 2869
3382 3382
1696 1696
4260 4260
5130 5130
1763 1763
5154 5154
4735 4735
795 795
5181 5181
4197 4197
780 780
1737 1737
5071 5071
5327 5327
5079 5079
6680 6680
1129 1129
1863 1863
1252 1252
1833 1833
4863 4863
6652 6652
1506 1506
4817 4817
2819 2819
1342 1342
5229 5229
693 693
1681 1681
4827 4827
5020 5020
2852 2852
5303 5303
5412 5412
3386 3386
1792 1792
610 610
1380 1380
5034 5034
4892 4892
1406 1406
4380 4380
1824 1824
6319 6319
4874 4874
1825 1825
892 892
5418 5418
1130 1130
5346 5346
4825 4825
1828 1828
2853 2853
3063 3063
628 628
1409 1409
5271 5271
891 891
6841 6841
1912 1912
3075 3075
1510 1510
815 815
1408 1408
1843 1843
5056 5056
6842 6842
5378 5378
4258 4258
1790 1790
1896 1896
4279 4279
5411 5411
6657 6657
3012 3012
621 621
1860 1860
1709 1709
1818 1818
5050 5050
779 779
5280 5280
1269 1269
4181 4181
6750 6750
618 618
4124 4124
3389 3389
4155 4155
6625 6625
6626 6626
2877 2877
5122 5122
3076 3076
5334 5334
4237 4237
5356 5356
1136 1136
1786 1786
6430 6430
6340 6340
1306 1306
749 749
6467 6467
3497 3497
4217 4217
5324 5324
1158 1158
6303 6303
3113 3113
6349 6349
652 652
999 999
4794 4794
6780 6780
6620 6620
3759 3759
6848 6848
4259 4259
3114 3114
1753 1753
1000 1000
4123 4123
4214 4214
4114 4114
3090 3090
1531 1531
6693 6693
5160 5160
1522 1522
6338 6338
6695 6695
5323 5323
4888 4888
6350 6350
2864 2864
4215 4215
4130 4130
2843 2843
4776 4776
6644 6644
5125 5125
801 801
6633 6633
5295 5295
1037 1037
4915 4915
6638 6638
995 995
6767 6767
4717 4717
5343 5343
1757 1757
1524 1524
632 632
720 720
4901 4901
2915 2915
4898 4898
653 653
6788 6788
916 916
1121 1121
4424 4424
3028 3028
3091 3091
5377 5377
2844 2844
1163 1163
726 726
808 808
6823 6823
4812 4812
846 846
1266 1266
4366 4366
4089 4089
1243 1243
6856 6856
4193 4193
941 941
919 919
841 841
631 631
177 177
4154 4154
6595 6595
2882 2882
6776 6776
6311 6311
4316 4316
4883 4883
4650 4650
1793 1793
996 996
6794 6794
3085 3085
2922 2922
1053 1053
2850 2850
1795 1795
1794 1794
6791 6791
6386 6386
1014 1014
1209 1209
1034 1034
4117 4117
1490 1490
4894 4894
4101 4101
2880 2880
6374 6374
896 896
3786 3786
1779 1779
924 924
1780 1780
1353 1353
1005 1005
917 917
249 249
921 921
4372 4372
3478 3478
3099 3099
1247 1247
920 920
2950 2950
5141 5141
6731 6731
1251 1251
4694 4694
858 858
901 901
1519 1519
4425 4425
4167 4167
3108 3108
923 923
4087 4087
897 897
5120 5120
4607 4607
6735 6735
881 881
1013 1013
1276 1276
6559 6559
4330 4330
6610 6610
6384 6384
3017 3017
1151 1151
6385 6385
5259 5259
1527 1527
809 809
6720 6720
3109 3109
2848 2848
4346 4346
2923 2923
1461 1461
4803 4803
1265 1265
1069 1069
1092 1092
865 865
1526 1526
970 970
1004 1004
6533 6533
4562 4562
4341 4341
4837 4837
1460 1460
4355 4355
2971 2971
5246 5246
6582 6582
988 988
2883 2883
1334 1334
4373 4373
938 938
4376 4376
4734 4734
6721 6721
1348 1348
854 854
4729 4729
1147 1147
3023 3023
1090 1090
2846 2846
1223 1223
4963 4963
1796 1796
4158 4158
4370 4370
6600 6600
4848 4848
6525 6525
1018 1018
1802 1802
1344 1344
6565 6565
4144 4144
4108 4108
2826 2826
1115 1115
1467 1467
849 849
1785 1785
6540 6540
4745 4745
1474 1474
6539 6539
6602 6602
4148 4148
903 903
6472 6472
4943 4943
5005 5005
4643 4643
6591 6591
1108 1108
3020 3020
6531 6531
6561 6561
4593 4593
1101 1101
4356 4356
4689 4689
899 899
855 855
3116 3116
6370 6370
4644 4644
1078 1078
4820 4820
4134 4134
856 856
1172 1172
4965 4965
1482 1482
4427 4427
1012 1012
6474 6474
986 986
904 904
6566 6566
1329 1329
4810 4810
615 615
4149 4149
4930 4930
6526 6526
4430 4430
954 954
4588 4588
3509 3509
4335 4335
1071 1071
1072 1072
4592 4592
4104 4104
4620 4620
4337 4337
958 958
1021 1021
3125 3125
965 965
4585 4585
6555 6555
848 848
4398 4398
6508 6508
1098 1098
4586 4586
4455 4455
4711 4711
4584 4584
6550 6550
864 864
4801 4801
4712 4712
1045 1045
4971 4971
1185 1185
4559 4559
4478 4478
4333 4333
4941 4941
4991 4991
4436 4436
4839 4839
4664 4664
4951 4951
4340 4340
1229 1229
4573 4573
6877 6877
873 873
4669 4669
4386 4386
4656 4656
4487 4487
4932 4932
4576 4576
4595 4595
4690 4690
4358 4358
1368 1368
948 948
949 949
4296 4296
6872 6872
4928 4928
4838 4838
4631 4631
4945 4945
1805 1805
4627 4627
4637 4637
4459 4459
4502 4502
4564 4564
4670 4670
4508 4508
4440 4440
