1 1
598 2
4 4
5816 6
3348 8
4011 13
1803 15
1994 17
1792 18
189 19
20 20
195 21
23 23
3289 24
2649 30
3338 34
3581 35
1190 39
41 41
1329 44
45 45
46 46
2959 47
48 48
1991 49
51 51
52 52
53 53
54 54
1849 59
60 60
900 62
65 65
5186 69
72 72
73 73
74 74
2292 76
79 79
3254 81
83 83
4020 84
85 85
3222 88
93 93
5946 94
2149 96
364 97
101 101
2268 102
104 104
3692 105
506 110
1578 112
113 113
3285 114
117 117
122 122
1850 124
2906 125
5007 127
130 130
532 133
2766 135
136 136
141 141
143 143
145 145
146 146
147 147
148 148
151 151
152 152
153 153
6323 154
158 158
825 159
2409 166
555 167
204 168
2949 172
173 173
174 174
175 175
2313 176
177 177
564 178
179 179
3308 180
183 183
282 188
189 189
2325 194
2755 196
2282 197
2690 198
201 201
202 202
203 203
589 207
209 209
210 210
217 217
6378 219
220 220
1437 222
223 223
224 224
225 225
199 228
6459 229
230 230
653 233
2758 234
2636 236
237 237
238 238
241 241
242 242
243 243
5701 244
245 245
872 247
248 248
249 249
1153 253
255 255
5078 256
1018 258
3403 259
2538 261
2837 265
3357 266
267 267
268 268
271 271
279 279
3669 281
282 282
6330 283
3926 284
2599 285
5950 288
289 289
2029 291
5741 292
293 293
295 295
3118 296
1243 302
862 304
307 307
5732 308
311 311
102 316
321 321
322 322
323 323
3045 325
326 326
327 327
5537 328
928 329
330 330
3880 331
332 332
5690 333
2861 334
746 336
2687 343
1990 344
345 345
347 347
1845 350
3886 354
356 356
2514 357
531 358
5606 361
920 362
3509 363
2649 364
367 367
371 371
372 372
373 373
1502 374
376 376
5220 378
379 379
380 380
3478 382
6347 383
1109 384
5007 388
390 390
392 392
6357 396
2946 397
1456 398
684 401
403 403
4025 405
407 407
408 408
409 409
1513 411
415 415
416 416
417 417
2690 418
1822 419
1093 422
1698 424
2165 426
1462 427
430 430
531 434
2718 435
3239 436
6196 438
440 440
442 442
444 444
3238 448
449 449
2998 450
2626 453
455 455
456 456
1104 457
1408 461
462 462
464 464
2951 465
466 466
467 467
2509 469
470 470
471 471
6662 472
473 473
477 477
2830 481
188 483
6098 485
1080 487
488 488
3444 490
2526 491
495 495
496 496
497 497
5107 498
499 499
3596 500
502 502
1607 503
508 508
510 510
512 512
514 514
516 516
517 517
4876 518
2657 521
2194 523
3517 524
527 527
3187 528
529 529
3305 533
1062 535
3345 536
2434 538
1861 540
544 544
546 546
550 550
5638 551
3341 555
5168 556
557 557
561 561
93 562
564 564
2537 565
566 566
3158 568
3810 572
88 575
576 576
577 577
2372 580
582 582
585 585
39 586
587 587
3670 591
3596 594
1794 595
596 596
481 598
5266 600
607 607
608 608
609 609
610 610
1508 611
6572 612
613 613
615 615
618 618
621 621
2760 623
625 625
627 627
628 628
3217 630
631 631
632 632
3650 633
639 639
3308 640
2442 642
3966 643
1926 646
652 652
653 653
4011 654
3485 661
666 666
1143 667
672 672
675 675
680 680
681 681
449 684
687 687
3026 688
831 692
693 693
696 696
697 697
1049 698
699 699
2509 703
704 704
6669 705
711 711
714 714
715 715
3282 717
3099 719
720 720
3038 723
726 726
4785 727
3442 732
1698 733
906 735
4826 736
3474 739
741 741
3647 743
1311 748
749 749
2383 752
753 753
754 754
2429 756
3325 758
759 759
768 768
4310 770
776 776
778 778
779 779
780 780
782 782
817 784
3173 785
3717 787
789 789
1338 792
795 795
149 796
1059 797
1392 798
348 799
801 801
2068 806
808 808
809 809
5879 811
3328 813
2364 814
815 815
68 816
817 817
1592 818
820 820
821 821
825 825
2257 828
3437 830
846 831
185 832
1377 833
3201 835
3170 837
193 838
839 839
841 841
5905 842
846 846
848 848
849 849
854 854
855 855
856 856
858 858
456 859
2613 860
3569 863
864 864
865 865
906 866
2090 867
732 869
873 873
3024 875
2412 878
4833 879
881 881
2267 883
3982 884
885 885
2603 886
1338 889
891 891
892 892
2896 894
896 896
897 897
899 899
901 901
903 903
904 904
2730 905
4866 907
684 908
2043 910
1850 912
2567 914
916 916
917 917
1387 918
919 919
920 920
921 921
923 923
924 924
6161 926
2149 927
1451 931
5539 932
1647 936
938 938
1917 940
941 941
3647 942
943 943
1225 944
948 948
949 949
6537 952
1723 953
954 954
2687 956
958 958
3352 959
963 963
965 965
1320 966
1236 968
970 970
6755 975
1462 980
6126 983
986 986
952 987
988 988
5189 990
1243 994
995 995
996 996
191 998
999 999
1000 1000
3399 1001
1004 1004
1005 1005
3043 1006
4034 1007
2071 1008
3187 1009
1012 1012
1013 1013
1014 1014
1443 1016
1018 1018
2782 1020
1021 1021
3542 1025
3736 1030
3213 1032
1034 1034
1360 1035
3756 1036
1037 1037
6451 1039
2006 1041
1045 1045
1688 1047
343 1048
2706 1050
6012 1052
1053 1053
2269 1056
3564 1058
2537 1059
1738 1061
1278 1063
3276 1066
3654 1067
1069 1069
1071 1071
1072 1072
3466 1075
1078 1078
1524 1080
6361 1084
6198 1087
1636 1088
1090 1090
1092 1092
1923 1094
234 1095
3140 1097
1098 1098
1480 1100
1101 1101
6190 1107
1108 1108
155 1112
3496 1114
1115 1115
2412 1116
1121 1121
3399 1126
2435 1128
1129 1129
1130 1130
1136 1136
3953 1139
3341 1143
2855 1146
1147 1147
5817 1148
1151 1151
2100 1152
2234 1153
2682 1154
1158 1158
1163 1163
1628 1164
1377 1171
1172 1172
2292 1175
2736 1176
6566 1177
2368 1179
1540 1180
1541 1182
589 1183
3596 1184
1185 1185
3530 1188
3187 1189
503 1192
3170 1193
6236 1195
4034 1197
692 1200
255 1201
4345 1203
3807 1206
1209 1209
3528 1210
5866 1215
6308 1217
455 1218
2820 1219
428 1220
1223 1223
6448 1224
279 1225
1229 1229
1231 1231
1234 1234
825 1235
1312 1237
344 1238
3943 1239
1240 1240
1243 1243
1143 1244
3149 1245
1247 1247
2147 1248
3151 1249
1251 1251
1252 1252
6477 1253
2647 1258
1259 1259
1248 1260
1265 1265
1266 1266
2894 1268
1269 1269
1271 1271
6455 1272
1274 1274
1276 1276
1277 1277
4039 1278
2883 1282
1097 1285
1287 1287
1290 1290
1293 1293
2042 1294
1295 1295
1723 1296
2590 1297
1299 1299
3222 1301
3205 1303
2099 1305
1306 1306
2188 1307
1309 1309
136 1310
2687 1312
1313 1313
1132 1314
1315 1315
1316 1316
3276 1317
1320 1320
1303 1324
1992 1326
1329 1329
868 1330
454 1333
1334 1334
4072 1335
2559 1337
1312 1340
212 1341
1342 1342
1344 1344
2825 1345
1348 1348
3344 1350
1360 1351
1353 1353
1356 1356
1357 1357
1358 1358
1359 1359
1361 1361
1362 1362
3844 1363
1629 1364
1368 1368
1657 1369
1910 1371
1143 1372
930 1375
1376 1376
1528 1377
1380 1380
3409 1381
5748 1383
2000 1385
6129 1386
1957 1389
1390 1390
3173 1391
1393 1393
3173 1394
1406 1406
1408 1408
1409 1409
1411 1411
2426 1412
2193 1413
5188 1414
1308 1415
6003 1419
2304 1420
2252 1422
1423 1423
1424 1424
1543 1425
665 1426
3140 1427
2666 1430
1431 1431
1706 1432
3555 1435
1438 1438
1443 1443
379 1444
1445 1445
3742 1446
3810 1447
3465 1451
1452 1452
3062 1454
1508 1456
1460 1460
1461 1461
2798 1462
1727 1463
1467 1467
1474 1474
1476 1476
1481 1481
1482 1482
2525 1484
1490 1490
17 1494
2330 1496
155 1499
409 1503
348 1504
2629 1505
1506 1506
1510 1510
2953 1511
2339 1513
3160 1517
1519 1519
2105 1521
1522 1522
1524 1524
1526 1526
1527 1527
1398 1529
1377 1530
1531 1531
143 1532
1536 1536
2253 1540
5608 1544
1546 1546
3095 1547
3851 1549
3667 1553
1554 1554
3674 1555
1556 1556
1557 1557
1560 1560
1392 1564
1059 1566
3007 1567
3352 1569
1572 1572
3106 1578
2161 1579
1581 1581
1583 1583
1586 1586
654 1590
1591 1591
1592 1592
1595 1595
3861 1603
1605 1605
1606 1606
1607 1607
1608 1608
3514 1610
853 1613
255 1615
5835 1617
1757 1620
5603 1624
102 1626
1629 1629
1631 1631
1634 1634
1636 1636
2094 1637
2407 1638
3173 1640
1642 1642
6291 1644
2810 1647
1157 1652
2032 1653
1127 1655
5150 1659
2290 1660
1679 1662
1991 1664
1665 1665
2147 1666
348 1671
1674 1674
1675 1675
1676 1676
958 1677
1678 1678
3139 1679
1681 1681
1684 1684
1687 1687
2248 1690
2151 1692
1696 1696
1697 1697
1698 1698
3725 1701
2310 1702
1261 1703
2250 1704
5607 1707
2258 1708
1709 1709
841 1712
1714 1714
2117 1716
1719 1719
3473 1721
1722 1722
6221 1723
6128 1724
1727 1727
3964 1728
5102 1729
3226 1731
1733 1733
3085 1735
1736 1736
1737 1737
1741 1741
1989 1742
871 1743
2308 1744
1745 1745
1746 1746
663 1747
1077 1752
1753 1753
3085 1756
1757 1757
1760 1760
1763 1763
1770 1770
1773 1773
3559 1776
1777 1777
1778 1778
1779 1779
1780 1780
1636 1781
81 1783
1785 1785
1786 1786
2584 1788
2687 1789
1790 1790
5768 1791
1792 1792
1793 1793
1794 1794
1795 1795
1796 1796
68 1797
213 1798
1802 1802
3203 1804
1805 1805
6420 1806
1688 1808
723 1809
612 1810
2281 1811
3263 1815
1041 1817
1818 1818
1792 1820
1824 1824
1825 1825
5137 1826
2752 1827
1828 1828
1831 1831
1832 1832
1833 1833
1931 1836
3348 1838
1841 1841
1843 1843
1846 1846
364 1847
6180 1848
3396 1849
1850 1850
1851 1851
1439 1853
1855 1855
1856 1856
1858 1858
1860 1860
3514 1861
1863 1863
6332 1864
6180 1865
1867 1867
840 1868
3679 1871
4861 1873
1251 1875
1877 1877
1878 1878
3650 1880
892 1881
1882 1882
3844 1883
2509 1885
1886 1886
2106 1887
1891 1891
456 1892
973 1894
3960 1895
1896 1896
6586 1900
1905 1905
1907 1907
1908 1908
2456 1909
1912 1912
1913 1913
2007 1915
1916 1916
364 1917
1918 1918
2117 1923
1924 1924
1925 1925
1926 1926
1927 1927
1928 1928
1931 1931
1254 1933
1938 1938
1940 1940
1944 1944
4072 1950
6221 1952
2765 1956
6583 1963
1965 1965
1968 1968
2993 1969
862 1970
1971 1971
1973 1973
1976 1976
1922 1982
3254 1983
2418 1984
1985 1985
1629 1990
3282 1991
385 1992
3217 1993
1996 1996
540 1998
488 1999
2882 2000
3058 2001
2003 2003
2004 2004
2005 2005
2006 2006
36 2010
2011 2011
3653 2012
1853 2014
2200 2015
1448 2016
5271 2020
3160 2021
2022 2022
1467 2026
2027 2027
6198 2029
1496 2030
3261 2031
2033 2033
2930 2034
725 2038
1397 2039
2264 2040
2041 2041
3352 2045
2046 2046
6883 2047
3309 2048
2056 2056
2057 2057
2061 2061
2062 2062
2063 2063
5994 2065
2067 2067
1326 2068
73 2069
5185 2070
3409 2071
2074 2074
6545 2077
1647 2078
2080 2080
2084 2084
698 2085
2086 2086
612 2090
1109 2092
2606 2094
2095 2095
2202 2096
2098 2098
1874 2100
2101 2101
2104 2104
6219 2105
2109 2109
315 2110
2111 2111
2689 2112
3670 2114
2115 2115
2117 2117
2041 2119
2625 2123
2127 2127
2128 2128
2129 2129
2130 2130
1099 2132
1946 2135
2930 2136
3147 2137
5089 2140
2147 2147
2148 2148
2149 2149
4953 2150
5214 2151
757 2152
1802 2153
2156 2156
2158 2158
2816 2159
2160 2160
354 2162
2163 2163
2164 2164
2165 2165
2438 2166
2167 2167
6470 2168
2574 2169
3399 2170
2171 2171
1111 2172
2174 2174
2177 2177
2035 2178
2179 2179
861 2181
2183 2183
2185 2185
2189 2189
2190 2190
342 2191
3815 2192
2961 2194
1176 2196
2198 2198
2202 2202
2117 2203
2599 2204
3396 2209
2216 2210
6126 2212
2214 2214
2109 2215
2847 2217
2220 2220
2221 2221
2876 2222
2301 2226
770 2229
2231 2231
2734 2233
2239 2239
3287 2240
2896 2242
2246 2246
2247 2247
38 2249
2251 2251
3174 2254
3521 2255
2256 2256
2258 2258
6807 2262
2721 2263
2560 2265
2267 2267
242 2268
265 2269
2274 2274
1873 2278
6297 2279
2281 2281
2282 2282
6184 2286
2287 2287
159 2290
936 2291
2654 2292
3752 2293
2294 2294
2295 2295
889 2296
2299 2299
2301 2301
2302 2302
2930 2304
2305 2305
1054 2307
2308 2308
2309 2309
3223 2310
871 2315
2146 2316
823 2318
2319 2319
2325 2325
2326 2326
6451 2327
2328 2328
2076 2330
6236 2331
3352 2332
2419 2336
2339 2339
2340 2340
3765 2346
3377 2347
3087 2349
2351 2351
6180 2353
2356 2356
242 2357
2663 2358
2359 2359
2894 2364
824 2365
2633 2366
6466 2367
2463 2371
2372 2372
2376 2376
2100 2377
2378 2378
2382 2382
4053 2385
2386 2386
2689 2388
1912 2389
4116 2391
575 2394
283 2395
3211 2396
2397 2397
542 2400
2402 2402
3399 2405
2406 2406
2837 2408
2410 2410
2411 2411
160 2415
3763 2418
2422 2422
2424 2424
2425 2425
3492 2426
2427 2427
2430 2430
2431 2431
2056 2433
149 2434
2439 2439
2868 2440
6670 2441
1455 2442
2444 2444
2446 2446
2447 2447
3239 2448
6615 2449
2450 2450
2894 2451
2455 2455
4884 2459
826 2460
2461 2461
650 2463
3388 2464
116 2468
589 2469
3650 2471
2472 2472
2477 2477
4844 2478
2480 2480
1285 2481
3399 2482
2483 2483
1243 2484
466 2485
2487 2487
2488 2488
3779 2490
2494 2494
2496 2496
2498 2498
2501 2499
2500 2500
2506 2506
2508 2508
1278 2513
2514 2514
2516 2516
523 2517
2847 2520
2521 2521
2007 2523
3352 2524
2525 2525
279 2526
922 2528
2535 2535
2536 2536
2538 2538
2838 2539
279 2541
2542 2542
2543 2543
8 2545
1954 2549
1448 2551
3352 2554
2555 2555
2588 2556
2557 2557
2558 2558
2560 2560
6323 2566
3517 2568
2572 2572
2576 2576
600 2578
559 2586
2588 2588
2589 2589
861 2591
1636 2592
4832 2593
2539 2594
2596 2596
2598 2598
2600 2600
2203 2603
2606 2606
5784 2610
6816 2612
6482 2613
168 2614
194 2616
2619 2619
2623 2623
2624 2624
2625 2625
3399 2627
746 2628
2629 2629
3795 2630
5575 2632
2633 2633
2445 2636
2509 2639
1642 2641
2100 2643
2291 2644
1804 2646
3880 2647
364 2649
1109 2651
2248 2652
1414 2653
3744 2655
3085 2657
2975 2658
2659 2659
916 2660
1296 2661
2662 2662
2663 2663
2664 2664
2666 2666
3149 2667
2668 2668
2673 2673
189 2674
2676 2676
2412 2677
3285 2679
2681 2681
2819 2684
2687 2687
3935 2693
555 2695
2960 2702
2703 2703
3430 2708
2709 2709
2711 2711
2716 2716
2718 2718
2719 2719
1754 2722
1000 2723
2726 2726
2657 2727
2729 2729
1083 2732
2735 2735
5678 2737
2975 2739
1901 2741
2742 2742
3760 2743
1231 2744
2745 2745
2746 2746
1465 2753
129 2755
2757 2757
3287 2758
103 2760
2761 2761
460 2765
2766 2766
3217 2768
3065 2770
467 2771
2773 2773
181 2774
2123 2778
2780 2780
2782 2782
2783 2783
1446 2787
2791 2791
1291 2793
2795 2795
2797 2797
2801 2801
5099 2803
2927 2805
2452 2806
1381 2812
2050 2813
2814 2814
2175 2816
2952 2817
2819 2819
1180 2820
2822 2822
230 2824
2826 2826
6278 2829
840 2830
4905 2837
2843 2843
2844 2844
410 2845
2846 2846
2848 2848
99 2849
2850 2850
2852 2852
2853 2853
2855 2855
2856 2856
2217 2857
5768 2862
5102 2863
2864 2864
2865 2865
2869 2869
2877 2877
2880 2880
2882 2882
2883 2883
2896 2888
1109 2889
583 2890
5218 2891
2024 2895
3488 2899
1271 2900
3173 2901
2902 2902
2903 2903
2906 2906
3503 2907
2908 2908
2717 2909
1180 2911
2915 2915
203 2917
5594 2920
326 2921
2922 2922
2923 2923
2887 2927
3742 2928
3486 2931
2932 2932
3736 2933
506 2934
2937 2937
2247 2939
920 2940
2498 2941
3399 2943
2944 2944
2945 2945
2946 2946
2950 2950
1457 2951
2955 2955
2956 2956
2957 2957
2958 2958
1364 2969
3880 2970
2971 2971
5994 2973
3540 2975
2976 2976
2977 2977
926 2981
2050 2984
1235 2986
2510 2987
2185 2989
2712 2990
556 2993
2994 2994
2999 2999
3000 3000
48 3001
3004 3004
1014 3006
3525 3008
565 3009
3010 3010
3012 3012
3013 3013
1083 3016
3017 3017
3030 3018
6291 3019
3020 3020
3023 3023
2091 3027
3028 3028
1925 3029
1258 3031
3035 3035
3036 3036
409 3037
6308 3039
2537 3040
3043 3043
1467 3047
861 3055
3057 3057
3059 3059
3062 3062
3063 3063
5941 3064
3066 3066
3069 3069
439 3070
315 3074
3075 3075
3076 3076
2463 3077
3499 3078
766 3079
3083 3083
3085 3085
1229 3086
3087 3087
3088 3088
3089 3089
3090 3090
3091 3091
3092 3092
2488 3095
2666 3096
2573 3098
3099 3099
387 3101
3595 3103
3328 3105
5950 3106
3108 3108
3109 3109
1605 3111
3113 3113
3114 3114
3116 3116
278 3119
416 3120
1515 3121
3125 3125
1312 3126
3127 3127
1017 3129
3344 3130
1935 3132
2625 3133
2468 3134
4992 3135
2431 3136
2687 3140
3090 3141
3524 3142
3144 3144
2268 3145
689 3150
4221 3152
265 3153
3585 3155
3346 3156
133 3160
3162 3162
3165 3165
3169 3169
1524 3171
295 3173
3174 3174
3177 3177
1377 3179
3180 3180
3183 3183
3185 3185
3187 3187
1972 3188
3190 3190
698 3191
3194 3194
3195 3195
3488 3197
717 3198
6541 3201
2721 3202
465 3203
3204 3204
2962 3206
3209 3209
3211 3211
3213 3213
202 3217
3218 3218
3219 3219
6221 3220
3093 3221
3222 3222
3223 3223
2268 3224
3225 3225
3227 3227
3230 3230
3234 3234
3237 3237
667 3238
5861 3240
1595 3241
684 3242
3246 3246
3249 3249
3251 3251
825 3253
2912 3254
3255 3255
760 3261
2187 3262
3264 3264
2509 3265
3266 3266
3267 3267
1636 3268
5166 3269
3270 3270
1217 3271
3274 3274
1454 3275
3277 3277
3205 3278
3280 3280
3281 3281
3550 3284
3288 3288
2894 3293
5866 3294
1805 3296
3297 3297
143 3301
3388 3302
6777 3303
3304 3304
1541 3306
1700 3307
906 3310
2427 3314
3316 3316
3317 3317
1285 3322
3975 3325
3326 3326
854 3327
1552 3328
2811 3329
3330 3330
3333 3333
3334 3334
3335 3335
5079 3338
3731 3339
254 3341
3343 3343
3344 3344
1320 3346
1192 3349
3355 3355
247 3357
3358 3358
3359 3359
3361 3361
3362 3362
2882 3364
3368 3368
1448 3369
3370 3370
2523 3371
3372 3372
3376 3376
1437 3377
3378 3378
2659 3379
3759 3380
3381 3381
3382 3382
302 3385
3386 3386
3388 3388
3389 3389
3396 3396
3398 3398
2602 3399
1032 3400
3401 3401
478 3402
841 3405
3407 3407
746 3410
2894 3415
1441 3419
215 3420
6238 3421
2708 3425
1626 3428
3686 3429
2708 3430
3435 3435
3436 3436
3437 3437
3438 3438
3439 3439
3441 3441
3152 3442
2691 3443
479 3444
3040 3446
3447 3447
3452 3452
3453 3453
1874 3454
3455 3455
3397 3456
2580 3457
273 3459
1929 3461
26 3464
710 3465
2165 3466
1472 3467
484 3468
3048 3469
332 3470
6420 3471
4860 3472
3478 3478
3648 3482
1163 3483
3394 3484
3487 3487
5903 3488
3490 3490
3492 3492
3493 3493
3497 3497
5608 3501
1327 3503
3453 3506
6410 3507
1364 3508
3509 3509
2642 3510
191 3511
1502 3514
3210 3515
3516 3516
1127 3517
3519 3519
3520 3520
1292 3521
638 3524
1222 3525
3527 3527
922 3528
6566 3529
3530 3530
5608 3535
3341 3536
852 3539
3650 3540
3542 3542
3543 3543
2730 3544
3545 3545
3547 3547
66 3548
3819 3551
5571 3555
5608 3556
3557 3557
3140 3558
3624 3559
255 3561
5868 3562
3566 3566
3568 3568
3569 3569
2087 3570
3571 3571
3574 3574
2819 3576
3577 3577
2568 3578
1720 3579
3581 3581
1949 3583
3584 3584
3585 3585
3587 3587
3588 3588
3591 3591
3352 3594
1562 3596
1588 3598
2717 3599
1235 3604
3607 3607
2998 3608
2777 3610
2573 3612
295 3614
3121 3618
2132 3619
871 3620
3498 3621
3622 3622
3629 3629
348 3630
3061 3632
3633 3633
3634 3634
1153 3636
2666 3638
3399 3640
3642 3642
3644 3644
2515 3647
6603 3648
2056 3649
2958 3662
1026 3664
3388 3666
3667 3667
3888 3670
1698 3671
3672 3672
1076 3673
3676 3676
3678 3678
3683 3683
3684 3684
2032 3685
1451 3686
3687 3687
4018 3688
725 3693
3694 3694
3699 3699
3700 3700
3704 3704
667 3705
4065 3707
3709 3709
3710 3710
1907 3711
3713 3714
3715 3715
3716 3716
3907 3717
3718 3718
3996 3719
3988 3720
3721 3721
3725 3725
3726 3726
6449 3727
206 3729
2657 3730
5764 3732
1946 3733
2933 3736
3676 3737
3739 3739
3742 3742
3524 3744
3747 3747
3749 3749
3791 3750
3751 3751
416 3752
3753 3753
3750 3754
3755 3755
3810 3756
3757 3757
1917 3758
3759 3759
4068 3760
1018 3761
3679 3765
3768 3768
5188 3770
3771 3771
1615 3772
3744 3773
3774 3774
3776 3776
3291 3777
3778 3778
3786 3780
180 3781
973 3783
3784 3784
3786 3786
5000 3790
3792 3792
3795 3795
3796 3796
3797 3797
3799 3799
609 3800
3801 3801
851 3803
6520 3805
3806 3806
3736 3807
5970 3808
3812 3812
3813 3813
6755 3814
3815 3815
3818 3818
3821 3821
3823 3823
3824 3824
3825 3825
3826 3826
6599 3827
2654 3828
3829 3829
2549 3834
3952 3835
3836 3836
3837 3837
2035 3838
3843 3843
4034 3844
3845 3845
3850 3850
2845 3851
3852 3852
516 3854
3708 3858
6577 3859
3860 3860
5561 3862
3981 3863
4092 3864
3866 3866
3868 3868
3869 3869
5561 3871
4123 3874
3834 3875
5710 3876
3877 3877
1414 3878
3879 3879
3880 3880
1224 3881
3412 3886
1003 3888
3889 3889
3892 3892
4116 3894
3810 3897
1994 3898
3899 3899
3900 3900
5690 3903
3898 3907
4035 3908
3909 3909
3910 3910
3913 3913
2438 3914
3917 3917
3977 3919
1931 3921
3808 3922
1730 3923
3998 3924
6708 3925
3926 3926
5852 3927
3930 3930
2308 3931
3932 3932
1474 3933
3712 3934
3935 3935
5568 3941
2063 3942
3825 3943
5793 3944
5649 3946
2350 3951
3952 3952
3678 3953
3954 3954
3955 3955
393 3958
781 3959
3960 3960
3715 3961
3963 3963
4013 3965
3966 3966
3967 3967
3969 3969
3970 3970
1778 3972
3975 3975
3736 3977
770 3980
3074 3983
3680 3984
3985 3985
5213 3987
3988 3988
3990 3990
3991 3991
3994 3994
206 3997
4001 4001
4004 4004
4006 4006
861 4007
3906 4009
4012 4012
2229 4014
6381 4015
6035 4017
3842 4018
4019 4019
3717 4021
6327 4023
3813 4024
6460 4025
4011 4026
4027 4027
4028 4028
4029 4029
5566 4030
4032 4032
5559 4033
4037 4037
4039 4039
3717 4042
4043 4043
4044 4044
3842 4045
6474 4046
4048 4048
3740 4049
6248 4051
2743 4057
896 4058
3715 4060
1826 4061
5814 4062
6659 4064
4065 4065
3716 4067
6589 4069
3281 4071
973 4072
341 4074
4076 4076
968 4077
4079 4079
2690 4081
5764 4086
4087 4087
1451 4088
4089 4089
4090 4090
4091 4091
3890 4094
3649 4096
3982 4097
720 4098
6096 4099
4101 4101
5690 4102
4104 4104
6587 4105
4108 4108
5140 4109
2290 4113
4114 4114
4117 4117
3717 4118
6285 4122
4123 4123
4124 4124
1917 4126
3886 4127
4130 4130
6575 4132
4134 4134
4245 4135
5503 4136
4184 4137
4610 4138
5333 4142
4144 4144
4179 4145
4659 4146
4803 4147
4148 4148
4149 4149
4391 4152
4154 4154
4155 4155
4140 4156
4326 4157
4158 4158
5445 4160
5337 4163
4540 4165
4167 4167
4516 4171
5389 4172
5463 4173
5456 4174
6118 4176
4181 4181
4354 4184
4469 4185
6335 4187
4188 4188
4263 4190
4193 4193
4532 4196
4197 4197
4199 4199
5112 4200
4202 4202
4203 4203
5421 4204
4205 4205
4206 4206
4802 4207
4380 4208
4230 4210
4214 4214
4215 4215
4217 4217
4767 4219
4411 4221
5337 4222
4224 4224
4291 4225
4226 4226
4433 4229
4230 4230
4231 4231
4184 4232
4234 4234
4237 4237
4306 4238
4706 4239
4385 4245
4246 4246
4698 4248
4250 4250
6007 4253
4784 4255
6533 4257
4258 4258
4259 4259
4260 4260
4680 4261
4220 4263
5395 4265
4560 4266
4522 4268
4760 4269
4411 4274
4357 4276
4510 4277
4279 4279
5344 4284
4372 4285
4648 4286
4798 4287
5301 4291
4294 4294
4296 4296
5387 4297
5349 4298
4299 4299
5654 4300
4301 4301
4883 4302
4163 4307
4308 4308
4316 4316
5318 4317
5468 4318
4319 4319
4641 4320
4321 4321
4556 4322
4269 4324
4355 4326
4330 4330
4175 4331
4164 4332
4333 4333
4752 4334
4335 4335
4337 4337
4663 4339
4340 4340
4341 4341
5463 4343
4296 4344
4263 4345
4346 4346
4493 4348
5508 4349
4172 4351
4813 4352
5433 4353
4355 4355
4356 4356
4224 4357
4358 4358
4352 4359
4363 4360
6873 4361
4650 4363
4365 4365
4366 4366
4564 4367
5426 4369
4370 4370
4471 4371
4372 4372
4373 4373
4758 4375
4376 4376
5302 4377
4772 4378
4393 4379
4380 4380
4269 4383
4160 4384
4144 4385
4386 4386
4377 4388
5511 4390
5353 4391
4489 4392
4522 4393
4670 4395
4766 4396
4398 4398
4217 4400
4382 4402
5344 4405
4680 4406
4161 4407
4500 4410
4452 4413
4181 4416
4354 4417
4296 4418
4493 4419
4424 4424
4425 4425
4427 4427
4227 4428
5456 4429
4430 4430
4224 4431
5497 4432
4528 4433
4274 4434
5488 4435
4436 4436
5364 4438
4248 4439
4440 4440
4236 4447
4401 4449
4723 4453
4455 4455
4493 4456
4429 4458
4459 4459
5309 4460
4446 4465
5320 4466
4540 4468
5321 4469
4424 4470
4164 4473
5459 4474
4153 4476
4478 4478
4687 4479
4593 4481
4326 4482
4680 4484
5430 4485
4486 4486
4487 4487
4373 4490
4493 4493
4494 4494
4157 4497
4595 4498
4354 4500
4501 4501
4502 4502
4504 4504
4505 4505
4634 4507
4508 4508
4509 4509
4218 4510
4320 4515
5481 4516
4530 4519
4411 4520
4500 4525
4248 4527
4220 4529
5332 4530
5463 4531
4534 4534
4535 4535
4139 4536
4537 4537
4538 4538
5497 4540
4582 4543
4236 4544
4550 4545
4201 4546
5480 4547
4552 4552
5440 4558
4559 4559
4183 4561
4562 4562
4341 4563
4564 4564
4254 4565
4585 4569
5312 4570
4573 4573
5378 4575
4576 4576
4723 4577
5320 4578
4225 4580
4153 4581
4314 4583
4584 4584
4585 4585
4586 4586
4588 4588
4592 4592
4593 4593
4595 4595
4595 4596
4135 4598
5504 4600
4760 4604
5406 4605
4184 4606
4607 4607
5340 4608
4688 4609
4555 4610
5463 4612
4147 4617
4316 4619
4620 4620
4145 4622
4493 4625
4626 4626
4627 4627
4813 4629
4631 4631
4354 4633
4637 4637
4759 4640
5398 4641
4643 4643
4644 4644
5404 4645
4375 4646
4663 4647
4179 4649
4650 4650
4653 4653
4491 4655
4656 4656
5498 4659
4742 4661
4354 4663
4664 4664
4181 4665
4815 4667
4669 4669
4670 4670
5396 4671
4250 4672
4660 4673
4601 4675
4486 4677
4663 4680
5488 4682
4411 4683
5476 4684
4685 4685
4285 4688
4689 4689
4690 4690
4336 4691
4693 4693
4694 4694
4511 4695
4355 4696
4685 4698
4483 4699
4682 4700
5441 4701
5291 4706
5329 4707
4501 4708
4711 4711
4712 4712
4713 4713
4333 4714
4719 4716
4717 4717
5285 4718
5466 4720
5488 4721
4723 4722
5354 4724
5399 4725
5497 4726
4488 4727
5362 4728
4729 4729
4454 4730
4676 4732
4734 4734
4735 4735
4248 4736
4427 4738
4597 4740
5301 4741
5320 4743
4354 4744
4745 4745
4520 4749
5496 4752
5388 4755
4756 4756
4757 4757
5435 4759
4772 4760
4761 4761
4582 4762
4764 4764
4807 4765
4623 4766
4726 4767
4769 4769
4760 4772
4759 4773
4776 4776
4236 4777
5334 4778
4742 4781
5421 4783
5393 4784
5406 4785
4547 4786
4532 4787
4762 4789
4269 4790
4784 4792
4793 4793
4794 4794
4742 4795
4160 4796
5410 4797
4217 4798
4799 4799
4801 4801
4523 4802
4803 4803
4259 4804
4164 4805
4807 4807
5433 4808
4249 4809
4810 4810
4812 4812
5408 4813
4610 4816
4817 4817
4560 4818
4820 4820
5463 4823
4906 4824
4825 4825
4827 4827
5573 4830
4831 4831
6170 4833
6168 4834
4837 4837
4838 4838
4839 4839
5764 4840
5882 4841
5213 4843
4848 4848
4849 4849
3600 4850
6746 4853
5537 4854
6768 4855
5121 4857
5597 4859
6335 4860
4861 4861
4863 4863
4992 4865
6347 4867
6623 4868
6120 4869
6180 4870
6659 4872
5777 4873
4874 4874
5764 4875
5185 4880
6034 4882
4883 4883
6805 4885
5558 4886
6659 4887
4888 4888
5536 4889
6066 4890
4892 4892
4894 4894
6221 4896
4898 4898
5778 4900
4901 4901
4844 4902
6322 4903
5216 4904
4907 4907
6007 4908
4909 4909
4910 4910
6866 4911
5149 4912
6792 4913
4915 4915
6075 4917
4978 4918
5592 4920
6077 4923
2408 4924
5171 4926
5924 4927
4928 4928
6104 4929
4930 4930
5879 4931
4932 4932
4956 4934
6592 4935
6090 4936
5647 4937
4941 4941
6413 4942
4943 4943
5757 4944
4945 4945
4948 4948
5120 4949
5650 4950
4951 4951
4953 4953
4956 4956
4958 4958
4959 4959
4956 4962
4963 4963
6268 4964
4965 4965
6811 4967
5007 4968
5764 4969
4971 4971
6575 4973
3973 4974
4975 4975
5216 4977
5213 4984
6825 4986
6705 4989
5223 4990
4991 4991
6772 4992
4993 4993
6415 4994
4995 4995
6353 4998
6724 4999
6594 5000
1177 5003
6248 5004
5005 5005
5006 5006
5007 5007
6253 5008
1039 5011
5137 5012
6540 5013
3533 5016
3955 5018
6849 5019
5020 5020
5879 5022
6769 5024
6128 5026
6030 5027
5762 5028
5034 5034
5701 5035
5547 5039
6803 5040
6651 5042
4828 5045
4102 5046
5846 5047
4020 5048
5050 5050
5804 5055
5056 5056
6337 5058
5536 5059
5060 5060
5767 5064
5950 5065
5796 5067
6637 5068
5840 5069
4340 5070
5071 5071
1359 5073
6040 5074
6330 5076
4162 5077
5079 5079
6288 5080
5778 5081
6112 5083
823 5086
6203 5087
3338 5089
5090 5090
5999 5094
5132 5095
5993 5097
5007 5100
6669 5101
6087 5103
5273 5108
5109 5109
5110 5110
6248 5112
5113 5113
5952 5114
5007 5117
5120 5120
5122 5122
5632 5123
5125 5125
5126 5126
5127 5127
5121 5129
5130 5130
5165 5134
5135 5135
2841 5138
1377 5139
6560 5140
5141 5141
3963 5142
5166 5146
5150 5150
5227 5151
5031 5152
6574 5153
5154 5154
6659 5155
5777 5156
6860 5157
4845 5158
6007 5159
5160 5160
6134 5164
5078 5166
5168 5168
6445 5169
5172 5172
3094 5173
3734 5174
5578 5175
4893 5180
5181 5181
1414 5182
6579 5183
1151 5184
5186 5186
4965 5188
6766 5189
2869 5190
6248 5194
6160 5197
6100 5198
6297 5199
6572 5204
5205 5205
6741 5206
5899 5207
6646 5208
5210 5210
6728 5214
5274 5216
6849 5217
5969 5219
5221 5221
5271 5223
6695 5225
5226 5226
5229 5229
6639 5232
5233 5233
5238 5234
5235 5235
6198 5237
5213 5238
5630 5239
6128 5243
5246 5246
5784 5247
5126 5248
4093 5249
5630 5250
4893 5252
5690 5254
5764 5255
6462 5258
5259 5259
5035 5261
6525 5262
4896 5267
5269 5269
6452 5270
5271 5271
6470 5272
6521 5276
6659 5278
5280 5280
4527 5284
5410 5285
5453 5290
4215 5292
5320 5293
4195 5294
5295 5295
5469 5298
4784 5299
5300 5300
5301 5301
5303 5303
5304 5304
4385 5305
5429 5307
4218 5309
5463 5310
4326 5320
4488 5321
5323 5323
5324 5324
5327 5327
5304 5329
4726 5331
4186 5332
5334 5334
4281 5335
4445 5337
4634 5338
4470 5339
5343 5343
5346 5346
4717 5347
5348 5348
4537 5349
5463 5351
5352 5352
5353 5353
4446 5354
5356 5356
4587 5357
4385 5358
5359 5359
5361 5361
5388 5362
5463 5363
4421 5364
4317 5368
5369 5369
5395 5371
5473 5375
4306 5376
5377 5377
5378 5378
5379 5379
5381 5381
4651 5382
5398 5387
4650 5389
4181 5392
5393 5393
5394 5394
5416 5396
4314 5397
5398 5398
4588 5401
5402 5402
5403 5403
4686 5404
5406 5406
4573 5409
5410 5410
5411 5411
5412 5412
4219 5413
4718 5415
4303 5417
5418 5418
4784 5419
4354 5425
4510 5428
5406 5431
4683 5433
4365 5434
4225 5436
5437 5437
4613 5439
4567 5441
5442 5442
5347 5446
5447 5447
4201 5448
4272 5450
5452 5452
5463 5454
4516 5455
4329 5456
5458 5458
5465 5465
5466 5466
4663 5467
4215 5468
4775 5469
4765 5470
5471 5471
4373 5472
4749 5473
4760 5474
4550 5475
5476 5476
4802 5479
5481 5480
4164 5481
4385 5482
4337 5483
4189 5484
5406 5485
4221 5486
4201 5488
4668 5490
5491 5491
4756 5494
4500 5498
4398 5499
4249 5500
4351 5501
4659 5503
5441 5507
5463 5509
5510 5510
4688 5512
5515 5515
5168 5516
5982 5518
6312 5519
5521 5521
4067 5525
5845 5526
5752 5529
5532 5532
6735 5533
5683 5537
5149 5538
5539 5539
5542 5542
6240 5543
5544 5544
6585 5547
1377 5548
5549 5549
5796 5550
2166 5552
6221 5556
123 5557
4875 5559
6248 5562
2166 5563
4969 5564
5569 5569
5570 5570
5797 5572
6295 5573
3912 5574
5579 5579
5235 5580
5581 5581
5035 5582
6540 5587
5588 5588
5589 5589
5007 5590
5925 5591
3903 5592
5102 5595
5596 5596
5600 5600
5602 5602
5603 5603
5007 5606
5607 5607
5608 5608
4902 5613
6811 5614
5615 5615
6460 5616
6065 5617
5618 5618
5213 5620
5573 5624
6627 5625
5628 5628
5630 5630
3808 5631
5778 5632
6684 5633
5142 5634
6521 5636
6517 5640
5641 5641
4840 5642
6573 5643
5644 5644
5128 5645
5646 5646
5648 5648
5651 5651
607 5652
5807 5653
5654 5654
5216 5660
5663 5663
6127 5665
4930 5666
5015 5667
5879 5669
6122 5670
5921 5672
5675 5675
1587 5678
5586 5681
5683 5683
2140 5684
5685 5685
6052 5687
5227 5688
6659 5693
5240 5694
6650 5696
5697 5697
4998 5698
5952 5700
6041 5702
5704 5704
5705 5705
5706 5706
6595 5708
5698 5710
6062 5711
6584 5712
6853 5713
3531 5715
5936 5716
5717 5717
5782 5720
168 5721
5002 5722
5171 5723
5917 5727
6122 5728
4920 5729
5764 5730
6514 5732
6010 5736
6235 5742
6746 5743
5188 5744
5746 5746
5088 5747
5748 5748
5750 5750
6571 5751
6627 5752
5899 5753
6459 5756
5757 5757
6743 5759
6647 5761
5762 5762
4888 5765
5643 5767
6323 5768
6096 5770
1873 5772
5774 5774
5640 5777
5579 5780
6164 5781
5782 5782
5912 5784
5785 5785
5856 5786
5545 5787
5019 5789
5790 5790
5791 5791
5794 5794
5162 5795
5023 5797
5801 5801
5802 5802
4866 5804
5808 5808
5608 5810
5812 5812
2566 5814
5239 5815
6037 5816
5817 5817
5820 5820
6198 5821
6147 5825
5566 5827
6428 5828
4872 5830
3961 5833
5552 5835
5840 5840
5845 5845
5847 5847
5849 5849
4310 5852
5853 5853
5854 5854
5855 5855
6480 5858
5952 5859
5861 5861
5862 5862
6326 5863
5990 5864
6263 5865
5572 5866
6662 5869
3205 5871
5075 5873
5874 5874
3769 5875
5016 5878
1076 5882
5883 5883
5097 5884
6054 5886
5887 5887
5890 5890
5891 5891
5166 5892
5893 5893
6382 5894
4169 5896
5166 5897
5551 5899
5901 5901
5113 5902
5279 5905
6355 5906
5907 5907
5612 5909
6521 5910
5915 5915
5920 5920
6626 5923
6184 5924
6652 5925
5647 5926
5927 5927
5009 5928
5144 5929
5213 5931
5932 5932
5933 5933
5936 5936
5586 5937
5887 5938
5939 5939
5940 5940
4999 5941
6779 5943
5944 5944
5946 5946
6109 5947
5948 5948
5949 5949
5951 5951
5552 5958
5959 5959
6198 5961
5751 5966
5968 5968
5969 5969
5764 5971
5975 5975
5977 5977
5978 5978
5980 5980
6286 5981
5982 5982
5984 5984
4953 5986
5987 5987
6317 5988
5568 5989
6114 5990
5993 5993
5994 5994
1377 5995
3094 5997
6020 5999
6689 6000
6007 6007
6008 6008
6010 6010
6345 6014
1815 6016
6460 6018
6448 6020
6022 6022
6147 6023
6024 6024
5764 6028
6477 6029
6030 6030
5166 6031
910 6032
5047 6034
4990 6035
6037 6037
6219 6038
6267 6039
6752 6044
5190 6045
6242 6048
6462 6049
6052 6052
6054 6054
5537 6056
4859 6057
6308 6058
2797 6059
6199 6060
6061 6061
5644 6063
6064 6064
5940 6065
6764 6066
5996 6069
4079 6071
6357 6072
6073 6073
4270 6075
6746 6076
6572 6078
5568 6079
5781 6080
6477 6081
6083 6083
6011 6084
6085 6085
6603 6086
6355 6087
6550 6092
6095 6095
6096 6096
5248 6097
6584 6101
3785 6102
307 6104
5262 6105
6107 6107
6126 6108
6109 6109
5743 6110
6637 6113
6114 6114
6117 6117
6118 6118
6121 6121
6122 6122
6007 6123
3338 6128
3648 6130
6131 6131
6138 6138
841 6139
6050 6141
6143 6143
6148 6148
910 6149
6710 6151
6066 6156
6157 6157
6160 6160
6161 6161
6386 6162
5777 6163
5764 6164
5144 6168
4965 6171
5267 6173
6174 6174
6175 6175
5239 6176
5619 6177
6180 6180
6188 6188
5665 6191
6192 6192
5586 6194
6196 6196
6218 6197
5881 6200
6002 6201
6659 6202
6671 6203
3205 6204
5109 6206
5879 6207
3734 6210
5879 6211
4956 6212
4309 6213
6214 6214
6215 6215
6357 6216
5630 6218
5096 6219
5786 6220
2408 6221
6225 6225
6853 6228
6229 6229
6231 6231
5216 6234
5184 6236
6134 6237
6238 6238
2408 6239
6240 6240
5604 6242
6648 6245
6825 6247
6248 6248
6521 6249
6540 6250
5121 6251
5883 6253
6254 6254
4855 6256
6746 6257
5186 6258
5733 6259
5524 6260
6674 6261
6550 6262
6848 6263
6061 6265
6267 6267
6269 6269
5004 6270
6276 6276
6129 6278
5924 6280
6659 6283
5124 6284
4966 6286
5186 6289
6774 6291
4828 6292
5182 6293
2005 6295
6554 6296
1815 6301
6303 6303
6835 6306
5559 6307
6308 6308
6311 6311
6351 6312
4120 6314
6165 6316
6790 6317
6319 6319
6883 6320
5596 6322
6324 6324
6326 6326
6860 6327
5011 6330
5279 6331
5249 6337
6338 6338
6340 6340
6789 6341
3680 6342
4187 6343
6811 6344
6346 6346
6349 6349
6350 6350
5046 6353
4985 6356
5819 6359
6362 6362
5725 6363
4914 6364
6480 6367
6370 6370
6374 6374
6337 6376
2837 6378
4968 6379
5649 6380
6384 6384
6385 6385
6386 6386
5683 6390
6560 6393
6545 6394
6395 6395
6689 6396
6200 6398
6399 6399
6144 6400
6402 6402
6734 6405
6435 6406
4916 6409
6774 6410
6273 6414
6415 6415
4916 6416
6069 6418
5046 6419
2650 6422
6263 6423
6424 6424
3927 6426
6303 6428
6438 6429
6430 6430
4849 6432
6435 6435
6436 6436
5138 6437
6439 6439
5245 6440
5612 6442
6457 6445
5643 6446
5999 6452
6659 6453
5817 6456
6545 6458
6180 6462
5171 6463
6467 6467
6584 6468
5643 6469
6094 6470
910 6471
6472 6472
6474 6474
5171 6477
6355 6478
5595 6484
5266 6485
4850 6487
4893 6491
6555 6492
6659 6494
5897 6495
6726 6497
5904 6499
6555 6500
4041 6506
5214 6507
6508 6508
6509 6509
6180 6515
6387 6517
5618 6519
6195 6520
4964 6522
6525 6525
6526 6526
4891 6527
5120 6528
6000 6529
6531 6531
6533 6533
6442 6535
6007 6536
4938 6537
4989 6538
6539 6539
6540 6540
6146 6543
5957 6544
6445 6549
6550 6550
6835 6554
6555 6555
5777 6557
6559 6559
6727 6560
6561 6561
5047 6562
4918 6563
6565 6565
6566 6566
6662 6567
6659 6570
5078 6572
6573 6573
4893 6574
6200 6576
5080 6577
6551 6578
4310 6581
6582 6582
6488 6585
6242 6589
6555 6590
6591 6591
6595 6595
6094 6598
6600 6600
6602 6602
5608 6604
5777 6605
4934 6607
5559 6609
6610 6610
4920 6611
5141 6615
6087 6616
6620 6620
6625 6625
6626 6626
6076 6628
5915 6630
3467 6632
6633 6633
5103 6636
6388 6637
6638 6638
6223 6643
6644 6644
5059 6646
6867 6647
5223 6648
6652 6652
4310 6653
6657 6657
6835 6658
5116 6664
6005 6665
5238 6666
3961 6668
6669 6669
5950 6670
5266 6674
6676 6676
5188 6677
6313 6679
6680 6680
5267 6682
5630 6684
6254 6686
5185 6687
4310 6688
6693 6693
5882 6694
6695 6695
5586 6697
6395 6699
6198 6700
4889 6702
6713 6713
6613 6714
6720 6720
6721 6721
6127 6724
6731 6731
5789 6733
6735 6735
5064 6736
5879 6737
4993 6738
6614 6739
5063 6740
6743 6743
5831 6745
6750 6750
6395 6751
5185 6753
6754 6754
6755 6755
2390 6756
6757 6757
6758 6758
6759 6759
6462 6760
6723 6762
6221 6764
5009 6766
6767 6767
6613 6770
5057 6771
5239 6773
4102 6775
6776 6776
6362 6777
6387 6779
6780 6780
5009 6781
6303 6784
5532 6787
6788 6788
6287 6789
6424 6790
6791 6791
4310 6792
6794 6794
4965 6795
4889 6796
6195 6797
5559 6799
6077 6800
6793 6801
6779 6803
6109 6805
6719 6806
5117 6807
5952 6809
6855 6812
5186 6816
6248 6821
6823 6823
5116 6825
6555 6826
6479 6830
6446 6834
6291 6835
5126 6838
6839 6839
6841 6841
6842 6842
6848 6848
6413 6849
4826 6851
4886 6852
5764 6853
5126 6854
6856 6856
3308 6857
1907 6863
6007 6867
5592 6870
6872 6872
6080 6874
6875 6875
6877 6877
6574 6878
6077 6879
5526 6883
3769 6884
3529 6885
