2140 2140
2289 2289
2247 2247
2058 2058
2056 2056
2129 2129
2004 2004
2054 2054
2400 2400
2049 2049
3861 3861
3843 3843
328 328
359 359
3631 3631
112 112
2388 2388
3622 3622
2001 2001
3774 3774
409 409
2051 2051
2292 2292
3909 3909
3551 3551
261 261
3844 3844
8 8
116 116
3752 3752
317 317
2490 2490
408 408
2178 2178
2152 2152
3541 3541
118 118
3829 3829
3850 3850
2191 2191
3165 3165
343 343
288 288
3754 3754
3548 3548
3777 3777
5508 5508
3521 3521
34 34
246 246
3916 3916
3845 3845
3702 3702
2795 2795
119 119
410 410
340 340
35 35
2052 2052
3848 3848
2511 2511
2799 2799
325 325
315 315
436 436
227 227
3798 3798
432 432
3832 3832
3932 3932
2784 2784
2118 2118
2370 2370
3703 3703
342 342
3851 3851
429 429
2783 2783
5598 5598
241 241
3833 3833
6257 6257
5535 5535
3621 3621
3835 3835
324 324
6271 6271
2790 2790
2007 2007
1992 1992
3859 3859
439 439
26 26
312 312
2817 2817
341 341
2814 2814
347 347
346 346
5640 5640
5601 5601
311 311
3643 3643
5659 5659
36 36
230 230
2775 2775
228 228
3638 3638
3856 3856
2389 2389
2808 2808
351 351
2193 2193
3750 3750
2367 2367
231 231
128 128
1993 1993
123 123
6256 6256
2798 2798
5683 5683
2180 2180
122 122
456 456
1984 1984
2375 2375
3517 3517
3705 3705
108 108
126 126
5594 5594
2175 2175
3914 3914
5536 5536
2499 2499
2385 2385
5504 5504
5707 5707
3806 3806
2498 2498
2213 2213
5831 5831
2083 2083
3789 3789
3803 3803
3555 3555
6264 6264
3913 3913
443 443
2150 2150
6278 6278
2278 2278
5590 5590
2260 2260
3649 3649
6495 6495
2382 2382
421 421
292 292
293 293
3056 3056
3936 3936
5708 5708
105 105
275 275
5518 5518
5621 5621
2497 2497
5457 5457
2593 2593
5464 5464
5506 5506
2079 2079
2 2
3778 3778
18 18
157 157
2084 2084
294 294
1983 1983
5 5
2786 2786
24 24
2124 2124
5724 5724
5829 5829
3552 3552
5595 5595
2377 2377
2362 2362
3518 3518
6261 6261
3704 3704
2471 2471
3757 3757
5514 5514
5625 5625
155 155
3554 3554
2596 2596
2485 2485
1995 1995
2475 2475
3635 3635
193 193
5720 5720
7 7
5515 5515
5736 5736
2064 2064
5951 5951
3576 3576
2225 2225
2611 2611
5721 5721
2239 2239
17 17
2095 2095
3925 3925
2254 2254
2176 2176
2503 2503
2514 2514
2144 2144
3648 3648
3499 3499
133 133
5746 5746
5468 5468
2594 2594
2010 2010
5726 5726
2506 2506
5641 5641
3706 3706
2484 2484
5674 5674
5838 5838
2267 2267
2080 2080
2393 2393
2255 2255
2614 2614
5630 5630
5613 5613
3163 3163
5753 5753
2613 2613
5946 5946
392 392
5615 5615
92 92
5944 5944
5443 5443
5935 5935
138 138
5851 5851
260 260
2210 2210
377 377
2181 2181
3586 3586
5635 5635
6054 6054
5547 5547
2086 2086
6067 6067
2256 2256
5834 5834
268 268
2114 2114
3884 3884
3596 3596
5966 5966
3583 3583
5961 5961
3670 3670
2205 2205
6231 6231
5686 5686
2145 2145
6068 6068
6234 6234
2280 2280
3579 3579
3673 3673
258 258
2600 2600
82 82
3883 3883
5648 5648
5522 5522
3601 3601
3780 3780
3895 3895
2623 2623
2204 2204
279 279
81 81
6057 6057
382 382
6066 6066
5631 5631
4005 4005
5619 5619
2581 2581
5553 5553
134 134
6077 6077
3603 3603
5632 5632
3602 3602
5584 5584
2092 2092
2197 2197
5665 5665
5604 5604
5688 5688
5477 5477
2036 2036
5489 5489
5698 5698
2509 2509
5751 5751
6045 6045
145 145
2621 2621
3565 3565
2517 2517
5488 5488
5557 5557
5501 5501
5529 5529
5741 5741
1986 1986
5474 5474
3885 3885
5666 5666
5714 5714
2220 2220
6062 6062
3605 3605
87 87
64 64
3906 3906
3613 3613
2502 2502
2401 2401
3566 3566
6072 6072
5476 5476
5678 5678
89 89
5544 5544
5538 5538
5745 5745
5581 5581
5496 5496
3791 3791
2288 2288
5739 5739
472 472
2619 2619
5497 5497
3880 3880
5976 5976
2013 2013
2705 2705
3874 3874
3886 3886
5962 5962
2630 2630
94 94
5484 5484
99 99
5681 5681
3956 3956
5475 5475
1987 1987
448 448
381 381
3612 3612
3965 3965
2233 2233
2642 2642
372 372
5977 5977
3962 3962
5657 5657
2698 2698
2272 2272
4050 4050
449 449
2700 2700
6079 6079
3958 3958
2638 2638
2639 2639
505 505
3568 3568
67 67
2014 2014
6159 6159
6026 6026
2523 2523
3660 3660
2670 2670
5986 5986
3953 3953
6880 6880
468 468
507 507
2685 2685
2636 2636
3782 3782
5492 5492
4018 4018
5982 5982
2342 2342
6889 6889
374 374
4036 4036
2022 2022
2253 2253
2216 2216
6082 6082
2018 2018
2282 2282
5734 5734
5981 5981
5733 5733
5985 5985
2227 2227
4016 4016
2031 2031
3980 3980
5852 5852
4038 4038
5235 5235
2542 2542
5571 5571
2299 2299
3567 3567
3781 3781
2567 2567
2550 2550
5236 5236
4028 4028
4035 4035
3692 3692
2533 2533
4067 4067
3494 3494
2701 2701
4029 4029
2087 2087
163 163
2182 2182
2019 2019
2571 2571
2659 2659
5560 5560
3976 3976
4045 4045
6027 6027
4042 4042
2535 2535
2250 2250
4032 4032
466 466
5679 5679
6163 6163
4066 4066
5527 5527
4048 4048
3985 3985
515 515
2652 2652
5676 5676
5534 5534
5239 5239
4001 4001
2643 2643
2442 2442
3941 3941
3733 3733
5756 5756
4047 4047
516 516
5762 5762
6003 6003
2441 2441
2684 2684
4031 4031
4021 4021
5793 5793
6090 6090
2412 2412
5609 5609
2279 2279
2715 2715
3979 3979
4013 4013
3969 3969
4071 4071
540 540
5440 5440
5988 5988
2644 2644
5869 5869
2432 2432
5994 5994
2648 2648
4002 4002
2671 2671
6005 6005
3690 3690
3052 3052
2654 2654
100 100
2646 2646
5870 5870
5569 5569
5997 5997
5664 5664
5991 5991
5663 5663
2573 2573
3870 3870
6219 6219
6000 6000
5764 5764
5783 5783
2297 2297
2688 2688
5807 5807
2332 2332
184 184
2107 2107
2691 2691
2457 2457
2689 2689
5740 5740
5778 5778
538 538
2099 2099
2112 2112
1766 1766
2677 2677
5777 5777
3489 3489
5809 5809
6103 6103
2554 2554
1770 1770
2743 2743
5404 5404
5570 5570
536 536
2296 2296
5790 5790
2089 2089
144 144
3992 3992
3986 3986
2102 2102
2711 2711
2561 2561
5799 5799
5767 5767
269 269
5812 5812
149 149
5768 5768
3682 3682
5564 5564
464 464
5813 5813
2559 2559
6098 6098
6101 6101
542 542
3684 3684
273 273
5789 5789
5788 5788
5775 5775
6096 6096
5785 5785
5814 5814
2537 2537
494 494
537 537
3695 3695
2241 2241
2549 2549
360 360
6130 6130
3691 3691
6147 6147
5800 5800
6146 6146
566 566
5405 5405
2346 2346
387 387
5782 5782
2308 2308
396 396
3864 3864
5989 5989
2317 2317
5876 5876
6172 6172
3658 3658
6010 6010
2312 2312
2536 2536
1938 1938
6039 6039
4014 4014
1764 1764
6002 6002
6001 6001
533 533
544 544
221 221
6023 6023
492 492
560 560
5702 5702
6018 6018
1943 1943
5406 5406
2541 2541
545 545
488 488
557 557
6170 6170
2428 2428
2316 2316
578 578
558 558
2326 2326
6120 6120
2740 2740
3816 3816
2243 2243
2456 2456
3661 3661
203 203
2286 2286
6110 6110
4914 4914
2737 2737
2423 2423
5423 5423
2427 2427
1662 1662
5387 5387
5365 5365
1699 1699
6433 6433
2556 2556
5390 5390
6139 6139
5363 5363
4865 4865
5401 5401
5430 5430
4913 4913
6194 6194
4912 4912
4262 4262
1660 1660
2732 2732
6404 6404
1700 1700
3355 3355
6358 6358
1627 1627
5431 5431
1900 1900
6434 6434
1941 1941
202 202
6282 6282
4744 4744
1644 1644
6154 6154
5319 5319
3892 3892
6437 6437
6153 6153
4873 4873
4911 4911
5314 5314
6177 6177
4918 4918
2721 2721
3338 3338
1704 1704
4850 4850
4816 4816
2309 2309
1712 1712
3058 3058
4168 4168
6360 6360
4917 4917
6354 6354
2324 2324
6221 6221
3310 3310
1720 1720
4916 4916
2418 2418
6106 6106
1657 1657
6440 6440
5921 5921
2434 2434
1933 1933
1625 1625
1618 1618
1962 1962
3717 3717
4258 4258
1739 1739
1576 1576
6405 6405
6356 6356
1714 1714
4832 4832
2350 2350
2318 2318
3674 3674
3261 3261
6127 6127
3766 3766
2321 2321
5880 5880
1854 1854
2338 2338
524 524
1738 1738
6446 6446
1942 1942
3342 3342
3344 3344
1717 1717
5436 5436
1628 1628
3274 3274
3228 3228
1619 1619
1571 1571
3440 3440
2425 2425
1912 1912
5886 5886
6444 6444
3840 3840
3278 3278
4187 4187
3283 3283
1603 1603
5349 5349
4831 4831
1916 1916
4880 4880
3255 3255
6198 6198
3286 3286
3243 3243
3275 3275
2429 2429
3260 3260
2448 2448
3269 3269
4981 4981
1608 1608
398 398
6406 6406
1939 1939
2435 2435
2319 2319
3267 3267
1752 1752
3241 3241
2982 2982
2467 2467
2873 2873
1632 1632
2355 2355
3363 3363
1934 1934
5416 5416
2468 2468
4974 4974
3229 3229
3213 3213
5329 5329
3258 3258
1967 1967
1593 1593
1919 1919
3365 3365
1392 1392
4764 4764
1661 1661
4763 4763
4241 4241
3284 3284
3316 3316
2446 2446
4203 4203
3763 3763
4754 4754
2897 2897
5072 5072
6223 6223
6753 6753
1595 1595
2989 2989
3245 3245
4685 4685
6202 6202
3280 3280
1387 1387
3292 3292
2726 2726
5923 5923
1914 1914
5169 5169
1541 1541
5059 5059
6195 6195
2985 2985
1393 1393
1568 1568
1439 1439
1852 1852
3289 3289
1573 1573
4247 4247
3223 3223
3251 3251
6185 6185
4889 4889
5179 5179
1670 1670
5370 5370
6834 6834
3317 3317
3254 3254
1728 1728
3371 3371
5426 5426
3442 3442
3314 3314
1669 1669
2765 2765
5210 5210
5180 5180
1913 1913
5166 5166
1379 1379
5409 5409
5292 5292
1885 1885
1390 1390
5172 5172
5158 5158
1391 1391
3348 3348
5128 5128
1633 1633
5411 5411
1549 1549
1612 1612
1730 1730
6212 6212
2731 2731
5058 5058
1614 1614
1689 1689
4860 4860
3767 3767
5093 5093
5089 5089
1680 1680
1601 1601
4790 4790
5007 5007
4242 4242
5081 5081
4878 4878
4201 4201
5008 5008
3367 3367
1598 1598
6401 6401
5175 5175
1946 1946
1725 1725
6750 6750
2728 2728
3240 3240
1826 1826
3796 3796
5095 5095
1567 1567
5208 5208
4765 4765
3811 3811
4268 4268
5878 5878
1609 1609
5303 5303
6187 6187
5080 5080
1579 1579
5156 5156
4251 4251
5039 5039
4227 4227
4163 4163
1652 1652
1853 1853
5018 5018
1663 1663
5177 5177
5054 5054
6273 6273
6762 6762
5050 5050
1355 1355
1646 1646
1684 1684
1594 1594
2895 2895
6754 6754
4125 4125
6839 6839
3397 3397
5162 5162
6751 6751
4892 4892
4267 4267
6200 6200
5298 5298
1833 1833
6502 6502
5221 5221
1980 1980
5041 5041
309 309
5074 5074
5301 5301
2899 2899
5374 5374
1356 1356
1966 1966
1557 1557
4277 4277
5927 5927
6711 6711
5197 5197
6756 6756
5131 5131
5896 5896
3003 3003
1547 1547
5163 5163
6496 6496
5899 5899
5125 5125
5191 5191
1556 1556
5912 5912
4789 4789
3495 3495
6817 6817
5291 5291
5211 5211
5053 5053
5132 5132
6804 6804
6598 6598
6832 6832
6792 6792
3689 3689
5045 5045
4058 4058
5200 5200
4982 4982
1977 1977
1225 1225
1561 1561
5026 5026
6807 6807
285 285
4246 4246
214 214
3728 3728
1548 1548
4900 4900
1953 1953
1904 1904
6675 6675
6678 6678
1647 1647
6227 6227
6665 6665
6663 6663
5378 5378
5066 5066
6662 6662
1687 1687
3242 3242
3001 3001
6611 6611
3234 3234
6660 6660
6669 6669
6684 6684
1634 1634
1360 1360
6190 6190
5124 5124
4123 4123
6844 6844
3942 3942
6666 6666
5192 5192
6365 6365
5212 5212
4224 4224
6718 6718
4859 4859
4060 4060
5136 5136
5196 5196
6689 6689
5102 5102
3434 3434
3131 3131
4417 4417
3405 3405
6628 6628
6603 6603
6599 6599
1331 1331
6411 6411
400 400
5287 5287
6644 6644
1164 1164
296 296
4367 4367
6830 6830
153 153
1140 1140
3395 3395
5100 5100
4854 4854
6191 6191
3447 3447
6683 6683
4924 4924
3759 3759
6645 6645
6650 6650
5198 5198
1223 1223
6499 6499
4250 4250
6646 6646
6525 6525
6281 6281
1165 1165
5146 5146
3135 3135
4710 4710
1649 1649
1227 1227
2992 2992
6809 6809
6729 6729
3000 3000
1749 1749
6537 6537
6827 6827
3066 3066
6606 6606
6733 6733
3414 3414
6724 6724
6638 6638
4372 4372
4829 4829
6725 6725
6774 6774
6623 6623
6626 6626
6625 6625
3078 3078
412 412
6543 6543
5116 5116
3216 3216
3217 3217
3445 3445
3064 3064
1498 1498
1386 1386
1258 1258
1452 1452
4705 4705
597 597
4366 4366
5101 5101
5152 5152
6332 6332
3449 3449
3036 3036
5305 5305
4080 4080
3201 3201
6727 6727
4883 4883
2976 2976
5247 5247
247 247
3456 3456
6574 6574
1431 1431
693 693
6468 6468
6389 6389
1311 1311
4449 4449
4757 4757
3004 3004
3043 3043
5024 5024
6388 6388
6639 6639
6529 6529
3172 3172
2857 2857
5252 5252
5245 5245
936 936
4709 4709
6313 6313
300 300
3037 3037
2860 2860
6608 6608
4116 4116
6781 6781
6523 6523
5056 5056
1350 1350
5244 5244
1902 1902
6577 6577
1137 1137
6592 6592
669 669
6856 6856
6860 6860
1433 1433
3039 3039
5153 5153
1275 1275
6859 6859
3332 3332
3063 3063
3765 3765
1874 1874
1784 1784
3148 3148
6576 6576
773 773
5005 5005
3207 3207
6605 6605
4179 4179
209 209
6596 6596
6585 6585
6850 6850
4328 4328
5297 5297
4740 4740
6479 6479
6822 6822
3461 3461
1892 1892
6868 6868
3429 3429
6582 6582
1351 1351
6373 6373
3038 3038
6866 6866
6865 6865
4707 4707
6597 6597
6424 6424
5249 5249
211 211
4329 4329
1245 1245
1830 1830
4777 4777
4331 4331
6315 6315
6395 6395
1162 1162
4871 4871
3378 3378
2852 2852
6824 6824
1828 1828
1161 1161
4625 4625
6317 6317
5333 5333
4868 4868
3764 3764
399 399
3413 3413
3099 3099
841 841
4157 4157
1876 1876
4082 4082
4092 4092
4126 4126
4683 4683
2912 2912
4175 4175
1780 1780
4827 4827
4192 4192
4161 4161
3335 3335
3122 3122
4725 4725
1146 1146
3385 3385
1292 1292
3425 3425
4419 4419
3175 3175
1014 1014
942 942
788 788
6563 6563
1497 1497
6330 6330
6482 6482
2869 2869
1061 1061
599 599
3386 3386
2929 2929
4326 4326
2999 2999
3457 3457
1255 1255
3423 3423
888 888
210 210
4396 4396
3453 3453
3460 3460
1254 1254
6800 6800
650 650
305 305
4376 4376
4225 4225
253 253
1806 1806
1814 1814
696 696
5143 5143
384 384
4428 4428
4733 4733
6617 6617
1897 1897
5355 5355
4130 4130
6323 6323
2892 2892
4682 4682
4448 4448
6294 6294
1220 1220
4093 4093
3325 3325
302 302
911 911
1190 1190
5342 5342
1304 1304
4828 4828
3121 3121
3195 3195
4174 4174
6531 6531
1499 1499
6295 6295
6288 6288
6486 6486
4935 4935
3320 3320
674 674
1520 1520
4609 4609
1195 1195
6559 6559
1013 1013
2914 2914
863 863
1898 1898
2952 2952
1040 1040
3334 3334
1290 1290
3196 3196
6538 6538
4550 4550
4285 4285
4814 4814
648 648
1880 1880
4730 4730
4127 4127
5360 5360
1301 1301
2913 2913
4454 4454
3206 3206
1422 1422
4435 4435
602 602
1786 1786
801 801
4971 4971
2862 2862
1017 1017
1018 1018
1159 1159
1173 1173
845 845
1864 1864
997 997
4728 4728
3120 3120
1160 1160
4357 4357
1121 1121
4387 4387
3177 3177
1204 1204
4628 4628
4131 4131
3067 3067
2866 2866
5250 5250
1861 1861
691 691
3124 3124
2942 2942
1638 1638
4459 4459
4775 4775
730 730
1129 1129
4458 4458
1787 1787
3019 3019
796 796
829 829
1174 1174
3181 3181
4552 4552
1519 1519
2863 2863
2935 2935
4648 4648
603 603
1002 1002
1524 1524
2967 2967
4680 4680
1509 1509
4622 4622
1027 1027
1769 1769
895 895
4286 4286
4776 4776
1042 1042
652 652
4176 4176
4414 4414
830 830
3724 3724
6296 6296
4548 4548
732 732
4473 4473
1737 1737
1881 1881
641 641
4686 4686
955 955
5251 5251
4966 4966
4930 4930
6560 6560
4153 4153
1122 1122
1306 1306
3006 3006
4398 4398
4344 4344
1348 1348
676 676
1480 1480
5354 5354
4088 4088
4110 4110
802 802
4177 4177
4968 4968
1788 1788
1038 1038
4316 4316
1214 1214
4537 4537
5282 5282
1125 1125
2972 2972
4483 4483
4488 4488
6874 6874
2905 2905
4973 4973
1128 1128
688 688
1417 1417
2953 2953
4379 4379
4389 4389
791 791
5265 5265
1456 1456
2917 2917
4542 4542
4487 4487
4546 4546
1820 1820
6527 6527
6291 6291
4335 4335
4476 4476
4934 4934
6510 6510
4953 4953
4543 4543
3134 3134
4994 4994
3112 3112
859 859
6379 6379
3183 3183
4143 4143
4808 4808
4452 4452
5256 5256
1329 1329
4135 4135
4688 4688
1535 1535
6571 6571
1511 1511
6430 6430
6285 6285
3106 3106
1032 1032
4340 4340
2834 2834
1044 1044
4118 4118
2880 2880
3107 3107
1006 1006
3155 3155
4724 4724
6878 6878
5255 5255
6308 6308
4337 4337
1063 1063
1862 1862
4627 4627
6290 6290
3137 3137
636 636
4223 4223
855 855
3090 3090
1450 1450
1200 1200
5266 5266
6302 6302
6286 6286
4619 4619
4270 4270
1337 1337
6292 6292
4689 4689
4377 4377
1478 1478
4334 4334
1149 1149
4150 4150
1003 1003
1069 1069
6512 6512
4621 4621
4687 4687
1203 1203
1023 1023
1759 1759
4749 4749
1033 1033
4166 4166
4470 4470
927 927
3507 3507
5234 5234
1167 1167
4409 4409
4545 4545
4503 4503
818 818
1518 1518
4796 4796
4544 4544
1133 1133
4957 4957
4451 4451
875 875
4317 4317
4442 4442
4391 4391
726 726
6567 6567
4922 4922
4615 4615
721 721
4553 4553
1465 1465
4956 4956
4806 4806
1055 1055
4997 4997
1048 1048
6557 6557
1168 1168
4923 4923
4747 4747
4437 4437
4921 4921
4142 4142
4492 4492
1031 1031
6383 6383
861 861
1799 1799
720 720
4522 4522
1132 1132
6505 6505
4282 4282
4964 4964
5295 5295
1114 1114
1791 1791
2829 2829
1758 1758
3016 3016
1809 1809
4107 4107
4989 4989
4697 4697
4804 4804
4392 4392
4393 4393
4341 4341
2881 2881
1755 1755
4369 4369
5225 5225
3026 3026
1112 1112
4338 4338
3500 3500
1369 1369
1821 1821
1116 1116
860 860
1182 1182
975 975
4495 4495
1080 1080
4493 4493
4102 4102
1236 1236
857 857
2908 2908
4467 4467
4698 4698
1322 1322
4528 4528
4359 4359
1460 1460
677 677
658 658
4746 4746
3029 3029
4198 4198
6284 6284
1238 1238
952 952
1449 1449
1529 1529
1091 1091
3511 3511
944 944
4846 4846
4382 4382
4941 4941
4602 4602
1179 1179
1093 1093
4597 4597
618 618
4607 4607
966 966
1795 1795
3096 3096
723 723
978 978
987 987
882 882
872 872
3093 3093
705 705
751 751
2825 2825
3080 3080
2819 2819
4431 4431
968 968
1327 1327
6338 6338
3007 3007
3129 3129
4533 4533
4671 4671
1466 1466
1464 1464
767 767
1323 1323
1187 1187
4629 4629
6310 6310
5281 5281
883 883
4221 4221
4238 4238
4985 4985
783 783
967 967
4443 4443
3094 3094
6466 6466
849 849
4580 4580
4515 4515
6872 6872
4240 4240
768 768
1265 1265
4950 4950
4999 4999
1458 1458
722 722
823 823
1396 1396
2843 2843
4530 4530
2845 2845
836 836
1481 1481
901 901
619 619
4672 4672
4571 4571
2831 2831
4573 4573
1454 1454
973 973
664 664
4352 4352
4575 4575
6554 6554
837 837
957 957
3130 3130
902 902
4583 4583
884 884
946 946
4641 4641
4936 4936
905 905
1178 1178
4582 4582
903 903
2830 2830
1077 1077
