23 1
2 2
5 5
7 7
8 8
3697 9
504 14
17 17
18 18
5604 19
687 22
24 24
523 25
26 26
4002 30
5578 33
34 34
35 35
36 36
364 37
212 38
44 44
5777 45
4827 46
2111 48
391 52
3410 57
1627 61
3861 63
64 64
2746 65
1036 66
67 67
5566 68
6728 70
447 71
1087 73
764 76
6327 78
81 81
82 82
855 85
87 87
89 89
1068 91
92 92
3654 93
94 94
6044 95
2072 98
99 99
100 100
2531 101
4829 102
105 105
2418 106
108 108
112 112
277 114
116 116
247 117
118 118
119 119
5951 121
122 122
123 123
4280 124
126 126
128 128
2321 130
5655 132
133 133
134 134
2116 136
5213 137
138 138
5147 139
6434 140
4591 142
144 144
145 145
858 146
149 149
5174 150
153 153
307 154
155 155
157 157
1076 158
163 163
3335 165
4829 166
2896 167
6308 173
259 175
3007 180
184 184
6243 191
5236 192
193 193
6259 194
2477 195
6671 198
3347 199
882 201
202 202
203 203
3175 204
209 209
210 210
211 211
214 214
215 215
218 218
221 221
5592 222
4833 224
227 227
228 228
230 230
231 231
182 236
3862 240
241 241
2254 245
246 246
247 247
1094 248
5511 249
253 253
5918 254
258 258
260 260
261 261
2950 262
971 264
268 268
269 269
273 273
275 275
5107 276
279 279
5419 281
285 285
288 288
3378 291
292 292
293 293
294 294
2457 295
296 296
297 297
300 300
302 302
1457 304
305 305
5066 308
309 309
310 310
311 311
312 312
1283 313
4853 314
315 315
4584 316
317 317
324 324
325 325
328 328
5794 333
3453 337
1578 338
340 340
341 341
342 342
343 343
527 345
346 346
347 347
351 351
5503 352
3040 357
359 359
360 360
3836 363
1481 368
372 372
4053 373
374 374
1778 376
377 377
381 381
382 382
384 384
387 387
626 388
2176 389
3516 390
392 392
2995 395
396 396
398 398
399 399
400 400
325 401
5615 405
926 407
408 408
409 409
410 410
412 412
970 414
1489 419
421 421
519 422
1692 428
429 429
3452 431
432 432
5230 433
926 435
436 436
2851 437
2140 438
439 439
441 441
2833 442
443 443
2304 445
570 446
448 448
449 449
5559 450
1892 452
456 456
95 461
464 464
466 466
6728 467
468 468
892 471
472 472
3686 474
475 475
1963 476
1185 478
0 481
482 482
3077 483
2528 484
2995 486
3058 487
488 488
492 492
494 494
495 495
499 499
6728 500
505 505
5947 506
507 507
6543 509
515 515
516 516
524 524
533 533
2512 534
536 536
537 537
538 538
678 539
540 540
3962 541
542 542
544 544
545 545
5746 550
193 551
4021 552
4990 553
1970 555
1381 556
557 557
558 558
5524 559
560 560
6228 563
1185 564
565 565
566 566
4687 567
3173 569
570 570
380 576
578 578
100 582
583 583
6557 584
372 585
586 586
597 597
309 598
599 599
602 602
603 603
618 609
5987 615
2100 616
618 618
619 619
1239 622
2878 623
3990 632
4544 634
636 636
4102 637
641 641
4178 643
5077 645
2460 646
2026 647
648 648
650 650
652 652
658 658
6069 659
5055 662
516 663
664 664
6391 666
5191 667
669 669
4197 671
674 674
676 676
677 677
2040 680
4162 686
688 688
691 691
693 693
3955 695
696 696
1608 697
982 698
700 700
705 705
1806 710
715 715
6295 718
720 720
721 721
722 722
723 723
2419 724
726 726
461 728
730 730
5444 731
732 732
1143 735
738 738
739 739
5542 741
742 742
6006 743
2671 745
4075 746
516 749
635 750
751 751
754 754
6056 755
759 759
760 760
6503 762
764 764
767 767
768 768
6269 769
4587 770
771 771
772 772
773 773
1018 779
783 783
2285 785
788 788
791 791
796 796
801 801
802 802
803 803
5106 807
1181 810
635 811
3896 815
3540 816
818 818
819 819
821 821
823 823
1460 826
184 827
829 829
830 830
3647 833
3052 835
836 836
837 837
6127 840
841 841
1314 844
845 845
3955 847
849 849
2574 853
855 855
857 857
859 859
860 860
861 861
1947 862
863 863
3 864
4053 865
265 866
6181 868
872 872
3932 873
875 875
882 882
883 883
884 884
888 888
1180 889
895 895
2920 897
1731 898
4011 900
901 901
902 902
903 903
905 905
5247 907
6522 910
911 911
4788 917
6093 922
927 927
907 929
936 936
1605 939
942 942
944 944
946 946
3204 948
392 949
952 952
4829 953
955 955
957 957
2262 960
4051 963
966 966
967 967
968 968
2567 969
973 973
2088 974
975 975
978 978
6336 982
2876 983
4780 985
3540 986
987 987
5805 988
5749 993
6856 994
1481 995
997 997
3515 998
1002 1002
1003 1003
1006 1006
5849 1008
5744 1009
3973 1011
1013 1013
1014 1014
1017 1017
1018 1018
4587 1019
1023 1023
1027 1027
4745 1028
2406 1030
1031 1031
1032 1032
1033 1033
4829 1034
5122 1037
1038 1038
4500 1039
1040 1040
1042 1042
6127 1043
1044 1044
1503 1045
1352 1046
1048 1048
5466 1051
3975 1052
1055 1055
4960 1059
1061 1061
1063 1063
4041 1064
4100 1065
1069 1069
6451 1073
1077 1077
1080 1080
3287 1082
1633 1083
5456 1085
6616 1086
2397 1089
4143 1090
1091 1091
1093 1093
6783 1096
3436 1106
3896 1107
1577 1108
6797 1110
5470 1111
1112 1112
845 1113
1114 1114
1116 1116
4560 1117
1806 1120
1121 1121
1122 1122
5968 1123
1125 1125
1235 1126
1128 1128
1129 1129
1909 1131
1132 1132
1133 1133
2673 1135
1137 1137
1140 1140
3077 1141
1146 1146
380 1147
1149 1149
6657 1150
4853 1151
5564 1152
1199 1156
1159 1159
1160 1160
1161 1161
1162 1162
1164 1164
1165 1165
1167 1167
1168 1168
3206 1169
5150 1172
1173 1173
1174 1174
1178 1178
1179 1179
1182 1182
629 1183
6196 1185
1187 1187
1190 1190
5077 1194
1195 1195
4893 1197
1199 1199
1200 1200
3438 1201
1203 1203
1204 1204
5729 1205
4558 1206
2281 1208
1214 1214
5553 1217
1220 1220
1223 1223
1498 1224
1225 1225
1227 1227
2673 1229
6671 1234
3769 1235
1236 1236
1238 1238
1481 1240
3656 1241
4444 1242
1245 1245
4855 1248
3430 1250
2691 1253
1254 1254
1255 1255
356 1257
1258 1258
5285 1260
783 1262
4449 1264
1265 1265
5849 1267
4635 1272
1275 1275
583 1276
1279 1279
1280 1280
2649 1281
1284 1284
3173 1285
3646 1286
1290 1290
2351 1291
1292 1292
9 1294
3391 1295
1301 1301
4669 1302
1304 1304
1306 1306
6233 1307
4615 1308
1311 1311
940 1313
1627 1314
1024 1316
2283 1320
1322 1322
1323 1323
1952 1324
5275 1326
1327 1327
4890 1328
1329 1329
5195 1330
1331 1331
4686 1333
6640 1336
1337 1337
3466 1343
1588 1345
6665 1346
1348 1348
4205 1349
1350 1350
1351 1351
1355 1355
1356 1356
1360 1360
2466 1362
4152 1364
1369 1369
379 1375
4510 1376
1379 1379
3833 1384
1386 1386
1387 1387
5891 1388
1390 1390
1391 1391
1392 1392
1393 1393
1395 1395
1396 1396
6604 1401
1402 1402
2281 1403
508 1404
1409 1409
1411 1411
2238 1415
1417 1417
1418 1418
1419 1419
1082 1420
1422 1422
4510 1423
1431 1431
1433 1433
3215 1434
1275 1436
1439 1439
3419 1441
2123 1442
3173 1446
4075 1448
1449 1449
1450 1450
1452 1452
9 1453
1454 1454
4188 1455
1456 1456
5482 1457
1458 1458
1460 1460
6132 1461
1340 1462
1464 1464
1465 1465
1466 1466
6797 1468
5683 1474
1478 1478
1480 1480
1481 1481
6264 1483
3777 1484
5704 1490
730 1492
5437 1493
4536 1495
2826 1496
1497 1497
1498 1498
1499 1499
1640 1501
2183 1502
2148 1507
3133 1508
1509 1509
1511 1511
1518 1518
1519 1519
1520 1520
6521 1521
6148 1523
1524 1524
5729 1528
1529 1529
6569 1531
1534 1534
1535 1535
1537 1537
1538 1538
1541 1541
288 1542
1543 1543
1545 1545
1547 1547
1548 1548
1549 1549
3934 1550
6836 1552
1390 1554
1556 1556
1557 1557
317 1558
1561 1561
4999 1563
567 1564
1567 1567
1568 1568
256 1570
1571 1571
2146 1572
1573 1573
1576 1576
1579 1579
3745 1580
853 1584
1542 1585
4237 1586
6841 1588
1503 1591
1181 1592
1593 1593
1594 1594
1595 1595
1598 1598
1601 1601
1603 1603
2837 1604
6287 1607
1608 1608
1609 1609
1023 1610
1612 1612
6828 1613
1614 1614
6337 1615
1801 1616
6148 1617
1618 1618
1619 1619
1231 1620
2243 1622
6772 1624
1625 1625
1627 1627
1628 1628
1926 1630
3621 1631
1632 1632
1633 1633
1634 1634
1945 1635
1637 1637
1638 1638
1644 1644
1646 1646
1647 1647
1649 1649
1652 1652
3707 1653
4247 1655
1657 1657
6301 1658
1660 1660
1661 1661
1662 1662
1663 1663
6132 1665
6038 1666
1669 1669
1670 1670
3397 1673
2903 1677
1680 1680
1088 1682
1683 1683
1684 1684
1687 1687
1689 1689
5201 1690
5807 1691
2111 1694
6881 1697
6493 1698
1699 1699
1700 1700
1704 1704
2411 1707
4533 1708
356 1709
1712 1712
1714 1714
1717 1717
1720 1720
3623 1721
151 1722
5026 1724
1725 1725
1588 1727
1728 1728
1730 1730
1737 1737
1738 1738
1739 1739
4197 1741
5710 1744
4202 1746
1953 1747
5581 1748
1749 1749
555 1750
1752 1752
2178 1753
2913 1754
1755 1755
444 1757
1758 1758
1759 1759
6841 1760
1761 1761
1764 1764
1766 1766
1769 1769
1770 1770
1119 1775
6594 1779
1780 1780
250 1781
1968 1783
1784 1784
1786 1786
1787 1787
1788 1788
452 1789
1791 1791
6354 1792
4626 1793
1795 1795
610 1796
1036 1798
1799 1799
5293 1805
1806 1806
2360 1808
1809 1809
1914 1813
1814 1814
6405 1816
6036 1819
1820 1820
1821 1821
1826 1826
1828 1828
1830 1830
1833 1833
2527 1835
2155 1837
3251 1838
1840 1840
4723 1843
1847 1847
3173 1848
4984 1851
1852 1852
1853 1853
1854 1854
1390 1856
650 1857
2015 1860
1861 1861
1862 1862
1390 1863
1864 1864
2896 1865
5197 1867
4924 1869
1870 1870
304 1872
1874 1874
1876 1876
1880 1880
1881 1881
1885 1885
1225 1886
2883 1887
6114 1890
623 1891
1892 1892
1938 1896
1897 1897
1898 1898
565 1899
1900 1900
6659 1901
1902 1902
1904 1904
1912 1912
1913 1913
1914 1914
1916 1916
6106 1917
1919 1919
2685 1924
3759 1927
565 1930
2177 1932
1933 1933
1934 1934
3095 1935
1938 1938
1939 1939
1941 1941
1942 1942
1943 1943
1946 1946
513 1947
1591 1948
1953 1953
1947 1954
6127 1955
2411 1958
1928 1959
1962 1962
5363 1963
6093 1965
1966 1966
1967 1967
5976 1968
1977 1977
5029 1978
1980 1980
1957 1982
1983 1983
1984 1984
1986 1986
1987 1987
1992 1992
1993 1993
4397 1994
1995 1995
2416 1997
6299 2000
2001 2001
2004 2004
2233 2005
2007 2007
1210 2008
2010 2010
6246 2011
2013 2013
2014 2014
2018 2018
2019 2019
2022 2022
6710 2025
5586 2026
85 2027
922 2028
1250 2029
2031 2031
1147 2035
2036 2036
4155 2037
1405 2046
2049 2049
1945 2050
2051 2051
2052 2052
2054 2054
6517 2055
2056 2056
2058 2058
2064 2064
4932 2067
5689 2068
4572 2069
156 2078
2079 2079
2080 2080
2608 2081
2617 2082
2083 2083
2084 2084
2086 2086
2087 2087
3530 2088
2089 2089
5586 2090
2092 2092
347 2093
2095 2095
4884 2098
2099 2099
6050 2100
1481 2101
2102 2102
2224 2103
2105 2105
2107 2107
2112 2112
3182 2113
2114 2114
5863 2115
2118 2118
3170 2119
3807 2121
658 2123
2124 2124
347 2128
2129 2129
2923 2130
837 2133
6658 2136
2140 2140
4875 2142
2144 2144
2145 2145
5236 2149
2150 2150
3542 2151
2152 2152
3734 2154
1832 2156
4144 2158
6595 2163
5812 2167
2908 2168
3335 2172
4202 2174
2175 2175
2176 2176
2178 2178
3626 2179
2180 2180
2181 2181
2182 2182
6228 2183
3688 2184
3720 2188
2191 2191
2193 2193
2283 2194
2197 2197
3127 2198
189 2199
2204 2204
2205 2205
1468 2206
2210 2210
2213 2213
2216 2216
6671 2218
2220 2220
3260 2224
2225 2225
2227 2227
232 2229
5315 2232
2233 2233
656 2238
2239 2239
2985 2240
2241 2241
5871 2242
2243 2243
1608 2246
2247 2247
2250 2250
2253 2253
2254 2254
2255 2255
2256 2256
2260 2260
4389 2261
5733 2266
2267 2267
6066 2268
6549 2270
2272 2272
2927 2273
3487 2274
6787 2276
2278 2278
2279 2279
2280 2280
2282 2282
4844 2283
2286 2286
2288 2288
2289 2289
883 2291
2292 2292
1674 2295
2296 2296
2297 2297
108 2298
2299 2299
6563 2305
2308 2308
2309 2309
982 2310
1828 2311
2312 2312
2316 2316
2317 2317
2318 2318
2319 2319
2321 2321
2324 2324
472 2325
2326 2326
4053 2328
2131 2329
6006 2330
4722 2331
2332 2332
3167 2333
982 2337
2338 2338
5903 2340
2342 2342
960 2343
6081 2345
2346 2346
18 2347
6723 2348
2350 2350
4075 2353
2355 2355
9 2358
2362 2362
3691 2364
2367 2367
2370 2370
2375 2375
2377 2377
1044 2380
2202 2381
2382 2382
4247 2383
2385 2385
3969 2386
3403 2387
2388 2388
2389 2389
5729 2390
2393 2393
2400 2400
2401 2401
27 2403
2847 2408
4053 2410
2412 2412
6682 2414
5819 2416
2418 2418
1110 2421
6006 2422
2423 2423
663 2424
2425 2425
2427 2427
2428 2428
2429 2429
2432 2432
2434 2434
2435 2435
6522 2436
4727 2440
2441 2441
2442 2442
2446 2446
2448 2448
6721 2449
6195 2450
5923 2454
6391 2455
2456 2456
2457 2457
4813 2466
2467 2467
2468 2468
250 2469
2470 2470
2471 2471
2475 2475
6050 2476
2484 2484
2485 2485
5466 2486
2490 2490
5831 2492
2497 2497
2498 2498
2499 2499
3718 2500
4947 2501
2502 2502
2503 2503
2051 2504
2506 2506
2509 2509
2896 2510
2511 2511
2514 2514
3237 2516
2517 2517
2617 2518
2523 2523
2526 2526
2533 2533
2535 2535
2536 2536
2537 2537
3789 2538
4559 2539
2270 2540
2541 2541
2542 2542
2968 2547
2549 2549
2550 2550
114 2551
5478 2552
4611 2553
2554 2554
2556 2556
6056 2558
2559 2559
2561 2561
4178 2562
114 2563
4889 2564
2567 2567
2571 2571
3683 2572
2573 2573
2821 2575
1173 2576
2985 2578
6436 2579
2581 2581
3635 2584
1957 2590
2593 2593
2594 2594
2596 2596
5824 2597
2043 2598
2600 2600
2610 2610
2611 2611
2613 2613
2614 2614
747 2617
2619 2619
3112 2620
2621 2621
2623 2623
2630 2630
3202 2633
5612 2634
2636 2636
2638 2638
2639 2639
2642 2642
2643 2643
2644 2644
3206 2645
2646 2646
2648 2648
1613 2651
2652 2652
2654 2654
635 2657
2659 2659
1909 2660
2806 2666
5087 2668
2670 2670
2671 2671
5769 2673
181 2674
2920 2675
3487 2676
2677 2677
4231 2680
2684 2684
2685 2685
5446 2686
2688 2688
2689 2689
2691 2691
947 2694
961 2697
2698 2698
2700 2700
2701 2701
2705 2705
747 2706
5584 2707
1930 2708
4248 2709
2711 2711
2717 2712
2715 2715
3030 2720
2721 2721
2722 2722
4520 2724
2726 2726
5646 2727
2728 2728
784 2729
2731 2731
2732 2732
6527 2733
5410 2734
2737 2737
3272 2738
2740 2740
2743 2743
3072 2745
1813 2748
5961 2751
4155 2755
5817 2757
4287 2760
199 2762
2765 2765
1888 2769
1248 2771
1708 2774
2775 2775
6420 2776
3755 2778
2783 2783
2784 2784
2786 2786
2790 2790
2792 2792
2793 2793
2795 2795
6044 2796
2798 2798
2799 2799
6592 2800
2743 2807
2808 2808
2811 2811
2814 2814
2815 2815
2817 2817
2818 2818
2819 2819
3782 2823
3688 2824
2825 2825
5068 2826
2829 2829
2830 2830
2831 2831
2834 2834
2445 2838
836 2841
2843 2843
2845 2845
5890 2846
103 2851
2852 2852
3718 2853
1493 2855
3 2856
2857 2857
1289 2859
2860 2860
2862 2862
2863 2863
2866 2866
4671 2867
3418 2868
2869 2869
6324 2870
2873 2873
1112 2874
842 2875
2212 2876
3427 2878
6710 2879
2880 2880
2881 2881
383 2888
5622 2890
2892 2892
2895 2895
3336 2896
2897 2897
2899 2899
1840 2900
2003 2902
1481 2903
2905 2905
4244 2907
2908 2908
4083 2910
2912 2912
2913 2913
2914 2914
2917 2917
3487 2920
1211 2921
2326 2923
1235 2925
2927 2927
2929 2929
982 2931
3667 2932
2935 2935
921 2939
2941 2941
2942 2942
2999 2944
2473 2947
3873 2949
4663 2950
2952 2952
2953 2953
5413 2954
1938 2958
623 2961
3638 2962
2963 2963
2964 2964
2965 2965
4775 2966
2967 2967
2199 2969
2972 2972
2976 2976
3926 2980
2982 2982
2192 2984
2985 2985
6069 2986
2989 2989
865 2991
2992 2992
5069 2994
2736 2995
2999 2999
3000 3000
3001 3001
3003 3003
3004 3004
3006 3006
3007 3007
3202 3012
3587 3013
6006 3014
3016 3016
2370 3017
3019 3019
5187 3020
5088 3024
3026 3026
3029 3029
1632 3031
2580 3033
3036 3036
3037 3037
3038 3038
3039 3039
3043 3043
6880 3044
1182 3045
4998 3050
3052 3052
1456 3053
1910 3054
2646 3055
3056 3056
3582 3057
3058 3058
1882 3061
3062 3062
3063 3063
3064 3064
3066 3066
3067 3067
3843 3069
4254 3077
3078 3078
3080 3080
1275 3083
5995 3085
3281 3087
1462 3089
3090 3090
81 3091
3093 3093
3094 3094
3096 3096
3099 3099
5729 3101
4829 3105
3106 3106
3107 3107
1605 3111
3112 3112
2884 3113
940 3114
1031 3118
3120 3120
3121 3121
3122 3122
3124 3124
3129 3129
3130 3130
3131 3131
1397 3133
3134 3134
3135 3135
3137 3137
1667 3139
3148 3148
6554 3150
5794 3153
6176 3154
3155 3155
944 3159
690 3161
4591 3162
3163 3163
3165 3165
5888 3166
3168 3168
3172 3172
2528 3173
3175 3175
977 3176
3177 3177
4963 3179
6858 3180
3181 3181
3183 3183
6056 3186
1871 3189
1101 3190
4444 3192
5327 3194
3195 3195
3196 3196
4385 3199
3201 3201
3456 3204
3206 3206
3207 3207
2229 3210
3213 3213
3216 3216
3217 3217
3672 3219
1961 3221
3223 3223
1514 3227
3228 3228
3229 3229
28 3232
3234 3234
1287 3238
3240 3240
3241 3241
3242 3242
3243 3243
2656 3244
3245 3245
5119 3246
3251 3251
3254 3254
3255 3255
2176 3256
3258 3258
3260 3260
3261 3261
5096 3264
3267 3267
3269 3269
6762 3270
2281 3273
3274 3274
3275 3275
635 3276
3278 3278
3280 3280
3283 3283
3284 3284
3286 3286
4411 3287
3289 3289
3292 3292
3577 3294
6038 3296
2304 3299
25 3305
3644 3307
3310 3310
3314 3314
3316 3316
3317 3317
3320 3320
2097 3321
1058 3322
2234 3323
3325 3325
850 3326
4889 3327
4435 3330
1010 3331
3332 3332
3334 3334
3335 3335
4829 3336
3338 3338
586 3340
3342 3342
3344 3344
394 3345
1976 3346
3348 3348
4683 3354
3355 3355
3897 3358
4644 3361
3363 3363
3365 3365
3367 3367
3371 3371
4204 3376
3378 3378
275 3382
4346 3384
3385 3385
3386 3386
5437 3389
1426 3390
4231 3394
3395 3395
5470 3396
3397 3397
1957 3404
3405 3405
5360 3411
3413 3413
3414 3414
384 3417
2184 3418
1163 3421
3423 3423
3425 3425
3429 3429
1250 3430
3434 3434
783 3438
801 3439
3440 3440
4674 3441
3442 3442
3445 3445
3447 3447
3449 3449
899 3451
1927 3452
3453 3453
5564 3454
755 3455
3456 3456
3457 3457
3460 3460
3461 3461
4312 3469
274 3473
936 3474
3489 3489
3672 3493
3494 3494
3495 3495
2254 3498
3499 3499
3500 3500
5684 3505
3507 3507
3511 3511
1275 3512
5021 3514
3517 3517
3518 3518
3521 3521
121 3528
5003 3529
1446 3535
6488 3538
3541 3541
616 3542
2867 3546
3548 3548
6006 3549
6783 3550
3551 3551
3552 3552
3554 3554
3555 3555
4313 3558
4207 3562
3565 3565
3566 3566
3567 3567
3568 3568
1223 3575
3576 3576
3579 3579
3583 3583
3586 3586
6308 3587
4103 3588
1641 3589
3335 3592
4519 3595
3596 3596
1275 3599
3601 3601
3602 3602
3603 3603
3605 3605
3612 3612
3613 3613
5492 3614
3621 3621
3622 3622
4419 3625
2563 3627
6181 3629
3631 3631
3341 3632
2920 3634
3635 3635
3637 3637
3638 3638
5605 3641
2372 3642
3643 3643
5765 3645
5054 3646
3648 3648
3649 3649
3189 3650
3621 3651
3707 3652
3658 3658
3660 3660
3661 3661
4829 3668
3670 3670
372 3672
3673 3673
3674 3674
3913 3681
3682 3682
3684 3684
383 3686
1481 3687
5962 3688
3689 3689
3690 3690
3691 3691
3692 3692
3695 3695
3785 3696
362 3697
4015 3699
3702 3702
3703 3703
3704 3704
3705 3705
3706 3706
6745 3709
3710 3710
558 3714
6498 3716
3717 3717
3705 3721
3723 3723
3724 3724
3975 3726
3728 3728
3997 3729
3730 3730
6087 3732
3733 3733
4157 3734
3737 3737
3738 3738
6595 3739
3869 3744
3774 3749
3750 3750
3752 3752
3754 3754
1158 3755
3757 3757
3759 3759
1928 3761
6284 3762
3763 3763
3764 3764
3765 3765
3766 3766
3767 3767
2903 3771
3774 3774
4075 3775
3777 3777
3778 3778
4003 3779
3780 3780
3781 3781
3782 3782
6523 3785
3789 3789
4102 3790
3791 3791
1 3795
3796 3796
3798 3798
4809 3801
6587 3802
3803 3803
3806 3806
3809 3809
3816 3810
3811 3811
3827 3814
4009 3815
3816 3816
6471 3819
3790 3822
3683 3823
5951 3824
3471 3825
3718 3826
3828 3828
3829 3829
3832 3832
3833 3833
3835 3835
3840 3840
3843 3843
3844 3844
3845 3845
3848 3848
3850 3850
3851 3851
3189 3852
2578 3853
4033 3855
3856 3856
3827 3857
3967 3858
3859 3859
825 3860
3861 3861
5627 3863
3864 3864
4232 3865
73 3867
1850 3868
3870 3870
3707 3873
3874 3874
4126 3875
3877 3877
3880 3880
2709 3881
3883 3883
3884 3884
3885 3885
3886 3886
3967 3887
3990 3889
3892 3892
2356 3893
3895 3895
2629 3900
1111 3902
4058 3904
3906 3906
2021 3907
3909 3909
3937 3911
3913 3913
3914 3914
3916 3916
3743 3922
3717 3924
3925 3925
1757 3926
3896 3927
4041 3929
3932 3932
6250 3934
3935 3935
3936 3936
4738 3937
4088 3938
3941 3941
3942 3942
3944 3944
232 3948
326 3950
1283 3951
3953 3953
6763 3954
3956 3956
3758 3957
3958 3958
6303 3960
3962 3962
2797 3963
3965 3965
4864 3967
3969 3969
3761 3971
3804 3974
6376 3975
3976 3976
4074 3978
3979 3979
3980 3980
1408 3983
3985 3985
3986 3986
4036 3987
3843 3990
5742 3991
3992 3992
4088 3997
2419 3999
4001 4001
4002 4002
653 4003
4004 4004
4005 4005
4501 4007
3990 4012
4013 4013
4014 4014
3913 4015
4016 4016
4018 4018
4021 4021
808 4024
1353 4025
4028 4028
4029 4029
4031 4031
4032 4032
6884 4033
4035 4035
4036 4036
2130 4037
4038 4038
3335 4039
4042 4042
4045 4045
3827 4046
4047 4047
4048 4048
4050 4050
563 4051
5647 4053
6619 4055
2922 4057
4058 4058
4060 4060
4100 4062
4066 4066
4067 4067
6787 4069
3975 4070
4071 4071
3824 4072
4073 4073
4074 4074
4075 4078
4080 4080
4082 4082
3723 4084
3963 4087
4088 4088
4092 4092
4093 4093
4096 4096
3822 4097
156 4100
4102 4102
4107 4107
4110 4110
403 4115
4116 4116
4118 4118
4123 4123
3990 4124
4125 4125
4126 4126
4127 4127
4130 4130
4131 4131
4523 4132
3956 4134
4135 4135
6288 4137
5786 4138
278 4139
4142 4142
4143 4143
4150 4150
4613 4152
4153 4153
4157 4157
5824 4160
4161 4161
3864 4162
4163 4163
4166 4166
3718 4167
4168 4168
1032 4169
921 4170
6029 4171
4174 4174
4175 4175
4176 4176
4177 4177
4179 4179
96 4181
5549 4182
508 4185
4187 4187
4270 4188
3084 4191
4192 4192
3560 4195
1781 4196
4198 4198
2421 4199
4201 4201
4203 4203
5388 4205
1865 4206
4274 4208
29 4210
1160 4215
2896 4216
3123 4218
4221 4221
3213 4222
4223 4223
4224 4224
4225 4225
4227 4227
6051 4228
4233 4233
4483 4236
4238 4238
4240 4240
4241 4241
4242 4242
4246 4246
4247 4247
4832 4248
4250 4250
4251 4251
250 4252
3270 4254
6888 4256
3718 4257
4258 4258
4262 4262
362 4263
4267 4267
4268 4268
4270 4270
4075 4273
6589 4274
2896 4275
4277 4277
472 4280
4282 4282
4285 4285
4286 4286
4540 4289
4291 4291
1957 4295
6190 4298
4299 4299
502 4303
1481 4305
4306 4306
6423 4308
4555 4309
3990 4311
4314 4314
2891 4315
4316 4316
4317 4317
3712 4319
2760 4320
4326 4326
4328 4328
4329 4329
2023 4330
4331 4331
6066 4332
4334 4334
4335 4335
4337 4337
4338 4338
4340 4340
4341 4341
4344 4344
3686 4345
362 4346
3457 4347
4352 4352
4357 4357
4359 4359
5096 4360
5064 4364
4366 4366
4367 4367
2896 4368
4369 4369
4372 4372
2281 4374
4376 4376
4377 4377
4897 4378
4379 4379
4382 4382
6145 4383
188 4384
4387 4387
4389 4389
4391 4391
4392 4392
4393 4393
2987 4395
4396 4396
4398 4398
5693 4404
4409 4409
3866 4410
6589 4411
4516 4413
4414 4414
4417 4417
4419 4419
5647 4421
358 4422
4668 4425
4428 4428
3182 4430
4431 4431
2135 4434
4435 4435
4437 4437
5500 4438
5355 4440
4442 4442
4443 4443
4291 4446
4448 4448
4449 4449
4451 4451
4452 4452
4454 4454
1953 4455
4458 4458
4459 4459
6420 4462
4467 4467
387 4468
4470 4470
4473 4473
4476 4476
536 4480
3990 4481
4483 4483
3380 4485
4487 4487
4488 4488
3756 4489
5656 4490
4492 4492
4493 4493
4495 4495
5282 4499
3340 4500
2659 4501
626 4502
4503 4503
4515 4515
2509 4516
1840 4518
3982 4519
2097 4520
4522 4522
4528 4528
4345 4529
4530 4530
4533 4533
4800 4536
4537 4537
610 4538
6405 4540
4542 4542
4543 4543
4544 4544
4545 4545
4546 4546
6380 4547
4548 4548
3679 4549
4550 4550
4552 4552
4553 4553
887 4555
520 4556
5769 4558
3833 4559
1695 4564
3873 4565
6006 4568
4571 4571
4573 4573
6557 4574
4575 4575
1852 4577
4580 4580
4582 4582
4583 4583
4796 4588
909 4591
4693 4592
1608 4593
5663 4595
4597 4597
4602 4602
1970 4603
5444 4605
4607 4607
5340 4608
4609 4609
3707 4613
4289 4614
4615 4615
1873 4616
4619 4619
4621 4621
4622 4622
905 4623
4625 4625
4627 4627
4628 4628
4629 4629
6051 4630
5750 4636
2484 4638
2333 4640
4641 4641
4648 4648
4649 4649
6789 4650
1128 4651
6127 4652
3819 4654
2579 4661
5622 4662
5246 4663
6196 4664
4544 4665
5564 4667
4520 4669
4671 4671
4672 4672
3573 4674
6433 4675
4706 4678
356 4679
4680 4680
4682 4682
4683 4683
4685 4685
4686 4686
4687 4687
4688 4688
4689 4689
4178 4692
1180 4696
4697 4697
4698 4698
4957 4700
6690 4702
4705 4705
4707 4707
4709 4709
4710 4710
2359 4711
5594 4714
4853 4716
5881 4718
6593 4719
403 4722
4724 4724
4725 4725
4728 4728
4730 4730
865 4732
4733 4733
6081 4734
4740 4740
2842 4741
439 4743
4744 4744
1592 4745
4746 4746
4747 4747
4749 4749
4751 4751
4752 4752
4754 4754
4757 4757
4762 4762
4763 4763
4764 4764
4765 4765
4778 4773
2896 4774
4775 4775
4776 4776
4777 4777
2579 4781
5912 4784
3302 4786
4788 4788
4789 4789
4790 4790
4159 4791
4444 4795
4796 4796
4913 4798
4800 4800
4224 4802
4804 4804
2344 4805
4806 4806
3380 4807
4808 4808
6768 4810
6222 4811
6603 4812
769 4813
4814 4814
4816 4816
3487 4817
3048 4819
6096 4826
4827 4827
4828 4828
4829 4829
4831 4831
4832 4832
3836 4833
5015 4836
6069 4841
3935 4843
1063 4844
3432 4845
4846 4846
2484 4848
4850 4850
96 4851
4854 4854
4911 4856
4859 4859
4860 4860
892 4863
4865 4865
4868 4868
2528 4870
4871 4871
4873 4873
922 4877
4878 4878
4880 4880
4883 4883
5947 4885
4889 4889
4892 4892
2729 4894
6836 4896
1076 4898
4900 4900
5557 4901
5581 4903
2253 4905
4911 4911
4912 4912
4913 4913
4914 4914
4916 4916
4917 4917
4918 4918
4921 4921
4922 4922
4923 4923
4924 4924
4483 4925
1544 4926
6590 4927
6425 4928
4613 4929
4930 4930
3237 4932
4934 4934
4935 4935
4936 4936
5586 4938
5768 4939
2858 4940
4941 4941
4444 4942
2058 4945
5213 4947
1185 4949
4950 4950
4953 4953
4956 4956
4957 4957
4960 4960
4962 4962
4964 4964
4966 4966
4968 4968
1007 4970
4971 4971
1807 4972
4973 4973
4974 4974
2534 4975
2520 4976
3518 4978
1894 4979
5586 4980
4981 4981
4982 4982
4985 4985
3983 4986
4989 4989
2858 4990
4994 4994
4997 4997
4999 4999
5690 5000
5005 5005
5007 5007
5008 5008
2069 5009
3934 5013
5434 5016
418 5017
5018 5018
398 5019
2189 5020
1585 5023
5024 5024
5026 5026
1138 5031
3397 5035
5039 5039
899 5040
5041 5041
775 5043
1275 5044
5045 5045
886 5046
6682 5048
5050 5050
5080 5051
4364 5052
5053 5053
5054 5054
5055 5055
5056 5056
5058 5058
5059 5059
4053 5060
3623 5063
5066 5066
6006 5067
5223 5068
3607 5070
2359 5071
5072 5072
5074 5074
3529 5079
5080 5080
5081 5081
82 5083
3626 5085
3024 5086
5089 5089
610 5090
3525 5092
5093 5093
968 5094
5095 5095
3963 5097
5100 5100
5101 5101
5102 5102
5632 5104
4567 5109
3527 5112
5116 5116
3380 5120
4520 5123
5124 5124
5125 5125
6181 5126
5253 5127
5128 5128
5131 5131
5132 5132
3727 5133
5136 5136
2089 5138
4827 5142
5143 5143
787 5145
5146 5146
2988 5150
5152 5152
5153 5153
3455 5154
5156 5156
3189 5157
5158 5158
2148 5161
5162 5162
5163 5163
6536 5165
5166 5166
4655 5167
5169 5169
1780 5170
5815 5171
5172 5172
4364 5173
6029 5174
5175 5175
5177 5177
5179 5179
5180 5180
2464 5181
5592 5182
5742 5184
3789 5189
2111 5190
5191 5191
5192 5192
6286 5193
3592 5195
5196 5196
5197 5197
5198 5198
5200 5200
4100 5204
5208 5208
5017 5209
5210 5210
5211 5211
5212 5212
3112 5213
4102 5215
5787 5217
5221 5221
5446 5223
3736 5224
5225 5225
1275 5227
5279 5231
5234 5234
5235 5235
5236 5236
3008 5237
5239 5239
5243 5243
5244 5244
5245 5245
5247 5247
3741 5248
5249 5249
5250 5250
5251 5251
5252 5252
5255 5255
5256 5256
3833 5258
5265 5265
5266 5266
4603 5267
1313 5268
6775 5269
6433 5271
3842 5272
5854 5274
946 5275
3808 5276
2411 5279
5094 5280
5281 5281
5282 5282
5253 5284
5287 5287
4438 5288
56 5289
5291 5291
5292 5292
5295 5295
169 5296
5297 5297
5298 5298
5301 5301
5303 5303
5305 5305
872 5306
2504 5313
5314 5314
5961 5315
2184 5318
5319 5319
3640 5327
939 5328
5329 5329
5677 5330
6229 5332
5333 5333
782 5336
5342 5342
6388 5345
4755 5348
5349 5349
5354 5354
5355 5355
4111 5357
5360 5360
6432 5362
5363 5363
100 5364
5365 5365
3959 5367
769 5368
3170 5369
5370 5370
4014 5371
2196 5372
5374 5374
5378 5378
5236 5383
4935 5384
735 5385
5387 5387
1235 5388
5390 5390
1071 5393
1500 5395
892 5398
5763 5399
3640 5400
5401 5401
735 5403
5404 5404
5405 5405
5406 5406
2316 5408
5409 5409
5069 5410
5411 5411
273 5413
6594 5415
5416 5416
3624 5421
5423 5423
4690 5424
5426 5426
5592 5428
6066 5429
5430 5430
5431 5431
5743 5433
6781 5434
5436 5436
6508 5437
5440 5440
5238 5442
5443 5443
3763 5445
2736 5449
3852 5452
5769 5455
1567 5456
5457 5457
5464 5464
5064 5466
4908 5467
5468 5468
570 5471
5474 5474
5475 5475
5476 5476
5477 5477
1895 5479
4164 5481
4621 5483
5484 5484
5488 5488
5489 5489
5492 5492
5496 5496
5497 5497
2829 5499
297 5500
5501 5501
3408 5502
5504 5504
5506 5506
1836 5507
5508 5508
1375 5510
5146 5512
5514 5514
5515 5515
1287 5516
5518 5518
228 5519
1481 5521
5522 5522
5525 5525
5527 5527
5529 5529
1961 5530
21 5533
5534 5534
5535 5535
5536 5536
5538 5538
5540 5540
6006 5541
5544 5544
5547 5547
1730 5551
2774 5552
5553 5553
4884 5554
2693 5555
5557 5557
356 5559
5560 5560
5564 5564
5586 5565
5569 5569
5570 5570
5571 5571
1087 5572
3240 5575
5581 5581
6365 5582
5584 5584
5545 5586
5590 5590
3111 5591
1437 5592
5594 5594
5595 5595
5598 5598
2397 5599
5601 5601
1243 5602
5604 5604
388 5608
5609 5609
5613 5613
3084 5614
5615 5615
6486 5618
5619 5619
1957 5620
5621 5621
6607 5622
2191 5624
5625 5625
5630 5630
5631 5631
5632 5632
4481 5634
5635 5635
5640 5640
5641 5641
4053 5642
4202 5644
5433 5645
5648 5648
2704 5650
6 5652
2535 5656
5657 5657
3347 5658
5659 5659
2064 5660
4367 5662
5663 5663
5664 5664
5665 5665
5666 5666
876 5669
5923 5671
5558 5672
5674 5674
5676 5676
5130 5677
5678 5678
5679 5679
5681 5681
5683 5683
2140 5684
6112 5685
5686 5686
5688 5688
6594 5690
1557 5691
5698 5698
5702 5702
5707 5707
5708 5708
4860 5713
5714 5714
4481 5716
5720 5720
5721 5721
2456 5722
5724 5724
5726 5726
3882 5727
1586 5729
5733 5733
5734 5734
5736 5736
5739 5739
5740 5740
5741 5741
5745 5745
5746 5746
5751 5751
1258 5752
5753 5753
5756 5756
635 5757
1803 5758
2930 5760
5762 5762
3112 5763
5764 5764
5767 5767
5768 5768
391 5769
6584 5770
886 5771
5788 5773
5775 5775
5777 5777
5778 5778
2498 5781
5782 5782
5783 5783
5785 5785
5788 5788
5789 5789
5790 5790
5793 5793
1100 5797
5799 5799
5800 5800
3824 5806
5807 5807
5809 5809
6513 5811
5812 5812
5813 5813
5814 5814
887 5817
1272 5819
4788 5820
340 5822
5207 5826
5829 5829
5558 5830
5831 5831
4677 5833
5834 5834
5838 5838
2086 5840
3261 5842
5724 5845
5587 5850
5851 5851
5852 5852
6855 5853
2935 5854
2200 5856
6146 5859
5861 5861
2474 5863
3841 5864
3718 5865
6761 5867
5422 5868
5869 5869
5870 5870
4603 5871
5903 5873
5876 5876
5878 5878
5880 5880
356 5882
2167 5883
1938 5884
5886 5886
1969 5887
1804 5893
6415 5895
5896 5896
5899 5899
6189 5900
1753 5901
5581 5907
6819 5908
4772 5909
5912 5912
3541 5914
1481 5915
3530 5916
3131 5917
5921 5921
5923 5923
1315 5925
3030 5926
5927 5927
5935 5935
6734 5937
4899 5939
5238 5941
4246 5943
5944 5944
5946 5946
274 5947
1390 5949
5951 5951
3057 5957
2726 5958
5961 5961
5962 5962
418 5963
5966 5966
3718 5969
5976 5976
5977 5977
5635 5978
5981 5981
5982 5982
3530 5983
5985 5985
5986 5986
5988 5988
5989 5989
5991 5991
5600 5993
5994 5994
5997 5997
586 5998
6000 6000
6001 6001
6002 6002
6003 6003
6005 6005
6010 6010
5681 6013
6018 6018
9 6019
4615 6020
6023 6023
2136 6024
1942 6025
6026 6026
6027 6027
1789 6031
3583 6033
1923 6034
5178 6035
6039 6039
844 6040
3437 6042
6045 6045
1015 6048
2635 6052
6054 6054
6057 6057
6058 6058
6062 6062
3963 6063
6066 6066
6067 6067
6068 6068
6072 6072
5721 6075
6869 6076
6077 6077
3808 6078
6079 6079
5406 6080
6082 6082
3530 6084
1612 6086
6090 6090
5383 6093
133 6095
6096 6096
6098 6098
4706 6100
6101 6101
4463 6102
6103 6103
1801 6104
6106 6106
6110 6110
3127 6112
6120 6120
1100 6125
6127 6127
259 6128
6632 6129
6130 6130
623 6136
6139 6139
6554 6140
6146 6146
6147 6147
4592 6148
6153 6153
6154 6154
3114 6156
4410 6157
5791 6158
6159 6159
3718 6160
6163 6163
984 6166
6170 6170
6172 6172
458 6173
6177 6177
6006 6178
2106 6179
4275 6183
6185 6185
6187 6187
4910 6188
6190 6190
6191 6191
2728 6192
6194 6194
6195 6195
2140 6196
6198 6198
452 6199
6200 6200
6202 6202
6246 6209
6212 6212
1480 6215
4109 6217
6219 6219
6221 6221
6223 6223
3902 6225
6227 6227
6231 6231
6234 6234
241 6236
4527 6242
472 6244
5433 6245
6247 6247
6248 6248
1866 6255
6256 6256
6257 6257
6335 6259
6261 6261
2725 6262
6264 6264
5690 6266
6267 6267
2166 6268
6269 6269
4172 6270
6271 6271
6273 6273
347 6276
6278 6278
5769 6279
6281 6281
6282 6282
6284 6284
6285 6285
6286 6286
6288 6288
6290 6290
6291 6291
6292 6292
6294 6294
6295 6295
6296 6296
2319 6297
6867 6298
3573 6299
2111 6301
6302 6302
1349 6307
6308 6308
6310 6310
3274 6311
6313 6313
6315 6315
6317 6317
5071 6318
6246 6322
6323 6323
3621 6324
2199 6325
316 6326
6330 6330
6332 6332
4415 6334
5532 6335
6338 6338
3720 6340
4737 6341
9 6348
1477 6350
1929 6351
6354 6354
6356 6356
6358 6358
1718 6359
6360 6360
3587 6361
6363 6363
6364 6364
6365 6365
6853 6370
2968 6372
6373 6373
1325 6378
6379 6379
6410 6381
6383 6383
1839 6386
3688 6387
6388 6388
6389 6389
5515 6390
870 6391
1058 6394
6395 6395
2856 6398
6401 6401
6404 6404
6405 6405
6406 6406
6411 6411
696 6412
3192 6413
1118 6417
1779 6419
5177 6421
5687 6422
6424 6424
1065 6425
3173 6427
5007 6429
6430 6430
6433 6433
6434 6434
6437 6437
475 6439
6440 6440
2043 6442
5279 6443
6444 6444
4540 6445
6446 6446
4371 6451
2721 6452
882 6455
3123 6458
6177 6459
3603 6461
4829 6462
5614 6463
1349 6464
6466 6466
6468 6468
364 6472
5709 6477
6479 6479
6783 6480
6482 6482
5595 6484
6486 6486
3446 6488
1680 6491
5140 6492
4190 6493
6495 6495
6496 6496
1275 6498
6499 6499
6502 6502
3264 6504
6505 6505
1275 6506
6510 6510
5497 6511
6512 6512
3422 6514
2528 6515
6518 6518
2075 6519
4693 6520
6523 6523
892 6524
6525 6525
6527 6527
6529 6529
6531 6531
3718 6533
4233 6534
6537 6537
6538 6538
736 6541
6543 6543
2896 6545
6228 6547
4342 6549
527 6550
3637 6552
6554 6554
6557 6557
6559 6559
6560 6560
6563 6563
6567 6567
6856 6568
2464 6569
6571 6571
3269 6572
6573 6573
6574 6574
2200 6575
6576 6576
6577 6577
4444 6580
4775 6581
6582 6582
5298 6584
6585 6585
2449 6586
1167 6587
769 6589
124 6591
6592 6592
630 6594
2128 6595
6596 6596
6597 6597
6598 6598
6599 6599
5542 6602
6603 6603
6605 6605
6606 6606
3324 6607
6608 6608
6611 6611
6393 6614
6617 6617
1998 6622
6623 6623
6625 6625
6626 6626
6628 6628
151 6630
372 6633
4790 6635
1749 6636
6638 6638
6639 6639
3530 6642
6644 6644
6645 6645
6646 6646
4313 6648
6650 6650
4549 6651
2109 6653
3745 6658
6660 6660
1108 6661
6662 6662
6663 6663
6665 6665
6666 6666
6669 6669
42 6674
6675 6675
971 6677
6678 6678
2609 6679
3557 6682
6683 6683
6684 6684
1518 6685
746 6686
6689 6689
356 6694
4716 6696
2175 6702
2774 6703
5130 6704
4948 6705
5985 6706
4775 6708
6711 6711
3568 6713
6718 6718
3735 6723
6724 6724
6725 6725
6727 6727
2311 6728
6729 6729
3122 6730
6733 6733
635 6737
6363 6739
4403 6740
5873 6741
6222 6744
5797 6745
3781 6746
250 6747
6750 6750
6751 6751
5701 6752
6753 6753
6754 6754
6756 6756
4370 6757
6762 6762
3114 6763
6836 6764
2739 6766
4446 6768
5721 6769
1710 6771
2724 6772
3154 6773
6774 6774
5947 6775
6781 6781
557 6783
5744 6786
2868 6788
6792 6792
4210 6794
2872 6796
3294 6797
6432 6799
6800 6800
3494 6802
6804 6804
6807 6807
6809 6809
4075 6811
1010 6812
6579 6814
6817 6817
4159 6821
6822 6822
6824 6824
6827 6827
6830 6830
6832 6832
6834 6834
4954 6835
725 6836
6839 6839
4304 6840
3835 6841
6844 6844
6138 6845
2412 6847
6850 6850
4011 6854
5025 6855
6856 6856
6859 6859
6860 6860
1133 6862
6821 6863
6865 6865
6866 6866
6868 6868
2029 6869
6872 6872
2581 6873
6874 6874
1027 6877
6878 6878
6880 6880
6859 6882
2363 6886
2650 6887
6889 6889
