117 117
3843 3843
3861 3861
3774 3774
3702 3702
3628 3628
2815 2815
6257 6257
119 119
2783 2783
359 359
111 111
340 340
3701 3701
3631 3631
2811 2811
6276 6276
6271 6271
3754 3754
3621 3621
2779 2779
351 351
189 189
6278 6278
6275 6275
435 435
3855 3855
436 436
190 190
2794 2794
3650 3650
227 227
4 4
261 261
3620 3620
36 36
2780 2780
3530 3530
407 407
44 44
228 228
276 276
328 328
3777 3777
37 37
408 408
15 15
2 2
2795 2795
29 29
3845 3845
410 410
3555 3555
3739 3739
3516 3516
3633 3633
3838 3838
330 330
6244 6244
3858 3858
129 129
321 321
3548 3548
3747 3747
3549 3549
81 81
130 130
231 231
3554 3554
3592 3592
2801 2801
3547 3547
3643 3643
104 104
126 126
122 122
2791 2791
429 429
438 438
3553 3553
79 79
191 191
3576 3576
65 65
128 128
3638 3638
3634 3634
344 344
3608 3608
3637 3637
3053 3053
3929 3929
337 337
322 322
3927 3927
3788 3788
421 421
3606 3606
456 456
2808 2808
3597 3597
3828 3828
323 323
6246 6246
3825 3825
3056 3056
70 70
3617 3617
64 64
459 459
2150 2150
73 73
3821 3821
124 124
2135 2135
439 439
1905 1905
3926 3926
3590 3590
3579 3579
6269 6269
3602 3602
3823 3823
3605 3605
1999 1999
192 192
289 289
3604 3604
315 315
245 245
5367 5367
3566 3566
3069 3069
10 10
99 99
2260 2260
3771 3771
3518 3518
3565 3565
3613 3613
3667 3667
6267 6267
3571 3571
2274 2274
2056 2056
3704 3704
2263 2263
2164 2164
0 0
3570 3570
3908 3908
2127 2127
2163 2163
2118 2118
5600 5600
2480 2480
133 133
3911 3911
3568 3568
2052 2052
2178 2178
2268 2268
2140 2140
5603 5603
415 415
2136 2136
2294 2294
5458 5458
2247 2247
7 7
5602 5602
2124 2124
2289 2289
2378 2378
2497 2497
5589 5589
5640 5640
2076 2076
5622 5622
62 62
2499 2499
2375 2375
2175 2175
2046 2046
2369 2369
5750 5750
2482 2482
2485 2485
2167 2167
5517 5517
5536 5536
2012 2012
3648 3648
2084 2084
5638 5638
2128 2128
2193 2193
2598 2598
2238 2238
2389 2389
5845 5845
2471 2471
2470 2470
147 147
382 382
2500 2500
3672 3672
2278 2278
61 61
5840 5840
2595 2595
3163 3163
2170 2170
4005 4005
260 260
2596 2596
2081 2081
2475 2475
3868 3868
377 377
258 258
2395 2395
3906 3906
393 393
3706 3706
2080 2080
135 135
2239 2239
2254 2254
5472 5472
2594 2594
2601 2601
3707 3707
6231 6231
3884 3884
2357 2357
2602 2602
5468 5468
3910 3910
5844 5844
2600 2600
2623 2623
5641 5641
2588 2588
6054 6054
2393 2393
2365 2365
375 375
4022 4022
2172 2172
5443 5443
2585 2585
3795 3795
5452 5452
5828 5828
5820 5820
2166 2166
3046 3046
2624 2624
4011 4011
6056 6056
2197 2197
6055 6055
3877 3877
5542 5542
376 376
6073 6073
2256 2256
3874 3874
6058 6058
2010 2010
5627 5627
5540 5540
5654 5654
5933 5933
282 282
2632 2632
5939 5939
5538 5538
295 295
6077 6077
3045 3045
6076 6076
5932 5932
3887 3887
5525 5525
2231 2231
2630 2630
2508 2508
2516 2516
2634 2634
6052 6052
5966 5966
5637 5637
2014 2014
197 197
5686 5686
448 448
5634 5634
2227 2227
2515 2515
6044 6044
374 374
3708 3708
2401 2401
5938 5938
164 164
5240 5240
5522 5522
5684 5684
6064 6064
2093 2093
6042 6042
2036 2036
172 172
3967 3967
196 196
2035 2035
2639 2639
2685 2685
368 368
472 472
2027 2027
2635 2635
3959 3959
5717 5717
2114 2114
485 485
2565 2565
2705 2705
6072 6072
6880 6880
5745 5745
581 581
5697 5697
2636 2636
2030 2030
2523 2523
1988 1988
2022 2022
2037 2037
169 169
3818 3818
367 367
512 512
468 468
6084 6084
3716 3716
539 539
4023 4023
1778 1778
6082 6082
4006 4006
473 473
2700 2700
5646 5646
1766 1766
5474 5474
2643 2643
4052 4052
3735 3735
5666 5666
4036 4036
6081 6081
4065 4065
2715 2715
3889 3889
2701 2701
2250 2250
5236 5236
5978 5978
333 333
3954 3954
2644 2644
3733 3733
396 396
4029 4029
204 204
6142 6142
5235 5235
503 503
6090 6090
529 529
5862 5862
3692 3692
4062 4062
2245 2245
4018 4018
4033 4033
2272 2272
2707 2707
4066 4066
221 221
3690 3690
3782 3782
4069 4069
2684 2684
220 220
3691 3691
2457 2457
6095 6095
165 165
5980 5980
6147 6147
2020 2020
1764 1764
3694 3694
4042 4042
578 578
3785 3785
5239 5239
567 567
5447 5447
4035 4035
2215 2215
2432 2432
4037 4037
2441 2441
3952 3952
2677 2677
2230 2230
3953 3953
205 205
200 200
4048 4048
5528 5528
5865 5865
4039 4039
2282 2282
5986 5986
3489 3489
2687 2687
2713 2713
5483 5483
3900 3900
5981 5981
5677 5677
1774 1774
2431 2431
4044 4044
2675 2675
544 544
2550 2550
2754 2754
2743 2743
182 182
2235 2235
2567 2567
5484 5484
3781 3781
2544 2544
2558 2558
2662 2662
163 163
270 270
2422 2422
2109 2109
2654 2654
2209 2209
3695 3695
3892 3892
2427 2427
2449 2449
6110 6110
2423 2423
2691 2691
2676 2676
2302 2302
6029 6029
550 550
3662 3662
489 489
3812 3812
2295 2295
5486 5486
490 490
5549 5549
559 559
3870 3870
2663 2663
3050 3050
6125 6125
5644 5644
2545 2545
2572 2572
2448 2448
2241 2241
5706 5706
5526 5526
390 390
1924 1924
3899 3899
3718 3718
2694 2694
2296 2296
6160 6160
255 255
3682 3682
5869 5869
225 225
300 300
298 298
2468 2468
2425 2425
6159 6159
2575 2575
2206 2206
2099 2099
2107 2107
6162 6162
6157 6157
6132 6132
5991 5991
3683 3683
5709 5709
5527 5527
2308 2308
2435 2435
2316 2316
398 398
2762 2762
1969 1969
2312 2312
6161 6161
2101 2101
2465 2465
6175 6175
2744 2744
2326 2326
271 271
2727 2727
1943 1943
3813 3813
2444 2444
3361 3361
2751 2751
5903 5903
2305 2305
5902 5902
2739 2739
6163 6163
5733 5733
5916 5916
3359 3359
6006 6006
3204 3204
2718 2718
3766 3766
2719 2719
3371 3371
6838 6838
6817 6817
3362 3362
2324 2324
5802 5802
284 284
3360 3360
2748 2748
2766 2766
1925 1925
3368 3368
3902 3902
1919 1919
1927 1927
6713 6713
2728 2728
6750 6750
3329 3329
2351 2351
6704 6704
3372 3372
3664 3664
2731 2731
3338 3338
6039 6039
3207 3207
6715 6715
3723 3723
6024 6024
6754 6754
6839 6839
3421 3421
6023 6023
6758 6758
6841 6841
302 302
252 252
5882 5882
3439 3439
3367 3367
3380 3380
6752 6752
6718 6718
6848 6848
2746 2746
3373 3373
3330 3330
3316 3316
1628 1628
2318 2318
3445 3445
2321 2321
3376 3376
1625 1625
3349 3349
1938 1938
3283 3283
6193 6193
6797 6797
6224 6224
6225 6225
2340 2340
1611 1611
6756 6756
6834 6834
3918 3918
3290 3290
6688 6688
1662 1662
6180 6180
6663 6663
6638 6638
1940 1940
5756 5756
1932 1932
256 256
1928 1928
6181 6181
3769 3769
6630 6630
6807 6807
2873 2873
6683 6683
3307 3307
3278 3278
5702 5702
6808 6808
3273 3273
6832 6832
3275 3275
6625 6625
5783 5783
6643 6643
6626 6626
6212 6212
6623 6623
5917 5917
5886 5886
3267 3267
5885 5885
400 400
1609 1609
1661 1661
1933 1933
6229 6229
6200 6200
3392 3392
5767 5767
3308 3308
6210 6210
399 399
6714 6714
3225 3225
6196 6196
1746 1746
3452 3452
6706 6706
6613 6613
3255 3255
6657 6657
5807 5807
6659 6659
391 391
5785 5785
6794 6794
5811 5811
5812 5812
6209 6209
3223 3223
6641 6641
1956 1956
6645 6645
6644 6644
1593 1593
3447 3447
1733 1733
2243 2243
6651 6651
3194 3194
217 217
1900 1900
3201 3201
3266 3266
3190 3190
6830 6830
1951 1951
3219 3219
6801 6801
5668 5668
5923 5923
1741 1741
6620 6620
1700 1700
1724 1724
6770 6770
3323 3323
1660 1660
1657 1657
3393 3393
3213 3213
3305 3305
1620 1620
824 824
3246 3246
3195 3195
1684 1684
6814 6814
1617 1617
3237 3237
1556 1556
1717 1717
6599 6599
5794 5794
1695 1695
1912 1912
3243 3243
1916 1916
5881 5881
3249 3249
3326 3326
3734 3734
1564 1564
3325 3325
1646 1646
5887 5887
3384 3384
5440 5440
6862 6862
6800 6800
6780 6780
6809 6809
6642 6642
1656 1656
3196 3196
6602 6602
6733 6733
6791 6791
5922 5922
3387 3387
5385 5385
1595 1595
1735 1735
6793 6793
3180 3180
1619 1619
6853 6853
3423 3423
1677 1677
1614 1614
6785 6785
1689 1689
1690 1690
5430 5430
5928 5928
6731 6731
1749 1749
1977 1977
933 933
3943 3943
1730 1730
253 253
1553 1553
3335 3335
6865 6865
1202 1202
1748 1748
3179 3179
1576 1576
3177 3177
3178 3178
1968 1968
1634 1634
1638 1638
1572 1572
6788 6788
6767 6767
1200 1200
5813 5813
1570 1570
3238 3238
1913 1913
1586 1586
5168 5168
5927 5927
1712 1712
5202 5202
1683 1683
3457 3457
1652 1652
4688 4688
1220 1220
6859 6859
3388 3388
6784 6784
2910 2910
3241 3241
5130 5130
3456 3456
1600 1600
788 788
3321 3321
4299 4299
1591 1591
5705 5705
1330 1330
3193 3193
1557 1557
5205 5205
1571 1571
6633 6633
1709 1709
1515 1515
3460 3460
1714 1714
384 384
3465 3465
6799 6799
6823 6823
1588 1588
926 926
6309 6309
1275 1275
5381 5381
3234 3234
6824 6824
5174 5174
3334 3334
441 441
1121 1121
5090 5090
2848 2848
3320 3320
3386 3386
4799 4799
3012 3012
1334 1334
4687 4687
843 843
1688 1688
3509 3509
1035 1035
685 685
1568 1568
3389 3389
6615 6615
1886 1886
2912 2912
3104 3104
5370 5370
1598 1598
1327 1327
1135 1135
841 841
923 923
4293 4293
1784 1784
1003 1003
2911 2911
5089 5089
1005 1005
1451 1451
1001 1001
6591 6591
5437 5437
1392 1392
1129 1129
1524 1524
1523 1523
805 805
4836 4836
1531 1531
5086 5086
2890 2890
3123 3123
1314 1314
3022 3022
5100 5100
1824 1824
3478 3478
3216 3216
5406 5406
5095 5095
6595 6595
2846 2846
5193 5193
980 980
1188 1188
5192 5192
3021 3021
1133 1133
881 881
1132 1132
6561 6561
1526 1526
1359 1359
1514 1514
3076 3076
4729 4729
2845 2845
1000 1000
1023 1023
5036 5036
5080 5080
3112 3112
1481 1481
1061 1061
6585 6585
2831 2831
2819 2819
1231 1231
3098 3098
6721 6721
3113 3113
6307 6307
801 801
1153 1153
652 652
1377 1377
6719 6719
2892 2892
3109 3109
999 999
3115 3115
1010 1010
6592 6592
5248 5248
3142 3142
972 972
958 958
1126 1126
1791 1791
1353 1353
3158 3158
5395 5395
2833 2833
1345 1345
1396 1396
5186 5186
6597 6597
5045 5045
996 996
5074 5074
1497 1497
900 900
5056 5056
1227 1227
5073 5073
1279 1279
5220 5220
1014 1014
4808 4808
3116 3116
5017 5017
1062 1062
1311 1311
995 995
5408 5408
1525 1525
3144 3144
5198 5198
979 979
5197 5197
987 987
1164 1164
1139 1139
5125 5125
1224 1224
1304 1304
5023 5023
897 897
1163 1163
1520 1520
5141 5141
2855 2855
593 593
693 693
903 903
1251 1251
587 587
1049 1049
413 413
5179 5179
4424 4424
4689 4689
5005 5005
973 973
1026 1026
1475 1475
1386 1386
5075 5075
702 702
1387 1387
1116 1116
4119 4119
667 667
1462 1462
5138 5138
819 819
857 857
800 800
1277 1277
6374 6374
3090 3090
4634 4634
3502 3502
4425 4425
4730 4730
4550 4550
3153 3153
2926 2926
3088 3088
1456 1456
1460 1460
1429 1429
6530 6530
5163 5163
1737 1737
1022 1022
720 720
658 658
2877 2877
4714 4714
884 884
1299 1299
6431 6431
1018 1018
970 970
4548 4548
2856 2856
586 586
4858 4858
5183 5183
1449 1449
912 912
975 975
1461 1461
3169 3169
4481 4481
5156 5156
1499 1499
1337 1337
4332 4332
1409 1409
700 700
699 699
1112 1112
1406 1406
6570 6570
4503 4503
4814 4814
2829 2829
1115 1115
6332 6332
6368 6368
943 943
615 615
5211 5211
1090 1090
6538 6538
6294 6294
4485 4485
4150 4150
1486 1486
4486 4486
5188 5188
846 846
1230 1230
919 919
4167 4167
4308 4308
721 721
3168 3168
5251 5251
3067 3067
6874 6874
804 804
855 855
4322 4322
5042 5042
1798 1798
1506 1506
4530 4530
5041 5041
905 905
4963 4963
3063 3063
3150 3150
631 631
6516 6516
1302 1302
6333 6333
4849 4849
6528 6528
1257 1257
1505 1505
3064 3064
4294 4294
4166 4166
833 833
904 904
1528 1528
4953 4953
4760 4760
1539 1539
4954 4954
1021 1021
4962 4962
6510 6510
1799 1799
4373 4373
6388 6388
632 632
1203 1203
957 957
6559 6559
3136 3136
4653 4653
3023 3023
1140 1140
3096 3096
4992 4992
1180 1180
901 901
5189 5189
2923 2923
3125 3125
6588 6588
1178 1178
1466 1466
3062 3062
3152 3152
1795 1795
914 914
3032 3032
4502 4502
6389 6389
993 993
1832 1832
3472 3472
1796 1796
3020 3020
1092 1092
965 965
945 945
1369 1369
4493 4493
4538 4538
1758 1758
1380 1380
1806 1806
839 839
4494 4494
5142 5142
6557 6557
1027 1027
4497 4497
6370 6370
1496 1496
6526 6526
4631 4631
4693 4693
1167 1167
4528 4528
1855 1855
4701 4701
1340 1340
4527 4527
4516 4516
743 743
1860 1860
570 570
868 868
3029 3029
1108 1108
4734 4734
4077 4077
1089 1089
4321 4321
4174 4174
4492 4492
782 782
955 955
1540 1540
5266 5266
6508 6508
6572 6572
3503 3503
4310 4310
2843 2843
4746 4746
2838 2838
1185 1185
6351 6351
1111 1111
1493 1493
4517 4517
1265 1265
6573 6573
4991 4991
778 778
1880 1880
1368 1368
6410 6410
726 726
3507 3507
4577 4577
4621 4621
2880 2880
2826 2826
671 671
1511 1511
1192 1192
5261 5261
1073 1073
4865 4865
4230 4230
4956 4956
4607 4607
950 950
6872 6872
808 808
621 621
4639 4639
2840 2840
1753 1753
5143 5143
607 607
2998 2998
4997 4997
2844 2844
3006 3006
4337 4337
4989 4989
1904 1904
6569 6569
781 781
4854 4854
4134 4134
1103 1103
4936 4936
873 873
947 947
891 891
6509 6509
4158 4158
4388 4388
6288 6288
4716 4716
4604 4604
1755 1755
5271 5271
1508 1508
2932 2932
1141 1141
6517 6517
892 892
907 907
4707 4707
4712 4712
1235 1235
1814 1814
6305 6305
4340 4340
6281 6281
4893 4893
4157 4157
4966 4966
2885 2885
1047 1047
6356 6356
4918 4918
6338 6338
4934 4934
4905 4905
4725 4725
4930 4930
4711 4711
1098 1098
4458 4458
4941 4941
4571 4571
3505 3505
2949 2949
739 739
4454 4454
4663 4663
4445 4445
4470 4470
1100 1100
6300 6300
6282 6282
6546 6546
5275 5275
4873 4873
4950 4950
783 783
4568 4568
1101 1101
4573 4573
4844 4844
847 847
4912 4912
6428 6428
4889 4889
4951 4951
4677 4677
4135 4135
6477 6477
4562 4562
4238 4238
4582 4582
4597 4597
6414 6414
4797 4797
4360 4360
4270 4270
771 771
