0 0
1 1
2 2
4 4
3233 5
7 7
8 8
313 10
755 11
2286 12
14 14
15 15
3240 22
23 23
3069 24
26 26
27 27
29 29
838 33
35 35
36 36
37 37
1533 41
44 44
1591 46
1244 47
51 51
1242 56
1190 58
2012 59
62 62
63 63
64 64
65 65
438 69
70 70
3339 72
73 73
1952 75
76 76
833 78
81 81
82 82
716 83
2923 85
3137 91
94 94
1629 103
104 104
1642 107
109 109
1356 110
112 112
3556 116
117 117
119 119
122 122
123 123
124 124
1966 126
128 128
556 131
133 133
2739 134
1469 135
3494 137
1720 138
3478 144
147 147
2732 149
153 153
155 155
157 157
158 158
292 160
3629 161
163 163
3389 164
3123 167
3454 176
177 177
179 179
180 180
1241 182
189 189
191 191
729 193
3398 195
1651 196
199 199
314 204
2682 206
210 210
211 211
214 214
215 215
217 217
2046 220
221 221
225 225
226 226
227 227
1732 229
232 232
235 235
3243 236
239 239
245 245
1728 247
249 249
1223 250
2431 252
253 253
255 255
2889 257
258 258
260 260
261 261
3091 262
3326 264
2312 265
269 269
271 271
3243 275
2699 276
3556 278
2247 283
2744 284
1788 286
289 289
295 295
296 296
3353 297
302 302
308 308
309 309
311 311
312 312
313 313
315 315
323 323
325 325
695 327
255 329
750 330
333 333
2947 336
338 338
3347 339
343 343
344 344
2644 346
1788 348
3451 349
351 351
354 354
1727 356
1085 357
359 359
367 367
368 368
369 369
376 376
377 377
380 380
381 381
3158 382
3146 385
386 386
387 387
1848 388
3501 389
390 390
1782 392
393 393
2821 394
205 395
396 396
398 398
400 400
401 401
729 406
407 407
408 408
409 409
410 410
2188 411
412 412
3200 413
786 415
1086 419
2740 421
1399 425
2229 428
429 429
2748 430
3100 431
432 432
435 435
436 436
3100 437
438 438
439 439
333 440
933 441
2679 444
3451 445
2424 447
448 448
1764 449
252 450
1425 455
456 456
2682 459
464 464
167 466
468 468
472 472
473 473
475 475
178 478
825 480
485 485
487 487
488 488
489 489
1286 491
492 492
1436 493
494 494
498 498
500 500
970 502
505 505
223 506
507 507
3341 513
515 515
1226 519
1847 525
2325 528
529 529
781 530
1602 532
533 533
66 535
671 536
537 537
538 538
2431 539
1284 540
3559 543
544 544
2028 545
546 546
3215 549
415 550
552 552
3376 557
558 558
560 560
561 561
1085 562
2796 564
568 568
570 570
1917 571
509 574
576 576
1782 578
899 579
583 583
940 584
585 585
586 586
29 587
591 591
3369 592
1469 593
594 594
2249 595
962 596
541 597
598 598
599 599
603 603
607 607
608 608
463 609
610 610
525 614
235 619
620 620
621 621
2657 622
1953 623
729 625
632 632
2008 634
1194 635
636 636
1898 637
2896 638
714 639
641 641
356 644
1514 646
648 648
3232 649
1294 651
652 652
1769 658
1077 663
2462 666
669 669
679 670
671 671
325 672
674 674
2437 675
676 676
677 677
3084 680
687 687
688 688
1644 689
1468 690
693 693
2429 694
695 695
696 696
85 697
3427 699
700 700
704 704
705 705
1731 706
3525 707
339 709
178 710
342 713
714 714
1424 715
2631 716
3358 719
720 720
721 721
723 723
726 726
729 729
833 730
732 732
2673 733
2312 735
1080 739
1356 740
1496 743
2032 745
779 748
754 754
759 759
327 760
761 761
2441 763
764 764
766 766
767 767
2573 768
689 770
771 771
773 773
776 776
778 778
781 781
782 782
3173 785
788 788
791 791
801 801
802 802
3055 803
805 805
3554 807
185 809
2343 812
3188 815
2325 822
829 829
830 830
831 831
2314 837
839 839
412 840
841 841
55 842
3523 843
844 844
846 846
855 855
856 856
857 857
860 860
1632 861
863 863
864 864
2312 866
3435 867
948 869
873 873
875 875
2153 877
880 880
881 881
882 882
2722 884
2002 890
891 891
892 892
600 894
1659 896
897 897
691 899
900 900
901 901
902 902
903 903
905 905
863 907
519 910
3128 911
912 912
1518 914
994 915
916 916
362 918
919 919
3614 920
923 923
924 924
926 926
927 927
2461 929
2392 930
932 932
933 933
936 936
362 937
2852 938
774 939
1070 941
2692 942
943 943
945 945
952 952
864 954
957 957
958 958
965 965
968 968
970 970
1041 971
972 972
973 973
1735 974
978 978
981 981
987 987
988 988
2068 989
1732 991
1848 992
993 993
995 995
65 996
249 1000
3385 1001
3432 1002
1004 1004
1005 1005
1861 1007
2685 1008
3128 1012
1013 1013
1014 1014
1955 1015
1018 1018
3440 1019
1021 1021
1023 1023
1027 1027
930 1032
3287 1035
1037 1037
3478 1039
1040 1040
3533 1043
842 1044
1045 1045
2050 1046
3188 1047
1048 1048
2876 1050
3089 1051
3383 1052
2550 1055
3133 1061
1064 1064
3284 1068
2318 1070
1073 1073
1074 1074
1077 1077
3556 1081
363 1083
1084 1084
934 1088
1090 1090
1093 1093
3399 1094
1098 1098
223 1099
1100 1100
1101 1101
1424 1103
1106 1106
2075 1108
3632 1109
2196 1110
356 1111
1112 1112
2390 1115
1116 1116
2339 1118
1483 1120
1121 1121
1122 1122
1578 1123
2081 1126
1128 1128
1129 1129
2141 1132
1135 1135
256 1136
2795 1137
3585 1138
1528 1139
1140 1140
1391 1145
1807 1148
1161 1161
1162 1162
1163 1163
1164 1164
1168 1168
1169 1169
432 1170
892 1172
1173 1173
2198 1177
1178 1178
185 1179
2038 1181
1182 1182
1732 1183
1184 1184
1188 1188
3097 1189
1190 1190
2472 1195
3047 1198
2331 1199
1200 1200
1202 1202
1203 1203
2679 1213
1214 1214
1215 1215
2431 1221
1223 1223
1224 1224
1524 1226
1227 1227
2717 1228
761 1235
1236 1236
1240 1240
303 1241
1243 1243
1245 1245
245 1246
3531 1248
1251 1251
2234 1252
1254 1254
1422 1259
1123 1260
1264 1264
1265 1265
3663 1268
1270 1270
2695 1273
940 1274
1275 1275
1277 1277
1279 1279
1728 1280
1283 1283
2151 1284
956 1285
2233 1286
2390 1289
3043 1290
479 1291
1292 1292
1293 1293
3501 1294
1176 1297
1299 1299
1612 1302
193 1305
1668 1309
1311 1311
2343 1313
1314 1314
1795 1315
3286 1316
1548 1320
2451 1321
1323 1323
592 1325
1327 1327
75 1328
2605 1332
1334 1334
929 1337
1909 1341
1342 1342
2366 1343
1613 1346
205 1349
1350 1350
1355 1355
1356 1356
1092 1357
2397 1358
1359 1359
3247 1362
1363 1363
1368 1368
1369 1369
547 1374
3024 1376
1379 1379
1380 1380
1233 1381
1382 1382
2492 1385
1386 1386
1387 1387
1390 1390
1391 1391
1393 1393
3287 1395
1396 1396
1399 1399
1402 1402
1409 1409
2304 1416
1417 1417
1418 1418
1419 1419
3493 1421
3060 1422
2105 1424
700 1425
3406 1427
1429 1429
3397 1430
2753 1433
279 1435
2781 1436
976 1437
1438 1438
1440 1440
1445 1445
1848 1446
1575 1447
3394 1448
1449 1449
1699 1453
1966 1454
1456 1456
2312 1457
1458 1458
1460 1460
1461 1461
1464 1464
1466 1466
1877 1469
1172 1470
3394 1472
3536 1473
1478 1478
781 1479
1482 1482
350 1483
1735 1485
1488 1488
3464 1490
3612 1492
3549 1493
1498 1498
1499 1499
2468 1501
1503 1503
1506 1506
3164 1508
1515 1515
1518 1518
1519 1519
1520 1520
1524 1524
1526 1526
2875 1528
3511 1529
3286 1532
1699 1533
1534 1534
1535 1535
1537 1537
1538 1538
1539 1539
1541 1541
3106 1542
2558 1543
1545 1545
1546 1546
3571 1553
1867 1554
2473 1555
1556 1556
1557 1557
1559 1559
2167 1560
1561 1561
1567 1567
1568 1568
1571 1571
1573 1573
2043 1574
1575 1575
1096 1576
1578 1578
1579 1579
3394 1581
1950 1584
1588 1588
3268 1589
1591 1591
1593 1593
1595 1595
2453 1596
3574 1597
1603 1603
88 1604
964 1605
1608 1608
1609 1609
830 1610
1611 1611
2314 1614
2805 1615
2738 1617
1618 1618
1619 1619
1620 1620
1622 1622
3594 1623
1625 1625
1627 1627
1628 1628
2374 1630
1871 1632
1633 1633
1634 1634
1638 1638
3614 1640
3406 1645
1646 1646
1647 1647
1649 1649
1652 1652
375 1654
542 1655
1861 1656
1657 1657
1598 1659
1660 1660
3175 1666
1669 1669
1670 1670
3059 1677
1678 1678
1096 1680
1683 1683
1684 1684
1687 1687
1688 1688
1537 1689
1692 1692
41 1699
1700 1700
1356 1701
2391 1703
1704 1704
1708 1708
1314 1710
2049 1711
1712 1712
3518 1714
3103 1715
2781 1716
1717 1717
1720 1720
1722 1722
1727 1727
2049 1728
1946 1730
2578 1731
1737 1737
1497 1738
296 1739
1741 1741
2018 1742
781 1743
2046 1745
1747 1747
1748 1748
1749 1749
1753 1753
1755 1755
2465 1760
1761 1761
3040 1762
3265 1764
1766 1766
1690 1771
156 1773
1778 1778
3100 1779
1780 1780
1782 1782
1784 1784
1787 1787
1788 1788
940 1792
2233 1793
1795 1795
1796 1796
2354 1797
1798 1798
1799 1799
884 1803
3047 1807
1814 1814
448 1816
1395 1817
3559 1822
2599 1823
1824 1824
1825 1825
1826 1826
1830 1830
1831 1831
1832 1832
1833 1833
1190 1834
1838 1838
1839 1839
2738 1842
1843 1843
3659 1844
1467 1845
1356 1847
1850 1850
1853 1853
1854 1854
1855 1855
1856 1856
1835 1858
1860 1860
1283 1861
1862 1862
1863 1863
1864 1864
1964 1865
1781 1866
2337 1869
1135 1870
204 1871
1874 1874
1876 1876
1878 1878
1880 1880
1881 1881
1621 1882
1885 1885
1388 1888
1798 1890
1172 1893
1896 1896
1897 1897
2643 1899
1904 1904
2998 1905
1906 1906
1907 1907
1461 1908
1052 1910
3559 1911
1912 1912
1913 1913
1914 1914
1916 1916
1918 1918
1919 1919
240 1920
3415 1921
803 1926
1108 1927
1611 1928
1929 1929
2910 1933
1937 1937
1938 1938
2598 1940
1808 1941
1942 1942
1946 1946
1952 1950
1951 1951
3574 1952
1955 1955
1562 1958
3060 1959
1962 1962
3574 1965
1968 1968
3559 1970
1972 1972
279 1973
1977 1977
1288 1978
3555 1984
911 1986
1993 1993
2221 1994
1283 1995
1999 1999
3355 2003
2005 2005
2007 2007
1710 2010
2011 2011
3017 2013
2014 2014
2017 2017
2018 2018
1575 2020
2022 2022
2046 2027
2030 2030
2031 2031
2035 2035
2036 2036
700 2043
919 2048
2052 2052
2738 2053
2054 2054
1871 2055
2061 2061
873 2063
2067 2067
3158 2069
414 2072
3556 2073
2076 2076
2080 2080
2081 2081
127 2082
2084 2084
2086 2086
1916 2089
3394 2090
2092 2092
193 2093
2810 2094
1839 2095
2852 2096
3093 2097
1659 2098
2101 2101
2104 2104
2778 2106
112 2107
2109 2109
2112 2112
1159 2113
2036 2114
2116 2116
3180 2119
1185 2120
1476 2122
2124 2124
3598 2126
2127 2127
3460 2128
2129 2129
2130 2130
722 2135
2136 2136
300 2137
3614 2139
1685 2141
2144 2144
2150 2150
2152 2152
2234 2158
1395 2162
1005 2163
2164 2164
2631 2166
2167 2167
741 2170
2175 2175
3036 2177
2178 2178
2182 2182
3312 2185
2042 2195
2204 2204
2205 2205
2206 2206
2210 2210
2211 2211
2213 2213
2214 2214
2215 2215
2216 2216
2220 2220
2221 2221
1559 2222
2318 2223
2915 2224
2225 2225
3565 2228
2229 2229
2230 2230
2664 2232
2233 2233
145 2237
2238 2238
2239 2239
2240 2240
2241 2241
592 2242
677 2243
2245 2245
2246 2246
2247 2247
3147 2248
3323 2249
2250 2250
1564 2253
2254 2254
2255 2255
2256 2256
3285 2257
2260 2260
2261 2261
1283 2266
1239 2268
2994 2269
2272 2272
2274 2274
2276 2276
2278 2278
2279 2279
2280 2280
3546 2283
2284 2284
2286 2286
45 2287
2288 2288
2289 2289
2292 2292
2294 2294
2295 2295
354 2298
2299 2299
2302 2302
476 2303
2325 2304
1525 2305
3374 2307
2308 2308
2311 2311
2312 2312
3166 2313
589 2314
761 2315
2317 2317
2318 2318
2321 2321
2324 2324
2326 2326
750 2330
2331 2331
462 2333
2885 2335
1984 2339
2340 2340
2342 2342
2661 2344
281 2345
2151 2346
3325 2347
2348 2348
3542 2349
2350 2350
2351 2351
2355 2355
3331 2356
1928 2357
3501 2358
2536 2360
2362 2362
2869 2364
2367 2367
1469 2369
2370 2370
2375 2375
2377 2377
2378 2378
3148 2379
2381 2381
19 2383
2385 2385
1916 2387
2388 2388
2389 2389
3505 2390
3288 2391
2393 2393
2395 2395
1358 2397
2401 2401
2069 2403
2808 2404
586 2407
2271 2409
3542 2411
913 2412
2413 2413
574 2417
3380 2422
2423 2423
2425 2425
2427 2427
439 2428
2810 2429
2431 2431
2432 2432
2433 2433
2434 2434
2435 2435
3339 2436
2229 2440
2441 2441
2466 2442
1096 2443
2444 2444
1854 2445
2448 2448
1364 2452
2456 2456
2457 2457
717 2458
3585 2462
1113 2463
2466 2466
2468 2468
278 2470
2475 2475
2624 2476
185 2477
3068 2478
2480 2480
2483 2483
2485 2485
3458 2486
3559 2488
2493 2493
2497 2497
2498 2498
2499 2499
2500 2500
2506 2506
2352 2508
2511 2511
1469 2513
2514 2514
2517 2517
2519 2519
88 2520
2096 2522
2523 2523
960 2524
2436 2525
2371 2527
2692 2529
1811 2530
2292 2533
2534 2534
269 2535
2536 2536
2537 2537
3194 2538
6583 2539
3376 2542
847 2544
2296 2547
3494 2549
2550 2550
2286 2553
2558 2558
2560 2560
2393 2563
2286 2566
2567 2567
2572 2572
2573 2573
2576 2576
3596 2582
1373 2585
404 2586
1916 2587
2588 2588
163 2590
2738 2592
1106 2593
2596 2596
2598 2598
3546 2599
2600 2600
476 2601
731 2605
1391 2609
2610 2610
1492 2611
2613 2613
803 2618
2786 2622
2623 2623
2632 2632
2633 2633
2298 2634
2636 2636
2008 2638
2639 2639
28 2642
2643 2643
2644 2644
2648 2648
2652 2652
2654 2654
3154 2655
3017 2658
2800 2661
2662 2662
2663 2663
2693 2664
3397 2665
787 2667
3148 2671
2675 2675
2676 2676
3535 2680
2499 2681
2684 2684
2685 2685
2688 2688
2689 2689
2366 2690
2667 2693
1273 2695
3130 2698
2700 2700
2705 2705
3096 2706
2707 2707
1861 2708
2711 2711
1808 2712
2715 2715
3113 2717
2719 2719
2721 2721
2722 2722
671 2724
2727 2727
2728 2728
2781 2730
2724 2731
2733 2733
2738 2738
2740 2740
1128 2743
2746 2746
2392 2747
2748 2748
1233 2749
313 2751
830 2752
2909 2753
2727 2754
356 2762
2764 2764
2043 2771
751 2772
2775 2775
610 2780
2783 2783
462 2786
2867 2788
2281 2789
2795 2795
2797 2797
1483 2798
1391 2799
2801 2801
746 2802
2055 2803
2807 2807
2808 2808
235 2810
2811 2811
2814 2814
2815 2815
2817 2817
2818 2818
2819 2819
2811 2820
2821 2821
2822 2822
2824 2824
2826 2826
2183 2828
2829 2829
2831 2831
2834 2834
2645 2836
2492 2840
3003 2841
2844 2844
2845 2845
2846 2846
65 2848
2852 2852
2920 2853
2856 2856
2390 2859
1199 2860
2862 2862
2863 2863
2648 2864
2865 2865
2866 2866
2730 2871
2873 2873
784 2874
2421 2878
2880 2880
2881 2881
2468 2882
2884 2884
3154 2886
2887 2887
3262 2888
1928 2890
2892 2892
2895 2895
2897 2897
2898 2898
206 2899
74 2900
2902 2902
2903 2903
2397 2904
2905 2905
2369 2908
287 2909
2910 2910
2912 2912
2914 2914
3227 2915
3164 2919
2920 2920
2923 2923
2926 2926
2927 2927
1680 2929
3221 2930
788 2931
2932 2932
2743 2933
1698 2936
2436 2939
2941 2941
2942 2942
3119 2946
683 2950
3058 2951
2955 2955
2958 2958
2869 2959
2597 2960
2962 2962
746 2964
2967 2967
2886 2970
2972 2972
822 2974
2977 2977
1103 2979
2981 2981
2982 2982
2984 2984
2105 2985
539 2986
3154 2987
2989 2989
709 2993
2994 2994
2998 2998
3001 3001
946 3002
3004 3004
3006 3006
2128 3009
2325 3011
3012 3012
3014 3014
2383 3019
3020 3020
3629 3024
3029 3029
1373 3030
2252 3031
3036 3036
3037 3037
3039 3039
961 3040
3043 3043
3044 3044
3045 3045
1777 3047
3053 3053
3055 3055
3063 3063
3064 3064
3076 3076
6426 3077
3079 3079
2304 3087
3088 3088
3090 3090
3156 3093
730 3094
3096 3096
3098 3098
3099 3099
2536 3101
3158 3102
2874 3104
3106 3106
2895 3108
45 3111
3112 3112
3571 3113
3115 3115
3116 3116
1947 3117
1015 3118
3120 3120
3121 3121
2408 3123
3125 3125
1087 3128
3129 3129
3130 3130
1919 3132
3133 3133
3135 3135
3136 3136
3137 3137
3139 3139
1901 3141
3142 3142
3023 3144
2919 3147
1373 3151
3152 3152
1453 3153
3155 3155
2243 3156
2693 3159
2110 3160
3163 3163
574 3166
1919 3167
3168 3168
3169 3169
180 3170
3172 3172
1431 3175
3177 3177
3182 3182
3183 3183
3556 3184
711 3185
3353 3187
2105 3188
3189 3189
3190 3190
3193 3194
3195 3195
3196 3196
1564 3197
3201 3201
3204 3204
510 3209
2146 3210
178 3213
1685 3214
3216 3216
3218 3218
3219 3219
1861 3221
3225 3225
2875 3226
3229 3229
668 3232
3234 3234
3379 3235
3237 3237
3484 3239
3241 3241
3242 3242
2808 3243
1955 3244
3246 3246
3094 3247
3401 3248
3249 3249
3251 3251
3442 3252
3667 3253
3031 3254
3255 3255
3318 3258
1801 3261
3565 3262
889 3263
2164 3264
3266 3266
3267 3267
3265 3271
3437 3272
3275 3275
3339 3276
3277 3277
3278 3278
3280 3280
3281 3281
3454 3282
3283 3283
3287 3287
3474 3288
3430 3289
3301 3292
2440 3294
1163 3295
3532 3297
3246 3299
2501 3301
2852 3304
1955 3305
1778 3307
1383 3314
3316 3316
3319 3319
3320 3320
3258 3322
3323 3323
3325 3325
1825 3326
3330 3330
3333 3333
3334 3334
3335 3335
3338 3338
3339 3339
3340 3340
3293 3342
2167 3346
275 3347
3348 3348
3250 3352
3397 3354
3355 3355
3501 3356
3439 3359
3361 3361
2390 3362
889 3363
3047 3364
3365 3365
3365 3366
3367 3367
3368 3368
2376 3370
3371 3371
3237 3372
3373 3373
3376 3376
2165 3378
3361 3380
3381 3381
3238 3384
3385 3385
3386 3386
3388 3388
1302 3391
629 3396
3265 3397
1809 3400
1712 3405
2088 3406
3407 3407
3411 3411
3413 3413
3414 3414
2869 3417
3379 3422
3423 3423
3425 3425
3429 3429
3620 3431
2501 3435
3437 3437
3238 3438
2231 3439
3485 3440
3442 3442
104 3443
3445 3445
1685 3446
3447 3447
3452 3452
3457 3457
1908 3458
1612 3459
3460 3460
3427 3464
178 3465
2109 3466
3534 3471
3472 3472
3487 3487
3493 3493
3495 3495
3496 3496
3497 3497
1038 3499
3500 3500
3443 3503
1785 3506
3507 3507
3227 3508
3271 3515
3516 3516
3517 3517
3518 3518
3541 3520
3521 3521
1067 3522
1412 3523
1780 3524
1086 3525
3532 3527
3488 3529
3530 3530
1248 3531
3533 3533
2551 3535
1548 3540
3576 3543
1685 3544
3547 3547
3553 3553
3554 3554
3631 3555
2551 3556
3560 3560
3561 3561
1163 3562
3138 3564
3565 3565
3566 3566
3567 3567
3568 3568
1330 3570
3571 3571
1516 3572
3410 3575
3576 3576
3577 3577
3579 3579
3348 3581
3584 3584
3586 3586
1623 3589
1172 3591
3432 3594
3596 3596
2318 3598
3408 3600
3601 3601
3602 3602
3665 3603
3387 3604
3605 3605
1440 3607
3609 3609
2060 3610
3612 3612
3613 3613
1640 3614
3616 3616
3607 3618
3620 3620
173 3624
3628 3628
3629 3629
3546 3631
1166 3632
3633 3633
3634 3634
2751 3635
3637 3637
3638 3638
3643 3643
3648 3648
3649 3649
3650 3650
3410 3651
1896 3652
2367 3660
1004 3662
3667 3667
3173 3668
3670 3670
3672 3672
3673 3673
3674 3674
4325 3675
6424 3679
3681 3681
3682 3682
6512 3685
5810 3686
4776 3688
3690 3690
3691 3691
5851 3692
5810 3693
3694 3694
3695 3695
5489 3696
6324 3699
4070 3702
3704 3704
4428 3705
3706 3706
4992 3707
3755 3708
4820 3709
4350 3713
3717 3717
3718 3718
3720 3720
6652 3721
3723 3723
3724 3724
3728 3728
6231 3734
4683 3735
4038 3737
3738 3738
4556 3741
3896 3743
6419 3748
6061 3749
4461 3750
4075 3751
5542 3753
3754 3754
6415 3757
3759 3759
6353 3761
4824 3763
5083 3764
5904 3765
3766 3766
4357 3767
3768 3768
5316 3769
4694 3770
4932 3771
5829 3772
4057 3775
5194 3776
5302 3778
3782 3782
4867 3783
4697 3789
4849 3790
6660 3791
4582 3792
6761 3793
4671 3795
5058 3796
6459 3797
6187 3798
5579 3799
6439 3805
5717 3806
4870 3807
3810 3810
6696 3811
6750 3812
3932 3813
4409 3816
6334 3818
4608 3820
4548 3823
3824 3824
4849 3825
6697 3827
3828 3828
3833 3833
5802 3838
5332 3839
3840 3840
6270 3841
5484 3842
3811 3844
3845 3845
5797 3846
5613 3847
3850 3850
4402 3852
6410 3854
3861 3861
4997 3864
6599 3865
6761 3867
3870 3870
4855 3873
3874 3874
5758 3875
6524 3876
3796 3877
6600 3881
3883 3883
3884 3884
5683 3886
4629 3891
3892 3892
4306 3893
6806 3894
6108 3896
4207 3898
6073 3899
4234 3900
5782 3901
3906 3906
4960 3907
3908 3908
3759 3910
6017 3911
4127 3913
3914 3914
4163 3915
5503 3917
4039 3918
4075 3919
5137 3921
6789 3923
3926 3926
4406 3928
5250 3929
4278 3930
3932 3932
3816 3933
4673 3936
6256 3950
4431 3951
6181 3952
4485 3953
3954 3954
5379 3955
6524 3956
6109 3962
3963 3963
5019 3964
3965 3965
3932 3968
4325 3971
5802 3972
6031 3974
3976 3976
3979 3979
4629 3980
3869 3984
4628 3987
4991 3990
6226 3993
3796 3994
4856 3995
5256 3996
4001 4001
6733 4005
6761 4008
5099 4009
5958 4010
4124 4012
4014 4014
4018 4018
5844 4020
4021 4021
5179 4026
4266 4027
6802 4031
4032 4032
5582 4034
4035 4035
4036 4036
4037 4037
4038 4038
4042 4042
6731 4044
4048 4048
4050 4050
5472 4052
4058 4058
4181 4060
5128 4061
6009 4064
4065 4065
4649 4069
4071 4071
4073 4073
4074 4074
4148 4076
4077 4077
4350 4078
6237 4082
4084 4084
5714 4085
6447 4086
4436 4087
4706 4088
4093 4093
6761 4094
6573 4096
5586 4098
3746 4099
4114 4101
6213 4102
5020 4104
5644 4108
5702 4110
6542 4112
3847 4115
4116 4116
4123 4123
4752 4125
4126 4126
5571 4128
4207 4130
4131 4131
5957 4137
6583 4139
6761 4141
5341 4142
4143 4143
4149 4149
4150 4150
6830 4152
4153 4153
4155 4155
4157 4157
4158 4158
4161 4161
6230 4164
4167 4167
4168 4168
4731 4170
4420 4172
4174 4174
5747 4178
4179 4179
5270 4180
4745 4182
5735 4185
4186 4186
6512 4187
5229 4189
6493 4190
4192 4192
4073 4193
4740 4197
4198 4198
3796 4199
3963 4202
5194 4205
4706 4209
5125 4210
6761 4211
5112 4214
6481 4216
6350 4217
6197 4218
5554 4222
4731 4223
3724 4224
6243 4225
4226 4226
6076 4227
5586 4228
4901 4229
4230 4230
4313 4232
6513 4234
6604 4235
4237 4237
4238 4238
4241 4241
6235 4246
3907 4252
4842 4254
5380 4256
4257 4257
6583 4261
4262 4262
5201 4264
3854 4268
6242 4269
4581 4271
3998 4272
4055 4274
3697 4275
5597 4276
4277 4277
4282 4282
4284 4284
6644 4285
6455 4288
3859 4289
4290 4290
4291 4291
4294 4294
5239 4297
4299 4299
5654 4300
5216 4301
4300 4308
4310 4310
5006 4312
5926 4313
4574 4316
4603 4318
5032 4320
4321 4321
4895 4323
5344 4324
6705 4325
4329 4329
4077 4334
4335 4335
5023 4336
3706 4337
4338 4338
6447 4339
4340 4340
4960 4344
4113 4345
4261 4348
4349 4349
4742 4354
5977 4358
4361 4361
4842 4362
4329 4364
6812 4365
4367 4367
6318 4370
5495 4371
4372 4372
5472 4373
6761 4374
6658 4378
4379 4379
4781 4385
4386 4386
4387 4387
4389 4389
4391 4391
4392 4392
4396 4396
3999 4397
5840 4398
5686 4404
4873 4405
5561 4409
4412 4412
4417 4417
4801 4418
4706 4419
3796 4420
5038 4421
4416 4422
4424 4424
6296 4427
4092 4428
6028 4432
4435 4435
3895 4437
6650 4439
3975 4440
4291 4442
4443 4443
5516 4445
4047 4446
4090 4447
4788 4448
4727 4449
4452 4452
4459 4459
4461 4461
5848 4462
5582 4464
4465 4465
6447 4466
5164 4467
4309 4468
4469 4469
4470 4470
6290 4471
6147 4473
4932 4478
3830 4479
5495 4480
4481 4481
6826 4482
6190 4488
5885 4489
4806 4492
4493 4493
5717 4494
4524 4498
5282 4500
4502 4502
4503 4503
4913 4504
3759 4506
6143 4509
5732 4512
6359 4513
5472 4516
4810 4520
4628 4521
4556 4523
4217 4527
5463 4528
4774 4529
5961 4530
5689 4533
6061 4535
5664 4537
4538 4538
5421 4540
4090 4541
4656 4542
5235 4547
4126 4550
4552 4552
6260 4553
6144 4557
3825 4558
4471 4561
5360 4564
6418 4566
5437 4568
4571 4571
4168 4573
4960 4574
5239 4575
5499 4577
4694 4578
4580 4580
3796 4581
6396 4582
6594 4588
4904 4591
4593 4593
4778 4594
6571 4597
4492 4598
5302 4601
6031 4603
4604 4604
4606 4606
4607 4607
5666 4609
6761 4611
5299 4613
4761 4614
6369 4616
4433 4617
3937 4618
4621 4621
6795 4623
6761 4624
4789 4626
6380 4627
4628 4628
6447 4633
4939 4635
6774 4639
4641 4641
5607 4642
4644 4644
5147 4645
4648 4648
4650 4650
4653 4653
6826 4659
6447 4662
4644 4664
6761 4666
4668 4668
5530 4669
3794 4676
5270 4681
3764 4683
4685 4685
4181 4686
4687 4687
4689 4689
5909 4691
5079 4693
5996 4696
6761 4699
4749 4705
4707 4707
4709 4709
4711 4711
6713 4712
6644 4713
5447 4714
4716 4716
5592 4717
5561 4718
6600 4721
5975 4722
4724 4724
4725 4725
6018 4726
4727 4727
4729 4729
4730 4730
4461 4731
4734 4734
4744 4744
4746 4746
4747 4747
4749 4749
6842 4752
5586 4753
4562 4755
4756 4756
4757 4757
5213 4759
5302 4760
4165 4761
5106 4762
6563 4764
6148 4768
4712 4770
4772 4772
5854 4774
4776 4776
5380 4779
6288 4780
5179 4782
5116 4787
6827 4789
6659 4790
4793 4793
4436 4794
4797 4797
6825 4802
4806 4806
5516 4807
6546 4808
4810 4810
6798 4811
5597 4813
4814 4814
5456 4815
4396 4816
6359 4818
4820 4820
6144 4822
5723 4823
4827 4827
6110 4828
5586 4834
5563 4836
4742 4838
4932 4839
4672 4844
5516 4845
4603 4847
4849 4849
6265 4850
4854 4854
4071 4855
4445 4858
6169 4859
4909 4863
5891 4864
4079 4867
4868 4868
6646 4869
6427 4870
6190 4871
4991 4874
4701 4875
5158 4878
4554 4880
4787 4881
5848 4884
6594 4885
5842 4891
4757 4892
5207 4893
4556 4894
5732 4897
4900 4900
6613 4905
4902 4908
4909 4909
4910 4910
4912 4912
4913 4913
4914 4914
4915 4915
4842 4917
5261 4921
4266 4924
4331 4927
5380 4928
4930 4930
4934 4934
4935 4935
4936 4936
6338 4940
4941 4941
4124 4943
5524 4944
4950 4950
4953 4953
4956 4956
6877 4957
4770 4958
4122 4960
6460 4961
4962 4962
4963 4963
4266 4965
6356 4966
6764 4967
4968 4968
4690 4969
4150 4973
4978 4978
5545 4979
4982 4982
6374 4984
4985 4985
4438 4986
4987 4987
4989 4989
5907 4991
4992 4992
4994 4994
4742 5004
6294 5005
5007 5007
5627 5019
6374 5021
4256 5025
4485 5026
5028 5028
5861 5029
4325 5030
6311 5032
5527 5033
6358 5036
4944 5037
5582 5038
5627 5039
5732 5040
5041 5041
5045 5045
5690 5046
4603 5048
5051 5051
6745 5052
5053 5053
5466 5054
4066 5055
5056 5056
5414 5063
4241 5065
3716 5066
3759 5067
5069 5069
5072 5072
4749 5074
5075 5075
5079 5079
5051 5080
3937 5083
4895 5085
5086 5086
6276 5090
6418 5091
5380 5092
5093 5093
6086 5094
4073 5096
4076 5097
3682 5100
5101 5101
5116 5102
6745 5103
6206 5105
4169 5106
4014 5107
6604 5108
5113 5113
5116 5116
5117 5117
6420 5120
5123 5123
5124 5124
5125 5125
5130 5130
4435 5131
5270 5133
6504 5134
5136 5136
5138 5138
4234 5141
5142 5142
5586 5151
4247 5152
5810 5155
4582 5156
5157 5157
5158 5158
5957 5165
6460 5168
3768 5172
4497 5174
6418 5176
5178 5178
5179 5179
4907 5182
6505 5183
4669 5184
4403 5186
5188 5188
5193 5193
5818 5194
5526 5195
4224 5196
5197 5197
5198 5198
4494 5199
4842 5200
4433 5201
6761 5204
5205 5205
5434 5207
5211 5211
4854 5212
5842 5214
4635 5215
5969 5219
3745 5222
3767 5223
4608 5224
5225 5225
4706 5230
6761 5231
6073 5233
5234 5234
5235 5235
4602 5236
5188 5238
5239 5239
3915 5240
6226 5242
5016 5247
5472 5248
5249 5249
5251 5251
6660 5254
5256 5256
4044 5259
4960 5264
5778 5265
4870 5267
5269 5269
6761 5276
6468 5279
6505 5280
5281 5281
4402 5282
6726 5286
5287 5287
5564 5289
5290 5290
6139 5291
3989 5294
5295 5295
5297 5297
5300 5300
6364 5302
6440 5303
4662 5305
5627 5306
5810 5313
5314 5314
5689 5321
5323 5323
6177 5325
4644 5330
6018 5331
4225 5332
5134 5336
5339 5339
5341 5341
6350 5342
4257 5343
4628 5346
5276 5351
5820 5352
5355 5355
3846 5357
5360 5360
4210 5362
4261 5363
5365 5365
4336 5366
6846 5372
6339 5373
4582 5374
5004 5375
5377 5377
5378 5378
5379 5379
4603 5382
5065 5384
5385 5385
5387 5387
5362 5388
6585 5389
5390 5390
4334 5393
5396 5396
5958 5397
6164 5401
5403 5403
6206 5404
5405 5405
5406 5406
5018 5407
6327 5408
5409 5409
5410 5410
5411 5411
5742 5412
6709 5413
4893 5414
5416 5416
4560 5420
6447 5425
5426 5426
4504 5427
5996 5429
4485 5430
3895 5433
6038 5434
5436 5436
4492 5438
6221 5444
5445 5445
3821 5447
6327 5448
6560 5449
3694 5452
5453 5453
6447 5454
5458 5458
4748 5459
6761 5460
5679 5463
3953 5465
3859 5466
5468 5468
5631 5469
4445 5470
4984 5471
5935 5472
5474 5474
6009 5478
4934 5480
6230 5481
5483 5483
4149 5487
5489 5489
5586 5493
3739 5494
5497 5497
5499 5499
5501 5501
6761 5502
4960 5503
6418 5507
4572 5508
5937 5509
4623 5511
6139 5512
5514 5514
6323 5518
4246 5519
4817 5521
5522 5522
5523 5523
4399 5524
5525 5525
5527 5527
5528 5528
5529 5529
4210 5531
5532 5532
5534 5534
4989 5535
6775 5537
5538 5538
3963 5539
5542 5542
6117 5543
5885 5547
5549 5549
6509 5551
4754 5553
5554 5554
4597 5560
6164 5561
4325 5562
5302 5563
6702 5567
5018 5568
4757 5569
6439 5570
3975 5571
4201 5575
5771 5576
4481 5581
6326 5582
6761 5583
5584 5584
4631 5585
6051 5586
4722 5591
5586 5593
4932 5594
5300 5596
4202 5600
5101 5601
4901 5603
6427 5608
5609 5609
5949 5610
4350 5611
3853 5612
6723 5613
4946 5615
4907 5616
5516 5622
6359 5623
5625 5625
4253 5626
5630 5630
5631 5631
5634 5634
5635 5635
5499 5638
5640 5640
5641 5641
4148 5644
5646 5646
5085 5647
5648 5648
4560 5650
6061 5651
4551 5653
4794 5654
5948 5660
6751 5661
5663 5663
5664 5664
5665 5665
5512 5666
4895 5670
3999 5671
5601 5678
5508 5683
5689 5689
4200 5692
5723 5693
5049 5694
4601 5696
5980 5697
4301 5699
5528 5703
3813 5704
5705 5705
5706 5706
5708 5708
5662 5710
6126 5711
5716 5716
6175 5717
4075 5719
4855 5721
5724 5724
5435 5725
4344 5728
3792 5732
5733 5733
3713 5736
6206 5738
4998 5739
5659 5740
5674 5741
6491 5743
5745 5745
5746 5746
6616 5747
4960 5749
5750 5750
4142 5751
5712 5752
5753 5753
6761 5754
5678 5756
5170 5760
5732 5761
5762 5762
6285 5763
6761 5765
5767 5767
5747 5768
6594 5771
4914 5773
5775 5775
5777 5777
4932 5780
4274 5781
5782 5782
5783 5783
4226 5785
5794 5794
4397 5795
6806 5797
5800 5800
5802 5802
5564 5803
5806 5806
5807 5807
5811 5811
5812 5812
5813 5813
6296 5816
4937 5817
5820 5820
4350 5821
6418 5823
5354 5824
4936 5825
6303 5828
5829 5829
6242 5831
5931 5833
5834 5834
5835 5835
6359 5836
4257 5837
5838 5838
6418 5839
5840 5840
5495 5842
5388 5844
5845 5845
6314 5846
6825 5847
5515 5848
5852 5852
6059 5855
4893 5861
5862 5862
5521 5865
5020 5867
6045 5869
5818 5877
5878 5878
5880 5880
6169 5885
5886 5886
5758 5888
4827 5890
6009 5894
6287 5896
5810 5898
6323 5900
5901 5901
4485 5903
5689 5904
6842 5905
4773 5906
6658 5909
4561 5911
3964 5913
6374 5914
5915 5915
5917 5917
3877 5920
5766 5921
5923 5923
4984 5926
5932 5932
5933 5933
4039 5938
5939 5939
5944 5944
5443 5946
6816 5954
4694 5955
4960 5957
5959 5959
3792 5962
5586 5965
5966 5966
6769 5968
5445 5974
5853 5975
4196 5976
5980 5980
5981 5981
3768 5984
5985 5985
4953 5986
3963 5987
5988 5988
5989 5989
6318 5990
5991 5991
4148 5993
5994 5994
6069 5996
5997 5997
4690 6001
6005 6005
5130 6006
4161 6008
4341 6016
6461 6022
4985 6023
6024 6024
5092 6025
4241 6027
6791 6029
4076 6030
5518 6032
3816 6033
6459 6037
5615 6038
6039 6039
6040 6040
6551 6042
6028 6043
4936 6044
6045 6045
5049 6046
6237 6047
5044 6051
6008 6053
6054 6054
6594 6055
6056 6056
6057 6057
5434 6058
6059 6059
3988 6061
4148 6063
6064 6064
6066 6066
4142 6067
4118 6072
4842 6075
6708 6076
6077 6077
6761 6078
5355 6079
6460 6081
6082 6082
5677 6084
6878 6086
6844 6087
6090 6090
6751 6092
4150 6094
6095 6095
5495 6098
6102 6102
4212 6103
4070 6107
5751 6108
4745 6109
6338 6110
6296 6112
5631 6113
4210 6115
6117 6117
5654 6121
4796 6125
6806 6126
4312 6129
6130 6130
5090 6131
6374 6133
6136 6136
6692 6137
5897 6139
5092 6141
6142 6142
6143 6143
6658 6145
4181 6146
6147 6147
5180 6149
5527 6152
6656 6153
5806 6156
5499 6158
6159 6159
6160 6160
6162 6162
5256 6165
5472 6168
6172 6172
6658 6177
6180 6180
6185 6185
5112 6189
3942 6190
6191 6191
6081 6193
5083 6195
3759 6196
6198 6198
6622 6201
6671 6202
6713 6209
4497 6210
4039 6211
6212 6212
6743 6214
3877 6215
5810 6218
5416 6219
5564 6220
6447 6222
5891 6223
4124 6224
6319 6225
4538 6228
6231 6231
4512 6232
6235 6235
5434 6236
6652 6237
6238 6238
5814 6239
6117 6240
6790 6242
5597 6245
6248 6248
6144 6251
6290 6253
6074 6254
6256 6256
6257 6257
6491 6260
4817 6263
4244 6264
5044 6265
6267 6267
5270 6272
6206 6274
6275 6275
6276 6276
4574 6277
6010 6278
6281 6281
6282 6282
4694 6283
4773 6285
6286 6286
6288 6288
6268 6289
5423 6294
6295 6295
6302 6302
5113 6303
6658 6306
4562 6307
5397 6308
6309 6309
5294 6310
5032 6311
4990 6312
4003 6313
6315 6315
6319 6319
4596 6320
3932 6324
6326 6326
6327 6327
4003 6331
6332 6332
6334 6334
4565 6337
6338 6338
6341 6341
5092 6342
4869 6346
4870 6347
6836 6348
6713 6349
6350 6350
6723 6351
6474 6352
4703 6353
5861 6354
6356 6356
4806 6357
3917 6359
6360 6360
6363 6363
6365 6365
6761 6367
6490 6372
3821 6373
5181 6374
6418 6375
3949 6376
6381 6381
4013 6382
6383 6383
6594 6386
6388 6388
6389 6389
6418 6392
6870 6394
5732 6395
5332 6396
4508 6397
4246 6398
6144 6400
6401 6401
5603 6406
5463 6407
6504 6409
6146 6412
3795 6415
5690 6419
4090 6421
5207 6422
6423 6423
6192 6424
4881 6425
4427 6426
6784 6428
3935 6430
6418 6432
5876 6433
3911 6434
5603 6435
6438 6438
6439 6439
4545 6440
6640 6441
5011 6442
6761 6443
6444 6444
4165 6445
6446 6446
4112 6449
5757 6452
6798 6453
3767 6459
5845 6460
6672 6462
4562 6464
6467 6467
6468 6468
4901 6473
4482 6474
3713 6478
6479 6479
6583 6481
6170 6482
4901 6484
5291 6486
5737 6488
4712 6489
4886 6494
4528 6498
6235 6505
4724 6507
5130 6508
5076 6509
6510 6510
5278 6511
6512 6512
6173 6515
5961 6517
4143 6518
4260 6521
6103 6523
6526 6526
6527 6527
6530 6530
6533 6533
5332 6535
6372 6536
6537 6537
5017 6538
5051 6544
5564 6547
5276 6548
6578 6551
6554 6554
4753 6555
6557 6557
6560 6560
6561 6561
6563 6563
6723 6564
6566 6566
6567 6567
6583 6568
6433 6571
6573 6573
5975 6576
6577 6577
3757 6578
5128 6581
6585 6585
5018 6586
6587 6587
6731 6588
6591 6591
6592 6592
6647 6596
6437 6597
6598 6598
4196 6599
6600 6600
6602 6602
6603 6603
6606 6606
4936 6607
4710 6608
4562 6609
5993 6610
6034 6612
6770 6613
4339 6614
5811 6615
4521 6616
4241 6617
5049 6618
6620 6620
5925 6621
6743 6622
4628 6623
5634 6625
6626 6626
4748 6629
6161 6630
5930 6635
5503 6636
6637 6637
6638 6638
5445 6639
5235 6641
6643 6643
4359 6645
6507 6650
5586 6656
6657 6657
4383 6659
4241 6660
5183 6662
6663 6663
6665 6665
6666 6666
3745 6667
3841 6668
4988 6669
6696 6670
4217 6678
5810 6684
5505 6685
3907 6686
6688 6688
4034 6689
5179 6691
4312 6692
6115 6693
4033 6694
5008 6696
6508 6704
6213 6705
6706 6706
6327 6707
5525 6708
5591 6709
4837 6713
5330 6714
6718 6718
6721 6721
6724 6724
6725 6725
6727 6727
6245 6728
4105 6732
5931 6734
6739 6739
3811 6745
6151 6746
4214 6747
5926 6748
5810 6749
6750 6750
6754 6754
5038 6755
6318 6757
3694 6758
4603 6760
4842 6762
6768 6768
4842 6769
6774 6774
5029 6775
6355 6777
4644 6778
4148 6780
4345 6782
5645 6783
4562 6784
6785 6785
6787 6787
6788 6788
6791 6791
6793 6793
4237 6794
5049 6795
6797 6797
4642 6798
5538 6800
6334 6801
4902 6804
4400 6806
6807 6807
6808 6808
6809 6809
6206 6810
5782 6812
4530 6814
6817 6817
4165 6823
6827 6827
5834 6830
6832 6832
6834 6834
5714 6836
6524 6837
6839 6839
4219 6840
6841 6841
5687 6843
6844 6844
6803 6847
6848 6848
6636 6849
4303 6853
5472 6854
4722 6855
6856 6856
5817 6858
6859 6859
4196 6861
6865 6865
6866 6866
5466 6867
6523 6868
6505 6869
6872 6872
6611 6876
3877 6877
6724 6878
6880 6880
4438 6885
5586 6886
