1559 2
5621 5
2068 6
961 7
4662 9
361 13
5982 14
1329 17
2074 18
5637 19
6879 20
5651 22
3519 27
28 28
1593 30
1955 32
2651 33
174 34
112 36
3579 37
1781 38
4961 41
5554 42
836 44
4189 48
6562 49
1929 50
289 51
6876 52
3158 55
4071 59
1512 60
2317 61
182 71
6131 72
2473 74
6461 79
4868 81
406 82
2510 84
704 85
6408 86
4727 91
1565 93
2017 95
4137 97
6289 101
2510 102
695 105
6066 107
5492 114
582 115
1335 116
1738 118
2372 119
747 120
2768 121
2999 122
1203 127
608 129
4286 138
6459 140
474 142
2004 144
1523 145
1887 149
4571 150
1184 155
3946 161
5154 162
4662 166
942 168
5107 169
2792 171
5988 179
982 184
5709 186
3655 188
6024 189
3551 193
1955 202
6035 203
942 204
4556 211
5982 213
5561 214
6045 215
2512 219
776 220
1487 223
5352 224
1351 228
2582 236
2614 238
3846 239
471 240
718 241
3734 242
2768 243
5947 245
1064 246
4649 247
376 249
5478 251
1803 253
3545 254
5275 255
2454 262
5162 266
4036 272
6079 274
1241 276
4651 277
4499 279
5931 284
1683 287
307 288
5868 291
5552 293
4673 294
5117 295
5831 299
3561 300
3216 302
5214 309
2334 310
4165 311
1168 312
3621 315
982 317
3946 319
5195 321
4184 322
5323 323
1614 324
2644 325
214 326
5554 329
5537 330
3946 332
4973 336
2944 339
511 344
1154 345
3655 346
3842 348
5968 351
2552 353
6376 355
1335 362
982 365
220 367
5901 368
4641 369
3188 371
65 372
3860 373
4206 376
4662 379
5199 381
1465 382
1955 385
1861 386
3545 394
131 402
718 403
3036 407
2866 409
3377 414
5914 416
1279 418
3446 419
609 421
5495 426
4048 429
431 431
1798 432
1119 433
6613 438
387 440
2614 441
1391 448
43 449
1603 452
5852 455
6817 456
4032 459
2979 461
440 463
4675 467
2215 468
4556 471
10 472
949 475
1335 478
5611 479
2494 485
3692 487
6153 490
1038 491
3143 492
2525 495
186 496
5645 500
6188 503
6830 505
1446 513
3676 514
1484 516
5753 521
1612 524
4942 525
5555 526
5574 528
1523 529
5574 534
4189 537
794 543
6800 544
1988 545
6117 546
6714 550
5601 551
3209 552
3030 555
695 557
6644 560
983 561
5931 562
1335 564
5249 566
6187 568
2792 569
4868 570
747 572
6478 573
2021 574
2539 575
6016 580
3979 583
5331 584
442 585
149 586
1365 590
1525 591
2716 593
1955 594
2154 596
359 597
174 601
603 603
2740 607
5323 615
6186 617
5153 619
6705 622
4213 624
5478 628
3124 631
3116 632
3975 633
5019 637
5621 638
5181 639
2136 640
2995 642
5046 644
6214 648
6272 649
199 654
1738 658
6531 659
2052 660
2273 661
6273 662
2278 664
5202 667
325 669
4489 673
127 674
6484 675
4912 676
5881 678
4183 679
4378 683
4961 684
6544 692
5428 694
2437 695
442 697
629 698
2552 703
6651 705
1607 709
5124 710
911 713
942 715
5234 717
5124 720
1737 721
5158 722
844 723
2128 728
6198 730
954 732
3025 733
949 734
5195 743
2017 745
3946 746
3334 749
6560 755
646 762
4762 764
3051 767
4842 768
4982 773
3026 775
962 779
5881 781
5086 782
5906 787
5555 788
887 790
6404 793
4716 803
1516 806
4998 808
1839 809
2716 811
1365 812
1872 813
6664 816
966 821
1524 822
4480 823
982 827
5755 830
2825 831
4053 833
5249 838
2519 839
4855 840
1603 841
4691 844
3628 848
146 853
336 854
5611 856
1203 862
747 867
226 869
3214 870
5976 872
501 878
6584 880
747 885
3026 888
6125 892
5932 897
693 901
3228 903
2617 909
136 911
87 913
6697 916
4288 917
2168 921
3025 922
2074 923
5447 926
4476 945
966 949
1607 950
4662 953
1203 956
747 959
4036 961
4467 962
5864 964
2166 966
1386 970
6717 972
3933 975
418 976
6188 980
6102 984
3219 988
2792 992
1822 999
6029 1001
867 1002
289 1004
3102 1007
5574 1009
3011 1020
3016 1023
3948 1024
92 1025
630 1027
6423 1029
3946 1034
713 1035
6731 1037
1661 1038
1017 1039
5799 1040
4309 1041
1593 1050
1549 1051
3894 1061
4252 1066
1755 1074
1018 1077
3436 1080
2017 1083
214 1084
5049 1085
1951 1087
6186 1088
1393 1101
4462 1104
3864 1106
108 1110
5046 1111
5489 1112
5547 1114
2206 1116
1009 1117
6320 1119
3228 1121
1114 1123
1603 1129
2318 1132
2692 1134
1135 1135
629 1143
6117 1147
5906 1148
2592 1157
3964 1159
3320 1160
6598 1161
1255 1162
312 1168
3347 1169
5154 1171
4130 1177
3840 1178
5275 1181
501 1183
4291 1184
6613 1185
255 1188
5530 1195
6408 1196
4724 1197
6166 1207
1373 1214
966 1215
1992 1218
1995 1220
4609 1227
3204 1229
629 1234
6546 1236
2278 1237
4286 1241
6066 1243
3166 1249
3894 1250
2109 1251
505 1254
6034 1256
3511 1258
214 1259
4808 1261
2631 1264
1196 1269
4137 1272
649 1276
1342 1277
5611 1279
1673 1280
3767 1283
5885 1286
2474 1287
4576 1288
5486 1292
5421 1295
5162 1297
5709 1298
2278 1301
4662 1303
4838 1309
4994 1311
1533 1315
5894 1319
282 1320
5781 1326
4513 1344
6270 1346
1373 1348
2973 1352
1275 1356
1955 1360
3766 1363
5709 1366
6332 1368
3446 1370
5709 1372
5482 1374
3946 1385
3374 1388
38 1393
2525 1399
4961 1403
5448 1407
1222 1409
3562 1410
2000 1414
4324 1420
1946 1422
3298 1430
4961 1434
551 1435
3219 1438
4212 1439
5255 1440
267 1445
4609 1449
1977 1451
2630 1452
2021 1453
2522 1458
1460 1460
3103 1477
6600 1480
113 1481
4571 1483
1040 1487
5368 1492
4246 1498
2017 1500
2733 1502
2593 1508
3519 1513
2128 1514
6594 1515
6424 1516
2354 1518
2979 1521
5405 1525
6231 1526
6056 1530
1293 1531
6342 1532
2761 1533
2594 1534
149 1537
570 1541
5912 1543
2510 1544
899 1545
6860 1548
1645 1549
3219 1554
5269 1563
6544 1565
5575 1573
521 1578
5398 1583
3911 1585
1317 1589
3457 1593
457 1598
3214 1599
4944 1605
5123 1609
1786 1610
5360 1612
4509 1617
5885 1618
5124 1619
2393 1620
2792 1623
4133 1624
957 1625
583 1635
3946 1636
418 1643
1236 1647
327 1648
3704 1660
2348 1661
2731 1662
3294 1666
5885 1673
6429 1674
3946 1675
4179 1676
5447 1677
3630 1679
406 1683
5271 1688
5784 1690
1021 1694
4740 1695
2792 1699
3044 1700
6857 1702
181 1704
994 1706
4961 1707
1813 1710
3483 1717
6016 1719
776 1722
1525 1725
4879 1727
247 1729
2246 1745
5323 1746
1719 1751
6478 1754
2716 1756
2913 1758
2942 1761
3986 1769
948 1770
4724 1771
1816 1775
2512 1776
692 1777
3250 1780
4647 1783
18 1785
6786 1790
3331 1792
4881 1793
1154 1794
1113 1795
2060 1797
4186 1798
5166 1799
3894 1801
16 1803
6762 1805
1335 1806
2021 1810
1338 1815
1781 1816
3829 1820
6198 1821
4103 1822
2985 1823
2177 1824
6162 1825
6718 1826
2227 1828
6404 1835
3946 1836
4215 1839
2278 1840
5574 1842
2510 1845
3440 1846
1203 1848
5103 1852
6005 1854
3662 1856
1991 1859
6566 1860
3502 1861
4682 1862
5053 1864
2121 1866
3219 1867
2792 1869
5640 1874
4042 1876
4826 1880
3946 1882
872 1885
1962 1886
3095 1887
1888 1888
2635 1891
6075 1893
5083 1899
2794 1906
407 1907
6530 1909
1018 1912
524 1913
3379 1916
6668 1922
1630 1926
2890 1928
440 1930
6186 1931
5343 1932
529 1937
805 1940
2245 1941
1281 1942
1317 1945
2792 1947
6712 1956
5917 1959
4100 1967
4716 1972
2966 1973
2102 1975
2212 1976
16 1982
6600 1992
3003 1993
1755 1994
5421 1996
949 2003
4533 2004
2942 2007
2154 2012
5536 2014
4984 2018
6035 2020
122 2024
1983 2025
2246 2027
53 2028
6330 2031
1992 2032
1400 2033
2326 2035
4093 2036
2272 2037
6273 2041
5804 2043
4069 2049
931 2051
1525 2054
5433 2055
983 2057
2768 2058
3397 2060
4427 2063
4651 2066
119 2071
4376 2075
5611 2076
1848 2077
2400 2080
5858 2083
1928 2086
747 2090
532 2091
3618 2092
1406 2093
2352 2097
3915 2098
1934 2099
3284 2107
747 2108
984 2111
2089 2113
1245 2114
4795 2115
5302 2118
5611 2120
6341 2123
2124 2124
457 2134
1771 2137
5566 2142
10 2144
713 2146
4223 2147
6129 2148
2333 2149
2017 2151
3282 2152
5355 2156
2653 2159
6364 2160
6047 2162
5837 2163
255 2164
5510 2165
5840 2170
742 2171
3358 2172
4961 2173
5116 2175
904 2177
704 2178
2603 2181
5018 2186
1695 2191
5012 2192
942 2197
232 2202
3670 2206
1335 2207
67 2208
3419 2209
4400 2212
2726 2213
5901 2214
4651 2217
1893 2222
2229 2229
5579 2231
2985 2232
328 2233
2776 2234
1152 2236
3334 2237
2317 2241
4813 2243
126 2244
4108 2246
3299 2248
1025 2250
1214 2251
529 2252
5482 2257
1670 2261
393 2266
5982 2267
1607 2268
4621 2272
4975 2274
1460 2280
3478 2284
5529 2288
53 2290
6577 2291
2080 2292
5579 2294
1226 2298
2656 2300
5323 2302
150 2306
4842 2309
2706 2310
6171 2313
5881 2315
1633 2316
1652 2321
4130 2322
132 2329
6066 2330
4731 2331
4780 2334
3435 2336
2706 2337
2232 2338
4417 2339
3395 2346
3779 2347
4683 2348
5195 2351
3482 2362
2021 2363
4571 2365
5889 2367
5154 2369
3562 2372
1767 2373
747 2374
3946 2376
298 2377
5901 2378
3214 2384
180 2385
5582 2386
1782 2388
6389 2389
2295 2390
6033 2396
53 2398
714 2404
2733 2407
2510 2414
2224 2416
3124 2418
2832 2419
6700 2420
5611 2422
1976 2424
5250 2425
343 2427
2417 2429
2731 2433
149 2434
1247 2435
441 2437
1348 2441
5982 2442
5852 2445
1187 2446
1242 2451
1603 2453
3892 2456
4466 2458
5951 2468
6712 2471
5709 2473
3851 2486
42 2490
343 2494
1881 2503
6066 2504
6731 2506
2305 2507
4324 2508
5154 2513
3979 2514
776 2519
1908 2521
5864 2522
5944 2530
6586 2533
5901 2534
3962 2535
1104 2540
2252 2541
993 2544
3373 2545
2021 2551
1603 2554
3061 2555
1928 2558
2278 2561
4036 2562
2512 2563
4795 2564
1668 2567
5076 2568
3051 2571
704 2572
6616 2577
2234 2578
706 2580
5881 2586
1813 2587
2827 2589
6499 2593
2599 2597
1962 2598
3856 2603
731 2605
1311 2610
6296 2611
1880 2613
4246 2614
6644 2623
1028 2629
2542 2631
174 2633
4500 2636
325 2639
3427 2642
6329 2644
28 2654
3546 2658
28 2667
6879 2668
1741 2670
3285 2671
6790 2674
904 2675
4705 2677
4824 2685
1778 2691
5515 2692
4036 2697
2032 2701
5408 2702
2617 2706
4724 2708
5597 2709
1695 2711
174 2713
6800 2715
5447 2718
2287 2721
6351 2724
2731 2726
6332 2727
4970 2728
1683 2729
1826 2731
4152 2732
1286 2738
4613 2739
5889 2740
1119 2741
930 2744
2548 2745
6332 2754
1721 2762
2711 2764
4686 2768
690 2769
3720 2771
2284 2775
690 2776
0 2778
2525 2779
2193 2780
6404 2781
4651 2787
4414 2790
2833 2791
2743 2792
314 2793
921 2794
6644 2795
771 2796
1861 2803
4621 2807
2494 2808
1946 2810
6644 2811
4106 2813
3064 2815
2478 2818
2206 2821
568 2826
2979 2828
2731 2830
5862 2833
6546 2836
1749 2839
4336 2840
5323 2844
5915 2846
443 2849
5280 2852
3065 2854
2165 2856
4651 2857
6796 2863
6127 2868
1668 2869
1781 2870
5357 2876
3946 2882
6186 2883
2630 2885
6404 2886
4651 2888
5555 2889
1727 2890
47 2891
6342 2894
5792 2897
2659 2898
3506 2902
5862 2904
2468 2905
2845 2906
1730 2910
5753 2912
6285 2913
2523 2916
474 2922
2428 2924
289 2926
875 2927
6817 2928
2525 2930
132 2934
6186 2936
5868 2938
2022 2941
6197 2942
2709 2944
307 2948
4102 2950
245 2955
3483 2960
2635 2961
4682 2963
1520 2964
2731 2966
3331 2968
2614 2969
4820 2971
3372 2977
5344 2979
5855 2981
5314 2982
1922 2988
4912 2989
3379 2992
933 2994
3132 2997
6430 2999
5222 3007
2774 3009
3777 3012
5359 3013
6066 3014
3576 3015
181 3017
457 3024
829 3026
1683 3028
5154 3034
5855 3036
2866 3037
1607 3042
6200 3043
1104 3051
4749 3052
6766 3053
2614 3054
4683 3055
5762 3062
4709 3063
6118 3064
4791 3067
5433 3068
266 3070
76 3078
913 3079
1550 3084
1420 3087
5630 3090
1634 3099
1287 3100
6621 3111
6654 3114
4662 3119
6665 3120
351 3121
2374 3122
671 3128
673 3129
968 3130
4649 3133
1071 3135
432 3136
5274 3138
1646 3139
2278 3141
4175 3146
4736 3147
1828 3150
2071 3151
2570 3154
2714 3156
719 3160
6163 3163
904 3169
3946 3174
5215 3175
1607 3179
440 3185
4403 3186
6186 3187
6678 3189
1630 3195
5752 3196
4458 3197
4504 3200
1680 3201
5294 3203
1317 3208
3096 3209
6651 3211
1335 3213
3690 3216
1108 3218
2124 3223
5482 3224
5088 3230
3732 3231
5657 3232
1603 3234
4971 3236
6841 3241
1791 3242
3373 3244
607 3246
5568 3247
28 3248
4206 3249
1729 3255
2512 3257
5240 3259
2276 3261
6616 3271
1803 3278
2592 3279
4655 3281
4795 3282
2052 3291
5768 3292
1162 3298
4100 3310
1209 3311
5490 3312
2327 3314
5709 3315
5897 3316
848 3319
3673 3321
4662 3322
6857 3324
4662 3328
6499 3330
4462 3332
4585 3340
48 3343
4309 3345
1994 3350
506 3352
3933 3354
4842 3355
4879 3358
1062 3362
4647 3364
2127 3368
3373 3373
3025 3375
2303 3376
2199 3378
4842 3382
2641 3394
2930 3395
1335 3402
4223 3403
4418 3406
418 3410
2645 3411
1614 3412
4446 3418
5247 3419
4495 3421
1754 3422
1520 3423
132 3428
6342 3435
1773 3438
3219 3439
6066 3444
6762 3451
1727 3452
1587 3456
149 3457
6103 3461
2619 3462
6786 3467
713 3472
715 3473
3161 3474
501 3475
4686 3476
4961 3477
684 3478
5286 3481
4157 3488
5709 3491
3634 3493
1991 3494
2321 3495
5673 3500
3596 3502
1803 3505
4096 3508
5966 3514
2953 3515
2592 3526
4354 3533
2641 3535
2792 3536
6410 3540
2095 3542
5011 3546
4649 3553
2492 3555
5988 3560
5066 3561
6282 3565
1928 3566
1661 3567
5154 3570
47 3572
4338 3576
334 3577
4201 3579
6860 3583
5885 3585
1603 3586
1668 3587
1803 3594
2227 3600
3417 3602
1119 3603
3289 3605
5582 3609
5881 3620
5116 3621
3100 3623
1812 3626
1463 3627
1567 3628
3129 3636
2273 3639
1370 3642
3168 3643
566 3646
5611 3647
232 3648
5568 3649
3095 3654
5852 3655
4613 3656
6870 3659
2021 3665
2305 3666
5794 3667
4795 3669
981 3670
4096 3674
174 3678
668 3681
220 3687
4297 3690
2540 3692
3692 3702
1535 3703
731 3704
2594 3706
3299 3707
418 3712
113 3718
2305 3719
3722 3722
6605 3723
1043 3724
3166 3732
6076 3733
5882 3734
4609 3738
6335 3743
1755 3744
1226 3745
236 3746
4813 3750
6221 3751
6227 3752
6818 3753
344 3754
6442 3765
4842 3768
5881 3769
5249 3772
2549 3775
691 3777
3240 3785
4189 3786
5397 3789
4286 3791
1953 3795
3870 3796
5706 3799
6260 3808
501 3814
3102 3816
4731 3819
904 3821
1387 3829
1649 3830
4040 3834
1335 3835
816 3836
742 3837
4571 3838
6016 3841
1718 3842
3379 3845
2630 3848
1275 3849
3774 3853
2614 3854
5354 3856
747 3857
1607 3858
1278 3861
705 3866
6427 3872
937 3874
2489 3875
3893 3880
5840 3882
6164 3885
4246 3886
1607 3887
289 3889
2550 3892
848 3895
6455 3901
5195 3902
6616 3904
2643 3906
4790 3908
4448 3911
2716 3918
4086 3920
604 3922
5525 3923
62 3926
1730 3927
3631 3930
4163 3933
771 3934
2630 3936
2440 3937
4312 3938
6248 3940
5086 3943
4911 3944
2021 3945
4719 3948
6351 3949
6247 3950
1793 3951
5124 3952
5980 3955
2716 3959
3946 3961
5561 3962
5421 3965
861 3969
2272 3972
5342 3975
1912 3979
6102 3980
77 3982
6024 3986
4649 3989
5284 3998
2832 3999
4082 4001
1880 4004
6357 4006
2006 4009
6177 4014
2080 4015
4418 4016
6357 4017
5792 4020
492 4021
5602 4037
1718 4040
133 4042
5425 4046
4150 4053
1807 4058
867 4059
132 4060
905 4063
2708 4065
3923 4067
2847 4068
232 4070
1203 4075
3219 4076
2224 4081
3219 4087
4031 4089
6429 4091
5601 4093
301 4097
1994 4099
5778 4100
6762 4104
492 4107
1788 4111
6186 4112
151 4119
4262 4123
2614 4127
3809 4131
457 4135
2063 4137
37 4138
2792 4139
4775 4143
493 4149
4489 4152
6325 4153
5611 4156
5982 4160
1236 4161
4960 4165
3080 4171
3419 4172
3727 4177
4944 4178
4740 4179
5490 4180
1484 4188
6088 4190
2510 4191
5666 4198
4580 4199
4922 4201
5837 4202
2172 4205
5272 4208
907 4215
2967 4219
4662 4220
4073 4221
6510 4225
6517 4227
6162 4230
174 4234
5274 4235
1727 4237
5838 4238
4177 4242
5154 4243
4780 4252
2102 4253
649 4255
5901 4257
2879 4258
188 4259
6558 4260
4123 4262
2716 4265
4662 4273
695 4274
3535 4275
3101 4284
6756 4287
5795 4299
3546 4302
5190 4303
5494 4305
6066 4312
4550 4313
5881 4317
6621 4320
6231 4321
2291 4322
4942 4323
2079 4324
1631 4328
289 4333
2292 4334
6005 4340
6732 4344
1463 4346
5584 4349
6026 4350
2151 4352
2224 4354
520 4355
1531 4356
230 4362
5568 4367
6102 4370
2623 4372
6866 4373
5222 4377
4724 4378
2625 4379
5928 4380
5154 4381
5118 4384
936 4387
246 4388
5526 4395
4150 4397
6148 4400
4379 4403
5019 4404
2524 4406
4736 4407
4929 4409
440 4410
5881 4413
931 4414
4550 4417
5611 4423
3506 4427
1193 4428
4150 4432
6149 4433
944 4435
5323 4436
2412 4437
790 4438
4724 4439
1132 4441
2443 4442
2708 4449
1520 4451
4920 4452
2539 4454
405 4455
1603 4456
362 4460
1083 4461
690 4462
3596 4463
5099 4464
4855 4469
5154 4472
1287 4475
949 4487
3986 4488
474 4491
213 4494
4221 4495
4206 4502
3131 4505
4971 4507
3946 4508
6431 4521
1015 4522
5442 4523
1267 4524
2461 4525
6016 4528
2731 4530
4651 4536
3003 4543
5723 4544
2511 4546
3873 4549
2006 4550
1839 4551
5262 4552
6442 4561
453 4563
1946 4564
978 4565
1391 4568
2984 4574
6033 4577
529 4580
2731 4583
4162 4585
1749 4588
5810 4595
5881 4602
5274 4605
4966 4608
53 4616
6131 4618
5019 4619
5312 4620
5966 4622
265 4623
2708 4627
3078 4628
412 4629
1108 4631
520 4638
5709 4645
2305 4646
2792 4651
1332 4655
5321 4660
6613 4664
6654 4670
5950 4672
1357 4673
5469 4675
6129 4678
1320 4683
2685 4685
2022 4687
5615 4691
5595 4700
1184 4707
4036 4708
1904 4709
1603 4710
6865 4711
3219 4712
747 4715
4495 4718
2635 4719
6306 4721
5381 4725
213 4728
6572 4730
2303 4734
573 4735
2095 4739
4733 4744
1168 4750
2021 4753
5255 4754
6117 4756
1596 4759
2585 4763
6705 4765
5632 4775
6564 4776
1365 4777
1370 4778
1322 4780
5931 4783
3904 4784
5425 4787
6169 4789
5323 4794
5039 4796
3950 4797
3785 4798
1293 4799
1688 4804
270 4806
1335 4807
5603 4813
6488 4815
5543 4817
3100 4820
3077 4821
474 4822
695 4824
4546 4826
1118 4830
3025 4834
3911 4836
776 4839
2121 4840
6033 4842
3156 4844
2510 4847
4163 4850
2114 4853
1837 4855
4994 4856
4675 4860
6406 4863
5652 4866
3680 4868
2182 4873
53 4877
6772 4881
3427 4883
2758 4884
6125 4885
2901 4886
3373 4887
5116 4889
108 4893
1683 4894
371 4897
4071 4901
695 4906
4780 4908
1928 4910
1369 4912
83 4914
3385 4915
4069 4917
4662 4919
3118 4921
4227 4922
6427 4924
2021 4926
2501 4928
5501 4929
5154 4931
4935 4935
5117 4936
5762 4940
1577 4944
3743 4948
1335 4949
5516 4951
2768 4952
1602 4957
6397 4959
4960 4960
6315 4962
6538 4963
1351 4964
2435 4968
16 4972
592 4976
1955 4981
982 4983
3698 4987
2731 4990
289 4991
5799 4995
2720 5000
5450 5003
4417 5004
1588 5007
4082 5009
797 5010
2110 5012
1072 5014
418 5017
5726 5020
2716 5022
3911 5023
3676 5024
6561 5027
246 5028
2603 5029
1086 5035
5342 5036
6599 5039
3873 5042
4795 5043
3861 5046
1200 5051
1018 5054
342 5055
5056 5056
3419 5062
6850 5063
1887 5064
188 5065
2287 5068
1959 5069
2736 5071
5333 5072
3057 5074
4879 5075
4671 5077
4746 5080
1993 5081
4382 5083
3415 5085
2768 5087
2985 5093
4772 5094
3219 5097
6717 5099
5952 5100
5036 5101
3844 5106
5901 5110
4207 5116
127 5117
6195 5119
6731 5122
4476 5123
1533 5127
511 5128
5302 5138
4795 5140
4528 5143
16 5148
2160 5150
879 5152
3946 5159
6186 5161
3 5164
747 5167
1803 5168
3134 5174
2403 5175
1365 5177
4454 5179
1335 5191
609 5192
6 5208
1215 5210
6856 5211
4724 5214
28 5217
1876 5221
3894 5222
1771 5223
3024 5225
747 5227
1119 5230
2305 5232
2901 5235
4968 5239
6298 5240
174 5243
1468 5244
3688 5252
6409 5253
2769 5257
3239 5258
776 5259
3212 5260
6241 5261
6129 5263
4200 5264
5486 5265
4662 5267
1021 5271
5421 5272
4221 5275
3766 5280
6785 5293
4731 5294
583 5295
3676 5301
629 5310
1335 5313
4914 5314
747 5320
43 5321
4662 5326
2731 5332
5968 5333
2869 5334
5529 5336
5518 5337
4293 5339
1335 5340
3842 5341
6522 5342
2664 5346
6027 5347
1661 5349
949 5352
2589 5359
5222 5360
5881 5367
6442 5368
4588 5369
1683 5372
164 5381
6404 5386
4359 5389
2972 5393
514 5396
5954 5397
872 5398
3204 5401
4592 5402
4329 5403
1339 5405
897 5411
6577 5413
3767 5414
3861 5415
76 5416
1308 5421
1719 5422
6174 5426
3186 5429
2731 5433
4082 5434
5036 5438
1868 5439
4910 5441
6291 5445
2542 5446
904 5447
5083 5450
3012 5452
4184 5453
882 5464
2579 5466
2287 5469
2154 5470
2451 5473
4034 5474
1261 5475
3770 5478
5117 5483
4165 5484
1332 5485
3555 5488
2021 5493
4007 5496
713 5501
4551 5502
6717 5508
2354 5510
5036 5514
2525 5515
4261 5520
855 5521
3168 5522
6027 5524
4984 5529
6468 5530
4842 5533
5183 5534
5489 5535
2403 5536
494 5538
124 5539
5611 5541
5794 5542
3214 5545
5982 5547
5154 5548
105 5551
3093 5560
2643 5567
3796 5572
4927 5573
5727 5575
861 5578
3214 5586
874 5591
6423 5596
3587 5598
5665 5601
5101 5603
5524 5604
2821 5611
6449 5613
4227 5619
2183 5626
1906 5627
3544 5629
5630 5630
5416 5632
2130 5634
3960 5635
5469 5638
1558 5642
5752 5643
3219 5644
1337 5645
5905 5646
4189 5648
1668 5649
4494 5651
2634 5653
5323 5654
4924 5655
5096 5656
2454 5657
1946 5665
4338 5666
5154 5669
394 5670
366 5673
1729 5674
6714 5677
695 5678
6391 5681
218 5683
1803 5684
742 5685
2778 5686
226 5687
5485 5688
3418 5689
431 5690
6461 5692
3214 5695
6788 5697
1560 5703
5602 5705
2132 5709
4833 5711
2774 5712
5434 5713
5968 5717
2847 5719
1661 5727
392 5733
5413 5734
4185 5735
1593 5737
1927 5750
5743 5751
492 5753
4944 5757
6026 5758
2166 5760
2010 5762
1807 5763
4551 5765
474 5766
3744 5770
5009 5773
4318 5776
3221 5778
996 5780
5364 5782
3024 5785
3045 5786
797 5787
6660 5790
3446 5795
5611 5796
3025 5798
776 5801
5931 5803
4673 5804
5275 5807
962 5808
6357 5812
2324 5813
1166 5817
3296 5831
3865 5833
1351 5835
1959 5840
942 5842
6560 5844
5515 5852
747 5858
1849 5860
2685 5861
2670 5864
4309 5868
2224 5869
982 5870
4662 5871
289 5872
1380 5873
4185 5874
2593 5876
6404 5877
6125 5881
3108 5885
2716 5887
897 5890
2739 5893
4080 5894
5490 5895
6067 5899
2537 5904
3219 5907
5976 5909
705 5910
2091 5911
6530 5920
3535 5921
2848 5922
5729 5924
5954 5947
2539 5952
4961 5954
6660 5958
3946 5960
5280 5961
1668 5964
2021 5965
3217 5966
3317 5967
2821 5968
3219 5969
3373 5974
3851 5978
5318 5982
3378 5984
3003 5985
926 5987
4402 5989
6576 5990
1593 5991
2792 5994
3506 5997
5711 5998
1955 6003
982 6004
6359 6005
984 6008
2017 6012
3045 6016
3724 6017
4971 6021
25 6024
6491 6027
6714 6029
5343 6030
3873 6033
2121 6036
983 6037
502 6038
4359 6040
2168 6042
2272 6044
5592 6045
4152 6048
3239 6049
6342 6053
3240 6055
6595 6059
6065 6065
356 6066
5323 6073
3767 6076
242 6081
118 6082
3840 6085
887 6087
3423 6088
3619 6089
4454 6090
771 6093
6248 6094
1602 6096
942 6098
3240 6102
4724 6104
1239 6106
1881 6108
6470 6109
983 6112
5840 6115
2305 6116
1771 6119
2619 6120
5323 6121
3946 6122
2552 6124
3427 6125
174 6128
921 6131
5294 6136
3285 6139
6729 6140
6768 6149
1085 6152
639 6154
5709 6156
6754 6159
5543 6160
2461 6162
4868 6163
1837 6164
2305 6165
5786 6171
5053 6172
4989 6175
2542 6177
5611 6178
6775 6180
608 6181
6430 6185
2821 6188
3891 6190
1721 6193
6613 6196
2768 6203
4662 6204
2993 6206
5154 6207
6208 6208
2716 6211
3331 6213
2017 6214
472 6215
5792 6218
6229 6219
5786 6220
635 6225
3579 6227
1250 6229
2017 6233
1119 6234
3947 6236
4254 6242
4970 6245
6561 6246
474 6251
10 6253
4724 6256
5433 6257
5749 6259
3986 6261
6745 6268
5249 6273
4189 6279
1603 6284
4412 6288
2074 6290
4667 6292
5968 6295
3290 6296
6338 6297
5399 6301
5646 6305
1566 6308
35 6309
5496 6310
2370 6311
1250 6312
1646 6317
2994 6319
5709 6320
1025 6330
5551 6335
3011 6336
5028 6337
4662 6347
132 6352
1955 6353
5957 6359
300 6360
4504 6361
1935 6363
1670 6365
1872 6371
6404 6372
1227 6373
6017 6374
5881 6375
6562 6377
4187 6381
1837 6387
5982 6390
4651 6394
3264 6396
3732 6397
604 6398
5247 6411
72 6412
4172 6414
4111 6415
5881 6418
1181 6419
4378 6425
2707 6435
6187 6449
2879 6450
4742 6457
1285 6458
3844 6459
1119 6461
2021 6463
609 6466
4522 6468
5421 6470
5584 6473
747 6474
2123 6476
67 6480
6202 6483
1474 6484
4418 6485
4298 6486
215 6488
151 6489
6404 6492
6026 6498
4649 6499
4833 6504
6108 6505
4242 6512
303 6517
5976 6518
732 6520
2080 6523
5016 6524
5767 6527
4937 6534
5037 6536
5555 6541
5786 6543
4526 6544
5869 6551
4189 6556
1460 6560
1803 6562
141 6563
221 6564
5968 6567
2792 6568
5962 6574
5632 6581
2522 6582
1203 6583
5675 6585
3188 6586
776 6588
6186 6590
5855 6591
1278 6592
5966 6593
5447 6595
3080 6597
4922 6598
3815 6599
3482 6603
468 6606
3219 6610
4971 6612
3214 6614
6725 6615
418 6618
1021 6619
4242 6620
848 6628
5162 6634
603 6638
3373 6639
5611 6642
6153 6643
5064 6647
3142 6650
4697 6652
1064 6660
5656 6661
4107 6664
649 6665
5368 6670
2973 6671
3131 6676
3770 6677
6127 6678
4366 6680
3239 6681
4662 6682
3596 6683
4984 6686
440 6695
3947 6696
4107 6702
1908 6703
5188 6704
3064 6706
4629 6708
6709 6709
4843 6714
2388 6715
5546 6723
4402 6724
1125 6727
67 6728
1541 6734
5154 6737
2475 6739
4464 6740
5162 6742
4613 6743
4564 6746
1565 6748
5447 6750
1203 6753
6428 6754
4726 6755
5279 6756
6024 6758
2510 6760
2437 6762
5709 6763
2412 6766
855 6767
2982 6768
2726 6774
5537 6778
4551 6779
2505 6781
954 6796
3391 6797
747 6802
957 6804
3100 6805
1259 6806
4662 6811
4464 6818
5676 6819
3106 6825
5399 6834
5096 6835
1335 6836
6163 6844
1468 6850
1335 6856
441 6860
4780 6861
2792 6871
1593 6872
4966 6873
949 6875
2227 6876
4683 6877
5751 6878
982 6879
5881 6884
4036 6885
