2268 2268
2160 2160
2161 2161
2129 2129
2274 2274
2178 2178
2076 2076
2269 2269
2007 2007
1996 1996
2052 2052
2294 2294
2150 2150
12 12
2378 2378
261 261
2389 2389
2382 2382
2598 2598
5750 5750
2499 2499
5535 5535
2493 2493
330 330
264 264
15 15
2152 2152
2030 2030
409 409
2037 2037
359 359
245 245
3753 3753
328 328
2365 2365
410 410
5537 5537
2012 2012
154 154
3549 3549
2628 2628
2254 2254
2497 2497
3629 3629
2357 2357
5708 5708
2221 2221
339 339
2602 2602
3634 3634
236 236
3541 3541
5512 5512
3643 3643
5590 5590
2393 2393
3638 3638
351 351
2485 2485
138 138
6238 6238
3701 3701
2470 2470
2815 2815
321 321
2623 2623
1 1
349 349
6248 6248
3836 3836
3525 3525
5468 5468
2174 2174
462 462
3633 3633
325 325
104 104
3637 3637
286 286
117 117
3845 3845
3932 3932
119 119
3562 3562
3652 3652
2084 2084
6077 6077
3579 3579
2194 2194
2272 2272
258 258
26 26
3926 3926
3530 3530
356 356
2193 2193
2588 2588
3529 3529
436 436
2506 2506
3553 3553
2624 2624
3833 3833
2620 2620
6044 6044
3915 3915
3667 3667
2801 2801
2062 2062
5674 5674
5751 5751
5843 5843
5538 5538
2171 2171
5933 5933
2215 2215
5820 5820
6084 6084
2635 2635
2441 2441
2092 2092
507 507
5555 5555
2295 2295
2299 2299
450 450
2302 2302
3611 3611
5464 5464
2457 2457
2651 2651
2662 2662
2685 2685
2432 2432
2431 2431
2683 2683
5932 5932
2423 2423
5471 5471
3565 3565
2674 2674
69 69
448 448
2422 2422
2663 2663
161 161
5634 5634
3908 3908
2684 2684
2120 2120
2449 2449
89 89
2671 2671
2664 2664
2643 2643
2447 2447
538 538
3648 3648
164 164
2308 2308
2515 2515
5697 5697
3493 3493
6090 6090
5553 5553
5979 5979
5864 5864
199 199
2256 2256
471 471
2448 2448
5522 5522
163 163
479 479
545 545
2434 2434
5631 5631
2450 2450
3338 3338
556 556
3709 3709
2018 2018
2429 2429
559 559
2230 2230
2210 2210
558 558
4020 4020
2036 2036
503 503
6139 6139
2701 2701
550 550
6121 6121
1924 1924
5709 5709
2468 2468
3343 3343
3692 3692
2330 2330
3708 3708
3782 3782
3406 3406
2324 2324
3367 3367
3365 3365
3347 3347
4001 4001
3953 3953
3866 3866
3368 3368
3377 3377
5862 5862
549 549
4006 4006
6161 6161
5994 6031
2571 2571
2101 2101
2336 2336
3371 3371
3381 3381
148 148
5549 5549
3316 3316
1356 1356
5550 5550
6157 6157
3349 3349
3334 3334
1653 1653
4032 4032
1885 1885
3335 3335
3421 3421
4035 4035
1357 1357
3333 3333
2734 2734
4039 4039
1359 1359
3307 3307
1162 1162
1700 1700
1377 1377
1959 1959
1854 1854
2737 2737
2722 2722
3444 3444
3292 3292
1919 1919
778 778
963 963
55 55
6170 6170
3443 3443
3439 3439
1281 1281
1619 1619
1850 1850
4650 4650
1878 1878
1616 1616
3283 3283
1851 1851
1342 1342
6193 6193
4651 4651
3193 3193
3190 3190
3393 3393
3405 3405
1163 1163
3465 3465
1715 1715
2942 2942
1278 1278
3417 3417
3390 3390
1140 1140
1681 1681
3460 3460
789 789
3274 3274
1949 1949
3389 3389
1833 1833
1622 1622
1759 1759
1876 1876
3127 3127
1227 1227
3384 3384
1697 1697
1874 1874
3225 3225
3210 3210
1950 1950
1712 1712
1749 1749
3203 3203
788 788
6212 6212
1660 1660
687 687
3238 3238
3223 3223
3382 3382
5910 5910
943 943
1225 1225
1831 1831
6228 6228
1659 1659
1275 1275
1748 1748
1139 1139
1200 1200
5568 5568
5658 5658
3235 3235
996 996
1527 1527
1543 1543
2865 2865
3026 3026
1343 1343
3738 3738
3194 3194
4299 4299
5881 5881
5089 5089
1014 1014
602 602
1461 1461
987 987
3272 3272
1832 1832
603 603
1528 1528
3029 3029
2932 2932
927 927
391 391
1092 1092
1109 1109
3227 3227
3195 3195
1289 1289
1293 1293
1291 1291
1158 1158
3077 3077
5879 5879
1530 1530
3035 3035
3180 3180
1037 1037
1761 1761
1383 1383
3014 3014
1027 1027
1108 1108
1050 1050
1458 1458
1218 1218
826 826
3266 3266
3234 3234
970 970
1155 1155
1526 1526
1201 1201
1062 1062
901 901
1529 1529
596 596
720 720
5179 5179
1270 1270
5124 5124
2859 2859
6866 6866
750 750
2744 2744
3179 3179
988 988
631 631
6859 6859
721 721
5221 5221
1236 1236
6790 6790
4688 4688
6388 6388
676 676
6778 6778
4192 4192
400 400
621 621
1559 1559
5130 5130
1741 1741
1968 1968
1136 1136
1180 1180
1000 1000
1023 1023
5095 5095
6334 5073
4237 4237
6853 6853
6743 6743
6817 6817
971 971
1323 1323
4285 4285
852 852
1554 1554
1028 1028
954 954
6735 6735
1661 1661
2841 2841
912 912
1551 1551
4389 4389
1474 1474
1755 1755
3033 3033
3023 3023
1496 1496
1493 1493
3064 3064
6477 6477
4417 4417
6576 6576
1787 1787
5125 5125
1171 1171
4748 4748
4912 4912
5365 5365
6797 6797
6704 6704
3495 3495
6695 6695
1756 1756
1784 1784
4747 4747
4134 4134
1205 1204
2911 2911
6613 6613
6706 6706
4593 4593
5346 5346
6575 6575
1033 1033
5188 5188
4654 4654
6714 6714
4124 4124
919 919
2920 2920
4563 4563
4383 4383
4935 4935
1184 1184
5300 5300
4097 4097
1500 1500
3021 3021
1115 1115
4321 4321
4711 4711
4485 4485
4470 4470
4621 4621
3022 3022
5003 5003
3152 3152
1345 1345
5012 4778
4568 4568
809 810
6875 6875
