2785 0
1 1
964 2
2810 3
891 4
981 8
12 12
15 15
16 16
2075 21
26 26
1410 30
2020 33
3364 38
359 40
3452 41
2609 42
904 46
48 48
615 51
55 55
2149 60
3178 61
63 63
64 64
65 65
69 69
175 72
2664 77
81 81
2874 82
1508 83
3388 85
2334 86
1736 88
89 89
1246 90
3024 93
1279 95
886 103
104 104
1364 105
2428 107
430 108
619 112
85 113
1361 114
1750 115
117 117
119 119
3352 121
3473 122
671 123
124 124
2739 126
2295 128
3023 130
976 137
138 138
3430 140
1597 142
3091 143
2939 144
148 148
150 150
153 153
154 154
3553 156
161 161
162 162
163 163
164 164
2528 167
1656 172
175 175
2110 176
1925 177
307 179
188 181
928 182
556 185
2966 188
3459 195
196 196
2717 197
794 198
199 199
2370 204
3113 205
359 208
1042 209
2014 211
3395 213
3241 222
236 236
2663 242
245 245
3546 246
2035 249
1836 250
1164 252
3278 253
3405 256
258 258
3638 259
2892 260
261 261
264 264
3649 269
271 271
1162 272
524 273
1639 274
1279 280
2874 282
213 283
284 284
286 286
1959 287
3516 289
1009 290
1879 291
292 292
3595 294
3423 295
948 296
298 298
1813 299
2474 301
305 305
1868 308
311 311
2535 314
321 321
322 322
615 323
325 325
1424 327
328 328
330 330
617 332
333 333
3024 336
2765 338
339 339
917 343
2388 346
322 347
349 349
1243 350
351 351
1469 354
2036 355
356 356
3029 358
359 359
367 367
1399 369
370 370
1608 372
374 374
376 376
2397 380
2135 381
3299 382
4651 383
384 384
455 385
391 391
183 393
329 394
399 399
400 400
908 406
408 408
409 409
410 410
5279 411
1524 412
413 413
420 420
2760 421
419 422
1649 427
1262 432
1365 433
912 435
436 436
3213 438
495 441
2060 443
1950 444
448 448
450 450
451 451
38 454
456 456
459 459
462 462
264 463
471 471
475 475
3486 476
479 479
741 480
481 481
1418 482
488 488
490 490
492 492
493 493
494 494
2036 497
2879 500
503 503
505 505
507 507
1243 513
3148 517
3408 526
431 528
5366 535
1949 537
538 538
431 541
2000 543
545 545
2035 546
549 549
550 550
2708 553
1243 555
556 556
558 558
559 559
2623 560
1223 563
1261 565
196 567
3045 572
2000 573
1908 574
615 576
1972 579
585 585
586 586
617 589
591 591
596 596
793 600
601 601
602 602
603 603
3611 604
3273 605
3326 606
2101 608
2167 610
88 612
321 613
77 614
532 616
2720 617
3194 618
2490 620
621 621
2980 622
282 623
631 631
2145 636
1360 637
2893 638
3411 640
2762 644
1959 647
3287 650
2663 651
653 653
656 656
8 658
2303 659
661 661
1029 664
2688 666
667 667
3093 670
241 671
2370 672
674 674
676 676
3113 678
2267 686
687 687
2428 691
901 693
1346 694
2833 697
701 701
1982 707
2609 708
709 709
710 710
2809 713
335 716
3135 718
720 720
721 721
375 723
2829 729
734 734
3396 735
2018 737
743 743
2419 744
750 750
509 752
2596 754
532 760
3113 761
1309 762
1236 764
844 766
2287 769
2349 770
2150 771
773 773
758 775
1262 777
778 778
2156 779
1602 780
3113 781
782 782
587 786
2748 787
788 788
789 789
1109 790
1836 793
2454 795
801 801
3030 802
2541 805
3188 807
1090 808
809 810
1119 812
2636 814
2705 816
3178 819
859 820
398 821
861 822
3358 823
824 824
2528 825
826 826
915 828
1567 830
3235 832
432 835
2110 837
3294 838
1712 843
2724 844
2932 846
852 852
3374 854
2274 855
864 864
2943 871
873 873
1624 874
875 875
2218 878
3296 879
2154 884
1513 886
2817 889
2685 895
2378 897
899 899
900 900
901 901
370 905
3364 909
912 912
695 913
914 914
2606 917
919 919
905 920
2491 922
923 923
926 926
927 927
927 931
850 933
1959 938
404 939
1223 940
943 943
1529 948
2120 950
952 952
954 954
2550 955
3049 957
958 958
3621 959
3457 961
963 963
964 964
3388 965
970 970
971 971
2792 973
974 974
975 975
2154 976
2689 978
1174 979
804 980
987 987
988 988
350 994
996 996
650 999
1000 1000
3219 1005
3430 1006
1039 1007
2550 1010
1011 1011
1012 1012
1014 1014
2287 1015
2986 1016
234 1017
1023 1023
2564 1025
1027 1027
1028 1028
650 1029
1117 1030
1033 1033
1037 1037
1917 1038
234 1039
532 1041
1284 1043
2491 1044
697 1045
1048 1048
3576 1049
1050 1050
88 1053
1010 1057
3414 1060
1062 1062
2308 1066
80 1071
2316 1074
1042 1075
437 1077
2079 1080
2266 1082
1682 1086
2188 1091
1092 1092
1077 1093
617 1094
2669 1095
3147 1099
1388 1100
1572 1101
2985 1106
1108 1108
1109 1109
644 1111
1793 1112
1115 1115
2350 1116
2847 1119
2838 1120
77 1124
2484 1127
2663 1128
1099 1130
886 1131
1132 1132
1136 1136
1137 1137
1139 1139
1140 1140
1141 1141
3414 1142
1984 1145
3404 1148
1155 1155
1880 1156
1158 1158
3135 1159
2213 1161
1162 1162
1163 1163
1628 1164
2018 1166
1807 1168
991 1169
1171 1171
2284 1175
554 1176
3230 1178
1180 1180
2469 1183
1184 1184
1073 1187
1190 1190
2235 1192
2162 1195
3502 1199
1200 1200
1201 1201
1205 1204
915 1206
602 1211
1950 1213
1218 1218
741 1221
1225 1225
2631 1226
1227 1227
817 1229
3455 1230
1359 1231
3604 1235
1236 1236
276 1238
1239 1239
1240 1240
1650 1242
1243 1243
3295 1244
392 1246
1149 1250
2471 1255
1573 1260
1951 1261
2969 1264
2806 1267
1270 1270
619 1272
777 1274
1275 1275
2360 1276
1277 1277
1278 1278
1279 1279
1280 1280
1281 1281
3135 1283
1149 1284
3469 1285
70 1286
431 1287
1289 1289
1291 1291
2841 1292
1293 1293
65 1299
3354 1302
1950 1303
2496 1307
3273 1312
3200 1315
1836 1318
3113 1321
1323 1323
1243 1325
1118 1326
1327 1327
1634 1329
2517 1333
350 1335
145 1338
1342 1342
1343 1343
1345 1345
3416 1346
1134 1348
548 1349
891 1353
1356 1356
1357 1357
2833 1358
1359 1359
1257 1360
2535 1363
3340 1364
3267 1373
1377 1377
1383 1383
1802 1384
1387 1387
1388 1388
1136 1390
1393 1393
568 1395
1396 1396
2334 1400
2609 1401
712 1403
2000 1408
1409 1409
1645 1410
1411 1411
1742 1413
1947 1423
200 1429
1430 1430
905 1432
1480 1436
104 1438
1442 1442
3479 1443
1989 1444
1449 1449
734 1450
1451 1451
350 1453
3053 1456
3397 1457
1458 1458
847 1459
1461 1461
1764 1466
2000 1467
1468 1468
287 1470
1474 1474
2313 1478
2303 1479
790 1480
1482 1482
1485 1485
1486 1486
601 1490
1603 1491
1493 1493
75 1495
1496 1496
3147 1497
1933 1499
1500 1500
1296 1501
1922 1502
2110 1504
1477 1506
545 1507
1401 1510
8 1515
349 1516
768 1519
1620 1520
1526 1526
1527 1527
1528 1528
1529 1529
1530 1530
2972 1531
1387 1533
2401 1537
1214 1541
313 1542
1543 1543
1513 1545
1136 1546
1308 1547
279 1548
153 1549
1401 1550
1551 1551
1950 1552
1554 1554
2523 1556
1559 1559
2299 1561
907 1562
1563 1563
1567 1567
1568 1568
3388 1570
305 1571
1826 1572
848 1574
1579 1579
175 1592
1593 1593
1594 1594
1279 1597
2076 1598
2372 1600
545 1601
549 1602
1597 1603
2762 1611
3142 1612
2636 1613
311 1614
3103 1615
1616 1616
2764 1617
1619 1619
1243 1620
1622 1622
1007 1624
1912 1625
1917 1629
309 1632
1961 1633
1634 1634
617 1636
1838 1638
755 1639
3044 1643
335 1644
1645 1645
540 1647
1653 1653
3128 1654
1657 1657
1659 1659
1660 1660
1661 1661
1955 1662
2960 1663
1943 1666
1669 1669
3510 1671
3130 1673
2221 1674
672 1676
958 1677
1681 1681
2893 1685
2997 1686
720 1687
1861 1689
2959 1691
2267 1692
1697 1697
1700 1700
3445 1701
1703 1703
1898 1704
1950 1706
3611 1708
3194 1709
1712 1712
3405 1714
1715 1715
431 1716
28 1718
3252 1720
2713 1724
2334 1726
842 1727
1729 1729
2224 1731
1955 1733
1989 1736
1737 1737
338 1738
1741 1741
778 1745
1746 1746
1748 1748
1749 1749
1620 1750
1109 1754
1755 1755
1756 1756
2495 1757
1759 1759
3193 1760
1761 1761
1306 1763
1764 1764
315 1765
351 1769
2089 1770
3024 1773
2538 1776
2101 1778
1562 1779
1780 1780
563 1782
2012 1783
1784 1784
2256 1786
1787 1787
247 1788
1792 1792
2153 1794
1795 1795
2614 1797
2598 1798
1799 1799
3418 1801
931 1802
2000 1803
1466 1810
1811 1811
1814 1814
2562 1816
2206 1821
1103 1823
848 1828
946 1830
1831 1831
1832 1832
1833 1833
2514 1842
1164 1844
1850 1850
1851 1851
1543 1852
1854 1854
1469 1857
2851 1861
3501 1865
909 1866
1868 1868
1335 1869
1612 1871
1991 1872
1874 1874
2221 1875
1876 1876
3127 1877
1878 1878
121 1879
2892 1880
3317 1881
617 1882
1883 1883
76 1884
1885 1885
946 1891
75 1892
3591 1893
487 1895
801 1896
1387 1897
911 1898
2927 1900
1904 1904
548 1905
2118 1906
1912 1909
1625 1912
2614 1916
1919 1919
1630 1922
3340 1923
1924 1924
1927 1927
1239 1928
77 1930
2697 1931
104 1932
3320 1935
1200 1936
325 1937
1939 1939
1940 1940
1943 1943
1949 1949
1950 1950
3507 1951
88 1952
3540 1955
2092 1956
3047 1957
1959 1959
2252 1961
1119 1963
2659 1965
1968 1968
2986 1971
1155 1973
1950 1980
2000 1982
1044 1985
633 1986
2910 1987
1988 1988
2664 1993
1996 1996
2633 2005
2007 2007
3057 2010
2012 2012
1399 2013
537 2014
2018 2018
325 2020
1285 2026
778 2027
2030 2030
2032 2032
2413 2033
2213 2034
2035 2035
2036 2036
2037 2037
2472 2039
1078 2040
919 2041
2679 2042
1357 2043
1711 2049
2428 2051
2052 2052
1936 2053
2927 2055
720 2061
2062 2062
3595 2063
1193 2068
1898 2069
2070 2070
2590 2072
2679 2073
2413 2075
2076 2076
3044 2077
3265 2078
3247 2079
472 2080
741 2081
2084 2084
3365 2090
2092 2092
2514 2094
2114 2098
3057 2099
2101 2101
703 2102
2381 2103
274 2106
2631 2109
1906 2118
3170 2119
2120 2120
1566 2125
2129 2129
378 2134
3016 2135
3345 2137
1333 2138
2477 2141
505 2145
2856 2146
1362 2147
243 2148
2150 2150
311 2151
2152 2152
2160 2160
2161 2161
403 2162
3516 2163
3544 2165
2327 2166
322 2167
2171 2171
694 2172
2174 2174
3621 2175
2962 2176
2178 2178
1907 2180
1541 2182
374 2183
3317 2184
1900 2185
311 2186
1887 2188
370 2192
2193 2193
2194 2194
1073 2197
2191 2198
718 2199
3040 2200
3295 2201
2206 2206
2210 2210
154 2211
3150 2213
2215 2215
375 2216
1008 2218
830 2220
2221 2221
549 2223
1418 2225
2230 2230
1161 2233
2234 2234
3080 2236
1639 2237
2350 2240
350 2242
2656 2244
741 2245
1151 2247
769 2248
2992 2251
2254 2254
2256 2256
617 2257
1261 2260
1119 2262
2685 2263
2490 2266
495 2267
2268 2268
2269 2269
2272 2272
2274 2274
914 2275
1071 2276
2468 2277
2278 2278
2280 2280
3308 2281
1736 2285
3365 2286
2288 2288
857 2289
2291 2291
2294 2294
2295 2295
1578 2297
2299 2299
1595 2301
2302 2302
2136 2304
2306 2306
2308 2308
2309 2309
2312 2312
3379 2314
2331 2316
750 2318
2429 2320
2321 2321
1177 2322
2324 2324
307 2327
2330 2330
2089 2335
2336 2336
1669 2338
329 2339
342 2340
956 2343
605 2344
1450 2350
3440 2352
2349 2354
963 2356
2357 2357
3044 2358
1522 2360
2365 2365
339 2366
946 2367
2235 2369
2863 2371
3404 2372
3458 2374
1358 2377
2378 2378
761 2379
2382 2382
2265 2385
2769 2387
2389 2389
405 2392
2393 2393
2145 2396
1299 2397
2942 2398
917 2400
786 2405
1573 2407
1595 2408
2242 2410
2089 2412
1868 2413
3484 2414
3494 2420
2422 2422
2423 2423
2878 2424
1265 2425
3507 2427
2429 2429
2431 2431
2432 2432
2434 2434
2792 2435
1644 2436
1868 2437
137 2439
2441 2441
275 2446
2447 2447
2448 2448
2449 2449
2450 2450
2364 2451
2457 2457
2459 2459
370 2460
3502 2461
2084 2463
2468 2468
1638 2469
2470 2470
3466 2472
91 2477
3113 2482
2863 2483
3117 2484
2485 2485
1295 2486
2487 2487
2018 2489
126 2492
2493 2493
145 2494
1307 2496
2497 2497
2499 2499
2590 2501
2752 2503
2260 2505
2506 2506
650 2507
1017 2511
2514 2514
2515 2515
3101 2517
1284 2518
2785 2521
964 2522
771 2523
3483 2526
2397 2534
2677 2535
2536 2536
2538 2538
1558 2539
1846 2542
254 2543
1995 2544
2056 2545
1759 2548
2792 2549
88 2551
1365 2555
2558 2558
1909 2559
1136 2560
396 2565
2326 2566
1163 2568
1279 2569
2571 2571
3182 2573
2753 2576
2068 2582
3615 2583
1044 2584
1598 2585
841 2586
2588 2588
2589 2589
2050 2590
2154 2592
276 2593
1243 2594
623 2597
2598 2598
1323 2600
3326 2601
2602 2602
2393 2605
83 2606
2998 2608
2216 2610
403 2611
3596 2614
2620 2620
836 2622
2623 2623
2624 2624
2628 2628
1780 2629
601 2633
715 2634
2635 2635
2636 2636
1333 2637
2643 2643
3163 2644
387 2645
2651 2651
2000 2653
431 2655
2491 2661
2662 2662
2663 2663
2664 2664
3265 2665
1535 2670
2671 2671
2674 2674
3144 2675
3237 2676
3356 2680
712 2682
2683 2683
2684 2684
2685 2685
2181 2686
2687 2687
3371 2691
2919 2692
88 2696
1612 2698
2701 2701
2334 2710
308 2711
2713 2713
3488 2714
1227 2715
2716 2716
2718 2718
2722 2722
231 2724
2727 2727
3629 2729
2734 2734
3314 2735
2737 2737
3379 2741
2744 2744
2153 2750
2752 2752
1359 2754
2755 2755
282 2760
779 2761
2762 2762
3182 2764
1202 2765
291 2767
77 2768
3555 2771
2962 2772
30 2773
2769 2776
2463 2778
1351 2780
1910 2784
956 2790
3373 2791
2795 2795
459 2796
3022 2798
2801 2801
42 2803
2806 2806
2594 2807
2809 2809
2670 2810
2811 2811
1550 2812
2815 2815
2819 2819
2820 2820
2822 2822
760 2824
2826 2826
3373 2833
1224 2836
4135 2839
2841 2841
3069 2844
3356 2847
2848 2848
1482 2853
2855 2855
540 2858
2859 2859
3416 2862
2865 2865
2878 2868
2385 2872
2689 2873
886 2878
2424 2880
617 2882
3374 2883
2884 2884
969 2886
350 2888
807 2895
63 2896
2435 2897
2838 2899
3474 2900
456 2901
1299 2903
2905 2905
451 2907
1287 2908
2910 2910
2911 2911
2313 2913
38 2918
2920 2920
786 2925
2926 2926
2932 2932
1595 2937
1774 2938
2942 2942
786 2943
678 2946
1477 2951
907 2952
2924 2956
2958 2958
1764 2959
2960 2960
1837 2961
790 2962
88 2964
2968 2968
2627 2971
276 2975
2833 2977
1989 2978
2981 2981
936 2984
1161 2985
548 2986
1333 2987
254 2990
2993 2993
2994 2994
2618 2997
2268 2999
3001 3001
517 3002
2089 3003
1357 3007
401 3009
3014 3014
335 3019
958 3020
3021 3021
3022 3022
3023 3023
2033 3024
2110 3025
3026 3026
2734 3027
2063 3028
3029 3029
1988 3032
3033 3033
2235 3034
3035 3035
448 3037
701 3038
3217 3039
950 3042
3044 3044
2313 3045
3629 3046
2160 3053
1382 3055
3057 3057
183 3060
3621 3061
3063 3063
3064 3064
3069 3069
3638 3074
3044 3075
3076 3076
3077 3077
2535 3078
1739 3079
56 3083
3085 3085
233 3086
1333 3097
3427 3103
1391 3105
1484 3106
2151 3107
2206 3108
2998 3113
2025 3115
3116 3116
350 3117
1465 3118
2493 3121
3295 3123
2909 3126
3127 3127
3553 3128
2778 3131
3540 3133
356 3134
1450 3135
492 3137
1495 3138
1734 3142
1495 3145
583 3146
3148 3148
3152 3152
3629 3153
2636 3159
3169 3169
803 3170
1618 3171
1184 3172
1997 3174
702 3178
3179 3179
3180 3180
2153 3181
335 3182
1998 3188
2094 3189
3190 3190
3193 3193
3194 3194
3195 3195
2445 3198
2793 3201
3203 3203
2589 3209
3210 3210
3498 3214
3239 3216
956 3220
3646 3221
3223 3223
3225 3225
3227 3227
3498 3230
2504 3232
3234 3234
3235 3235
3238 3238
154 3240
121 3245
73 3247
3284 3252
2331 3261
1796 3264
405 3265
3266 3266
3265 3268
803 3270
3272 3272
3274 3274
1287 3280
3283 3283
3650 3287
2095 3290
3292 3292
341 3294
2437 3296
1826 3298
3522 3300
2773 3304
3248 3306
3307 3307
3346 3309
2211 3311
3316 3316
3612 3318
3416 3323
1419 3325
3427 3330
3529 3332
3333 3333
3334 3334
3335 3335
569 3336
3338 3338
3540 3340
3343 3343
3612 3344
3347 3347
3349 3349
3117 3356
3365 3365
3367 3367
3368 3368
1361 3369
3371 3371
831 3374
2396 3376
3377 3377
3621 3379
2687 3380
3381 3381
3382 3382
2331 3383
3384 3384
65 3388
3389 3389
3390 3390
30 3391
3393 3393
443 3398
3608 3399
1740 3400
824 3402
3405 3405
3406 3406
3308 3411
2058 3412
3132 3414
3417 3417
3400 3418
144 3419
3421 3421
2413 3424
3517 3430
3476 3433
350 3434
3254 3436
845 3437
3439 3439
3443 3443
3444 3444
3268 3446
3595 3450
3518 3451
176 3457
3460 3460
3459 3462
2594 3463
3499 3464
3465 3465
2524 3470
3462 3472
3267 3474
1649 3477
3337 3478
3044 3484
956 3486
2718 3487
3488 3488
3433 3491
3493 3493
3320 3494
3495 3495
2500 3497
3651 3498
3650 3499
3535 3501
2331 3502
3503 3503
2012 3505
2106 3508
587 3509
2331 3511
344 3518
1910 3520
3364 3522
650 3523
3525 3525
2569 3527
3529 3529
3530 3530
3104 3531
3564 3532
2267 3533
2201 3535
2474 3538
2950 3539
3395 3540
3541 3541
2670 3545
732 3546
3549 3549
3363 3552
3553 3553
3562 3562
3565 3565
1010 3572
1975 3575
2005 3577
3578 3578
3579 3579
3553 3581
3543 3584
1039 3585
3587 3587
3588 3588
2896 3589
3455 3590
1928 3592
3596 3596
3597 3597
3320 3599
256 3601
2443 3605
3609 3609
3611 3611
3244 3617
2474 3620
1040 3622
1639 3623
431 3624
3326 3625
3423 3627
3629 3629
3233 3631
3633 3633
3634 3634
3330 3635
3637 3637
3638 3638
1333 3641
3643 3643
2088 3647
3648 3648
3652 3652
3338 3653
3267 3654
269 3655
1624 3661
3662 3662
3667 3667
1749 3669
1017 3670
3469 3671
3382 3673
6248 3675
6296 3676
5089 3678
3854 3679
3790 3681
6465 3684
5042 3685
4968 3686
5790 3688
5025 3691
3692 3692
4968 3693
5415 3696
5117 3697
4096 3698
6079 3699
3701 3701
5745 3702
4328 3705
4639 3707
3708 3708
3709 3709
4920 3712
3716 3716
5799 3720
5699 3722
5935 3728
6097 3729
6861 3732
3734 3734
5515 3735
6723 3737
3738 3738
3683 3739
3753 3740
6154 3741
5904 3743
6484 3746
6334 3747
6016 3748
3854 3750
5526 3751
5616 3752
3753 3753
4964 3754
6170 3755
5245 3756
3956 3757
5758 3761
5396 3763
6387 3764
4464 3765
5984 3768
4333 3771
5035 3777
6002 3778
5950 3780
3782 3782
3915 3784
4749 3786
3959 3788
4286 3789
5592 3790
5405 3791
5403 3795
4583 3796
6268 3797
3798 3798
5801 3799
5033 3801
4651 3804
5978 3806
6188 3808
6622 3810
5708 3812
3813 3813
5145 3816
6793 3818
6072 3819
5634 3821
4528 3822
3683 3823
6531 3828
5994 3831
6169 3832
3833 3833
3836 3836
3837 3837
6044 3838
6396 3839
3815 3841
3845 3845
5804 3846
4527 3847
6190 3848
3930 3850
5396 3852
5799 3853
5348 3855
5061 3858
4130 3860
5838 3861
5434 3864
4397 3865
3866 3866
6478 3869
5994 3872
5981 3874
4126 3880
4562 3882
4192 3883
4378 3885
6190 3891
3892 3892
5777 3898
5186 3900
4788 3901
5470 3902
3790 3903
3833 3904
5838 3905
4550 3906
4438 3907
3908 3908
6084 3910
3913 3913
3915 3915
6190 3916
4555 3917
4413 3920
6710 3923
4461 3925
3926 3926
5852 3927
4790 3928
5236 3929
4455 3930
3932 3932
5250 3934
3935 3935
3936 3936
4530 3937
5234 3940
5768 3942
5183 3944
6640 3946
5099 3947
4023 3948
4270 3951
6081 3952
3953 3953
4321 3954
5294 3958
5938 3959
5926 3961
4756 3963
6508 3967
6660 3968
4316 3969
6044 3972
3973 3973
4733 3979
4987 3980
4987 3985
5346 3987
6651 3988
5408 3989
4124 3990
3991 3991
6538 3995
4581 3999
4001 4001
4613 4002
5158 4004
4006 4006
5208 4010
6081 4011
4124 4012
4902 4013
4014 4014
5597 4017
5142 4019
4020 4020
5966 4021
4703 4023
5973 4024
4612 4027
5089 4028
6164 4029
4954 4030
6280 4031
4032 4032
3855 4033
4035 4035
4039 4039
6645 4042
5801 4044
5777 4045
3792 4050
6248 4051
6838 4052
6574 4054
3815 4055
4968 4057
4790 4059
5275 4061
6097 4064
6170 4065
6257 4066
6312 4067
3745 4069
3913 4071
6610 4076
4706 4080
4295 4081
4784 4082
4258 4083
4428 4085
6671 4089
5762 4093
6097 4094
5004 4095
4097 4097
4100 4100
4837 4101
3865 4103
6803 4104
4984 4106
5950 4107
4766 4109
6844 4110
5526 4113
4837 4114
5089 4117
4468 4120
4124 4124
5496 4125
4550 4126
4248 4128
6280 4129
5838 4132
4134 4134
6248 4136
5413 4138
6817 4139
5252 4142
6351 4143
6346 4145
4428 4147
6793 4149
5497 4150
4830 4153
3790 4156
5428 4157
6657 4158
6287 4159
5928 4162
5862 4167
4066 4169
5627 4172
4906 4177
3809 4179
6865 4180
4314 4181
4495 4185
5222 4188
4189 4189
4651 4190
4139 4191
4192 4192
6396 4195
6559 4198
6668 4200
4756 4202
5057 4204
3825 4205
5794 4208
6671 4209
6260 4214
6817 4216
3994 4217
5994 4218
5994 4220
6387 4221
6096 4222
6708 4223
5572 4224
3845 4226
4543 4229
6861 4233
4609 4236
4237 4237
4973 4240
4388 4241
5702 4242
4247 4247
4940 4251
4389 4252
6229 4254
5673 4255
5838 4256
6533 4257
5275 4259
5030 4261
3845 4264
4579 4265
5389 4268
3702 4271
6180 4273
6583 4275
5962 4276
5415 4278
5636 4280
6488 4281
4285 4285
4705 4286
5794 4287
5264 4288
6767 4290
6598 4291
5659 4293
6215 4294
6727 4297
4378 4298
4299 4299
4306 4306
4548 4308
6145 4310
4837 4311
4200 4313
4409 4314
4940 4315
4321 4321
5318 4324
5616 4326
5073 4332
3923 4334
3711 4339
6636 4340
4386 4342
6097 4343
5973 4344
4651 4345
4722 4349
4353 4353
3965 4354
4580 4356
6027 4357
5969 4358
4391 4362
5712 4369
4372 4372
3747 4373
5909 4378
4065 4379
5751 4380
4383 4383
6579 4388
4389 4389
6671 4394
6478 4397
4316 4398
6619 4399
3980 4400
4911 4401
6650 4402
6157 4403
5742 4405
4632 4406
5710 4410
5807 4412
4417 4417
5699 4419
5864 4420
4425 4425
4096 4426
4675 4427
4092 4428
5265 4429
4922 4431
5753 4434
5880 4435
4087 4436
5434 4437
4169 4439
4987 4440
5023 4441
4443 4443
5162 4444
4907 4445
4886 4447
5572 4448
4063 4452
3779 4457
4918 4459
5994 4460
6728 4463
4630 4466
4845 4467
4824 4469
4470 4470
6641 4473
5737 4475
3745 4476
4549 4477
5801 4478
5634 4481
4485 4485
5125 4486
5984 4487
4225 4489
5472 4490
5383 4491
6486 4493
6066 4496
4157 4497
6598 4500
4295 4501
5056 4503
4467 4504
6374 4505
4444 4513
4891 4514
6743 4519
5503 4521
6627 4526
4844 4527
4420 4528
6746 4530
5572 4534
6180 4536
5046 4537
4632 4539
4432 4540
4886 4542
4762 4543
3864 4546
3917 4550
6636 4555
6864 4557
5019 4561
4563 4563
6688 4564
5753 4565
4238 4567
4568 4568
4654 4570
5952 4571
5106 4572
4573 4573
4575 4575
5528 4577
4271 4580
5864 4581
4891 4582
5247 4585
4837 4586
4563 4590
6097 4591
4402 4592
4593 4593
3915 4596
6108 4597
5455 4603
6296 4604
4621 4605
3824 4607
4968 4608
5512 4609
4444 4610
6097 4611
5220 4612
6419 4613
6097 4616
4621 4621
6696 4622
5910 4624
3915 4627
5635 4628
3926 4631
4881 4632
5786 4640
6867 4642
3948 4649
4650 4650
4651 4651
3774 4653
4654 4654
6864 4656
4053 4658
4919 4665
5897 4666
5019 4671
6863 4674
5880 4675
5699 4676
5125 4677
4706 4678
3921 4681
4543 4682
6387 4683
4179 4684
5553 4685
5250 4687
4688 4688
6481 4690
5255 4691
6346 4693
4514 4694
4454 4695
5753 4697
6227 4700
5823 4701
4376 4703
5163 4707
6016 4708
4709 4709
5124 4710
4711 4711
6713 4712
5300 4713
4403 4718
3874 4720
5189 4721
4171 4723
4291 4724
5803 4726
5198 4730
6291 4731
5492 4732
6885 4735
3676 4737
5880 4738
4552 4740
5843 4741
5535 4742
4448 4745
3917 4746
4747 4747
4748 4748
4359 4749
6844 4750
6357 4751
4987 4752
3799 4757
5838 4759
6554 4760
5591 4761
4752 4762
6788 4764
6168 4765
5695 4767
6080 4768
6314 4769
6713 4770
6613 4771
5909 4772
4309 4773
5792 4774
4439 4776
5012 4778
6599 4780
4085 4783
3801 4784
4149 4786
4356 4788
6325 4790
4629 4791
4758 4792
4436 4793
5012 4798
4454 4800
6357 4806
3723 4808
6861 4809
4700 4810
5733 4813
4396 4816
6687 4822
5754 4823
5486 4824
6418 4825
6190 4826
6625 4827
6273 4830
6209 4831
6723 4832
5494 4837
5801 4839
3692 4845
4575 4846
4613 4850
6660 4853
4160 4855
4074 4856
4919 4857
5470 4858
4454 4861
5935 4862
4863 4863
4004 4866
4528 4867
4868 4868
4693 4869
5699 4872
3769 4875
6807 4877
6210 4879
6502 4881
5046 4885
6887 4887
4064 4888
4386 4890
6728 4891
6816 4897
3964 4901
4540 4902
4760 4906
4907 4907
4951 4908
3943 4910
6309 4911
4912 4912
4504 4913
4916 4914
6778 4915
6549 4920
5994 4924
4609 4925
6654 4926
6850 4929
6090 4930
5371 4931
5801 4932
4237 4933
4935 4935
4554 4938
6435 4940
3829 4941
5757 4944
4920 4945
6355 4947
4439 4948
6051 4950
6097 4952
4192 4953
6644 4956
5143 4961
4962 4962
6402 4963
3750 4964
4612 4965
5409 4966
4890 4967
5124 4968
4886 4971
4085 4972
4974 4974
5792 4977
4493 4983
6023 4985
3705 4987
6338 4989
5018 4990
4454 4993
5261 4995
5994 4996
4066 4997
4972 4998
3948 4999
4102 5000
5003 5003
3779 5004
4361 5007
3756 5008
3854 5011
4773 5012
5765 5015
4972 5017
3745 5019
4579 5022
4227 5023
4984 5025
4868 5029
4104 5031
5748 5035
4201 5036
6557 5037
4281 5038
5106 5039
5041 5041
6419 5046
5250 5047
5775 5048
5221 5050
5052 5052
5251 5053
6111 5054
4428 5055
5056 5056
5434 5059
6642 5061
5285 5063
5726 5065
4411 5068
5840 5069
4468 5070
6598 5072
6334 5073
5076 5076
5166 5078
5079 5079
5081 5081
4562 5082
5905 5086
4638 5087
5089 5089
5978 5090
4562 5091
5688 5092
5095 5095
4037 5097
6097 5098
4371 5099
5590 5100
3692 5101
5102 5102
5364 5104
5994 5108
3823 5110
6583 5114
6097 5115
5103 5116
6617 5118
5631 5119
4516 5120
5124 5124
5125 5125
3747 5126
3935 5127
4543 5128
5130 5130
5034 5134
4942 5137
5141 5141
6486 5146
3915 5147
5931 5148
5522 5149
4968 5155
3865 5159
3745 5160
4609 5161
5245 5163
6102 5164
6418 5167
4445 5168
4232 5170
5172 5172
6305 5174
4886 5177
5179 5179
3778 5180
6254 5182
5396 5184
6097 5187
5188 5188
5480 5191
6023 5193
5529 5194
6533 5197
6809 5198
3744 5199
4169 5200
5377 5203
5205 5205
4527 5207
4632 5209
4798 5210
5060 5211
6032 5214
5595 5215
4996 5216
5221 5221
6235 5222
5909 5223
6418 5228
6162 5229
6097 5231
4306 5234
4413 5236
4240 5237
5833 5238
5250 5239
5089 5243
3785 5244
5252 5252
4102 5254
5119 5255
5416 5256
4884 5257
4951 5260
4736 5261
5799 5262
4489 5271
5910 5276
5845 5277
5280 5280
6356 5281
3798 5287
5366 5290
3840 5292
5924 5293
4855 5294
4974 5296
6470 5297
6546 5299
5300 5300
5446 5302
6185 5303
4230 5304
4630 5305
4968 5313
5178 5314
6418 5316
3785 5317
5324 5324
4562 5327
5889 5331
6127 5332
5568 5333
5012 5334
5162 5335
4107 5337
4790 5338
5954 5344
5346 5346
5717 5348
6386 5353
5011 5355
3885 5357
6171 5359
6784 5362
6097 5363
3801 5364
5365 5365
6598 5366
4237 5367
4579 5371
4974 5372
4968 5373
6772 5374
4756 5377
4895 5380
5775 5382
6850 5387
5289 5391
4705 5393
4900 5395
3808 5397
4998 5401
5605 5404
5235 5406
5539 5409
6467 5410
3683 5411
4347 5412
4615 5413
6697 5417
3692 5422
5278 5425
4855 5426
6254 5428
5430 5430
3778 5433
5437 5437
5954 5438
5388 5441
6603 5445
5909 5446
4773 5449
4453 5451
5196 5452
5525 5453
4920 5454
4528 5463
5464 5464
5468 5468
5123 5469
5471 5471
5144 5472
6047 5473
6296 5474
5576 5476
6044 5480
5185 5481
5509 5482
4621 5483
6554 5488
6662 5489
4540 5490
4756 5494
4855 5495
5331 5497
6576 5499
4442 5505
4349 5506
4070 5508
4475 5511
5512 5512
6818 5514
4820 5516
5717 5517
5093 5518
5862 5521
5522 5522
5058 5528
4562 5529
4562 5531
5535 5535
4432 5536
5537 5537
5538 5538
4037 5539
6834 5540
3790 5541
3753 5542
4119 5543
6125 5544
4916 5547
5549 5549
5550 5550
5553 5553
6617 5554
5555 5555
4866 5557
4663 5561
6884 5565
4942 5567
5568 5568
5801 5569
4047 5570
3989 5571
4227 5572
6426 5573
4700 5575
5869 5576
6097 5580
5257 5582
6097 5583
5035 5585
4578 5586
5590 5590
4367 5591
5801 5594
5499 5595
5300 5596
5997 5601
4402 5603
5824 5604
6817 5608
5616 5611
3787 5612
4115 5613
5963 5614
5935 5618
3787 5619
6700 5620
4309 5621
4160 5624
4493 5630
5631 5631
5634 5634
5910 5636
4921 5643
6861 5647
6844 5648
4455 5651
3861 5655
5658 5658
5160 5665
6800 5666
4100 5667
5234 5671
3785 5673
5674 5674
4369 5675
4351 5681
6110 5683
3952 5684
3837 5685
5178 5687
6266 5690
4766 5694
3865 5695
5697 5697
5331 5698
4235 5700
5648 5702
5058 5703
5396 5707
5708 5708
5709 5709
5376 5710
5576 5711
3785 5712
5595 5713
4107 5715
6453 5718
6309 5720
3766 5722
4433 5723
5632 5727
5789 5728
5421 5729
3681 5731
3764 5733
5019 5735
5800 5737
5605 5738
6328 5739
4267 5741
3852 5742
5511 5744
4663 5747
4792 5748
6087 5749
5750 5750
5751 5751
6191 5752
5910 5754
4731 5756
4200 5758
4680 5761
5762 5762
6248 5763
5507 5764
6097 5765
4746 5767
5768 5768
6419 5771
5994 5776
5777 5777
5300 5780
3741 5781
5783 5783
6114 5784
3845 5785
5143 5790
4163 5791
5220 5798
4432 5799
6630 5801
5802 5802
3735 5805
6045 5807
5994 5809
4172 5812
5047 5814
6268 5816
5820 5820
4984 5822
6044 5825
4118 5826
6414 5829
4994 5831
3865 5833
4855 5835
5494 5837
6231 5840
5011 5842
5843 5843
5234 5850
6201 5851
5011 5852
5994 5854
6575 5856
6583 5859
5889 5860
5635 5861
5862 5862
5864 5864
6002 5866
4104 5867
4361 5871
6741 5873
4821 5874
4465 5878
5879 5879
6598 5880
5881 5881
6264 5882
5947 5883
5889 5888
4593 5890
5756 5891
4790 5892
4914 5896
4968 5898
4224 5899
5862 5901
5717 5902
3953 5903
4160 5904
5035 5905
3680 5906
5799 5908
4446 5909
5910 5910
4295 5912
4750 5914
5521 5915
6688 5920
3908 5922
4171 5924
4973 5927
5365 5928
4543 5930
5932 5932
5933 5933
5927 5934
4729 5939
6619 5941
3709 5943
4063 5945
6068 5946
3876 5953
5397 5954
6583 5956
6125 5958
4527 5961
5250 5963
5877 5964
5036 5966
4169 5968
5415 5970
5765 5972
6881 5973
6200 5975
6845 5976
5969 5977
4172 5978
5979 5979
5130 5980
4573 5981
4465 5982
3910 5983
4192 5986
5991 5991
5250 5992
6610 5993
4845 5998
6705 6000
6314 6003
6005 6005
5906 6008
4632 6009
3910 6011
3709 6012
4638 6014
6861 6015
4815 6016
5783 6018
5526 6019
4920 6021
6023 6023
6616 6026
5994 6031
6380 6032
4499 6035
6039 6039
5247 6040
3956 6042
6053 6043
6044 6044
5694 6045
4884 6046
3775 6049
4376 6050
5889 6053
4198 6054
6859 6056
4349 6057
5543 6059
4185 6061
4369 6062
5377 6063
5717 6064
5526 6066
6799 6069
5140 6074
6077 6077
5011 6079
4768 6080
4445 6081
5183 6082
4097 6083
6084 6084
4123 6085
6090 6090
3972 6091
5250 6093
4099 6096
4413 6097
5886 6100
6384 6101
4476 6103
6507 6104
3941 6108
4240 6109
5156 6110
5264 6111
6268 6112
4004 6113
5433 6119
6121 6121
5513 6122
3865 6123
4691 6125
4172 6126
5089 6128
4784 6130
5659 6138
6139 6139
4531 6144
3927 6145
5590 6147
4334 6149
3874 6153
4240 6154
6157 6157
3917 6158
6754 6159
6533 6160
6161 6161
5046 6162
5293 6164
4052 6168
5034 6169
6170 6170
6863 6171
5724 6172
4453 6174
6654 6176
5526 6180
5480 6181
5858 6182
5072 6185
4630 6186
5616 6188
6190 6190
5553 6191
5923 6192
6193 6193
4351 6194
6387 6195
5677 6196
5792 6197
3861 6199
4655 6202
4974 6205
6713 6209
5371 6211
6212 6212
5656 6214
5954 6215
4099 6217
6863 6220
6180 6221
4630 6222
4204 6223
4124 6224
6193 6225
6228 6228
6628 6229
3943 6231
4790 6233
5899 6237
6238 6238
6097 6244
6248 6248
5910 6249
4920 6250
5119 6257
5522 6262
5862 6263
6622 6265
4102 6266
6267 6267
6268 6268
4281 6270
3921 6272
6755 6279
5250 6280
3829 6281
6282 6282
4886 6284
4309 6285
5981 6286
5116 6287
5769 6288
4899 6289
6708 6291
5786 6293
6708 6296
6302 6302
5348 6303
5803 6304
3734 6305
3855 6307
5287 6309
5032 6311
3892 6313
5856 6314
5324 6316
5793 6317
6583 6321
4671 6324
6229 6327
6328 6328
4668 6329
4489 6330
5456 6331
6332 6332
6097 6333
5123 6337
6406 6338
4361 6348
5300 6349
6126 6350
6628 6351
6097 6352
6023 6356
6269 6357
4066 6358
3692 6361
6446 6363
5469 6364
6097 6367
4593 6368
4912 6369
4037 6373
3828 6374
5962 6376
5994 6378
4217 6384
5866 6385
5123 6387
6388 6388
3892 6389
4136 6393
4576 6396
6332 6401
4818 6404
3864 6406
4200 6408
4758 6409
6430 6414
6302 6416
4790 6417
4237 6418
5106 6422
5572 6424
4828 6426
5381 6428
4033 6432
4647 6436
6437 6437
5205 6438
4545 6440
6867 6441
5448 6442
6097 6443
4733 6446
6507 6450
3764 6451
4514 6452
3801 6455
5471 6456
6302 6457
5994 6458
6708 6459
4706 6461
6520 6466
5081 6468
4213 6469
4189 6470
4629 6471
6863 6474
4672 6476
6477 6477
5239 6481
6016 6488
6713 6489
4463 6490
5994 6493
6583 6494
6671 6495
4258 6499
6283 6500
4651 6501
5364 6502
4685 6504
4291 6507
6006 6508
5089 6513
5293 6514
6794 6516
3781 6519
5276 6521
6177 6522
6592 6526
6446 6527
6168 6528
6529 6529
5771 6530
6263 6533
5889 6534
4219 6536
3682 6537
4420 6538
4398 6539
4920 6540
4632 6542
4386 6545
6606 6546
6644 6550
4609 6552
5838 6553
6296 6554
4612 6555
6097 6558
4198 6559
5654 6561
6788 6563
4546 6564
4879 6566
5287 6567
6029 6568
5462 6569
5512 6572
4705 6573
3798 6574
6575 6575
6576 6576
4733 6577
5221 6578
5733 6579
4495 6581
6682 6583
5302 6584
6646 6585
4588 6587
6526 6592
5690 6594
5411 6595
4663 6599
4744 6605
6546 6606
6044 6607
3855 6609
5819 6611
6097 6612
6613 6613
6271 6617
4972 6618
6621 6619
6126 6620
5733 6622
5783 6624
4593 6625
6634 6627
4286 6628
5110 6630
3778 6637
4198 6638
4790 6639
5472 6641
5408 6651
4974 6655
5974 6659
6867 6661
6839 6663
5595 6664
3675 6665
5592 6666
3854 6667
4350 6668
6374 6676
6628 6680
4139 6682
6254 6686
5220 6687
5298 6688
4291 6689
5165 6690
6695 6695
4351 6697
6279 6702
6704 6704
6706 6706
5953 6711
6714 6714
4585 6715
5484 6717
4015 6718
3915 6720
6538 6727
3854 6728
6097 6730
4792 6732
6735 6735
4778 6736
6097 6738
6386 6740
5036 6741
6743 6743
6640 6744
4520 6746
4968 6749
5708 6750
3972 6752
5994 6753
6666 6754
6797 6758
6817 6764
5656 6766
5862 6767
5928 6768
6289 6774
4612 6776
6778 6778
4108 6780
4017 6785
3955 6788
6790 6790
6637 6796
6797 6797
5538 6800
5910 6802
5040 6803
5285 6805
4936 6807
6410 6808
6817 6809
5492 6813
5400 6816
6817 6817
4796 6818
6248 6821
4349 6824
6844 6834
4954 6835
3747 6838
6172 6839
4497 6841
4987 6842
4776 6843
4510 6844
6581 6850
6853 6853
3747 6854
4200 6858
6859 6859
3782 6865
6866 6866
6029 6871
5991 6872
6875 6875
6876 6876
4672 6877
5405 6878
5590 6880
6881 6881
4024 6882
4237 6884
6248 6885
6837 6888
