113 113
409 409
14 14
1999 1999
359 359
328 328
408 408
37 37
36 36
3854 3854
5659 5659
410 410
349 349
2048 2048
3628 3628
26 26
27 27
346 346
15 15
2004 2004
3776 3776
3850 3850
128 128
3548 3548
5368 5368
3550 3550
19 19
6264 6264
3773 3773
330 330
3851 3851
3643 3643
356 356
3915 3915
3806 3806
5594 5594
1907 1907
279 279
5640 5640
3936 3936
227 227
6248 6248
3949 3949
3056 3056
6269 6269
294 294
140 140
5708 5708
2811 2811
3843 3843
1906 1906
44 44
292 292
5840 5840
340 340
141 141
3587 3587
3547 3547
3576 3576
24 24
63 63
117 117
2055 2055
3638 3638
3756 3756
5517 5517
3922 3922
65 65
3551 3551
17 17
3586 3586
10 10
3777 3777
456 456
3848 3848
3829 3829
3700 3700
2815 2815
342 342
3546 3546
6267 6267
3789 3789
5463 5463
3631 3631
5724 5724
2289 2289
2276 2276
81 81
3633 3633
311 311
6271 6271
439 439
2046 2046
64 64
421 421
3530 3530
343 343
3053 3053
2001 2001
6262 6262
2793 2793
3923 3923
42 42
109 109
5508 5508
2383 2383
3753 3753
2795 2795
2130 2130
5831 5831
2803 2803
5601 5601
2807 2807
3637 3637
118 118
3705 3705
5848 5848
124 124
2294 2294
3951 3951
4 4
3932 3932
436 436
5597 5597
312 312
5458 5458
2129 2129
5535 5535
432 432
71 71
3516 3516
3824 3824
3825 3825
3798 3798
5589 5589
315 315
2150 2150
3861 3861
5951 5951
94 94
3580 3580
2167 2167
322 322
3565 3565
100 100
429 429
2292 2292
3584 3584
235 235
3927 3927
5504 5504
3566 3566
3579 3579
5590 5590
5950 5950
119 119
67 67
5464 5464
2490 2490
3926 3926
3561 3561
245 245
51 51
2177 2177
2152 2152
3601 3601
3799 3799
2370 2370
3613 3613
289 289
3596 3596
338 338
2375 2375
3833 3833
2274 2274
5610 5610
5674 5674
87 87
2367 2367
5827 5827
2389 2389
2213 2213
3616 3616
5630 5630
2493 2493
3568 3568
3621 3621
2511 2511
5514 5514
6238 6238
5720 5720
5943 5943
2007 2007
3567 3567
2480 2480
3800 3800
5512 5512
3609 3609
5851 5851
2499 2499
2044 2044
5751 5751
5579 5579
104 104
2164 2164
2497 2497
2485 2485
1984 1984
6056 6056
3655 3655
2118 2118
5625 5625
2052 2052
2498 2498
62 62
5959 5959
5453 5453
6066 6066
2189 2189
5654 5654
3704 3704
5536 5536
193 193
122 122
6067 6067
6059 6059
6073 6073
5932 5932
5933 5933
5641 5641
2471 2471
2362 2362
2377 2377
3667 3667
6057 6057
5631 5631
2261 2261
5522 5522
2180 2180
6075 6075
6054 6054
5936 5936
7 7
5953 5953
1992 1992
2193 2193
6058 6058
2210 2210
2500 2500
2221 2221
6062 6062
2395 2395
5826 5826
6063 6063
6077 6077
2475 2475
6076 6076
5944 5944
1983 1983
5540 5540
6072 6072
3518 3518
2278 2278
5538 5538
2506 2506
2175 2175
6079 6079
2124 2124
2596 2596
6064 6064
5698 5698
1993 1993
2514 2514
2393 2393
155 155
3646 3646
5523 5523
2095 2095
5648 5648
2011 2011
2061 2061
2594 2594
2614 2614
5619 5619
6082 6082
133 133
2239 2239
2181 2181
5978 5978
5584 5584
5969 5969
2610 2610
5977 5977
2623 2623
5973 5973
3045 3045
5539 5539
2600 2600
3895 3895
2585 2585
5986 5986
2588 2588
2280 2280
5529 5529
2254 2254
2255 2255
5862 5862
5716 5716
2509 2509
5866 5866
392 392
2624 2624
2401 2401
2067 2067
2080 2080
2502 2502
295 295
5528 5528
2220 2220
5982 5982
5985 5985
2144 2144
3706 3706
6027 6027
2565 2565
5717 5717
195 195
5855 5855
2517 2517
5497 5497
2523 2523
2519 2519
6030 6030
3163 3163
2096 2096
5468 5468
5686 5686
258 258
4005 4005
6103 6103
6102 6102
6143 6143
2630 2630
2233 2233
147 147
6101 6101
6095 6095
6147 6147
5869 5869
377 377
2114 2114
5988 5988
5745 5745
6142 6142
5496 5496
6090 6090
6130 6130
5706 5706
2272 2272
5914 5914
2256 2256
3058 3058
2639 2639
5726 5726
5915 5915
3707 3707
3673 3673
3883 3883
1986 1986
6000 6000
2685 2685
376 376
158 158
6131 6131
375 375
2299 2299
2017 2017
2035 2035
2113 2113
3941 3941
2342 2342
2014 2014
3906 3906
2216 2216
374 374
5994 5994
5734 5734
2215 2215
5473 5473
3670 3670
2302 2302
6117 6117
2018 2018
5997 5997
5902 5902
5679 5679
5802 5802
5663 5663
6110 6110
6005 6005
2650 2650
2013 2013
5991 5991
2684 2684
5552 5552
2295 2295
2182 2182
2457 2457
2567 2567
2533 2533
5664 5664
2550 2550
2441 2441
2652 2652
2644 2644
5998 5998
6039 6039
6006 6006
3818 3818
2558 2558
2432 2432
2560 2560
2688 2688
401 401
5527 5527
333 333
5475 5475
3840 3840
2534 2534
448 448
6040 6040
2572 2572
2643 2643
507 507
2296 2296
5989 5989
6139 6139
2648 2648
308 308
2675 2675
447 447
2559 2559
2537 2537
5793 5793
5806 5806
6108 6108
5756 5756
512 512
269 269
6024 6024
6023 6023
511 511
1766 1766
199 199
4001 4001
180 180
368 368
5783 5783
2087 2087
6153 6153
2431 2431
369 369
3487 3487
3687 3687
5778 5778
5807 5807
6154 6154
466 466
3489 3489
5549 5549
2308 2308
583 583
2317 2317
6880 6880
5897 5897
4004 4004
2456 2456
540 540
538 538
2541 2541
2312 2312
3782 3782
5740 5740
492 492
488 488
3889 3889
169 169
2654 2654
3954 3954
3874 3874
3691 3691
3692 3692
5767 5767
493 493
2662 2662
472 472
560 560
2279 2279
2427 2427
2449 2449
544 544
576 576
6881 6881
3710 3710
549 549
3976 3976
370 370
2663 2663
3888 3888
3781 3781
2671 2671
533 533
487 487
5777 5777
5521 5521
515 515
468 468
2103 2103
558 558
3962 3962
2423 2423
4012 4012
3963 3963
546 546
2099 2099
542 542
464 464
545 545
2100 2100
553 553
4029 4029
2434 2434
5550 5550
2306 2306
5483 5483
4044 4044
5788 5788
4042 4042
387 387
4071 4071
4067 4067
537 537
3839 3839
3870 3870
2311 2311
5880 5880
3978 3978
5812 5812
5561 5561
2350 2350
4014 4014
2324 2324
4022 4022
3990 3990
4035 4035
5811 5811
396 396
2338 2338
4013 4013
2448 2448
3991 3991
482 482
5908 5908
5886 5886
4036 4036
2325 2325
2288 2288
3981 3981
2467 2467
2468 2468
4045 4045
5775 5775
5799 5799
5813 5813
3694 3694
5816 5816
5789 5789
4018 4018
2089 2089
2425 2425
2352 2352
2700 2700
4017 4017
5440 5440
4032 4032
4066 4066
2318 2318
5567 5567
5780 5780
5801 5801
5235 5235
203 203
5800 5800
163 163
5560 5560
2250 2250
5239 5239
6887 6887
2321 2321
285 285
5901 5901
220 220
2435 2435
5571 5571
5878 5878
3969 3969
5702 5702
1938 1938
5923 5923
5609 5609
182 182
6834 6834
3717 3717
6160 6160
5405 5405
5396 5396
2206 2206
6162 6162
5904 5904
2286 2286
2715 2715
1934 1934
5896 5896
5890 5890
6832 6832
6600 6600
3810 3810
5927 5927
5406 5406
6599 6599
2754 2754
6731 6731
6793 6793
6598 6598
2244 2244
214 214
5573 5573
1611 1611
5705 5705
1939 1939
6792 6792
2897 2897
6159 6159
6602 6602
1541 1541
1439 1439
3892 3892
1925 1925
226 226
6817 6817
6791 6791
6804 6804
1928 1928
1628 1628
1680 1680
1942 1942
1962 1962
6163 6163
1612 1612
6839 6839
6733 6733
2898 2898
2895 2895
1956 1956
6754 6754
1379 1379
6785 6785
6606 6606
1728 1728
6856 6856
1904 1904
6707 6707
6862 6862
1561 1561
6814 6814
6830 6830
6788 6788
1627 1627
6778 6778
6847 6847
217 217
6597 6597
6859 6859
6725 6725
6595 6595
2982 2982
6750 6750
3727 3727
6807 6807
6809 6809
2822 2822
1585 1585
6771 6771
6860 6860
6827 6827
1625 1625
6756 6756
3811 3811
6853 6853
6850 6850
6868 6868
6594 6594
6675 6675
2989 2989
5389 5389
6844 6844
1919 1919
1977 1977
1393 1393
6713 6713
6678 6678
6845 6845
3368 3368
6715 6715
6724 6724
1949 1949
1505 1505
6623 6623
1586 1586
6626 6626
6663 6663
6718 6718
6712 6712
6739 6739
1600 1600
6665 6665
6593 6593
1258 1258
1358 1358
6787 6787
1603 1603
3284 3284
1355 1355
3283 3283
6683 6683
1578 1578
3363 3363
1588 1588
3381 3381
6769 6769
3228 3228
3229 3229
3276 3276
6660 6660
6865 6865
3278 3278
1687 1687
1655 1655
1601 1601
3269 3269
3270 3270
1573 1573
3316 3316
3371 3371
1618 1618
1619 1619
1661 1661
6577 6577
1727 1727
3255 3255
5438 5438
6628 6628
3267 3267
5113 5113
6574 6574
3442 3442
1711 1711
5374 5374
5378 5378
5072 5072
1966 1966
6643 6643
6657 6657
3330 3330
6611 6611
1854 1854
1918 1918
6605 6605
6666 6666
6706 6706
5193 5193
1712 1712
2821 2821
3445 3445
1700 1700
5128 5128
5095 5095
6170 6170
6637 6637
3421 3421
6578 6578
1689 1689
1850 1850
1593 1593
3373 3373
5007 5007
215 215
1730 1730
6357 6357
3367 3367
6631 6631
1692 1692
6638 6638
1598 1598
1227 1227
2994 2994
1709 1709
3682 3682
1913 1913
1556 1556
6699 6699
6721 6721
5370 5370
3207 3207
1579 1579
3213 3213
6644 6644
1356 1356
5051 5051
1614 1614
3718 3718
6592 6592
1912 1912
3249 3249
1311 1311
3237 3237
5192 5192
3447 3447
788 788
4650 4650
1699 1699
5130 5130
3281 3281
5365 5365
1657 1657
6334 6334
3348 3348
1568 1568
1620 1620
2874 2874
6719 6719
5079 5079
4918 4918
5157 5157
3317 3317
4914 4914
3452 3452
3241 3241
6767 6767
3223 3223
1608 1608
1660 1660
1725 1725
3221 3221
5081 5081
3414 3414
3251 3251
5078 5078
1874 1874
3246 3246
2977 2977
1855 1855
3349 3349
4913 4913
1587 1587
4912 4912
4651 4651
5080 5080
1951 1951
3383 3383
5197 5197
5314 5314
1390 1390
1646 1646
6591 6591
1916 1916
776 776
1399 1399
1498 1498
1853 1853
5117 5117
4849 4849
4685 4685
4892 4892
5215 5215
3201 3201
5219 5219
6482 6482
6446 6446
1708 1708
3413 3413
4916 4916
5054 5054
1717 1717
3388 3388
3407 3407
5056 5056
5053 5053
4644 4644
775 775
1652 1652
5074 5074
1720 1720
1704 1704
1225 1225
5041 5041
6440 6440
6448 6448
1669 1669
6332 6332
1433 1433
1163 1163
1647 1647
1277 1277
2740 2740
3766 3766
942 942
4874 4874
4125 4125
3462 3462
880 880
5166 5166
1407 1407
2992 2992
5045 5045
3385 3385
6587 6587
3423 3423
1353 1353
5211 5211
5208 5208
5198 5198
3036 3036
5409 5409
1738 1738
3323 3323
1140 1140
3037 3037
3429 3429
1254 1254
1414 1414
5390 5390
6444 6444
5116 5116
1387 1387
5179 5179
4776 4776
6491 6491
3132 3132
3425 3425
5039 5039
5019 5019
1162 1162
5047 5047
3457 3457
4709 4709
3063 3063
4794 4794
3460 3460
4980 4980
3206 3206
1670 1670
831 831
1164 1164
6588 6588
3076 3076
2858 2858
441 441
6442 6442
1678 1678
4174 4174
4705 4705
5377 5377
1350 1350
3405 3405
1161 1161
4827 4827
3233 3233
3234 3234
4175 4175
3235 3235
4744 4744
3242 3242
6617 6617
1792 1792
5387 5387
830 830
6317 6317
3195 3195
6479 6479
3196 3196
1663 1663
3148 3148
676 676
6451 6451
3147 3147
802 802
995 995
6533 6533
652 652
1649 1649
5291 5291
3180 3180
3183 3183
5086 5086
936 936
4738 4738
669 669
4775 4775
3674 3674
1275 1275
846 846
3194 3194
1788 1788
5292 5292
4831 4831
1274 1274
5183 5183
5124 5124
4405 4405
1876 1876
4987 4987
3043 3043
881 881
1132 1132
677 677
1856 1856
6486 6486
3035 3035
1194 1194
4593 4593
3216 3216
632 632
773 773
4814 4814
6322 6322
6315 6315
4978 4978
4622 4622
5083 5083
1791 1791
1190 1190
5027 5027
4138 4138
594 594
4428 4428
705 705
2919 2919
4328 4328
1231 1231
3101 3101
5110 5110
720 720
463 463
3059 3059
4399 4399
5188 5188
6198 6198
4126 4126
1129 1129
691 691
4736 4736
2910 2910
4110 4110
1000 1000
4833 4833
3175 3175
6282 6282
1421 1421
5249 5249
5410 5410
6529 6529
6525 6525
6537 6537
3077 3077
5189 5189
4344 4344
1337 1337
1787 1787
997 997
3109 3109
4707 4707
4290 4290
1038 1038
2856 2856
4158 4158
5234 5234
3334 3334
3112 3112
1795 1795
4808 4808
4124 4124
4127 4127
5119 5119
3500 3500
1133 1133
801 801
2862 2862
4824 4824
988 988
3099 3099
6406 6406
3484 3484
843 843
5122 5122
2868 2868
4621 4621
5136 5136
1323 1323
2912 2912
3333 3333
4758 4758
5163 5163
1449 1449
1169 1169
1534 1534
3172 3172
4247 4247
3107 3107
6195 6195
1014 1014
3121 3121
4615 4615
3158 3158
4379 4379
6224 6224
4545 4545
4729 4729
1823 1823
6530 6530
6368 6368
671 671
1673 1673
4689 4689
5355 5355
1515 1515
4329 4329
6389 6389
6365 6365
5252 5252
4626 4626
3320 3320
1128 1128
3029 3029
3098 3098
1520 1520
1363 1363
3152 3152
4372 4372
610 610
1170 1170
5251 5251
1833 1833
721 721
1040 1040
5348 5348
1137 1137
841 841
3177 3177
633 633
6510 6510
6405 6405
5254 5254
4502 4502
1885 1885
4543 4543
4458 4458
5138 5138
4449 4449
3139 3139
1006 1006
4648 4648
3120 3120
5262 5262
253 253
2865 2865
3507 3507
2863 2863
4730 4730
1159 1159
648 648
1035 1035
4388 4388
4985 4985
1004 1004
4935 4935
2819 2819
6370 6370
6187 6187
4284 4284
4481 4481
4677 4677
912 912
4488 4488
4387 4387
597 597
2929 2929
4282 4282
1417 1417
1396 1396
1025 1025
4550 4550
6185 6185
1003 1003
2892 2892
4688 4688
5282 5282
1334 1334
4398 4398
2927 2927
1784 1784
4623 4623
4500 4500
1013 1013
6381 6381
4347 4347
3134 3134
2853 2853
937 937
3090 3090
4267 4267
6561 6561
6388 6388
177 177
4377 4377
1293 1293
1136 1136
412 412
1121 1121
635 635
4240 4240
4486 4486
4994 4994
4549 4549
6380 6380
4155 4155
6573 6573
6566 6566
4135 4135
1524 1524
4889 4889
6874 6874
1245 1245
4934 4934
6538 6538
4757 4757
4528 4528
3026 3026
6410 6410
4953 4953
384 384
855 855
4114 4114
4751 4751
4922 4922
986 986
6435 6435
4147 4147
1758 1758
1200 1200
1826 1826
3137 3137
1063 1063
6557 6557
729 729
4285 4285
4176 4176
6468 6468
1796 1796
4607 4607
1064 1064
1825 1825
2966 2966
1167 1167
4991 4991
4470 4470
1502 1502
5259 5259
4932 4932
5266 5266
2879 2879
1761 1761
3062 3062
808 808
1799 1799
1010 1010
6302 6302
4386 4386
927 927
6212 6212
4354 4354
6294 6294
4546 4546
2920 2920
1881 1881
5333 5333
6571 6571
4962 4962
1369 1369
987 987
6475 6475
1018 1018
4337 4337
249 249
2829 2829
4238 4238
1461 1461
1116 1116
6877 6877
4973 4973
4724 4724
4335 4335
4997 4997
4469 4469
4910 4910
1048 1048
4950 4950
4471 4471
955 955
3067 3067
970 970
4804 4804
4340 4340
4150 4150
1173 1173
5287 4197
2914 2914
4752 4752
4687 4687
767 767
901 901
4930 4930
6567 6567
3104 3104
1753 1753
2833 2833
1149 1149
4839 4839
1114 1114
4310 4310
1460 1460
2932 2932
839 839
1243 1243
6559 6559
4352 4352
1112 1112
1188 1188
1798 1798
1481 1481
1755 1755
4391 4391
4489 4489
4654 4654
752 752
5265 5265
5324 5324
882 882
1033 1033
4311 4311
1203 1203
4358 4358
2875 2875
4796 4796
1480 1480
6426 6426
4145 4145
4697 4697
5256 5256
903 903
3088 3088
973 973
3155 3155
4836 4836
4338 4338
857 857
1054 1054
4503 4503
1147 1147
6227 6227
1862 1862
4389 4389
836 836
4254 4254
4492 4492
5255 5255
6431 6431
1073 1073
4958 4958
5295 5295
1178 1178
4951 4951
4431 4431
4359 4359
1482 1482
4443 4443
4534 4534
3006 3006
4746 4746
902 902
1897 1897
4631 4631
783 783
905 905
4334 4334
1031 1031
4297 4297
1044 1044
4583 4583
4725 4725
795 795
968 968
4454 4454
975 975
1464 1464
4989 4989
1182 1182
4711 4711
1080 1080
4360 4360
884 884
4574 4574
4464 4464
4417 4417
4452 4452
750 750
1478 1478
891 891
1270 1270
4660 4660
4663 4663
4629 4629
2831 2831
4442 4442
3125 3125
952 952
1240 1240
4668 4668
904 904
848 848
6473 6473
978 978
4940 4940
4493 4493
1071 1071
1187 1187
1820 1820
1184 1184
4797 4797
1466 1466
1055 1055
3096 3096
1262 1262
730 730
3020 3020
4369 4369
4936 4936
1093 1093
949 949
2825 2825
1864 1864
1899 1899
4393 4393
4436 4436
2885 2885
1236 1236
897 897
4628 4628
4571 4571
6511 6511
4941 4941
4597 4597
1095 1095
3064 3064
2877 2877
4538 4538
1102 1102
1368 1368
957 957
3133 3133
3094 3094
6872 6872
2881 2881
4943 4943
4582 4582
874 874
4396 4396
873 873
1141 1141
4641 4641
4575 4575
1809 1809
4461 4461
1529 1529
4463 4463
1098 1098
1103 1103
3023 3023
1454 1454
4517 4517
3129 3129
1106 1106
