3776 3776
6275 6275
3629 3629
5750 5750
408 408
5952 5952
321 321
328 328
5829 5829
2807 2807
2784 2784
436 436
192 192
2046 2046
3777 3777
3541 3541
437 437
125 125
2160 2160
3830 3830
315 315
2140 2140
5932 5932
227 227
312 312
3932 3932
5443 5443
6077 6077
3829 3829
5741 5741
5634 5634
17 17
2485 2485
5739 5739
2396 2396
3566 3566
5538 5538
2432 2432
258 258
2441 2441
6102 6102
5679 5679
2423 2423
5997 5997
2449 2449
6157 6157
6090 6090
6005 6005
5802 5802
3648 3648
2446 2446
5367 5367
163 163
5811 5811
5813 5813
3355 3355
6006 6006
2506 2506
2318 2318
3342 3342
3365 3365
2253 2253
5929 5929
5869 5869
5855 5855
2317 2317
3884 3884
3195 3195
2278 2278
3892 3892
3371 3371
2636 2636
2663 2663
3281 3281
1938 1938
2102 2102
1943 1943
1920 1920
3405 3405
1745 1745
3462 3462
3180 3180
903 903
5232 5232
577 549
3373 3373
6817 6817
3979 3979
2722 2722
1323 1323
4538 4538
4389 4389
1132 1132
5570 5570
5393 5393
5481 5481
1660 1660
3177 3177
6437 6437
6866 6866
2719 2719
1659 1659
3259 3259
6759 6759
1461 1461
6828 6828
5308 4852
3036 3036
4337 4337
897 897
721 721
754 754
1387 1387
4646 4646
6438 6438
1878 1878
4458 4458
1011 1011
1044 1044
4035 4035
4653 4653
5385 5385
5198 5198
996 996
1014 1014
798 798
4973 4973
4573 4573
5000 5000
5078 5078
6721 6721
852 852
6328 6328
4274 4248
6693 6693
4485 4485
1295 1295
1464 1464
1527 1527
4192 4192
478 564
3020 3020
6623 6623
6626 6626
2839 2839
687 687
1725 1725
2960 2960
4912 4912
621 621
809 809
937 937
1791 1791
1163 1163
4621 4621
3029 3029
4698 4698
4962 4962
4135 4135
6332 6332
2913 2913
4230 4230
