5280 0
987 1
3887 4
5737 5
4316 6
5224 9
3440 10
1576 17
4020 21
2224 22
6832 32
6798 39
2273 43
5074 44
231 45
1370 47
697 51
3984 53
5885 58
122 59
5637 70
891 71
4819 75
6507 76
1119 79
4379 80
2147 83
1438 85
3707 87
4735 93
5768 94
1955 95
3977 96
6764 102
5220 103
5924 108
33 109
3032 111
1357 118
3457 125
4892 130
2051 132
5133 139
5500 143
4503 148
3047 149
2095 154
443 157
3984 159
684 169
4720 173
6113 182
1499 191
581 196
4434 197
530 198
3670 199
5707 200
6213 201
153 202
2402 204
2772 207
2216 209
1153 210
929 211
4412 215
4696 217
6169 221
3027 222
4718 224
3403 225
6358 226
2457 227
6786 229
5045 233
2514 238
814 240
4585 241
1928 242
775 248
5802 249
5330 252
4271 260
308 261
5621 266
3019 267
4830 270
6613 274
4605 278
393 279
5215 292
5727 293
5419 294
3228 295
3377 302
623 303
1317 306
2988 307
4367 308
1420 309
1926 310
6158 311
4585 314
3825 315
2637 316
974 321
3359 323
3449 326
145 330
2205 335
3032 337
1207 338
4689 340
722 342
5660 358
3984 361
2910 364
2793 369
6484 374
1889 378
341 381
6771 382
370 387
1814 392
4118 410
856 415
3013 416
6603 428
5230 433
2104 435
3179 438
1032 441
3807 444
3651 447
6885 448
2076 450
1653 451
804 459
2623 461
6488 465
112 468
3978 469
1201 471
6379 476
1741 477
5983 479
586 481
1194 482
6390 485
5345 486
5093 487
5494 488
3058 489
4859 492
3984 496
4675 497
6385 502
1639 503
1170 504
6626 505
966 506
4289 509
719 510
5224 513
860 514
3106 516
291 519
1106 521
837 528
4506 539
6878 540
441 542
2035 546
6642 548
6415 551
1998 553
2499 554
3631 561
370 562
5100 569
6277 570
1415 572
1171 584
5550 587
4626 596
288 597
4772 598
1153 601
901 606
1527 613
6504 617
6564 620
1277 621
3984 627
3656 633
3794 635
327 636
3466 637
3042 639
2511 641
400 645
5778 648
3433 660
6163 661
741 663
3286 666
6742 668
4705 672
6405 673
6213 675
560 676
6842 677
5879 679
3762 680
4592 686
5544 689
3323 691
3630 696
51 697
2046 704
4229 705
6304 708
4906 712
3924 717
1620 724
5809 725
4812 729
1150 734
1217 736
4942 740
4636 743
5838 748
6642 750
756 756
5295 760
4727 766
6151 768
6086 769
2908 770
4614 775
1831 777
1721 782
582 787
2261 790
837 794
5653 795
4671 796
5322 799
697 801
1792 802
5039 803
2614 805
3794 813
4885 814
4913 816
3865 820
3984 825
4658 826
5698 831
2551 834
3837 835
947 851
4792 854
4636 856
4477 858
4597 860
1530 862
2552 866
5980 869
1960 870
6180 873
797 878
5881 879
1302 885
5384 892
2157 894
1825 898
3951 902
2289 903
5901 904
1378 905
4888 906
908 908
3557 909
3888 913
2685 917
3454 918
6394 924
397 925
3582 929
2691 932
1239 933
135 934
1933 936
1317 941
213 942
6471 944
5506 946
4178 947
14 949
6642 950
1565 953
1299 958
115 963
2400 968
2132 969
4658 971
636 975
2390 977
4994 983
3342 985
3132 987
3568 988
3121 990
393 991
4819 994
3485 1015
4503 1020
5763 1022
1447 1025
741 1027
563 1028
3231 1034
965 1037
1074 1040
1975 1043
4756 1045
5707 1048
2896 1058
3403 1063
6840 1066
1579 1068
6237 1071
5118 1074
4474 1076
2175 1091
5298 1095
483 1096
4605 1097
4786 1098
361 1100
5332 1103
5532 1110
2339 1111
4606 1112
382 1114
168 1116
4824 1123
856 1126
2787 1128
76 1133
6832 1134
4155 1135
2061 1137
5345 1144
3079 1145
361 1146
2438 1150
2402 1151
5908 1159
5768 1161
6341 1163
2743 1164
2924 1165
1474 1175
1298 1179
636 1187
4868 1190
6396 1195
1139 1201
2787 1203
3978 1208
3866 1209
5319 1214
2005 1217
24 1218
814 1222
2584 1225
4610 1233
2120 1239
3044 1243
4247 1248
3984 1252
2178 1253
6484 1254
5736 1255
2489 1267
4833 1270
3808 1272
1803 1276
5188 1279
4772 1280
6732 1281
6601 1282
1822 1288
5550 1291
2912 1292
755 1293
2249 1296
4312 1300
6175 1302
3112 1304
4175 1310
759 1314
4621 1323
3671 1324
6486 1327
1697 1330
1415 1336
5961 1337
3171 1339
6486 1340
3151 1341
3894 1342
6642 1345
4482 1346
807 1351
3335 1353
5235 1354
1421 1358
1156 1371
6156 1372
2834 1375
393 1382
4944 1387
1144 1389
855 1390
5310 1394
6596 1395
6252 1397
5163 1399
4809 1400
3455 1408
1649 1413
3635 1416
5539 1421
2489 1423
1051 1424
3170 1426
1074 1429
4964 1431
6552 1432
3724 1433
4812 1435
2531 1437
5602 1438
3350 1439
4060 1443
5077 1447
2898 1449
3655 1452
5396 1454
5885 1460
1176 1463
6678 1468
1772 1469
2772 1473
4155 1483
5330 1485
0 1487
642 1489
4636 1496
5568 1498
3984 1501
2647 1502
3368 1513
4210 1514
1975 1516
1295 1518
4246 1524
1697 1526
3868 1527
297 1532
6852 1533
1358 1534
2476 1537
4434 1539
5857 1543
936 1545
3671 1558
4626 1563
2973 1566
2427 1567
5214 1573
6707 1574
20 1581
4283 1583
1907 1584
1809 1586
6145 1587
5213 1593
5714 1594
4524 1596
5658 1597
5657 1602
6501 1604
776 1608
1192 1611
6330 1613
210 1616
4888 1621
6856 1623
6137 1626
4601 1629
5285 1639
4605 1640
3984 1641
3163 1647
3013 1649
295 1651
4192 1657
6388 1658
679 1662
4897 1666
4194 1670
1415 1672
4913 1673
3808 1674
1990 1676
6795 1679
4912 1681
5931 1682
5621 1686
2594 1687
6442 1688
3694 1690
6840 1691
2693 1694
5269 1695
5007 1699
4036 1703
3215 1705
1959 1707
971 1709
2699 1711
6524 1719
2295 1721
3418 1725
247 1729
1933 1730
1113 1731
312 1732
4193 1739
238 1741
5237 1744
2522 1751
4076 1753
3942 1758
1220 1759
266 1762
1349 1765
842 1768
3087 1770
4562 1779
3735 1782
2498 1784
3618 1788
6515 1789
2455 1790
2550 1795
6688 1798
375 1805
3409 1807
2103 1811
2655 1816
6297 1820
4382 1821
5778 1823
4762 1826
5797 1832
6213 1834
5424 1847
1778 1850
5762 1853
4417 1854
4757 1855
3984 1866
5772 1869
6048 1871
4749 1874
5568 1880
1452 1881
6442 1883
2211 1884
3555 1885
467 1886
2947 1894
5359 1895
1883 1897
3836 1898
5983 1905
648 1906
2691 1907
1786 1912
3496 1914
437 1916
1614 1920
1415 1921
4314 1924
5526 1927
2172 1928
6623 1937
776 1938
2380 1940
1803 1942
5578 1948
59 1951
2277 1952
1769 1956
4901 1961
3671 1964
4317 1966
2638 1967
6459 1973
5582 1981
6381 1983
99 1984
4503 1985
155 1993
6830 1994
1504 2000
609 2003
1416 2004
546 2007
5655 2008
4912 2011
5632 2013
5436 2014
2814 2020
5650 2021
2748 2025
3616 2026
4475 2030
5103 2031
1687 2037
4320 2041
5407 2043
1415 2053
1972 2056
209 2057
3150 2063
6608 2064
2846 2067
111 2070
5845 2071
370 2074
6360 2078
5222 2080
2172 2086
6685 2089
6632 2090
854 2091
4420 2096
3679 2097
5057 2099
6293 2100
2691 2101
2772 2102
5303 2105
3093 2106
1415 2110
3705 2112
3521 2113
5252 2114
3935 2115
4990 2119
6642 2120
1239 2127
2523 2129
2637 2131
4732 2138
6796 2145
5439 2147
6396 2151
6546 2152
5529 2154
1826 2156
1264 2160
4336 2166
1342 2167
2438 2169
1975 2171
2178 2178
4888 2179
6337 2181
4060 2185
1777 2190
6118 2193
2051 2195
1973 2198
1700 2201
524 2206
497 2208
3478 2209
5835 2213
3027 2218
695 2222
131 2236
1976 2238
3601 2239
3627 2242
1292 2244
3612 2247
5148 2249
5835 2256
70 2263
2120 2268
2875 2269
3984 2271
504 2273
4756 2274
1803 2275
1314 2276
3047 2282
2563 2285
6517 2287
6794 2288
5235 2289
4757 2294
1239 2295
1207 2297
4549 2298
6774 2300
1367 2301
839 2305
743 2306
1427 2307
3240 2311
3085 2313
5003 2318
1415 2320
2977 2321
3006 2324
4716 2327
3984 2328
5586 2329
5061 2330
4825 2332
985 2334
2751 2335
2426 2337
4836 2339
4372 2344
6235 2350
1171 2351
2180 2365
1305 2366
3984 2368
366 2372
4338 2375
4820 2381
5826 2385
1972 2386
2787 2393
456 2394
3600 2395
6463 2399
2489 2406
6484 2407
3671 2408
3984 2410
1703 2415
1233 2416
4007 2420
68 2421
6642 2422
5420 2423
247 2427
3794 2428
2875 2429
3296 2442
5089 2444
6217 2452
3938 2453
6153 2457
3204 2461
5663 2470
2134 2471
5796 2473
6386 2474
1465 2478
4942 2479
3408 2480
6501 2495
6601 2499
2501 2501
840 2505
6427 2510
2460 2512
2522 2522
603 2523
1415 2524
2525 2525
1981 2530
6323 2531
290 2532
1983 2533
6767 2534
2172 2536
807 2541
5893 2542
887 2543
1828 2548
4174 2550
5224 2551
1495 2554
6568 2556
3178 2559
5056 2560
1565 2562
5224 2563
6445 2567
238 2571
4076 2572
732 2573
3978 2575
1586 2576
4200 2577
3192 2579
5500 2580
6796 2583
1916 2587
6066 2588
5148 2590
88 2594
777 2600
1959 2601
2369 2602
3794 2605
3129 2611
1406 2612
5591 2616
2875 2624
1734 2626
3698 2628
974 2629
2738 2634
4281 2640
5796 2641
1959 2642
5405 2644
2667 2648
984 2649
4407 2651
4990 2652
4188 2658
4412 2659
2431 2660
3984 2673
5423 2675
1736 2679
1959 2682
2289 2684
1834 2686
6734 2688
42 2689
1217 2693
4605 2695
1166 2697
3646 2698
2841 2700
6669 2701
6527 2705
1370 2710
1052 2711
2237 2714
1712 2715
3377 2716
6248 2717
1522 2724
4160 2726
864 2728
1469 2729
1194 2731
2784 2733
4465 2738
6339 2743
1123 2745
4074 2748
2654 2753
1201 2761
6422 2764
4106 2767
1415 2768
3671 2777
503 2784
1739 2786
5330 2787
6445 2790
2104 2791
2793 2793
5539 2797
2804 2804
1415 2806
1957 2813
2120 2816
2483 2821
6019 2823
1194 2824
5054 2825
2438 2830
4155 2833
327 2836
3807 2837
4689 2841
2652 2842
4605 2847
3880 2851
1370 2852
5810 2857
2445 2865
3254 2867
3801 2869
5500 2870
2912 2873
1549 2875
1721 2884
1452 2885
468 2887
1384 2888
6484 2889
4595 2896
4040 2900
1824 2903
2104 2904
4935 2906
111 2907
3949 2908
6762 2915
1261 2919
3075 2922
855 2923
697 2926
4546 2929
4951 2932
1495 2933
3665 2936
5498 2938
6682 2947
1357 2953
886 2954
4912 2958
266 2959
297 2970
4907 2971
2756 2972
6423 2977
3472 2979
2130 2981
2517 2982
4663 2984
1123 2985
2641 2987
3405 2989
2157 2991
4156 2993
5414 2994
382 3007
814 3010
3408 3012
6642 3014
775 3018
1618 3019
3374 3026
4923 3027
6289 3028
6293 3041
4820 3044
2993 3046
266 3047
5482 3050
431 3053
1708 3054
5657 3057
1411 3058
11 3061
2873 3062
5127 3063
1262 3064
2815 3065
4435 3067
741 3068
4912 3069
5931 3070
3984 3071
4258 3074
3003 3078
1145 3079
4739 3081
3594 3082
4254 3086
6719 3087
3984 3089
6043 3091
1671 3092
2873 3099
6710 3103
5797 3106
2191 3107
2327 3108
2369 3109
1727 3113
3984 3114
5977 3116
1952 3117
4604 3125
594 3131
327 3137
3671 3138
4969 3140
3684 3146
755 3151
4917 3152
5103 3153
4534 3155
4530 3158
3153 3161
6557 3163
4188 3164
5602 3168
2709 3170
1995 3171
1052 3172
6501 3173
6445 3174
1703 3175
3426 3177
5330 3179
6794 3182
2928 3184
6613 3186
3849 3187
3264 3189
5526 3190
1152 3192
3580 3193
374 3195
1125 3197
6640 3198
2793 3201
2714 3203
594 3204
6861 3212
6635 3217
326 3218
1600 3229
4843 3230
5201 3233
755 3235
5067 3238
6081 3246
3155 3247
2277 3248
5902 3250
1438 3251
6227 3254
4690 3255
2491 3260
623 3264
1115 3265
5933 3266
971 3267
837 3268
2019 3270
6385 3271
3517 3275
3556 3278
3781 3290
5629 3291
292 3294
5652 3296
5189 3298
3300 3300
882 3301
4769 3302
3404 3304
3063 3305
4795 3306
18 3309
2638 3310
1166 3311
6500 3312
5138 3313
1039 3314
6638 3316
5201 3319
2429 3320
5646 3323
4178 3326
3671 3328
5414 3329
4696 3333
4497 3335
5103 3338
6076 3340
6861 3342
3343 3343
2772 3356
3358 3358
5067 3360
6039 3361
1945 3368
3627 3369
3984 3370
97 3374
2455 3375
3495 3381
6431 3385
6642 3387
856 3389
947 3390
4460 3394
977 3398
3849 3401
6299 3402
1166 3406
6224 3407
6382 3409
6306 3411
4040 3414
1588 3429
1313 3433
1083 3440
3814 3441
1653 3443
6642 3444
297 3446
4515 3450
4401 3451
3651 3452
3804 3465
3794 3469
5758 3470
1066 3473
1370 3475
1415 3476
4338 3477
2830 3478
6320 3491
6356 3492
1620 3494
4663 3498
3807 3501
932 3503
5128 3510
5748 3511
2369 3530
1929 3531
441 3539
666 3545
6306 3546
1194 3547
6642 3549
3062 3553
3986 3558
5471 3560
2023 3562
2172 3566
4225 3567
535 3570
1928 3571
6601 3573
3984 3574
2651 3577
1914 3578
1525 3579
2030 3580
2327 3581
1572 3582
2243 3588
6642 3590
4515 3591
623 3595
53 3598
4955 3599
5250 3601
4058 3602
6495 3603
500 3605
1777 3607
2120 3608
4354 3609
232 3611
4669 3612
350 3614
3735 3615
210 3618
1153 3621
3630 3622
6231 3623
816 3631
5117 3637
2273 3639
5235 3643
4393 3646
6642 3647
2089 3650
1148 3654
4384 3656
504 3657
5133 3658
4354 3659
5578 3660
4247 3661
1014 3662
4980 3663
3671 3668
3671 3671
776 3672
3827 3675
6352 3677
1588 3682
3914 3684
2928 3686
3963 3687
3727 3689
4105 3691
2928 3693
3745 3703
2171 3705
6807 3706
2248 3710
1000 3712
4000 3714
5807 3717
3794 3722
3851 3725
5250 3728
5796 3734
3764 3735
4040 3736
14 3737
3966 3744
4613 3745
4614 3746
4024 3747
5756 3750
6107 3753
948 3754
3778 3756
2515 3759
3871 3770
4892 3771
4775 3772
4138 3773
3794 3775
3776 3776
3326 3780
2304 3781
5552 3791
6369 3797
3909 3798
2593 3800
3994 3805
3837 3809
4023 3810
3684 3815
3794 3820
3990 3821
1045 3823
5500 3829
1907 3830
4847 3831
5807 3832
3860 3833
650 3839
3785 3840
3921 3841
4099 3842
5411 3843
105 3844
3953 3846
3849 3849
4834 3850
2699 3856
3859 3859
4524 3860
5369 3863
504 3864
5012 3866
4024 3868
5284 3869
3938 3872
3873 3873
4061 3877
3919 3878
4524 3879
3887 3882
4689 3886
5796 3887
6423 3889
503 3892
2248 3895
4067 3896
3708 3902
558 3903
3859 3904
4483 3905
4099 3906
3643 3908
3891 3909
2732 3911
1317 3915
2835 3916
5864 3918
4036 3921
3778 3922
4074 3923
4045 3924
6107 3931
4497 3932
3535 3934
1762 3935
4106 3939
4095 3947
4901 3948
2446 3950
6850 3951
1291 3952
4497 3954
4034 3956
1166 3961
6746 3964
3947 3966
3681 3967
1411 3969
2239 3972
3938 3974
4109 3982
3870 3983
3984 3984
3778 3988
4076 3990
6534 3991
5807 3992
4414 3997
3786 3998
3984 4000
3870 4005
3716 4006
2786 4008
164 4011
4037 4012
3767 4014
3727 4015
4015 4018
4076 4019
3444 4020
913 4023
5979 4024
5783 4025
3504 4027
3557 4031
5166 4032
4010 4034
2163 4037
2421 4038
3769 4039
3984 4040
3919 4041
3719 4044
16 4045
3827 4046
3801 4049
6425 4050
3814 4051
1014 4052
3542 4054
3820 4057
3780 4061
1014 4062
4096 4067
4901 4069
4212 4074
2846 4076
5419 4077
4524 4078
4080 4080
3865 4085
3814 4086
6820 4089
1657 4090
3029 4094
3865 4098
2835 4099
3984 4106
3898 4110
5042 4115
3859 4120
3701 4123
6216 4125
3726 4127
4420 4128
6098 4131
1277 4132
279 4134
3170 4141
855 4148
1415 4151
2845 4153
6642 4156
3861 4157
523 4158
3254 4161
6491 4162
2771 4163
1291 4164
2434 4165
5676 4169
4484 4175
453 4176
4873 4187
5482 4192
4524 4194
2044 4197
2023 4207
3227 4213
3463 4216
5881 4217
1565 4220
5354 4223
1175 4224
1715 4225
143 4226
6330 4229
1504 4232
297 4233
578 4241
2928 4244
6126 4246
3894 4248
6372 4252
393 4254
6372 4255
384 4258
2941 4261
1565 4263
535 4265
1133 4271
5885 4274
6378 4275
4690 4277
1994 4282
5864 4283
3457 4286
1700 4292
3808 4293
5123 4294
3207 4297
180 4298
5377 4300
4372 4301
397 4304
3116 4305
5043 4306
213 4307
2205 4310
4912 4311
3446 4323
6743 4328
5951 4332
4757 4333
1215 4336
3365 4337
3283 4338
5224 4342
1653 4343
5707 4344
168 4349
4238 4355
2658 4356
5821 4364
4176 4365
3143 4367
1834 4369
111 4373
3398 4376
1983 4377
2168 4378
6146 4381
2773 4387
688 4391
5101 4392
2994 4399
1251 4404
1102 4405
5887 4406
6670 4407
6231 4412
5763 4413
4414 4414
1876 4417
4370 4418
2120 4423
6297 4426
6298 4432
2205 4437
4286 4442
2721 4446
4448 4448
5756 4449
4642 4451
4175 4453
5224 4456
4095 4457
3593 4463
6235 4465
2154 4468
945 4469
370 4475
4623 4477
776 4478
3517 4480
1486 4485
4847 4491
1474 4492
1653 4493
356 4497
1314 4500
2820 4502
1797 4512
2004 4515
5767 4521
1160 4522
6723 4527
84 4529
2400 4530
1895 4531
3299 4533
4402 4534
5330 4536
5980 4538
1052 4546
6219 4549
297 4550
5255 4552
3671 4554
2655 4555
2489 4559
1662 4561
2292 4565
213 4569
6807 4571
4075 4575
1375 4581
6118 4583
1100 4590
1632 4597
2738 4601
5885 4602
1335 4603
5989 4606
956 4608
3815 4610
4414 4612
1290 4614
4265 4634
4636 4636
2549 4644
3063 4646
3631 4649
295 4651
6613 4652
680 4656
6744 4657
2277 4661
6041 4663
4964 4673
2928 4674
2631 4675
971 4677
6149 4682
309 4685
1959 4686
5968 4691
4040 4692
4230 4693
6598 4697
1024 4698
6134 4699
4178 4701
5100 4704
5620 4708
390 4714
3418 4716
741 4718
6761 4721
5783 4726
3975 4727
2124 4730
5058 4731
4120 4735
6470 4736
3161 4740
1854 4742
2072 4744
6337 4745
4784 4746
6318 4748
1786 4750
70 4754
5357 4760
4053 4763
3924 4766
3893 4775
3296 4776
4665 4777
1514 4779
1907 4782
2393 4785
5377 4794
741 4796
2567 4801
1166 4803
5968 4806
3043 4808
122 4812
5034 4813
5421 4814
4524 4818
2187 4822
901 4823
3557 4825
4892 4827
6358 4828
6771 4832
2012 4835
3374 4838
4757 4839
4082 4842
3900 4844
3671 4847
4237 4849
5433 4853
1032 4854
2184 4855
6201 4860
2147 4865
3111 4869
3697 4870
1170 4871
1512 4877
3964 4878
1542 4881
3774 4883
9 4890
1745 4892
5962 4893
4314 4900
295 4904
441 4911
6638 4912
872 4916
1015 4921
5655 4923
4605 4938
6546 4939
1032 4940
4338 4943
6213 4944
295 4953
2004 4954
128 4956
6416 4960
3373 4966
4595 4967
295 4976
5100 4979
4980 4980
154 4987
3331 4989
1972 4990
697 4991
5023 4992
4371 4994
3794 4996
5113 5000
2720 5002
3682 5007
2455 5010
3232 5014
3552 5016
6105 5019
1725 5028
2071 5038
6040 5039
3006 5041
3935 5043
1229 5045
3601 5056
3003 5058
5983 5061
5072 5065
6642 5067
1239 5069
5413 5074
6530 5075
6053 5080
1527 5084
3667 5086
356 5088
1801 5090
5307 5092
684 5093
855 5097
5611 5099
295 5100
1614 5102
5555 5104
4972 5112
5235 5115
4077 5116
1623 5117
5341 5118
684 5123
5074 5130
1215 5131
2141 5133
301 5135
3078 5138
1928 5141
177 5142
5148 5148
1780 5154
2549 5155
1370 5162
1399 5163
3018 5165
1246 5169
2236 5173
2898 5178
375 5183
1972 5184
2857 5188
2906 5190
6160 5197
693 5198
4812 5200
6704 5202
2217 5205
6298 5213
2896 5218
2211 5221
6661 5225
4000 5227
424 5228
3032 5232
4912 5233
1696 5234
5492 5236
3638 5241
4968 5251
4271 5265
1565 5267
2814 5271
1777 5272
6486 5276
2501 5277
1415 5278
3078 5283
4024 5285
5511 5292
1547 5295
1163 5298
5998 5299
3694 5302
1195 5303
1457 5307
3619 5311
1898 5314
535 5316
6055 5327
5317 5328
4435 5332
3698 5334
4414 5338
464 5339
5475 5341
1149 5342
3068 5344
2489 5345
3685 5352
3224 5358
6885 5359
4821 5360
4873 5361
3190 5364
2400 5366
5224 5373
1579 5374
1987 5375
2239 5378
4610 5384
1322 5386
4423 5388
1101 5396
3931 5397
4022 5404
6032 5405
1116 5407
4287 5409
2292 5416
1701 5417
573 5420
3208 5421
1562 5427
5768 5428
1415 5432
4340 5435
4190 5441
4122 5442
2771 5445
5612 5448
6255 5449
322 5450
6608 5457
5279 5458
297 5471
5485 5477
4500 5486
1119 5491
5715 5496
5498 5498
1990 5499
5790 5504
4312 5509
1216 5512
5620 5513
4210 5515
3631 5519
65 5521
2215 5524
2172 5526
3538 5532
6638 5538
2101 5539
5405 5540
5796 5541
1891 5544
3171 5547
5550 5550
1175 5554
6732 5555
5762 5557
292 5560
6364 5563
3041 5567
2243 5568
4892 5569
3400 5573
6861 5574
5182 5576
1989 5577
4412 5578
5596 5579
1959 5580
776 5581
3488 5582
6361 5583
3816 5584
2157 5585
965 5589
5235 5590
5343 5600
5023 5601
4076 5602
3984 5606
3696 5607
3865 5609
2841 5615
3224 5617
5148 5621
1653 5630
5788 5635
6096 5643
3571 5646
297 5647
2501 5655
2300 5656
2190 5657
88 5661
4690 5664
4769 5668
3480 5672
6745 5675
6642 5677
3077 5678
971 5684
2168 5685
6075 5686
1040 5687
3109 5690
5235 5693
4792 5694
3886 5698
3762 5700
5225 5702
5596 5706
6193 5709
757 5711
1217 5712
5039 5713
4176 5717
2772 5723
4188 5726
6849 5728
1249 5730
5632 5733
3304 5734
508 5735
2473 5738
5283 5740
3593 5743
3155 5745
1995 5748
3815 5749
3335 5750
3062 5751
4367 5754
213 5756
6742 5758
5439 5761
6560 5786
4007 5788
2168 5797
2455 5798
2326 5802
6871 5810
3403 5812
693 5813
1080 5824
2180 5825
6642 5828
4460 5833
73 5834
1415 5836
855 5837
1239 5840
2001 5843
226 5847
2441 5848
6390 5852
5855 5855
5918 5857
835 5861
6213 5868
3235 5869
2772 5870
1565 5871
697 5872
791 5876
5025 5877
3548 5878
1493 5879
5861 5881
4892 5890
2722 5896
977 5899
778 5901
2445 5902
6637 5908
232 5909
2586 5911
2304 5913
4867 5918
3063 5922
1193 5923
1262 5925
3563 5926
3772 5928
2498 5929
4040 5931
6059 5932
4031 5935
697 5936
2339 5939
2251 5941
5698 5946
704 5949
247 5950
341 5953
1994 5961
521 5962
2720 5964
4817 5969
6802 5971
5987 5977
3958 5978
6642 5979
5343 5987
4161 5989
5658 5992
416 5998
4546 6000
2468 6005
6601 6013
3646 6017
5424 6018
3192 6025
1370 6026
856 6029
2150 6031
3984 6036
6039 6039
2025 6041
5054 6042
5539 6044
2320 6051
1924 6055
5609 6056
44 6057
6188 6064
3984 6065
5927 6066
3440 6067
4847 6070
2292 6072
544 6077
968 6082
3280 6083
3443 6085
2793 6086
2026 6087
5810 6088
2178 6091
3663 6103
6140 6104
213 6105
3935 6111
5676 6112
5330 6115
3578 6127
4946 6129
1220 6131
1125 6138
5676 6140
1240 6142
5441 6143
2738 6145
973 6147
3873 6149
1565 6150
2593 6151
2480 6162
3063 6165
2367 6167
273 6175
3088 6179
3580 6180
6583 6183
5439 6184
370 6189
5337 6190
3170 6191
6180 6193
2772 6197
5034 6198
5045 6200
4656 6203
3335 6210
4571 6212
639 6213
1962 6215
348 6216
2835 6217
6493 6218
1563 6227
1907 6230
1239 6231
2983 6234
393 6235
4290 6240
3421 6241
3098 6242
3291 6248
5439 6252
298 6253
6830 6254
4886 6262
5790 6268
6213 6277
3879 6279
1415 6283
5029 6285
3103 6291
2537 6292
311 6293
4246 6295
5620 6298
5796 6305
1773 6306
4585 6310
6297 6313
4736 6317
1239 6319
1925 6322
5526 6323
789 6328
4188 6330
1995 6331
2481 6332
1657 6336
4142 6340
1220 6341
3192 6342
4656 6345
1565 6347
2961 6351
4429 6357
3057 6359
482 6364
2873 6365
4323 6375
4274 6388
3441 6393
4161 6396
6703 6398
1657 6403
875 6407
1489 6413
684 6415
3227 6416
2266 6425
5007 6427
5893 6430
1086 6431
3767 6442
3090 6444
366 6445
4480 6451
5620 6454
6056 6456
5657 6457
2993 6460
5543 6467
5093 6468
1224 6471
235 6473
1940 6477
4040 6481
6598 6482
5521 6489
2928 6494
6371 6497
2489 6498
5528 6510
350 6515
230 6517
5183 6519
947 6521
1187 6523
1201 6524
5093 6525
1280 6530
5865 6533
1700 6537
3862 6538
4824 6546
4888 6547
1687 6548
6661 6549
2337 6550
2060 6551
596 6557
6463 6558
1125 6560
3108 6564
3032 6569
3661 6571
578 6574
1125 6575
6313 6577
3359 6588
3079 6589
4076 6591
5902 6594
3413 6597
4259 6600
5393 6603
4800 6604
1579 6606
2848 6610
2760 6611
4690 6614
3346 6615
1579 6623
657 6626
3056 6627
1438 6630
3909 6631
6345 6632
3070 6634
472 6635
6446 6636
6638 6638
5730 6640
6642 6642
3746 6647
5337 6649
5847 6651
2549 6654
1149 6657
2578 6658
6358 6661
4212 6662
3580 6666
2501 6668
6832 6669
6501 6672
5420 6677
1052 6678
3794 6682
108 6685
3045 6686
2584 6688
5054 6690
1687 6691
238 6693
6642 6694
3870 6695
99 6696
424 6698
5620 6700
5550 6704
4675 6707
4423 6714
4206 6721
2455 6722
5184 6724
3028 6728
279 6729
4892 6731
1803 6732
4440 6733
741 6740
6627 6742
6215 6746
1415 6747
2050 6748
4926 6753
6594 6756
2894 6757
5927 6759
393 6762
6634 6764
5883 6765
3472 6766
288 6768
1943 6769
1998 6771
4040 6773
5061 6784
2238 6785
6702 6789
4696 6791
971 6793
6642 6799
3168 6800
1696 6801
4639 6803
5414 6804
6804 6805
3228 6809
3315 6810
1565 6811
9 6813
6170 6814
2217 6817
3079 6819
3398 6825
6514 6832
4034 6835
1249 6840
3651 6841
5448 6843
996 6848
6485 6849
1697 6854
6200 6857
3188 6860
1415 6864
6791 6871
2393 6873
1116 6874
3631 6875
3462 6877
2807 6880
5856 6887
