113 113
5659 5659
5750 5750
359 359
5519 5519
8 8
5840 5840
5594 5594
2793 2793
5508 5508
5708 5708
2792 2792
5535 5535
407 407
5511 5511
2811 2811
3861 3861
5598 5598
3499 3499
328 328
3643 3643
1906 1906
3628 3628
408 408
5845 5845
351 351
3948 3948
3576 3576
3850 3850
5950 5950
63 63
2056 2056
76 76
356 356
24 24
3936 3936
26 26
3798 3798
292 292
3588 3588
126 126
128 128
5831 5831
82 82
239 239
3547 3547
227 227
3926 3926
6257 6257
3828 3828
3856 3856
81 81
429 429
340 340
64 64
2795 2795
37 37
5514 5514
6271 6271
3922 3922
3703 3703
3833 3833
36 36
5651 5651
17 17
3521 3521
5512 5512
65 65
313 313
436 436
2289 2289
5536 5536
3825 3825
343 343
315 315
439 439
3824 3824
2783 2783
6248 6248
311 311
3702 3702
312 312
85 85
94 94
3829 3829
44 44
3777 3777
146 146
3565 3565
35 35
67 67
2490 2490
2814 2814
100 100
6267 6267
3637 3637
3932 3932
3554 3554
5464 5464
5724 5724
3546 3546
6238 6238
6057 6057
3593 3593
2799 2799
3601 3601
6264 6264
3743 3743
4 4
3053 3053
5590 5590
2136 2136
6066 6066
3602 3602
3568 3568
3596 3596
2292 2292
2511 2511
5751 5751
6275 6275
3634 3634
5635 5635
5641 5641
2779 2779
6247 6247
5674 5674
6263 6263
3516 3516
2135 2135
2118 2118
124 124
5634 5634
5445 5445
122 122
2163 2163
2493 2493
3635 3635
2044 2044
157 157
5829 5829
5542 5542
2213 2213
5721 5721
5579 5579
6058 6058
2152 2152
2498 2498
5443 5443
5933 5933
2129 2129
2150 2150
6073 6073
5522 5522
5540 5540
5932 5932
5966 5966
3567 3567
5939 5939
2175 2175
2497 2497
3705 3705
2174 2174
268 268
2167 2167
3655 3655
155 155
5944 5944
6077 6077
2164 2164
2274 2274
2775 2775
2499 2499
5630 5630
5654 5654
2052 2052
5538 5538
2367 2367
5851 5851
3657 3657
6061 6061
1983 1983
6072 6072
5632 5632
2485 2485
2 2
2375 2375
6045 6045
2389 2389
2472 2472
2193 2193
295 295
6063 6063
6062 6062
3908 3908
2484 2484
2278 2278
6079 6079
2514 2514
2505 2505
2210 2210
2261 2261
6085 6085
3704 3704
2377 2377
382 382
7 7
2007 2007
2610 2610
2124 2124
2393 2393
2613 2613
2594 2594
258 258
5686 5686
5986 5986
3816 3816
2584 2584
160 160
5985 5985
381 381
2204 2204
6095 6095
2600 2600
2181 2181
5496 5496
5982 5982
2086 2086
5745 5745
2036 2036
5981 5981
6090 6090
2145 2145
5553 5553
5488 5488
2094 2094
2509 2509
2239 2239
308 308
148 148
3906 3906
3706 3706
5988 5988
5987 5987
5666 5666
5741 5741
5446 5446
6143 6143
6147 6147
3673 3673
5526 5526
3884 3884
2280 2280
6102 6102
3670 3670
5646 5646
5645 5645
6136 6136
376 376
5855 5855
6139 6139
6005 6005
2288 2288
6108 6108
5997 5997
5494 5494
2254 2254
158 158
2699 2699
374 374
5915 5915
3644 3644
2250 2250
2715 2715
5484 5484
3840 3840
5869 5869
6154 6154
5991 5991
6160 6160
2413 2413
2202 2202
2441 2441
2701 2701
2685 2685
6119 6119
2457 2457
5549 5549
5644 5644
6162 6162
2432 2432
5714 5714
3941 3941
3050 3050
468 468
2743 2743
2636 2636
2639 2639
2643 2643
372 372
1778 1778
2684 2684
464 464
5740 5740
6039 6039
472 472
2688 2688
369 369
5706 5706
5734 5734
2644 2644
2233 2233
533 533
5521 5521
5802 5802
2652 2652
2711 2711
466 466
214 214
1774 1774
492 492
2279 2279
2677 2677
558 558
552 552
153 153
2648 2648
5233 5233
507 507
2436 2436
285 285
5679 5679
203 203
2533 2533
3782 3782
2272 2272
2662 2662
2671 2671
546 546
3487 3487
2691 2691
560 560
524 524
2646 2646
2550 2550
6163 6163
5743 5743
521 521
199 199
3986 3986
2031 2031
3690 3690
6010 6010
2663 2663
3692 3692
3489 3489
3965 3965
2018 2018
537 537
5989 5989
2573 2573
5567 5567
2017 2017
5793 5793
4023 4023
494 494
4014 4014
6023 6023
5806 5806
2733 2733
2534 2534
2014 2014
5783 5783
5560 5560
6002 6002
4045 4045
5762 5762
387 387
2216 2216
4036 4036
4048 4048
5778 5778
3727 3727
583 583
5767 5767
2230 2230
515 515
163 163
5777 5777
2302 2302
6170 6170
3978 3978
4066 4066
2299 2299
2423 2423
2437 2437
3979 3979
2427 2427
2296 2296
4038 4038
538 538
3684 3684
3811 3811
4013 4013
2295 2295
5897 5897
3980 3980
2331 2331
2297 2297
4035 4035
2241 2241
151 151
3990 3990
5609 5609
215 215
2206 2206
5799 5799
5886 5886
5880 5880
2097 2097
2317 2317
5813 5813
2467 2467
2468 2468
2112 2112
3728 3728
5563 5563
5878 5878
2244 2244
2448 2448
5923 5923
5775 5775
5814 5814
4058 4058
3892 3892
2348 2348
2435 2435
271 271
3738 3738
5406 5406
2308 2308
226 226
5928 5928
1919 1919
1918 1918
2724 2724
2019 2019
2089 2089
4799 4799
5403 5403
2751 2751
5896 5896
5782 5782
4789 4789
2719 2719
3809 3809
4709 4709
2718 2718
1227 1227
2324 2324
2728 2728
5409 5409
1916 1916
5927 5927
6225 6225
2306 2306
4900 4900
5412 5412
1700 1700
2753 2753
1570 1570
1912 1912
1600 1600
6817 6817
4651 4651
4649 4649
4367 4367
3135 3135
390 390
6762 6762
1966 1966
6739 6739
6187 6187
1498 1498
1571 1571
1625 1625
1568 1568
1949 1949
3737 3737
2101 2101
1576 1576
6778 6778
1687 1687
2873 2873
6827 6827
5047 5047
3812 3812
6750 6750
6862 6862
5053 5053
5156 5156
1913 1913
936 936
6788 6788
6830 6830
5211 5211
4705 4705
5028 5028
6853 6853
1140 1140
5438 5438
6212 6212
6865 6865
1939 1939
5039 5039
6727 6727
1695 1695
6842 6842
4760 4760
6859 6859
1977 1977
5051 5051
6856 6856
3674 3674
1452 1452
1559 1559
1614 1614
5058 5058
5069 5069
5198 5198
6733 6733
1689 1689
1595 1595
1598 1598
6610 6610
1618 1618
1573 1573
2318 2318
6848 6848
933 933
5056 5056
6712 6712
1586 1586
6731 6731
3367 3367
3168 3168
6678 6678
880 880
3381 3381
1534 1534
6605 6605
6850 6850
1557 1557
1647 1647
1660 1660
5041 5041
6785 6785
1628 1628
6723 6723
1161 1161
1579 1579
1137 1137
4987 4987
3172 3172
6844 6844
5374 5374
3368 3368
6683 6683
6807 6807
1725 1725
6631 6631
6766 6766
5078 5078
6725 6725
1655 1655
6626 6626
3201 3201
5378 5378
3063 3063
1638 1638
3278 3278
6824 6824
6767 6767
3765 3765
5095 5095
6595 6595
6662 6662
1588 1588
1515 1515
5076 5076
6666 6666
6623 6623
1275 1275
5221 5221
1683 1683
3228 3228
4623 4623
6663 6663
1619 1619
6657 6657
3195 3195
3414 3414
6706 6706
3766 3766
1661 1661
6190 6190
3372 3372
2243 2243
1634 1634
3169 3169
3376 3376
3076 3076
3283 3283
5080 5080
3099 3099
6574 6574
6643 6643
6644 6644
1044 1044
5086 5086
1657 1657
3196 3196
3182 3182
4428 4428
3439 3439
6533 6533
1396 1396
1649 1649
3440 3440
3373 3373
247 247
4174 4174
3290 3290
3067 3067
1279 1279
5193 5193
2821 2821
5152 5152
6577 6577
1010 1010
766 766
1055 1055
1637 1637
400 400
3764 3764
4688 4688
5205 5205
3223 3223
1043 1043
3688 3688
3317 3317
4336 4336
652 652
3177 3177
3330 3330
6587 6587
3090 3090
6332 6332
1254 1254
4454 4454
3120 3120
3334 3334
3325 3325
1255 1255
3445 3445
1787 1787
2912 2912
3098 3098
5117 5117
4329 4329
1073 1073
2910 2910
2856 2856
2929 2929
5314 5314
6563 6563
3383 3383
3320 3320
3077 3077
4431 4431
5130 5130
3292 3292
4359 4359
1788 1788
6800 6800
1833 1833
3246 3246
3148 3148
6693 6693
6317 6317
1704 1704
802 802
843 843
1499 1499
3249 3249
3319 3319
4256 4256
3112 3112
1178 1178
844 844
3298 3298
1168 1168
5349 5349
1460 1460
830 830
6315 6315
4729 4729
6482 6482
993 993
1167 1167
2853 2853
3036 3036
1048 1048
1018 1018
6479 6479
6530 6530
4358 4358
4443 4443
4328 4328
965 965
4240 4240
4158 4158
4391 4391
4687 4687
4337 4337
2833 2833
4794 4794
3044 3044
4389 4389
6475 6475
1409 1409
1458 1458
3333 3333
5163 5163
5101 5101
1791 1791
3020 3020
691 691
4736 4736
3109 3109
4966 4966
3460 3460
767 767
3107 3107
6288 6288
2989 2989
5100 5100
1379 1379
677 677
597 597
5116 5116
788 788
1175 1175
4545 4545
1784 1784
648 648
1071 1071
6589 6589
1369 1369
1170 1170
1122 1122
5244 5244
4286 4286
4285 4285
5252 5252
1173 1173
1025 1025
2914 2914
3043 3043
808 808
4361 4361
927 927
721 721
5287 5287
2967 2967
3386 3386
1311 1311
4335 4335
5203 5203
1003 1003
4968 4968
3039 3039
3078 3078
968 968
5124 5124
1883 1883
4412 4412
4084 4084
5125 5125
3134 3134
610 610
1382 1382
6538 6538
4284 4284
967 967
926 926
5251 5251
4564 4564
6356 6356
4621 4621
6529 6529
6546 6546
4538 4538
1737 1737
4814 4814
4653 4653
1125 1125
4383 4383
3064 3064
1132 1132
4392 4392
975 975
4629 4629
4934 4934
1023 1023
1421 1421
1200 1200
1904 1904
1795 1795
1391 1391
1033 1033
5143 5143
2834 2834
4962 4962
3026 3026
4951 4951
1505 1505
2969 2969
1670 1670
4442 4442
4744 4744
4716 4716
882 882
4119 4119
6509 6509
5281 5281
1796 1796
6557 6557
829 829
4148 4148
6410 6410
4894 4894
4607 4607
4543 4543
4550 4550
4612 4612
6872 6872
3508 3508
901 901
1135 1135
3501 3501
4747 4747
2819 2819
4372 4372
4628 4628
5250 5250
1005 1005
5106 5106
3137 3137
4804 4804
705 705
6510 6510
4478 4478
1323 1323
4237 4237
1265 1265
4340 4340
4338 4338
4455 4455
6561 6561
4950 4950
897 897
3500 3500
855 855
4808 4808
6486 6486
4918 4918
4816 4816
2897 2897
2898 2898
4371 4371
6389 6389
955 955
4883 4883
4299 4299
4641 4641
4615 4615
2927 2927
6282 6282
4552 4552
1520 1520
4663 4663
4493 4493
1293 1293
1236 1236
1113 1113
3502 3502
3234 3234
970 970
999 999
3242 3242
4533 4533
4936 4936
4672 4672
5262 5262
4873 4873
860 860
4452 4452
4437 4437
4806 4806
1203 1203
4912 4912
4142 4142
6381 6381
4118 4118
857 857
4317 4317
3511 3511
914 914
6302 6302
4149 4149
2971 2971
5166 5166
4369 4369
4528 4528
6444 6444
693 693
4153 4153
3029 3029
2881 2881
6554 6554
1875 1875
688 688
5225 5225
2877 2877
6327 6327
4486 4486
2844 2844
4573 4573
1529 1529
973 973
4470 4470
4282 4282
4909 4909
6426 6426
1478 1478
875 875
4502 4502
1454 1454
1417 1417
1327 1327
1864 1864
3080 3080
1755 1755
2845 2845
944 944
5265 5265
3495 3495
4922 4922
3094 3094
1769 1769
6874 6874
4297 4297
4698 4698
2885 2885
1326 1326
4846 4846
4817 4817
1091 1091
4571 4571
1118 1118
1112 1112
4517 4517
3155 3155
6573 6573
1758 1758
4985 4985
884 884
4166 4166
3150 3150
6566 6566
6396 6396
2880 2880
4999 4999
957 957
1093 1093
1464 1464
1144 1144
764 764
1838 1838
2936 2936
6567 6567
4941 4941
4224 4224
2866 2866
