2180 1
2 2
5961 3
4 4
2015 6
7 7
8 8
1457 13
1673 14
3982 15
1077 16
17 17
3930 22
1153 23
24 24
26 26
4961 27
3345 28
4 29
1955 32
4310 33
35 35
36 36
37 37
5137 39
4100 40
6291 41
44 44
6842 45
2926 51
3930 55
3095 56
702 61
4149 62
63 63
64 64
65 65
67 67
2486 71
335 72
5149 74
76 76
2259 77
80 78
1412 79
2227 80
81 81
82 82
6296 83
85 85
5397 87
2813 90
5314 92
5795 93
94 94
1545 95
5858 96
2417 97
100 100
75 107
1397 109
113 113
6604 114
6488 115
2594 116
902 118
5497 119
4098 121
122 122
124 124
126 126
6427 127
128 128
5594 130
1620 132
1424 133
6869 134
4267 135
431 137
5571 140
4270 144
146 146
3125 147
148 148
2527 149
2101 150
151 151
2144 152
153 153
155 155
2300 156
157 157
158 158
160 160
1966 161
163 163
2969 168
1700 171
1153 174
6796 176
679 179
5645 180
5252 185
5482 186
6651 188
648 191
6663 192
5528 193
411 195
5291 196
4514 198
199 199
1220 200
6577 201
203 203
5852 204
2205 209
5225 210
5137 212
3325 213
214 214
215 215
4409 218
6731 220
2535 221
4900 223
226 226
227 227
1424 236
4197 238
239 239
3753 245
231 246
247 247
4301 251
1088 254
2074 255
258 258
335 259
4866 261
1643 263
1966 264
4744 266
2370 267
268 268
271 271
3397 273
3546 276
6604 278
3494 280
952 284
285 285
1457 290
292 292
295 295
4489 296
1254 301
2678 306
308 308
4165 310
311 311
312 312
313 313
5742 314
315 315
2108 317
1836 319
5684 321
323 323
1955 324
884 325
1420 327
328 328
6005 329
5482 331
170 333
70 334
5368 335
4864 339
340 340
343 343
5128 344
4504 347
1128 350
351 351
5011 354
356 356
1119 358
359 359
1484 360
2792 362
659 363
1901 365
1290 366
369 369
372 372
374 374
3507 375
376 376
2214 380
381 381
382 382
3173 383
5885 386
387 387
2217 388
176 389
390 390
4499 393
563 394
6346 399
400 400
6843 403
3299 405
407 407
408 408
4452 409
1764 419
429 429
893 434
436 436
6735 437
439 439
5862 442
2889 447
3844 449
3102 457
3522 458
2266 463
464 464
466 466
468 468
6576 471
472 472
1259 473
2057 475
1527 480
5297 483
5842 485
372 488
492 492
494 494
2963 495
5076 499
507 507
6678 511
3806 512
515 515
3202 516
1357 519
521 521
6177 523
524 524
2782 527
2618 528
533 533
2739 536
537 537
538 538
1050 543
1369 544
6356 545
546 546
2884 548
6346 549
5517 550
552 552
4178 554
558 558
560 560
6168 564
3656 566
570 570
3320 572
1643 574
6654 575
6588 576
5183 578
6285 580
1018 582
583 583
5323 585
3638 586
4882 590
591 591
4267 593
5180 594
597 597
2929 598
6236 599
4485 601
602 602
603 603
2631 607
2035 608
6783 609
610 610
5732 611
845 613
615 615
4614 616
2054 619
620 620
857 622
1341 629
146 631
6396 633
5278 634
636 636
2617 642
1370 643
3579 645
648 648
1868 649
652 652
3109 656
6409 661
4100 665
902 669
594 671
6679 673
674 674
4198 676
677 677
335 684
146 687
688 688
691 691
693 693
6843 695
4037 697
5881 699
705 705
713 713
721 721
1082 722
1742 724
2792 725
3823 726
2015 730
571 735
739 739
604 752
754 754
1768 757
758 758
5096 759
764 764
766 766
767 767
181 768
4629 769
773 773
778 778
3766 779
1553 782
783 783
3667 786
788 788
2404 789
4421 790
2814 791
4614 792
1389 799
673 800
802 802
2151 803
1202 805
808 808
4267 811
2278 812
307 815
818 818
1903 819
6291 821
3235 823
227 824
2108 827
829 829
830 830
2651 835
2876 836
6087 837
4964 838
3283 841
843 843
844 844
6010 845
4486 846
4116 852
855 855
5677 856
857 857
860 860
3118 861
5597 869
2994 873
875 875
2618 877
880 880
881 881
882 882
884 884
1668 887
6768 888
4345 890
2164 891
3920 893
1133 895
4948 896
897 897
3404 898
3874 900
901 901
6712 902
3283 903
5927 905
3221 907
6584 911
914 914
1669 917
2489 918
2041 919
5631 921
2164 923
4149 924
926 926
927 927
5 929
933 933
936 936
125 938
2717 941
2509 942
3774 943
944 944
6579 945
630 948
2370 949
4915 950
2470 952
1723 953
955 955
3138 956
957 957
4333 958
5941 962
1565 963
965 965
4724 966
967 967
968 968
970 970
635 971
973 973
4267 974
975 975
3712 976
4142 978
4377 981
5149 982
2205 983
115 985
283 986
4337 987
4821 989
6433 990
569 992
993 993
1520 994
5862 995
1878 996
5119 997
999 999
5729 1000
1003 1003
4124 1004
1005 1005
1363 1007
681 1008
250 1009
1010 1010
4105 1011
325 1012
5262 1015
1018 1018
3661 1019
5149 1020
1023 1023
1025 1025
5634 1029
1033 1033
1353 1036
5601 1038
2165 1039
1043 1043
1044 1044
1591 1045
1048 1048
2523 1049
6604 1053
1055 1055
2792 1058
696 1061
6153 1062
381 1064
4100 1065
369 1068
1071 1071
1073 1073
3730 1074
4948 1075
2679 1078
5019 1087
3223 1089
1091 1091
1093 1093
5906 1094
2614 1096
6125 1100
3376 1101
2919 1103
3638 1106
5042 1107
3571 1111
1112 1112
1113 1113
3346 1114
396 1116
1118 1118
575 1119
3283 1121
1122 1122
1125 1125
25 1130
6688 1131
1132 1132
2471 1133
1135 1135
1137 1137
1140 1140
1508 1141
1244 1143
1144 1144
1119 1154
1439 1156
4864 1158
1422 1159
4166 1160
1161 1161
1163 1163
1164 1164
1167 1167
1168 1168
1170 1170
1173 1173
4289 1174
1175 1175
6708 1177
1178 1178
2419 1183
3189 1187
5130 1188
1088 1189
4267 1192
394 1193
4007 1194
1199 1199
1200 1200
5046 1201
4684 1202
1203 1203
2606 1204
954 1205
4972 1209
6291 1215
4587 1218
2759 1226
1227 1227
2884 1230
4849 1235
1236 1236
1017 1241
6180 1243
1245 1245
1380 1246
6604 1247
3754 1248
1277 1251
4584 1252
1254 1254
1255 1255
3494 1256
1258 1258
3675 1263
6835 1264
1265 1265
2984 1267
6858 1269
2881 1270
6738 1271
4614 1272
1275 1275
2832 1276
1279 1279
748 1281
1283 1283
5421 1288
2012 1289
6840 1290
1293 1293
1410 1295
4612 1300
6200 1306
1112 1307
6039 1308
1043 1310
1311 1311
2202 1315
1494 1321
115 1322
1323 1323
1326 1326
1327 1327
742 1331
571 1333
3309 1338
1334 1342
6119 1350
1320 1351
121 1352
3223 1354
6388 1355
1356 1356
932 1358
62 1359
361 1361
1369 1369
673 1371
1463 1372
1379 1379
4773 1381
1382 1382
1386 1386
1387 1387
1546 1390
1391 1391
1393 1393
1396 1396
1399 1399
1402 1402
1457 1405
4863 1408
1409 1409
1417 1417
1419 1419
6113 1420
1421 1421
5344 1425
3717 1427
568 1431
5829 1433
1880 1435
4050 1437
1438 1438
6631 1439
2829 1440
2003 1445
5556 1448
2718 1451
1452 1452
1454 1454
1916 1456
1865 1457
1458 1458
1460 1460
4345 1463
1464 1464
3401 1467
3395 1468
699 1470
2584 1474
2951 1476
1478 1478
6755 1480
1482 1482
2101 1483
1548 1484
4267 1485
4267 1486
1320 1488
1809 1492
5526 1495
1498 1498
1499 1499
3137 1500
2328 1501
3779 1502
1503 1503
1505 1505
1506 1506
2969 1508
424 1510
3436 1514
1515 1515
4116 1516
1520 1520
1545 1521
1259 1523
1539 1524
1461 1528
1529 1529
4267 1530
1534 1534
1537 1537
1538 1538
4219 1541
6136 1543
1544 1544
5219 1546
5190 1551
1544 1552
2124 1556
1557 1557
1559 1559
6593 1562
505 1567
1568 1568
1570 1570
1571 1571
1101 1572
1573 1573
5408 1575
1576 1576
1010 1577
4125 1578
1579 1579
5241 1583
5096 1585
1586 1586
1588 1588
2693 1589
2650 1592
1595 1595
1598 1598
6013 1599
1600 1600
712 1601
2015 1602
3586 1603
4874 1608
6308 1610
4799 1611
1614 1614
3517 1617
1618 1618
1619 1619
1243 1620
212 1621
1625 1625
6079 1627
1628 1628
3118 1632
6072 1633
1634 1634
6111 1635
1637 1637
1638 1638
5390 1639
6604 1640
2328 1641
4584 1642
3410 1643
5317 1645
1647 1647
1680 1648
1649 1649
2715 1652
2184 1654
1655 1655
1657 1657
1660 1660
1661 1661
6835 1667
3856 1669
1670 1670
2716 1671
1814 1673
6010 1674
5039 1676
1306 1678
5294 1680
148 1681
1683 1683
2649 1684
5926 1686
1687 1687
3024 1688
1689 1689
6047 1690
3111 1694
1695 1695
5309 1698
1700 1700
3655 1703
1704 1704
2811 1707
1708 1708
1712 1712
5370 1714
1720 1720
5801 1722
1725 1725
242 1727
5656 1728
3648 1729
4018 1730
1683 1733
3535 1736
1737 1737
1194 1738
4693 1741
6618 1742
2046 1745
1746 1746
1749 1749
4869 1751
1753 1753
1755 1755
4267 1756
4584 1757
1758 1758
1759 1759
4490 1760
1761 1761
4845 1763
1505 1764
1119 1767
1308 1768
1769 1769
4439 1771
4534 1772
611 1773
1774 1774
3401 1775
1778 1778
2295 1780
1784 1784
4367 1785
1659 1786
1787 1787
1788 1788
1791 1791
5182 1793
1795 1795
1796 1796
718 1797
1748 1800
1195 1801
424 1802
6654 1810
4736 1814
2419 1816
2514 1821
2069 1823
897 1824
2810 1827
1259 1828
3190 1831
6657 1832
1833 1833
1838 1838
4792 1841
4837 1843
1285 1848
1850 1850
4197 1851
4593 1855
2266 1857
3712 1859
1860 1860
3616 1861
1862 1862
1864 1864
6517 1868
1874 1874
1875 1875
1876 1876
6459 1877
1878 1878
944 1880
1881 1881
1836 1882
1883 1883
3130 1885
2114 1888
5527 1890
4724 1891
3552 1893
2217 1894
801 1896
1897 1897
5814 1903
1904 1904
1906 1906
1912 1912
1913 1913
1916 1916
3404 1917
1918 1918
1919 1919
6544 1922
1825 1927
3943 1928
6766 1929
155 1933
1939 1939
5980 1940
1597 1941
5768 1943
2678 1945
1949 1949
2939 1951
4360 1955
2279 1961
1966 1966
3193 1969
2227 1972
5257 1973
1977 1977
1781 1980
2499 1982
1983 1983
6868 1984
3279 1985
6837 1987
6342 1989
3569 1990
4105 1996
4409 1998
3672 1999
887 2000
1334 2005
4939 2006
2007 2007
3704 2008
3494 2009
1956 2010
5949 2011
2004 2013
2014 2014
1935 2015
4920 2016
2017 2017
2018 2018
2019 2019
2151 2029
5130 2030
2031 2031
1019 2032
2178 2035
2036 2036
2101 2037
2792 2038
6509 2039
3414 2040
1545 2041
2792 2042
5652 2043
2044 2044
2245 2045
6738 2047
2664 2048
4806 2049
2052 2052
3816 2055
2056 2056
5378 2061
5110 2067
5019 2068
6113 2069
5526 2073
3628 2074
556 2076
4100 2078
796 2079
3356 2082
1119 2085
2086 2086
2752 2087
5677 2088
2089 2089
586 2091
1796 2093
2094 2094
2097 2097
1572 2098
35 2099
3565 2100
2101 2101
2103 2103
2848 2104
2105 2105
2631 2109
2580 2110
2112 2112
4476 2113
4940 2114
1771 2116
2118 2118
5799 2119
556 2120
5482 2121
2124 2124
933 2127
2129 2129
4975 2130
115 2133
2135 2135
2136 2136
5433 2144
2145 2145
4618 2146
59 2147
2150 2150
6617 2151
2152 2152
3422 2154
2673 2157
4584 2158
2163 2163
2164 2164
2167 2167
3720 2171
2174 2174
2175 2175
2181 2181
4776 2184
1412 2185
6384 2190
3680 2192
2193 2193
1259 2194
2393 2195
5852 2197
5076 2200
3535 2201
2202 2202
2204 2204
2206 2206
2210 2210
3421 2211
2213 2213
1438 2214
2216 2216
3410 2218
4987 2220
4550 2223
6017 2225
1955 2227
2230 2230
4874 2231
5 2232
2233 2233
4267 2235
2716 2236
578 2237
2239 2239
4476 2240
2241 2241
2243 2243
2244 2244
4149 2245
2904 2246
2250 2250
2773 2251
4970 2252
2254 2254
5962 2255
1634 2256
2261 2261
2949 2262
3579 2265
4864 2269
3057 2270
2272 2272
5375 2273
2274 2274
790 2277
2278 2278
2279 2279
2280 2280
5221 2282
2286 2286
2288 2288
2289 2289
6332 2290
5375 2291
2292 2292
1494 2293
2231 2294
2295 2295
2296 2296
2297 2297
6667 2298
2299 2299
2302 2302
954 2303
5005 2305
2306 2306
2308 2308
2533 2316
2317 2317
2318 2318
6431 2319
5786 2320
2321 2321
3611 2322
2324 2324
5683 2325
1753 2326
2331 2331
5200 2335
6675 2338
4913 2339
5075 2340
2678 2345
4614 2347
2348 2348
3886 2349
6196 2351
4824 2352
1723 2353
6171 2356
4497 2357
4773 2359
2994 2360
954 2361
3039 2362
2101 2365
3611 2366
2367 2367
4267 2369
5913 2370
2782 2373
2375 2375
2377 2377
4328 2381
4992 2383
378 2384
978 2388
2389 2389
2393 2393
934 2394
5858 2399
6236 2402
4568 2406
4584 2410
699 2411
2413 2413
690 2415
962 2416
2423 2423
1617 2424
2427 2427
4463 2429
2432 2432
2435 2435
2436 2436
2437 2437
1531 2438
424 2439
2441 2441
6662 2442
4294 2444
2448 2448
5347 2449
3720 2450
311 2454
2457 2457
5220 2458
5621 2460
1386 2461
1113 2463
1748 2464
3418 2466
2467 2467
2468 2468
5927 2469
6856 2470
2472 2472
4864 2474
2955 2478
5513 2479
2932 2480
2484 2484
2485 2485
1645 2486
3907 2489
2490 2490
533 2492
2493 2493
3611 2494
6604 2495
5076 2496
2497 2497
2498 2498
2499 2499
3116 2500
554 2501
6733 2502
2505 2505
6417 2507
2711 2508
2509 2509
4345 2510
2511 2511
6861 2512
4267 2513
2514 2514
1365 2518
6604 2520
1761 2523
2304 2524
6296 2525
1668 2527
2533 2533
2534 2534
5561 2535
2060 2537
3363 2541
3373 2545
1643 2546
538 2548
2550 2550
1742 2555
468 2559
6713 2560
5440 2566
5601 2568
121 2569
2573 2573
954 2574
4912 2575
4868 2578
127 2581
6357 2583
2584 2584
1028 2585
5621 2590
3688 2591
2097 2593
2594 2594
2375 2596
4964 2598
2879 2599
2600 2600
4448 2606
3587 2609
2610 2610
2613 2613
6278 2614
4283 2620
6693 2629
5732 2630
6658 2631
4485 2633
3355 2635
2636 2636
2639 2639
2643 2643
2644 2644
5302 2645
2646 2646
2648 2648
3851 2650
3853 2651
2652 2652
2845 2654
1346 2655
4267 2657
4791 2660
2662 2662
2663 2663
4100 2665
5621 2666
2671 2671
5706 2675
271 2676
2677 2677
5906 2678
6604 2680
266 2681
3223 2682
2684 2684
2685 2685
2688 2688
4579 2690
2691 2691
43 2692
5564 2693
1544 2695
1848 2696
4379 2698
2699 2699
2701 2701
3344 2709
2711 2711
2063 2714
2715 2715
1172 2716
2718 2718
2719 2719
3904 2720
2724 2724
3578 2726
2728 2728
1836 2730
6819 2731
2733 2733
964 2735
1077 2736
335 2737
2743 2743
2007 2744
3935 2747
4549 2748
2751 2751
723 2752
2753 2753
62 2754
1645 2756
1643 2757
6835 2759
3571 2762
2548 2765
1088 2767
4271 2768
180 2769
6651 2774
2775 2775
1730 2776
1311 2778
2779 2779
2783 2783
4105 2788
4920 2790
2792 2792
2793 2793
1998 2794
2795 2795
2799 2799
2444 2801
2866 2802
2869 2805
2270 2806
2807 2807
6201 2809
2811 2811
5926 2812
2814 2814
2815 2815
6435 2816
42 2818
2819 2819
2821 2821
5130 2826
1545 2828
5528 2829
2831 2831
6171 2832
2833 2833
2834 2834
2839 2839
723 2840
3727 2841
1748 2842
6711 2843
2844 2844
2845 2845
4037 2846
1878 2848
2853 2853
6714 2855
2856 2856
3682 2857
2193 2858
2012 2859
1690 2861
2490 2863
748 2864
6175 2865
2866 2866
4779 2867
1370 2870
1983 2872
2873 2873
4184 2874
2877 2877
4074 2878
2880 2880
2881 2881
3174 2882
2884 2884
2885 2885
262 2886
2887 2887
1329 2889
2892 2892
3364 2894
4345 2896
2897 2897
2898 2898
4675 2902
3516 2903
2905 2905
6102 2906
2101 2907
2910 2910
2101 2911
2912 2912
2914 2914
2004 2915
1643 2918
3154 2922
855 2923
4920 2924
801 2926
2927 2927
2929 2929
5714 2933
2936 2936
6577 2938
4687 2941
2942 2942
4590 2944
1382 2945
5076 2948
6308 2951
447 2953
4614 2954
6073 2958
1083 2962
2963 2963
127 2964
2967 2967
2969 2969
2971 2971
4853 2972
1989 2973
1975 2974
5076 2976
2979 2979
1083 2982
2984 2984
4530 2985
2989 2989
2883 2990
2992 2992
2994 2994
5623 2996
5520 2997
6317 2999
3000 3000
3001 3001
3003 3003
3004 3004
3006 3006
4069 3007
1176 3008
2227 3009
4528 3011
4729 3012
3020 3020
5780 3023
3026 3026
3029 3029
3680 3033
4267 3034
3036 3036
5724 3037
1032 3038
3039 3039
4233 3041
3043 3043
3044 3044
3050 3050
739 3052
3053 3053
4970 3054
4232 3057
4682 3062
3063 3063
3064 3064
3067 3067
1816 3070
3076 3076
3077 3077
3078 3078
3080 3080
6663 3081
815 3087
4568 3089
3090 3090
3761 3091
3094 3094
3098 3098
3099 3099
2994 3101
3517 3102
5652 3103
157 3104
2388 3106
3107 3107
5913 3108
3109 3109
2972 3111
3112 3112
3571 3113
2410 3114
2331 3115
2903 3116
2484 3117
2484 3119
3120 3120
1880 3124
3812 3125
3927 3128
261 3130
5400 3131
5250 3132
3134 3134
3135 3135
3137 3137
2756 3139
5106 3142
6696 3143
5266 3146
5835 3147
3148 3148
577 3149
3150 3150
119 3151
5526 3153
5309 3154
3155 3155
4622 3156
5302 3158
5206 3159
4555 3160
2299 3163
1553 3167
3168 3168
3169 3169
1828 3170
5982 3171
3172 3172
1544 3173
1934 3175
3177 3177
5250 3178
3182 3182
1870 3184
4649 3186
1088 3187
6783 3188
5458 3190
6632 3191
370 3192
3747 3193
3195 3195
3196 3196
3201 3201
6291 3202
199 3204
2792 3205
222 3207
284 3213
1193 3217
3223 3223
1 3225
3228 3228
2417 3232
1527 3233
3234 3234
5086 3235
484 3239
3134 3241
3242 3242
5634 3244
6884 3245
3246 3246
3249 3249
5762 3252
4118 3254
176 3256
1176 3257
3761 3259
1195 3260
5698 3261
5130 3266
5166 3269
5035 3271
1306 3274
4023 3275
1357 3276
3278 3278
6079 3280
1611 3281
6298 3282
3283 3283
1811 3284
5608 3285
3102 3287
929 3288
3290 3290
3292 3292
1357 3294
1723 3297
3298 3298
2759 3299
4917 3303
6102 3304
679 3308
3587 3311
3733 3314
1463 3315
3317 3317
3319 3319
3320 3320
5086 3323
3325 3325
1723 3328
1369 3329
3330 3330
1468 3332
3333 3333
3334 3334
3154 3336
2140 3338
6291 3339
1817 3340
1643 3341
6308 3345
2 3348
6288 3350
191 3354
5172 3355
1950 3356
3946 3357
2340 3362
6486 3365
3367 3367
3368 3368
3372 3372
3373 3373
3376 3376
3381 3381
3383 3383
6694 3384
3386 3386
6423 3388
1399 3391
4267 3392
2147 3395
6845 3400
567 3402
5446 3403
3680 3404
1712 3405
2678 3409
1955 3412
3414 3414
3618 3417
3877 3421
2511 3425
6537 3429
3102 3430
1203 3434
1634 3438
3439 3439
3440 3440
2101 3443
3445 3445
1755 3449
511 3450
5086 3452
3656 3453
2885 3456
4350 3458
5298 3459
3460 3460
3609 3462
1773 3464
3044 3469
5799 3474
643 3476
6296 3478
6413 3482
1520 3484
6654 3486
3487 3487
3489 3489
2668 3492
1591 3493
3495 3495
3702 3496
2500 3497
3499 3499
3500 3500
3501 3501
3502 3502
5053 3504
2687 3505
6177 3507
3508 3508
6814 3510
3511 3511
1565 3513
3516 3516
5597 3517
4469 3519
2148 3520
3521 3521
6287 3525
6776 3527
689 3529
5750 3530
1983 3531
3546 3546
3547 3547
6792 3548
5677 3549
3554 3554
2232 3555
1544 3556
792 3558
6858 3559
169 3561
272 3562
127 3564
3565 3565
3567 3567
3568 3568
4267 3570
4205 3571
3092 3572
1643 3573
2328 3574
3576 3576
2005 3577
1527 3578
2960 3579
2300 3581
2364 3582
4837 3584
3588 3588
3188 3591
3593 3593
3299 3595
3596 3596
1457 3598
3601 3601
3602 3602
1442 3603
4149 3608
1836 3610
2349 3615
1173 3617
1545 3619
2393 3627
3628 3628
1360 3629
5163 3631
3634 3634
3635 3635
3637 3637
3643 3643
3644 3644
556 3647
4705 3649
556 3653
3655 3655
2060 3656
3657 3657
1916 3661
4230 3667
3670 3670
3673 3673
3674 3674
1139 3678
5519 3679
2904 3683
3684 3684
2792 3686
2506 3687
3688 3688
3690 3690
3692 3692
5526 3693
1356 3695
3362 3696
3298 3698
1465 3699
3702 3702
3703 3703
3704 3704
3705 3705
3706 3706
4267 3708
3061 3709
5024 3710
3410 3712
3401 3713
4980 3717
3718 3718
3723 3723
431 3725
3727 3727
3728 3728
3730 3730
3103 3731
5302 3733
242 3734
228 3735
3737 3737
3738 3738
3743 3743
1529 3745
5206 3746
1387 3747
5650 3748
1027 3753
4223 3754
4864 3755
2125 3756
1494 3758
2753 3763
3764 3764
3765 3765
3766 3766
4948 3772
356 3776
3777 3777
600 3779
3782 3782
5081 3789
3078 3790
1337 3791
6564 3792
5676 3796
6459 3797
3798 3798
1119 3803
722 3808
3809 3809
3811 3811
3812 3812
3816 3816
2328 3817
151 3823
3824 3824
3825 3825
995 3826
6087 3827
3828 3828
3829 3829
1698 3831
3833 3833
3720 3837
2101 3838
3840 3840
2527 3841
153 3842
3499 3846
283 3847
6616 3849
3850 3850
5640 3851
6127 3852
3028 3853
1837 3854
3856 3856
301 3857
4468 3859
4584 3860
3861 3861
4402 3864
6616 3865
4189 3866
673 3867
62 3868
2869 3869
5926 3871
4972 3875
3883 3883
3884 3884
1972 3886
2400 3888
5291 3890
3892 3892
4663 3893
3381 3899
601 3900
2550 3901
1461 3902
3906 3906
3908 3908
4440 3909
2400 3913
6236 3914
4417 3917
4267 3918
88 3919
2776 3921
3922 3922
2107 3923
1456 3925
3926 3926
6486 3929
3644 3930
4350 3931
3932 3932
5963 3934
3936 3936
3941 3941
5768 3942
4497 3943
3948 3948
4377 3951
2687 3952
2034 3955
3960 3956
5732 3964
3965 3965
5130 3967
260 3969
6604 3970
2101 3972
2599 3975
3978 3978
3979 3979
3980 3980
70 3981
247 3983
1166 3984
3986 3986
6102 3987
1629 3988
5119 3989
3990 3990
4425 3991
1088 3993
3343 3998
1430 4000
3115 4004
134 4005
2801 4006
1955 4007
673 4008
3289 4010
4013 4013
4014 4014
6437 4015
4037 4019
1559 4021
4023 4023
4053 4025
4485 4028
790 4029
440 4030
4630 4031
4032 4032
1145 4034
4035 4035
4036 4036
2833 4037
4038 4038
6225 4039
1816 4040
4045 4045
2618 4046
5847 4047
4048 4048
836 4050
1407 4054
1565 4055
4058 4058
6835 4065
4066 4066
5396 4069
2412 4070
4737 4071
1723 4072
4074 4074
2792 4075
2995 4081
4084 4084
1370 4085
918 4086
5149 4090
4092 4092
4286 4096
4641 4097
2080 4107
1634 4110
2356 4111
1723 4113
314 4115
5568 4116
4118 4118
4119 4119
4123 4123
4126 4126
4127 4127
1708 4131
2585 4135
4045 4138
4142 4142
4004 4143
5433 4145
4148 4148
4149 4149
5926 4151
4153 4153
2936 4154
4158 4158
4169 4160
5868 4161
4162 4162
4163 4163
6230 4164
4166 4166
4168 4168
6708 4170
1112 4171
1929 4172
4174 4174
2670 4176
4177 4177
3808 4182
954 4183
4187 4187
4855 4188
6544 4189
4192 4192
2651 4193
4309 4194
6415 4195
5030 4196
4197 4197
4198 4198
1966 4201
3776 4205
147 4206
2151 4212
2876 4217
1203 4218
6586 4221
3650 4222
1039 4223
4224 4224
3635 4225
4227 4227
4230 4230
121 4231
4485 4234
698 4236
4237 4237
3134 4238
4240 4240
4241 4241
4242 4242
4267 4243
4244 4244
4066 4247
1088 4253
4391 4254
4256 4256
3826 4257
3052 4258
4262 4262
4267 4265
1279 4266
2541 4268
1723 4273
4274 4274
2147 4276
5927 4277
4324 4278
3223 4280
4282 4282
4284 4284
4285 4285
4286 4286
5317 4288
1547 4289
4736 4291
164 4292
4293 4293
4294 4294
4232 4295
4297 4297
4772 4298
4299 4299
4300 4300
6776 4304
5234 4306
1644 4310
4837 4311
2792 4312
2604 4313
4853 4314
1277 4316
4317 4317
2743 4318
5210 4324
6026 4325
1119 4327
4328 4328
4329 4329
2906 4330
4839 4333
4335 4335
4336 4336
4337 4337
4338 4338
4340 4340
3298 4344
6584 4347
4417 4351
1245 4352
4358 4358
4359 4359
1523 4360
4361 4361
4948 4362
6616 4364
4948 4366
4367 4367
4369 4369
4371 4371
4372 4372
2206 4377
5271 4379
4267 4381
213 4382
4383 4383
2136 4384
6327 4388
4389 4389
1119 4390
4391 4391
4392 4392
2869 4397
6702 4398
381 4402
4284 4405
6013 4406
5740 4407
4412 4412
4417 4417
510 4418
3904 4421
1119 4422
3720 4427
4428 4428
4431 4431
5769 4432
4436 4436
4437 4437
6113 4439
3288 4440
4442 4442
4443 4443
2489 4444
217 4445
5469 4446
4452 4452
1043 4453
4454 4454
4455 4455
1387 4458
1013 4459
2198 4461
1828 4465
4467 4467
4470 4470
4267 4472
5294 4476
4478 4478
4920 4479
4882 4484
556 4485
4486 4486
489 4488
2036 4489
2007 4490
4493 4493
3113 4497
3440 4500
4502 4502
892 4504
6685 4505
1365 4507
6835 4515
4517 4517
2443 4520
3007 4522
4972 4524
3135 4525
462 4526
6696 4527
4528 4528
1203 4529
4533 4533
4538 4538
2527 4540
4543 4543
4545 4545
1567 4546
5291 4547
2067 4548
4550 4550
4552 4552
1061 4553
6026 4555
4242 4556
4564 4564
3266 4568
4571 4571
4573 4573
1868 4574
3148 4575
5080 4576
3425 4577
4720 4578
954 4579
566 4583
6164 4585
289 4586
2792 4589
1338 4590
6332 4591
3657 4592
1045 4593
1755 4594
247 4598
6127 4601
3182 4604
6507 4606
4607 4607
2792 4608
494 4609
4612 4612
4615 4615
4922 4618
4621 4621
4623 4623
5509 4625
38 4626
5707 4627
4628 4628
4629 4629
3926 4631
3770 4633
702 4634
2535 4635
4892 4637
4641 4641
262 4642
5482 4645
4649 4649
4651 4651
4653 4653
1553 4658
4345 4662
4663 4663
673 4666
6396 4668
4672 4672
1643 4674
1456 4675
1848 4676
4677 4677
2107 4682
4685 4685
4687 4687
4688 4688
2181 4691
5779 4694
5878 4697
4698 4698
1831 4700
4705 4705
4709 4709
1597 4710
1293 4711
4837 4713
390 4714
378 4715
4716 4716
4893 4718
5076 4723
4725 4725
4866 4727
4728 4728
4729 4729
3376 4734
4736 4736
3853 4739
2728 4740
6845 4742
5926 4743
4744 4744
2548 4745
4747 4747
3766 4750
1311 4751
1379 4752
3667 4755
5705 4757
1101 4758
2489 4759
4760 4760
125 4761
4762 4762
4763 4763
6383 4764
1545 4768
6857 4769
1867 4770
5621 4773
500 4776
2126 4779
4051 4780
2618 4787
1417 4788
4789 4789
4790 4790
4793 4793
4794 4794
4540 4795
347 4797
4799 4799
984 4801
4804 4804
4806 4806
4808 4808
115 4811
4814 4814
4816 4816
4817 4817
1544 4819
5210 4824
4189 4833
47 4835
3189 4836
4478 4839
3129 4842
3374 4843
3737 4845
4846 4846
6086 4848
4849 4849
4854 4854
3763 4856
1461 4858
1525 4859
3051 4860
1865 4867
1544 4870
4488 4871
4873 4873
632 4874
4878 4878
4497 4879
3440 4881
4883 4883
575 4886
1424 4889
4345 4890
6260 4891
4442 4893
4894 4894
4900 4900
4903 4903
5195 4905
3118 4906
5205 4907
6821 4908
4909 4909
4912 4912
3978 4914
300 4916
4918 4918
4413 4919
1497 4920
4922 4922
1901 4923
2126 4928
384 4929
4267 4931
5780 4932
4934 4934
4936 4936
4941 4941
893 4945
2399 4946
2300 4948
4950 4950
4951 4951
2150 4953
4956 4956
3279 4959
2197 4961
4962 4962
1241 4964
4079 4965
4966 4966
4968 4968
6449 4970
571 4971
724 4973
1027 4974
220 4975
164 4976
5691 4978
6733 4980
4982 4982
4985 4985
4405 4986
4987 4987
6338 4989
6327 4990
5377 4991
5526 4996
2885 4997
4999 4999
3308 5000
6563 5005
5007 5007
5008 5008
121 5013
4100 5015
4267 5022
3899 5027
5028 5028
1370 5030
2625 5035
6200 5036
5039 5039
3041 5040
5041 5041
3182 5042
5047 5047
6654 5048
5051 5051
5053 5053
5056 5056
5058 5058
2224 5059
3986 5062
6835 5068
5069 5069
6026 5070
5200 5071
2794 5072
1193 5074
5076 5076
5078 5078
2351 5079
5080 5080
5081 5081
6195 5083
1113 5084
5086 5086
1094 5088
4485 5089
6276 5090
4649 5093
1184 5094
5095 5095
6835 5096
3223 5098
5100 5100
5101 5101
1725 5102
3562 5103
5106 5106
4830 5107
2679 5108
958 5110
1353 5113
3223 5115
5116 5116
5117 5117
5119 5119
271 5122
6491 5123
5124 5124
5125 5125
1655 5128
5130 5130
3636 5131
119 5137
2841 5138
4267 5139
5141 5141
1299 5142
5143 5143
5166 5146
3057 5148
1234 5149
2446 5150
5053 5151
5152 5152
6792 5153
2792 5155
5156 5156
4015 5157
3260 5160
5163 5163
6544 5165
5166 5166
1281 5173
6066 5174
1254 5175
5179 5179
4403 5182
4251 5183
283 5184
1411 5186
3223 5187
5188 5188
649 5190
3255 5192
5193 5193
6835 5196
5198 5198
2643 5199
4948 5200
5203 5203
4100 5204
5205 5205
2864 5206
401 5207
2883 5209
5551 5210
5211 5211
1736 5216
2648 5217
5221 5221
3204 5222
5526 5224
5225 5225
5233 5233
5239 5239
4783 5240
4418 5241
3902 5243
5244 5244
2222 5245
5015 5248
6512 5249
5250 5250
5251 5251
5252 5252
997 5255
3098 5256
1279 5260
5262 5262
5265 5265
3736 5267
5269 5269
6835 5271
4758 5272
2679 5273
3154 5277
6335 5280
5281 5281
2383 5283
649 5284
5287 5287
5844 5289
2355 5290
6486 5291
5292 5292
6131 5294
5295 5295
5297 5297
5298 5298
5300 5300
4724 5301
5302 5302
5303 5303
5464 5308
5309 5309
1304 5310
2792 5313
5314 5314
5321 5321
5324 5324
5256 5328
5329 5329
2841 5333
3033 5335
4614 5336
5337 5337
5339 5339
5526 5340
5341 5341
5342 5342
6658 5347
5349 5349
2327 5350
5355 5355
1306 5356
3766 5359
4564 5360
4040 5364
247 5365
4223 5368
4455 5369
4267 5371
5374 5374
5378 5378
2034 5379
4418 5384
1370 5386
5387 5387
5393 5393
1633 5396
6291 5400
1351 5401
1661 5402
5403 5403
5482 5404
5406 5406
3325 5407
5409 5409
5410 5410
5411 5411
5412 5412
2119 5415
5416 5416
5919 5417
767 5419
2580 5420
5005 5423
3960 5427
3902 5430
4411 5433
5438 5438
5941 5442
5443 5443
5445 5445
5446 5446
3821 5447
1364 5448
5927 5454
4734 5458
673 5460
6394 5461
5047 5463
5464 5464
4361 5468
6835 5469
1812 5471
2007 5472
3182 5474
5726 5476
1338 5479
4936 5483
5484 5484
4149 5487
5488 5488
6446 5489
5494 5494
1972 5495
5496 5496
176 5498
2533 5501
4344 5503
4434 5504
5508 5508
5511 5511
5512 5512
5621 5513
5514 5514
4864 5516
1984 5518
5519 5519
3494 5520
5521 5521
5522 5522
5526 5526
3909 5528
3095 5529
2385 5534
5535 5535
5536 5536
5046 5537
5538 5538
5540 5540
5677 5541
5542 5542
5549 5549
6765 5551
5553 5553
2349 5554
486 5555
3571 5559
5560 5560
5563 5563
5567 5567
6868 5571
2211 5575
5579 5579
2811 5580
5963 5587
5590 5590
5256 5591
5869 5592
4920 5593
5594 5594
3325 5595
5598 5598
5987 5600
5597 5604
1544 5608
5609 5609
1925 5610
752 5612
2381 5613
4894 5615
6163 5616
3150 5619
1166 5629
5630 5630
3922 5631
5632 5632
2792 5633
5634 5634
5635 5635
2542 5637
2860 5638
5641 5641
6130 5643
5644 5644
5645 5645
5646 5646
6844 5648
717 5650
5651 5651
335 5652
2994 5653
5654 5654
6490 5656
2417 5657
5659 5659
954 5662
2626 5665
5666 5666
4267 5669
1875 5673
5674 5674
840 5675
2106 5676
5679 5679
4882 5681
6398 5683
4828 5685
5686 5686
4017 5687
905 5688
3362 5690
3386 5691
1412 5692
2218 5694
2826 5697
2664 5701
4242 5702
4845 5703
5304 5704
5706 5706
5708 5708
4445 5709
4974 5710
3344 5711
5714 5714
3567 5715
6175 5717
5721 5721
3522 5723
5724 5724
4626 5725
5433 5726
115 5730
2919 5733
5734 5734
3587 5737
5740 5740
5741 5741
5834 5742
5743 5743
5745 5745
1370 5747
149 5749
5750 5750
5751 5751
4255 5752
2577 5755
3519 5757
4948 5759
4724 5760
5076 5761
5762 5762
5767 5767
4487 5771
5278 5772
504 5774
5775 5775
1203 5776
5777 5777
5778 5778
5579 5780
5782 5782
5783 5783
662 5790
6583 5792
5793 5793
5881 5794
3299 5797
5799 5799
6413 5800
5802 5802
344 5804
1043 5805
5806 5806
6510 5808
5813 5813
5814 5814
5368 5816
4773 5818
3343 5821
6840 5822
2101 5825
2227 5827
4 5828
5829 5829
5831 5831
4937 5833
3616 5835
2648 5836
6161 5837
5840 5840
6098 5842
3137 5843
924 5844
5845 5845
907 5847
4961 5848
1106 5849
5851 5851
2969 5852
1315 5853
5855 5855
2956 5856
3340 5857
6738 5859
4783 5860
2827 5864
995 5865
2292 5866
5869 5869
1748 5872
5878 5878
2235 5879
5880 5880
4562 5882
5886 5886
1158 5887
4647 5888
3364 5889
788 5895
5896 5896
5897 5897
2792 5898
6433 5904
5203 5907
3730 5913
5915 5915
1643 5918
5634 5922
5923 5923
1112 5924
2460 5926
5927 5927
5928 5928
6884 5929
5932 5932
5933 5933
1643 5934
5939 5939
4584 5940
5944 5944
5528 5946
5950 5950
121 5951
3371 5952
6291 5954
6738 5956
5610 5959
1836 5960
1575 5962
2006 5964
5188 5965
5966 5966
3362 5970
115 5971
5910 5972
6502 5973
6417 5974
5130 5980
5981 5981
5982 5982
4675 5984
5985 5985
5986 5986
5987 5987
5988 5988
5989 5989
98 5990
5991 5991
3439 5993
5997 5997
3456 6000
6002 6002
1955 6003
6005 6005
5130 6006
6010 6010
799 6015
5795 6016
1329 6020
6023 6023
3012 6024
2960 6027
1493 6029
1575 6032
6869 6033
228 6035
1435 6038
6039 6039
5799 6041
2101 6044
6045 6045
1643 6046
343 6047
3702 6048
4581 6050
4692 6051
2309 6052
3462 6055
808 6056
6057 6057
6058 6058
2519 6059
6061 6061
6062 6062
6063 6063
6066 6066
6571 6067
3571 6069
1723 6070
3154 6071
6072 6072
6073 6073
2759 6075
6077 6077
673 6078
6079 6079
3456 6082
6085 6085
1922 6087
1112 6089
6090 6090
2718 6091
6095 6095
566 6101
6102 6102
3596 6104
3260 6105
6693 6107
6108 6108
3413 6109
5721 6112
2440 6113
2025 6114
4975 6117
6536 6118
6119 6119
4517 6121
1836 6123
2574 6125
1139 6128
3638 6133
2761 6134
6136 6136
6654 6137
3335 6138
6139 6139
3007 6140
788 6141
6143 6143
6667 6145
4630 6146
6147 6147
3730 6149
2347 6152
6154 6154
1463 6156
6513 6157
3779 6158
6160 6160
6162 6162
6163 6163
5384 6167
6170 6170
5737 6171
3783 6173
6187 6187
6190 6190
1477 6191
4882 6194
2985 6195
3361 6196
521 6201
1873 6203
1723 6204
5006 6206
4267 6207
4497 6210
4267 6211
6212 6212
1018 6213
59 6214
5262 6219
3770 6222
6225 6225
4514 6226
1603 6230
5069 6231
1648 6236
6238 6238
4416 6239
5543 6240
5196 6243
6076 6245
6247 6247
6248 6248
121 6250
2060 6252
6257 6257
6708 6258
4731 6259
6263 6263
6264 6264
2305 6265
3764 6266
6267 6267
6291 6268
6271 6271
921 6273
6275 6275
6276 6276
78 6278
4102 6279
6281 6281
6282 6282
3320 6283
6288 6288
6708 6289
398 6292
5423 6294
6406 6297
1643 6299
5910 6300
6302 6302
1088 6304
1150 6310
2404 6311
6315 6315
6317 6317
6756 6319
1482 6322
5768 6323
1039 6325
6326 6326
6327 6327
6332 6332
3223 6333
62 6334
1464 6335
6338 6338
6842 6340
5931 6342
3736 6347
6654 6348
275 6350
1511 6354
4344 6355
6356 6356
4499 6358
6281 6360
1476 6361
4593 6368
1370 6372
2792 6379
3585 6380
6381 6381
4773 6382
4459 6383
6389 6389
3320 6393
5076 6395
6396 6396
6398 6398
3794 6400
2879 6405
4773 6407
1602 6409
6410 6410
3170 6414
65 6423
4197 6424
6426 6426
164 6427
5205 6429
3578 6430
2687 6431
6433 6433
6530 6437
5205 6438
3035 6439
6440 6440
3174 6441
2759 6442
6444 6444
5621 6445
4402 6448
582 6456
1203 6458
2239 6461
1723 6462
6654 6463
82 6466
2797 6467
42 6471
6475 6475
6479 6479
6482 6482
5206 6484
6486 6486
17 6487
2832 6488
289 6489
1442 6495
5375 6503
1836 6506
5130 6508
6509 6509
6510 6510
4149 6516
5910 6521
4205 6526
6529 6529
6530 6530
557 6531
6533 6533
4463 6534
3682 6537
6538 6538
424 6540
3033 6544
4345 6545
6546 6546
5497 6553
6554 6554
411 6556
6557 6557
6561 6561
6563 6563
3118 6564
6566 6566
6567 6567
993 6569
4100 6570
6573 6573
6574 6574
6577 6577
5552 6581
4672 6582
5255 6584
3240 6586
6587 6587
6731 6588
6589 6589
1836 6590
2981 6591
6595 6595
3828 6596
3648 6603
3501 6604
6605 6605
1439 6606
2101 6607
1442 6608
6610 6610
4783 6611
1411 6615
2577 6616
2522 6619
275 6620
6623 6623
5482 6624
5634 6625
6626 6626
3345 6627
6631 6631
585 6633
5814 6639
431 6640
4621 6641
556 6642
6643 6643
6644 6644
4286 6645
4344 6652
335 6653
5105 6654
5188 6656
6657 6657
1174 6658
4790 6659
1514 6660
6662 6662
6663 6663
6666 6666
4103 6668
1873 6671
3137 6673
3188 6676
3463 6677
6678 6678
5526 6682
6683 6683
5509 6687
1083 6689
6693 6693
3102 6696
4882 6697
5309 6698
6706 6706
1357 6708
2182 6709
1770 6711
6712 6712
289 6713
2778 6715
4015 6718
5704 6719
6723 6723
6725 6725
6727 6727
1339 6729
2807 6730
6731 6731
6733 6733
5503 6736
4267 6737
6739 6739
4576 6740
1764 6742
115 6744
6651 6746
5795 6748
5526 6749
6750 6750
2718 6752
5344 6761
6762 6762
5482 6763
1544 6764
6766 6766
6767 6767
863 6768
6845 6772
66 6774
6778 6778
1112 6779
2746 6780
6579 6781
4 6784
6785 6785
6788 6788
3044 6791
981 6792
741 6794
4692 6795
1836 6798
6800 6800
3041 6803
5807 6804
6807 6807
3637 6809
1457 6813
4464 6814
6817 6817
2709 6819
1370 6821
6646 6823
6824 6824
6827 6827
4100 6829
6830 6830
1442 6833
1561 6834
2272 6839
5646 6841
6842 6842
6844 6844
1112 6847
6848 6848
6850 6850
2270 6851
934 6852
6853 6853
6856 6856
5877 6858
6859 6859
695 6860
6862 6862
6864 6863
6865 6865
4178 6866
431 6870
6872 6872
6874 6874
1901 6879
2448 6880
896 6885
927 6886
774 6888
6889 6889
