13 13
263 263
339 339
121 121
357 357
264 264
341 341
117 117
265 265
3626 3626
3913 3913
408 408
113 113
8 8
5369 5369
3055 3055
3072 3072
141 141
407 407
3804 3804
418 418
25 25
349 349
154 154
3739 3739
3805 3805
3528 3528
97 97
3843 3843
3539 3539
348 348
354 354
3165 3165
3543 3543
19 19
3533 3533
435 435
1907 1907
350 350
3844 3844
21 21
16 16
276 276
329 329
434 434
3529 3529
3824 3824
51 51
3930 3930
84 84
3852 3852
3549 3549
23 23
419 419
20 20
3845 3845
433 433
3588 3588
3825 3825
3826 3826
228 228
85 85
289 289
3800 3800
3166 3166
3559 3559
454 454
47 47
326 326
3629 3629
3536 3536
87 87
83 83
315 315
73 73
3821 3821
3550 3550
3547 3547
2805 2805
3926 3926
69 69
72 72
3633 3633
278 278
11 11
3560 3560
90 90
322 322
54 54
311 311
29 29
3526 3526
330 330
2797 2797
3530 3530
438 438
443 443
3774 3774
2795 2795
279 279
3753 3753
89 89
275 275
3622 3622
3799 3799
6260 6260
3623 3623
6258 6258
3931 3931
3537 3537
1905 1905
3798 3798
3069 3069
2815 2815
3932 3932
2811 2811
65 65
34 34
3925 3925
321 321
3749 3749
241 241
48 48
130 130
101 101
240 240
6276 6276
2780 2780
146 146
3607 3607
3639 3639
3524 3524
3591 3591
3553 3553
3552 3552
2480 2480
230 230
3581 3581
2510 2510
319 319
3594 3594
3551 3551
420 420
57 57
2222 2222
3592 3592
2372 2372
331 331
3652 3652
77 77
266 266
242 242
3603 3603
2291 2291
3585 3585
2493 2493
3586 3586
2057 2057
124 124
3580 3580
3619 3619
3584 3584
3578 3578
2294 2294
3600 3600
3618 3618
3599 3599
2131 2131
3608 3608
229 229
2489 2489
2801 2801
3641 3641
2152 2152
3634 3634
144 144
6268 6268
2494 2494
2142 2142
2380 2380
123 123
3640 3640
3598 3598
2779 2779
2383 2383
2580 2580
6248 6248
2384 2384
3790 3790
1999 1999
59 59
2058 2058
430 430
189 189
3563 3563
190 190
3653 3653
2154 2154
3575 3575
336 336
3611 3611
3556 3556
3758 3758
3612 3612
188 188
2496 2496
2776 2776
2791 2791
2498 2498
2130 2130
2000 2000
2198 2198
125 125
2178 2178
3566 3566
2177 2177
2190 2190
2268 2268
3571 3571
2160 2160
3700 3700
2808 2808
2368 2368
2628 2628
245 245
2598 2598
2788 2788
2062 2062
3516 3516
3051 3051
2127 2127
2483 2483
2470 2470
2378 2378
2149 2149
415 415
127 127
3517 3517
2612 2612
232 232
60 60
2487 2487
55 55
2597 2597
2074 2074
2150 2150
1994 1994
2473 2473
2500 2500
2492 2492
2596 2596
2611 2611
3522 3522
2050 2050
1996 1996
2164 2164
2505 2505
2221 2221
2274 2274
2194 2194
5 5
3745 3745
2382 2382
267 267
62 62
2259 2259
61 61
2258 2258
416 416
4 4
2386 2386
2171 2171
2063 2063
2161 2161
2591 2591
2005 2005
2358 2358
6 6
3757 3757
2046 2046
2084 2084
2366 2366
2774 2774
2599 2599
2079 2079
2199 2199
405 405
3515 3515
2602 2602
103 103
2395 2395
2590 2590
2124 2124
2364 2364
2360 2360
2357 2357
1 1
2623 2623
2011 2011
2239 2239
3795 3795
5675 5675
5510 5510
2589 2589
147 147
1981 1981
2600 2600
2396 2396
307 307
3667 3667
2168 2168
2624 2624
259 259
2091 2091
2501 2501
2584 2584
174 174
3704 3704
3058 3058
1984 1984
2255 2255
5610 5610
2224 2224
260 260
5518 5518
2525 2525
2197 2197
1989 1989
2565 2565
2564 2564
2521 2521
5845 5845
3819 3819
5708 5708
5755 5755
5707 5707
5861 5861
2519 2519
6041 6041
5517 5517
5750 5750
5951 5951
5458 5458
5602 5602
308 308
5651 5651
5752 5752
5464 5464
3518 3518
3513 3513
3818 3818
5613 5613
333 333
5746 5746
2402 2402
5612 5612
5515 5515
378 378
5736 5736
6238 6238
5503 5503
2094 2094
3512 3512
5958 5958
2398 2398
2086 2086
2632 2632
2634 2634
175 175
5941 5941
159 159
6066 6066
334 334
2397 2397
2633 2633
5840 5840
2619 2619
5641 5641
5959 5959
3839 3839
2569 2569
6231 6231
5954 5954
5957 5957
0 0
6056 6056
2409 2409
2410 2410
2526 2526
5939 5939
2187 2187
5442 5442
402 402
5634 5634
2629 2629
2184 2184
2542 2542
2126 2126
2543 2543
2683 2683
2123 2123
2414 2414
2681 2681
376 376
2539 2539
5933 5933
3808 3808
3648 3648
5932 5932
6055 6055
2641 2641
5948 5948
197 197
2638 2638
2635 2635
5967 5967
2068 2068
2442 2442
2413 2413
2231 2231
3796 3796
2013 2013
2096 2096
2669 2669
3772 3772
258 258
5523 5523
2093 2093
2571 2571
6077 6077
2560 2560
3687 3687
5542 5542
2558 2558
2156 2156
158 158
2547 2547
371 371
5621 5621
5701 5701
3797 3797
299 299
2166 2166
2538 2538
3660 3660
2267 2267
2688 2688
6064 6064
2643 2643
2656 2656
5717 5717
3706 3706
6052 6052
3672 3672
5581 5581
1778 1778
5820 5820
5735 5735
373 373
4005 4005
298 298
2675 2675
185 185
2573 2573
5700 5700
2416 2416
2022 2022
2648 2648
2653 2653
2676 2676
368 368
473 473
2678 2678
2287 2287
2662 2662
475 475
2229 2229
220 220
562 562
2671 2671
5539 5539
2691 2691
2572 2572
2545 2545
531 531
3939 3939
2668 2668
3869 3869
2528 2528
2034 2034
5630 5630
5557 5557
164 164
5978 5978
6042 6042
2529 2529
2428 2428
5977 5977
520 520
464 464
519 519
214 214
3707 3707
1988 1988
383 383
2439 2439
495 495
186 186
2436 2436
523 523
2679 2679
448 448
3671 3671
152 152
2549 2549
5962 5962
2536 2536
564 564
5976 5976
2663 2663
546 546
187 187
367 367
465 465
2449 2449
525 525
2674 2674
449 449
2024 2024
3485 3485
554 554
580 580
493 493
550 550
217 217
480 480
559 559
3973 3973
3866 3866
5586 5586
579 579
2220 2220
488 488
5980 5980
1773 1773
6050 6050
2576 2576
3960 3960
198 198
2248 2248
561 561
2577 2577
1777 1777
557 557
512 512
6047 6047
2419 2419
5697 5697
366 366
3868 3868
6080 6080
2541 2541
6029 6029
2202 2202
5497 5497
200 200
490 490
497 497
209 209
1771 1771
180 180
2463 2463
5452 5452
2557 2557
6095 6095
514 514
2234 2234
3663 3663
3877 3877
202 202
5528 5528
3491 3491
2461 2461
6101 6101
2032 2032
3678 3678
6143 6143
179 179
2417 2417
2556 2556
2468 2468
2425 2425
4020 4020
3956 3956
2703 2703
2438 2438
5987 5987
4001 4001
3437 3437
5619 5619
3353 3353
2100 2100
4070 4070
3355 3355
440 440
6105 6105
2430 2430
3339 3339
2101 2101
6142 6142
543 543
6117 6117
4004 4004
509 509
4029 4029
3963 3963
4023 4023
2033 2033
5492 5492
3360 3360
2714 2714
6131 6131
3698 3698
3338 3338
3983 3983
2465 2465
3365 3365
5994 5994
5235 5235
3987 3987
3361 3361
3955 3955
248 248
3954 3954
2451 2451
2444 2444
2712 2712
4006 4006
163 163
2104 2104
2446 2446
2710 2710
3342 3342
3350 3350
1320 1320
6887 6887
3068 3068
3310 3310
213 213
1356 1356
2060 2060
2148 2148
3364 3364
3953 3953
255 255
2206 2206
6150 6150
3354 3354
1358 1358
2215 2215
2282 2282
3870 3870
3985 3985
3681 3681
2713 2713
613 613
1357 1357
5646 5646
5728 5728
1888 1888
5549 5549
1935 1935
6151 6151
5532 5532
2106 2106
4032 4032
2230 2230
3715 3715
2709 2709
6152 6152
2758 2758
6107 6107
3864 3864
3269 3269
218 218
3990 3990
2990 2990
1856 1856
5996 5996
5991 5991
3483 3483
6126 6126
3710 3710
6122 6122
3031 3031
2995 2995
1887 1887
2243 2243
3272 3272
6140 6140
390 390
3363 3363
3277 3277
398 398
2994 2994
3300 3300
3043 3043
1438 1438
3315 3315
3308 3308
3888 3888
1855 1855
3439 3439
1919 1919
3812 3812
2945 2945
3263 3263
1882 1882
2286 2286
3366 3366
1851 1851
225 225
2999 2999
3261 3261
1195 1195
611 611
3312 3312
5706 5706
594 594
3059 3059
3260 3260
1431 1431
3004 3004
610 610
4045 4045
3228 3228
6134 6134
3282 3282
2859 2859
3035 3035
1884 1884
3036 3036
3316 3316
1959 1959
1891 1891
1886 1886
603 603
3356 3356
3005 3005
3258 3258
2981 2981
1273 1273
1421 1421
3044 3044
4039 4039
6020 6020
2941 2941
786 786
5550 5550
719 719
821 821
5998 5998
3407 3407
3346 3346
2944 2944
3230 3230
3281 3281
1839 1839
2863 2863
625 625
2860 2860
5690 5690
2961 2961
4012 4012
3266 3266
759 759
2938 2938
3262 3262
787 787
5447 5447
2960 2960
3448 3448
4044 4044
1945 1945
2856 2856
1425 1425
673 673
1877 1877
1293 1293
1260 1260
1878 1878
6010 6010
1271 1271
3408 3408
2974 2974
3347 3347
770 770
1351 1351
3718 3718
687 687
3349 3349
2896 2896
3291 3291
1502 1502
704 704
1828 1828
1837 1837
3253 3253
1920 1920
1420 1420
5999 5999
210 210
2977 2977
623 623
5714 5714
1940 1940
675 675
716 716
3041 3041
5862 5862
271 271
2862 2862
714 714
1925 1925
1924 1924
1445 1445
587 587
3247 3247
3225 3225
3250 3250
1289 1289
604 604
1973 1973
3249 3249
1414 1414
2295 2295
943 943
1844 1844
3419 3419
2300 2300
5676 5676
5863 5863
5710 5710
3211 3211
1843 1843
942 942
6024 6024
1867 1867
6038 6038
1964 1964
601 601
1836 1836
1845 1845
2734 2734
3694 3694
1944 1944
1967 1967
683 683
2302 2302
2965 2965
3251 3251
212 212
1346 1346
1543 1543
686 686
1932 1932
5563 5563
3441 3441
684 684
3372 3372
2725 2725
1866 1866
689 689
653 653
2732 2732
2760 2760
1415 1415
1968 1968
1400 1400
1342 1342
5802 5802
763 763
3404 3404
2890 2890
5573 5573
5803 5803
2761 2761
608 608
3368 3368
707 707
3246 3246
1846 1846
3334 3334
1510 1510
3241 3241
1506 1506
2737 2737
672 672
3252 3252
3237 3237
1545 1545
3299 3299
6166 6166
2855 2855
2718 2718
718 718
3409 3409
1875 1875
1904 1904
2102 2102
2724 2724
2719 2719
1411 1411
3371 3371
3450 3450
2727 2727
660 660
3061 3061
1429 1429
2894 2894
2865 2865
5704 5704
222 222
1954 1954
1341 1341
762 762
3900 3900
1976 1976
2822 2822
5760 5760
1860 1860
5568 5568
706 706
1815 1815
6160 6160
820 820
929 929
690 690
2902 2902
3784 3784
585 585
1286 1286
1295 1295
3695 3695
1847 1847
3373 3373
6159 6159
3418 3418
3401 3401
1427 1427
1896 1896
1812 1812
3333 3333
5915 5915
3420 3420
588 588
2769 2769
1389 1389
1299 1299
2762 2762
3415 3415
1291 1291
2952 2952
4799 4799
1408 1408
170 170
1347 1347
692 692
790 790
1813 1813
2726 2726
694 694
2748 2748
1684 1684
1589 1589
3813 3813
1409 1409
1874 1874
2954 2954
817 817
1760 1760
2953 2953
3200 3200
3379 3379
2752 2752
3433 3433
928 928
2322 2322
659 659
3335 3335
3452 3452
3332 3332
1380 1380
3238 3238
3202 3202
1437 1437
2906 2906
735 735
3892 3892
3723 3723
2893 2893
301 301
2934 2934
693 693
1953 1953
2955 2955
2346 2346
592 592
696 696
699 699
1832 1832
3233 3233
3234 3234
3327 3327
742 742
3169 3169
1383 1383
2745 2745
4247 4247
1816 1816
1381 1381
1405 1405
2766 2766
5696 5696
2846 2846
1831 1831
5873 5873
6215 6215
6175 6175
609 609
1583 1583
5868 5868
3432 3432
5874 5874
2819 2819
1634 1634
2889 2889
3412 3412
1233 1233
1592 1592
1748 1748
1315 1315
1257 1257
635 635
789 789
634 634
5762 5762
1633 1633
4206 4206
3209 3209
730 730
1636 1636
607 607
1675 1675
3463 3463
1674 1674
1310 1310
3319 3319
1393 1393
2966 2966
803 803
1376 1376
2971 2971
1678 1678
5383 5383
2883 2883
3465 3465
925 925
2969 2969
734 734
743 743
824 824
746 746
2879 2879
5384 5384
1682 1682
1676 1676
3435 3435
3392 3392
748 748
3380 3380
3009 3009
3460 3460
1683 1683
2870 2870
644 644
1234 1234
926 926
4756 4756
1721 1721
3459 3459
2848 2848
805 805
3323 3323
1710 1710
3293 3293
1741 1741
2880 2880
615 615
1709 1709
930 930
3218 3218
303 303
3216 3216
5902 5902
1824 1824
2326 2326
1677 1677
1535 1535
1917 1917
1744 1744
1626 1626
3381 3381
5306 5306
1948 1948
2970 2970
3013 3013
744 744
3453 3453
3427 3427
1621 1621
1556 1556
1716 1716
1915 1915
1708 1708
1696 1696
1580 1580
637 637
1644 1644
4226 4226
1611 1611
5353 5353
4200 4200
3414 3414
3424 3424
1553 1553
1550 1550
4170 4170
1551 1551
3010 3010
5308 5308
1711 1711
1722 1722
3768 3768
646 646
3395 3395
3377 3377
1724 1724
1732 1732
3194 3194
2329 2329
1390 1390
3190 3190
697 697
1745 1745
1681 1681
924 924
3177 3177
1231 1231
1382 1382
1574 1574
6415 6415
1603 1603
814 814
2908 2908
1671 1671
5403 5403
1616 1616
1697 1697
5339 5339
941 941
3388 3388
1654 1654
6459 6459
399 399
896 896
627 627
4264 4264
2998 2998
1593 1593
710 710
1620 1620
1692 1692
1608 1608
1699 1699
1914 1914
3192 3192
3182 3182
5406 5406
3075 3075
3078 3078
5352 5352
1747 1747
698 698
1705 1705
1547 1547
3470 3470
3195 3195
1548 1548
5705 5705
6406 6406
1594 1594
6402 6402
3382 3382
3478 3478
2884 2884
1599 1599
1588 1588
6177 6177
617 617
3378 3378
618 618
1591 1591
6361 6361
3012 3012
5402 5402
3006 3006
5421 5421
1659 1659
1701 1701
1562 1562
922 922
3063 3063
4824 4824
6451 6451
923 923
3189 3189
412 412
3389 3389
2337 2337
3188 3188
1753 1753
4252 4252
3384 3384
2830 2830
1893 1893
1595 1595
1737 1737
2876 2876
6332 6332
5777 5777
5350 5350
1718 1718
1600 1600
1754 1754
3076 3076
4906 4906
1546 1546
5812 5812
1729 1729
5294 5294
5433 5433
3178 3178
1609 1609
3174 3174
2328 2328
5092 5092
5811 5811
3496 3496
5379 5379
1554 1554
5221 5221
3497 3497
5791 5791
5349 5349
3186 3186
4974 4974
5409 5409
2327 2327
1728 1728
1746 1746
2351 2351
2932 2932
1135 1135
5301 5301
3731 3731
2950 2950
5385 5385
5794 5794
6193 6193
5229 5229
6750 6750
5797 5797
1863 1863
1484 1484
4764 4764
4687 4687
5346 5346
3482 3482
6433 6433
4761 4761
3074 3074
1482 1482
6743 6743
5090 5090
5411 5411
6447 6447
4766 4766
177 177
1270 1270
4268 4268
5381 5381
4160 4160
4910 4910
3180 3180
5172 5172
5205 5205
2931 2931
5785 5785
1481 1481
1586 1586
3187 3187
5410 5410
662 662
1755 1755
1238 1238
3028 3028
5086 5086
5113 5113
6439 6439
5202 5202
1130 1130
4915 4915
4831 4831
5347 5347
1240 1240
5210 5210
457 457
6742 6742
3893 3893
3763 3763
4257 4257
4214 4214
5344 5344
1345 1345
4793 4793
5096 5096
5174 5174
6706 6706
446 446
919 919
6349 6349
6205 6205
4909 4909
6180 6180
5099 5099
2354 2354
5055 5055
887 887
6657 6657
5089 5089
1129 1129
4299 4299
4874 4874
6192 6192
5214 5214
801 801
5051 5051
6225 6225
2877 2877
6661 6661
5201 5201
6228 6228
5795 5795
1136 1136
6188 6188
6423 6423
6745 6745
2832 2832
5035 5035
4779 4779
4833 4833
647 647
1326 1326
6352 6352
886 886
6653 6653
5209 5209
6666 6666
1121 1121
631 631
1266 1266
6614 6614
1126 1126
6325 6325
6713 6713
4891 4891
254 254
6226 6226
6620 6620
1334 1334
1188 1188
5020 5020
5130 5130
5070 5070
5016 5016
5304 5304
5123 5123
633 633
656 656
6758 6758
749 749
4307 4307
1488 1488
855 855
6646 6646
5084 5084
1113 1113
1265 1265
4907 4907
5125 5125
5124 5124
916 916
2833 2833
4217 4217
1532 1532
6470 6470
6336 6336
1057 1057
890 890
1120 1120
6757 6757
6350 6350
621 621
4305 4305
2930 2930
845 845
5043 5043
1335 1335
6648 6648
5117 5117
722 722
4234 4234
6196 6196
4806 4806
5079 5079
1040 1040
5181 5181
4684 4684
5377 5377
4696 4696
1251 1251
5078 5078
6334 6334
5056 5056
4134 4134
752 752
5027 5027
5050 5050
6469 6469
892 892
5069 5069
3509 3509
5197 5197
4411 4411
5186 5186
5150 5150
6210 6210
4221 4221
1268 1268
6179 6179
4714 4714
6688 6688
5290 5290
5068 5068
1079 1079
6668 6668
5012 5012
4237 4237
6209 6209
4797 4797
4294 4294
720 720
1109 1109
1780 1780
5904 5904
1189 1189
6710 6710
1018 1018
4131 4131
4138 4138
6715 6715
3124 3124
795 795
4677 4677
1519 1519
996 996
6756 6756
6356 6356
5075 5075
1269 1269
1176 1176
5066 5066
6676 6676
5159 5159
1493 1493
2915 2915
6675 6675
176 176
3018 3018
6671 6671
1153 1153
6326 6326
1036 1036
5011 5011
1448 1448
5009 5009
991 991
1014 1014
3098 3098
3501 3501
750 750
6634 6634
989 989
5883 5883
1524 1524
858 858
1526 1526
3100 3100
2918 2918
4863 4863
1042 1042
6565 6565
1000 1000
1090 1090
1114 1114
891 891
5906 5906
5190 5190
4897 4897
4854 4854
1115 1115
1527 1527
6717 6717
1793 1793
1781 1781
5164 5164
4219 4219
988 988
1092 1092
1150 1150
1465 1465
1466 1466
1131 1131
2926 2926
2844 2844
5891 5891
3472 3472
1061 1061
3101 3101
1520 1520
1786 1786
1080 1080
1246 1246
1177 1177
4849 4849
6467 6467
5271 5271
3157 3157
995 995
1088 1088
993 993
6841 6841
3109 3109
249 249
4122 4122
6834 6834
6393 6393
1028 1028
1172 1172
5223 5223
5324 5324
1108 1108
1528 1528
6487 6487
3019 3019
1207 1207
863 863
5270 5270
5006 5006
4864 4864
3023 3023
2826 2826
411 411
4223 4223
3116 3116
6411 6411
4852 4852
1019 1019
4735 4735
1001 1001
1375 1375
6430 6430
4956 4956
6346 6346
983 983
6428 6428
4817 4817
3099 3099
987 987
1098 1098
1073 1073
1779 1779
1102 1102
2924 2924
4850 4850
3020 3020
3473 3473
6788 6788
4102 4102
6825 6825
4820 4820
4958 4958
1797 1797
4158 4158
4183 4183
938 938
250 250
3146 3146
1075 1075
4821 4821
6828 6828
274 274
881 881
1530 1530
846 846
1807 1807
1802 1802
1037 1037
6291 6291
5325 5325
1095 1095
1801 1801
2925 2925
4827 4827
6875 6875
1099 1099
2849 2849
1147 1147
985 985
808 808
6394 6394
4278 4278
5356 5356
4149 4149
4719 4719
6633 6633
5269 5269
1155 1155
986 986
1174 1174
6845 6845
2920 2920
3151 3151
3150 3150
1470 1470
984 984
6793 6793
6319 6319
910 910
6778 6778
3145 3145
6835 6835
5141 5141
6338 6338
6867 6867
1094 1094
3090 3090
6477 6477
6868 6868
3138 3138
3014 3014
1087 1087
6791 6791
4899 4899
1450 1450
4155 4155
1032 1032
912 912
5354 5354
1795 1795
3017 3017
4410 4410
4210 4210
1027 1027
1160 1160
6783 6783
6731 6731
3507 3507
862 862
1004 1004
1101 1101
4796 4796
3152 3152
6735 6735
1461 1461
4408 4408
1083 1083
3132 3132
4114 4114
1785 1785
1024 1024
1469 1469
6602 6602
6311 6311
4729 4729
1070 1070
1045 1045
835 835
6790 6790
6600 6600
1804 1804
1366 1366
1277 1277
5218 5218
1145 1145
974 974
6584 6584
4193 4193
4963 4963
1372 1372
3136 3136
832 832
6303 6303
6289 6289
1144 1144
963 963
1162 1162
6693 6693
4111 4111
6594 6594
1362 1362
4404 4404
970 970
1021 1021
3505 3505
4734 4734
3095 3095
4964 4964
3088 3088
6807 6807
6848 6848
6522 6522
1368 1368
6305 6305
1164 1164
965 965
3119 3119
1012 1012
6596 6596
6615 6615
901 901
4145 4145
4731 4731
1796 1796
899 899
3087 3087
883 883
1511 1511
4424 4424
822 822
6818 6818
1365 1365
1221 1221
973 973
6588 6588
4968 4968
6721 6721
906 906
1185 1185
1468 1468
6523 6523
1031 1031
4691 4691
6695 6695
3160 3160
905 905
958 958
5142 5142
4425 4425
1011 1011
876 876
4618 4618
6809 6809
945 945
900 900
6578 6578
1353 1353
3125 3125
5254 5254
897 897
907 907
3103 3103
1533 1533
933 933
6533 6533
4332 4332
4869 4869
904 904
6296 6296
873 873
3094 3094
4167 4167
809 809
6805 6805
6561 6561
1513 1513
1142 1142
966 966
6591 6591
6376 6376
4562 4562
949 949
6370 6370
5256 5256
932 932
4375 4375
4607 4607
3481 3481
6286 6286
6531 6531
4398 4398
1229 1229
4372 4372
872 872
5257 5257
6368 6368
5003 5003
4604 4604
1228 1228
4689 4689
4757 4757
870 870
4397 4397
4644 4644
4296 4296
1477 1477
6801 6801
4599 4599
4363 4363
6526 6526
4561 4561
4711 4711
4951 4951
4418 4418
4583 4583
4593 4593
4947 4947
4502 4502
4358 4358
4392 4392
4487 4487
4844 4844
4321 4321
4503 4503
4538 4538
4712 4712
4745 4745
4713 4713
4434 4434
4310 4310
4525 4525
4448 4448
4801 4801
4671 4671
6872 6872
4930 4930
4658 4658
4476 4476
4455 4455
4459 4459
4664 4664
4516 4516
4637 4637
4574 4574
