0 0
1 1
1961 2
3042 3
4 4
5 5
6 6
8 8
1292 10
11 11
13 13
2199 14
16 16
19 19
20 20
21 21
23 23
3601 24
25 25
506 26
29 29
597 30
3569 33
34 34
315 35
200 36
3422 38
2603 43
704 46
47 47
48 48
2962 49
51 51
159 53
54 54
55 55
57 57
59 59
60 60
61 61
62 62
65 65
69 69
1739 71
72 72
73 73
2017 76
77 77
3384 78
1930 80
83 83
84 84
85 85
642 86
87 87
3501 88
89 89
90 90
2524 95
97 97
2247 99
1670 100
101 101
103 103
1847 110
113 113
2964 114
1222 115
1789 116
117 117
121 121
123 123
124 124
125 125
127 127
2603 128
1185 129
130 130
2792 132
2247 134
3570 135
1844 139
141 141
2695 142
144 144
146 146
147 147
3099 149
2846 151
152 152
154 154
2325 155
158 158
159 159
949 160
163 163
164 164
1349 165
755 167
1562 168
170 170
953 171
665 172
174 174
175 175
176 176
177 177
179 179
180 180
620 182
185 185
186 186
187 187
188 188
189 189
190 190
1012 195
2253 196
197 197
198 198
1685 199
200 200
1895 201
202 202
1063 203
605 208
209 209
210 210
212 212
213 213
214 214
3163 215
217 217
218 218
220 220
1174 221
222 222
3583 223
3362 224
225 225
228 228
229 229
230 230
232 232
455 233
3447 237
240 240
241 241
242 242
2552 243
245 245
307 247
248 248
249 249
250 250
2082 251
450 252
3037 253
254 254
255 255
2161 257
258 258
259 259
260 260
263 263
264 264
265 265
266 266
267 267
1773 269
271 271
774 272
274 274
275 275
276 276
336 277
278 278
279 279
2068 283
284 284
2459 286
3124 288
289 289
1992 291
1531 293
973 295
298 298
299 299
301 301
303 303
305 305
307 307
308 308
3061 309
311 311
1632 314
315 315
1705 316
319 319
321 321
322 322
3185 324
3159 325
326 326
329 329
330 330
331 331
333 333
334 334
336 336
339 339
341 341
3053 342
348 348
349 349
350 350
1445 351
1370 352
354 354
357 357
586 359
2761 360
2741 365
366 366
367 367
368 368
2455 370
371 371
1999 372
373 373
354 375
376 376
378 378
2591 382
383 383
653 385
2875 386
390 390
3049 395
398 398
399 399
402 402
403 403
405 405
407 407
408 408
1498 410
411 411
412 412
2766 413
411 414
415 415
416 416
418 418
419 419
420 420
67 425
403 426
1491 427
550 429
430 430
433 433
434 434
435 435
438 438
440 440
697 442
443 443
1453 444
446 446
448 448
449 449
1126 450
1392 451
922 452
454 454
457 457
3503 459
898 461
464 464
465 465
578 468
2677 470
473 473
475 475
9 476
3401 477
1185 478
480 480
2968 482
2438 483
2009 485
1083 487
488 488
3077 489
490 490
2655 492
493 493
495 495
497 497
2742 499
2887 500
86 501
667 503
1099 506
509 509
510 510
512 512
514 514
1764 518
519 519
520 520
523 523
2609 524
525 525
501 528
531 531
2417 532
2986 539
2103 540
288 542
543 543
2373 544
546 546
2925 548
2936 549
550 550
554 554
557 557
559 559
561 561
562 562
707 563
564 564
514 566
1962 568
3399 569
2509 577
579 579
580 580
1980 583
585 585
3613 586
587 587
588 588
592 592
1530 593
594 594
960 595
2667 596
3593 599
1373 600
601 601
603 603
604 604
607 607
608 608
609 609
610 610
611 611
1367 612
613 613
263 614
615 615
617 617
618 618
1814 619
621 621
190 622
623 623
625 625
2847 626
627 627
528 629
955 630
631 631
1045 632
633 633
634 634
635 635
637 637
2672 643
644 644
646 646
647 647
2576 648
2195 651
652 652
653 653
961 655
656 656
659 659
660 660
307 661
662 662
1219 664
1345 667
1565 668
672 672
673 673
2605 674
675 675
1211 676
2431 677
395 678
683 683
684 684
686 686
687 687
689 689
690 690
692 692
693 693
694 694
696 696
697 697
698 698
699 699
2068 700
2255 702
3162 703
704 704
706 706
707 707
710 710
1354 712
714 714
716 716
718 718
719 719
720 720
722 722
730 730
734 734
735 735
742 742
743 743
744 744
746 746
748 748
749 749
750 750
752 752
754 754
759 759
1373 760
395 761
762 762
763 763
2535 766
2401 767
2985 768
770 770
841 771
1014 773
1034 774
1922 775
726 776
439 777
113 778
192 781
1553 782
2495 785
786 786
787 787
789 789
790 790
2333 794
795 795
665 800
801 801
803 803
2871 804
805 805
808 808
809 809
814 814
817 817
305 818
820 820
821 821
822 822
824 824
1744 826
3317 830
2698 831
832 832
835 835
105 836
839 839
845 845
846 846
2544 847
1980 848
2642 849
2820 851
855 855
330 856
858 858
2341 859
3189 861
862 862
863 863
304 866
262 867
190 868
870 870
3049 871
872 872
873 873
876 876
2996 878
879 879
1524 880
881 881
3 882
883 883
1009 884
886 886
887 887
890 890
891 891
892 892
331 894
896 896
897 897
899 899
900 900
901 901
3100 902
1503 903
904 904
905 905
906 906
907 907
910 910
67 911
912 912
2208 913
1640 915
916 916
549 917
919 919
922 922
923 923
924 924
925 925
926 926
928 928
929 929
930 930
3463 931
932 932
933 933
2555 934
1099 937
938 938
941 941
942 942
943 943
2205 944
945 945
2208 946
2871 947
949 949
958 958
3148 960
1912 961
3218 962
963 963
965 965
966 966
970 970
973 973
974 974
351 978
61 981
983 983
984 984
985 985
986 986
987 987
988 988
989 989
156 990
991 991
1285 992
993 993
995 995
996 996
379 999
1000 1000
1001 1001
1211 1002
1004 1004
2519 1005
215 1010
1011 1011
1012 1012
1014 1014
1990 1015
1216 1016
1040 1017
1018 1018
1019 1019
1021 1021
366 1023
1024 1024
1738 1026
1027 1027
1028 1028
1031 1031
1032 1032
1036 1036
1037 1037
2631 1039
1040 1040
1042 1042
126 1043
1045 1045
563 1046
605 1047
119 1048
1487 1052
3075 1053
183 1056
1057 1057
1789 1058
1061 1061
1807 1066
1070 1070
3159 1071
1073 1073
1075 1075
2373 1078
1079 1079
1080 1080
1626 1081
1083 1083
429 1084
1087 1087
1088 1088
1090 1090
1092 1092
1094 1094
1095 1095
1098 1098
1099 1099
3596 1100
1101 1101
1102 1102
642 1105
1108 1108
1109 1109
3592 1111
591 1112
1113 1113
1114 1114
1115 1115
3212 1117
1903 1118
1120 1120
1121 1121
2629 1125
1126 1126
1658 1127
2787 1128
1129 1129
1130 1130
1131 1131
1135 1135
1136 1136
3447 1138
1139 1139
3077 1141
1142 1142
1144 1144
1145 1145
3315 1146
1147 1147
1150 1150
1153 1153
1155 1155
6 1156
1636 1157
1160 1160
1162 1162
1163 1163
1164 1164
1166 1166
1172 1172
1174 1174
1176 1176
1177 1177
1185 1185
2273 1187
1188 1188
1189 1189
1195 1195
2641 1206
1207 1207
665 1208
1209 1209
1154 1210
3339 1215
2034 1217
1108 1219
1326 1220
1221 1221
1223 1223
3538 1224
1226 1226
3405 1227
1228 1228
1229 1229
1905 1230
1231 1231
1844 1232
1233 1233
1234 1234
1238 1238
1240 1240
487 1241
2249 1242
1246 1246
188 1248
2710 1249
1251 1251
1540 1253
138 1254
1257 1257
1260 1260
1629 1263
1265 1265
1266 1266
3454 1267
1268 1268
1269 1269
1270 1270
1271 1271
1272 1272
1273 1273
2110 1276
1277 1277
2505 1280
381 1283
140 1284
1286 1286
1288 1288
1289 1289
2889 1290
1291 1291
1293 1293
1295 1295
922 1296
1372 1298
1299 1299
1935 1308
3345 1309
1310 1310
3425 1311
1315 1315
1807 1317
1320 1320
86 1322
1534 1323
2195 1325
1326 1326
3371 1327
2481 1332
304 1333
1334 1334
1335 1335
1444 1336
2128 1338
1354 1340
1341 1341
1342 1342
1345 1345
1346 1346
1347 1347
3049 1349
1399 1350
1351 1351
1353 1353
1564 1354
3430 1355
1356 1356
1357 1357
1358 1358
1359 1359
1362 1362
3189 1363
43 1364
1365 1365
1366 1366
1368 1368
1712 1369
1372 1372
1375 1375
1376 1376
954 1379
1380 1380
1381 1381
1382 1382
1383 1383
954 1388
1389 1389
1390 1390
1731 1391
1393 1393
718 1395
1400 1400
2787 1401
1454 1402
1404 1404
1405 1405
2580 1406
1408 1408
1409 1409
1673 1410
1411 1411
11 1413
1414 1414
1415 1415
1420 1420
1421 1421
393 1422
1425 1425
2344 1426
1427 1427
1429 1429
1431 1431
3191 1432
1437 1437
1438 1438
72 1441
2706 1442
3357 1444
1445 1445
1736 1446
1448 1448
1450 1450
3465 1451
292 1452
2092 1454
188 1456
1461 1461
550 1464
1465 1465
1466 1466
1034 1467
1468 1468
1469 1469
1470 1470
2195 1473
1475 1475
1476 1476
1477 1477
395 1479
1562 1480
1481 1481
1482 1482
3597 1483
1484 1484
1927 1485
3546 1487
1488 1488
3005 1490
2549 1491
1493 1493
3444 1496
611 1498
325 1500
1502 1502
1503 1503
1506 1506
1510 1510
1511 1511
979 1512
1513 1513
1519 1519
1520 1520
1524 1524
1526 1526
1527 1527
1528 1528
1373 1529
1530 1530
3398 1531
1532 1532
1533 1533
3371 1534
1535 1535
3613 1537
1539 1539
1540 1540
677 1542
1543 1543
1544 1544
1545 1545
1546 1546
1547 1547
1548 1548
1550 1550
1551 1551
3075 1552
1553 1553
1554 1554
1556 1556
3588 1557
524 1559
385 1561
1562 1562
2253 1564
640 1571
1798 1572
1574 1574
2739 1575
578 1576
1580 1580
1467 1581
3315 1582
1583 1583
759 1585
1586 1586
1499 1587
1588 1588
1589 1589
1591 1591
1592 1592
1593 1593
1594 1594
1595 1595
1373 1598
1599 1599
1600 1600
1486 1601
1603 1603
626 1604
2148 1606
1076 1607
1608 1608
1609 1609
1815 1610
1611 1611
1616 1616
2854 1618
1620 1620
1621 1621
1525 1622
3118 1624
1626 1626
1267 1630
2056 1631
1633 1633
1634 1634
2071 1635
1636 1636
755 1639
865 1641
3162 1643
1644 1644
3519 1645
377 1649
1242 1650
3643 1652
1654 1654
1310 1655
1312 1656
1659 1659
5409 1660
711 1661
1671 1671
1242 1672
1024 1673
1674 1674
1675 1675
1676 1676
1677 1677
1678 1678
2478 1679
1681 1681
1682 1682
1683 1683
1684 1684
3461 1688
300 1690
1692 1692
3005 1693
877 1695
1696 1696
1697 1697
1699 1699
3162 1700
1701 1701
1705 1705
922 1706
1708 1708
1709 1709
1710 1710
1711 1711
2286 1712
3447 1715
1716 1716
1718 1718
1751 1719
1721 1721
1722 1722
1706 1723
1724 1724
642 1726
11 1727
1728 1728
1729 1729
2816 1731
1732 1732
108 1734
2661 1736
1737 1737
2319 1738
1741 1741
871 1743
1744 1744
1745 1745
1746 1746
1747 1747
1748 1748
3209 1751
1753 1753
1754 1754
1755 1755
974 1756
373 1757
2780 1759
1760 1760
336 1767
1771 1771
1773 1773
3347 1774
1777 1777
1778 1778
1779 1779
1780 1780
1781 1781
35 1782
3181 1784
1785 1785
1786 1786
1928 1787
813 1790
1793 1793
1795 1795
1796 1796
1797 1797
3316 1799
1801 1801
1802 1802
1804 1804
1185 1806
1807 1807
1388 1811
1812 1812
1813 1813
2144 1814
1815 1815
1816 1816
1845 1818
2934 1819
2222 1821
105 1823
1824 1824
1828 1828
1831 1831
1832 1832
3162 1835
1836 1836
1837 1837
3136 1838
1839 1839
878 1842
1843 1843
1844 1844
1845 1845
1846 1846
1847 1847
1285 1848
912 1850
1851 1851
1855 1855
1856 1856
1488 1857
1860 1860
1827 1862
1863 1863
1866 1866
1867 1867
1002 1873
1874 1874
1875 1875
2103 1876
1877 1877
1878 1878
1255 1880
1882 1882
1884 1884
1190 1885
1886 1886
1887 1887
1888 1888
2453 1889
2703 1890
1891 1891
1893 1893
569 1894
1896 1896
1435 1900
61 1903
1904 1904
1905 1905
1907 1907
578 1910
2580 1913
1914 1914
1915 1915
1917 1917
1919 1919
1920 1920
878 1921
2936 1923
1924 1924
1925 1925
1932 1932
1935 1935
1532 1936
1233 1937
1472 1939
1940 1940
1765 1941
1944 1944
1945 1945
123 1946
1948 1948
1367 1950
2409 1952
1953 1953
1954 1954
2417 1957
1959 1959
2090 1963
1964 1964
1967 1967
1968 1968
2993 1969
1973 1973
259 1975
1976 1976
394 1978
1981 1981
617 1982
1984 1984
1988 1988
1989 1989
2058 1991
1994 1994
1996 1996
3374 1997
1999 1999
2000 2000
2001 2001
2886 2002
2003 2003
2004 2004
2005 2005
528 2009
2011 2011
2390 2012
2013 2013
2216 2014
2363 2016
70 2019
1983 2020
2022 2022
2024 2024
2126 2026
2027 2027
2056 2029
2030 2030
2032 2032
2033 2033
2034 2034
2239 2035
944 2036
3597 2037
133 2039
2040 2040
1477 2041
219 2042
152 2043
859 2045
2046 2046
2050 2050
1765 2053
3609 2054
1529 2055
2057 2057
2058 2058
2060 2060
2062 2062
2063 2063
263 2065
383 2066
2662 2067
2068 2068
325 2069
1392 2070
47 2071
2964 2073
2074 2074
298 2076
1328 2077
665 2078
2079 2079
2084 2084
2086 2086
929 2087
2422 2088
1794 2090
2091 2091
2093 2093
2094 2094
2096 2096
2100 2100
2101 2101
2102 2102
2104 2104
2106 2106
2109 2109
728 2111
2112 2112
298 2120
187 2121
2123 2123
2124 2124
2126 2126
2127 2127
231 2128
2129 2129
2130 2130
2131 2131
2383 2136
2142 2142
1716 2143
2184 2146
355 2147
2148 2148
2149 2149
2150 2150
2152 2152
2154 2154
2156 2156
2328 2157
2160 2160
2161 2161
2174 2163
2164 2164
2166 2166
2167 2167
2168 2168
491 2169
2171 2171
2762 2172
2177 2177
2178 2178
39 2179
1551 2182
2184 2184
2187 2187
806 2188
2190 2190
2640 2192
221 2193
2194 2194
3119 2195
2197 2197
2198 2198
2199 2199
2379 2201
2202 2202
2206 2206
1185 2207
2215 2215
953 2217
3463 2218
1794 2219
2220 2220
2221 2221
2222 2222
2224 2224
1522 2227
2229 2229
2230 2230
2231 2231
2232 2232
2234 2234
2513 2235
2239 2239
1828 2240
2792 2242
2243 2243
46 2246
99 2247
2248 2248
2501 2249
2483 2251
2255 2255
2258 2258
2259 2259
2399 2262
785 2264
581 2265
2266 2266
2267 2267
2268 2268
3075 2269
1267 2270
1534 2272
2274 2274
321 2279
2281 2281
2282 2282
1365 2285
2286 2286
2287 2287
2291 2291
2294 2294
2295 2295
1499 2297
2298 2298
2299 2299
2300 2300
527 2301
2302 2302
659 2303
2304 2304
1180 2306
2308 2308
2309 2309
2148 2310
3317 2311
251 2312
2313 2313
395 2315
430 2316
1369 2321
2322 2322
698 2324
2325 2325
2326 2326
2327 2327
2328 2328
2329 2329
2836 2331
859 2332
1980 2333
2334 2334
1106 2335
2336 2336
2337 2337
2338 2338
2339 2339
2340 2340
2341 2341
2999 2342
2047 2343
2345 2345
2346 2346
3296 2348
354 2350
2351 2351
2735 2352
362 2353
2354 2354
2225 2355
2357 2357
2358 2358
2360 2360
2364 2364
2366 2366
2368 2368
974 2369
67 2370
2372 2372
2750 2373
797 2374
1716 2376
2378 2378
2380 2380
3444 2381
2382 2382
2383 2383
2384 2384
2386 2386
1139 2390
1868 2391
3293 2392
2395 2395
2396 2396
2397 2397
2398 2398
3654 2401
2402 2402
262 2403
1257 2405
3114 2406
2389 2407
2409 2409
2410 2410
1562 2411
2413 2413
2414 2414
2416 2416
2417 2417
1801 2418
2419 2419
805 2421
479 2422
2425 2425
2428 2428
760 2429
2430 2430
3606 2431
1015 2433
2436 2436
2438 2438
2439 2439
2442 2442
1773 2443
2444 2444
2446 2446
1542 2447
3371 2448
2449 2449
2451 2451
1600 2452
3559 2453
2175 2454
1060 2455
2301 2457
2461 2461
2463 2463
2465 2465
2468 2468
2470 2470
2473 2473
2401 2477
1701 2479
2480 2480
2549 2481
1349 2482
2483 2483
2508 2486
2487 2487
547 2488
2489 2489
2548 2490
307 2491
2492 2492
2493 2493
2494 2494
2496 2496
2498 2498
2500 2500
2501 2501
2756 2502
3264 2503
3205 2504
2505 2505
2325 2508
1309 2509
2510 2510
3179 2513
2090 2518
2519 2519
2680 2520
2521 2521
1363 2524
2525 2525
2526 2526
3120 2527
2528 2528
2529 2529
1710 2530
2759 2533
2536 2536
2929 2537
2538 2538
2539 2539
2541 2541
2542 2542
2543 2543
2545 2545
2547 2547
2549 2549
1584 2553
922 2554
573 2555
2556 2556
2557 2557
2558 2558
1738 2559
2560 2560
1836 2562
2564 2564
2565 2565
1939 2566
2048 2568
2569 2569
2571 2571
2572 2572
2573 2573
2576 2576
2577 2577
2580 2580
1414 2581
714 2582
2584 2584
2835 2587
2589 2589
2590 2590
2591 2591
2255 2595
2596 2596
2597 2597
2598 2598
2599 2599
2600 2600
2602 2602
630 2603
2261 2604
2792 2605
1971 2608
2227 2609
2611 2611
2612 2612
1916 2614
665 2616
3025 2617
2619 2619
2972 2620
625 2621
1922 2622
2623 2623
2624 2624
2123 2625
3604 2627
2628 2628
2629 2629
3354 2630
2304 2631
2632 2632
2633 2633
2634 2634
2635 2635
2641 2637
2638 2638
1597 2640
2641 2641
2643 2643
2648 2648
2829 2649
1214 2650
3624 2651
1995 2652
2653 2653
3572 2654
2656 2656
3639 2658
2662 2662
2663 2663
67 2665
2668 2668
2669 2669
3 2670
2671 2671
2674 2674
2675 2675
2676 2676
2678 2678
2679 2679
1446 2680
2681 2681
3366 2682
2683 2683
1694 2686
556 2687
2688 2688
2691 2691
872 2692
1349 2694
979 2696
3091 2697
1355 2698
2794 2699
2703 2703
2512 2706
1801 2707
1197 2708
2709 2709
2710 2710
3555 2711
2712 2712
2713 2713
2714 2714
2717 2717
2718 2718
2719 2719
2029 2722
2724 2724
2725 2725
2726 2726
2727 2727
3499 2728
59 2729
1685 2730
2732 2732
2734 2734
1561 2736
2737 2737
1174 2738
21 2742
956 2743
2745 2745
2746 2746
2748 2748
1738 2751
2752 2752
2754 2754
2756 2756
454 2757
2758 2758
2760 2760
2761 2761
2762 2762
665 2763
313 2764
2766 2766
2769 2769
528 2773
2774 2774
2776 2776
2883 2777
2995 2778
2779 2779
2780 2780
1346 2781
960 2782
371 2785
2788 2788
2791 2791
2217 2792
2795 2795
824 2796
2797 2797
391 2798
2801 2801
2805 2805
3149 2806
2808 2808
1579 2809
2811 2811
2710 2812
2275 2813
2815 2815
3196 2818
2819 2819
2822 2822
1008 2824
2826 2826
997 2827
3619 2828
393 2829
2830 2830
2305 2831
2832 2832
2833 2833
2193 2841
2844 2844
2846 2846
2848 2848
2849 2849
1763 2852
2675 2853
3124 2854
2855 2855
2856 2856
2859 2859
2860 2860
2771 2861
2862 2862
2863 2863
2865 2865
502 2869
2870 2870
1292 2873
2876 2876
2877 2877
2879 2879
2880 2880
2883 2883
2884 2884
36 2885
2581 2888
2889 2889
2890 2890
1064 2892
2893 2893
2894 2894
1711 2895
2896 2896
15 2897
3376 2898
1219 2900
2902 2902
2903 2903
1650 2905
2906 2906
1540 2907
2908 2908
3554 2910
2805 2912
2915 2915
2918 2918
2920 2920
2924 2924
2925 2925
2926 2926
2486 2927
261 2929
2930 2930
2931 2931
2932 2932
2934 2934
2373 2937
2938 2938
1215 2939
2941 2941
2944 2944
2945 2945
3315 2947
2200 2948
2950 2950
2952 2952
2953 2953
2954 2954
2955 2955
2960 2960
2961 2961
598 2962
551 2963
2965 2965
2966 2966
2969 2969
2970 2970
2971 2971
5663 2973
2974 2974
2095 2975
2977 2977
2766 2980
2981 2981
1257 2986
2990 2990
2994 2994
2995 2995
2710 2996
1550 2997
2998 2998
2999 2999
2683 3002
3004 3004
3005 3005
3006 3006
2677 3007
3009 3009
3010 3010
3012 3012
3013 3013
3014 3014
1510 3015
3581 3016
3017 3017
3018 3018
3019 3019
3020 3020
1530 3021
3023 3023
1613 3024
2380 3025
3028 3028
3031 3031
1377 3034
3035 3035
3036 3036
1619 3037
1375 3038
2413 3039
3041 3041
3179 3042
3043 3043
3044 3044
2640 3045
953 3048
782 3049
3051 3051
3055 3055
3058 3058
3059 3059
21 3060
3061 3061
3430 3062
3063 3063
3068 3068
3069 3069
3072 3072
3074 3074
3075 3075
3076 3076
3078 3078
1347 3083
3087 3087
3088 3088
3090 3090
2461 3093
3094 3094
3095 3095
3098 3098
3099 3099
3100 3100
3101 3101
3615 3102
3103 3103
1167 3106
3109 3109
3622 3115
3116 3116
3119 3119
3124 3124
3125 3125
3127 3127
3128 3128
2383 3129
3130 3130
3132 3132
2175 3134
3135 3135
3136 3136
3138 3138
2675 3144
3145 3145
3146 3146
3147 3147
3150 3150
3151 3151
3152 3152
424 3154
2854 3155
3156 3156
3157 3157
1801 3158
3160 3160
1813 3161
2364 3163
2304 3164
3165 3165
3166 3166
2781 3167
3169 3169
913 3170
3174 3174
412 3175
3177 3177
3178 3178
3180 3180
1761 3181
3182 3182
3186 3186
3187 3187
3188 3188
3189 3189
3190 3190
3192 3192
3194 3194
3195 3195
478 3197
2132 3198
3200 3200
3202 3202
2358 3205
1006 3206
806 3208
3209 3209
2784 3210
3211 3211
1185 3213
3216 3216
330 3217
3218 3218
3093 3221
3239 3222
1154 3223
3225 3225
3228 3228
3230 3230
3233 3233
3234 3234
2132 3235
3237 3237
3238 3238
3463 3239
3241 3241
3486 3245
3246 3246
3247 3247
3249 3249
3250 3250
3251 3251
3252 3252
3253 3253
2215 3255
3258 3258
3260 3260
3261 3261
3262 3262
3263 3263
3656 3264
3266 3266
3134 3267
3269 3269
475 3271
3272 3272
3348 3275
3577 3276
3277 3277
2542 3280
3281 3281
3282 3282
3481 3285
986 3287
2224 3289
2979 3290
3291 3291
3498 3292
3293 3293
2170 3295
3456 3296
3322 3297
2342 3298
3299 3299
3300 3300
3310 3301
3344 3304
3308 3308
3310 3310
10 3311
3312 3312
3315 3315
3316 3316
3379 3318
3319 3319
3323 3323
1898 3325
3327 3327
2549 3328
3332 3332
3333 3333
3334 3334
3335 3335
3559 3336
2095 3337
3338 3338
3339 3339
3342 3342
3346 3346
3347 3347
1355 3348
3349 3349
3350 3350
3353 3353
3354 3354
3355 3355
3356 3356
86 3357
3360 3360
3361 3361
3193 3362
3363 3363
3364 3364
3365 3365
3366 3366
3368 3368
3371 3371
3372 3372
3373 3373
2488 3375
3377 3377
3378 3378
3379 3379
3380 3380
3381 3381
3382 3382
3384 3384
3388 3388
3389 3389
3534 3390
3392 3392
1062 3393
3395 3395
760 3397
1531 3398
3238 3399
3401 3401
3404 3404
3407 3407
3408 3408
3409 3409
3061 3410
3412 3412
3615 3413
3414 3414
3415 3415
3418 3418
3419 3419
3420 3420
3424 3424
1565 3426
3427 3427
2934 3428
3432 3432
3433 3433
3435 3435
3437 3437
3439 3439
3441 3441
1451 3443
2422 3444
3641 3446
3448 3448
896 3449
3450 3450
3452 3452
3453 3453
3613 3457
1980 3458
3459 3459
3460 3460
3383 3461
3463 3463
3465 3465
3496 3466
3336 3467
3470 3470
3465 3471
3472 3472
3473 3473
3422 3476
3478 3478
2368 3480
3481 3481
3482 3482
3483 3483
3485 3485
3486 3486
3487 3487
3490 3490
3491 3491
3493 3493
3496 3496
3497 3497
3501 3501
710 3503
3505 3505
3507 3507
3016 3508
3509 3509
3512 3512
3513 3513
3410 3514
3515 3515
3516 3516
3517 3517
3518 3518
3522 3522
1873 3523
3524 3524
3526 3526
3556 3527
3528 3528
3529 3529
3530 3530
2450 3531
3659 3532
3533 3533
3501 3535
3536 3536
3537 3537
254 3538
3539 3539
3485 3540
2854 3541
3543 3543
558 3544
3547 3547
2739 3548
3549 3549
3550 3550
3551 3551
3552 3552
3553 3553
3556 3556
3646 3558
3559 3559
3560 3560
3572 3561
3563 3563
1285 3564
3455 3565
3566 3566
1260 3567
3571 3571
790 3572
3414 3573
3575 3575
3276 3577
3578 3578
3442 3579
3580 3580
3581 3581
946 3583
3584 3584
3585 3585
3586 3586
3438 3587
3588 3588
3598 3589
3360 3590
3591 3591
3592 3592
504 3593
3594 3594
3598 3598
3599 3599
3600 3600
3603 3603
1126 3604
1770 3605
3607 3607
3608 3608
2443 3609
1936 3610
3611 3611
3612 3612
686 3615
3618 3618
3619 3619
1764 3621
3622 3622
3623 3623
3626 3626
3629 3629
3265 3630
1163 3631
3633 3633
3634 3634
2239 3637
3639 3639
3640 3640
3641 3641
1939 3643
3593 3646
3648 3648
118 3649
3652 3652
3653 3653
3538 3656
3306 3658
3660 3660
1039 3661
585 3662
3663 3663
67 3666
3667 3667
2933 3668
3563 3669
2538 3670
3671 3671
3672 3672
6248 3675
4427 3676
3678 3678
4719 3679
6413 3680
3681 3681
4220 3682
5705 3683
5982 3684
3687 3687
5962 3688
6026 3691
4751 3692
3694 3694
3695 3695
3698 3698
4362 3699
3700 3700
4164 3701
4987 3702
4334 3703
3704 3704
3706 3706
3707 3707
6202 3708
3710 3710
5764 3711
4843 3713
3715 3715
3718 3718
3947 3721
3723 3723
3854 3726
4286 3727
5179 3728
5001 3729
3731 3731
6305 3734
4221 3735
4220 3736
3739 3739
5861 3740
3745 3745
5133 3746
5073 3747
4662 3748
3749 3749
5105 3751
3753 3753
4649 3756
3757 3757
3758 3758
6028 3762
3763 3763
4461 3764
3768 3768
5996 3769
5594 3771
3772 3772
3744 3773
3774 3774
5382 3775
6841 3776
4475 3779
4627 3780
6819 3781
4610 3782
3784 3784
6189 3786
6816 3787
3995 3788
4980 3789
3790 3790
5015 3793
3795 3795
3796 3796
3797 3797
3798 3798
3799 3799
3800 3800
4695 3803
3804 3804
3805 3805
3808 3808
5899 3810
3756 3811
3812 3812
3813 3813
6016 3815
3818 3818
3819 3819
4651 3820
3821 3821
4548 3823
3824 3824
3825 3825
3826 3826
5730 3827
6709 3828
3807 3831
5742 3832
5191 3838
3839 3839
5621 3841
3843 3843
3844 3844
3845 3845
4691 3846
4322 3847
4598 3848
5423 3850
4284 3851
3852 3852
6795 3853
4466 3857
6770 3858
5264 3859
4584 3860
5838 3861
5268 3862
5344 3863
3864 3864
3715 3865
3866 3866
5015 3867
3868 3868
3869 3869
3870 3870
4014 3873
5981 3874
3968 3876
3877 3877
3741 3880
4434 3881
4679 3882
5117 3884
3995 3886
3888 3888
4547 3890
3892 3892
3893 3893
4298 3896
3900 3900
4485 3902
4814 3908
5102 3909
5916 3910
4065 3911
4531 3912
3913 3913
3959 3918
6021 3920
3925 3925
3926 3926
6802 3928
4634 3929
3930 3930
3931 3931
3932 3932
6584 3933
4835 3935
5533 3937
5047 3938
3939 3939
6210 3943
3832 3947
5508 3948
5597 3949
6517 3950
4545 3951
5684 3952
3953 3953
3954 3954
3955 3955
3956 3956
4895 3957
5076 3958
5845 3959
3960 3960
3963 3963
5742 3964
5677 3967
6337 3968
6873 3970
3971 3971
5191 3972
3973 3973
6501 3974
3975 3975
3816 3980
3983 3983
4524 3984
3985 3985
3987 3987
3990 3990
5754 3997
6732 3998
4001 4001
4004 4004
4005 4005
4006 4006
6772 4007
5015 4008
4196 4009
4012 4012
4726 4016
6075 4017
6082 4018
4037 4019
4020 4020
4023 4023
4473 4026
4117 4028
4029 4029
5942 4030
4466 4031
4032 4032
6694 4033
3908 4035
5634 4037
6105 4038
4039 4039
3984 4040
4044 4044
4045 4045
5885 4050
5562 4051
3841 4055
6501 4056
3804 4057
5500 4058
4254 4061
4132 4063
6522 4065
6878 4066
4070 4070
4428 4074
6176 4075
4334 4077
4245 4078
4914 4081
4762 4082
5917 4083
4436 4087
6608 4089
5746 4091
5252 4093
5972 4094
5493 4098
4457 4099
5462 4100
4102 4102
6761 4104
5658 4105
5931 4106
4130 4107
4148 4108
6590 4109
4111 4111
6299 4112
4263 4113
4114 4114
6086 4115
6240 4119
6734 4120
5679 4121
4122 4122
5777 4126
6478 4130
4131 4131
6553 4132
4134 4134
5562 4136
4138 4138
3887 4140
5762 4142
5006 4144
4145 4145
5503 4146
6117 4148
4149 4149
6618 4150
3732 4151
4185 4152
6304 4154
4155 4155
5796 4156
6526 4157
4158 4158
4160 4160
4673 4163
4295 4165
4167 4167
4170 4170
5293 4171
4782 4173
5827 4175
5396 4176
6502 4177
4389 4178
6032 4179
5919 4180
4183 4183
4401 4185
4552 4186
3791 4188
4409 4189
3804 4190
4193 4193
5564 4194
3876 4195
4200 4200
5020 4203
5195 4205
4206 4206
6849 4207
5821 4208
6716 4209
4210 4210
4214 4214
6672 4216
4217 4217
4219 4219
4221 4221
4223 4223
5189 4225
4226 4226
5365 4227
6500 4228
4196 4229
4234 4234
4857 4235
4237 4237
4567 4238
5687 4246
4247 4247
6105 4248
4252 4252
5391 4253
6762 4254
6445 4255
4257 4257
4254 4259
4651 4263
4264 4264
3959 4265
4268 4268
4697 4270
5062 4271
3807 4273
4495 4274
3745 4276
4278 4278
4678 4279
6705 4281
4537 4282
5866 4286
3744 4288
6767 4290
5880 4291
4323 4293
4294 4294
4296 4296
4867 4297
4897 4298
4299 4299
6635 4302
3842 4303
4305 4305
4307 4307
4300 4308
4310 4310
5872 4311
6497 4312
3983 4315
6777 4316
4163 4317
6150 4318
4321 4321
3847 4322
4324 4324
4980 4328
5412 4330
4332 4332
3771 4333
4241 4334
3706 4337
4372 4338
5647 4339
5378 4343
6308 4344
6501 4345
5006 4346
4916 4349
3904 4350
3782 4351
4067 4352
3809 4353
5834 4354
5729 4355
3975 4356
6440 4357
4358 4358
4247 4359
4443 4361
4363 4363
6549 4364
4366 4366
6062 4369
4372 4372
4375 4375
6756 4376
5678 4379
5874 4380
3708 4381
6783 4382
6723 4383
5006 4385
4671 4388
4511 4390
4392 4392
5612 4393
6716 4394
4397 4397
4398 4398
4365 4399
4401 4401
4070 4402
6594 4403
4404 4404
6503 4407
4408 4408
4410 4410
4411 4411
6039 4412
6497 4414
4554 4416
5051 4417
4418 4418
4701 4419
4420 4420
5490 4421
6738 4422
5796 4423
4424 4424
4425 4425
6680 4430
4434 4434
6586 4437
6665 4438
4201 4439
5624 4442
5564 4444
5168 4445
5974 4447
4448 4448
4727 4449
5663 4451
4936 4454
4455 4455
3977 4456
4459 4459
6796 4463
4402 4464
4564 4465
5029 4471
3708 4472
4949 4473
5769 4474
3790 4475
4476 4476
4002 4477
4932 4478
4824 4480
4481 4481
5425 4483
4063 4484
4485 4485
4487 4487
6819 4489
4052 4490
3794 4491
4806 4492
4493 4493
4494 4494
3745 4495
3831 4496
6231 4497
4464 4500
4555 4501
4502 4502
4503 4503
4504 4504
4505 4505
5330 4506
3715 4508
4509 4509
4678 4511
4942 4513
5391 4514
4515 4515
4516 4516
6322 4517
4519 4519
4525 4525
3715 4526
4420 4527
4674 4528
6427 4529
4893 4530
5326 4531
5689 4533
6501 4536
4537 4537
4538 4538
4159 4540
6786 4542
4893 4543
6189 4545
4546 4546
4473 4547
4308 4548
4552 4552
6355 4553
5048 4554
4733 4556
6497 4557
5109 4559
4561 4561
4562 4562
4590 4563
5982 4564
4997 4565
6069 4566
4568 4568
4569 4569
6046 4572
4574 4574
5975 4577
4183 4579
6388 4582
4583 4583
3879 4584
3790 4588
5435 4590
4877 4591
4806 4592
4593 4593
4377 4597
6323 4598
4599 4599
5078 4600
5318 4601
4945 4602
6856 4603
4604 4604
6449 4606
4607 4607
6221 4608
3890 4611
4401 4613
6679 4614
6738 4616
4618 4618
4316 4619
4355 4620
4270 4622
4528 4623
5806 4627
6256 4629
4466 4630
3926 4631
6744 4633
4637 4637
5638 4641
4647 4642
4644 4644
4650 4650
5775 4651
5826 4652
4653 4653
6608 4656
4658 4658
4897 4660
5564 4661
5054 4663
4664 4664
5015 4666
4671 4671
5941 4672
5391 4674
4677 4677
5658 4679
5856 4680
6141 4681
3764 4683
4684 4684
6786 4686
4687 4687
5886 4688
4689 4689
5806 4690
4691 4691
5939 4693
6359 4694
6234 4695
4696 4696
6170 4698
5015 4699
3769 4701
6671 4706
5075 4707
6352 4710
4711 4711
4712 4712
4713 4713
4714 4714
3778 4716
6056 4718
4719 4719
5564 4720
6080 4723
6858 4725
3836 4727
4729 4729
4731 4731
4734 4734
4735 4735
5200 4740
5623 4743
4745 4745
4501 4746
6360 4747
4873 4751
6428 4755
4756 4756
4757 4757
5302 4760
4761 4761
5039 4762
3833 4763
4764 4764
4766 4766
6080 4768
4712 4770
4113 4771
3804 4774
6581 4775
4152 4776
4325 4778
4779 4779
4157 4780
4473 4782
5786 4783
5364 4784
3820 4785
3911 4791
4793 4793
4436 4794
4667 4795
4796 4796
4797 4797
5790 4798
4799 4799
5167 4800
4801 4801
6217 4802
4806 4806
5647 4811
4817 4817
4820 4820
4821 4821
4824 4824
5798 4825
4827 4827
6110 4828
4872 4829
4831 4831
4833 4833
5419 4835
5563 4836
4837 4837
4932 4839
5388 4841
4844 4844
5173 4845
4849 4849
4850 4850
4852 4852
4854 4854
4727 4855
4485 4858
6398 4859
4419 4861
4822 4862
4863 4863
4864 4864
5678 4865
6313 4868
4869 4869
4874 4874
4782 4876
4591 4877
6210 4879
6199 4880
6474 4882
6169 4883
5731 4885
6856 4890
4891 4891
5705 4892
3847 4893
6509 4894
4897 4897
4899 4899
6828 4901
6322 4903
4879 4905
4906 4906
4907 4907
4196 4908
4909 4909
4910 4910
5056 4912
5346 4913
4469 4914
4915 4915
5728 4916
4638 4920
5101 4922
6345 4923
4542 4925
4273 4926
5293 4927
4930 4930
3708 4931
6731 4932
5507 4933
4338 4934
4607 4935
4368 4938
4667 4942
6129 4946
4947 4947
4948 4948
6580 4950
4951 4951
5047 4952
4956 4956
6041 4957
4958 4958
4313 4960
6644 4962
4963 4963
4964 4964
4968 4968
6746 4970
4150 4973
4974 4974
6117 4975
6501 4976
5326 4977
3850 4978
4651 4979
6104 4981
5193 4985
6338 4989
4992 4992
5029 4994
3820 4996
4177 4997
4528 4998
5690 5000
5003 5003
4838 5004
5006 5006
5009 5009
5011 5011
5012 5012
4805 5015
5016 5016
6870 5017
4247 5018
5020 5020
5169 5021
3710 5024
5895 5025
5243 5026
5027 5027
6785 5028
4252 5030
5891 5032
5035 5035
3765 5039
4741 5040
4956 5041
5083 5042
5043 5043
5680 5044
4401 5045
6386 5046
4602 5047
6129 5049
5050 5050
5051 5051
4815 5052
5055 5055
5056 5056
4187 5058
3981 5059
5979 5061
6488 5064
5066 5066
4506 5067
5068 5068
5069 5069
5070 5070
4291 5072
5126 5073
5075 5075
6471 5077
5078 5078
5079 5079
5051 5080
6185 5081
5559 5082
4461 5083
5084 5084
5086 5086
4822 5087
5089 5089
5090 5090
5507 5091
5092 5092
5096 5096
4148 5097
5099 5099
3682 5100
4215 5102
4126 5103
6216 5104
4220 5105
5797 5107
5105 5108
3784 5109
5647 5111
5194 5112
5113 5113
5859 5114
5117 5117
4222 5118
4034 5119
3718 5122
5123 5123
5124 5124
5125 5125
6129 5129
5130 5130
6139 5132
5919 5133
6466 5136
3708 5139
5268 5140
5141 5141
5142 5142
5017 5143
4564 5145
5166 5146
4773 5148
4777 5149
5150 5150
4753 5151
6188 5154
6832 5157
5159 5159
4328 5160
4767 5162
5164 5164
4555 5165
6139 5166
6371 5167
6146 5170
5172 5172
5052 5173
5174 5174
5357 5175
5336 5176
5018 5178
4760 5180
5181 5181
5186 5186
4430 5189
5190 5190
5664 5192
5194 5195
5197 5197
3680 5199
5201 5201
5202 5202
5015 5204
5205 5205
6741 5206
6696 5207
5209 5209
5210 5210
6398 5212
5214 5214
6796 5215
4942 5217
5218 5218
5221 5221
4269 5222
5223 5223
5306 5225
6060 5228
5229 5229
6139 5230
5716 5233
5235 5235
3929 5236
5025 5237
3869 5238
6532 5240
5241 5241
5014 5242
3678 5243
5359 5245
6587 5247
4575 5250
6295 5253
5254 5254
5256 5256
5257 5257
6588 5259
5908 5262
6608 5263
6523 5266
4345 5267
5269 5269
5270 5270
5271 5271
3831 5277
4985 5281
4271 5282
4727 5283
6301 5284
5803 5289
5290 5290
5897 5291
6164 5293
5294 5294
4183 5296
5163 5298
5780 5300
5301 5301
4921 5302
6440 5303
5304 5304
5306 5306
5308 5308
6340 5311
3769 5316
5689 5321
5324 5324
5325 5325
5269 5329
4025 5331
6843 5332
3698 5333
5926 5336
5695 5337
5339 5339
3798 5341
6533 5343
5344 5344
5931 5345
5346 5346
5347 5347
5349 5349
5350 5350
4782 5351
5352 5352
5353 5353
5354 5354
5336 5355
5356 5356
5559 5362
5228 5363
5456 5364
6082 5365
5752 5366
5507 5367
3730 5368
5369 5369
4609 5370
3959 5371
5728 5375
5653 5376
5377 5377
5379 5379
5381 5381
6760 5382
5383 5383
5384 5384
5385 5385
5882 5388
3777 5389
6195 5390
6621 5393
5700 5394
4456 5395
5731 5397
6134 5398
4341 5399
5402 5402
5403 5403
5406 5406
5687 5408
5409 5409
5410 5410
5411 5411
6434 5412
5690 5415
3714 5417
4908 5420
5421 5421
6129 5424
5835 5426
6524 5427
5695 5428
5465 5430
6110 5432
5433 5433
5742 5434
4128 5436
6704 5437
4175 5439
6572 5440
5996 5441
5442 5442
4238 5443
6856 5444
4921 5445
5546 5446
5447 5447
4388 5448
6080 5451
5452 5452
5000 5453
5679 5454
6472 5455
5931 5456
6552 5457
5458 5458
5015 5460
3978 5462
5464 5464
3999 5466
4314 5469
6168 5472
5473 5473
4017 5475
6497 5477
3732 5478
5191 5480
5617 5482
3682 5483
4334 5484
6400 5485
5592 5486
5220 5487
5237 5490
5492 5492
6500 5493
3739 5494
5497 5497
6686 5498
4895 5500
5503 5503
6199 5509
5510 5510
5679 5511
5897 5512
5038 5513
5515 5515
5517 5517
5518 5518
4004 5519
4817 5521
6572 5522
5523 5523
6718 5525
5528 5528
5019 5530
5532 5532
6311 5533
4733 5535
4773 5536
6800 5538
5539 5539
5796 5541
5542 5542
6117 5543
6700 5544
6579 5546
3708 5548
5549 5549
5550 5550
4222 5554
6221 5556
5557 5557
5503 5561
4252 5562
5563 5563
5162 5564
4165 5567
5568 5568
5259 5569
6439 5570
5573 5573
5425 5574
3732 5577
6465 5578
3890 5580
5581 5581
5972 5583
4866 5584
5586 5586
4504 5591
4932 5594
3915 5595
4478 5596
6273 5597
4782 5599
3965 5601
5602 5602
5484 5603
5624 5604
3762 5605
4559 5606
4920 5607
6654 5608
5610 5610
5612 5612
5613 5613
5619 5619
5931 5620
5621 5621
6484 5626
4779 5628
5630 5630
4451 5633
5634 5634
4963 5635
6868 5637
5641 5641
3879 5642
6130 5643
4148 5644
6819 5645
5646 5646
5500 5647
6247 5648
6618 5650
5651 5651
6789 5652
6060 5655
4705 5656
6856 5660
4460 5663
3724 5665
3708 5669
4323 5670
5675 5675
5676 5676
5321 5678
4828 5683
4727 5685
3986 5689
5690 5690
4678 5692
5391 5694
4323 5695
5696 5696
5697 5697
4013 5698
5700 5700
5701 5701
4110 5702
5704 5704
5705 5705
5706 5706
5707 5707
5708 5708
5710 5710
4718 5711
5072 5712
5714 5714
6032 5715
5717 5717
6802 5718
4068 5719
5762 5720
5689 5721
6582 5722
5167 5723
4005 5726
6711 5727
5728 5728
3755 5729
5647 5730
3696 5731
5735 5735
5736 5736
6502 5737
4883 5740
5779 5741
5508 5743
3713 5744
5746 5746
4735 5749
5750 5750
5752 5752
3724 5753
5755 5755
3937 5756
4350 5758
5760 5760
5762 5762
5900 5764
5972 5765
3794 5766
5964 5767
4848 5769
6217 5770
4544 5772
4739 5774
5777 5777
6436 5779
4932 5780
6567 5782
5785 5785
3732 5787
4009 5788
4163 5789
4961 5790
5791 5791
5117 5792
5794 5794
5795 5795
5330 5796
5797 5797
5802 5802
5803 5803
3679 5804
6080 5805
5714 5806
4581 5808
6199 5809
4886 5810
5811 5811
5812 5812
6644 5813
4846 5814
3807 5815
5350 5816
5820 5820
5931 5822
5507 5823
3964 5826
4922 5829
4645 5830
4767 5833
6666 5838
6069 5839
5840 5840
4768 5843
4696 5844
5845 5845
6611 5848
4170 5852
6134 5853
5013 5854
6059 5855
5700 5859
5331 5860
5861 5861
5862 5862
5863 5863
4626 5864
6761 5867
5868 5868
4851 5870
3889 5872
5873 5873
5874 5874
4701 5875
5116 5876
4291 5880
3785 5881
5202 5882
5883 5883
4793 5884
5725 5885
4198 5886
3945 5887
4827 5890
5891 5891
6802 5892
3937 5893
6141 5895
4084 5896
4451 5898
4196 5899
5902 5902
3953 5903
5904 5904
5906 5906
5516 5911
5915 5915
3858 5916
6129 5919
3863 5920
6790 5923
4504 5925
3904 5926
4240 5927
4547 5929
5932 5932
5933 5933
4988 5934
5872 5936
5939 5939
5109 5940
5941 5941
6565 5942
5010 5945
4215 5946
6594 5947
5948 5948
5949 5949
4107 5950
5951 5951
5954 5954
5957 5957
5958 5958
5959 5959
6436 5960
4893 5961
5962 5962
6500 5965
5967 5967
6594 5970
4620 5973
6659 5974
6134 5975
5976 5976
5977 5977
5978 5978
3708 5979
5980 5980
3874 5981
3887 5983
3768 5984
4953 5986
5987 5987
5762 5989
5990 5990
5991 5991
6021 5992
4148 5993
5994 5994
3708 5995
5996 5996
5998 5998
5999 5999
6387 6002
6139 6004
6508 6006
6705 6008
4484 6009
6010 6010
6080 6012
4809 6015
4207 6016
5866 6017
6020 6020
6024 6024
6544 6025
6029 6029
6501 6031
6819 6033
4083 6035
5006 6036
6112 6037
6038 6038
6041 6041
6042 6042
6039 6045
4323 6046
6047 6047
6606 6048
6050 6050
6052 6052
6043 6053
4198 6054
6055 6055
6056 6056
5855 6059
3774 6061
6189 6062
4874 6063
6064 6064
6066 6066
4627 6068
5441 6069
5444 6070
6377 6071
4212 6072
4436 6073
6769 6075
6650 6076
6077 6077
5015 6078
6080 6080
6705 6082
6164 6083
4140 6084
6501 6088
6080 6089
5177 6092
5963 6093
6095 6095
3945 6097
3939 6099
6101 6101
6105 6105
4326 6106
6107 6107
4147 6108
4745 6109
5645 6113
6117 6117
5592 6119
4563 6120
6122 6122
5159 6123
3777 6125
6126 6126
3678 6128
5266 6130
6131 6131
6134 6134
5015 6135
3977 6137
5897 6139
6140 6140
4667 6141
6142 6142
6143 6143
4307 6145
5283 6149
6150 6150
6151 6151
6152 6152
3713 6154
4475 6155
4504 6158
6159 6159
6160 6160
5824 6162
5777 6163
6166 6166
6580 6167
4295 6169
6501 6173
6175 6175
6177 6177
6179 6179
6180 6180
5676 6187
6188 6188
6192 6192
6193 6193
4461 6195
6196 6196
4554 6197
4229 6198
4791 6201
6811 6204
6205 6205
3708 6207
5043 6208
6209 6209
6210 6210
3788 6211
6215 6215
6331 6216
4220 6218
6795 6220
5647 6222
4012 6224
6225 6225
6226 6226
4750 6227
6228 6228
6231 6231
6057 6237
6238 6238
6117 6240
6241 6241
6579 6245
6248 6248
4895 6255
4520 6256
5753 6257
6258 6258
4371 6259
6260 6260
4673 6261
4817 6263
4342 6264
6061 6265
6268 6268
4242 6271
5109 6274
5827 6275
6276 6276
4240 6279
4343 6280
5955 6283
5264 6285
6286 6286
6289 6289
4099 6290
6291 6291
5582 6293
5463 6295
6296 6296
4106 6298
5783 6302
6303 6303
5670 6304
6305 6305
6694 6307
5926 6308
4282 6309
5157 6310
6311 6311
5742 6312
4099 6313
5856 6314
5512 6315
6573 6317
6319 6319
5801 6322
4539 6323
4853 6324
6325 6325
6326 6326
4768 6328
6332 6332
6334 6334
6336 6336
4334 6337
6338 6338
3807 6339
6320 6344
6346 6346
5267 6347
4460 6348
6349 6349
6350 6350
6422 6351
6352 6352
6356 6356
4034 6357
3773 6358
6141 6359
4458 6360
6361 6361
6017 6364
4989 6365
6368 6368
6370 6370
4342 6371
3939 6372
5708 6373
3769 6375
6376 6376
5934 6377
6497 6379
6107 6384
5970 6386
6781 6387
5507 6392
6393 6393
6394 6394
6362 6395
4246 6398
5392 6401
6402 6402
6336 6403
4429 6405
6406 6406
5756 6410
6411 6411
6110 6412
6415 6415
3859 6416
6432 6418
5771 6419
4807 6420
4062 6421
6423 6423
5495 6424
4824 6425
4345 6427
6428 6428
6430 6430
5336 6432
6433 6433
4802 6435
5205 6438
6439 6439
5885 6440
4528 6441
6667 6442
3890 6443
6447 6447
5866 6448
4824 6449
6451 6451
4326 6452
3859 6457
6197 6458
6459 6459
6081 6460
6550 6461
5810 6462
6428 6464
5192 6466
6467 6467
6469 6469
6470 6470
4727 6475
5861 6476
6477 6477
5530 6480
5272 6482
4556 6484
6487 6487
4773 6488
6209 6489
6723 6491
5070 6492
4651 6493
4880 6494
4368 6497
4614 6502
4295 6503
5737 6504
4246 6505
6590 6506
6434 6507
4077 6512
6164 6514
4269 6518
5711 6520
6522 6522
6523 6523
6134 6524
5104 6525
6526 6526
6445 6529
4241 6530
6531 6531
4323 6532
6533 6533
6748 6534
6887 6535
5695 6536
3807 6537
4261 6543
6551 6551
6553 6553
4378 6554
5863 6556
6110 6557
4643 6558
5188 6560
6561 6561
5390 6564
6565 6565
6198 6567
5224 6568
5078 6572
4431 6573
3937 6574
4722 6576
4868 6577
6578 6578
3730 6579
5114 6583
6584 6584
6588 6588
4821 6589
6591 6591
5295 6592
4278 6593
6594 6594
5411 6595
6596 6596
5163 6598
6600 6600
6861 6601
6602 6602
6654 6604
3717 6605
6694 6609
5644 6610
6060 6612
6614 6614
6615 6615
5365 6617
6870 6618
6620 6620
4411 6622
6215 6623
6156 6624
4827 6625
6680 6628
5299 6629
5801 6630
3848 6631
6633 6633
6634 6634
5275 6635
6659 6639
6051 6640
5330 6642
4528 6643
6646 6646
6288 6647
6648 6648
5715 6649
5294 6651
5164 6652
6653 6653
4183 6655
5817 6656
6657 6657
6648 6658
6661 6661
5179 6663
5715 6664
6666 6666
6668 6668
5312 6669
6696 6670
6671 6671
6803 6673
6229 6674
6675 6675
6676 6676
3732 6677
4217 6678
4919 6681
3804 6682
6600 6683
3945 6684
5102 6685
6688 6688
4473 6691
6693 6693
5388 6694
6695 6695
5320 6697
6362 6699
5025 6700
4336 6701
4362 6703
4013 6705
6706 6706
5687 6707
5096 6708
4856 6709
6710 6710
6696 6711
3848 6712
6713 6713
6715 6715
4656 6716
6717 6717
6187 6718
6721 6721
5647 6722
4021 6724
6550 6726
4393 6728
6731 6731
3962 6733
4773 6734
6735 6735
3708 6737
3785 6740
6742 6742
6743 6743
6745 6745
4970 6746
6618 6747
6750 6750
6501 6753
6159 6754
6756 6756
6757 6757
6758 6758
6502 6761
3804 6764
6581 6769
3708 6770
4269 6772
3742 6776
6080 6777
6778 6778
6080 6779
6783 6783
5181 6787
6788 6788
4523 6789
6790 6790
6791 6791
5474 6792
6793 6793
4787 6795
4873 6796
5891 6797
6391 6798
6694 6799
6644 6800
6801 6801
4045 6804
6805 6805
4844 6806
6807 6807
5302 6808
6809 6809
5361 6812
6156 6813
4224 6814
6289 6816
6818 6818
6608 6820
5291 6822
3880 6824
6825 6825
5632 6827
6828 6828
5834 6830
6550 6833
6834 6834
6835 6835
4373 6838
5698 6840
6841 6841
6845 6845
6803 6847
6848 6848
6329 6849
5077 6850
3999 6853
5508 6855
5302 6857
3932 6859
4259 6860
6618 6861
6802 6862
5680 6863
5679 6864
3782 6865
6867 6867
6868 6868
6872 6872
6566 6874
6875 6875
5042 6878
5973 6881
5973 6882
6206 6883
5507 6884
3921 6885
5493 6886
6887 6887
5361 6888
