3861 3861
3843 3843
3753 3753
3631 3631
3774 3774
14 14
3702 3702
3856 3856
3855 3855
12 12
3701 3701
6240 6240
6276 6276
3773 3773
6271 6271
3649 3649
3521 3521
3621 3621
3756 3756
118 118
2796 2796
3750 3750
6257 6257
351 351
40 40
236 236
111 111
3530 3530
261 261
359 359
2797 2797
117 117
119 119
343 343
138 138
2811 2811
3650 3650
2792 2792
340 340
3620 3620
2817 2817
17 17
2794 2794
3777 3777
3845 3845
190 190
435 435
189 189
44 44
81 81
1905 1905
294 294
459 459
3552 3552
46 46
113 113
3554 3554
82 82
76 76
5367 5367
227 227
279 279
3788 3788
3825 3825
35 35
3056 3056
3534 3534
3547 3547
65 65
3548 3548
3789 3789
3858 3858
3826 3826
2783 2783
436 436
408 408
3926 3926
3835 3835
3543 3543
6244 6244
3549 3549
3799 3799
4 4
63 63
36 36
3914 3914
3590 3590
3823 3823
328 328
3829 3829
85 85
3576 3576
442 442
330 330
64 64
6264 6264
3927 3927
3828 3828
2795 2795
337 337
3640 3640
191 191
292 292
3806 3806
407 407
3553 3553
410 410
3586 3586
3606 3606
67 67
6249 6249
3643 3643
3833 3833
29 29
432 432
70 70
3054 3054
3575 3575
3637 3637
231 231
315 315
323 323
3932 3932
3948 3948
6248 6248
322 322
321 321
320 320
3053 3053
23 23
325 325
3634 3634
3577 3577
73 73
2791 2791
37 37
3821 3821
327 327
3666 3666
439 439
3653 3653
438 438
356 356
2 2
289 289
3791 3791
122 122
2801 2801
3583 3583
228 228
130 130
3601 3601
3608 3608
129 129
51 51
104 104
429 429
3604 3604
3602 3602
128 128
3579 3579
3584 3584
2798 2798
456 456
3516 3516
311 311
245 245
9 9
2803 2803
124 124
3613 3613
2140 2140
3566 3566
2268 2268
3565 3565
1 1
3747 3747
415 415
421 421
344 344
5594 5594
2150 2150
2046 2046
3568 3568
3570 3570
1999 1999
5589 5589
62 62
2054 2054
3617 3617
5750 5750
2173 2173
268 268
3667 3667
2214 2214
3704 3704
2005 2005
5602 5602
3518 3518
7 7
5598 5598
2260 2260
2130 2130
1995 1995
3572 3572
3567 3567
2007 2007
5536 5536
2289 2289
2163 2163
3771 3771
5720 5720
5638 5638
3908 3908
2052 2052
10 10
2127 2127
2274 2274
5458 5458
2129 2129
5636 5636
2191 2191
5590 5590
2175 2175
2177 2177
2775 2775
2174 2174
5622 5622
5840 5840
2152 2152
2221 2221
2118 2118
5708 5708
61 61
2164 2164
5724 5724
2378 2378
155 155
2292 2292
2608 2608
2381 2381
2167 2167
2375 2375
5753 5753
133 133
2400 2400
2246 2246
2078 2078
5580 5580
2061 2061
5610 5610
6238 6238
5579 5579
2369 2369
2294 2294
2598 2598
2388 2388
2511 2511
1992 1992
2278 2278
2213 2213
5719 5719
260 260
377 377
2261 2261
1983 1983
2124 2124
2081 2081
5472 5472
2595 2595
2389 2389
2493 2493
147 147
2011 2011
2193 2193
5635 5635
3910 3910
2210 2210
393 393
2080 2080
5951 5951
2498 2498
2480 2480
2390 2390
2499 2499
3046 3046
2094 2094
2170 2170
2395 2395
2611 2611
5525 5525
2596 2596
2239 2239
5844 5844
5972 5972
6231 6231
5828 5828
6057 6057
2482 2482
135 135
2485 2485
2172 2172
5452 5452
3648 3648
6069 6069
2095 2095
3045 3045
5634 5634
2470 2470
2086 2086
6054 6054
2492 2492
6058 6058
380 380
2471 2471
5751 5751
3672 3672
5443 5443
5839 5839
3906 3906
2393 2393
2357 2357
282 282
6056 6056
6059 6059
2240 2240
5522 5522
2475 2475
3972 3972
2365 2365
2500 2500
2616 2616
3884 3884
5959 5959
5825 5825
5641 5641
5637 5637
3882 3882
2254 2254
6055 6055
5543 5543
5746 5746
2601 2601
5654 5654
376 376
3706 3706
2594 2594
5523 5523
5717 5717
3163 3163
5542 5542
2255 2255
375 375
5966 5966
2231 2231
5444 5444
2506 2506
2613 2613
2602 2602
5933 5933
5939 5939
5823 5823
6077 6077
2145 2145
2204 2204
5932 5932
2010 2010
448 448
5826 5826
3868 3868
6072 6072
3883 3883
6062 6062
5538 5538
148 148
5944 5944
5937 5937
6044 6044
2036 2036
3867 3867
2120 2120
6064 6064
2623 2623
5540 5540
2027 2027
5648 5648
5632 5632
2039 2039
2114 2114
2030 2030
2586 2586
5496 5496
5935 5935
3673 3673
2405 2405
5627 5627
2600 2600
450 450
258 258
2588 2588
2146 2146
2624 2624
5745 5745
5684 5684
2070 2070
581 581
4011 4011
4019 4019
3670 3670
2401 2401
3941 3941
2280 2280
5539 5539
6082 6082
472 472
2037 2037
4021 4021
2252 2252
374 374
164 164
3960 3960
2022 2022
3874 3874
5697 5697
2288 2288
6081 6081
1988 1988
4020 4020
158 158
2397 2397
5665 5665
196 196
3487 3487
5716 5716
6085 6085
3887 3887
2182 2182
2627 2627
468 468
368 368
505 505
2507 2507
4008 4008
3708 3708
507 507
2509 2509
2233 2233
372 372
2245 2245
2014 2014
2253 2253
6880 6880
5501 5501
5553 5553
2232 2232
5581 5581
2250 2250
2515 2515
2629 2629
2682 2682
367 367
4071 4071
3864 3864
3991 3991
4026 4026
5974 5974
6884 6884
5666 5666
533 533
5741 5741
4033 4033
6091 6091
3996 3996
3959 3959
5239 5239
5978 5978
4029 4029
4006 4006
2685 2685
6090 6090
2670 2670
2705 2705
3485 3485
5531 5531
5646 5646
3990 3990
511 511
2519 2519
5235 5235
4018 4018
6095 6095
3952 3952
560 560
6889 6889
3488 3488
2523 2523
5862 5862
4032 4032
5677 5677
3953 3953
6142 6142
4066 4066
2279 2279
5447 5447
6143 6143
466 466
5528 5528
2215 2215
4036 4036
5855 5855
1778 1778
5481 5481
5986 5986
538 538
558 558
5865 5865
3888 3888
464 464
3889 3889
3692 3692
3691 3691
539 539
5532 5532
1766 1766
529 529
5483 5483
2643 2643
2457 2457
546 546
3954 3954
478 478
269 269
5980 5980
2553 2553
2282 2282
5527 5527
3785 3785
3690 3690
537 537
578 578
2701 2701
3980 3980
6147 6147
5549 5549
5487 5487
4034 4034
568 568
3687 3687
174 174
5484 5484
4050 4050
180 180
4035 4035
5486 5486
3493 3493
2441 2441
4037 4037
544 544
5714 5714
2432 2432
5981 5981
564 564
3890 3890
2088 2088
2302 2302
308 308
3717 3717
2684 2684
5663 5663
3782 3782
5233 5233
482 482
5985 5985
178 178
3965 3965
165 165
576 576
2235 2235
2715 2715
6120 6120
5480 5480
2112 2112
2431 2431
2207 2207
2755 2755
1764 1764
2533 2533
309 309
2241 2241
395 395
550 550
2677 2677
494 494
3694 3694
6117 6117
387 387
4039 4039
220 220
2107 2107
6029 6029
5869 5869
6110 6110
3818 3818
518 518
6148 6148
2109 2109
5534 5534
2648 2648
3767 3767
2754 2754
270 270
2422 2422
5231 5231
5706 5706
396 396
5709 5709
2675 2675
2206 2206
4015 4015
5875 5875
2295 2295
530 530
490 490
2558 2558
2544 2544
2560 2560
5689 5689
163 163
5667 5667
2743 2743
2665 2665
6136 6136
6125 6125
487 487
2427 2427
5988 5988
2456 2456
488 488
2449 2449
2423 2423
2662 2662
2433 2433
2550 2550
2089 2089
5734 5734
2296 2296
3050 3050
2676 2676
2671 2671
2567 2567
5903 5903
5902 5902
2572 2572
284 284
5916 5916
2545 2545
5702 5702
6161 6161
2101 2101
6000 6000
1969 1969
5995 5995
2733 2733
2536 2536
5573 5573
552 552
3735 3735
6115 6115
2663 2663
205 205
5440 5440
6163 6163
2346 2346
3900 3900
4013 4013
2099 2099
3892 3892
2308 2308
255 255
5991 5991
2694 2694
5876 5876
5882 5882
2312 2312
6168 6168
1924 1924
5996 5996
6165 6165
2448 2448
5668 5668
6028 6028
5388 5388
2316 2316
3682 3682
5733 5733
3361 3361
5704 5704
2105 2105
390 390
5705 5705
2425 2425
2468 2468
2344 2344
3737 3737
1927 1927
2467 2467
3338 3338
2305 2305
2104 2104
3359 3359
153 153
3362 3362
5802 5802
5387 5387
2435 2435
3360 3360
150 150
2740 2740
1938 1938
2348 2348
2465 2465
6006 6006
271 271
1919 1919
6172 6172
5879 5879
217 217
3683 3683
2444 2444
5783 5783
2324 2324
2306 2306
2311 2311
2315 2315
3358 3358
2722 2722
3287 3287
3316 3316
5917 5917
1925 1925
6035 6035
2732 2732
5406 5406
3365 3365
1940 1940
5778 5778
3283 3283
5767 5767
5390 5390
3289 3289
298 298
5762 5762
5807 5807
6024 6024
2727 2727
5765 5765
3307 3307
1962 1962
2351 2351
3368 3368
2286 2286
4012 4012
2762 2762
2318 2318
3280 3280
3292 3292
1928 1928
5381 5381
3439 3439
3228 3228
2321 2321
6039 6039
206 206
3274 3274
3278 3278
3273 3273
3281 3281
3269 3269
2744 2744
2718 2718
6193 6193
5423 5423
2243 2243
3255 3255
5880 5880
3317 3317
5410 5410
3371 3371
1934 1934
2719 2719
2340 2340
1939 1939
5777 5777
6832 6832
6834 6834
2751 2751
1933 1933
3367 3367
6817 6817
6780 6780
3223 3223
1738 1738
3225 3225
6225 6225
3237 3237
3440 3440
6224 6224
3366 3366
1949 1949
6848 6848
6187 6187
2731 2731
1617 1617
6727 6727
6178 6178
6838 6838
1655 1655
3421 3421
3266 3266
6791 6791
252 252
5411 5411
3373 3373
6807 6807
6841 6841
6196 6196
6844 6844
3253 3253
5785 5785
1700 1700
1739 1739
3243 3243
1956 1956
3213 3213
3244 3244
3444 3444
1977 1977
3812 3812
3349 3349
6794 6794
3249 3249
5812 5812
2753 2753
1656 1656
5436 5436
5811 5811
6230 6230
3445 3445
6212 6212
5791 5791
5416 5416
3251 3251
6229 6229
3254 3254
3246 3246
3252 3252
6778 6778
3305 3305
6814 6814
6731 6731
6797 6797
3219 3219
3204 3204
3302 3302
6830 6830
2746 2746
6771 6771
1958 1958
6839 6839
1619 1619
1608 1608
3238 3238
6856 6856
5192 5192
5799 5799
1615 1615
6784 6784
6602 6602
6801 6801
5881 5881
3329 3329
6724 6724
1741 1741
5131 5131
3719 3719
5097 5097
300 300
6610 6610
5429 5429
3447 3447
3407 3407
3241 3241
6713 6713
6609 6609
3417 3417
5409 5409
1653 1653
3902 3902
3380 3380
6829 6829
6210 6210
6770 6770
3664 3664
3207 3207
3330 3330
1711 1711
6862 6862
6793 6793
5117 5117
3235 3235
5780 5780
1593 1593
5813 5813
6599 6599
6603 6603
6823 6823
6606 6606
6750 6750
1576 1576
1912 1912
6809 6809
3436 3436
6853 6853
6598 6598
6868 6868
5814 5814
6209 6209
6827 6827
1684 1684
1660 1660
1564 1564
1637 1637
6850 6850
1314 1314
1598 1598
6704 6704
6715 6715
6758 6758
5922 5922
6718 6718
6800 6800
1735 1735
1614 1614
6859 6859
1567 1567
6854 6854
3392 3392
6860 6860
5193 5193
3728 3728
6824 6824
3381 3381
3325 3325
1646 1646
1649 1649
5801 5801
3201 3201
1625 1625
6752 6752
1743 1743
6754 6754
1748 1748
1976 1976
3234 3234
6788 6788
1586 1586
3393 3393
6768 6768
1638 1638
5153 5153
1708 1708
6865 6865
1588 1588
1568 1568
5220 5220
6694 6694
6607 6607
5101 5101
6756 6756
1678 1678
1595 1595
1556 1556
1695 1695
5056 5056
1661 1661
1913 1913
788 788
1749 1749
6191 6191
5929 5929
1584 1584
1683 1683
6688 6688
5907 5907
5197 5197
5036 5036
5086 5086
6691 6691
5091 5091
3194 3194
5130 5130
5219 5219
3414 3414
1689 1689
5059 5059
5198 5198
5032 5032
1677 1677
3195 3195
5080 5080
1546 1546
1657 1657
1557 1557
400 400
6799 6799
6591 6591
1727 1727
1634 1634
5899 5899
1724 1724
3399 3399
5023 5023
5441 5441
1591 1591
5074 5074
1570 1570
3333 3333
1722 1722
3196 3196
1687 1687
1553 1553
3759 3759
5927 5927
1730 1730
3190 3190
6721 6721
1628 1628
3216 3216
1311 1311
3402 3402
3813 3813
3497 3497
5204 5204
5079 5079
6595 6595
6334 6334
5053 5053
3423 3423
5168 5168
3295 3295
2910 2910
6663 6663
391 391
6683 6683
5093 5093
2873 2873
1554 1554
3456 3456
1745 1745
3388 3388
5208 5208
177 177
1709 1709
2853 2853
3431 3431
6638 6638
5073 5073
1707 1707
3064 3064
3334 3334
3460 3460
5195 5195
5041 5041
441 441
6626 6626
5075 5075
1561 1561
6714 6714
1611 1611
6719 6719
5015 5015
3384 3384
6767 6767
6576 6576
1746 1746
3457 3457
6643 6643
5122 5122
6706 6706
5089 5089
3465 3465
6666 6666
6613 6613
6657 6657
6659 6659
6605 6605
302 302
6589 6589
5120 5120
1704 1704
5211 5211
5082 5082
933 933
1379 1379
4849 4849
5069 5069
841 841
3193 3193
5378 5378
3385 3385
6644 6644
5126 5126
801 801
5113 5113
5125 5125
3425 3425
6650 6650
3197 3197
3178 3178
5166 5166
5028 5028
3180 3180
2912 2912
5157 5157
3177 3177
6641 6641
5191 5191
2911 2911
5141 5141
5205 5205
5136 5136
5128 5128
1780 1780
5174 5174
1451 1451
4329 4329
253 253
3179 3179
879 879
1737 1737
1669 1669
2914 2914
5202 5202
1037 1037
3022 3022
1170 1170
3389 3389
2913 2913
5143 5143
3175 3175
4799 4799
384 384
1886 1886
1720 1720
3131 3131
3120 3120
1279 1279
5185 5185
3098 3098
1784 1784
1717 1717
3386 3386
1787 1787
798 798
6587 6587
1003 1003
1169 1169
3021 3021
1782 1782
1163 1163
6639 6639
4729 4729
5179 5179
1120 1120
2836 2836
3121 3121
5163 5163
1164 1164
843 843
1462 1462
1257 1257
988 988
1363 1363
997 997
1162 1162
5183 5183
6561 6561
1001 1001
3112 3112
6530 6530
1062 1062
1277 1277
4114 4114
802 802
2819 2819
1714 1714
1188 1188
1461 1461
970 970
3495 3495
1129 1129
996 996
4115 4115
903 903
6521 6521
6633 6633
3118 3118
974 974
5248 5248
4606 4606
1515 1515
1231 1231
1121 1121
2821 2821
987 987
4858 4858
2833 2833
6615 6615
1475 1475
1125 1125
3063 3063
1531 1531
3152 3152
1126 1126
721 721
4730 4730
1460 1460
720 720
6617 6617
6316 6316
1479 1479
1505 1505
6588 6588
1221 1221
1023 1023
1136 1136
871 871
6538 6538
3104 3104
3153 3153
981 981
1359 1359
973 973
995 995
1133 1133
800 800
3135 3135
980 980
1026 1026
1506 1506
5188 5188
819 819
4836 4836
4814 4814
2855 2855
5186 5186
4621 4621
6693 6693
1063 1063
4978 4978
1396 1396
1004 1004
6388 6388
6560 6560
901 901
851 851
830 830
4737 4737
4650 4650
1122 1122
6563 6563
1806 1806
4624 4624
900 900
1227 1227
5251 5251
1255 1255
1128 1128
4611 4611
3107 3107
5005 5005
1251 1251
902 902
6282 6282
897 897
2822 2822
1027 1027
1022 1022
1230 1230
676 676
6332 6332
3502 3502
4689 4689
4643 4643
1014 1014
1064 1064
1139 1139
1140 1140
693 693
1520 1520
2820 2820
1065 1065
6533 6533
1526 1526
4164 4164
1049 1049
1852 1852
2834 2834
1224 1224
846 846
3109 3109
1010 1010
4167 4167
979 979
3503 3503
4865 4865
944 944
4369 4369
249 249
1481 1481
6381 6381
6389 6389
6528 6528
4713 4713
993 993
943 943
4550 4550
5138 5138
6428 6428
1833 1833
839 839
3029 3029
1525 1525
1018 1018
5348 5348
632 632
1482 1482
1349 1349
1791 1791
5252 5252
1795 1795
4116 4116
1850 1850
678 678
884 884
1760 1760
905 905
6368 6368
1337 1337
665 665
1419 1419
958 958
6375 6375
2895 2895
1275 1275
3507 3507
4853 4853
850 850
6370 6370
6570 6570
2919 2919
4387 4387
968 968
3090 3090
4332 4332
5259 5259
6526 6526
6557 6557
6569 6569
6559 6559
1254 1254
4859 4859
3006 3006
833 833
6315 6315
4373 4373
3136 3136
1856 1856
4322 4322
4424 4424
1069 1069
413 413
912 912
6516 6516
1458 1458
4835 4835
3116 3116
4280 4280
3137 3137
4150 4150
5256 5256
904 904
4485 4485
4417 4417
5287 5287
3144 3144
1171 1171
1440 1440
860 860
1327 1327
975 975
1340 1340
4343 4343
1831 1831
4846 4846
1182 1182
1499 1499
1115 1115
3076 3076
4357 4357
4666 4666
6572 6572
5276 5276
4808 4808
4337 4337
1145 1145
6357 6357
911 911
4286 4286
4566 4566
6426 6426
791 791
4634 4634
3125 3125
4879 4879
6356 6356
4648 4648
1799 1799
3150 3150
4933 4933
5234 5234
4166 4166
726 726
4547 4547
4454 4454
5265 5265
955 955
856 856
708 708
1755 1755
1203 1203
631 631
4340 4340
2925 2925
1093 1093
6510 6510
6383 6383
4602 4602
1528 1528
1875 1875
6573 6573
2920 2920
2967 2967
5266 5266
3142 3142
3042 3042
4564 4564
3020 3020
2971 2971
4458 4458
957 957
4744 4744
868 868
857 857
1796 1796
4486 4486
3096 3096
3023 3023
6294 6294
6567 6567
6508 6508
1090 1090
1265 1265
6449 6449
3769 3769
4913 4913
4490 4490
1108 1108
1091 1091
1466 1466
2926 2926
4912 4912
6349 6349
881 881
4932 4932
3081 3081
923 923
3509 3509
4805 4805
3477 3477
6309 6309
5365 5365
4500 4500
6566 6566
1530 1530
1112 1112
1814 1814
4607 4607
873 873
667 667
4997 4997
3130 3130
4871 4871
1496 1496
4725 4725
1334 1334
6437 6437
1485 1485
1045 1045
730 730
1029 1029
3730 3730
4701 4701
5291 5291
2865 2865
741 741
4696 4696
4538 4538
1323 1323
6443 6443
2986 2986
4615 4615
919 919
4820 4820
1800 1800
1497 1497
2884 2884
4495 4495
4863 4863
2989 2989
6307 6307
4953 4953
1178 1178
1487 1487
808 808
4664 4664
4489 4489
924 924
2998 2998
4734 4734
6874 6874
3471 3471
4931 4931
1356 1356
4478 4478
4728 4728
6446 6446
1798 1798
2885 2885
1369 1369
6464 6464
950 950
6280 6280
4428 4428
3077 3077
6505 6505
3472 3472
811 811
1185 1185
847 847
4502 4502
4562 4562
4641 4641
4473 4473
4470 4470
2829 2829
4118 4118
6438 6438
1304 1304
6317 6317
1055 1055
4930 4930
4573 4573
6390 6390
4321 4321
4934 4934
6396 6396
4338 4338
4757 4757
6872 6872
1860 1860
2877 2877
4941 4941
4707 4707
4580 4580
1753 1753
2838 2838
1368 1368
4844 4844
4963 4963
1454 1454
2826 2826
3479 3479
773 773
4991 4991
3043 3043
4493 4493
4504 4504
4663 4663
4597 4597
2844 2844
3034 3034
932 932
818 818
6517 6517
4310 4310
1478 1478
4571 4571
4335 4335
4747 4747
4494 4494
4176 4176
3037 3037
4958 4958
4631 4631
1184 1184
4083 4083
4516 4516
947 947
1141 1141
4637 4637
4962 4962
1253 1253
4124 4124
4503 4503
6286 6286
5297 5297
4839 4839
4333 4333
2842 2842
750 750
4528 4528
4907 4907
4568 4568
6367 6367
4361 4361
891 891
6303 6303
1235 1235
1047 1047
4436 4436
5332 5332
3505 3505
1103 1103
1371 1371
4391 4391
4985 4985
3014 3014
4951 4951
752 752
6305 6305
610 610
1098 1098
4155 4155
1101 1101
4956 4956
6300 6300
4443 4443
6288 6288
1100 1100
6392 6392
4841 4841
4582 4582
4445 4445
6546 6546
4950 4950
