393 0
1 1
2 2
4 4
7 7
9 9
10 10
12 12
14 14
5088 16
17 17
1236 18
3379 21
23 23
29 29
3438 30
311 31
35 35
36 36
37 37
5103 39
40 40
6177 41
18 42
2418 43
44 44
6503 45
46 46
5511 49
51 51
936 55
3697 60
61 61
62 62
63 63
64 64
65 65
67 67
70 70
73 73
76 76
6042 80
81 81
82 82
3260 83
1243 84
85 85
84 88
355 90
6783 100
104 104
305 106
612 107
111 111
113 113
4880 116
117 117
118 118
119 119
2090 121
122 122
124 124
6492 125
6233 126
128 128
129 129
130 130
18 131
133 133
135 135
1937 136
138 138
3096 140
5326 142
5438 144
147 147
148 148
1605 149
150 150
153 153
155 155
1879 157
158 158
2418 160
163 163
164 164
165 165
3820 166
1759 169
3820 171
5462 172
717 173
174 174
177 177
178 178
5811 179
180 180
2877 188
189 189
190 190
191 191
196 196
2059 197
715 203
6724 204
205 205
206 206
708 207
210 210
807 213
214 214
215 215
217 217
6344 219
220 220
2433 223
3246 225
227 227
228 228
2233 229
231 231
1399 232
3765 234
236 236
6785 237
1605 240
3299 241
245 245
1085 248
249 249
252 252
253 253
255 255
256 256
258 258
260 260
261 261
6493 265
268 268
269 269
270 270
271 271
4986 272
2054 275
3703 276
279 279
42 280
282 282
284 284
6793 287
289 289
3038 291
292 292
3895 293
294 294
298 298
300 300
302 302
1173 305
308 308
309 309
3010 310
311 311
312 312
313 313
315 315
6393 318
320 320
321 321
322 322
323 323
42 324
325 325
327 327
328 328
330 330
333 333
5180 335
337 337
3355 339
340 340
343 343
344 344
351 351
5817 352
724 353
2938 354
356 356
359 359
2260 360
3793 365
367 367
368 368
3863 369
5757 370
372 372
374 374
375 375
376 376
377 377
886 378
380 380
3820 383
384 384
1937 386
387 387
2066 388
390 390
391 391
6814 392
393 393
6457 394
395 395
396 396
4132 397
3594 398
3832 399
400 400
3107 403
407 407
408 408
410 410
5119 412
413 413
2726 414
415 415
2443 419
421 421
5204 425
4822 427
429 429
432 432
435 435
436 436
438 438
439 439
2877 440
441 441
442 442
616 446
1846 447
448 448
2412 449
450 450
451 451
456 456
5797 457
459 459
464 464
3953 465
466 466
468 468
472 472
3807 474
6730 476
478 478
479 479
189 481
482 482
3123 484
3865 486
487 487
488 488
490 490
494 494
6770 496
2739 500
503 503
204 504
505 505
507 507
1630 510
511 511
512 512
518 518
8 519
296 520
529 529
530 530
3525 532
533 533
1458 535
6711 536
537 537
538 538
539 539
5096 542
544 544
546 546
3590 548
550 550
1542 551
552 552
1946 553
556 556
558 558
559 559
560 560
564 564
567 567
568 568
570 570
1285 575
576 576
578 578
581 581
2959 583
585 585
586 586
587 587
4432 589
724 590
593 593
594 594
2535 597
594 599
2698 600
601 601
602 602
603 603
605 605
606 606
607 607
608 608
610 610
4078 614
615 615
4219 617
3395 618
5678 620
621 621
622 622
9 626
3232 629
631 631
632 632
1937 635
636 636
4449 640
3937 641
644 644
5648 646
648 648
652 652
1937 654
658 658
665 665
667 667
1935 668
4869 670
674 674
676 676
678 678
6008 681
509 683
685 685
686 686
2524 689
3292 691
5857 692
693 693
695 695
696 696
697 697
1089 698
699 699
2240 700
702 702
903 703
704 704
3074 705
1844 706
6182 707
708 708
710 710
712 712
713 713
5093 714
6724 715
720 720
721 721
3054 722
3129 723
212 724
726 726
826 728
730 730
3807 731
1030 733
2166 734
250 735
176 740
741 741
743 743
2837 744
1551 746
724 747
779 748
2420 749
750 750
752 752
754 754
759 759
760 760
761 761
4838 762
764 764
1913 767
1828 770
771 771
1312 772
773 773
776 776
778 778
781 781
782 782
2213 783
2687 784
2807 785
786 786
157 787
788 788
5328 790
791 791
798 798
800 800
801 801
802 802
2412 803
805 805
808 808
811 811
708 812
2139 813
1570 816
818 818
819 819
824 824
829 829
830 830
736 832
833 833
4505 835
4017 836
839 839
763 840
841 841
843 843
846 846
847 847
443 848
850 850
851 851
3044 854
856 856
857 857
860 860
1015 861
868 868
4109 870
871 871
873 873
3419 876
1679 877
879 879
881 881
884 884
175 886
891 891
3794 894
897 897
4901 898
3550 899
900 900
901 901
902 902
903 903
904 904
905 905
2850 906
1302 907
3331 908
911 911
912 912
6229 913
1182 914
84 915
919 919
708 920
1174 921
923 923
924 924
926 926
927 927
2840 928
5982 929
932 932
933 933
1985 935
1909 939
2069 942
943 943
944 944
947 947
6417 948
950 950
955 955
957 957
958 958
2624 961
1168 962
3214 963
1610 964
1622 967
968 968
970 970
1828 972
973 973
974 974
975 975
979 979
980 980
981 981
3108 983
2887 986
987 987
988 988
3661 989
105 991
993 993
1865 994
995 995
996 996
997 997
1907 1000
1001 1001
5859 1002
1003 1003
1004 1004
1010 1010
2773 1011
122 1013
1014 1014
2269 1016
1018 1018
943 1019
6847 1021
1022 1022
1023 1023
6711 1025
1026 1026
1027 1027
1029 1029
6814 1031
6864 1033
1037 1037
6576 1042
1045 1045
1047 1047
1049 1049
3979 1050
1055 1055
1062 1062
1063 1063
1064 1064
1065 1065
1190 1067
1069 1069
5038 1072
2054 1074
2269 1078
6216 1080
1610 1084
4671 1087
6094 1088
1090 1090
1091 1091
1093 1093
1992 1096
1294 1097
1098 1098
1100 1100
1101 1101
1103 1103
1293 1104
2224 1106
6149 1107
1108 1108
6544 1109
2172 1111
1112 1112
1115 1115
6783 1116
1120 1120
1121 1121
1122 1122
886 1124
1125 1125
1126 1126
305 1127
1128 1128
1129 1129
1133 1133
1136 1136
6849 1138
1139 1139
1140 1140
1141 1141
1145 1145
13 1146
2519 1147
2599 1149
1091 1151
4432 1152
753 1154
2702 1159
796 1160
1162 1162
1163 1163
1164 1164
2983 1165
3875 1166
1169 1169
1170 1170
1171 1171
5393 1173
2786 1175
1178 1178
186 1179
4161 1181
1182 1182
1184 1184
1185 1185
516 1187
1188 1188
1190 1190
1191 1191
1192 1192
5727 1194
5533 1195
1200 1200
2649 1201
1202 1202
1203 1203
1123 1204
4392 1205
1097 1213
658 1215
5394 1216
1221 1221
1224 1224
1227 1227
2840 1229
1230 1230
1231 1231
3865 1232
1235 1235
1239 1239
1240 1240
1024 1243
1634 1245
4727 1248
2472 1250
1251 1251
1253 1253
1254 1254
1255 1255
4063 1256
1257 1257
1258 1258
3121 1259
4607 1260
2538 1261
3343 1262
1265 1265
4256 1269
1270 1270
2731 1272
1275 1275
1277 1277
1278 1278
1279 1279
1280 1280
2111 1281
1289 1289
3092 1290
1292 1292
4711 1293
3807 1294
63 1296
1299 1299
2439 1300
403 1301
1304 1304
5103 1309
1311 1311
1312 1312
1314 1314
570 1315
702 1319
6234 1321
1323 1323
1384 1324
3970 1325
1327 1327
3239 1328
1330 1330
6487 1331
1334 1334
1337 1337
6297 1338
4671 1339
1340 1340
1342 1342
1345 1345
5103 1346
1349 1349
1350 1350
6828 1351
1353 1353
4280 1354
688 1355
1356 1356
1359 1359
5532 1360
1302 1362
1363 1363
2418 1364
1368 1368
1369 1369
1371 1371
1377 1377
1379 1379
6269 1382
3563 1383
4890 1384
1489 1385
1387 1387
6450 1388
1390 1390
88 1391
1392 1392
1393 1393
3975 1395
1396 1396
511 1397
953 1398
1402 1402
1113 1406
6033 1407
1409 1409
5186 1411
1417 1417
1418 1418
1419 1419
2079 1420
1421 1421
1426 1426
1991 1428
741 1431
6244 1432
1434 1434
85 1438
1440 1440
2975 1441
2057 1445
6681 1448
718 1450
1451 1451
4125 1452
1454 1454
4629 1455
1458 1458
1460 1460
1461 1461
1462 1462
1466 1466
5306 1468
3002 1471
1049 1472
3820 1473
1475 1475
1478 1478
1479 1479
1481 1481
1482 1482
1483 1483
3265 1484
1485 1485
1486 1486
1487 1487
6702 1489
465 1490
6515 1495
1496 1496
1497 1497
1499 1499
1503 1503
1505 1505
1506 1506
2783 1507
3468 1509
1495 1510
2547 1513
1514 1514
1515 1515
4432 1517
3031 1518
1520 1520
886 1521
485 1524
1525 1525
1526 1526
1528 1528
3164 1529
1530 1530
1531 1531
1534 1534
1537 1537
1538 1538
1540 1540
1541 1541
1545 1545
1546 1546
2915 1548
2159 1551
828 1552
1553 1553
1554 1554
1556 1556
1557 1557
63 1558
1091 1559
3566 1560
1561 1561
6706 1563
1564 1564
1979 1566
1567 1567
1568 1568
1570 1570
2402 1574
1576 1576
357 1577
1418 1578
1584 1584
1420 1585
1586 1586
1588 1588
1591 1591
1450 1592
1593 1593
1595 1595
1598 1598
6885 1600
2306 1601
6449 1602
5719 1603
1608 1608
5474 1609
1611 1611
1614 1614
1615 1615
1617 1617
2721 1618
1619 1619
6344 1623
5584 1624
1625 1625
1328 1626
679 1627
1628 1628
5345 1630
1634 1634
3993 1636
1637 1637
1638 1638
6319 1642
1646 1646
829 1647
1649 1649
1652 1652
1653 1653
2443 1654
1655 1655
1656 1656
1657 1657
305 1658
1660 1660
1661 1661
6034 1664
1669 1669
3542 1676
1677 1677
1678 1678
4219 1682
1683 1683
1684 1684
2117 1685
4783 1686
1687 1687
1689 1689
1695 1695
973 1699
1700 1700
3489 1702
4948 1703
1704 1704
1165 1705
1707 1707
1708 1708
1709 1709
2873 1710
1711 1711
1712 1712
4825 1713
1714 1714
3127 1715
1717 1717
4214 1718
6317 1719
1720 1720
1722 1722
1724 1724
3221 1725
1727 1727
1695 1729
1730 1730
1735 1735
1737 1737
1738 1738
1739 1739
364 1740
1741 1741
1743 1743
1745 1745
1746 1746
1748 1748
1749 1749
1753 1753
1755 1755
135 1756
2127 1757
1758 1758
1760 1760
1761 1761
6277 1763
1764 1764
2159 1765
1766 1766
99 1770
1284 1771
343 1773
4432 1777
1778 1778
6296 1779
1780 1780
1782 1782
1784 1784
1787 1787
1049 1790
1791 1791
1795 1795
1796 1796
1798 1798
1799 1799
1800 1800
1401 1802
2499 1803
1806 1806
584 1807
813 1810
1814 1814
134 1817
1821 1821
4438 1822
1824 1824
3542 1828
978 1830
1831 1831
1832 1832
1833 1833
2072 1834
1382 1837
1838 1838
1839 1839
1900 1840
1843 1843
5375 1844
1850 1850
5501 1851
1852 1852
1853 1853
1854 1854
1855 1855
1856 1856
2711 1859
1860 1860
2803 1861
1862 1862
2560 1863
1864 1864
383 1865
1867 1867
4170 1868
1335 1869
2616 1873
1875 1875
1876 1876
2350 1877
1878 1878
1880 1880
1881 1881
1883 1883
1350 1885
1886 1886
3525 1887
3163 1895
2294 1896
283 1900
3599 1901
1903 1903
1904 1904
1905 1905
6390 1909
6358 1910
166 1911
1912 1912
1913 1913
2057 1914
6472 1915
1919 1919
724 1921
1924 1924
1925 1925
1927 1927
1928 1928
3978 1929
1933 1933
1934 1934
1938 1938
1939 1939
1940 1940
1166 1942
3068 1945
136 1946
1620 1947
596 1948
1949 1949
1582 1950
733 1952
3517 1955
1956 1956
5857 1957
1958 1958
6793 1959
5499 1961
1962 1962
4687 1963
1848 1964
2443 1966
1461 1968
1969 1969
905 1970
1848 1971
5544 1975
1976 1976
1977 1977
4219 1982
1983 1983
3744 1984
3168 1985
1988 1988
3573 1989
1992 1992
2114 1993
1995 1995
1871 1998
1999 1999
1644 2003
3321 2004
2005 2005
6849 2006
2007 2007
2594 2008
2010 2010
2011 2011
2014 2014
5034 2015
6384 2017
5686 2019
774 2021
2022 2022
189 2023
1092 2024
2027 2027
2030 2030
3319 2033
1495 2035
2036 2036
2037 2037
2039 2039
2740 2043
2046 2046
2052 2052
2054 2054
4181 2055
4063 2058
2061 2061
1848 2066
1828 2068
2070 2070
5808 2072
2038 2073
2078 2078
2080 2080
2081 2081
2086 2086
3007 2087
2088 2088
2089 2089
4200 2091
2094 2094
2095 2095
6541 2098
2099 2099
2101 2101
6582 2102
2681 2103
2104 2104
2105 2105
3347 2106
2107 2107
4484 2108
2109 2109
2112 2112
2114 2114
3721 2115
134 2116
747 2117
2118 2118
2120 2120
3915 2121
2124 2124
2127 2127
2129 2129
2130 2130
186 2131
1923 2133
2140 2140
4132 2141
886 2142
1906 2144
2145 2145
2146 2146
2150 2150
238 2151
2152 2152
5383 2153
835 2156
2328 2159
2400 2160
6830 2162
2163 2163
2164 2164
2266 2166
2167 2167
5863 2169
2170 2170
1770 2171
2172 2172
2173 2173
2174 2174
2175 2175
2177 2177
5802 2178
2182 2182
541 2183
3482 2189
2191 2191
4281 2192
2193 2193
3173 2195
3807 2201
2068 2203
2204 2204
2206 2206
2207 2207
5842 2209
2210 2210
784 2211
2442 2212
2213 2213
2214 2214
2215 2215
3820 2217
2221 2221
2654 2222
5489 2224
2215 2225
40 2226
2783 2228
2231 2231
2232 2232
2233 2233
2235 2235
1820 2236
6387 2238
2239 2239
2240 2240
2241 2241
2243 2243
2245 2245
2246 2246
2247 2247
3865 2249
2250 2250
2252 2252
2253 2253
2254 2254
2255 2255
6522 2258
2260 2260
2261 2261
2268 2268
3746 2273
2274 2274
2278 2278
2279 2279
2280 2280
2282 2282
2559 2284
2286 2286
1073 2287
2288 2288
2289 2289
3564 2290
2292 2292
2294 2294
2295 2295
2296 2296
3875 2300
2302 2302
235 2304
2305 2305
2306 2306
2308 2308
2311 2311
2312 2312
2315 2315
2316 2316
531 2317
2318 2318
2321 2321
2324 2324
5790 2325
5802 2326
3199 2329
3647 2330
740 2334
830 2335
6814 2338
2340 2340
142 2341
2344 2344
2346 2346
2348 2348
6828 2349
2351 2351
4727 2354
4014 2355
2357 2357
5911 2361
6645 2362
3050 2363
2365 2365
6770 2368
2369 2369
4089 2373
2375 2375
4123 2377
2378 2378
2381 2381
6845 2382
2388 2388
2389 2389
2390 2390
155 2392
2393 2393
1352 2394
2395 2395
1091 2396
2397 2397
2289 2398
2400 2400
2401 2401
2621 2402
624 2403
1933 2404
2405 2405
1409 2407
6266 2411
5018 2412
3789 2413
3807 2414
1676 2415
2788 2416
4340 2417
3552 2421
2422 2422
2423 2423
2425 2425
979 2426
2427 2427
2431 2431
2432 2432
2433 2433
3483 2434
2435 2435
3411 2438
1159 2440
2441 2441
2444 2444
2404 2446
2448 2448
2449 2449
1025 2450
4754 2452
1252 2453
4120 2454
2456 2456
2457 2457
6842 2459
2181 2464
2465 2465
5683 2466
2467 2467
2468 2468
2470 2470
2471 2471
2475 2475
1846 2478
5877 2479
2480 2480
2482 2482
2520 2484
2485 2485
5456 2486
6845 2487
2492 2492
2493 2493
2498 2498
2499 2499
2500 2500
2472 2502
6031 2504
5474 2505
2506 2506
2507 2507
2509 2509
1582 2510
2511 2511
503 2514
2515 2515
1037 2516
2371 2517
4822 2518
2519 2519
2807 2520
5241 2522
2523 2523
3581 2526
5737 2527
1169 2530
2533 2533
2536 2536
2544 2544
2545 2545
3103 2547
5984 2548
2588 2549
2550 2550
1024 2551
2196 2552
2553 2553
3328 2554
6763 2556
2558 2558
2560 2560
1037 2566
2567 2567
578 2571
2572 2572
3499 2576
3995 2577
1695 2582
3019 2583
3139 2584
2586 2586
363 2587
2588 2588
208 2591
2594 2594
2595 2595
2596 2596
2598 2598
2600 2600
2601 2601
2602 2602
2608 2608
5601 2610
2611 2611
6177 2612
2613 2613
2616 2616
6412 2617
870 2621
2623 2623
2624 2624
2627 2627
5906 2628
2629 2629
103 2633
2184 2634
315 2636
1372 2637
3569 2640
2643 2643
1309 2644
6645 2646
2648 2648
4477 2650
462 2652
2847 2661
2662 2662
2663 2663
2476 2664
2665 2665
2670 2670
2671 2671
2298 2674
2675 2675
2676 2676
2677 2677
4057 2680
3865 2681
2682 2682
5911 2683
2684 2684
2685 2685
1531 2693
2694 2694
3961 2697
2151 2699
2701 2701
803 2702
2705 2705
3540 2708
577 2712
5243 2713
2715 2715
5129 2717
2718 2718
2719 2719
5817 2720
2722 2722
4783 2723
2727 2727
5386 2730
2731 2731
2732 2732
2733 2733
584 2735
1962 2739
2740 2740
2743 2743
2744 2744
2746 2746
2782 2750
2751 2751
2753 2753
2754 2754
2755 2755
4009 2757
481 2760
2762 2762
2616 2763
868 2766
8 2769
2269 2772
2775 2775
2304 2779
2783 2783
3540 2786
1243 2787
4686 2790
2791 2791
2792 2792
2793 2793
2794 2794
2795 2795
2796 2796
2797 2797
2798 2798
3744 2799
2801 2801
2803 2803
2520 2807
5499 2808
1627 2810
2811 2811
2815 2815
2817 2817
6468 2818
2819 2819
2820 2820
2821 2821
2822 2822
2825 2825
2826 2826
2829 2829
3542 2830
2833 2833
2834 2834
2836 2836
167 2837
2838 2838
2839 2839
1069 2840
1388 2841
2842 2842
2844 2844
2845 2845
2846 2846
2848 2848
3730 2849
4599 2852
2853 2853
2855 2855
3820 2857
2858 2858
2859 2859
770 2861
5456 2864
2865 2865
2866 2866
2868 2868
729 2872
2873 2873
4437 2876
2877 2877
2884 2884
2885 2885
2887 2887
2890 2890
2892 2892
1466 2893
2895 2895
2897 2897
2898 2898
2899 2899
2903 2903
2904 2904
2905 2905
6652 2906
2907 2907
6565 2908
2910 2910
2911 2911
2912 2912
2913 2913
2914 2914
4400 2915
2395 2917
2919 2919
2920 2920
3501 2922
2925 2925
2926 2926
314 2927
973 2928
2932 2932
3820 2933
4590 2936
400 2938
5222 2939
2941 2941
2942 2942
2943 2943
486 2944
4023 2945
3794 2947
2949 2949
1173 2951
2029 2953
2955 2955
2964 2957
2304 2960
2962 2962
219 2964
2965 2965
2967 2967
2969 2969
464 2970
2971 2971
2973 2972
254 2973
5554 2976
2977 2977
2979 2979
2980 2980
2981 2981
2982 2982
2986 2986
828 2987
2989 2989
543 2990
2993 2993
2994 2994
3723 2996
2998 2998
3000 3000
3001 3001
3003 3003
3004 3004
3006 3006
2538 3007
5159 3008
1322 3010
592 3011
3012 3012
3014 3014
1805 3016
4504 3017
2764 3019
3020 3020
3021 3021
3022 3022
3023 3023
4063 3025
3029 3029
266 3030
2565 3031
3032 3032
4838 3033
3034 3034
3036 3036
3037 3037
2054 3038
2990 3039
3042 3042
3043 3043
3045 3045
3046 3046
5194 3047
3049 3049
3050 3050
2548 3052
3053 3053
3054 3054
3056 3056
5976 3058
5594 3059
3062 3062
3063 3063
3064 3064
3067 3067
3906 3070
3076 3076
3077 3077
3078 3078
3081 3081
3285 3084
1243 3085
4324 3088
3090 3090
4085 3095
3096 3096
3677 3097
3098 3098
1573 3102
3104 3104
1030 3105
3107 3107
3109 3109
3112 3112
1825 3113
3116 3116
973 3117
3118 3118
3120 3120
3121 3121
3125 3125
3092 3126
3130 3130
3131 3131
1038 3133
2532 3134
3135 3135
3136 3136
3137 3137
1504 3139
3142 3142
880 3143
3144 3144
66 3147
481 3149
3150 3150
5783 3151
3152 3152
3153 3153
2421 3156
225 3158
5657 3160
3163 3163
1025 3164
554 3166
2970 3167
3168 3168
3169 3169
3171 3171
3175 3175
3177 3177
3178 3178
3179 3179
3180 3180
1558 3187
2229 3189
3190 3190
3193 3193
3194 3194
3195 3195
3196 3196
3197 3197
3331 3200
3201 3201
3204 3204
3736 3205
3596 3206
3207 3207
2255 3210
3213 3213
3216 3216
3219 3219
828 3220
2817 3222
3223 3223
3875 3224
3225 3225
3228 3228
3175 3229
1222 3230
3234 3234
3235 3235
6864 3236
3237 3237
3238 3238
1582 3239
896 3240
3241 3241
3243 3243
3244 3244
3246 3246
3249 3249
3251 3251
3252 3252
3253 3253
3254 3254
3255 3255
715 3256
6864 3258
2817 3259
3266 3266
1828 3267
2512 3268
3269 3269
3273 3273
3274 3274
2677 3275
3278 3278
243 3279
3280 3280
3281 3281
3283 3283
708 3285
3287 3287
3289 3289
67 3290
3292 3292
3886 3293
3295 3295
2591 3296
3302 3302
6416 3304
3305 3305
814 3306
3307 3307
3746 3312
3316 3316
3317 3317
1828 3318
338 3319
303 3321
1937 3324
3325 3325
2520 3328
3329 3329
3330 3330
5891 3332
3333 3333
3334 3334
1825 3335
753 3336
3338 3338
6450 3341
3214 3343
2385 3347
3456 3348
3349 3349
4783 3351
5777 3353
2284 3355
1335 3356
3358 3358
3359 3359
3360 3360
3361 3361
3362 3362
3365 3365
3366 3366
3367 3367
3368 3368
3970 3369
3371 3371
3373 3373
979 3375
510 3377
3380 3380
3381 3381
261 3382
679 3383
3384 3384
3385 3385
3386 3386
3388 3388
3389 3389
4876 3390
168 3391
3392 3392
3393 3393
6221 3394
3074 3395
3261 3396
1816 3397
5999 3398
3399 3399
3402 3402
5166 3405
3407 3407
5576 3408
272 3410
3414 3414
3417 3417
3016 3418
4296 3420
3421 3421
4658 3422
3423 3423
3425 3425
724 3426
6711 3430
3431 3431
1328 3432
642 3433
3970 3434
4432 3435
3436 3436
3439 3439
3440 3440
6617 3442
3444 3444
3445 3445
3447 3447
3398 3450
3323 3452
3646 3453
3456 3456
3457 3457
3460 3460
2118 3462
989 3464
3465 3465
3471 3471
3472 3472
42 3475
3477 3477
3479 3479
6693 3483
2481 3484
3485 3485
3487 3487
3488 3488
3489 3489
3490 3490
3493 3493
3720 3494
3495 3495
2606 3496
3497 3497
346 3499
2845 3500
3469 3501
3502 3502
3503 3503
4662 3504
3505 3505
2094 3506
3507 3507
3509 3509
2711 3511
439 3515
3516 3516
3864 3517
3518 3518
3521 3521
2159 3525
5390 3529
3530 3530
640 3531
3534 3534
1582 3535
4915 3537
6859 3542
3543 3543
542 3546
3547 3547
3548 3548
3549 3549
698 3550
3552 3552
3553 3553
3554 3554
3565 3565
3566 3566
3567 3567
3568 3568
3570 3570
6794 3571
3572 3572
1892 3574
3575 3575
3576 3576
3577 3577
3579 3579
2211 3582
3583 3583
3584 3584
6312 3585
3586 3586
6763 3589
3590 3590
644 3592
4844 3595
6707 3596
1540 3597
3601 3601
3602 3602
3604 3604
3606 3606
3608 3608
5386 3610
3613 3613
3617 3617
305 3619
3620 3620
3621 3621
6213 3626
3173 3627
2808 3628
4627 3630
3631 3631
3374 3632
3634 3634
1711 3635
1439 3636
3637 3637
3618 3639
3640 3640
3643 3643
869 3646
3648 3648
3649 3649
3650 3650
4219 3651
3653 3653
2914 3655
3746 3656
6686 3657
3688 3661
3664 3664
3050 3665
3666 3666
3667 3667
2520 3668
3670 3670
3672 3672
3673 3673
2205 3674
3682 3682
3683 3683
3517 3684
1789 3686
3687 3687
3888 3689
3690 3690
3691 3691
3692 3692
3694 3694
325 3695
3845 3696
994 3697
3701 3701
3702 3702
3704 3704
3706 3706
3708 3708
6543 3709
5196 3710
1072 3714
3717 3717
3718 3718
3719 3719
3501 3721
5263 3722
3810 3726
3728 3728
6474 3729
3730 3730
3745 3731
1589 3732
3734 3734
3735 3735
3737 3737
4493 3738
6471 3743
3747 3747
3750 3750
3501 3751
3753 3753
3925 3754
3756 3756
3759 3759
6583 3760
6028 3762
3987 3766
3767 3767
6381 3768
3769 3769
3771 3771
3074 3772
3773 3773
3774 3774
5646 3776
3777 3777
1777 3779
4045 3781
3782 3782
513 3783
1313 3784
3785 3785
4069 3787
3788 3788
3789 3789
5970 3790
3791 3791
3852 3792
4008 3793
716 3797
3798 3798
3799 3799
4009 3801
5263 3803
3754 3805
3806 3806
4084 3809
3816 3810
3812 3812
3813 3813
2692 3814
4750 3815
715 3816
3818 3818
5157 3819
3821 3821
4618 3822
3823 3823
3825 3825
3826 3826
97 3827
3828 3828
3829 3829
4967 3831
4487 3832
3833 3833
3301 3834
3835 3835
3972 3838
2460 3842
3843 3843
3845 3845
3891 3848
5489 3852
3886 3853
3778 3854
3855 3855
3856 3856
3858 3858
1502 3859
3861 3861
3174 3862
3864 3864
2501 3865
4105 3866
3867 3867
3868 3868
4996 3872
2748 3873
3874 3874
6372 3875
3877 3877
1457 3878
3882 3882
3883 3883
3884 3884
6791 3886
3887 3887
3888 3888
3889 3889
3890 3890
3892 3892
5233 3899
3900 3900
3698 3901
3902 3902
6627 3904
3906 3906
3908 3908
3910 3910
4096 3911
717 3912
3914 3914
3918 3918
4968 3919
1991 3920
2738 3922
2765 3923
3870 3925
3926 3926
3927 3927
3929 3929
3932 3932
4131 3937
3941 3941
3943 3943
3944 3944
5105 3945
137 3946
3948 3948
3894 3949
3733 3951
3952 3952
3953 3953
3954 3954
3955 3955
3756 3956
3959 3959
3960 3960
3962 3962
5521 3963
3965 3965
3967 3967
4597 3968
4938 3970
1822 3971
3972 3972
3980 3980
4018 3981
805 3983
1980 3984
3837 3988
3990 3990
3991 3991
717 3993
4417 3994
3996 3996
6474 3997
4792 3998
1559 4002
4006 4006
4008 4008
6327 4010
4011 4011
4012 4012
4013 4013
4015 4015
1982 4016
4018 4018
4019 4019
4020 4020
4021 4021
4022 4022
3354 4023
5414 4024
4026 4026
4029 4029
4032 4032
4033 4033
4034 4034
4035 4035
4036 4036
4037 4037
5212 4038
4039 4039
6388 4040
4042 4042
1367 4043
5569 4044
3717 4045
4047 4047
4048 4048
4050 4050
4052 4052
6858 4053
1367 4056
3322 4057
3769 4060
4062 4062
3160 4063
3724 4065
4066 4066
4071 4071
5575 4074
4076 4076
4077 4077
717 4079
4750 4081
1424 4082
4083 4083
2133 4085
4087 4087
2343 4089
6403 4090
4091 4091
4093 4093
4094 4094
3935 4095
4096 4096
1457 4098
4100 4100
4101 4101
6478 4105
4018 4107
5097 4108
3008 4109
4110 4110
4114 4114
4115 4115
4116 4116
4118 4118
6030 4119
3416 4120
6543 4121
2624 4122
4123 4123
4124 4124
4125 4125
4126 4126
4127 4127
281 4130
336 4132
6033 4133
4134 4134
4626 4137
2217 4139
5916 4140
4141 4141
4377 4142
5363 4144
4148 4148
4149 4149
4150 4150
2342 4153
5278 4154
4155 4155
4158 4158
6127 4160
4161 4161
4164 4164
1605 4165
4166 4166
4167 4167
4168 4168
4876 4173
4174 4174
4176 4176
4177 4177
5881 4182
5911 4183
4828 4187
4322 4188
4904 4191
4192 4192
4526 4196
4198 4198
4201 4201
5521 4202
4599 4204
4206 4206
6119 4208
4210 4210
4211 4211
5555 4214
6079 4215
4220 4216
1950 4218
5985 4219
5036 4221
4224 4224
4230 4230
4904 4231
6583 4235
6154 4238
5956 4239
5153 4241
4242 4242
4243 4243
4244 4244
5018 4246
5023 4248
5029 4250
4251 4251
4191 4252
5278 4253
5853 4255
4788 4258
3260 4259
5700 4260
4262 4262
6049 4263
5938 4265
4267 4267
5355 4269
4270 4270
5899 4271
4302 4274
5326 4275
5927 4277
4280 4280
4838 4281
4282 4282
5726 4284
6054 4285
4286 4286
4792 4287
4291 4291
3429 4292
4294 4294
4350 4296
4996 4297
5989 4298
4299 4299
4300 4300
5383 4301
5399 4303
5969 4305
5533 4307
4310 4310
5949 4311
4889 4313
5782 4315
4321 4321
4322 4322
5524 4324
4181 4327
5445 4328
4329 4329
4332 4332
4333 4333
4641 4334
4335 4335
4337 4337
4338 4338
5849 4339
4340 4340
3429 4342
4343 4343
5194 4344
2217 4345
4461 4347
4349 4349
4417 4350
4626 4351
3172 4352
5656 4355
5255 4356
4357 4357
4361 4361
5885 4367
5444 4368
4369 4369
5039 4371
3223 4372
4373 4373
4666 4374
4377 4377
4855 4379
4243 4381
5544 4382
5319 4383
5083 4384
4456 4385
5775 4386
4387 4387
5058 4388
5526 4389
5583 4390
4391 4391
5491 4394
1889 4395
4403 4401
5968 4402
4485 4403
4810 4405
6171 4406
5740 4407
5167 4408
5652 4411
4412 4412
4413 4413
5655 4415
4417 4417
5167 4419
5796 4423
4424 4424
3991 4425
4428 4428
6170 4429
5427 4430
4804 4431
5037 4432
5427 4434
4436 4436
4281 4438
5473 4439
5390 4441
4443 4443
5807 4444
4445 4445
4828 4448
5624 4449
5415 4450
409 4452
4221 4453
4454 4454
5326 4456
4458 4458
4382 4462
4179 4464
5638 4467
5052 4469
4470 4470
5139 4472
4473 4473
5768 4474
22 4477
4478 4478
6072 4480
4485 4485
4486 4486
4489 4489
4490 4490
5492 4491
4493 4493
4494 4494
4495 4495
5775 4496
4500 4500
4574 4501
4502 4502
4503 4503
4504 4504
5330 4506
5973 4509
5278 4514
4310 4515
4516 4516
4300 4517
5433 4520
6164 4524
4727 4525
5024 4527
4528 4528
5994 4529
5618 4531
3870 4533
4221 4535
3429 4536
5192 4537
4538 4538
4783 4539
1605 4540
4181 4541
5535 4543
6072 4546
4547 4547
4550 4550
4145 4551
4342 4554
5103 4555
5305 4560
4562 4562
4564 4564
5196 4565
4566 4566
5656 4567
4568 4568
4915 4570
4571 4571
5178 4572
4573 4573
4540 4574
4846 4575
4750 4576
5128 4579
4580 4580
4582 4582
5949 4586
4341 4590
5263 4591
4788 4594
4597 4597
5942 4598
4281 4599
5489 4601
4602 4602
4639 4604
5216 4605
4606 4606
4607 4607
6031 4608
6158 4610
4611 4611
4275 4612
4626 4614
4615 4615
5956 4616
4621 4621
4853 4622
4624 4624
5540 4626
6198 4627
4631 4631
4484 4632
4634 4634
4637 4637
4641 4641
4643 4643
4807 4644
5974 4646
4648 4648
4650 4650
5583 4656
5278 4657
4325 4658
5268 4661
4663 4663
4664 4664
4968 4665
4666 4666
5207 4669
1889 4670
4549 4675
4677 4677
4699 4678
5029 4680
6072 4682
5835 4683
4685 4685
5358 4686
4687 4687
4688 4688
4689 4689
5184 4691
4331 4693
4696 4696
4701 4701
5279 4703
6583 4704
5434 4705
4707 4707
4709 4709
4713 4713
5810 4715
6125 4716
4397 4717
4789 4718
5240 4720
5206 4721
4577 4722
4221 4723
5081 4724
4725 4725
6149 4727
4728 4728
4729 4729
4730 4730
5083 4731
4734 4734
4737 4737
6114 4738
5413 4742
6034 4743
4744 4744
4746 4746
4747 4747
4626 4748
5344 4751
4752 4752
5454 4753
4754 4754
4755 4755
4757 4757
4219 4759
5474 4760
4763 4763
4764 4764
4765 4765
4618 4768
5219 4770
4224 4772
5103 4773
5326 4774
6076 4775
4782 4782
4986 4783
4786 4786
5534 4789
4582 4790
4793 4793
6073 4794
4799 4799
6583 4800
5926 4801
4742 4802
6182 4803
4810 4804
4805 4805
4807 4807
4808 4808
4271 4813
4814 4814
5602 4817
4820 4820
5138 4821
5921 4822
4280 4823
4824 4824
5999 4826
4827 4827
4881 4828
4831 4831
4187 4832
5121 4834
4835 4835
4836 4836
4712 4837
4839 4839
4841 4841
5603 4842
4844 4844
4846 4846
3429 4847
4901 4848
4849 4849
5849 4850
4699 4851
4281 4852
4853 4853
4162 4855
4241 4856
4968 4857
4858 4858
4859 4859
5172 4860
4863 4863
4865 4865
5039 4866
5258 4867
4871 4871
4873 4873
4874 4874
5351 4876
5859 4877
6133 4878
4879 4879
5994 4880
5156 4881
6034 4882
5128 4884
3190 4885
4887 4887
4889 4889
4892 4892
4900 4900
1069 4901
4287 4902
4905 4905
4907 4907
6157 4909
4879 4910
5341 4911
4912 4912
4913 4913
4915 4915
4682 4916
5123 4917
4318 4919
5546 4921
5842 4922
4342 4924
3119 4926
4930 4930
4931 4931
4932 4932
4933 4933
4934 4934
5526 4935
5483 4936
4746 4937
5012 4939
4941 4941
4351 4942
5383 4945
4219 4947
3108 4948
4950 4950
4951 4951
5251 4952
4953 4953
4212 4955
4956 4956
4958 4958
4746 4960
4962 4962
4963 4963
5171 4965
4968 4968
6001 4969
4476 4970
4219 4972
5064 4973
4975 4975
4342 4976
4938 4977
4978 4978
4996 4979
5685 4980
4982 4982
4985 4985
4788 4986
4999 4987
5278 4988
4991 4991
3129 4992
4997 4997
4916 4999
4909 5000
4759 5002
4219 5004
5005 5005
5007 5007
5473 5008
4229 5011
5164 5012
5766 5013
5015 5015
5446 5016
4274 5018
5039 5019
4944 5021
5938 5022
5023 5023
5196 5024
5028 5028
4200 5030
5475 5031
5032 5032
6198 5033
5036 5036
4281 5038
5789 5040
5041 5041
6127 5042
5777 5043
5209 5044
3429 5048
5755 5051
5964 5052
5053 5053
5488 5055
5056 5056
5555 5057
5059 5059
4451 5060
5330 5061
4476 5062
5212 5063
5853 5064
5306 5066
5796 5067
5069 5069
4555 5070
5073 5073
5074 5074
5075 5075
4871 5077
4741 5078
5079 5079
5080 5080
5082 5082
5086 5086
4521 5088
5089 5089
5091 5091
5093 5093
6072 5094
2505 5096
5097 5097
5187 5098
5148 5099
5101 5101
6079 5102
3429 5105
5273 5108
3784 5109
5837 5110
4521 5112
5113 5113
4214 5116
5117 5117
5426 5118
5119 5119
5120 5120
4701 5121
5122 5122
5125 5125
5126 5126
5128 5128
4663 5129
5130 5130
5131 5131
5375 5133
5768 5135
5136 5136
5138 5138
5141 5141
5143 5143
5008 5145
5957 5148
5291 5149
5153 5153
5157 5157
4315 5158
5291 5161
5163 5163
5166 5166
5316 5167
5168 5168
5174 5174
5176 5176
4585 5178
5179 5179
5019 5180
5690 5182
5183 5183
5019 5184
5185 5185
5186 5186
5188 5188
5189 5189
5191 5191
5192 5192
5193 5193
5783 5194
5195 5195
4697 5196
5197 5197
5198 5198
4427 5200
5202 5202
5907 5203
5204 5204
5205 5205
6113 5207
5208 5208
5044 5209
5211 5211
3176 5215
5219 5219
5220 5220
5039 5222
5533 5223
4368 5224
5510 5226
5305 5227
5231 5231
5233 5233
5234 5234
5235 5235
4875 5236
5239 5239
6182 5240
5243 5243
4519 5244
5248 5248
4846 5250
5251 5251
5252 5252
5881 5254
5062 5255
5256 5256
5259 5259
4375 5260
6119 5261
5982 5262
5859 5263
5265 5265
5266 5266
4368 5267
5075 5269
4792 5272
4716 5275
5276 5276
5775 5277
4278 5279
5280 5280
5281 5281
4832 5282
6143 5285
4260 5286
5287 5287
3961 5289
5291 5291
5297 5297
5300 5300
5303 5303
5304 5304
6066 5307
6173 5309
4557 5310
4451 5313
5489 5314
4701 5316
6122 5317
5489 5318
5881 5319
5305 5320
5324 5324
4368 5326
6133 5329
5979 5330
5240 5331
5332 5332
4377 5333
4626 5336
6176 5340
5341 5341
5915 5343
5240 5345
5925 5346
5348 5348
4310 5350
5353 5353
5732 5357
5941 5359
4465 5360
4735 5361
5362 5362
5365 5365
5878 5366
5367 5367
4830 5368
4609 5370
5938 5371
3337 5372
5687 5374
4330 5375
1469 5376
5378 5378
3955 5379
5381 5381
4342 5382
5808 5384
5387 5387
5388 5388
5390 5390
5786 5391
5263 5394
5887 5395
5540 5399
5532 5401
4208 5402
6028 5404
5406 5406
4259 5408
5409 5409
5410 5410
5411 5411
5416 5416
5957 5420
5853 5421
5092 5422
5423 5423
4671 5426
5690 5428
5429 5429
4735 5435
5436 5436
490 5437
4411 5438
5440 5440
5441 5441
5443 5443
5444 5444
5200 5446
5447 5447
4618 5451
5452 5452
4994 5453
4558 5455
5748 5456
5458 5458
4590 5459
4666 5460
5667 5462
5052 5464
4196 5467
4170 5469
4858 5470
5472 5472
6170 5473
4656 5475
5044 5478
5480 5480
5481 5481
5483 5483
5484 5484
5486 5486
5487 5487
5394 5491
6173 5492
5602 5494
4721 5495
5496 5496
5838 5497
5501 5501
4666 5502
5282 5504
6072 5508
5948 5509
4555 5513
4864 5516
4501 5518
5683 5519
6034 5520
5865 5521
5522 5522
5523 5523
5525 5525
5646 5526
5527 5527
5528 5528
4683 5530
5531 5531
5532 5532
5534 5534
5536 5536
4798 5537
5538 5538
5539 5539
5540 5540
5542 5542
5543 5543
5549 5549
4388 5551
5553 5553
5393 5555
5226 5557
5809 5558
3694 5561
4200 5562
5416 5563
5921 5565
5569 5569
1519 5570
4409 5571
5302 5572
5573 5573
6198 5574
5036 5575
6149 5578
5579 5579
5580 5580
5581 5581
4324 5582
4611 5583
4761 5585
5766 5587
5589 5589
5590 5590
5970 5592
4662 5593
5594 5594
5801 5596
5598 5598
4876 5599
4167 5600
5602 5602
5018 5604
5610 5610
5474 5619
4779 5620
5413 5621
5622 5622
5627 5627
5632 5632
5634 5634
5635 5635
5636 5636
5637 5637
5638 5638
4330 5640
5641 5641
4456 5642
5189 5643
6063 5644
4274 5645
5646 5646
6094 5647
5648 5648
5654 5654
5326 5655
4708 5657
5167 5660
5974 5661
5128 5662
5663 5663
5192 5664
5665 5665
5666 5666
5667 5667
5668 5668
4243 5669
5830 5672
5501 5675
5677 5677
4484 5681
4624 5682
4302 5683
5684 5684
4904 5688
5689 5689
5881 5690
4280 5693
5697 5697
4904 5699
5702 5702
5704 5704
5705 5705
5706 5706
5708 5708
5709 5709
4400 5711
4762 5713
5714 5714
5716 5716
5717 5717
5418 5718
5719 5719
5720 5720
5766 5723
5724 5724
4626 5725
4551 5727
4754 5728
5162 5730
5207 5732
5733 5733
5734 5734
5659 5740
5741 5741
4853 5742
5745 5745
5746 5746
5750 5750
5751 5751
5753 5753
5276 5754
4838 5758
5789 5761
5762 5762
5765 5765
5492 5766
5767 5767
6323 5768
5656 5769
175 5771
5235 5772
5106 5773
6198 5774
5777 5777
5778 5778
5780 5780
5783 5783
3694 5784
5785 5785
5786 5788
5631 5790
5791 5791
4977 5792
5536 5793
4214 5795
5330 5796
4806 5797
4602 5798
5799 5799
5206 5800
5801 5801
5802 5802
3961 5803
4221 5805
4645 5806
5807 5807
5755 5808
5326 5810
5811 5811
5812 5812
5813 5813
5814 5814
4310 5816
4767 5817
5103 5818
5782 5819
6182 5822
5823 5823
5683 5824
5825 5825
5826 5826
4585 5827
5828 5828
5156 5829
4828 5831
2097 5835
5314 5836
5969 5837
5839 5839
5840 5840
5544 5842
5844 5844
5766 5854
5855 5855
5029 5856
5798 5859
5985 5860
5862 5862
4160 5863
5054 5864
5865 5865
2213 5866
4599 5868
5869 5869
5775 5871
5875 5875
5876 5876
5189 5878
5879 5879
5880 5880
5881 5881
5882 5882
5097 5884
4543 5885
6054 5886
4432 5888
5308 5889
4827 5890
4643 5892
5488 5893
6171 5894
5899 5899
4901 5900
5602 5901
5902 5902
5903 5903
5907 5907
4922 5909
5916 5916
5917 5917
5463 5918
4733 5919
4220 5921
5922 5922
5264 5926
5927 5927
5929 5929
5932 5932
5933 5933
5278 5934
5935 5935
5937 5937
5887 5938
5939 5939
5809 5940
4457 5942
4221 5943
5944 5944
6034 5945
4822 5948
5595 5950
5951 5951
5530 5953
4783 5955
4328 5958
5959 5959
4828 5961
6047 5962
5053 5963
5307 5965
5966 5966
5791 5967
4770 5969
4485 5970
5972 5972
5974 5974
4281 5975
4409 5976
5978 5978
5980 5980
5981 5981
5916 5983
5985 5985
5986 5986
4167 5987
5988 5988
5991 5991
5251 5992
6180 5994
5995 5995
5996 5996
6191 5997
4626 5998
5498 5999
6000 6000
5749 6001
4427 6002
5725 6003
5629 6005
6006 6006
6171 6009
4618 6012
4484 6013
5765 6014
5273 6019
6170 6020
4822 6021
4643 6022
6024 6024
5308 6025
4334 6027
6028 6028
6029 6029
4202 6030
4476 6032
4527 6033
6035 6035
6522 6037
6039 6039
4464 6041
6044 6044
4671 6048
4735 6050
5660 6051
5985 6053
6054 6054
6055 6055
6056 6056
6057 6057
6058 6058
6059 6059
6062 6062
5203 6063
6064 6064
5663 6066
4214 6067
6069 6069
4190 6070
6034 6071
6072 6072
5123 6076
6077 6077
4666 6078
4221 6080
6081 6081
6082 6082
6178 6084
6085 6085
4246 6086
6158 6087
3429 6088
6090 6090
6091 6091
4493 6092
6095 6095
5908 6099
5231 6100
5157 6101
4428 6102
5128 6103
5153 6108
4828 6109
6110 6110
144 6112
5584 6113
6115 6115
3666 6116
6117 6117
6120 6120
6034 6124
6125 6125
5051 6130
6181 6132
4534 6133
5629 6134
5204 6135
6136 6136
5426 6140
6142 6142
6143 6143
6147 6147
6148 6148
5762 6149
3429 6150
4219 6157
6161 6161
5794 6162
6163 6163
6165 6165
4835 6167
6168 6168
4721 6169
4754 6170
5092 6171
6172 6172
6178 6178
6091 6181
6198 6184
5498 6186
6187 6187
6191 6191
6193 6193
6196 6196
4342 6197
5326 6199
6602 6205
3817 6206
3034 6207
2825 6208
6209 6209
6210 6210
135 6211
6212 6212
6170 6216
612 6218
3483 6222
624 6223
6224 6224
6225 6225
2883 6226
6577 6227
6229 6229
6230 6230
6231 6231
886 6233
6550 6234
6238 6238
6240 6240
3204 6242
6244 6244
6246 6246
6247 6247
6248 6248
6249 6249
5383 6250
2329 6255
6257 6257
6471 6259
6840 6260
6263 6263
6264 6264
6267 6267
396 6269
1222 6270
6271 6271
6276 6276
6280 6280
6281 6281
6282 6282
1620 6284
1670 6285
6286 6286
6288 6288
2939 6289
4760 6291
1326 6292
6294 6294
198 6295
6300 6300
6302 6302
6303 6303
6305 6305
3911 6306
6307 6307
1190 6308
6309 6309
3517 6312
6315 6315
6316 6316
6317 6317
3862 6318
6319 6319
6322 6322
6323 6323
2536 6324
6326 6326
2591 6330
6332 6332
6333 6333
6334 6334
1082 6335
6338 6338
2680 6339
2963 6340
189 6341
3794 6344
6346 6346
2520 6347
3970 6348
6349 6349
2269 6352
1678 6353
2883 6354
6356 6356
6357 6357
6358 6358
6360 6360
361 6361
6363 6363
6341 6364
1915 6366
6367 6367
6368 6368
6370 6370
1367 6371
6375 6375
3807 6378
6036 6379
3900 6380
6381 6381
5103 6382
6383 6383
2702 6384
175 6386
225 6387
6388 6388
6389 6389
6390 6390
2883 6391
6392 6392
813 6394
6396 6396
3208 6397
3467 6401
6402 6402
6405 6405
6406 6406
584 6407
6412 6412
6417 6417
6418 6418
6420 6420
65 6423
6426 6426
6428 6428
6429 6429
3572 6430
6431 6431
6432 6432
2739 6434
6435 6435
6437 6437
6438 6438
458 6441
3960 6442
6443 6443
6444 6444
3587 6445
6446 6446
6449 6449
6828 6450
2043 6451
2692 6454
1050 6455
2679 6458
6460 6460
3970 6463
6464 6464
819 6466
6467 6467
6468 6468
6416 6469
1169 6471
3480 6472
6164 6474
6477 6477
6482 6482
6486 6486
5976 6487
1222 6488
1863 6489
6491 6491
4484 6496
9 6497
2267 6499
905 6500
6502 6502
4838 6503
6505 6505
3982 6506
6507 6507
6508 6508
123 6509
6510 6510
6511 6511
3121 6512
5811 6513
5638 6514
1552 6515
6516 6516
6517 6517
2412 6518
6670 6520
6521 6521
6351 6522
1383 6523
2982 6524
4045 6525
6526 6526
6528 6528
6530 6530
6533 6533
3917 6534
6856 6537
6538 6538
3172 6541
586 6542
84 6545
6546 6546
4876 6548
40 6550
770 6554
6557 6557
6559 6559
6560 6560
6561 6561
6563 6563
6566 6566
6567 6567
1384 6568
6569 6569
6570 6570
6572 6572
6573 6573
6576 6576
873 6578
1413 6584
3208 6585
6587 6587
6588 6588
6589 6589
6591 6591
3153 6594
6595 6595
2999 6597
6598 6598
6599 6599
6602 6602
6603 6603
84 6604
6605 6605
6606 6606
6607 6607
6609 6609
6610 6610
3281 6611
3528 6612
6613 6613
6615 6615
2454 6616
6617 6617
535 6621
3766 6623
4827 6625
6626 6626
5777 6627
3694 6628
1413 6629
6633 6633
6213 6634
4716 6635
2631 6637
6638 6638
6639 6639
1964 6640
6641 6641
6643 6643
6644 6644
1080 6645
5757 6647
6650 6650
1632 6651
4340 6652
6344 6654
6657 6657
6659 6659
2227 6662
6663 6663
4251 6664
3613 6665
6666 6666
2954 6667
61 6670
322 6674
1659 6676
1467 6677
2708 6680
3751 6682
6683 6683
6688 6688
6425 6689
6691 6691
6693 6693
6694 6694
5968 6695
2346 6696
4783 6697
3974 6698
5554 6699
18 6702
6229 6703
6704 6704
6706 6706
2260 6708
6586 6710
160 6712
6713 6713
6714 6714
6715 6715
2972 6717
6718 6718
6719 6719
6721 6721
6724 6724
6727 6727
1828 6728
882 6729
1538 6730
6731 6731
6457 6734
2072 6739
6390 6740
6850 6741
2412 6745
6750 6750
6752 6752
6754 6754
6756 6756
6758 6758
813 6760
1615 6766
6767 6767
6768 6768
6770 6770
6771 6771
4342 6773
360 6777
6778 6778
6426 6779
6780 6780
6784 6784
4063 6786
844 6787
6788 6788
2 6789
2946 6790
6791 6791
6793 6793
6794 6794
3834 6795
6797 6797
6799 6799
6800 6800
6801 6801
2863 6806
6807 6807
100 6808
6809 6809
171 6811
6814 6814
6817 6817
2385 6818
236 6819
4200 6821
1182 6822
6823 6823
6824 6824
6827 6827
6829 6829
6830 6830
6832 6832
6834 6834
6838 6838
6839 6839
6841 6841
4274 6843
6844 6844
3900 6845
6251 6846
6848 6848
1329 6849
6850 6850
6853 6853
6854 6854
6856 6856
6859 6859
6860 6860
6862 6862
6865 6865
6868 6868
6872 6872
219 6873
6874 6874
1874 6878
6880 6880
6884 6884
1432 6886
4229 6887
6889 6889
