3773 3773
2214 2214
439 439
6267 6267
3776 3776
442 442
2797 2797
3703 3703
3991 3991
12 12
2263 2263
245 245
3753 3753
5746 5746
3892 3892
5951 5709
1906 1906
197 197
3592 3592
4037 4037
3899 3899
6066 5472
3979 3979
2062 2062
576 576
3683 3683
390 390
6739 6739
403 401
3381 3381
5549 5549
2287 2069
6666 6666
2313 2356
5124 5124
6713 6713
3840 3840
3394 3369
2352 2427
2711 2711
2035 2035
5774 6124
5205 5205
1591 1591
1688 1688
177 177
4058 4058
6807 6807
3251 3219
6288 6288
6389 6389
5116 5116
1250 1250
2833 2833
5179 5179
1435 1435
2433 2565
4127 5226
1243 1243
4085 5309
6557 4295
1159 1159
908 1209
