2910 0
3628 2
1906 6
1807 11
12 12
186 13
1190 14
1381 17
3485 19
3568 24
1407 25
1127 28
2325 32
1635 39
1749 40
2582 43
2736 44
2659 45
2698 49
2853 51
3065 52
116 53
431 55
1470 62
3283 64
958 65
2325 66
989 70
2876 72
1814 76
2100 77
1118 78
2299 81
1274 82
1438 85
1908 89
911 91
1012 94
1877 101
3175 109
576 113
1077 114
1876 118
2765 125
1540 127
649 128
1671 133
1801 134
2558 135
67 136
2747 137
1083 138
2434 139
1877 141
2930 144
177 148
1470 152
2140 153
3456 155
3245 156
1395 157
190 158
56 159
2637 165
1952 167
2224 168
1251 174
738 175
2451 176
177 177
1639 178
1460 180
3602 181
842 185
3313 189
2403 190
348 193
197 197
927 198
2880 202
594 203
428 204
668 216
3204 221
986 224
2718 227
2193 228
604 230
1993 231
3317 234
437 238
3661 239
109 244
245 245
3017 248
2985 261
2477 264
1222 266
213 268
1418 269
3531 270
1667 273
1264 288
3662 289
1680 293
471 296
2208 300
493 306
2739 307
2036 309
1267 311
1752 316
2053 317
681 320
2340 322
576 323
1594 324
2564 325
239 329
3566 330
1287 332
2471 334
1667 338
2168 343
717 353
1906 354
2155 360
2524 365
3237 367
1649 370
1474 371
958 372
890 376
1812 385
1021 386
390 390
17 398
403 401
1096 403
1135 407
439 408
3022 413
3408 414
1935 418
143 419
2622 422
1922 425
242 429
3022 435
439 439
1456 441
442 442
1488 445
2690 446
2910 447
1044 448
3138 452
69 455
1019 457
1588 458
12 459
2728 469
711 471
2300 473
3008 475
1588 476
3310 479
1690 481
180 482
362 484
958 488
1801 489
1671 491
3037 493
3568 494
105 495
299 500
3441 505
3493 507
2774 511
672 512
181 514
2144 518
1162 521
1255 523
1026 524
1139 529
2196 530
1704 532
2334 534
836 540
3595 542
882 543
1175 553
3095 554
1540 556
1998 557
3262 558
3539 565
244 568
2261 570
576 576
2846 585
1267 586
304 588
433 589
2184 591
2558 593
3585 597
134 599
1198 600
3365 603
1882 606
2019 607
1877 609
2151 611
1175 619
3261 620
2086 621
3443 622
2749 627
717 628
250 629
1267 638
2817 639
348 640
2774 641
1333 642
1908 647
3413 653
1226 662
3414 665
1024 667
2116 669
3083 678
1216 680
1500 683
677 686
2530 690
1522 701
225 702
2159 707
1458 709
891 711
3622 712
1659 714
2915 716
2531 719
3220 731
528 735
3376 738
675 740
3323 741
2381 743
1009 747
3627 753
1027 755
854 757
2774 759
2636 760
1704 762
1203 771
2516 773
1704 775
2165 779
2200 781
1810 785
1854 790
1497 791
1635 794
49 799
649 802
3638 803
2155 810
2871 813
406 815
1663 817
1076 822
56 825
2929 830
1589 831
1458 833
3138 834
1035 836
2993 838
712 840
2942 841
3568 843
3605 844
1885 847
3623 850
2659 854
85 855
1767 859
2068 861
448 867
2281 872
576 881
1759 883
3427 888
1663 891
1388 895
2853 901
2535 902
3313 907
1406 913
2709 914
919 919
1320 921
368 926
858 928
433 931
2075 932
3335 933
3136 938
330 940
2087 944
1429 945
83 949
1795 955
2816 956
958 958
2735 962
1041 963
1310 965
2962 968
2483 969
5549 970
2558 974
3094 979
250 985
2105 986
2945 989
993 993
228 997
2509 998
2200 999
1390 1005
1112 1006
1039 1007
1125 1010
3441 1013
624 1018
3447 1021
1563 1022
1514 1023
1770 1025
2526 1028
2942 1033
2505 1035
2749 1041
855 1045
125 1046
3139 1048
1812 1050
829 1051
2359 1053
2762 1054
1169 1055
3432 1058
1407 1064
1432 1069
2962 1071
492 1073
1427 1079
1261 1083
2399 1086
1955 1087
141 1092
1118 1095
958 1098
500 1100
27 1101
1103 1103
3242 1107
3259 1109
1464 1110
354 1114
440 1116
2408 1119
853 1122
1667 1123
1345 1125
3372 1135
185 1144
417 1146
852 1147
826 1148
485 1149
623 1150
3133 1151
741 1153
427 1154
2749 1158
1159 1159
2510 1164
3484 1165
269 1169
2155 1181
3650 1184
1697 1185
6 1190
2558 1192
2579 1193
1223 1198
862 1206
3094 1208
908 1209
2380 1212
3072 1225
714 1228
1373 1233
364 1235
2036 1236
2393 1239
995 1240
1243 1243
1765 1244
1445 1246
1250 1250
2223 1253
1680 1254
222 1257
1477 1259
2248 1264
379 1265
2192 1266
1427 1267
2360 1268
3261 1270
1469 1274
1008 1276
1808 1277
2800 1278
1919 1279
3630 1283
661 1288
502 1290
796 1293
569 1294
644 1298
224 1302
1057 1306
3099 1309
1919 1312
1189 1316
49 1321
250 1322
2510 1323
3671 1324
1761 1327
2242 1335
2709 1339
2510 1341
1898 1342
1230 1343
49 1346
3120 1347
1594 1353
1919 1354
3069 1369
327 1375
2208 1382
3341 1386
1919 1387
2062 1390
2540 1397
3094 1403
456 1405
2587 1408
2100 1410
1770 1416
2229 1417
1591 1421
1272 1422
1789 1423
1435 1435
1438 1438
3400 1440
2338 1441
3621 1450
2365 1451
1880 1452
3394 1453
1880 1454
1801 1456
2082 1457
1806 1461
3628 1464
377 1465
215 1466
1431 1468
3234 1471
2563 1473
1087 1474
2558 1475
2514 1476
177 1482
2941 1483
3308 1487
1012 1501
2402 1514
3493 1516
1441 1525
356 1526
2476 1528
2558 1530
506 1533
2517 1537
1391 1544
1645 1549
2558 1551
177 1554
463 1555
2568 1559
853 1570
2081 1572
3477 1573
1107 1574
760 1583
932 1584
1850 1588
1591 1591
644 1595
1773 1596
2015 1598
152 1601
1321 1606
2340 1607
958 1608
44 1610
1754 1614
2756 1618
443 1621
2487 1622
2194 1624
3393 1631
1880 1634
3527 1638
1495 1640
2802 1641
1145 1644
1535 1646
732 1647
3661 1648
2843 1662
2064 1663
116 1665
354 1667
2299 1670
1897 1673
2192 1675
2981 1677
1843 1681
293 1684
2663 1687
1688 1688
2705 1689
1625 1691
1399 1692
480 1697
2988 1703
3356 1706
3553 1708
3323 1709
523 1710
3568 1714
2897 1716
2123 1721
274 1724
2985 1725
250 1726
1437 1727
109 1729
269 1730
2370 1731
3222 1736
364 1743
1908 1744
1745 1745
1746 1746
3127 1747
1267 1749
1333 1752
1045 1753
762 1755
2767 1758
2517 1764
3346 1771
1044 1778
333 1780
3365 1784
89 1787
3629 1791
3404 1792
2340 1796
2816 1797
2896 1802
3374 1803
3046 1811
3450 1813
221 1817
1627 1821
3140 1825
3298 1826
3607 1827
1657 1843
3347 1846
164 1848
2695 1849
3419 1852
3064 1854
1045 1855
3113 1860
2004 1861
2855 1864
908 1866
2662 1867
677 1877
650 1880
1108 1883
1465 1885
116 1889
2034 1890
2702 1893
2853 1896
1523 1897
3323 1905
1906 1906
2705 1912
410 1914
1372 1915
2100 1917
84 1919
1059 1922
2189 1924
644 1927
2690 1936
958 1938
391 1951
2195 1952
1803 1953
1197 1955
1908 1959
986 1961
2786 1962
2790 1963
1034 1965
3153 1968
1513 1973
1693 1976
2602 1979
3443 1991
504 1993
549 1994
1240 1999
112 2003
422 2006
2844 2011
3424 2012
1992 2019
2503 2020
501 2023
222 2026
221 2029
3443 2032
2340 2033
3538 2034
2035 2035
2064 2040
3502 2043
1767 2045
776 2046
3605 2049
3346 2057
519 2060
2062 2062
1850 2066
2764 2068
2287 2069
1749 2071
43 2074
3566 2080
3256 2083
2374 2085
740 2086
2462 2092
1461 2098
991 2099
926 2101
2348 2103
2075 2104
2350 2105
2963 2109
1814 2112
2360 2115
144 2116
842 2119
1922 2122
602 2124
2272 2126
3225 2130
2535 2135
1946 2136
1611 2140
1619 2141
2218 2143
2346 2144
1914 2147
2182 2152
1034 2153
116 2157
1789 2158
367 2163
1663 2164
3393 2165
1631 2166
3012 2167
2637 2170
3018 2171
1239 2172
177 2174
1000 2180
66 2186
3329 2191
2476 2196
232 2197
2876 2198
3152 2199
1734 2205
1435 2206
2756 2208
2912 2210
2702 2211
2214 2214
1588 2217
364 2218
1263 2219
1614 2221
690 2225
1711 2230
1230 2235
1214 2236
3095 2238
300 2244
606 2245
3251 2246
3453 2247
2537 2250
2558 2253
1223 2254
1704 2256
1236 2261
2263 2263
220 2274
3258 2278
2095 2280
2166 2287
2261 2288
717 2293
576 2302
3449 2303
3466 2311
851 2317
2234 2318
562 2320
3510 2331
3138 2332
354 2338
1690 2349
1828 2350
1952 2353
690 2355
2313 2356
3394 2358
1066 2359
2868 2362
56 2363
1109 2364
1483 2365
3501 2366
2558 2369
3356 2379
1663 2382
92 2383
223 2386
1814 2388
2116 2391
2801 2392
591 2395
3447 2396
320 2397
353 2398
394 2400
2849 2404
1565 2409
967 2411
1754 2417
149 2419
2825 2420
757 2423
878 2426
2352 2427
340 2430
1657 2432
1267 2434
807 2442
3150 2443
1427 2454
3138 2455
605 2457
922 2458
2659 2460
2941 2462
3022 2465
2594 2470
667 2473
908 2474
3095 2476
316 2482
553 2483
492 2486
2830 2490
1149 2492
701 2496
85 2500
2738 2502
367 2506
3378 2507
1381 2514
1639 2515
650 2519
2761 2522
740 2530
2493 2535
1500 2540
1189 2543
2181 2544
917 2548
1333 2552
2100 2555
3394 2563
657 2564
2433 2565
2207 2570
718 2571
2658 2573
1635 2580
3507 2582
403 2583
519 2584
2786 2589
2763 2591
3553 2593
3094 2595
1033 2601
1239 2602
3095 2604
3094 2616
56 2618
2389 2620
843 2623
112 2625
2763 2626
3323 2627
1831 2629
2049 2632
2558 2633
1355 2643
718 2645
3538 2648
2413 2650
2985 2652
1024 2655
2558 2657
1565 2664
3094 2665
367 2676
2563 2680
502 2688
540 2689
1116 2692
3532 2694
1952 2695
3138 2696
3208 2699
3211 2700
1365 2701
1009 2706
2738 2707
2930 2708
1998 2709
2711 2711
3261 2721
2197 2728
1239 2754
1658 2755
2816 2758
2015 2762
1320 2764
807 2765
3022 2766
270 2771
433 2777
2592 2782
2385 2785
2774 2789
2040 2790
2797 2797
3138 2802
1953 2804
2718 2807
713 2808
3168 2811
250 2812
1169 2814
2340 2816
2728 2817
1515 2818
3365 2820
944 2821
1396 2823
2298 2824
1891 2830
2833 2833
1226 2834
1906 2835
647 2838
691 2839
83 2840
3002 2843
2130 2844
855 2846
3414 2848
3072 2851
249 2857
305 2865
569 2866
138 2868
3621 2870
157 2878
3571 2884
1355 2885
1212 2886
3505 2890
364 2894
2558 2899
602 2903
3527 2906
1523 2908
1295 2910
2553 2911
2564 2913
1891 2915
2144 2917
2705 2918
1508 2919
380 2923
1646 2927
3583 2929
417 2934
1667 2938
1789 2947
1015 2950
1222 2957
971 2959
1025 2962
500 2963
2790 2964
1523 2965
1040 2966
1670 2967
2098 2972
1989 2973
1096 2975
190 2977
1658 2980
433 2983
417 2991
276 2992
2254 2995
327 2997
259 2999
6 3005
870 3011
3217 3012
3118 3019
1458 3021
1935 3024
2574 3026
26 3027
379 3028
125 3030
2442 3032
2336 3041
1646 3043
1871 3047
3138 3048
43 3055
2356 3056
2261 3057
367 3059
364 3061
2219 3063
2710 3064
1499 3067
1039 3068
177 3069
1478 3070
481 3074
3059 3076
2472 3079
3455 3085
2964 3089
1935 3093
464 3096
310 3099
1908 3101
738 3103
1972 3106
2020 3107
1625 3112
3571 3113
3032 3118
1588 3119
650 3130
2105 3131
84 3132
647 3140
3273 3143
411 3149
2927 3150
2691 3155
1886 3156
1810 3162
1855 3168
1379 3169
1264 3171
2630 3175
439 3177
1458 3179
3095 3183
1511 3185
2823 3188
1159 3192
667 3193
1217 3196
157 3203
132 3205
2814 3206
2786 3209
2621 3210
1697 3213
2091 3214
3251 3219
3635 3221
2083 3224
3225 3225
3241 3230
3441 3231
816 3232
1998 3233
1012 3235
3439 3237
3597 3238
3525 3241
713 3243
3301 3248
3487 3251
2575 3252
3432 3258
3411 3261
2690 3265
1765 3268
3562 3270
3500 3275
3475 3279
3553 3280
720 3283
3289 3284
3641 3286
3585 3287
3629 3292
2183 3301
3415 3306
3401 3308
224 3311
1784 3316
3103 3319
1540 3322
3153 3323
3419 3325
1771 3330
2880 3333
3397 3334
3627 3336
3538 3339
3485 3340
3417 3343
3531 3344
3595 3347
3102 3354
2563 3356
528 3357
1437 3358
3598 3360
994 3365
3022 3366
3394 3369
2718 3371
3390 3372
3499 3377
770 3378
493 3380
3381 3381
3456 3383
227 3384
3324 3390
3623 3392
3220 3394
3611 3395
3638 3397
3393 3399
1251 3400
3404 3404
3121 3410
3435 3415
3232 3417
193 3418
343 3419
333 3421
3586 3423
3415 3426
27 3427
1784 3431
3220 3434
2822 3438
3159 3441
3443 3443
1892 3445
3415 3447
3649 3451
3323 3452
181 3453
2476 3454
1012 3455
1698 3458
487 3460
3334 3462
1278 3465
3333 3466
2083 3467
569 3469
645 3471
2794 3472
3538 3478
3497 3487
3645 3490
3432 3492
803 3496
2193 3502
1857 3506
3585 3507
2728 3508
1267 3511
1510 3514
1429 3517
3546 3518
3400 3521
3268 3526
2097 3531
763 3533
3307 3534
816 3538
3436 3542
3513 3544
3404 3545
2298 3546
2340 3547
2222 3552
3325 3553
3229 3554
2105 3555
3138 3557
2945 3561
1663 3566
3613 3567
958 3568
2558 3570
2172 3571
1657 3576
2199 3578
1972 3579
2340 3580
3413 3582
789 3583
2853 3584
1832 3585
3259 3588
3592 3592
3337 3595
3390 3601
3347 3602
2546 3603
3323 3604
972 3605
1461 3607
919 3611
1456 3612
2280 3613
3220 3614
3578 3618
40 3619
810 3620
3288 3622
3519 3623
493 3624
2462 3626
911 3628
3383 3635
3398 3639
3485 3648
3460 3649
594 3650
738 3651
803 3655
2914 3660
500 3661
722 3663
2936 3664
2548 3666
27 3667
3345 3669
270 3670
3634 3672
87 3673
3922 3679
3683 3683
4007 3684
5296 3685
3718 3687
5848 3690
4615 3691
5298 3692
6730 3697
5291 3701
3703 3703
4192 3704
4175 3709
5143 3711
6039 3717
5197 3718
3995 3720
5042 3724
5560 3730
5302 3737
6800 3738
6848 3739
5380 3741
3736 3742
5189 3746
4011 3747
4184 3752
3753 3753
4360 3754
4734 3757
6410 3763
3877 3764
5804 3767
4742 3772
3773 3773
3776 3776
6227 3780
3699 3781
3736 3783
5603 3786
5881 3788
5725 3795
5977 3799
4427 3800
5442 3801
4318 3804
3985 3808
4118 3811
4051 3814
4686 3817
4588 3818
5552 3819
3753 3832
3824 3833
3940 3834
3840 3840
6158 3841
6125 3844
4832 3846
5471 3848
4438 3849
4503 3850
3703 3851
4271 3852
3894 3856
5143 3857
4024 3858
5384 3859
4389 3861
6530 3866
3730 3867
6053 3869
6772 3870
4588 3874
3832 3876
5664 3877
4512 3885
6365 3886
6130 3888
5929 3890
3892 3892
5529 3894
5913 3895
6529 3896
5054 3897
5021 3898
3899 3899
5698 3907
4564 3909
4352 3911
6650 3913
5438 3914
3892 3921
5909 3922
6867 3931
4838 3935
5150 3936
4150 3939
4711 3942
4111 3948
4997 3950
4629 3951
6201 3955
6202 3957
3925 3958
5104 3962
4037 3963
5973 3967
5218 3970
4289 3971
4450 3972
4682 3978
3979 3979
5314 3980
5365 3987
4842 3988
6259 3989
3991 3991
4053 3993
4233 3999
5314 4001
4356 4002
5042 4004
5066 4006
3730 4008
5229 4010
6213 4011
4124 4012
6104 4013
6301 4016
4762 4018
6161 4019
6017 4023
5592 4033
4037 4037
5106 4038
4689 4045
6111 4053
5390 4054
3783 4057
4058 4058
6118 4061
4629 4065
6710 4067
3754 4069
4593 4076
4541 4079
4188 4083
6503 4084
5233 4087
6716 4089
4091 4091
6530 4092
3730 4094
5854 4098
6561 4101
5647 4103
5042 4107
4053 4109
6585 4110
4325 4112
4076 4119
5801 4124
4550 4126
5414 4127
5314 4131
3764 4133
4245 4137
5171 4139
3730 4141
6622 4143
4703 4145
4148 4148
4588 4149
4013 4150
5973 4156
5546 4160
4029 4166
6161 4167
5330 4168
5530 4169
5618 4171
4782 4173
6267 4174
5424 4175
6617 4177
4778 4178
5698 4180
4758 4182
5317 4184
5380 4185
5968 4187
6637 4188
4408 4191
6332 4192
5284 4194
6821 4196
4103 4200
6659 4211
4996 4218
4331 4222
4322 4224
6190 4226
5572 4227
6794 4230
4746 4232
3997 4236
5763 4240
5239 4244
4500 4248
4376 4251
6821 4252
4421 4256
6263 4257
6035 4259
4262 4262
6708 4268
6125 4269
5390 4270
6554 4271
3886 4274
6158 4277
5544 4278
6353 4287
4202 4290
4597 4291
5274 4292
4097 4293
6557 4295
4801 4296
5399 4303
4389 4306
4837 4308
6350 4310
6633 4311
4798 4317
3905 4323
5210 4324
6529 4331
4631 4332
4958 4333
6724 4334
4965 4335
4029 4336
4213 4340
6419 4343
4169 4349
6825 4352
5430 4356
4749 4357
4042 4359
4798 4363
4233 4364
6410 4367
4926 4368
6582 4370
6561 4372
6538 4373
5375 4376
3870 4380
6683 4382
6745 4383
6592 4385
4139 4386
6603 4388
6248 4389
5756 4391
4065 4392
4225 4399
6476 4400
5380 4401
5074 4405
3896 4409
3885 4410
6267 4412
3758 4413
3722 4414
3723 4417
6476 4418
5792 4419
5973 4423
4425 4425
3907 4426
6434 4428
5210 4429
6867 4432
4909 4433
5347 4434
5746 4440
6661 4441
4821 4442
6666 4443
3704 4454
6585 4457
4627 4462
4515 4463
6518 4469
4658 4475
4932 4478
4727 4480
5579 4481
6549 4482
6577 4484
3947 4488
6364 4489
6075 4494
5818 4497
5012 4501
5973 4506
5328 4509
3715 4510
6806 4515
6322 4517
5888 4524
5567 4526
6538 4528
5613 4533
5663 4536
5869 4537
6573 4540
5572 4545
6230 4547
4943 4548
6579 4549
4838 4555
4913 4563
5332 4564
4221 4569
4431 4570
6607 4571
5550 4573
6158 4574
5840 4576
4307 4577
6878 4582
5072 4583
4912 4586
5090 4592
5003 4598
5200 4601
3758 4602
5007 4603
6076 4604
6617 4606
5102 4613
5415 4617
4375 4618
5229 4619
3704 4621
6357 4622
3730 4624
5809 4626
6353 4627
6499 4628
6429 4631
4721 4634
4284 4635
5380 4638
6376 4639
6659 4646
4738 4648
3991 4650
4651 4651
6549 4659
6324 4661
5054 4663
3730 4666
4382 4668
6126 4669
3911 4675
5592 4677
6406 4682
4675 4684
4867 4687
4493 4688
5269 4689
3737 4691
3956 4693
6337 4697
6878 4698
3730 4699
5698 4702
5782 4703
5729 4711
5143 4715
3732 4717
4001 4718
4842 4719
5347 4721
4276 4722
4401 4723
5170 4725
6033 4731
6156 4732
6549 4733
6867 4734
3940 4735
6683 4737
5042 4740
6109 4745
4674 4746
4683 4749
4788 4751
5626 4752
5143 4753
5683 4754
4708 4759
5546 4760
6888 4761
6574 4762
4627 4763
4208 4768
4546 4775
6586 4776
6736 4779
4293 4781
6222 4787
5165 4788
6878 4789
4341 4792
6117 4793
5059 4796
4444 4802
4024 4807
6309 4808
6387 4813
5774 4818
4512 4820
6133 4826
4333 4827
5390 4830
6032 4832
4050 4833
5066 4836
6789 4838
4478 4839
5663 4840
4731 4842
6084 4845
5034 4850
4620 4852
3764 4854
6814 4856
5863 4858
4083 4860
6157 4863
5222 4865
3737 4866
4808 4871
6881 4873
6487 4875
5509 4877
5508 4878
5792 4880
5838 4885
6234 4888
6825 4889
5208 4893
3936 4897
6238 4902
3899 4903
6822 4909
6297 4913
6271 4914
4284 4916
4388 4917
5572 4921
4187 4922
3783 4926
5757 4929
5179 4934
6248 4935
6807 4936
4926 4938
6534 4939
5632 4940
4323 4942
5579 4943
6596 4944
4397 4947
6318 4951
6867 4961
5666 4962
4583 4964
4443 4966
4451 4967
5921 4968
6227 4973
6117 4975
5775 4976
5775 4977
4503 4978
6066 4979
3995 4981
4137 4984
5540 4989
5374 4994
5508 4997
3755 4998
5640 5004
5500 5006
5775 5007
5023 5009
4143 5011
5023 5016
5927 5017
3745 5018
5042 5019
5678 5023
5698 5025
4984 5030
5442 5033
4614 5037
3733 5042
4293 5043
5506 5045
3833 5046
6745 5050
5239 5053
5354 5055
5237 5057
3745 5062
6410 5065
5966 5066
5973 5067
4283 5075
5742 5076
4187 5081
4445 5082
6683 5083
4264 5084
5168 5086
3957 5091
4131 5093
5236 5098
4936 5100
4222 5101
6661 5102
5536 5103
5663 5105
5210 5106
4053 5112
3976 5113
5236 5115
5116 5116
6807 5117
5389 5119
4024 5120
3718 5122
5124 5124
6324 5129
6712 5131
5774 5133
5506 5136
3937 5141
5884 5142
4631 5143
5929 5144
6451 5145
4077 5156
4322 5160
5567 5162
5701 5164
5829 5165
3721 5170
3736 5171
5179 5179
6472 5182
5452 5183
5584 5184
4687 5185
5236 5187
4843 5190
4126 5192
5550 5193
4843 5194
4157 5195
4257 5197
6644 5198
5223 5200
6462 5202
5233 5203
5205 5205
5106 5206
6229 5207
3925 5210
3840 5211
5804 5212
5466 5213
4143 5214
6702 5218
4305 5219
6689 5220
5402 5221
5790 5222
5076 5223
4127 5226
4325 5227
4855 5229
3730 5231
3899 5233
6807 5235
3940 5240
6134 5241
5743 5244
6430 5247
3798 5249
6662 5252
5568 5255
4855 5261
6716 5263
3756 5265
4824 5271
4867 5273
3730 5276
4085 5277
5143 5278
4758 5279
4662 5289
5637 5290
4731 5294
4306 5295
5524 5298
6285 5299
3679 5301
4500 5302
4572 5303
6612 5305
6481 5307
4085 5309
4127 5312
5957 5317
5222 5321
4445 5327
5280 5329
4150 5331
6534 5335
5701 5336
4620 5339
4334 5341
3870 5342
4519 5347
4583 5350
6740 5353
4796 5354
6190 5356
6140 5357
4660 5360
5280 5361
6164 5367
5245 5370
3783 5373
3885 5376
3843 5377
5829 5379
4077 5380
4443 5381
6677 5383
5403 5385
3862 5386
5183 5387
6814 5393
6134 5399
5084 5403
4520 5405
5100 5406
4143 5408
4443 5409
5229 5410
4247 5414
4984 5420
3811 5421
6786 5425
4693 5427
6472 5428
3722 5431
6410 5433
6519 5434
5973 5437
5551 5438
5553 5442
6584 5446
4322 5448
4922 5453
4237 5458
3730 5460
5647 5466
5007 5468
6066 5472
6020 5473
6807 5483
3722 5485
3720 5487
4740 5488
5212 5495
6606 5496
6665 5497
5655 5500
6411 5501
3730 5502
5524 5503
4097 5504
4223 5505
5804 5506
4528 5507
6860 5515
4920 5516
5594 5521
4794 5522
5197 5523
5663 5526
4189 5529
4813 5530
4249 5531
4689 5536
5166 5538
4571 5539
6125 5544
4115 5547
5549 5549
5973 5550
5657 5567
5855 5569
4883 5570
4791 5572
5574 5574
5353 5576
3794 5577
4410 5578
4358 5579
3799 5581
4689 5582
6788 5584
6677 5587
6588 5589
5483 5590
5854 5593
4932 5594
6554 5597
4782 5599
5122 5600
4222 5601
4435 5604
6320 5606
4184 5607
6633 5610
4303 5611
5756 5612
5076 5613
6214 5619
4323 5620
5174 5622
4495 5624
4359 5625
5884 5634
4382 5638
4084 5640
5393 5643
4593 5644
5143 5650
6633 5654
5763 5657
6436 5658
6352 5660
6462 5663
5869 5664
5751 5665
5421 5671
6476 5675
5973 5677
5546 5678
5065 5681
4217 5686
3699 5687
3929 5693
6143 5697
6481 5699
6716 5700
4044 5705
5122 5706
5180 5707
5951 5709
3885 5710
4143 5713
4683 5715
5579 5716
5852 5720
6499 5721
5074 5722
5477 5723
6235 5732
5055 5733
6585 5734
6796 5741
3737 5742
5746 5746
5012 5749
6357 5751
5004 5752
3730 5754
4126 5755
4773 5758
5144 5759
4927 5761
4622 5762
4398 5764
3730 5765
6086 5773
6856 5775
4996 5776
4881 5777
3720 5779
6423 5780
6302 5783
5549 5794
5544 5797
5807 5799
4932 5801
3683 5802
5714 5806
5034 5807
6335 5811
5075 5812
6398 5816
4574 5817
5807 5821
5774 5822
6269 5824
4155 5825
6156 5830
6736 5833
5229 5840
5551 5842
5663 5845
3925 5847
5927 5850
4437 5851
6248 5857
6161 5862
4683 5864
5837 5865
4331 5867
4382 5869
5843 5874
6105 5876
5953 5878
6106 5879
3696 5881
4570 5883
4958 5884
5627 5885
4714 5890
5283 5893
6786 5894
4789 5896
4224 5899
5380 5900
4593 5901
6045 5903
4758 5905
3917 5906
5233 5907
5302 5909
6712 5917
4240 5918
6570 5935
6633 5936
6586 5942
6633 5949
4835 5950
3704 5952
4442 5953
3917 5957
5790 5958
3862 5960
5732 5961
6628 5962
5644 5969
5236 5972
4418 5975
6246 5977
5075 5978
4024 5979
4421 5985
4037 5987
6582 5990
3938 5992
4593 5993
4658 5994
5622 5996
4222 5997
4025 5998
4700 5999
6033 6000
4921 6002
5592 6003
5973 6006
6417 6012
4325 6013
5007 6019
5413 6025
3917 6026
5953 6027
4822 6028
4212 6035
6422 6038
6827 6040
4758 6041
3810 6043
5284 6046
4165 6047
6201 6048
4912 6054
4881 6057
5000 6068
6682 6070
4541 6071
4241 6072
3899 6073
5927 6074
4546 6075
3832 6076
6315 6077
3730 6078
4749 6079
4262 6085
4474 6087
5663 6088
5618 6089
6805 6097
4671 6098
4093 6102
5501 6103
5421 6104
4682 6105
5430 6107
4347 6109
5540 6110
4583 6113
6117 6117
5079 6118
5534 6120
3715 6123
5774 6124
5379 6125
6772 6127
5791 6128
3713 6129
4964 6131
3816 6134
6659 6135
4073 6140
5774 6141
3826 6142
5096 6145
3994 6148
6729 6151
6530 6152
5199 6153
6154 6154
5034 6159
6162 6162
5400 6164
4274 6166
6479 6169
6577 6171
5406 6172
6650 6177
5953 6179
4452 6180
4848 6181
5103 6189
4810 6190
5746 6192
6228 6193
6683 6195
6505 6198
5792 6202
5027 6209
5881 6211
4512 6213
5237 6217
6835 6219
4996 6221
5574 6222
6633 6224
5327 6225
4389 6226
6695 6229
3728 6230
5415 6231
5357 6235
3847 6236
4148 6240
6126 6241
5223 6243
5236 6244
6209 6246
6677 6250
5843 6253
4313 6254
5294 6256
5729 6259
6125 6260
3937 6261
6230 6264
6267 6267
4815 6268
4084 6270
6338 6271
4527 6273
3758 6274
5888 6277
6530 6279
5643 6285
5211 6286
6288 6288
4734 6290
3886 6295
5284 6304
6156 6305
5592 6307
5512 6315
5206 6317
5663 6320
6633 6322
6485 6329
5572 6331
6856 6332
5236 6333
4249 6334
5188 6335
4110 6338
5663 6339
5037 6342
4401 6343
5563 6346
5007 6348
6633 6349
4660 6353
4547 6360
5439 6362
6739 6363
3799 6368
3862 6372
3929 6377
4697 6381
4997 6387
4543 6388
6389 6389
4821 6390
5698 6391
3957 6392
5261 6396
3925 6398
4344 6405
4447 6407
6825 6409
6108 6410
4526 6416
5284 6417
6164 6418
6033 6425
6066 6427
4443 6428
4229 6429
6859 6431
4227 6434
4881 6435
6027 6437
4883 6439
4150 6441
6126 6442
5179 6444
5799 6448
4683 6451
5035 6456
4996 6458
5195 6460
3736 6462
3783 6463
5592 6464
3753 6465
4269 6468
5751 6471
4131 6473
5426 6475
6775 6476
6029 6477
5466 6478
6814 6479
6592 6483
6503 6484
5036 6487
6713 6489
6086 6499
5774 6500
6557 6503
4873 6505
5450 6510
4391 6512
5791 6513
6289 6514
5404 6516
5222 6517
4845 6524
5804 6525
3836 6526
6161 6533
4397 6534
5622 6538
6436 6539
6546 6541
4323 6542
6862 6543
6814 6546
5929 6548
5432 6550
4248 6554
5592 6556
6039 6560
5259 6561
5698 6562
4515 6565
5690 6566
5501 6567
4597 6571
3688 6573
4961 6575
6354 6577
5094 6584
4322 6586
5011 6589
3715 6590
4019 6591
6027 6597
5012 6599
4313 6600
3932 6602
4045 6605
4668 6606
3884 6607
5592 6609
4837 6610
6125 6611
6106 6613
5785 6615
5927 6618
6476 6619
4546 6623
4167 6625
6585 6626
5222 6628
4991 6630
4517 6633
5185 6635
5964 6636
3852 6645
5131 6646
6534 6649
4268 6653
5913 6658
5406 6663
5657 6665
6666 6666
4143 6667
4382 6670
5942 6674
4427 6676
6267 6679
4603 6681
4844 6688
5968 6689
5146 6691
4249 6694
6123 6697
5612 6699
6713 6713
4574 6717
3978 6718
6460 6719
4142 6724
6133 6725
6538 6727
6337 6728
6739 6739
5888 6742
5301 6746
4984 6747
3717 6748
4660 6751
6557 6755
4850 6756
3898 6757
6620 6758
4401 6761
3805 6769
4024 6770
3852 6774
5229 6777
5618 6779
3736 6782
6783 6783
4466 6786
5352 6790
6180 6791
4885 6793
4588 6801
5046 6805
3856 6806
6807 6807
4824 6814
5059 6818
5042 6819
6716 6820
5929 6823
5774 6826
6659 6829
4604 6831
6365 6834
4854 6835
4528 6838
6626 6842
3816 6843
6248 6844
5707 6850
6538 6854
6413 6855
6053 6858
4309 6867
3720 6868
3690 6871
4058 6872
5042 6874
3758 6884
