5508 5508
5535 5535
5600 5600
5602 5602
5610 5610
5589 5589
5517 5517
5659 5659
5750 5750
3843 3843
5622 5622
6238 6238
3650 3650
5950 5950
5708 5708
5640 5640
5845 5845
5630 5630
3756 3756
5596 5596
5514 5514
3753 3753
5840 5840
3652 3652
5675 5675
6231 6231
2140 2140
3856 3856
5579 5579
6056 6056
3855 3855
5641 5641
5525 5525
5635 5635
12 12
6073 6073
3702 3702
6276 6276
3653 3653
2130 2130
6055 6055
5458 5458
5634 5634
6257 6257
5654 5654
2263 2263
6243 6243
5464 5464
140 140
261 261
3847 3847
3845 3845
6077 6077
328 328
3633 3633
343 343
5837 5837
435 435
2129 2129
190 190
3858 3858
407 407
321 321
3848 3848
2005 2005
6063 6063
3850 3850
2046 2046
340 340
3739 3739
26 26
244 244
8 8
3640 3640
2177 2177
6246 6246
5828 5828
3530 3530
3636 3636
2801 2801
6084 6084
6064 6064
5829 5829
3747 3747
242 242
2044 2044
351 351
29 29
330 330
6247 6247
2400 2400
1905 1905
5674 5674
2118 2118
2163 2163
2246 2246
5542 5542
439 439
323 323
3798 3798
2815 2815
432 432
2274 2274
17 17
5538 5538
2174 2174
1907 1907
6042 6042
76 76
2480 2480
5540 5540
3547 3547
5851 5851
2791 2791
2808 2808
2062 2062
5953 5953
2164 2164
3516 3516
2276 2276
3825 3825
3932 3932
2260 2260
3929 3929
124 124
3922 3922
2798 2798
3823 3823
189 189
5959 5959
2378 2378
5932 5932
3602 3602
3951 3951
2375 2375
2167 2167
5637 5637
73 73
5369 5369
2780 2780
108 108
45 45
1993 1993
3667 3667
6263 6263
3835 3835
5933 5933
2778 2778
5452 5452
3913 3913
5939 5939
3590 3590
3791 3791
438 438
3584 3584
3806 3806
1906 1906
5949 5949
5823 5823
3605 3605
2494 2494
322 322
3566 3566
2180 2180
65 65
5826 5826
2238 2238
5627 5627
3936 3936
5936 5936
245 245
6267 6267
1983 1983
3608 3608
3704 3704
2221 2221
104 104
2011 2011
2213 2213
2084 2084
51 51
2498 2498
2390 2390
3565 3565
2771 2771
2511 2511
2497 2497
5697 5697
2012 2012
5944 5944
5665 5665
2799 2799
6083 6083
3577 3577
2471 2471
2485 2485
3568 3568
6143 6143
2255 2255
2500 2500
5632 5632
6090 6090
2210 2210
5717 5717
3706 3706
3882 3882
415 415
2598 2598
6095 6095
94 94
2503 2503
6142 6142
3648 3648
5581 5581
2086 2086
6130 6130
3672 3672
5499 5499
5496 5496
6147 6147
2204 2204
5686 5686
2030 2030
2039 2039
5528 5528
5745 5745
2145 2145
5741 5741
3906 3906
2027 2027
2256 2256
5977 5977
2211 2211
5684 5684
5553 5553
2067 2067
5862 5862
2010 2010
5677 5677
4005 4005
2114 2114
5969 5969
3910 3910
5865 5865
5978 5978
7 7
5855 5855
2397 2397
2509 2509
2391 2391
5447 5447
2515 2515
2245 2245
2036 2036
2113 2113
5986 5986
2404 2404
5709 5709
377 377
62 62
5487 5487
6148 6148
2700 2700
5982 5982
3615 3615
2288 2288
6117 6117
5980 5980
5706 5706
148 148
5902 5902
2299 2299
2215 2215
5979 5979
2022 2022
6162 6162
2553 2553
147 147
3941 3941
5984 5984
2092 2092
2703 2703
5985 5985
6136 6136
2519 2519
2441 2441
6132 6132
6115 6115
5903 5903
4020 4020
5521 5521
5549 5549
4001 4001
2031 2031
2014 2014
2019 2019
2610 2610
4029 4029
2297 2297
6030 6030
2584 2584
2431 2431
2087 2087
3899 3899
2600 2600
5679 5679
2533 2533
3045 3045
3877 3877
2422 2422
5987 5987
2631 2631
5494 5494
4011 4011
6011 6011
3963 3963
4023 4023
3890 3890
4070 4070
2713 2713
5550 5550
3691 3691
3990 3990
3991 3991
376 376
5243 5243
5884 5884
3163 3163
2560 2560
158 158
5993 5993
3956 3956
3708 3708
4039 4039
3889 3889
2558 2558
2534 2534
3988 3988
174 174
2530 2530
6880 6880
3891 3891
6219 6219
2544 2544
4052 4052
3782 3782
2733 2733
2572 2572
4032 4032
4033 4033
4016 4016
5233 5233
5526 5526
3785 3785
4065 4065
220 220
6168 6168
6005 6005
4037 4037
197 197
2109 2109
2537 2537
550 550
4006 4006
5783 5783
529 529
2326 2326
6000 6000
4018 4018
2348 2348
5762 5762
4044 4044
3978 3978
5910 5910
5897 5897
2423 2423
2634 2634
2427 2427
552 552
3488 3488
5573 5573
372 372
558 558
6006 6006
498 498
2449 2449
1778 1778
2639 2639
490 490
512 512
2351 2351
546 546
533 533
2330 2330
2576 2576
2536 2536
578 578
5997 5997
2309 2309
199 199
559 559
556 556
479 479
564 564
5989 5989
3490 3490
2557 2557
3493 3493
466 466
2468 2468
2685 2685
2340 2340
2279 2279
2209 2209
2104 2104
5996 5996
2722 2722
539 539
5778 5778
5794 5794
178 178
5527 5527
6201 6201
2435 2435
515 515
576 576
3812 3812
2207 2207
2727 2727
5569 5569
5767 5767
2444 2444
3662 3662
2465 2465
2652 2652
2643 2643
5913 5913
6193 6193
5901 5901
487 487
5890 5890
2648 2648
3818 3818
5813 5813
1938 1938
255 255
6225 6225
5907 5907
5800 5800
5814 5814
2235 2235
153 153
3694 3694
3727 3727
1924 1924
2676 2676
5801 5801
6224 6224
1943 1943
6187 6187
5429 5429
5416 5416
1280 1280
3726 3726
3362 3362
3361 3361
5780 5780
3943 3943
3355 3355
6196 6196
1940 1940
285 285
5075 5075
5079 5079
5405 5405
3358 3358
284 284
5191 5191
5051 5051
5437 5437
5441 5441
5058 5058
3900 3900
3942 3942
4762 4762
1928 1928
585 585
3284 3284
6834 6834
3283 3283
5410 5410
3338 3338
6733 6733
5219 5219
5379 5379
5061 5061
1586 1586
5427 5427
1937 1937
1553 1553
225 225
5073 5073
3340 3340
3266 3266
6212 6212
5095 5095
441 441
4807 4807
2766 2766
5430 5430
699 699
5097 5097
3275 3275
3229 3229
5078 5078
5381 5381
3235 3235
1585 1585
1932 1932
3213 3213
3237 3237
3246 3246
5411 5411
3238 3238
587 587
3724 3724
593 593
5026 5026
3249 3249
3243 3243
3251 3251
6731 6731
3902 3902
6598 6598
6791 6791
1557 1557
3292 3292
6610 6610
1611 1611
1299 1299
3036 3036
5069 5069
1561 1561
6794 6794
6334 6334
6848 6848
5067 5067
4308 4308
5081 5081
1976 1976
5028 5028
5197 5197
6595 6595
6746 6746
6838 6838
1727 1727
3368 3368
3242 3242
4793 4793
594 594
1661 1661
6758 6758
1949 1949
2873 2873
6606 6606
607 607
3044 3044
3169 3169
6784 6784
2856 2856
4305 4305
3407 3407
6793 6793
4900 4900
3204 3204
6778 6778
3892 3892
6739 6739
5377 5377
1730 1730
4108 4108
570 570
622 622
6707 6707
6724 6724
6860 6860
3376 3376
1756 1756
6602 6602
3372 3372
6725 6725
6844 6844
6750 6750
1424 1424
6600 6600
641 641
2859 2859
6770 6770
2913 2913
1289 1289
610 610
3421 3421
3043 3043
6853 6853
6823 6823
743 743
2877 2877
6670 6670
3062 3062
2862 2862
6591 6591
3444 3444
6788 6788
2836 2836
6732 6732
3206 3206
1600 1600
5221 5221
3380 3380
1592 1592
801 801
3456 3456
6630 6630
4752 4752
3349 3349
3373 3373
667 667
1593 1593
3197 3197
1245 1245
1833 1833
2855 2855
4286 4286
933 933
1724 1724
3067 3067
1568 1568
1535 1535
3395 3395
4131 4131
6712 6712
4893 4893
4230 4230
5348 5348
2826 2826
4377 4377
3465 3465
3201 3201
3183 3183
815 815
3194 3194
2910 2910
4827 4827
4744 4744
1824 1824
1546 1546
3325 3325
1351 1351
3460 3460
4265 4265
1255 1255
6406 6406
1608 1608
1788 1788
1188 1188
6721 6721
782 782
3333 3333
669 669
1496 1496
1598 1598
6854 6854
5211 5211
3121 3121
691 691
1251 1251
3063 3063
601 601
1753 1753
6657 6657
6663 6663
640 640
1758 1758
6719 6719
211 211
5130 5130
6797 6797
4962 4962
6302 6302
6683 6683
3193 3193
3323 3323
4282 4282
3393 3393
1579 1579
1221 1221
3497 3497
4963 4963
676 676
5353 5353
3320 3320
2833 2833
3064 3064
936 936
3012 3012
3124 3124
4987 4987
6587 6587
4198 4198
4210 4210
6801 6801
4134 4134
620 620
2865 2865
6303 6303
900 900
6319 6319
1122 1122
1214 1214
4644 4644
615 615
6431 6431
3180 3180
1571 1571
3384 3384
4290 4290
710 710
4294 4294
4119 4119
1791 1791
1493 1493
1475 1475
786 786
3392 3392
4379 4379
621 621
3007 3007
4155 4155
1265 1265
6288 6288
4332 4332
1200 1200
891 891
1780 1780
5249 5249
3388 3388
6322 6322
1353 1353
4100 4100
3178 3178
808 808
4126 4126
4293 4293
1541 1541
4677 4677
6510 6510
5168 5168
4915 4915
3471 3471
3020 3020
4740 4740
1572 1572
1132 1132
4606 4606
4729 4729
6623 6623
1359 1359
4883 4883
4217 4217
4237 4237
6714 6714
6633 6633
3172 3172
390 390
5086 5086
3106 3106
6477 6477
3765 3765
5208 5208
3006 3006
6450 6450
1121 1121
1796 1796
1277 1277
1795 1795
6642 6642
1330 1330
5248 5248
923 923
1798 1798
6307 6307
6530 6530
1161 1161
816 816
1896 1896
4956 4956
1133 1133
4425 4425
6529 6529
2848 2848
6349 6349
4224 4224
2841 2841
2950 2950
6588 6588
2884 2884
1270 1270
2846 2846
391 391
4808 4808
3118 3118
1531 1531
5304 5304
1856 1856
926 926
1498 1498
4174 4174
6693 6693
6338 6338
4696 4696
1163 1163
4874 4874
4084 4084
3001 3001
6521 6521
4855 4855
1817 1817
1135 1135
4905 4905
4863 4863
5203 5203
6281 6281
4734 4734
868 868
3099 3099
6346 6346
3109 3109
846 846
3023 3023
1681 1681
4424 4424
6309 6309
4856 4856
1832 1832
6341 6341
6370 6370
6368 6368
1857 1857
4262 4262
3136 3136
1514 1514
4372 4372
968 968
4428 4428
4871 4871
5339 5339
2998 2998
965 965
1760 1760
4548 4548
4958 4958
6508 6508
4166 4166
6434 6434
823 823
4485 4485
6446 6446
1482 1482
4820 4820
5292 5292
3137 3137
6799 6799
2819 2819
3116 3116
705 705
3014 3014
1456 1456
1139 1139
5327 5327
1854 1854
5259 5259
1878 1878
880 880
1458 1458
4486 4486
2932 2932
4500 4500
6438 6438
2829 2829
5371 5371
752 752
1714 1714
6564 6564
1342 1342
4158 4158
1745 1745
1709 1709
919 919
6527 6527
4995 4995
5113 5113
6429 6429
4449 4449
996 996
4167 4167
4562 4562
1485 1485
4116 4116
1863 1863
4664 4664
4538 4538
1851 1851
4357 4357
2839 2839
2822 2822
1799 1799
3144 3144
989 989
6528 6528
1327 1327
1860 1860
4552 4552
3505 3505
4087 4087
1037 1037
4324 4324
4352 4352
6282 6282
882 882
932 932
1506 1506
5360 5360
4124 4124
1669 1669
4757 4757
4545 4545
3759 3759
1831 1831
4543 4543
1027 1027
6557 6557
4736 4736
1141 1141
750 750
4311 4311
1670 1670
952 952
6573 6573
1018 1018
4149 4149
1382 1382
5090 5090
3509 3509
1014 1014
4593 4593
1115 1115
1411 1411
4494 4494
950 950
995 995
5324 5324
1461 1461
1171 1171
1172 1172
1203 1203
5355 5355
2887 2887
1107 1107
3088 3088
4746 4746
6504 6504
4711 4711
1185 1185
4991 4991
6511 6511
1368 1368
6381 6381
3125 3125
1386 1386
4586 4586
741 741
4951 4951
4337 4337
987 987
4839 4839
4949 4949
1230 1230
907 907
4950 4950
4568 4568
4932 4932
1045 1045
4533 4533
4358 4358
1004 1004
4933 4933
856 856
4321 4321
1108 1108
970 970
4386 4386
1527 1527
833 833
4582 4582
1175 1175
4478 4478
1526 1526
975 975
1005 1005
4580 4580
1153 1153
4631 4631
4461 4461
4391 4391
4517 4517
4689 4689
177 177
4516 4516
4470 4470
1096 1096
4628 4628
1082 1082
4436 4436
848 848
1083 1083
873 873
