1907 1
1292 2
4486 4
955 5
7 7
8 8
12 12
5309 13
2738 14
17 17
1194 19
1601 20
2221 23
6572 24
26 26
1379 27
352 28
29 29
486 38
5546 44
45 45
3219 46
5090 50
51 51
6052 54
975 55
1494 57
5974 61
62 62
65 65
3927 66
6765 67
5750 69
5145 70
4533 72
73 73
76 76
5192 82
2792 84
6767 85
1100 86
4564 90
5314 92
94 94
3854 95
4172 98
2511 100
4060 102
104 104
2563 107
108 108
1821 109
3061 115
4068 116
3609 118
1278 119
5826 123
124 124
4932 130
1756 135
6381 138
140 140
3862 143
147 147
148 148
4733 149
2820 150
224 152
153 153
158 158
2206 160
1131 161
2326 164
4068 166
5277 167
5921 171
337 172
5165 173
174 174
177 177
178 178
2752 180
6144 184
5384 185
189 189
190 190
3816 191
1274 195
5693 196
197 197
4343 198
199 199
3924 202
759 203
1586 205
211 211
6589 213
214 214
1952 216
217 217
2953 218
4919 219
220 220
2041 224
225 225
6880 227
3940 230
6522 232
1226 235
3710 239
242 242
244 244
245 245
1379 246
1108 248
4109 250
255 255
261 261
3345 262
6326 264
1495 265
3709 267
6253 268
231 269
1700 277
1448 278
284 284
285 285
1880 287
289 289
730 292
821 294
2857 295
432 296
6215 303
1773 307
5083 308
6111 310
4815 312
5617 319
321 321
322 322
323 323
1 324
325 325
5412 326
328 328
42 329
330 330
6492 332
333 333
1371 338
340 340
4131 342
343 343
3553 344
732 346
3956 347
240 348
351 351
5299 352
448 353
475 354
5548 356
720 358
2051 361
372 372
5984 375
376 376
377 377
6210 378
4791 382
1446 383
672 386
2242 388
390 390
391 391
6445 394
2036 396
3927 398
1314 403
3667 404
4433 405
407 407
415 415
475 428
432 432
435 435
4418 436
438 438
439 439
441 441
5837 442
4049 443
3804 444
1059 446
3579 447
5986 448
851 451
3685 454
4260 458
2553 459
5439 461
6741 465
466 466
3088 467
468 468
3998 470
335 472
193 475
478 478
479 479
5438 480
482 482
4362 483
487 487
1999 488
490 490
5532 495
497 497
498 498
3981 500
6327 508
512 512
1473 513
515 515
2737 519
6814 521
4819 522
5908 523
524 524
4089 527
529 529
6884 530
3379 532
533 533
6865 534
5265 537
539 539
6338 540
1719 543
546 546
550 550
552 552
4121 555
556 556
4248 557
558 558
559 559
564 564
12 567
570 570
2991 575
576 576
578 578
4733 580
585 585
587 587
155 591
2549 592
593 593
594 594
601 601
3365 602
607 607
2101 608
610 610
6865 614
615 615
1659 617
6603 619
620 620
621 621
622 622
2760 623
3437 625
1700 626
2175 628
6865 629
248 630
687 631
2354 637
2275 639
640 640
641 641
1586 644
275 647
6436 653
191 656
2913 657
699 663
208 665
667 667
3866 668
669 669
313 671
6537 674
676 676
1586 678
4464 680
1927 682
687 687
691 691
4930 693
699 699
6097 702
704 704
705 705
4058 706
950 709
710 710
4557 712
4716 713
3006 720
2992 722
2380 724
3407 726
4072 727
3761 728
1048 729
474 731
732 732
4924 733
5891 734
741 741
743 743
453 745
750 750
752 752
754 754
1697 755
3227 756
3552 759
1762 762
764 764
639 767
1877 770
771 771
2185 772
776 776
4793 778
782 782
6371 785
786 786
1602 787
3993 788
1092 789
4109 794
2910 795
586 797
1564 798
801 801
2424 805
4826 806
808 808
811 811
815 815
816 816
2244 818
61 819
823 823
3307 824
5510 826
1439 830
833 833
2016 834
1292 836
4132 837
6296 838
839 839
2845 840
805 842
3269 843
1363 844
846 846
848 848
4182 849
5098 851
4500 853
3374 854
856 856
524 860
1473 862
2752 864
4218 865
3528 867
868 868
5563 869
2315 871
873 873
2387 874
6439 876
4132 878
880 880
881 881
882 882
5321 883
5046 884
3571 886
891 891
6501 894
900 900
3172 902
1789 905
1547 906
907 907
307 910
3921 913
3682 915
4331 916
969 917
3861 918
919 919
5871 920
4065 921
923 923
924 924
3455 925
926 926
1090 929
4994 930
932 932
933 933
6559 935
936 936
1543 949
950 950
3804 951
952 952
2614 954
5484 955
1677 958
544 960
965 965
968 968
4099 969
970 970
975 975
1777 977
160 978
804 979
987 987
989 989
6458 992
6887 993
5007 994
995 995
996 996
3181 998
249 1000
3148 1002
1004 1004
1005 1005
3112 1008
6326 1012
1014 1014
4515 1017
1018 1018
1676 1021
1027 1027
6501 1030
1037 1037
3927 1039
2593 1040
1045 1045
993 1047
6144 1049
4182 1050
3587 1051
195 1056
4057 1058
4776 1061
6398 1063
4089 1065
3521 1068
3028 1069
3096 1077
4190 1078
1082 1082
1083 1083
4463 1087
1721 1088
6275 1095
1096 1096
1700 1097
1572 1101
5607 1105
1107 1107
1108 1108
266 1109
968 1110
1115 1115
5680 1117
2899 1120
1121 1121
1122 1122
3229 1123
5986 1129
1132 1132
1133 1133
1135 1135
3823 1136
1737 1137
1139 1139
1140 1140
1141 1141
2953 1145
370 1148
815 1149
3882 1152
1153 1153
5434 1159
5135 1160
1161 1161
5603 1162
1163 1163
5054 1168
5252 1169
4476 1170
1171 1171
1172 1172
4223 1174
1175 1175
5931 1176
6270 1183
1185 1185
1188 1188
3519 1189
4557 1191
882 1193
87 1199
1200 1200
6794 1201
1203 1203
4870 1206
295 1213
1214 1214
335 1215
4089 1219
1221 1221
599 1224
2043 1226
1227 1227
1230 1230
4373 1231
6468 1232
1049 1234
6115 1235
6227 1236
1652 1237
1240 1240
1243 1243
1245 1245
4400 1246
5826 1248
1251 1251
2538 1254
1255 1255
2986 1257
4074 1261
3667 1262
4325 1263
1265 1265
6478 1267
1270 1270
4190 1273
1277 1277
1066 1278
1280 1280
5826 1281
6653 1283
4533 1284
1289 1289
1292 1292
1293 1293
1030 1294
543 1295
1299 1299
3643 1301
3391 1302
1252 1303
2251 1308
1219 1312
4036 1313
2604 1317
308 1318
5927 1322
2331 1326
1327 1327
2800 1328
1330 1330
1063 1331
1139 1334
5931 1341
1342 1342
1351 1351
1353 1353
1092 1357
1359 1359
4115 1362
1368 1368
4198 1369
2735 1370
1698 1372
1277 1373
3565 1376
833 1377
1382 1382
5722 1383
1386 1386
6865 1389
2061 1394
1614 1398
3614 1401
4089 1403
6680 1404
4496 1405
5510 1409
1411 1411
1417 1417
1418 1418
2265 1419
904 1421
6481 1423
1424 1424
1691 1427
4639 1429
6814 1431
6883 1432
4089 1434
4439 1436
4487 1437
1440 1440
5439 1442
2623 1443
3535 1446
4068 1448
4951 1453
1456 1456
1458 1458
1461 1461
1584 1462
696 1466
6762 1468
1339 1474
1475 1475
3525 1478
5197 1481
1482 1482
2820 1483
1485 1485
1486 1486
516 1487
739 1488
1446 1491
232 1492
1493 1493
1496 1496
1498 1498
160 1499
5430 1500
6029 1503
1506 1506
3329 1507
6832 1508
1915 1509
6787 1511
2760 1513
1514 1514
1138 1521
2517 1523
1526 1526
1527 1527
1531 1531
5857 1532
1535 1535
1541 1541
5438 1542
274 1543
1545 1545
1546 1546
2051 1552
1553 1553
1557 1557
3207 1560
1561 1561
2407 1563
3654 1566
1568 1568
3575 1569
4609 1570
1571 1571
1572 1572
1573 1573
92 1575
4722 1576
1176 1577
1579 1579
1700 1582
1585 1585
1586 1586
3026 1587
3148 1591
1592 1592
1593 1593
1384 1597
1598 1598
1600 1600
5608 1601
753 1604
4060 1606
1608 1608
1107 1609
1611 1611
2810 1612
4277 1614
6727 1619
5766 1620
2951 1621
2304 1624
1633 1633
1634 1634
297 1635
1637 1637
753 1640
5309 1642
5130 1644
1646 1646
1984 1648
1574 1650
1649 1653
475 1654
1659 1659
1661 1661
109 1662
1667 1667
1669 1669
1670 1670
1671 1671
1363 1673
1 1674
3748 1675
1193 1679
1681 1681
1777 1682
416 1684
4128 1685
720 1687
232 1692
1697 1697
6122 1698
4043 1699
3682 1700
1703 1703
5373 1706
307 1708
1709 1709
1587 1710
4082 1711
1714 1714
6412 1716
4545 1717
3691 1718
1720 1720
3160 1721
5801 1722
1724 1724
1727 1727
92 1728
6000 1729
1730 1730
811 1735
1737 1737
791 1738
232 1739
1745 1745
2844 1746
4995 1747
1748 1748
4658 1751
1753 1753
1756 1756
1758 1758
5908 1759
1760 1760
4126 1762
1030 1765
3661 1770
5200 1771
815 1773
1774 1774
1778 1778
4961 1779
1780 1780
571 1781
1788 1788
1791 1791
1795 1795
1796 1796
1798 1798
1799 1799
5696 1801
2594 1802
1972 1808
1916 1811
1194 1813
1814 1814
1817 1817
1614 1818
1824 1824
5332 1828
1831 1831
1832 1832
1833 1833
3278 1835
4747 1838
1839 1839
2696 1845
3322 1848
6593 1849
479 1850
1851 1851
5880 1853
1854 1854
1855 1855
1856 1856
1857 1857
3977 1859
1860 1860
1862 1862
1863 1863
5492 1865
2045 1866
972 1868
2556 1869
4247 1871
3728 1873
1875 1875
1876 1876
4533 1877
1878 1878
4527 1880
1881 1881
3629 1884
1886 1886
1890 1890
4360 1893
2077 1894
1896 1896
5384 1899
156 1900
192 1903
728 1904
1905 1905
1906 1906
1907 1907
3773 1908
4320 1909
4905 1912
1914 1914
3053 1916
3474 1917
6520 1918
4077 1923
1924 1924
6848 1925
1586 1927
1928 1928
4382 1929
6098 1930
1932 1932
2814 1934
1937 1937
1938 1938
1940 1940
1943 1943
4149 1944
3017 1946
1949 1949
2051 1952
3955 1953
961 1960
997 1962
3508 1966
3586 1967
3629 1968
5983 1969
6407 1970
2341 1971
1924 1973
4089 1974
1976 1976
5568 1981
1983 1983
5756 1984
5883 1990
633 1992
1993 1993
2136 1995
5335 2000
5678 2001
6868 2004
2005 2005
5376 2009
2010 2010
2011 2011
2012 2012
5486 2013
2014 2014
1168 2018
2019 2019
2631 2020
586 2021
2022 2022
4553 2024
2027 2027
2030 2030
2031 2031
3135 2034
2036 2036
2157 2038
2039 2039
2044 2044
2046 2046
6883 2047
1458 2048
6145 2049
2499 2050
3610 2053
3880 2058
1924 2059
5630 2061
2062 2062
248 2063
560 2064
6865 2065
2896 2066
2067 2067
1052 2072
5769 2075
2422 2076
2084 2084
2086 2086
2087 2087
2292 2089
2092 2092
4582 2094
2230 2099
3055 2103
2104 2104
2109 2109
4132 2110
2113 2113
2114 2114
961 2115
1306 2117
2118 2118
6862 2122
5369 2123
1443 2124
933 2127
2129 2129
2130 2130
2408 2131
1100 2133
3953 2136
5042 2137
2140 2140
3540 2144
2145 2145
770 2151
4581 2153
3320 2155
4400 2156
3137 2160
2163 2163
2164 2164
2167 2167
1471 2169
6526 2172
4557 2173
2174 2174
660 2175
2177 2177
2101 2178
2180 2180
1885 2181
2389 2183
60 2185
1917 2190
2036 2193
6350 2194
1276 2196
4533 2198
5757 2202
2303 2203
2204 2204
5793 2205
2207 2207
72 2208
2209 2209
2210 2210
2211 2211
2213 2213
380 2214
2215 2215
5952 2219
2221 2221
3438 2223
6774 2224
2707 2225
3329 2228
838 2233
3580 2234
2235 2235
2238 2238
2819 2239
2843 2240
1845 2242
2584 2243
1032 2244
2245 2245
2246 2246
398 2248
471 2251
4580 2252
2255 2255
2256 2256
6097 2257
5697 2258
2260 2260
6299 2261
6550 2262
2263 2263
2357 2268
4112 2269
2274 2274
2276 2276
4405 2277
2279 2279
2145 2281
6551 2282
2288 2288
2294 2294
1924 2296
2297 2297
2299 2299
5038 2300
1894 2301
6561 2302
5826 2304
3887 2306
4826 2307
6248 2308
2309 2309
1652 2310
1877 2311
2653 2314
3053 2316
4029 2318
4656 2323
2326 2326
475 2327
2341 2329
2330 2330
4990 2335
5588 2338
2340 2340
1952 2343
2348 2348
2351 2351
4187 2354
242 2357
1489 2359
4784 2364
2235 2369
2055 2370
4960 2372
3467 2373
2375 2375
2378 2378
2679 2379
895 2381
1090 2386
4357 2387
1830 2388
2390 2390
2391 2391
1203 2393
3132 2394
3449 2396
2397 2397
720 2398
2400 2400
3200 2401
2404 2404
3322 2406
107 2408
1520 2414
2422 2422
2423 2423
2427 2427
5809 2428
5210 2430
2431 2431
3432 2432
4248 2433
2435 2435
3093 2440
2441 2441
3895 2443
2444 2444
4407 2446
2449 2449
2084 2463
993 2464
2465 2465
2468 2468
2150 2469
2471 2471
3026 2475
2480 2480
4933 2482
6471 2483
2485 2485
3883 2488
3068 2491
275 2492
2646 2493
2494 2494
1448 2495
2497 2497
2498 2498
2500 2500
2503 2503
4515 2505
3251 2506
3171 2508
2509 2509
5007 2510
2511 2511
210 2514
2515 2515
5959 2516
3744 2517
4656 2518
2519 2519
1448 2520
2611 2522
1121 2523
4388 2529
2530 2530
2533 2533
2534 2534
6728 2535
2536 2536
2537 2537
2614 2540
3846 2542
2544 2544
2666 2546
6741 2547
1446 2549
3970 2551
2553 2553
5268 2555
2557 2557
2558 2558
2560 2560
544 2561
4977 2563
1950 2570
4049 2571
2572 2572
3644 2574
680 2575
2576 2576
3 2582
2584 2584
2752 2587
5234 2589
2565 2591
719 2592
3464 2593
5324 2595
2960 2597
2598 2598
322 2599
2600 2600
4666 2601
6126 2603
5410 2604
1022 2608
2610 2610
5083 2614
804 2616
3610 2617
103 2625
2249 2628
1884 2630
2631 2631
2634 2634
4467 2635
4060 2637
2639 2639
1595 2640
4208 2642
2643 2643
5635 2644
5016 2645
2036 2646
2648 2648
2652 2652
4563 2654
4655 2661
1601 2668
1059 2670
4575 2671
4714 2675
2676 2676
270 2677
2042 2679
2685 2685
1092 2687
3063 2688
570 2690
6295 2692
10 2699
2700 2700
2703 2703
6579 2705
6598 2709
1614 2710
2713 2713
6430 2714
1652 2715
2718 2718
2719 2719
2722 2722
3692 2724
2647 2725
5701 2726
2727 2727
2728 2728
2252 2729
679 2730
2731 2731
2733 2733
6689 2739
6221 2743
3869 2747
5913 2748
6573 2753
2553 2755
3842 2756
1586 2762
2972 2765
2766 2766
6865 2768
5168 2769
2771 2771
1970 2772
4510 2773
3489 2775
6006 2776
2778 2778
2780 2780
6865 2781
4388 2786
127 2787
3697 2790
2791 2791
5100 2795
2798 2798
2799 2799
2801 2801
4705 2803
2808 2808
1788 2809
5536 2810
2815 2815
6424 2818
2819 2819
3645 2820
2822 2822
3408 2825
2826 2826
453 2828
2829 2829
24 2831
2833 2833
2836 2836
2839 2839
2841 2841
3652 2842
509 2845
2846 2846
2379 2847
2848 2848
1722 2853
2855 2855
2856 2856
3173 2857
2859 2859
2169 2861
2862 2862
2865 2865
3542 2872
2873 2873
4871 2876
2877 2877
4320 2878
5984 2879
2880 2880
4523 2882
3133 2883
2884 2884
5318 2885
6865 2886
2887 2887
1335 2888
3723 2889
242 2890
1243 2894
2895 2895
1564 2899
2903 2903
2904 2904
2905 2905
5857 2906
2820 2907
1780 2909
2910 2910
3534 2911
1535 2912
2913 2913
1648 2917
5213 2918
883 2919
4478 2920
1234 2921
992 2922
5521 2923
1896 2926
1632 2929
2932 2932
5008 2936
3804 2937
5124 2941
2186 2944
1998 2945
4967 2947
2950 2950
195 2954
2955 2955
6152 2956
859 2957
2958 2958
4320 2960
2354 2961
2352 2962
2963 2963
6363 2967
4163 2969
4658 2971
2753 2972
3712 2973
1591 2977
1472 2978
6185 2979
2980 2980
5514 2982
2984 2984
2985 2985
2661 2987
3033 2988
6371 2991
2992 2992
2993 2993
2994 2994
486 2995
5358 2997
2998 2998
5912 3000
3001 3001
3003 3003
3006 3006
3007 3007
3012 3012
3014 3014
4285 3015
3240 3016
2352 3017
3020 3020
3858 3021
4782 3022
3023 3023
4063 3025
4387 3026
1469 3027
1606 3029
4265 3034
3036 3036
5603 3039
3042 3042
3043 3043
3044 3044
3045 3045
1235 3049
6538 3051
4461 3053
1979 3061
3062 3062
3063 3063
3064 3064
3067 3067
5552 3068
3424 3070
4383 3080
6671 3081
243 3084
3088 3088
5112 3091
3816 3094
4200 3095
3099 3099
4495 3101
2708 3102
303 3103
1298 3105
3106 3106
563 3108
3109 3109
3116 3116
3118 3118
1317 3120
3121 3121
4822 3122
3124 3124
3125 3125
5816 3129
5527 3130
4033 3134
3136 3136
3137 3137
5848 3140
6800 3141
5180 3142
861 3143
3144 3144
4846 3148
4539 3151
6350 3156
1297 3157
6293 3159
1777 3160
3163 3163
3164 3164
5053 3168
3169 3169
3172 3172
6394 3173
4005 3175
1254 3176
3178 3178
3180 3180
345 3181
3183 3183
1049 3191
3193 3193
3194 3194
3197 3197
2408 3199
2663 3200
3201 3201
5430 3202
3204 3204
3206 3206
1449 3207
1718 3208
5808 3209
3213 3213
1296 3214
3672 3216
3460 3218
704 3219
2051 3220
5100 3223
1907 3225
4846 3228
3229 3229
3859 3232
3235 3235
3237 3237
3238 3238
1544 3239
1223 3241
3242 3242
3243 3243
4800 3245
3246 3246
3249 3249
1062 3250
3251 3251
3479 3253
1013 3255
4515 3260
5469 3261
1488 3264
1323 3265
3266 3266
6865 3268
6486 3269
4328 3273
3275 3275
4378 3277
693 3279
4828 3280
5746 3281
3283 3283
3284 3284
6076 3287
3292 3292
6821 3293
1194 3294
3479 3295
3221 3296
1700 3297
993 3302
532 3304
4297 3305
5361 3306
5599 3307
4763 3308
3966 3312
6746 3314
4163 3317
3320 3320
759 3321
3323 3323
3325 3325
3486 3328
2407 3331
3333 3333
2533 3334
3338 3338
3340 3340
5826 3344
3349 3349
5439 3352
5123 3354
3355 3355
3519 3357
3358 3358
3361 3361
3362 3362
3148 3365
40 3366
3368 3368
5117 3371
3372 3372
3373 3373
4924 3375
3376 3376
3380 3380
6373 3381
3384 3384
24 3386
3388 3388
3392 3392
3393 3393
3395 3395
1257 3399
1622 3403
3407 3407
5616 3410
3053 3411
669 3413
3921 3417
3421 3421
797 3422
361 3423
3817 3424
1223 3426
5607 3428
1022 3431
961 3433
2611 3436
113 3439
2146 3440
1997 3441
3444 3444
3876 3446
4764 3447
5086 3452
218 3453
3456 3456
3460 3460
4320 3462
1107 3464
3465 3465
2623 3467
5614 3468
2353 3469
3471 3471
4388 3474
3418 3478
1022 3479
2811 3481
297 3482
5861 3483
3614 3484
1546 3487
3488 3488
6198 3489
3490 3490
2783 3492
3493 3493
721 3495
4893 3496
3497 3497
2189 3500
6312 3502
3505 3505
910 3507
3944 3508
3509 3509
2501 3513
3501 3514
3516 3516
1570 3518
3051 3520
6638 3523
1691 3525
3530 3530
3763 3531
4131 3533
851 3534
4591 3535
181 3537
1906 3542
3823 3543
3457 3544
6359 3545
3547 3547
1587 3548
5387 3554
3080 3555
3974 3556
1614 3559
4331 3560
3565 3565
3566 3566
5782 3567
3568 3568
2051 3574
2604 3575
3577 3577
3579 3579
1295 3581
6639 3583
3584 3584
956 3586
1700 3589
3590 3590
2380 3594
3596 3596
3443 3597
3602 3602
6307 3604
3605 3605
1022 3606
3608 3608
5990 3609
4819 3614
3615 3615
4867 3627
4672 3631
3633 3633
4772 3635
3636 3636
5956 3637
1783 3639
3640 3640
2580 3642
4616 3643
2088 3647
3648 3648
3650 3650
1274 3651
3652 3652
3653 3653
3108 3657
4735 3659
3662 3662
1254 3663
993 3666
3667 3667
4526 3669
3672 3672
4065 3676
316 3677
3900 3678
3466 3679
3841 3680
4127 3681
6604 3682
3718 3687
3691 3691
6310 3692
3694 3694
660 3695
3659 3696
3807 3697
3873 3699
4026 3701
3702 3702
3704 3704
3706 3706
6471 3707
3708 3708
6863 3711
4528 3712
679 3714
6417 3719
3528 3722
3724 3724
3726 3726
3727 3727
5028 3730
4065 3733
2051 3736
2222 3737
3739 3739
4924 3742
2870 3744
3747 3747
4131 3750
3804 3751
941 3752
3753 3753
3756 3756
3457 3758
3759 3759
2577 3761
4389 3762
4115 3763
4131 3764
3765 3765
1063 3767
3769 3769
3594 3770
3799 3771
1448 3775
3861 3779
4082 3781
3782 3782
4924 3783
3785 3785
3916 3786
3754 3787
437 3788
3724 3789
4127 3790
3791 3791
5263 3793
2051 3794
3805 3797
3798 3798
4839 3799
1909 3801
4089 3803
1446 3804
3806 3806
2937 3807
6598 3808
4045 3809
3812 3812
3818 3818
127 3820
3821 3821
3823 3823
3825 3825
1135 3826
3906 3829
2937 3831
3835 3835
4026 3838
3864 3839
3859 3841
3843 3843
6089 3844
3845 3845
3847 3847
3848 3848
3095 3849
3850 3850
4013 3851
453 3854
3855 3855
3856 3856
3858 3858
1675 3860
1777 3862
4131 3864
707 3865
5263 3867
3868 3868
1446 3872
4123 3874
3877 3877
1125 3880
4210 3881
3882 3882
1808 3885
3887 3887
3889 3889
3890 3890
3891 3891
3892 3892
5864 3893
4131 3895
4003 3898
3899 3899
3900 3900
3902 3902
1719 3904
3906 3906
4035 3908
3910 3910
3913 3913
2346 3914
4099 3916
3922 3922
4071 3925
3926 3926
3927 3927
3929 3929
1691 3931
3932 3932
1391 3934
3761 3935
3936 3936
5009 3937
6846 3938
3849 3940
3941 3941
3942 3942
3943 3943
3951 3951
3952 3952
3953 3953
3902 3954
3955 3955
3956 3956
3918 3959
5305 3961
3963 3963
3967 3967
5270 3969
4026 3972
5007 3974
2937 3977
3978 3978
4102 3979
3980 3980
4115 3986
1476 3987
3988 3988
3727 3989
3990 3990
3991 3991
4081 3992
3876 3993
4672 3994
4001 4001
4005 4005
4006 4006
3914 4007
5263 4008
889 4009
4011 4011
4012 4012
4016 4016
2106 4017
4018 4018
4037 4019
4020 4020
4023 4023
4029 4029
3528 4031
4032 4032
4033 4033
4037 4037
4039 4039
3752 4041
6755 4042
2792 4043
4044 4044
6524 4048
2202 4049
4052 4052
6302 4058
6562 4060
6417 4062
4451 4063
4065 4065
3781 4066
3655 4067
4774 4068
4070 4070
3976 4071
1889 4075
6531 4082
1220 4083
4084 4084
3948 4085
590 4086
4087 4087
3481 4088
3685 4089
3652 4090
3727 4093
3779 4095
3688 4096
613 4097
4343 4098
4100 4100
4287 4102
4108 4108
1174 4109
4110 4110
3078 4111
3847 4112
9 4113
4114 4114
4116 4116
4119 4119
4123 4123
4124 4124
4126 4126
3681 4128
6887 4129
3623 4130
4131 4131
4055 4133
4134 4134
3514 4137
1764 4141
160 4142
2130 4148
4149 4149
2995 4150
989 4152
2670 4154
4155 4155
2330 4156
4158 4158
570 4159
4162 4162
2253 4164
4166 4166
4167 4167
5208 4169
5430 4170
4174 4174
2429 4176
1064 4177
1572 4179
3377 4184
701 4185
3354 4188
3234 4192
4198 4198
5090 4199
1777 4200
4202 4202
4203 4203
4206 4206
4656 4209
4210 4210
3535 4216
4217 4217
2563 4220
1306 4221
4222 4222
6268 4223
4224 4224
2196 4225
4226 4226
793 4227
5497 4229
4230 4230
5162 4232
601 4234
5766 4235
4237 4237
2762 4238
4241 4241
4242 4242
2235 4243
126 4246
1339 4247
4287 4249
6533 4257
6400 4260
4262 4262
4265 4265
3806 4272
4603 4273
168 4274
5492 4275
4282 4282
6658 4283
5225 4284
4286 4286
4617 4288
4290 4290
4293 4293
4294 4294
1628 4299
4623 4304
4305 4305
1278 4306
4308 4308
1008 4309
4311 4311
3245 4312
5096 4314
5175 4315
5584 4317
6493 4318
4152 4320
4321 4321
6094 4323
4324 4324
1460 4326
70 4327
6040 4328
1437 4330
4332 4332
130 4333
2699 4336
4337 4337
4826 4341
3394 4345
4352 4352
688 4356
4357 4357
4358 4358
4066 4359
4418 4361
1303 4368
6409 4369
650 4371
4372 4372
4487 4375
4377 4377
6295 4378
4379 4379
1756 4381
1431 4382
5184 4383
4386 4386
4391 4391
5486 4393
4656 4394
4534 4396
4200 4397
4185 4401
5883 4404
313 4407
6045 4412
1874 4417
2301 4419
4341 4421
2330 4423
4424 4424
4425 4425
6888 4426
4082 4427
4428 4428
418 4429
2103 4431
6415 4434
6035 4435
4436 4436
1667 4437
336 4438
2843 4439
3861 4444
6460 4445
4449 4449
5117 4454
4727 4455
6563 4459
4461 4461
5627 4463
1132 4464
2972 4467
4470 4470
2755 4473
6419 4475
1197 4476
4478 4478
6412 4482
56 4483
4485 4485
4486 4486
2311 4487
4871 4488
3105 4491
5378 4493
4494 4494
2762 4497
4500 4500
4960 4501
1850 4502
4423 4506
1675 4510
6100 4513
6674 4514
4533 4515
4516 4516
4517 4517
5721 4519
4420 4521
1774 4523
4732 4529
1773 4530
6865 4532
4533 4533
6383 4537
4538 4538
4543 4543
4545 4545
2206 4546
2344 4547
4548 4548
4552 4552
2736 4555
4562 4562
6126 4563
5360 4564
4568 4568
475 4569
1907 4571
2745 4577
3830 4578
4580 4580
4582 4582
6101 4583
5438 4585
4586 4586
1138 4587
6188 4588
5406 4591
4593 4593
475 4601
530 4602
4068 4603
4606 4606
3368 4607
1008 4610
720 4616
4540 4617
155 4618
4628 4628
66 4629
4631 4631
2246 4637
3127 4639
2653 4642
4644 4644
5880 4648
4577 4649
3238 4651
3954 4660
905 4662
4664 4664
5482 4665
2090 4667
6680 4668
597 4669
1810 4670
689 4671
3400 4673
3880 4674
4533 4675
4057 4676
4677 4677
5531 4679
1339 4683
3508 4684
2613 4685
5630 4687
4689 4689
2583 4693
3748 4694
4696 4696
1573 4697
4557 4699
3039 4705
4711 4711
1867 4712
3543 4713
4714 4714
4182 4717
6598 4719
3975 4724
2737 4727
4728 4728
4729 4729
4734 4734
4736 4736
1663 4737
5624 4738
4740 4740
4744 4744
4746 4746
6362 4747
1993 4749
4752 4752
4754 4754
4757 4757
2580 4758
1196 4759
3419 4760
4762 4762
4764 4764
4765 4765
5439 4768
4770 4770
3779 4773
2393 4774
2580 4778
2678 4783
6746 4790
6256 4791
4793 4793
2813 4804
4807 4807
4808 4808
5954 4810
1100 4811
2870 4815
2923 4817
4820 4820
1131 4821
4190 4822
2940 4825
4827 4827
6762 4830
6708 4832
4248 4833
693 4834
779 4838
4839 4839
1905 4841
4070 4842
4844 4844
6153 4845
3148 4846
915 4847
6308 4848
4033 4849
4853 4853
4854 4854
4855 4855
4856 4856
3895 4859
4860 4860
4863 4863
1831 4864
2080 4865
4063 4867
1670 4868
4871 4871
4874 4874
5098 4876
6239 4877
4606 4881
679 4882
4883 4883
3836 4884
6538 4885
60 4886
776 4892
4893 4893
2051 4896
1194 4897
4900 4900
4903 4903
4905 4905
2708 4906
4907 4907
4910 4910
1695 4914
4915 4915
6667 4916
6593 4920
5106 4921
6604 4924
4734 4929
5022 4931
4932 4932
4933 4933
6880 4934
5270 4937
1706 4938
4458 4941
3876 4942
3543 4943
3713 4946
1777 4947
503 4948
4949 4949
4950 4950
4951 4951
1568 4953
4956 4956
3404 4957
4958 4958
693 4959
1671 4960
4962 4962
4963 4963
1194 4964
4796 4967
3875 4972
2379 4976
2305 4978
1700 4979
6 4981
544 4983
181 4986
4987 4987
3752 4988
6365 4989
4991 4991
3464 4992
4995 4995
6110 4997
4999 4999
1049 5001
3404 5004
4609 5005
3677 5006
803 5009
2043 5011
4938 5013
2601 5015
2748 5016
3880 5017
5726 5019
4702 5020
5371 5022
4671 5025
5026 5026
5028 5028
4758 5029
4112 5030
4450 5031
3947 5033
5530 5036
793 5043
2367 5045
6602 5050
5051 5051
4788 5052
1907 5053
1346 5054
2819 5056
777 5057
5058 5058
1916 5059
5061 5061
1329 5062
759 5065
5067 5067
553 5068
5069 5069
2355 5072
5073 5073
386 5074
5075 5075
4572 5076
611 5077
5078 5078
5079 5079
5081 5081
5083 5083
5086 5086
5089 5089
5090 5090
1022 5091
5095 5095
5097 5097
518 5098
6253 5099
5101 5101
3607 5103
5726 5106
4145 5107
3519 5111
332 5112
5113 5113
1340 5115
1736 5117
695 5118
1615 5119
5120 5120
5122 5122
5125 5125
5126 5126
3455 5129
5130 5130
2852 5134
6466 5136
5141 5141
1748 5142
5143 5143
5187 5144
5597 5145
693 5149
5152 5152
5153 5153
1306 5156
3948 5157
3601 5161
2951 5164
875 5165
3221 5166
5168 5168
738 5169
242 5174
4933 5176
4276 5178
79 5179
6693 5186
5191 5191
694 5195
1194 5196
5197 5197
5200 5200
5202 5202
5203 5203
5208 5208
1604 5209
4388 5210
5211 5211
2025 5212
2562 5213
2043 5214
452 5216
5219 5219
5220 5220
5221 5221
3581 5222
210 5225
6458 5228
6001 5230
993 5232
5233 5233
1697 5241
3027 5242
5243 5243
6027 5244
5248 5248
5249 5249
6866 5251
2367 5254
2818 5256
6143 5257
5259 5259
961 5260
759 5261
563 5262
4213 5264
4068 5267
5866 5271
2896 5274
4445 5275
5829 5276
4068 5277
99 5280
236 5281
4435 5283
5762 5287
5290 5290
5292 5292
707 5293
420 5296
3363 5301
2136 5302
5304 5304
3752 5305
1391 5307
1697 5308
1391 5310
5962 5314
6310 5315
4365 5317
5323 5323
5324 5324
5089 5325
951 5326
5327 5327
5329 5329
719 5331
611 5332
5333 5333
387 5336
5339 5339
3938 5340
5341 5341
5197 5343
961 5345
1059 5346
3478 5347
5348 5348
5349 5349
2258 5350
5098 5351
6192 5352
5353 5353
5355 5355
2408 5358
5360 5360
6794 5361
2185 5363
5138 5365
1194 5368
5369 5369
5371 5371
5377 5377
5379 5379
5381 5381
6694 5388
50 5389
5756 5390
4415 5392
4567 5394
2235 5395
6728 5396
5416 5401
5405 5405
5410 5410
5411 5411
5416 5416
6303 5421
5927 5425
2135 5426
5427 5427
2438 5428
5429 5429
5430 5430
6865 5432
4274 5436
5437 5437
1286 5438
4362 5440
5441 5441
2857 5444
1082 5446
5447 5447
620 5448
5452 5452
1209 5456
2795 5457
5458 5458
1277 5463
5464 5464
2713 5465
3894 5469
5187 5472
1849 5473
6268 5474
947 5482
5007 5483
6648 5486
5487 5487
6271 5489
60 5491
6394 5492
5494 5494
739 5495
5496 5496
5499 5499
1296 5500
4089 5502
5184 5504
5823 5507
5508 5508
4620 5511
5514 5514
5517 5517
3752 5520
5521 5521
4032 5522
2243 5524
5525 5525
5526 5526
5527 5527
5528 5528
5535 5535
5538 5538
2977 5539
5540 5540
856 5541
5542 5542
6240 5543
5726 5546
1214 5547
5548 5548
5549 5549
5550 5550
2311 5551
3595 5552
5553 5553
954 5554
5918 5555
4057 5556
3322 5558
4193 5560
1614 5561
142 5565
2096 5567
5569 5569
2521 5570
6475 5571
5573 5573
6865 5574
465 5576
1822 5577
5579 5579
5581 5581
4557 5583
6728 5584
4487 5585
2380 5586
5589 5589
3023 5594
5475 5595
5596 5596
5600 5600
5602 5602
6110 5603
4152 5604
5610 5610
3424 5611
770 5612
544 5614
5106 5615
5622 5622
4326 5623
5624 5624
5297 5625
5627 5627
5931 5629
5630 5630
5632 5632
1889 5633
5634 5634
5635 5635
5637 5637
5245 5638
5640 5640
5641 5641
4975 5644
92 5645
5000 5646
4121 5650
4226 5651
6291 5652
5654 5654
4772 5656
3859 5657
5659 5659
864 5662
3004 5663
6383 5664
5665 5665
5234 5672
5320 5673
5674 5674
5675 5675
5677 5677
5321 5678
5679 5679
5829 5681
4557 5682
5684 5684
5686 5686
4411 5687
5423 5691
3132 5692
1340 5693
2531 5694
5697 5697
5706 5706
4751 5707
5708 5708
5709 5709
2051 5714
5717 5717
6559 5718
3609 5720
3685 5723
144 5732
3200 5734
5741 5741
6357 5743
5745 5745
5750 5750
6072 5753
6148 5760
5762 5762
2180 5764
804 5765
626 5766
5767 5767
5768 5768
922 5772
6086 5773
1928 5774
2888 5775
1128 5776
5603 5777
5778 5778
5780 5780
6055 5782
5783 5783
5435 5784
5785 5785
5162 5786
3051 5787
2810 5788
3846 5790
6396 5793
5794 5794
2185 5798
5800 5800
5801 5801
3424 5805
4554 5806
1197 5808
2398 5810
5813 5813
5814 5814
473 5820
5463 5822
5823 5823
5826 5826
5942 5827
5828 5828
5829 5829
5921 5830
5536 5831
3148 5832
6865 5834
308 5836
5837 5837
1243 5838
1022 5839
5840 5840
5845 5845
3106 5847
4553 5848
5851 5851
1639 5853
2857 5854
5855 5855
719 5860
5862 5862
5865 5865
5207 5866
5872 5872
2103 5878
261 5880
5881 5881
1126 5882
5884 5884
5885 5885
2375 5886
781 5887
719 5888
719 5889
5890 5890
1092 5891
1234 5892
4120 5894
1214 5896
5897 5897
5901 5901
5902 5902
5903 5903
5907 5907
2204 5908
1914 5909
5910 5910
5913 5913
5865 5915
6178 5916
3085 5918
3682 5921
3652 5922
6171 5926
2954 5927
896 5930
5932 5932
5933 5933
679 5934
5936 5936
5371 5938
5939 5939
3154 5940
6449 5942
5944 5944
739 5947
5949 5949
5950 5950
2866 5952
5953 5953
5089 5954
2107 5958
5959 5959
3455 5960
4853 5962
251 5963
3893 5964
1339 5968
5969 5969
356 5970
979 5972
708 5974
3255 5976
5977 5977
5978 5978
5979 5979
5980 5980
5982 5982
5984 5984
5985 5985
5986 5986
5987 5987
1997 5988
5989 5989
408 5991
5993 5993
1969 5995
5996 5996
5997 5997
6000 6000
6058 6001
6005 6005
6006 6006
5868 6008
6011 6011
5439 6012
1049 6014
3051 6015
6024 6024
1381 6025
6030 6030
4527 6033
6042 6042
3534 6044
2303 6046
6058 6047
473 6052
2596 6054
6055 6055
6056 6056
4577 6057
6753 6060
6063 6063
6064 6064
1448 6070
2010 6072
6073 6073
1378 6074
6077 6077
3424 6080
6460 6081
4246 6082
6083 6083
6084 6084
681 6087
6090 6090
6095 6095
2157 6096
60 6100
3888 6102
2614 6103
6584 6105
4533 6112
6115 6115
6117 6117
940 6123
6632 6124
1413 6126
4310 6127
6130 6130
6132 6132
993 6135
6136 6136
1700 6137
5954 6138
5954 6140
6142 6142
6143 6143
6147 6147
6148 6148
6865 6155
5228 6156
3116 6160
4333 6161
6162 6162
5821 6167
6168 6168
1864 6172
6175 6175
5984 6177
2330 6178
6179 6179
6185 6185
1100 6186
6187 6187
4430 6188
6190 6190
6193 6193
4519 6195
6196 6196
4191 6199
6201 6201
5245 6205
593 6207
311 6208
6713 6209
4879 6210
2235 6211
6212 6212
5508 6213
3897 6216
6348 6218
6219 6219
1100 6222
6224 6224
6225 6225
5413 6226
1236 6227
4449 6229
2553 6230
6231 6231
453 6233
720 6234
3051 6237
6238 6238
1736 6239
2130 6240
6243 6243
6246 6246
6247 6247
5335 6254
6257 6257
2826 6258
2759 6260
60 6262
6263 6263
592 6264
5379 6265
2547 6266
6267 6267
2003 6268
5906 6270
4054 6271
3638 6272
2751 6273
1366 6274
6276 6276
804 6280
6281 6281
6282 6282
1950 6286
6288 6288
2367 6292
6241 6296
2308 6298
954 6300
6302 6302
6303 6303
5174 6305
6307 6307
6309 6309
721 6315
1808 6318
6319 6319
4642 6320
1367 6321
6322 6322
6326 6326
6032 6327
4653 6328
2468 6332
518 6333
6334 6334
5306 6337
6338 6338
1588 6339
6341 6341
1049 6345
6346 6346
1736 6348
6349 6349
1779 6353
6342 6361
6363 6363
72 6364
6097 6367
6368 6368
6370 6370
1736 6371
6368 6373
5376 6377
63 6378
6381 6381
4764 6383
4628 6384
2165 6390
2380 6391
4933 6392
2468 6393
1335 6394
3522 6399
6402 6402
2239 6403
6405 6405
6406 6406
1762 6407
5421 6408
6241 6411
1008 6413
6414 6414
6415 6415
6709 6416
6420 6420
4656 6421
2632 6422
6423 6423
2945 6424
6426 6426
6428 6428
6429 6429
1480 6430
6431 6431
1022 6432
6434 6434
6435 6435
1195 6436
1515 6437
6438 6438
211 6439
6440 6440
6889 6444
3841 6445
6446 6446
260 6448
6450 6450
5426 6454
3173 6462
6464 6464
6467 6467
5957 6469
1511 6473
3314 6476
6477 6477
6825 6478
1598 6479
794 6480
4575 6486
6628 6491
2857 6501
6689 6502
6504 6504
3325 6505
3752 6506
6508 6508
6510 6510
6511 6511
4819 6515
6115 6516
6521 6521
3842 6524
2172 6526
6527 6527
6528 6528
6529 6529
6530 6530
6263 6533
3563 6534
4620 6539
1563 6541
3535 6545
724 6549
2321 6552
5653 6555
1411 6556
6557 6557
5491 6558
2622 6560
5569 6561
2380 6562
2305 6563
6564 6564
3678 6565
6567 6567
1700 6568
5370 6572
6573 6573
5990 6577
4170 6578
5099 6579
5497 6580
2760 6581
3102 6586
6587 6587
6588 6588
2100 6590
6591 6591
4320 6593
6595 6595
1738 6597
6598 6598
6600 6600
6602 6602
3974 6604
6606 6606
6610 6610
229 6622
6623 6623
4389 6624
3418 6628
3102 6629
6630 6630
6633 6633
6457 6636
3305 6639
4109 6640
6642 6642
1588 6643
2645 6645
5588 6646
4984 6647
5984 6648
6430 6651
3680 6652
4465 6653
1303 6654
6657 6657
3348 6661
6663 6663
5984 6667
4767 6668
28 6669
6670 6670
753 6672
6578 6676
3375 6679
6683 6683
2739 6689
1317 6690
605 6691
6693 6693
3387 6694
5427 6695
1162 6696
212 6701
4500 6703
490 6704
6707 6707
654 6709
3440 6710
6712 6712
6714 6714
5476 6715
6719 6719
6721 6721
6724 6724
6725 6725
3127 6728
1194 6729
6731 6731
6732 6732
6733 6733
4468 6734
1756 6737
3528 6738
6739 6739
4193 6743
3862 6744
6746 6746
3318 6747
6750 6750
3443 6752
5086 6756
6758 6758
1520 6760
991 6762
4642 6763
1998 6766
5494 6767
6770 6770
4322 6772
3127 6774
2242 6776
5299 6777
6778 6778
113 6780
5016 6781
5277 6782
6784 6784
5209 6786
6788 6788
1195 6789
6192 6790
6791 6791
6793 6793
6794 6794
6797 6797
1059 6798
6799 6799
6801 6801
5361 6802
5100 6807
4996 6811
3189 6814
3148 6815
4567 6820
6823 6823
4089 6829
6434 6831
3255 6832
6834 6834
3927 6835
6838 6838
5646 6841
6442 6843
6844 6844
3643 6846
6848 6848
6853 6853
6854 6854
1603 6855
2847 6856
1125 6859
6860 6860
571 6861
5986 6865
4973 6870
1700 6871
6880 6880
68 6881
6884 6884
4326 6888
