5675 5675
5600 5600
5602 5602
5510 5510
5458 5458
5750 5750
5594 5594
115 115
5840 5840
5517 5517
5708 5708
5640 5640
5589 5589
5595 5595
121 121
435 435
5952 5952
2797 2797
5515 5515
5951 5951
3776 3776
3838 3838
5845 5845
27 27
6238 6238
3547 3547
5674 5674
117 117
328 328
96 96
3629 3629
2140 2140
321 321
190 190
409 409
23 23
3166 3166
332 332
2049 2049
419 419
407 407
330 330
45 45
2268 2268
2801 2801
3591 3591
3577 3577
99 99
2808 2808
3806 3806
73 73
94 94
82 82
239 239
93 93
1907 1907
3787 3787
3932 3932
2138 2138
3829 3829
5641 5641
3758 3758
3823 3823
69 69
32 32
3575 3575
65 65
322 322
3566 3566
3915 3915
2798 2798
28 28
5939 5939
3925 3925
6239 6239
3585 3585
124 124
3565 3565
5634 5634
323 323
5579 5579
5507 5507
408 408
438 438
3054 3054
347 347
5746 5746
6248 6248
3821 3821
3926 3926
5622 5622
3825 3825
6246 6246
2794 2794
5367 5367
2046 2046
3069 3069
6068 6068
3530 3530
3653 3653
3602 3602
6231 6231
189 189
6056 6056
3826 3826
2178 2178
6059 6059
3634 3634
5844 5844
6055 6055
3824 3824
3753 3753
2246 2246
5637 5637
2780 2780
2386 2386
5542 5542
6073 6073
6276 6276
3070 3070
3835 3835
2127 2127
3604 3604
2160 2160
3640 3640
2387 2387
3165 3165
2177 2177
5825 5825
5716 5716
5539 5539
6063 6063
3855 3855
6077 6077
2293 2293
245 245
62 62
2378 2378
415 415
5581 5581
3700 3700
5684 5684
5452 5452
2129 2129
6064 6064
5717 5717
5472 5472
1997 1997
5819 5819
5654 5654
3747 3747
2164 2164
3757 3757
5854 5854
2480 2480
5697 5697
2776 2776
3667 3667
61 61
1995 1995
2167 2167
2119 2119
4 4
3516 3516
5532 5532
2608 2608
2174 2174
5978 5978
5977 5977
3771 3771
5974 5974
2390 2390
5478 5478
267 267
5447 5447
5501 5501
2062 2062
5646 5646
5500 5500
5481 5481
2771 2771
2180 2180
5487 5487
1984 1984
2221 2221
5862 5862
6083 6083
6143 6143
2595 2595
5677 5677
5865 5865
2598 2598
5855 5855
5980 5980
2506 2506
6091 6091
6142 6142
2077 2077
5549 5549
2236 2236
5526 5526
2012 2012
5480 5480
2187 2187
5875 5875
5915 5915
2602 2602
6098 6098
6030 6030
6121 6121
5873 5873
2081 2081
5709 5709
2600 2600
3795 3795
147 147
2257 2257
5713 5713
2086 2086
6160 6160
6162 6162
6111 6111
2502 2502
5521 5521
5561 5561
2516 2516
2200 2200
5902 5902
6159 6159
2245 2245
5919 5919
5892 5892
6175 6175
6161 6161
6136 6136
2085 2085
2634 2634
3684 3684
197 197
2282 2282
2399 2399
2568 2568
6125 6125
2215 2215
2521 2521
2566 2566
6168 6168
2553 2553
5882 5882
6106 6106
2397 2397
2405 2405
2035 2035
2299 2299
2683 2683
6139 6139
1778 1778
374 374
3868 3868
5430 5430
5996 5996
6129 6129
2637 2637
2302 2302
2022 2022
186 186
158 158
450 450
5802 5802
368 368
5885 5885
149 149
395 395
2295 2295
6006 6006
6022 6022
3897 3897
2346 2346
2322 2322
4014 4014
2703 2703
5705 5705
2702 2702
376 376
512 512
2196 2196
5895 5895
2544 2544
4022 4022
2534 2534
5929 5929
196 196
3714 3714
5881 5881
6024 6024
466 466
2755 2755
4005 4005
5906 5906
3733 3733
5913 5913
2572 2572
5806 5806
174 174
2308 2308
6001 6001
4020 4020
518 518
5406 5406
567 567
367 367
6225 6225
5381 5381
1764 1764
2344 2344
178 178
2561 2561
333 333
464 464
3957 3957
6018 6018
4006 4006
556 556
5403 5403
3493 3493
550 550
3899 3899
2329 2329
3361 3361
3954 3954
2207 2207
3955 3955
543 543
2326 2326
164 164
6224 6224
2536 2536
3687 3687
2336 2336
541 541
6180 6180
2351 2351
3900 3900
4001 4001
284 284
3490 3490
2675 2675
2648 2648
3488 3488
2104 2104
2676 2676
2690 2690
2662 2662
2576 2576
5380 5380
5774 5774
526 526
3870 3870
3785 3785
223 223
3338 3338
5785 5785
4037 4037
2556 2556
3362 3362
2740 2740
2340 2340
6230 6230
6196 6196
4052 4052
564 564
2319 2319
5410 5410
4045 4045
3818 3818
2727 2727
6179 6179
3694 3694
6758 6758
2419 2419
4044 4044
271 271
3368 3368
5392 5392
5817 5817
2449 2449
4039 4039
6704 6704
5794 5794
2243 2243
297 297
3290 3290
3716 3716
163 163
3349 3349
3281 3281
3267 3267
5409 5409
3664 3664
3307 3307
2744 2744
2718 2718
3303 3303
207 207
3308 3308
1851 1851
6750 6750
5411 5411
1855 1855
6659 6659
2465 2465
6670 6670
6741 6741
2719 2719
2736 2736
6694 6694
5441 5441
3723 3723
3225 3225
2994 2994
1927 1927
6657 6657
3237 3237
6743 6743
2444 2444
5429 5429
3812 3812
1856 1856
6692 6692
3249 3249
1924 1924
3241 3241
5162 5162
775 775
5407 5407
3662 3662
3312 3312
6641 6641
6742 6742
2986 2986
3902 3902
3262 3262
6634 6634
1356 1356
3266 3266
3219 3219
3246 3246
1922 1922
819 819
3252 3252
2980 2980
255 255
3917 3917
398 398
2977 2977
3695 3695
5038 5038
2746 2746
4793 4793
5069 5069
6751 6751
4308 4308
6644 6644
3372 3372
1886 1886
6645 6645
4226 4226
3238 3238
4771 4771
5020 5020
3404 3404
3364 3364
6322 6322
3407 3407
1438 1438
3393 3393
252 252
6625 6625
6626 6626
5015 5015
3329 3329
5357 5357
5130 5130
216 216
4129 4129
6633 6633
3432 3432
4180 4180
3399 3399
585 585
6467 6467
4162 4162
6693 6693
5304 5304
5103 5103
2991 2991
587 587
5221 5221
5090 5090
3447 3447
3335 3335
4982 4982
5202 5202
3421 3421
4175 4175
399 399
6477 6477
5168 5168
6480 6480
1839 1839
3813 3813
3388 3388
4246 4246
4257 4257
5027 5027
4770 4770
5049 5049
3452 3452
6615 6615
3374 3374
4799 4799
4258 4258
5089 5089
1940 1940
1297 1297
5086 5086
5193 5193
570 570
3428 3428
3769 3769
5205 5205
3331 3331
5050 5050
4874 4874
6489 6489
5057 5057
5007 5007
1875 1875
3991 3991
4807 4807
4828 4828
3683 3683
5113 5113
5351 5351
3389 3389
608 608
6319 6319
4679 4679
6326 6326
3373 3373
3333 3333
2949 2949
1977 1977
1968 1968
1506 1506
4980 4980
1878 1878
761 761
1831 1831
786 786
5174 5174
5191 5191
3380 3380
4817 4817
6451 6451
5377 5377
4147 4147
4149 4149
3216 3216
3194 3194
4677 4677
1837 1837
1832 1832
4203 4203
423 423
2943 2943
4100 4100
754 754
4124 4124
6756 6756
4206 4206
6423 6423
4158 4158
2860 2860
5290 5290
6797 6797
6838 6838
5316 5316
1808 1808
5342 5342
3177 3177
5079 5079
3376 3376
1746 1746
4826 4826
2958 2958
714 714
4786 4786
6432 6432
1299 1299
1932 1932
2902 2902
4281 4281
4763 4763
6420 6420
3384 3384
3195 3195
5323 5323
6784 6784
6503 6503
1316 1316
5286 5286
4915 4915
4087 4087
1631 1631
2822 2822
4701 4701
711 711
1349 1349
5120 5120
4189 4189
4956 4956
1267 1267
6334 6334
2998 2998
742 742
6402 6402
4907 4907
699 699
3197 3197
1591 1591
6868 6868
4300 4300
4262 4262
3323 3323
1976 1976
1270 1270
1868 1868
622 622
1524 1524
3193 3193
4867 4867
4218 4218
6313 6313
943 943
3036 3036
4696 4696
6854 6854
610 610
1388 1388
4408 4408
5122 5122
1576 1576
1342 1342
607 607
5197 5197
1392 1392
4299 4299
3764 3764
6780 6780
4963 4963
1622 1622
4119 4119
5125 5125
5324 5324
5186 5186
6788 6788
1390 1390
1910 1910
2859 2859
805 805
1243 1243
1687 1687
2835 2835
6793 6793
6610 6610
2826 2826
2877 2877
5141 5141
6340 6340
996 996
5362 5362
726 726
1571 1571
3033 3033
1387 1387
249 249
6834 6834
3012 3012
3076 3076
1824 1824
5348 5348
1013 1013
4120 4120
1304 1304
782 782
4107 4107
1348 1348
6731 6731
601 601
2865 2865
6791 6791
4130 4130
892 892
3506 3506
6774 6774
4863 4863
4209 4209
4831 4831
1584 1584
1722 1722
890 890
1860 1860
1755 1755
1709 1709
6848 6848
672 672
995 995
1148 1148
4217 4217
1659 1659
1546 1546
1494 1494
4213 4213
3759 3759
6607 6607
1126 1126
4134 4134
1421 1421
6346 6346
828 828
1266 1266
1232 1232
1752 1752
4165 4165
1014 1014
6778 6778
1104 1104
6428 6428
6457 6457
759 759
6841 6841
2971 2971
1718 1718
3044 3044
5269 5269
4794 4794
1147 1147
2932 2932
1293 1293
6602 6602
933 933
2833 2833
693 693
1026 1026
1188 1188
1251 1251
1620 1620
4958 4958
6300 6300
1727 1727
1674 1674
1330 1330
2840 2840
3158 3158
1000 1000
1780 1780
1572 1572
1630 1630
6801 6801
6429 6429
697 697
1528 1528
1130 1130
177 177
2844 2844
691 691
1489 1489
6595 6595
5220 5220
798 798
4424 4424
2955 2955
4238 4238
3020 3020
4693 4693
4332 4332
4714 4714
1565 1565
750 750
3023 3023
1001 1001
4290 4290
6295 6295
2813 2813
1564 1564
646 646
1463 1463
1748 1748
6355 6355
1514 1514
621 621
5185 5185
1027 1027
2884 2884
4425 4425
799 799
6591 6591
3009 3009
4797 4797
1235 1235
731 731
1677 1677
1676 1676
955 955
1185 1185
6565 6565
3505 3505
1916 1916
5248 5248
4757 4757
4326 4326
2848 2848
5245 5245
1753 1753
1124 1124
6544 6544
1760 1760
4237 4237
1380 1380
6521 6521
632 632
6561 6561
1045 1045
6370 6370
6721 6721
1108 1108
1334 1334
4729 4729
871 871
988 988
958 958
989 989
5144 5144
1086 1086
1353 1353
3125 3125
5003 5003
1540 1540
3097 3097
1397 1397
900 900
6558 6558
1411 1411
4356 4356
1163 1163
4644 4644
1465 1465
1410 1410
1527 1527
6533 6533
4524 4524
3109 3109
6570 6570
5004 5004
1137 1137
3472 3472
6389 6389
6541 6541
1277 1277
6303 6303
4607 4607
1153 1153
924 924
4953 4953
4952 4952
5261 5261
839 839
1786 1786
1526 1526
6566 6566
1005 1005
1409 1409
1338 1338
4254 4254
808 808
665 665
1178 1178
932 932
1787 1787
946 946
1368 1368
4502 4502
855 855
923 923
5259 5259
1467 1467
1460 1460
4562 4562
4616 4616
2925 2925
4512 4512
4480 4480
1115 1115
6569 6569
1459 1459
912 912
1021 1021
6508 6508
4930 4930
3088 3088
873 873
4538 4538
1806 1806
1142 1142
4573 4573
4626 4626
1101 1101
4991 4991
4397 4397
4592 4592
4844 4844
1074 1074
4933 4933
4985 4985
4353 4353
1482 1482
4572 4572
4951 4951
4473 4473
4597 4597
4577 4577
1478 1478
1321 1321
1447 1447
973 973
6551 6551
1796 1796
904 904
6504 6504
4973 4973
4664 4664
4634 4634
4505 4505
4321 4321
4712 4712
4436 4436
4516 4516
4462 4462
4517 4517
4627 4627
