2521 0
5516 3
4 4
4675 10
2311 14
6159 15
6634 16
1978 17
6469 18
6581 19
858 22
23 23
4493 24
27 27
28 28
3855 29
3377 30
4040 31
32 32
6653 36
5225 38
5763 39
606 40
3408 41
1364 43
2204 44
45 45
2246 46
2720 47
253 49
3994 50
5064 52
2521 54
6103 55
3861 58
4500 59
61 61
62 62
1243 63
1265 64
65 65
4652 68
69 69
1548 71
73 73
648 77
5947 78
82 82
4427 83
380 85
6076 87
5653 89
5652 90
93 93
94 94
814 95
96 96
3282 97
5808 98
99 99
4360 100
5711 103
5802 104
2051 107
1572 109
3641 110
581 111
651 114
115 115
2051 116
117 117
5673 118
6248 119
121 121
3774 122
124 124
6107 125
3536 127
5594 130
5225 133
1871 134
4507 137
4694 139
4455 146
147 147
1681 148
149 149
2796 150
3407 151
1612 154
5138 155
158 158
3042 162
163 163
164 164
4566 165
2116 169
5397 170
6493 171
174 174
5268 176
177 177
178 178
2614 180
1207 183
935 184
3629 185
186 186
189 189
190 190
3884 192
6243 193
3466 194
196 196
197 197
7 199
1229 202
907 203
14 204
761 205
207 207
5225 210
2771 213
5346 214
216 216
158 217
2342 218
671 221
223 223
5563 224
3873 226
6499 228
385 233
688 235
3094 236
2944 238
239 239
245 245
2582 246
3607 248
249 249
6684 251
252 252
5986 253
255 255
5166 256
1084 257
182 259
4574 260
1861 261
3907 262
1777 263
267 267
271 271
4356 272
2279 275
4189 276
3463 277
2077 278
284 284
316 290
4635 292
140 293
6853 294
1404 296
297 297
5067 298
1526 301
302 302
6215 303
1811 308
2604 310
6765 312
2824 313
6746 314
6624 316
32 318
321 321
322 322
323 323
4201 325
672 326
328 328
3881 329
330 330
332 332
333 333
1914 335
1685 336
3081 337
2384 339
4359 343
5149 345
347 347
2720 352
3776 356
2313 357
4616 358
4414 362
3808 364
4447 365
3680 366
367 367
368 368
6215 369
374 374
376 376
2214 380
2240 381
2590 384
5658 385
3240 386
897 390
395 395
5074 396
398 398
399 399
5214 403
25 405
6434 406
407 407
408 408
409 409
4812 412
2465 413
415 415
2175 416
419 419
4040 422
423 423
424 424
6335 426
5368 430
4885 431
435 435
6049 436
1410 437
438 438
2904 442
6818 443
651 444
5143 448
450 450
3307 451
4475 455
2942 456
3983 457
3307 459
32 460
4159 462
464 464
6380 465
466 466
1834 470
6564 472
1659 473
6583 474
5355 475
2076 479
1025 480
4320 483
2294 488
3472 489
3967 490
5537 493
5166 494
1543 495
2786 497
4014 498
3769 503
1728 504
3681 506
5392 507
656 509
512 512
218 514
1184 515
993 517
518 518
3787 519
3097 522
526 526
3431 530
2439 531
5763 532
2059 535
6509 536
538 538
541 541
2243 542
543 543
2684 544
4756 546
3590 548
550 550
3723 552
5866 553
265 555
556 556
5096 557
6644 560
3553 561
93 562
2628 563
564 564
567 567
570 570
3364 573
4240 577
6471 578
1059 580
4739 583
585 585
5567 586
587 587
5371 593
620 594
2471 597
6228 600
601 601
4493 602
2241 603
607 607
608 608
610 610
5403 613
6546 616
573 617
5450 619
621 621
622 622
5229 623
3009 625
632 632
5392 634
5229 637
3478 640
5501 641
5500 642
6840 643
4497 644
646 646
396 648
4255 649
3463 651
3423 652
1908 653
5611 654
463 656
4871 658
2908 662
665 665
1919 666
2602 667
3275 669
1783 670
672 672
6877 673
6725 677
6418 678
6802 680
4835 681
6565 683
4074 688
5552 689
1132 690
691 691
693 693
2288 694
2208 695
2175 696
697 697
699 699
2246 704
4140 709
711 711
6249 712
2116 713
714 714
6328 723
726 726
2082 727
1224 728
4362 730
731 731
3945 733
6342 737
6553 738
4040 740
742 742
1496 743
5286 744
750 750
754 754
598 758
759 759
6627 760
761 761
5725 762
2606 766
2039 769
5552 770
3084 772
1679 774
775 775
4003 777
615 778
3013 779
2158 780
5367 781
782 782
2077 785
786 786
864 789
582 792
2071 793
2165 796
798 798
799 799
1748 801
3064 802
1492 803
947 804
805 805
235 807
808 808
4796 810
819 819
2902 821
6103 822
4412 826
827 827
828 828
4382 829
4984 831
1485 833
785 834
346 836
2334 837
839 839
1033 841
2612 842
4493 843
5403 845
71 848
709 850
3390 851
3685 853
855 855
2330 856
5578 861
2809 864
4531 867
868 868
871 871
873 873
308 876
3981 879
323 881
3039 882
5374 884
4181 885
630 886
2527 887
453 889
890 890
892 892
1161 895
1379 896
5569 897
364 899
900 900
693 901
5000 902
904 904
6228 908
2661 909
2043 910
6479 911
912 912
513 915
4040 918
4360 919
4031 920
923 923
924 924
4250 928
1471 930
932 932
933 933
6232 934
935 935
2306 937
2951 939
943 943
386 944
946 946
1692 948
6642 950
955 955
4408 956
5484 957
958 958
694 961
5600 965
4526 969
3345 972
973 973
5548 974
5636 979
5315 981
2334 985
1397 986
1137 987
988 988
989 989
995 995
996 996
5046 997
3713 998
3690 999
1000 1000
1001 1001
4311 1004
1005 1005
2296 1006
955 1010
4500 1011
4150 1012
1013 1013
1014 1014
4031 1016
2505 1017
1021 1021
761 1022
1026 1026
1027 1027
6366 1030
2516 1037
6808 1040
1045 1045
4602 1049
4758 1050
1913 1051
2933 1053
5819 1054
6519 1056
107 1058
1166 1067
2654 1071
1074 1074
6131 1075
4886 1078
6523 1080
43 1082
2247 1083
3515 1084
6152 1085
1086 1086
4325 1094
4127 1095
6710 1096
2294 1098
1101 1101
1857 1103
1104 1104
6729 1107
1108 1108
3364 1109
118 1112
1115 1115
5363 1117
2020 1118
5395 1119
1033 1121
3850 1122
1124 1124
6039 1125
1126 1126
2435 1128
1864 1129
1130 1130
5312 1134
3543 1136
1137 1137
1139 1139
4152 1141
1142 1142
352 1144
2991 1146
1147 1147
1148 1148
6653 1150
134 1151
6342 1152
1153 1153
2398 1154
6350 1155
3933 1159
2193 1162
1163 1163
1164 1164
5524 1167
3042 1171
1527 1172
5982 1173
5318 1174
3354 1175
3861 1176
3529 1177
1178 1178
2851 1181
5484 1182
5396 1184
1185 1185
1188 1188
583 1190
2657 1192
3411 1197
3575 1198
6557 1200
4736 1202
6481 1203
2626 1217
1287 1218
6703 1220
1221 1221
1222 1222
4205 1223
4675 1226
1076 1229
1232 1232
6632 1234
1235 1235
2966 1238
5879 1239
4360 1241
6342 1242
1243 1243
1006 1246
2933 1247
3870 1248
2151 1250
1251 1251
3052 1254
253 1256
4841 1257
250 1263
3873 1264
4032 1265
1266 1266
1267 1267
1270 1270
4574 1272
6284 1273
1277 1277
4733 1279
2864 1281
1395 1283
3536 1285
4885 1287
2859 1289
3482 1290
1293 1293
3977 1296
1297 1297
2641 1298
1299 1299
3625 1300
2765 1302
1304 1304
4309 1308
4224 1314
2202 1315
1316 1316
971 1317
1321 1321
841 1323
2933 1324
6458 1325
6817 1327
1330 1330
1334 1334
5509 1336
5397 1337
1338 1338
5180 1339
3291 1341
1342 1342
58 1346
1348 1348
1349 1349
5072 1350
2541 1351
1353 1353
1356 1356
2316 1362
6032 1364
1368 1368
712 1371
1705 1372
3224 1374
4821 1375
2158 1376
3708 1377
2866 1378
1380 1380
1295 1383
6490 1385
1387 1387
1388 1388
3008 1389
1390 1390
1392 1392
200 1395
311 1396
1397 1397
5170 1399
2617 1400
1340 1403
1298 1405
6148 1406
1409 1409
1410 1410
1411 1411
5821 1413
573 1415
4954 1420
1421 1421
865 1423
6771 1424
6249 1426
3010 1427
2136 1429
4120 1430
997 1431
4301 1432
4094 1434
5332 1435
5585 1437
1438 1438
5070 1439
4031 1443
3553 1445
1447 1447
651 1448
1540 1451
2307 1452
4857 1453
191 1454
1397 1455
1215 1456
555 1457
1459 1459
1460 1460
1253 1462
1463 1463
1465 1465
1467 1467
5645 1474
631 1476
1478 1478
3606 1479
1482 1482
3838 1483
3858 1486
5997 1487
2466 1488
1489 1489
3129 1490
4506 1493
1494 1494
5677 1496
1503 1503
5957 1505
1506 1506
4530 1508
753 1510
2963 1511
4591 1512
3808 1513
1514 1514
6439 1519
1258 1522
315 1523
1524 1524
1526 1526
1527 1527
1528 1528
850 1530
1491 1534
3658 1536
5567 1537
4361 1538
1540 1540
118 1545
1546 1546
1691 1547
3510 1549
762 1551
782 1553
3543 1554
5821 1555
3704 1556
132 1558
1295 1562
4920 1563
1564 1564
1565 1565
1571 1571
1572 1572
6781 1575
1576 1576
3058 1578
4133 1579
4542 1581
1584 1584
6857 1585
4237 1586
3905 1589
1591 1591
4040 1596
4945 1597
4973 1599
2554 1603
4031 1606
211 1607
3672 1608
1740 1610
4799 1611
3612 1612
2116 1615
5068 1616
6696 1617
2308 1619
1620 1620
1622 1622
3893 1625
223 1629
1630 1630
1631 1631
1420 1632
5957 1637
1649 1638
755 1639
2077 1640
2379 1642
253 1643
1916 1644
3788 1653
6325 1654
6249 1656
556 1658
1659 1659
6466 1663
5257 1666
6434 1667
1718 1668
4745 1669
5156 1671
5328 1673
1674 1674
1676 1676
1677 1677
1424 1678
757 1679
6073 1681
5194 1682
6409 1684
2712 1685
2374 1686
1687 1687
5004 1689
4170 1690
1588 1698
4651 1700
6624 1705
5313 1706
1709 1709
6235 1711
4493 1714
3274 1717
1718 1718
4750 1719
1722 1722
2424 1725
2617 1726
1727 1727
1600 1729
4246 1739
2027 1745
1746 1746
1748 1748
6158 1749
1752 1752
1753 1753
719 1754
1755 1755
4329 1758
3321 1759
1760 1760
1764 1764
310 1766
5206 1769
1087 1771
423 1772
1774 1774
799 1775
3166 1777
1778 1778
2969 1779
1780 1780
793 1781
1385 1783
1995 1785
1786 1786
1787 1787
138 1788
725 1789
6859 1795
1796 1796
1029 1800
1250 1801
2154 1803
899 1805
1806 1806
1808 1808
2752 1811
4195 1814
5703 1815
3340 1817
2048 1820
5568 1821
1381 1822
1824 1824
2752 1827
557 1828
118 1830
1831 1831
1832 1832
1837 1837
1839 1839
1217 1841
3543 1843
4072 1845
3758 1847
1851 1851
2359 1852
1855 1855
1856 1856
6149 1857
638 1858
1860 1860
3944 1861
3252 1862
1868 1868
6239 1869
3300 1872
1875 1875
5390 1877
1878 1878
6529 1881
4563 1885
1886 1886
4884 1888
1748 1896
3789 1906
1907 1907
195 1909
1910 1910
6251 1911
5321 1914
1705 1915
1916 1916
1721 1917
4552 1918
3132 1919
2458 1921
1922 1922
6447 1923
1924 1924
1927 1927
4910 1928
3612 1929
1885 1930
1932 1932
2876 1934
1940 1940
6549 1942
3413 1944
3736 1952
3749 1953
1614 1957
5376 1959
5119 1962
3356 1964
519 1966
3310 1967
1968 1968
2464 1974
1976 1976
1977 1977
1132 1981
3062 1983
1984 1984
6232 1985
6851 1987
1475 1988
6032 1990
695 1992
5683 1993
1995 1995
1997 1997
1855 1999
1754 2000
3058 2001
5788 2010
2012 2012
4685 2014
2873 2017
2022 2022
645 2024
695 2025
2290 2028
6006 2030
4475 2032
1017 2034
2035 2035
6607 2037
168 2039
1154 2045
2046 2046
5286 2047
2049 2049
2813 2052
5363 2053
6849 2054
3816 2055
6564 2057
3808 2060
111 2061
2062 2062
772 2064
4837 2067
3307 2070
2604 2072
2504 2073
6539 2074
2088 2076
2077 2077
208 2078
1320 2079
2081 2081
3845 2084
2085 2085
2086 2086
743 2088
5989 2089
4015 2092
4899 2095
4330 2096
2104 2104
5878 2105
6597 2106
1173 2107
2458 2108
607 2109
5386 2110
748 2111
3334 2112
2119 2119
5541 2120
5605 2121
712 2122
153 2123
998 2126
2127 2127
2129 2129
113 2130
4227 2134
6331 2135
5474 2136
2138 2138
2140 2140
3007 2142
5360 2146
5068 2147
1690 2151
1837 2155
6384 2156
1423 2157
3498 2159
2160 2160
506 2161
4830 2162
2164 2164
1571 2166
2167 2167
6479 2168
3948 2169
6841 2172
2174 2174
2102 2176
2177 2177
2178 2178
2180 2180
4746 2182
3510 2183
6145 2184
5376 2186
2187 2187
2703 2189
6306 2191
3999 2192
4219 2193
2196 2196
5842 2197
3765 2199
2200 2200
2207 2207
6774 2208
6653 2209
1006 2212
3825 2213
380 2214
2215 2215
251 2219
2221 2221
359 2227
2383 2229
4874 2231
4324 2233
2236 2236
769 2238
5630 2239
513 2242
2243 2243
2245 2245
2246 2246
5917 2247
599 2248
1489 2250
5975 2251
4178 2254
5138 2255
2257 2257
2093 2259
3015 2262
4031 2264
2472 2266
6390 2267
2268 2268
1437 2269
5103 2270
2927 2273
6263 2274
6342 2277
1121 2278
3892 2280
2282 2282
4414 2285
3572 2287
1265 2289
972 2291
6860 2292
2293 2293
2295 2295
2299 2299
2302 2302
2835 2307
2308 2308
1790 2310
6774 2311
5238 2313
5367 2315
3411 2316
2319 2319
4507 2320
2322 2322
5832 2323
2326 2326
2329 2329
490 2330
2336 2336
2793 2338
6620 2339
2340 2340
5883 2342
5286 2343
2344 2344
2346 2346
2902 2350
2351 2351
1937 2352
563 2356
971 2359
6259 2360
4067 2362
563 2364
4899 2366
6466 2367
3042 2369
5149 2373
4032 2375
2378 2378
2350 2383
6125 2384
4465 2385
2386 2386
2387 2387
658 2388
4048 2389
2390 2390
6232 2394
2397 2397
4616 2398
2399 2399
4495 2402
43 2404
2405 2405
2158 2410
3103 2411
1399 2412
4881 2416
3621 2417
2419 2419
3669 2420
5389 2421
2805 2423
841 2425
3425 2427
671 2433
4320 2438
2528 2439
2444 2444
2128 2446
2449 2449
4414 2453
4542 2455
2590 2456
161 2459
3411 2461
4512 2462
2465 2465
5175 2466
6754 2467
6021 2469
1705 2473
2851 2474
1502 2476
5529 2478
4667 2479
2480 2480
6115 2482
4016 2486
4040 2489
6468 2490
6035 2492
37 2493
2809 2494
2077 2495
720 2498
3497 2500
2502 2502
2051 2504
2506 2506
4201 2508
4867 2510
3042 2513
4506 2515
2516 2516
2521 2521
3460 2522
603 2523
5797 2525
4342 2528
2804 2530
5138 2533
2534 2534
3847 2535
2536 2536
3092 2538
3551 2541
1883 2542
2544 2544
155 2545
2401 2547
3892 2550
747 2552
2553 2553
2556 2556
472 2559
2561 2561
6043 2564
2566 2566
2568 2568
2106 2571
2572 2572
2576 2576
1086 2577
6342 2579
2417 2580
2504 2581
2872 2583
168 2584
3983 2587
2663 2588
1801 2591
4865 2593
2595 2595
2960 2597
2598 2598
2600 2600
2602 2602
5099 2603
2028 2605
2608 2608
524 2609
1295 2612
3625 2617
1476 2620
347 2624
2666 2626
3667 2629
6261 2630
2346 2631
601 2633
2634 2634
473 2635
2637 2637
6401 2638
2112 2639
1705 2641
2648 2648
1156 2650
1929 2652
660 2653
4320 2656
6746 2658
4721 2659
6380 2660
2662 2662
2178 2663
6448 2664
2842 2665
6413 2666
120 2672
5060 2673
4175 2674
2675 2675
2676 2676
5519 2677
4218 2680
1176 2681
2683 2683
521 2685
2690 2690
973 2691
398 2692
3841 2693
1929 2700
2702 2702
2703 2703
2447 2705
5469 2709
835 2714
5029 2716
2718 2718
2719 2719
1762 2720
4015 2722
3383 2724
1883 2726
2727 2727
2985 2729
5249 2731
5080 2733
2736 2736
5687 2738
2740 2740
4541 2741
2744 2744
6619 2745
2746 2746
6455 2747
2686 2748
58 2749
2020 2751
2250 2753
2755 2755
5760 2756
2424 2760
4497 2762
3287 2764
30 2765
2771 2771
2776 2776
701 2778
2780 2780
6048 2786
3866 2788
2530 2789
5660 2790
2794 2794
2241 2795
2797 2797
2798 2798
842 2799
2801 2801
1666 2804
4364 2805
1267 2806
2808 2808
1357 2809
4177 2810
4338 2811
2813 2813
5788 2817
787 2818
6032 2821
2822 2822
2826 2826
2542 2830
2833 2833
2835 2835
6103 2836
1584 2838
4470 2839
2840 2840
2844 2844
3434 2847
2848 2848
886 2851
6477 2855
3463 2857
5375 2858
2859 2859
2860 2860
5352 2863
6732 2864
2865 2865
1954 2866
2995 2870
2044 2872
2910 2873
4693 2876
2877 2877
1721 2878
6260 2881
1836 2883
2884 2884
38 2886
5163 2887
1947 2888
6210 2890
5769 2895
513 2896
4571 2897
2902 2902
3516 2903
6607 2907
3413 2909
5769 2910
6607 2911
4606 2914
4873 2917
130 2920
2923 2923
5478 2924
2925 2925
5936 2926
3724 2927
4736 2929
72 2930
2932 2932
4964 2939
2943 2943
1030 2947
2949 2949
848 2950
964 2951
3726 2952
2236 2954
2955 2955
2958 2958
5957 2959
4320 2960
2805 2962
107 2964
3698 2968
2971 2971
2778 2972
5363 2973
2574 2974
2977 2977
2980 2980
1824 2981
777 2982
1145 2985
2986 2986
3163 2988
1265 2989
6865 2990
2991 2991
2515 2993
2994 2994
2998 2998
2600 3004
1014 3006
2015 3008
3009 3009
250 3011
3012 3012
490 3014
5162 3018
3020 3020
5825 3022
3023 3023
3146 3024
4417 3026
3621 3027
5671 3030
1988 3032
3033 3033
3036 3036
409 3037
5119 3038
1504 3039
5983 3042
3044 3044
6460 3046
5466 3047
6684 3048
3054 3054
70 3055
6445 3057
5594 3059
1449 3063
6742 3064
639 3066
1173 3067
3069 3069
3070 3070
2307 3073
1116 3074
3076 3076
43 3077
4201 3078
2929 3079
1280 3080
5935 3081
960 3084
3326 3085
3088 3088
638 3091
4016 3092
1524 3093
212 3095
3097 3097
5118 3102
4435 3103
3109 3109
3460 3110
5422 3111
1912 3112
5118 3115
4167 3116
5632 3118
4848 3120
2102 3122
5094 3124
3125 3125
1531 3130
2593 3131
3690 3132
6260 3133
6774 3135
1309 3137
1162 3139
2200 3140
2985 3142
4846 3148
6460 3153
5747 3157
3158 3158
5769 3159
3422 3160
2843 3161
1777 3163
3165 3165
3166 3166
2359 3167
5138 3171
4492 3175
1783 3176
3177 3177
1969 3179
6431 3180
6554 3182
3616 3185
3065 3190
2489 3192
3193 3193
3194 3194
3195 3195
1531 3196
3197 3197
253 3198
5605 3199
1364 3204
1165 3205
1988 3207
3156 3208
2589 3209
3216 3216
4097 3217
6620 3218
3219 3219
4338 3223
3225 3225
4421 3226
4372 3228
903 3234
3625 3236
3237 3237
3238 3238
3241 3241
3652 3244
3246 3246
6695 3247
3249 3249
3252 3252
1618 3254
216 3258
3262 3262
6840 3265
3266 3266
3267 3267
250 3268
4493 3269
2186 3270
5976 3272
3281 3281
5629 3282
2349 3289
3290 3290
2154 3291
6213 3292
6115 3295
2079 3298
4675 3299
5232 3302
3303 3303
4309 3304
3244 3305
6342 3306
3307 3307
3308 3308
2048 3309
3312 3312
4222 3313
4470 3317
3323 3323
6361 3324
6650 3325
5887 3326
2564 3327
1324 3328
3329 3329
3331 3331
286 3332
3333 3333
6381 3334
3335 3335
5325 3337
3338 3338
5029 3343
4188 3344
4165 3345
377 3346
1614 3347
3349 3349
1260 3350
5325 3354
3452 3358
3361 3361
3362 3362
3364 3364
5015 3366
3368 3368
5952 3371
3372 3372
3373 3373
3374 3374
733 3375
3376 3376
2540 3379
3380 3380
3384 3384
3388 3388
3389 3389
1475 3392
3393 3393
4249 3396
760 3397
3399 3399
4078 3401
5214 3403
3404 3404
3407 3407
2288 3409
6195 3419
3421 3421
2427 3424
5094 3425
4040 3426
3428 3428
2038 3429
5367 3431
3432 3432
4218 3434
2892 3436
2023 3438
5644 3439
297 3446
3447 3447
4702 3448
1986 3449
2161 3451
3452 3452
6342 3454
6106 3455
1170 3456
2261 3457
4388 3462
1806 3465
3677 3468
3472 3472
105 3474
1022 3479
1319 3481
6101 3482
3237 3487
3488 3488
4225 3489
3490 3490
3520 3492
3493 3493
253 3494
5772 3495
1546 3497
4172 3498
3505 3505
3506 3506
5893 3507
3291 3513
631 3515
3516 3516
3365 3520
5208 3521
3282 3522
3878 3527
2661 3528
5003 3529
3530 3530
4731 3531
6287 3538
671 3540
3787 3542
6713 3543
3546 3546
3547 3547
2330 3549
2124 3557
2580 3563
3565 3565
3566 3566
6621 3567
693 3568
1167 3569
3113 3571
3259 3573
3575 3575
3310 3576
3577 3577
5076 3578
118 3579
4003 3580
2511 3581
346 3583
988 3584
3585 3585
1603 3586
3406 3587
3376 3588
3591 3591
1207 3593
4585 3595
6091 3597
2641 3598
3602 3602
3604 3604
3101 3605
5083 3611
6711 3612
5922 3617
3226 3621
6578 3623
2159 3624
3629 3629
3208 3630
3634 3634
857 3637
5567 3638
154 3639
3640 3640
3433 3641
4778 3642
1265 3643
4455 3644
990 3646
489 3649
1346 3651
3653 3653
6549 3654
2861 3655
1536 3658
774 3659
32 3660
5357 3661
3662 3662
3403 3663
3664 3664
3667 3667
592 3671
6368 3672
4815 3674
2071 3675
2171 3676
331 3677
1280 3679
5148 3680
1513 3681
3429 3682
3683 3683
3684 3684
107 3686
3687 3687
6662 3688
1926 3691
1194 3692
3694 3694
3695 3695
4924 3697
6247 3698
1769 3699
3700 3700
3307 3701
2250 3703
5876 3705
6147 3706
6774 3707
5979 3708
3714 3714
3716 3716
1047 3719
2952 3720
1199 3721
3722 3722
3723 3723
5341 3724
1309 3727
2045 3728
4222 3730
3733 3733
4893 3735
6384 3740
4069 3743
5917 3745
1502 3746
3747 3747
1143 3748
342 3750
915 3751
3455 3752
3753 3753
188 3754
6455 3755
3757 3757
3758 3758
3759 3759
3097 3762
6387 3763
3764 3764
838 3765
1741 3767
1519 3768
3769 3769
3771 3771
6745 3772
943 3774
3776 3776
1759 3778
5585 3779
6340 3781
1602 3782
3785 3785
3787 3787
1988 3788
5231 3793
1588 3794
3795 3795
3334 3798
3799 3799
6531 3800
6493 3804
700 3805
3806 3806
886 3808
2134 3810
3812 3812
3813 3813
3374 3815
3717 3816
3818 3818
3821 3821
3823 3823
3824 3824
3825 3825
3826 3826
2334 3827
3680 3828
3829 3829
219 3831
5908 3832
5806 3833
3835 3835
1388 3836
1857 3837
3838 3838
6658 3839
5581 3843
1351 3844
5785 3845
6076 3846
3411 3847
1054 3848
3865 3849
1714 3850
92 3851
3158 3852
6599 3853
3403 3854
3855 3855
4531 3857
950 3858
2158 3860
3563 3865
5428 3866
3868 3868
2154 3869
3870 3870
354 3873
2268 3874
805 3877
379 3878
6115 3882
4635 3885
5916 3887
6073 3889
2804 3891
1055 3892
2316 3896
3897 3897
2699 3898
3899 3899
3900 3900
2168 3901
3902 3902
6084 3910
4738 3911
253 3912
4282 3913
14 3914
3915 3915
4826 3916
3917 3917
39 3921
5357 3922
688 3923
3925 3925
3926 3926
601 3927
3929 3929
3932 3932
6535 3933
5508 3937
2091 3940
5333 3941
3436 3944
1296 3945
4227 3948
5942 3950
1914 3951
3952 3952
3954 3954
3955 3955
3957 3957
2263 3958
1192 3959
380 3963
3654 3966
5677 3967
2912 3968
2359 3971
80 3973
2077 3974
1402 3978
3031 3981
2851 3982
5582 3983
536 3986
3991 3991
3218 3994
6599 3995
2507 3996
5363 3997
3458 3999
4001 4001
1063 4004
4005 4005
4006 4006
1426 4008
5622 4011
5936 4012
5923 4013
4014 4014
1579 4018
4020 4020
4022 4022
4965 4027
4639 4028
3483 4029
6284 4031
1230 4033
4037 4037
4039 4039
6062 4042
4044 4044
4045 4045
4048 4048
4217 4049
3931 4051
4052 4052
4735 4053
5058 4054
4742 4055
3804 4056
6634 4058
5892 4059
4408 4060
337 4062
6612 4064
4738 4065
4066 4066
1324 4068
3391 4069
4185 4071
4806 4073
6571 4074
463 4081
37 4082
100 4083
1236 4084
4087 4087
3181 4088
5286 4089
4219 4095
6869 4096
4100 4100
5610 4101
1437 4102
4543 4104
4107 4107
5097 4108
2775 4110
2486 4111
2247 4115
4639 4117
5104 4118
4119 4119
4120 4120
4168 4123
4124 4124
4352 4125
4129 4129
4130 4130
3585 4131
5140 4132
1972 4133
4134 4134
2891 4135
3746 4138
6178 4140
3334 4142
2276 4143
1054 4146
4147 4147
3439 4148
4149 4149
120 4151
2180 4155
2330 4156
741 4157
4158 4158
4620 4161
4162 4162
4165 4165
4167 4167
5683 4169
259 4172
3390 4173
4175 4175
671 4177
1246 4179
4180 4180
1470 4183
1266 4184
4401 4185
4552 4186
1397 4188
4189 4189
5792 4191
6839 4192
3994 4193
4040 4194
1064 4195
2843 4197
6877 4199
2738 4201
5600 4202
4203 4203
5784 4204
3134 4205
4206 4206
4172 4207
4209 4209
5231 4211
108 4212
4213 4213
4217 4217
4218 4218
6347 4220
1167 4221
2530 4222
5816 4223
4226 4226
5831 4227
853 4229
3421 4230
2569 4231
5500 4233
601 4234
4237 4237
4238 4238
1614 4240
3334 4241
4246 4246
5793 4248
5592 4249
463 4250
3675 4252
4254 4254
1504 4256
4257 4257
4258 4258
3334 4259
4262 4262
4531 4266
5516 4267
4435 4268
2860 4271
1338 4272
1324 4273
6583 4275
5711 4278
6232 4279
4281 4281
2225 4282
2033 4284
6644 4285
1287 4287
3525 4289
4290 4290
2984 4295
2589 4296
608 4297
4830 4298
4299 4299
4300 4300
1156 4302
6248 4306
5696 4307
4308 4308
1547 4309
4379 4310
2089 4320
4321 4321
283 4322
5671 4325
4326 4326
3024 4328
181 4331
4332 4332
5333 4334
2210 4335
6201 4336
6147 4337
2000 4340
6851 4341
6280 4343
513 4345
5561 4347
5758 4350
908 4351
4353 4353
4356 4356
5977 4358
5342 4360
4320 4362
3888 4363
80 4367
5976 4370
6442 4371
70 4377
5321 4379
3042 4381
4719 4384
1203 4386
6045 4389
4354 4392
1469 4393
2805 4396
4397 4397
5946 4398
4283 4399
1539 4400
188 4401
4408 4408
6628 4411
6039 4412
1489 4417
1288 4418
5431 4419
6619 4420
2813 4421
4616 4422
2330 4423
4424 4424
4425 4425
4733 4426
2902 4427
5601 4431
3685 4433
4436 4436
3839 4439
2860 4440
5257 4441
4725 4443
3046 4445
6831 4446
3622 4448
2199 4449
107 4451
6332 4452
857 4454
2084 4455
5691 4459
3831 4460
1916 4461
4462 4462
6468 4469
3042 4472
4473 4473
4839 4478
4480 4480
1748 4481
518 4483
4485 4485
4486 4486
4490 4490
4492 4492
4493 4493
4494 4494
346 4495
4496 4496
1111 4497
6689 4500
6270 4501
4502 4502
3274 4504
4505 4505
694 4510
4512 4512
3214 4513
4516 4516
4517 4517
3605 4520
4524 4524
2502 4525
4526 4526
3240 4527
4218 4529
253 4532
4788 4534
3060 4535
3463 4536
4538 4538
1276 4540
1941 4542
6401 4544
3863 4545
1224 4546
4547 4547
4548 4548
4054 4549
882 4550
4552 4552
6197 4554
5070 4555
2957 4558
4562 4562
1895 4563
300 4564
3252 4565
1543 4567
5696 4569
4572 4572
4573 4573
4219 4574
1992 4576
4577 4577
6110 4580
1114 4583
5642 4584
6266 4588
2504 4589
2290 4591
4592 4592
417 4595
4597 4597
1666 4598
5435 4599
5283 4601
2586 4602
476 4603
5474 4604
2605 4605
3172 4606
4607 4607
2038 4608
2082 4612
4929 4613
4616 4616
6619 4617
5059 4618
6653 4622
6249 4624
4626 4626
4627 4627
6696 4629
4531 4630
3926 4631
4634 4634
1868 4635
5983 4636
2246 4637
4189 4638
6774 4639
4644 4644
3244 4646
6600 4649
3991 4650
116 4651
6802 4656
2359 4658
4040 4661
543 4663
4664 4664
6324 4669
6667 4671
480 4672
5155 4676
4677 4677
4679 4679
2200 4680
5895 4681
5968 4683
4271 4691
4693 4693
139 4694
4031 4695
4696 4696
6185 4698
4701 4701
5025 4702
2983 4709
3310 4710
4711 4711
4712 4712
4714 4714
4531 4715
4403 4718
3554 4719
1618 4721
3733 4727
4729 4729
693 4730
2641 4732
3376 4734
3230 4735
5925 4736
4401 4740
1174 4741
5626 4742
4458 4747
6216 4749
5782 4750
4019 4756
4757 4757
1410 4758
5629 4759
2930 4760
4763 4763
3850 4764
4961 4766
2336 4767
287 4769
4770 4770
4771 4771
6583 4774
1422 4775
4830 4776
4447 4777
5334 4778
5092 4779
2313 4783
3693 4785
4786 4786
5689 4791
3377 4792
4793 4793
4794 4794
6342 4795
623 4796
4797 4797
4799 4799
2928 4800
2490 4804
567 4805
4492 4806
4807 4807
3030 4809
3164 4810
4709 4814
5752 4815
4817 4817
5042 4824
2341 4825
4826 4826
4828 4828
2155 4830
4831 4831
2614 4833
2016 4834
5199 4835
4713 4837
2372 4838
4841 4841
4844 4844
592 4847
741 4849
2085 4851
3137 4852
5009 4853
328 4854
218 4856
4804 4859
2061 4861
4863 4863
4867 4867
6005 4868
631 4869
6435 4873
4874 4874
3769 4875
4616 4877
6237 4878
3024 4884
3100 4885
5395 4886
6474 4888
6409 4889
3750 4891
3683 4892
2247 4893
6472 4898
6215 4902
2855 4905
6048 4906
4907 4907
250 4908
3129 4909
4915 4915
895 4916
6293 4920
149 4922
4475 4927
5424 4928
4930 4930
3042 4931
130 4932
4933 4933
6248 4935
1148 4937
6458 4938
4941 4941
4667 4942
4311 4943
409 4945
3030 4947
4951 4951
4952 4952
4953 4953
4956 4956
4958 4958
6232 4959
4963 4963
3874 4966
1030 4967
660 4972
4973 4973
1959 4974
6240 4975
4980 4980
4982 4982
248 4984
4985 4985
3201 4987
2537 4989
4991 4991
4992 4992
4031 4993
2487 4995
2851 4998
4251 4999
2061 5001
98 5002
5003 5003
5004 5004
1714 5005
5007 5007
2199 5011
543 5012
5724 5013
5015 5015
200 5016
5020 5020
5364 5021
5371 5022
6358 5023
3705 5024
5027 5027
864 5032
4893 5036
5038 5038
5275 5039
6401 5041
4613 5045
3100 5046
592 5048
5049 5049
5050 5050
6616 5051
437 5054
3710 5055
5057 5057
191 5058
4140 5061
2273 5062
787 5064
3444 5067
5069 5069
2698 5071
6357 5074
5269 5075
4440 5077
5079 5079
5086 5086
5089 5089
5090 5090
205 5091
4256 5092
1420 5096
6610 5097
2054 5099
295 5100
5103 5103
4014 5107
2933 5108
4178 5112
5113 5113
5286 5114
295 5117
491 5118
6353 5119
5120 5120
5122 5122
1667 5123
1907 5124
5125 5125
868 5126
5083 5128
4040 5129
5130 5130
6715 5131
3312 5133
4587 5135
2367 5136
5012 5137
3042 5139
5141 5141
5634 5142
3278 5143
5144 5144
5245 5145
4493 5146
4055 5148
6773 5151
4742 5153
4549 5157
4241 5158
5162 5162
1602 5163
6270 5165
5168 5168
2800 5171
5174 5174
1743 5176
3310 5177
375 5180
4984 5182
5131 5183
1871 5184
5185 5185
5186 5186
2308 5188
5191 5191
5193 5193
961 5194
1261 5196
5197 5197
4003 5199
5202 5202
5205 5205
5039 5208
5288 5209
3345 5210
476 5211
1947 5216
2288 5218
5220 5220
5221 5221
1250 5222
3870 5223
3638 5225
5655 5228
5970 5229
4062 5232
3899 5233
6248 5234
2942 5235
980 5236
2022 5239
4296 5241
5089 5243
1508 5244
5245 5245
1398 5246
5248 5248
138 5249
3903 5254
4069 5256
3024 5257
5259 5259
5261 5261
3106 5262
3557 5263
5165 5264
2490 5265
5776 5267
1396 5268
5269 5269
2436 5271
4866 5275
5636 5276
4496 5277
163 5281
3765 5283
1639 5285
5286 5286
6755 5288
5803 5289
5290 5290
1939 5291
5207 5294
6589 5297
840 5298
3453 5301
5304 5304
6468 5306
3376 5311
385 5312
2504 5313
5316 5316
4050 5317
6325 5318
6241 5321
6129 5322
5323 5323
5324 5324
259 5325
741 5327
2979 5328
631 5329
4995 5332
293 5333
5758 5335
6288 5336
4053 5337
2639 5341
5342 5342
1195 5344
1682 5345
2346 5347
5348 5348
1661 5349
5351 5351
279 5354
5357 5357
5998 5359
5847 5360
5703 5361
5362 5362
2685 5366
5367 5367
4675 5368
4849 5376
5377 5377
5630 5378
73 5379
5380 5380
5381 5381
1148 5384
1913 5385
5392 5392
3045 5393
1581 5394
5954 5400
5403 5403
2615 5404
2105 5405
5406 5406
5407 5407
4163 5408
5409 5409
5410 5410
5411 5411
3809 5412
6439 5421
6572 5423
3735 5426
5429 5429
5430 5430
3517 5433
234 5439
4493 5440
5441 5441
3424 5443
5249 5445
5447 5447
2749 5449
4572 5450
1476 5451
5452 5452
1410 5453
6021 5454
5458 5458
1459 5460
2425 5463
4364 5466
4248 5469
3902 5470
5472 5472
6554 5474
2428 5477
5478 5478
5480 5480
5481 5481
114 5483
2428 5485
2891 5486
5487 5487
4742 5488
5826 5489
281 5490
3520 5491
4837 5494
464 5497
4219 5498
3274 5499
5500 5500
5501 5501
6355 5503
6381 5504
5507 5507
5510 5510
6611 5511
5515 5515
5592 5516
5517 5517
5521 5521
259 5524
1497 5525
5526 5526
586 5527
5532 5532
6606 5535
2033 5536
5539 5539
2088 5541
5542 5542
3042 5548
5549 5549
3014 5550
4242 5554
4207 5555
3923 5557
4679 5559
5561 5561
1957 5562
6052 5570
1339 5575
4662 5577
4669 5578
5579 5579
5581 5581
2240 5584
6125 5586
5589 5589
2807 5590
2446 5591
5594 5594
5595 5595
2378 5596
1233 5598
3390 5599
5600 5600
3111 5601
5602 5602
1259 5603
2597 5604
3433 5605
107 5608
6062 5609
2560 5610
1455 5615
4639 5619
6298 5620
2988 5621
5622 5622
5503 5625
1501 5628
5357 5631
2504 5633
5634 5634
518 5636
5637 5637
3274 5638
5640 5640
5641 5641
6063 5644
5222 5645
5646 5646
1561 5648
4455 5651
6269 5652
5654 5654
5395 5655
5792 5660
720 5661
2028 5666
3042 5669
5206 5673
5674 5674
5675 5675
5677 5677
3520 5682
5271 5683
5684 5684
5660 5688
489 5690
4280 5693
4103 5695
821 5696
5697 5697
1466 5698
1786 5702
5705 5705
3821 5706
5708 5708
5709 5709
2734 5710
5099 5711
526 5712
5713 5713
2082 5714
6490 5715
5716 5716
5717 5717
5699 5723
6332 5724
2714 5727
5311 5732
2739 5733
4744 5734
1857 5736
1419 5740
1586 5741
221 5743
5746 5746
5817 5749
5750 5750
658 5751
502 5753
6249 5754
5333 5762
1731 5764
4340 5767
6323 5768
4189 5769
4792 5770
5774 5774
4386 5775
4218 5776
1433 5777
5785 5785
2313 5786
2234 5788
2605 5792
5384 5793
5794 5794
3246 5797
4825 5798
787 5800
2378 5801
5802 5802
5806 5806
2175 5807
636 5808
1952 5810
3129 5811
2375 5813
5633 5815
5817 5817
4848 5818
5819 5819
6418 5823
4127 5824
5825 5825
3409 5831
1415 5838
5840 5840
4899 5842
1174 5843
5844 5844
5845 5845
27 5848
2773 5849
5170 5851
6102 5853
5854 5854
5855 5855
2690 5856
2015 5857
4531 5858
5286 5859
5862 5862
5865 5865
6636 5868
5873 5873
6565 5874
5875 5875
5449 5877
5881 5881
5882 5882
3699 5883
2174 5884
5885 5885
5395 5887
3400 5891
5892 5892
5059 5893
2706 5894
5895 5895
5058 5896
6008 5900
5902 5902
5397 5904
5906 5906
148 5907
4954 5909
463 5912
5913 5913
5915 5915
2120 5916
5919 5919
5737 5924
352 5926
905 5927
6723 5928
5929 5929
182 5930
1682 5931
1777 5934
1479 5935
5939 5939
169 5942
5175 5943
2374 5945
2386 5946
630 5947
6209 5949
3915 5950
5951 5951
5952 5952
5397 5954
1632 5962
98 5964
6725 5966
5219 5969
6521 5972
1274 5973
5974 5974
5977 5977
5978 5978
5980 5980
6023 5981
2953 5982
6011 5983
6110 5985
1932 5987
5762 5989
4076 5993
1595 5994
709 5995
5996 5996
6237 5998
6001 6001
2742 6003
6742 6005
6006 6006
3174 6007
748 6008
613 6010
3910 6011
4845 6012
2061 6014
3030 6015
6018 6018
2082 6021
6022 6022
2306 6023
6024 6024
6342 6025
6030 6030
1058 6031
223 6032
5077 6033
723 6035
5221 6042
2356 6043
6607 6044
4412 6045
3839 6047
714 6052
2684 6054
6055 6055
6056 6056
4066 6057
661 6058
6059 6059
1676 6061
4469 6062
6063 6063
6064 6064
1378 6066
6068 6068
1384 6070
253 6071
6073 6073
5107 6076
6077 6077
136 6080
5168 6081
1170 6082
6083 6083
743 6084
5409 6085
6091 6091
73 6095
947 6097
6098 6098
3520 6100
6177 6103
6450 6104
4691 6105
6106 6106
4745 6109
1782 6110
6111 6111
5891 6112
3640 6115
2130 6117
1807 6119
3994 6120
6121 6121
6125 6125
3218 6126
6129 6129
5333 6133
938 6134
6136 6136
2647 6138
6139 6139
3517 6140
1812 6141
6142 6142
6143 6143
6251 6144
83 6145
6404 6146
1995 6148
4162 6149
3356 6150
2906 6152
6159 6159
6160 6160
6161 6161
6162 6162
6316 6165
5990 6166
4942 6167
6168 6168
6175 6175
2088 6178
6179 6179
6180 6180
1224 6189
6196 6196
6003 6200
516 6201
287 6205
3042 6207
6713 6209
2357 6210
4838 6213
3217 6215
2504 6218
6224 6224
6225 6225
6230 6230
6231 6231
656 6232
95 6233
4971 6234
5178 6235
6238 6238
6239 6239
4148 6240
67 6241
1149 6243
6133 6245
6246 6246
2256 6247
6248 6248
518 6249
5433 6252
4397 6254
4813 6256
896 6257
4663 6270
4241 6271
1844 6272
3147 6273
6276 6276
804 6280
2458 6283
4710 6284
5193 6286
2869 6287
1469 6289
2604 6290
604 6291
5078 6294
6295 6295
604 6296
2048 6297
5112 6298
6300 6300
728 6301
6303 6303
3734 6305
3870 6306
118 6309
6313 6313
2200 6314
4407 6317
6319 6319
6763 6320
3557 6321
6322 6322
6326 6326
5504 6328
168 6330
6334 6334
3526 6336
4021 6337
2092 6338
6340 6340
894 6344
6346 6346
3515 6354
6355 6355
5193 6356
3735 6358
1387 6360
2613 6361
5662 6362
6766 6364
4874 6368
6370 6370
4880 6371
1957 6372
5411 6373
5875 6375
6781 6376
5099 6380
1499 6381
4848 6382
6476 6384
3100 6386
6389 6389
1022 6392
6103 6396
6402 6402
4971 6404
6636 6405
6037 6411
5503 6413
1548 6414
3437 6415
5657 6416
761 6418
5415 6419
6420 6420
4447 6421
4922 6422
6423 6423
4328 6425
2199 6426
6428 6428
6429 6429
4022 6431
6432 6432
4442 6434
2095 6436
4907 6438
2635 6439
3777 6440
3507 6442
2806 6445
4417 6446
5393 6448
4752 6449
6451 6451
6457 6457
2077 6458
1357 6459
1461 6460
6070 6462
4652 6465
6467 6467
4181 6474
1456 6475
6477 6477
6480 6480
2924 6481
2799 6482
3728 6486
4850 6487
6489 6489
4748 6490
3430 6491
107 6494
3174 6498
2593 6499
4040 6500
6503 6503
6504 6504
4246 6505
6508 6508
4639 6513
5401 6514
2137 6518
4738 6520
6521 6521
1407 6523
6592 6526
1497 6530
6533 6533
6658 6535
4608 6537
3829 6538
4404 6539
4452 6540
6541 6541
6544 6544
2773 6549
1319 6550
6551 6551
6774 6554
4354 6557
6558 6558
2715 6559
6561 6561
5005 6563
6565 6565
6566 6566
1523 6567
6493 6568
6569 6569
6570 6570
4493 6572
275 6576
6616 6577
3396 6585
3777 6587
220 6588
6591 6591
6520 6593
6595 6595
45 6600
5363 6601
6602 6602
6607 6607
6610 6610
6714 6613
6615 6615
6634 6616
1956 6617
5808 6619
6619 6620
2131 6624
6625 6625
6626 6626
6645 6628
5518 6631
6633 6633
6634 6634
2372 6636
3031 6637
2684 6638
1903 6639
6641 6641
6178 6642
6153 6643
6644 6644
6645 6645
370 6647
5283 6648
3176 6649
3024 6650
695 6651
6657 6657
821 6658
6659 6659
802 6665
6325 6667
352 6668
6670 6670
645 6673
2347 6679
5699 6682
4397 6686
3489 6689
1504 6690
6692 6692
6693 6693
6694 6694
5655 6698
1791 6702
6704 6704
2773 6705
2970 6706
5208 6707
2591 6711
2307 6712
6215 6719
6721 6721
2503 6724
4528 6727
3870 6728
6731 6731
5032 6735
5695 6736
3042 6737
4542 6738
886 6740
6741 6741
6742 6742
6743 6743
6750 6750
6751 6751
4443 6754
6756 6756
6758 6758
186 6763
1588 6764
2274 6767
5330 6770
2983 6773
6774 6774
4965 6776
6778 6778
1056 6779
6780 6780
6784 6784
2367 6785
6788 6788
6645 6789
681 6790
6791 6791
5325 6792
6793 6793
4237 6794
4480 6796
6797 6797
6801 6801
2455 6802
3965 6804
6594 6805
5952 6807
723 6808
857 6809
1324 6811
6888 6812
2641 6813
1142 6815
3787 6816
1581 6820
2151 6830
6434 6831
2367 6832
6834 6834
107 6836
6838 6838
4571 6839
6841 6841
6848 6848
1504 6849
3403 6850
649 6851
6232 6852
52 6853
6854 6854
1572 6855
2025 6857
6597 6860
2146 6862
3625 6863
4771 6866
6223 6867
6868 6868
6493 6871
2073 6873
805 6877
1201 6881
6039 6882
761 6884
1740 6888
747 6889
