236 236
357 357
263 263
339 339
237 237
5600 5600
114 114
112 112
5597 5597
5602 5602
3751 3751
454 454
3776 3776
5732 5732
238 238
3843 3843
5731 5731
3622 3622
3623 3623
5516 5516
3863 3863
455 455
1999 1999
3749 3749
3524 3524
137 137
117 117
18 18
3552 3552
5750 5750
5518 5518
3629 3629
8 8
5599 5599
3520 3520
3530 3530
5594 5594
243 243
5683 5683
3626 3626
41 41
5638 5638
25 25
2140 2140
5723 5723
3755 3755
5845 5845
3753 3753
2214 2214
3752 3752
3560 3560
43 43
2074 2074
242 242
5840 5840
241 241
3805 3805
5510 5510
3529 3529
2797 2797
5846 5846
2796 2796
3806 3806
5596 5596
5707 5707
3855 3855
45 45
3166 3166
3587 3587
5537 5537
3546 3546
2268 2268
5595 5595
3547 3547
3047 3047
5833 5833
443 443
3590 3590
3578 3578
5588 5588
3949 3949
3069 3069
5610 5610
49 49
66 66
442 442
19 19
78 78
3835 3835
279 279
48 48
3826 3826
5737 5737
5369 5369
3597 3597
2075 2075
3582 3582
3072 3072
3562 3562
1905 1905
3915 3915
2004 2004
3607 3607
3588 3588
3913 3913
189 189
1907 1907
2271 2271
1908 1908
3799 3799
2781 2781
349 349
3543 3543
3787 3787
3912 3912
409 409
188 188
434 434
3929 3929
3583 3583
3926 3926
3621 3621
3580 3580
3853 3853
5593 5593
3632 3632
5736 5736
3802 3802
3845 3845
3821 3821
3859 3859
3909 3909
435 435
3922 3922
5515 5515
407 407
322 322
3844 3844
323 323
21 21
408 408
330 330
5611 5611
417 417
3584 3584
3822 3822
2222 2222
3841 3841
65 65
3800 3800
3550 3550
3829 3829
141 141
3792 3792
3600 3600
5458 5458
5589 5589
3823 3823
3566 3566
3538 3538
3930 3930
5505 5505
356 356
3854 3854
347 347
2800 2800
79 79
50 50
2178 2178
3522 3522
436 436
5469 5469
3551 3551
228 228
3832 3832
321 321
2137 2137
85 85
3630 3630
3519 3519
5612 5612
5951 5951
3836 3836
1998 1998
2177 2177
2056 2056
312 312
5735 5735
286 286
3932 3932
438 438
39 39
2000 2000
332 332
5591 5591
2277 2277
5621 5621
3165 3165
3656 3656
30 30
3653 3653
34 34
3700 3700
130 130
5746 5746
20 20
266 266
324 324
3540 3540
71 71
2005 2005
2795 2795
2046 2046
3611 3611
5613 5613
51 51
2006 2006
27 27
29 29
6041 6041
3669 3669
2058 2058
5942 5942
67 67
5837 5837
3931 3931
3831 3831
23 23
3747 3747
2246 2246
3741 3741
3569 3569
3849 3849
2791 2791
3633 3633
6242 6242
5651 5651
3640 3640
6252 6252
5615 5615
5641 5641
415 415
6251 6251
6265 6265
2057 2057
146 146
54 54
233 233
5503 5503
3051 3051
6248 6248
456 456
3612 3612
6270 6270
3916 3916
3757 3757
5956 5956
5847 5847
2043 2043
90 90
2129 2129
5943 5943
6237 6237
6260 6260
2001 2001
2149 2149
2808 2808
3571 3571
129 129
2291 2291
2003 2003
3947 3947
6238 6238
6263 6263
2160 2160
89 89
437 437
2809 2809
3744 3744
5959 5959
5941 5941
3634 3634
2785 2785
99 99
5958 5958
98 98
122 122
5957 5957
3568 3568
104 104
245 245
3842 3842
33 33
4 4
336 336
91 91
2053 2053
2161 2161
5719 5719
156 156
2801 2801
5843 5843
462 462
2489 2489
57 57
123 123
3779 3779
2274 2274
5844 5844
5722 5722
2174 2174
2152 2152
1981 1981
2190 2190
2167 2167
2480 2480
2188 2188
105 105
5820 5820
143 143
145 145
5946 5946
5933 5933
3572 3572
2163 2163
5652 5652
5626 5626
5936 5936
5932 5932
2786 2786
2387 2387
101 101
2164 2164
3668 3668
5939 5939
5821 5821
5949 5949
2002 2002
5 5
2165 2165
55 55
2237 2237
2386 2386
6246 6246
2180 2180
2168 2168
5716 5716
5715 5715
2494 2494
2370 2370
2378 2378
5961 5961
5931 5931
6232 6232
234 234
2212 2212
2261 2261
157 157
5824 5824
3704 3704
2389 2389
267 267
2771 2771
2778 2778
62 62
5934 5934
5964 5964
5701 5701
6241 6241
3667 3667
61 61
2124 2124
5827 5827
5967 5967
5618 5618
1984 1984
2062 2062
5580 5580
3573 3573
2488 2488
5673 5673
2117 2117
6054 6054
2482 2482
3780 3780
5856 5856
193 193
2496 2496
2628 2628
2382 2382
2079 2079
5634 5634
3518 3518
2609 2609
1 1
2611 2611
416 416
2194 2194
2593 2593
2221 2221
2596 2596
3614 3614
5655 5655
2078 2078
5465 5465
6068 6068
2597 2597
2156 2156
3771 3771
2083 2083
3052 3052
2774 2774
2376 2376
142 142
2478 2478
2186 2186
2239 2239
2264 2264
5581 5581
2492 2492
3513 3513
2487 2487
5544 5544
103 103
2483 2483
2366 2366
5822 5822
2390 2390
2084 2084
3615 3615
2170 2170
259 259
5671 5671
6053 6053
6075 6075
2486 2486
6089 6089
5648 5648
5543 5543
2500 2500
5637 5637
5970 5970
5523 5523
268 268
5978 5978
5969 5969
2166 2166
6077 6077
3646 3646
2601 2601
392 392
5974 5974
2081 2081
2613 2613
5524 5524
6052 6052
148 148
5725 5725
5619 5619
5965 5965
5542 5542
5976 5976
5968 5968
6048 6048
2476 2476
5973 5973
3894 3894
5539 5539
6061 6061
5977 5977
1990 1990
6158 6158
2360 2360
2158 2158
2623 2623
2603 2603
2364 2364
6056 6056
2403 2403
2591 2591
6049 6049
2126 2126
2477 2477
2618 2618
5491 5491
2583 2583
5654 5654
6059 6059
3772 3772
5739 5739
5452 5452
3881 3881
3885 3885
6073 6073
2586 2586
2396 2396
6026 6026
5986 5986
2506 2506
380 380
5556 5556
5604 5604
147 147
3648 3648
2011 2011
6025 6025
5607 5607
378 378
3706 3706
6060 6060
2039 2039
2588 2588
2599 2599
2584 2584
393 393
3795 3795
2622 2622
5451 5451
3895 3895
2600 2600
2621 2621
6042 6042
6046 6046
5684 5684
2027 2027
5867 5867
6063 6063
2624 2624
2200 2200
3660 3660
2256 2256
5717 5717
3882 3882
3672 3672
3972 3972
2146 2146
6051 6051
307 307
379 379
402 402
5499 5499
5662 5662
5446 5446
5697 5697
5557 5557
5498 5498
2013 2013
6050 6050
6092 6092
0 0
6071 6071
5656 5656
2223 2223
6079 6079
3869 3869
2267 2267
5860 5860
6085 6085
2197 2197
5678 5678
6065 6065
404 404
6030 6030
6081 6081
2265 2265
5475 5475
5855 5855
5858 5858
5987 5987
447 447
5528 5528
3058 3058
406 406
517 517
6083 6083
2067 2067
5645 5645
6080 6080
3687 3687
5865 5865
6088 6088
6091 6091
161 161
6086 6086
6095 6095
3819 3819
174 174
2218 2218
2096 2096
2402 2402
6143 6143
5487 5487
2633 2633
2625 2625
3878 3878
1985 1985
6103 6103
6003 6003
2632 2632
3808 3808
6142 6142
2627 2627
2619 2619
5658 5658
2086 2086
2626 2626
6099 6099
3939 3939
2507 2507
363 363
2629 2629
376 376
5547 5547
6131 6131
5473 5473
6101 6101
5993 5993
2642 2642
5479 5479
5688 5688
5915 5915
197 197
2397 2397
6121 6121
2681 2681
3817 3817
5914 5914
6104 6104
3645 3645
6008 6008
6032 6032
5481 5481
5526 5526
2183 2183
531 531
2231 2231
3994 3994
2026 2026
5532 5532
3973 3973
2502 2502
3678 3678
2683 2683
5872 5872
6128 6128
2501 2501
5871 5871
2232 2232
2233 2233
2227 2227
5868 5868
6149 6149
5991 5991
6117 6117
2281 2281
333 333
2245 2245
5996 5996
526 526
5644 5644
523 523
200 200
6148 6148
4019 4019
3049 3049
308 308
5693 5693
2686 2686
514 514
6881 6881
3960 3960
512 512
6035 6035
506 506
4011 4011
2635 2635
510 510
5571 5571
2660 2660
202 202
4002 4002
371 371
485 485
543 543
5243 5243
3996 3996
539 539
2407 2407
2411 2411
2410 2410
3880 3880
6138 6138
5709 5709
3796 3796
516 516
6012 6012
5706 5706
2069 2069
3999 3999
5549 5549
2071 2071
4014 4014
2023 2023
5902 5902
5918 5918
5576 5576
3992 3992
1987 1987
5903 5903
373 373
5713 5713
2521 2521
2667 2667
495 495
6022 6022
4020 4020
2283 2283
5494 5494
220 220
4028 4028
5998 5998
5240 5240
2650 2650
3954 3954
4017 4017
582 582
5744 5744
2688 2688
2519 2519
520 520
4025 4025
298 298
6122 6122
6107 6107
2185 2185
2215 2215
2115 2115
6883 6883
2282 2282
221 221
5676 5676
2413 2413
2412 2412
2442 2442
224 224
2457 2457
3963 3963
5803 5803
3679 3679
3953 3953
6006 6006
2656 2656
2302 2302
5710 5710
372 372
3663 3663
2298 2298
6157 6157
4009 4009
2523 2523
6151 6151
6123 6123
6109 6109
6106 6106
3662 3662
6115 6115
5495 5495
473 473
4054 4054
471 471
2661 2661
3952 3952
6882 6882
2100 2100
5562 5562
4030 4030
5695 5695
3990 3990
6118 6118
518 518
449 449
394 394
2248 2248
5712 5712
3797 3797
5882 5882
5992 5992
5999 5999
6010 6010
5565 5565
493 493
5570 5570
5749 5749
2251 2251
2668 2668
6162 6162
2295 2295
562 562
5884 5884
3991 3991
6160 6160
2345 2345
2072 2072
444 444
2648 2648
2300 2300
167 167
6166 6166
2645 2645
2662 2662
4053 4053
5235 5235
4052 4052
530 530
5763 5763
3699 3699
3487 3487
4056 4056
2675 2675
502 502
2543 2543
2671 2671
5233 5233
1771 1771
5711 5711
4006 4006
3485 3485
386 386
3713 3713
550 550
2228 2228
6037 6037
2034 2034
2655 2655
2431 2431
368 368
5883 5883
6161 6161
2666 2666
2691 2691
5889 5889
2101 2101
6024 6024
3760 3760
2663 2663
2676 2676
544 544
3488 3488
2695 2695
477 477
2416 2416
2678 2678
2542 2542
564 564
5792 5792
3696 3696
5759 5759
360 360
4024 4024
4063 4063
6159 6159
2424 2424
5804 5804
546 546
4033 4033
2690 2690
5900 5900
2526 2526
4062 4062
2249 2249
3890 3890
6017 6017
178 178
479 479
3486 3486
6168 6168
2421 2421
4032 4032
548 548
5566 5566
2111 2111
6216 6216
2203 2203
5389 5389
2674 2674
6165 6165
4068 4068
5920 5920
3680 3680
3899 3899
5761 5761
6215 6215
3057 3057
2673 2673
5762 5762
2104 2104
3710 3710
5696 5696
5242 5242
576 576
6175 6175
2253 2253
3494 3494
3675 3675
6016 6016
4064 4064
4034 4034
3889 3889
5569 5569
6217 6217
559 559
3726 3726
2303 2303
2439 2439
3896 3896
5703 5703
181 181
3969 3969
1770 1770
580 580
4037 4037
488 488
4048 4048
554 554
5908 5908
5885 5885
2308 2308
198 198
180 180
480 480
5704 5704
5886 5886
6174 6174
3698 3698
2420 2420
557 557
2033 2033
2714 2714
366 366
2419 2419
5764 5764
2326 2326
561 561
2460 2460
4041 4041
3718 3718
1774 1774
2344 2344
2307 2307
179 179
2459 2459
3694 3694
5384 5384
5241 5241
2316 2316
5383 5383
2109 2109
6220 6220
2547 2547
3897 3897
569 569
2758 2758
714 714
5668 5668
2447 2447
498 498
6169 6169
3985 3985
4040 4040
1765 1765
2713 2713
6171 6171
4007 4007
5430 5430
6204 6204
525 525
2571 2571
3716 3716
5901 5901
2544 2544
5790 5790
5805 5805
5784 5784
209 209
2531 2531
2704 2704
5391 5391
5393 5393
5766 5766
464 464
5881 5881
5403 5403
5402 5402
5808 5808
2560 2560
2148 2148
5420 5420
2107 2107
756 756
755 755
2463 2463
6177 6177
5309 5309
5398 5398
5769 5769
2337 2337
6403 6403
1922 1922
2347 2347
5774 5774
4012 4012
1868 1868
6361 6361
6460 6460
2060 2060
2709 2709
5773 5773
5812 5812
1878 1878
151 151
248 248
1924 1924
5406 5406
6194 6194
2418 2418
1287 1287
2351 2351
2309 2309
5434 5434
1879 1879
217 217
5320 5320
2759 2759
2147 2147
2208 2208
3812 3812
2462 2462
5888 5888
4203 4203
5353 5353
3984 3984
5785 5785
6402 6402
5427 5427
774 774
2558 2558
5811 5811
5705 5705
5429 5429
6455 6455
5891 5891
5890 5890
757 757
5419 5419
2333 2333
716 716
5400 5400
4229 4229
5392 5392
5925 5925
3784 3784
775 775
6450 6450
5433 5433
5401 5401
2534 2534
1272 1272
2548 2548
1840 1840
5379 5379
5771 5771
6451 6451
1841 1841
5428 5428
5432 5432
4975 4975
5301 5301
5410 5410
6452 6452
2716 2716
3437 3437
3068 3068
5422 5422
4906 4906
4770 4770
2438 2438
5439 5439
1288 1288
2944 2944
5385 5385
2310 2310
2545 2545
776 776
4905 4905
2711 2711
2904 2904
4742 4742
754 754
5308 5308
5927 5927
3683 3683
2356 2356
4765 4765
5912 5912
2338 2338
4202 4202
6453 6453
255 255
4764 4764
5362 5362
5415 5415
4274 4274
2742 2742
6335 6335
2108 2108
1920 1920
4831 4831
5381 5381
3438 3438
2325 2325
2961 2961
2708 2708
4769 4769
5421 5421
5794 5794
5300 5300
6438 6438
3934 3934
680 680
6362 6362
2528 2528
4205 4205
5317 5317
1938 1938
4833 4833
4974 4974
5438 5438
3359 3359
5797 5797
2529 2529
1837 1837
6439 6439
5315 5315
5435 5435
5817 5817
4280 4280
6419 6419
1901 1901
6183 6183
1979 1979
3720 3720
5328 5328
5780 5780
1867 1867
5382 5382
5770 5770
4226 4226
5786 5786
1357 1357
6418 6418
6436 6436
5906 5906
2354 2354
6416 6416
5055 5055
4264 4264
1889 1889
3355 3355
3361 3361
1959 1959
6437 6437
5414 5414
2977 2977
2106 2106
390 390
5801 5801
2757 2757
5052 5052
2340 2340
5026 5026
1903 1903
6193 6193
5441 5441
5059 5059
440 440
5346 5346
3343 3343
4242 4242
5411 5411
1358 1358
2572 2572
2957 2957
3338 3338
4767 4767
5412 5412
4268 4268
6225 6225
5056 5056
5409 5409
5407 5407
2959 2959
1936 1936
1430 1430
1855 1855
1931 1931
2956 2956
6199 6199
1282 1282
6184 6184
2536 2536
6224 6224
5126 5126
5351 5351
2451 2451
5781 5781
5348 5348
5112 5112
5018 5018
3350 3350
5113 5113
6358 6358
3004 3004
2994 2994
6415 6415
1284 1284
2319 2319
3439 3439
5017 5017
6180 6180
4863 4863
2874 2874
2452 2452
2976 2976
3406 3406
2939 2939
3336 3336
4170 4170
1281 1281
1944 1944
2446 2446
3943 3943
3352 3352
5020 5020
225 225
4866 4866
786 786
2444 2444
6196 6196
6208 6208
5327 5327
5165 5165
2740 2740
2983 2983
2760 2760
5130 5130
6445 6445
212 212
4860 4860
1940 1940
4257 4257
2541 2541
5024 5024
3358 3358
5096 5096
5344 5344
6755 6755
3363 3363
5178 5178
6354 6354
6205 6205
5190 5190
5057 5057
4852 4852
2941 2941
1932 1932
5135 5135
3344 3344
218 218
1856 1856
1945 1945
5088 5088
5205 5205
5207 5207
3362 3362
5202 5202
5086 5086
3813 3813
5209 5209
5347 5347
5027 5027
5191 5191
6188 6188
1975 1975
5168 5168
5127 5127
6414 6414
5030 5030
5181 5181
5068 5068
5154 5154
5054 5054
5343 5343
271 271
4252 4252
572 572
5187 5187
4171 4171
5166 5166
5075 5075
5090 5090
3900 3900
4061 4061
6210 6210
5229 5229
2955 2955
1356 1356
1851 1851
6356 6356
5092 5092
1960 1960
5093 5093
5037 5037
2737 2737
6355 6355
3364 3364
763 763
1958 1958
4799 4799
1951 1951
5084 5084
5007 5007
6759 6759
6421 6421
1939 1939
5214 5214
6209 6209
210 210
1952 1952
5150 5150
4258 4258
4892 4892
5089 5089
1413 1413
4795 4795
5038 5038
6189 6189
6192 6192
2732 2732
6182 6182
1971 1971
3356 3356
3260 3260
5029 5029
5151 5151
2727 2727
2960 2960
1946 1946
5199 5199
2981 2981
5294 5294
4864 4864
5312 5312
1955 1955
5227 5227
5040 5040
3274 3274
1502 1502
3297 3297
3265 3265
792 792
1974 1974
5109 5109
6351 6351
3250 3250
3253 3253
3249 3249
3271 3271
3308 3308
5221 5221
3420 3420
5099 5099
1741 1741
257 257
2975 2975
5011 5011
3345 3345
4788 4788
2575 2575
5021 5021
3256 3256
3313 3313
3301 3301
3270 3270
3288 3288
1850 1850
4245 4245
5122 5122
2557 2557
3259 3259
3227 3227
3264 3264
301 301
5031 5031
219 219
1286 1286
3372 3372
3267 3267
3266 3266
3279 3279
3309 3309
5073 5073
3316 3316
3318 3318
4278 4278
6750 6750
5110 5110
1968 1968
4250 4250
5123 5123
3243 3243
3213 3213
2769 2769
1976 1976
3247 3247
4977 4977
5066 5066
6424 6424
4823 4823
4714 4714
3306 3306
777 777
3241 3241
6214 6214
5108 5108
6350 6350
3281 3281
2980 2980
4891 4891
1320 1320
1438 1438
5377 5377
6752 6752
6423 6423
6213 6213
4876 4876
4725 4725
3346 3346
3211 3211
2726 2726
3225 3225
460 460
4794 4794
1865 1865
5032 5032
1953 1953
252 252
5125 5125
3398 3398
6206 6206
1693 1693
5148 5148
3447 3447
4917 4917
5293 5293
5120 5120
3226 3226
4761 4761
5079 5079
2899 2899
5077 5077
4160 4160
1592 1592
6334 6334
1588 1588
5063 5063
3223 3223
2948 2948
5085 5085
4133 4133
5213 5213
3347 3347
3408 3408
5102 5102
1589 1589
4875 4875
778 778
4907 4907
5331 5331
5161 5161
3763 3763
6349 6349
6837 6837
5065 5065
5050 5050
3251 3251
1441 1441
5226 5226
222 222
4874 4874
6740 6740
1591 1591
5197 5197
4072 4072
1543 1543
5378 5378
780 780
3368 3368
6283 6283
6751 6751
1586 1586
3371 3371
1590 1590
1687 1687
6762 6762
4717 4717
5273 5273
4850 4850
2965 2965
3921 3921
2736 2736
5220 5220
4900 4900
399 399
3920 3920
3246 3246
3734 3734
3373 3373
1307 1307
2718 2718
3403 3403
4791 4791
3374 3374
4212 4212
1380 1380
2719 2719
1875 1875
6326 6326
3450 3450
3815 3815
3404 3404
5177 5177
5121 5121
4909 4909
2953 2953
5134 5134
1556 1556
2766 2766
4726 4726
826 826
1548 1548
4308 4308
4276 4276
3470 3470
422 422
5147 5147
4896 4896
4302 4302
3237 3237
3410 3410
2822 2822
6741 6741
6701 6701
6638 6638
1886 1886
3060 3060
2894 2894
1547 1547
4315 4315
2729 2729
1393 1393
3221 3221
6742 6742
5304 5304
6411 6411
1506 1506
1828 1828
1760 1760
6757 6757
3415 3415
5146 5146
5114 5114
5117 5117
5321 5321
1904 1904
6496 6496
2906 2906
1553 1553
4132 4132
426 426
6743 6743
303 303
3331 3331
3222 3222
1560 1560
5290 5290
5140 5140
1721 1721
1563 1563
3451 3451
4124 4124
4779 4779
5043 5043
305 305
3240 3240
824 824
1599 1599
769 769
4703 4703
1390 1390
4090 4090
5105 5105
4114 4114
4130 4130
3454 3454
1436 1436
6655 6655
5107 5107
3012 3012
1536 1536
1444 1444
3219 3219
6675 6675
1443 1443
6470 6470
1550 1550
3238 3238
1549 1549
3393 3393
1507 1507
6328 6328
4117 4117
3462 3462
3452 3452
6669 6669
1410 1410
4884 4884
3421 3421
3379 3379
3412 3412
3467 3467
1546 1546
1233 1233
6838 6838
6671 6671
4077 4077
4091 4091
2746 2746
2952 2952
1833 1833
1234 1234
3302 3302
3464 3464
5296 5296
6629 6629
6630 6630
6667 6667
4123 4123
6322 6322
1692 1692
3234 3234
463 463
6703 6703
6324 6324
3386 3386
6678 6678
6353 6353
736 736
3455 3455
587 587
1542 1542
638 638
6657 6657
1437 1437
1445 1445
2935 2935
6688 6688
3390 3390
6698 6698
4136 4136
2936 2936
1404 1404
3388 3388
702 702
6321 6321
3466 3466
1270 1270
3377 3377
3459 3459
3458 3458
3893 3893
4885 4885
3453 3453
4269 4269
4098 4098
6690 6690
4305 4305
2857 2857
2865 2865
5275 5275
5203 5203
1352 1352
3424 3424
3427 3427
4980 4980
2864 2864
1304 1304
1346 1346
1832 1832
1555 1555
3414 3414
6664 6664
3902 3902
3394 3394
5284 5284
641 641
723 723
3465 3465
1401 1401
1874 1874
1342 1342
1309 1309
1914 1914
1722 1722
4101 4101
639 639
3378 3378
708 708
4230 4230
724 724
3396 3396
5274 5274
6686 6686
1603 1603
3031 3031
1411 1411
4888 4888
806 806
3169 3169
6756 6756
3382 3382
1572 1572
6467 6467
1645 1645
446 446
5141 5141
4299 4299
1508 1508
4783 4783
6659 6659
3033 3033
3200 3200
6661 6661
1835 1835
1408 1408
3400 3400
3435 3435
3295 3295
704 704
3333 3333
817 817
3471 3471
6625 6625
4113 4113
5142 5142
1843 1843
6339 6339
4106 4106
3329 3329
4723 4723
820 820
6648 6648
6346 6346
1351 1351
4721 4721
5323 5323
610 610
6626 6626
6717 6717
1510 1510
4185 4185
6765 6765
2877 2877
814 814
4223 4223
2966 2966
5354 5354
3759 3759
6273 6273
707 707
1580 1580
6486 6486
3384 3384
6685 6685
1552 1552
3401 3401
2908 2908
1343 1343
4819 4819
1575 1575
4270 4270
2872 2872
3036 3036
5285 5285
4079 4079
2860 2860
604 604
6797 6797
4134 4134
4680 4680
1303 1303
2863 2863
1423 1423
6640 6640
6652 6652
4426 4426
3044 3044
701 701
1595 1595
1684 1684
943 943
2878 2878
6839 6839
2859 2859
1218 1218
726 726
4772 4772
611 611
2876 2876
1679 1679
4786 4786
1392 1392
5334 5334
4232 4232
622 622
613 613
5324 5324
6646 6646
6340 6340
3035 3035
3332 3332
4199 4199
4078 4078
1302 1302
5269 5269
4184 4184
4700 4700
4109 4109
6654 6654
3037 3037
4683 4683
1917 1917
4879 4879
4798 4798
1639 1639
1242 1242
1609 1609
1681 1681
4294 4294
1420 1420
6653 6653
3013 3013
2861 2861
1644 1644
625 625
4775 4775
4427 4427
1213 1213
3381 3381
1253 1253
1745 1745
1421 1421
3203 3203
4300 4300
1607 1607
4677 4677
3202 3202
1753 1753
2971 2971
3074 3074
4963 4963
4964 4964
1289 1289
585 585
6820 6820
3006 3006
2973 2973
6846 6846
4882 4882
1299 1299
2819 2819
3061 3061
3218 3218
3041 3041
4870 4870
6767 6767
1746 1746
6819 6819
3482 3482
6336 6336
6795 6795
734 734
4107 4107
5360 5360
789 789
1648 1648
5222 5222
6427 6427
1243 1243
4234 4234
6632 6632
4099 4099
4902 4902
4119 4119
2869 2869
605 605
3194 3194
595 595
6821 6821
1632 1632
1620 1620
4210 4210
645 645
3328 3328
4111 4111
1409 1409
2950 2950
4696 4696
6644 6644
1737 1737
6619 6619
6429 6429
748 748
4750 4750
6318 6318
6620 6620
2890 2890
6796 6796
1624 1624
1731 1731
623 623
1574 1574
1608 1608
4674 4674
5270 5270
3028 3028
2951 2951
1729 1729
4214 4214
6772 6772
2970 2970
5281 5281
5206 5206
1747 1747
1744 1744
650 650
2884 2884
4372 4372
6769 6769
6841 6841
1195 1195
3195 3195
1834 1834
1611 1611
4108 4108
4796 4796
4961 4961
2854 2854
1697 1697
6847 6847
1665 1665
1702 1702
253 253
6319 6319
6699 6699
6843 6843
6633 6633
4898 4898
6702 6702
1748 1748
2998 2998
6301 6301
6809 6809
6313 6313
5277 5277
685 685
1252 1252
6793 6793
1638 1638
4283 4283
4739 4739
4181 4181
744 744
4747 4747
596 596
3027 3027
4376 4376
4827 4827
6807 6807
6808 6808
1296 1296
693 693
1682 1682
3008 3008
1636 1636
6803 6803
4154 4154
1613 1613
1659 1659
6314 6314
6289 6289
5295 5295
6296 6296
1740 1740
742 742
6477 6477
4220 4220
4120 4120
4164 4164
4081 4081
4121 4121
1808 1808
6343 6343
592 592
4217 4217
1696 1696
6868 6868
4825 4825
1694 1694
6805 6805
3506 3506
4894 4894
3198 3198
6389 6389
6285 6285
6788 6788
6825 6825
1677 1677
637 637
1396 1396
4155 4155
6615 6615
6858 6858
6862 6862
670 670
2852 2852
6855 6855
3177 3177
4960 4960
1699 1699
733 733
6377 6377
1398 1398
6780 6780
5253 5253
6693 6693
4316 4316
3764 3764
6859 6859
1909 1909
6312 6312
4285 4285
699 699
6828 6828
4373 4373
608 608
4289 4289
3208 3208
4959 4959
4288 4288
689 689
601 601
6474 6474
1397 1397
6456 6456
6860 6860
1235 1235
3174 3174
629 629
4734 4734
6373 6373
6861 6861
749 749
722 722
6293 6293
607 607
6729 6729
6368 6368
4290 4290
4145 4145
4159 4159
2870 2870
1678 1678
6818 6818
4331 4331
3192 3192
6300 6300
6487 6487
272 272
6465 6465
6731 6731
6777 6777
3197 3197
6430 6430
6376 6376
3022 3022
6782 6782
4158 4158
4965 4965
3187 3187
6601 6601
6802 6802
6728 6728
4379 4379
3322 3322
750 750
6784 6784
6602 6602
6308 6308
652 652
4718 4718
1348 1348
6370 6370
6791 6791
4237 4237
4332 4332
254 254
3024 3024
6536 6536
6524 6524
6779 6779
4326 4326
6472 6472
2826 2826
3018 3018
3076 3076
647 647
6298 6298
1824 1824
1674 1674
6297 6297
6787 6787
3019 3019
6790 6790
3497 3497
6299 6299
5254 5254
4956 4956
3190 3190
3185 3185
3075 3075
3063 3063
2932 2932
3191 3191
6489 6489
6372 6372
3186 3186
3496 3496
3065 3065
4238 4238
6390 6390
4733 4733
4329 4329
4957 4957
940 940
1268 1268
653 653
6533 6533
893 893
3323 3323
6735 6735
1038 1038
6600 6600
3173 3173
6778 6778
2853 2853
3023 3023
6534 6534
3150 3150
6525 6525
1893 1893
4087 4087
6521 6521
6727 6727
4730 4730
2849 2849
6588 6588
6523 6523
4173 4173
1863 1863
996 996
6869 6869
2930 2930
1120 1120
6375 6375
6532 6532
4089 4089
177 177
1251 1251
5245 5245
1212 1212
6589 6589
6544 6544
1532 1532
4729 4729
4424 4424
6522 6522
1130 1130
2920 2920
4327 4327
994 994
606 606
986 986
1250 1250
4193 4193
249 249
3786 3786
4149 4149
274 274
4254 4254
4105 4105
988 988
4429 4429
1124 1124
6594 6594
1135 1135
4102 4102
1780 1780
6581 6581
6303 6303
4425 4425
1496 1496
609 609
1158 1158
1037 1037
3124 3124
3505 3505
795 795
6583 6583
1026 1026
659 659
5248 5248
4694 4694
891 891
1127 1127
2844 2844
2850 2850
4958 4958
6310 6310
4253 4253
984 984
646 646
6591 6591
1000 1000
385 385
1802 1802
6732 6732
4719 4719
3112 3112
842 842
2923 2923
3159 3159
3016 3016
2835 2835
1462 1462
995 995
1345 1345
4103 4103
6311 6311
2833 2833
6582 6582
3117 3117
794 794
879 879
924 924
855 855
1104 1104
1001 1001
4366 4366
6383 6383
1786 1786
916 916
6304 6304
2928 2928
1156 1156
861 861
1035 1035
3017 3017
4824 4824
3113 3113
801 801
6595 6595
1531 1531
2921 2921
991 991
919 919
1451 1451
414 414
5259 5259
4955 4955
926 926
4303 4303
6514 6514
983 983
1797 1797
1121 1121
989 989
2909 2909
6539 6539
4175 4175
6578 6578
621 621
1024 1024
1849 1849
3100 3100
1783 1783
679 679
1335 1335
6579 6579
1049 1049
4620 4620
1519 1519
815 815
1051 1051
413 413
3110 3110
1201 1201
889 889
917 917
4607 4607
1238 1238
886 886
3152 3152
3509 3509
1796 1796
3109 3109
3122 3122
4104 4104
6576 6576
858 858
1062 1062
3157 3157
1061 1061
1034 1034
923 923
710 710
941 941
888 888
2926 2926
250 250
1014 1014
3503 3503
1015 1015
1334 1334
4688 4688
1057 1057
980 980
1056 1056
4618 4618
3101 3101
970 970
3091 3091
1107 1107
662 662
3156 3156
4953 4953
1247 1247
6531 6531
796 796
1131 1131
1804 1804
6540 6540
898 898
6609 6609
4619 4619
665 665
6721 6721
618 618
1461 1461
3111 3111
922 922
6528 6528
4167 4167
1109 1109
1188 1188
2846 2846
3140 3140
6596 6596
1113 1113
6541 6541
1805 1805
993 993
615 615
4403 4403
1041 1041
2851 2851
3136 3136
1330 1330
1795 1795
954 954
6291 6291
1806 1806
1090 1090
616 616
956 956
1490 1490
1163 1163
1205 1205
1266 1266
903 903
1065 1065
1517 1517
1768 1768
2848 2848
6875 6875
6515 6515
5003 5003
1204 1204
663 663
1794 1794
4687 4687
1110 1110
1108 1108
905 905
6563 6563
1240 1240
6559 6559
1329 1329
3103 3103
1075 1075
846 846
4409 4409
6575 6575
798 798
965 965
1189 1189
1526 1526
962 962
3086 3086
6569 6569
4925 4925
4813 4813
6560 6560
4295 4295
1069 1069
4562 4562
4410 4410
1027 1027
1150 1150
3108 3108
1481 1481
2915 2915
720 720
1087 1087
971 971
1004 1004
1152 1152
3478 3478
816 816
1528 1528
1265 1265
6719 6719
1468 1468
4650 4650
2830 2830
1181 1181
1080 1080
4848 4848
1450 1450
883 883
4812 4812
807 807
6385 6385
631 631
4365 4365
1474 1474
1081 1081
973 973
901 901
4613 4613
4593 4593
1086 1086
6561 6561
632 632
4341 4341
3507 3507
1144 1144
1076 1076
4368 4368
4821 4821
897 897
654 654
3116 3116
5002 5002
863 863
4644 4644
5005 5005
630 630
6386 6386
3144 3144
934 934
958 958
1807 1807
864 864
1455 1455
1492 1492
1164 1164
6592 6592
867 867
868 868
1207 1207
1145 1145
852 852
1092 1092
1230 1230
1799 1799
1484 1484
1083 1083
1153 1153
1185 1185
1068 1068
2829 2829
1021 1021
1465 1465
6384 6384
851 851
656 656
1114 1114
4758 4758
4590 4590
4404 4404
835 835
977 977
6508 6508
808 808
1172 1172
1019 1019
3125 3125
3087 3087
3095 3095
832 832
4525 4525
810 810
1324 1324
1364 1364
966 966
1177 1177
3170 3170
4600 4600
4693 4693
1533 1533
946 946
1167 1167
4642 4642
6380 6380
949 949
3082 3082
6876 6876
1031 1031
900 900
1102 1102
4355 4355
1011 1011
1032 1032
1367 1367
904 904
4512 4512
1073 1073
3473 3473
4760 4760
4845 4845
948 948
4311 4311
3510 3510
6566 6566
1276 1276
4690 4690
4503 4503
1094 1094
4561 4561
952 952
1262 1262
1095 1095
1447 1447
4475 4475
4640 4640
1221 1221
4596 4596
4599 4599
4480 4480
4583 4583
932 932
873 873
4502 4502
4499 4499
4940 4940
1365 1365
4478 4478
4399 4399
4943 4943
4991 4991
1101 1101
4844 4844
4473 4473
4988 4988
4495 4495
4511 4511
1045 1045
1353 1353
4573 4573
1513 1513
4498 4498
4941 4941
4587 4587
1229 1229
4439 4439
4586 4586
4436 4436
876 876
4654 4654
5000 5000
4540 4540
4494 4494
4585 4585
4637 4637
4541 4541
4577 4577
4576 4576
4490 4490
1228 1228
4581 4581
4595 4595
4505 4505
4353 4353
4942 4942
3128 3128
872 872
4455 4455
4533 4533
4570 4570
4653 4653
4464 4464
4568 4568
4985 4985
4660 4660
4930 4930
4460 4460
4434 4434
4839 4839
4445 4445
