0 0
1 1
4 4
5 5
8 8
825 11
1089 12
3158 14
1427 16
18 18
19 19
20 20
21 21
23 23
25 25
27 27
29 29
30 30
1196 31
33 33
34 34
39 39
4141 40
41 41
43 43
6247 44
45 45
48 48
49 49
50 50
51 51
54 54
55 55
6867 56
57 57
1059 58
6828 59
61 61
62 62
65 65
66 66
67 67
71 71
3484 75
78 78
79 79
6585 81
640 82
85 85
5894 86
89 89
90 90
91 91
5749 93
89 97
98 98
99 99
101 101
103 103
104 104
105 105
1658 106
4312 107
112 112
2130 113
114 114
117 117
2605 121
122 122
123 123
388 127
6188 128
129 129
130 130
4760 134
5022 135
6233 136
137 137
382 140
141 141
142 142
143 143
1420 144
145 145
146 146
147 147
148 148
6044 150
151 151
156 156
157 157
161 161
1178 163
761 165
1324 166
167 167
5271 168
4916 169
1085 173
174 174
177 177
178 178
179 179
180 180
181 181
3129 182
6519 183
935 184
2271 187
188 188
189 189
868 190
5316 192
193 193
174 195
197 197
198 198
4154 199
200 200
202 202
2553 206
4624 208
209 209
210 210
212 212
217 217
218 218
219 219
220 220
221 221
222 222
6032 223
224 224
225 225
1264 226
228 228
6769 229
230 230
3914 232
233 233
234 234
6330 235
236 236
237 237
238 238
2190 240
241 241
242 242
243 243
245 245
1258 246
248 248
249 249
250 250
252 252
253 253
254 254
255 255
3899 256
257 257
6313 258
259 259
3121 261
3177 262
263 263
2015 264
266 266
267 267
268 268
3699 270
271 271
272 272
274 274
967 276
3804 278
279 279
178 284
286 286
3124 288
1339 291
4467 292
298 298
4393 300
301 301
5947 302
303 303
6221 304
305 305
307 307
308 308
5 310
6830 311
312 312
2376 319
321 321
322 322
323 323
324 324
2517 325
4182 326
330 330
332 332
333 333
334 334
2930 335
336 336
3728 337
339 339
5535 340
5571 343
1064 344
6550 345
347 347
349 349
6792 351
352 352
427 353
2437 355
356 356
357 357
360 360
363 363
365 365
366 366
367 367
368 368
371 371
372 372
373 373
376 376
2645 377
378 378
379 379
380 380
3287 382
385 385
386 386
444 388
3256 389
390 390
392 392
393 393
394 394
6375 395
1196 397
399 399
402 402
6772 403
404 404
406 406
407 407
408 408
409 409
413 413
414 414
415 415
416 416
417 417
1726 419
4864 420
422 422
426 426
235 430
434 434
435 435
436 436
437 437
438 438
440 440
442 442
443 443
444 444
446 446
447 447
5143 448
449 449
539 450
6691 451
3311 453
454 454
455 455
456 456
5182 457
460 460
462 462
463 463
464 464
465 465
467 467
471 471
473 473
475 475
477 477
479 479
480 480
5262 481
483 483
2800 484
485 485
4021 487
488 488
5408 489
6557 491
5515 492
493 493
5166 494
495 495
498 498
499 499
6221 501
502 502
506 506
3474 508
1599 509
510 510
511 511
512 512
514 514
516 516
517 517
518 518
520 520
6207 522
523 523
6384 524
525 525
526 526
6092 527
4628 529
530 530
531 531
1009 534
6605 536
539 539
2779 542
543 543
544 544
546 546
548 548
550 550
5501 551
554 554
4445 556
557 557
559 559
3029 560
561 561
562 562
1884 563
564 564
565 565
3534 567
569 569
3025 571
572 572
576 576
1949 578
580 580
582 582
585 585
587 587
1070 588
3363 591
592 592
4850 593
595 595
596 596
3395 599
601 601
4688 602
604 604
605 605
606 606
607 607
608 608
609 609
610 610
611 611
613 613
615 615
616 616
3420 617
618 618
5595 620
621 621
622 622
623 623
625 625
629 629
630 630
631 631
632 632
2450 633
637 637
638 638
639 639
641 641
3265 643
645 645
646 646
647 647
2385 648
5838 649
650 650
652 652
653 653
654 654
3959 655
656 656
4309 657
6157 658
659 659
6479 661
662 662
663 663
665 665
1111 667
5345 668
670 670
4859 671
5281 676
4844 677
679 679
680 680
6860 682
683 683
685 685
6410 686
5403 687
689 689
1356 691
2636 692
693 693
2680 694
5016 695
6336 698
699 699
701 701
702 702
704 704
394 706
707 707
708 708
710 710
714 714
6079 715
716 716
1989 717
4469 718
720 720
722 722
723 723
724 724
726 726
6229 730
6620 732
733 733
734 734
736 736
4237 741
742 742
490 743
744 744
3636 745
748 748
749 749
750 750
6637 752
754 754
755 755
756 756
757 757
2060 760
763 763
4409 767
4772 768
769 769
774 774
775 775
776 776
777 777
778 778
780 780
626 785
786 786
789 789
792 792
2870 793
794 794
795 795
796 796
798 798
801 801
4340 802
5982 805
806 806
807 807
808 808
809 809
810 810
3983 811
2077 813
814 814
815 815
816 816
817 817
4634 819
820 820
5066 821
4018 822
824 824
826 826
1647 829
832 832
835 835
838 838
839 839
4564 840
842 842
846 846
3951 847
2642 849
4140 850
851 851
852 852
1099 853
855 855
743 856
858 858
861 861
863 863
864 864
2082 866
867 867
868 868
6782 871
872 872
873 873
728 875
876 876
879 879
881 881
3183 882
883 883
886 886
888 888
889 889
891 891
893 893
3807 894
3444 895
4013 896
897 897
898 898
900 900
901 901
903 903
904 904
905 905
6584 907
23 908
2528 909
910 910
1548 911
6438 912
913 913
3208 914
916 916
917 917
919 919
5216 920
922 922
923 923
924 924
5639 925
926 926
1679 929
932 932
934 934
940 940
941 941
943 943
3923 944
967 945
946 946
948 948
949 949
952 952
3105 953
954 954
956 956
958 958
962 962
965 965
966 966
5914 969
970 970
971 971
973 973
5995 974
977 977
980 980
2058 982
983 983
984 984
3212 985
986 986
988 988
989 989
3403 990
991 991
993 993
994 994
995 995
996 996
1360 997
3598 999
1000 1000
1001 1001
1004 1004
6030 1005
2724 1007
1011 1011
1014 1014
1015 1015
5565 1016
6509 1017
6313 1018
1019 1019
1021 1021
681 1022
1024 1024
3789 1025
1026 1026
1027 1027
1031 1031
1032 1032
1034 1034
1035 1035
1037 1037
1038 1038
5619 1039
1041 1041
5917 1042
3326 1044
1045 1045
1049 1049
5770 1050
1051 1051
5608 1053
4146 1054
1056 1056
1057 1057
1061 1061
1062 1062
1065 1065
422 1067
1068 1068
1069 1069
1073 1073
1075 1075
1076 1076
6852 1078
1858 1079
1080 1080
1081 1081
1083 1083
510 1084
1086 1086
1087 1087
6123 1088
1090 1090
1092 1092
1787 1093
1094 1094
1095 1095
6502 1096
1437 1099
1101 1101
1102 1102
1104 1104
5647 1105
2413 1106
1107 1107
1108 1108
1109 1109
1110 1110
1113 1113
1114 1114
5430 1115
1332 1117
268 1118
1120 1120
1121 1121
1124 1124
6056 1125
1127 1127
5775 1128
6172 1129
1130 1130
1131 1131
292 1132
1135 1135
6349 1136
1138 1138
1144 1144
1145 1145
5093 1149
1150 1150
1152 1152
1153 1153
2745 1155
1156 1156
4643 1157
1158 1158
3648 1159
1160 1160
4963 1161
5643 1162
1163 1163
1164 1164
1167 1167
6324 1168
5061 1171
1172 1172
5042 1175
4053 1176
1177 1177
1181 1181
1978 1182
1566 1183
2068 1184
1185 1185
1188 1188
1189 1189
1426 1191
1195 1195
1201 1201
1204 1204
1205 1205
3807 1206
1207 1207
3138 1210
3141 1211
1212 1212
1213 1213
5688 1216
1218 1218
1366 1219
246 1220
1221 1221
1223 1223
848 1224
860 1226
1228 1228
1229 1229
1230 1230
1330 1231
2921 1232
1233 1233
1234 1234
1235 1235
2921 1237
1238 1238
2172 1239
1240 1240
6620 1241
1242 1242
1243 1243
3092 1246
1247 1247
1250 1250
1251 1251
1252 1252
1253 1253
5229 1254
1066 1255
2002 1256
5082 1257
1262 1262
1265 1265
1266 1266
2954 1267
1268 1268
925 1269
1270 1270
1272 1272
1276 1276
1277 1277
1243 1278
5932 1279
1281 1281
1282 1282
1284 1284
1286 1286
1287 1287
1288 1288
1289 1289
1296 1296
2501 1297
1299 1299
1302 1302
1303 1303
1304 1304
1307 1307
2580 1308
1309 1309
136 1310
4060 1313
2466 1314
3424 1317
1320 1320
4971 1321
3212 1322
1324 1324
4665 1325
4032 1327
1329 1329
1330 1330
1334 1334
1335 1335
1244 1336
447 1337
889 1338
578 1339
5636 1340
1342 1342
1343 1343
5682 1344
1345 1345
1346 1346
6447 1347
1348 1348
1351 1351
1352 1352
1353 1353
1354 1354
1356 1356
1357 1357
1358 1358
1360 1360
1361 1361
1362 1362
3888 1363
1364 1364
1365 1365
1367 1367
4373 1368
2201 1372
6158 1373
2792 1374
162 1377
1380 1380
4759 1381
6049 1384
1390 1390
2491 1391
1392 1392
1393 1393
6234 1394
1396 1396
1397 1397
1398 1398
1401 1401
1769 1402
1340 1403
1404 1404
2201 1405
1408 1408
1409 1409
1410 1410
1411 1411
1413 1413
1778 1414
6599 1416
4093 1418
1420 1420
1421 1421
1423 1423
5636 1426
1430 1430
1431 1431
2337 1432
1436 1436
1437 1437
1438 1438
1441 1441
1443 1443
1444 1444
1445 1445
1447 1447
1450 1450
1451 1451
4634 1452
3369 1453
5535 1454
1455 1455
5431 1457
5922 1459
1461 1461
1462 1462
1465 1465
2293 1467
1468 1468
2349 1470
3644 1471
1474 1474
6361 1476
4133 1477
1479 1479
1481 1481
2662 1482
6044 1483
1484 1484
1493 1486
4639 1487
6634 1489
1490 1490
1492 1492
5541 1493
3484 1495
1496 1496
4110 1497
3395 1498
1500 1500
1502 1502
5046 1505
1506 1506
1507 1507
1508 1508
1510 1510
4665 1512
1513 1513
6089 1516
1517 1517
1519 1519
6749 1520
5551 1523
133 1525
1526 1526
1528 1528
709 1530
1531 1531
1532 1532
1533 1533
4662 1534
1536 1536
1539 1539
1540 1540
4526 1541
1542 1542
1543 1543
2873 1545
1546 1546
1547 1547
1548 1548
1549 1549
1550 1550
4053 1551
1552 1552
1553 1553
5969 1554
1555 1555
1556 1556
1560 1560
1563 1563
6564 1567
1572 1572
4844 1573
1574 1574
1575 1575
4842 1576
673 1577
1580 1580
4296 1583
4812 1585
1586 1586
2089 1587
1588 1588
1589 1589
1590 1590
1591 1591
1592 1592
3675 1593
1595 1595
1844 1596
1599 1599
4081 1600
2161 1601
1603 1603
2407 1605
2928 1606
1607 1607
1608 1608
1609 1609
4889 1610
1611 1611
5575 1612
1613 1613
3731 1615
4306 1616
2829 1618
6248 1619
1620 1620
143 1621
1624 1624
4152 1629
5777 1631
1632 1632
1636 1636
1638 1638
1639 1639
1859 1643
1644 1644
1645 1645
4788 1647
1648 1648
5010 1650
4976 1651
1659 1659
2605 1660
3573 1664
1665 1665
719 1668
4224 1669
6664 1671
4955 1672
2745 1673
1674 1674
2557 1676
1677 1677
1678 1678
1679 1679
3403 1680
1681 1681
1682 1682
1684 1684
2712 1685
6744 1686
1687 1687
6416 1691
1692 1692
1693 1693
1694 1694
4530 1695
1696 1696
1697 1697
4771 1698
1699 1699
1702 1702
3434 1706
900 1709
4441 1710
5083 1711
676 1712
4479 1713
5423 1714
852 1715
2143 1716
4773 1718
659 1719
1721 1721
1722 1722
4273 1723
5465 1724
3019 1725
3212 1726
2257 1727
241 1728
1729 1729
1731 1731
5244 1733
2645 1734
6339 1736
1737 1737
1740 1740
1741 1741
1744 1744
1745 1745
1746 1746
1747 1747
1748 1748
3341 1749
1165 1750
1753 1753
16 1754
5640 1759
1760 1760
2263 1761
668 1762
1763 1763
1765 1765
1768 1768
3727 1769
1770 1770
1771 1771
1773 1773
1774 1774
1244 1776
4746 1777
4624 1778
1780 1780
1783 1783
1786 1786
2172 1787
4997 1788
5431 1789
2529 1793
1794 1794
1795 1795
1796 1796
1797 1797
1799 1799
3739 1800
1802 1802
4692 1803
1804 1804
1805 1805
1806 1806
1807 1807
1808 1808
2551 1810
5066 1811
1152 1812
6471 1813
191 1814
1751 1815
6404 1819
1824 1824
6756 1825
2281 1827
1828 1828
4565 1830
1832 1832
1833 1833
1834 1834
1835 1835
1675 1836
1837 1837
1840 1840
1841 1841
528 1842
1843 1843
3742 1845
1057 1846
444 1848
1849 1849
1850 1850
1851 1851
1855 1855
1856 1856
1863 1863
1865 1865
1867 1867
1868 1868
2402 1871
2946 1872
1874 1874
1875 1875
1625 1876
913 1877
1878 1878
1879 1879
5416 1880
232 1881
2419 1884
2829 1885
1886 1886
161 1888
1889 1889
1893 1893
3486 1894
5166 1896
1130 1899
4812 1900
1901 1901
1903 1903
1904 1904
1905 1905
6653 1906
1907 1907
1908 1908
1909 1909
213 1910
1111 1912
1914 1914
5678 1916
1917 1917
1920 1920
1922 1922
6447 1923
1924 1924
6489 1925
6855 1926
4629 1929
1931 1931
1932 1932
2494 1933
1936 1936
2913 1937
1938 1938
1939 1939
1940 1940
1944 1944
1945 1945
1946 1946
4529 1947
1951 1951
1952 1952
1953 1953
1955 1955
126 1956
1958 1958
1959 1959
1960 1960
1574 1961
5048 1964
1968 1968
1971 1971
1123 1972
1974 1974
1975 1975
1976 1976
1979 1979
1981 1981
2097 1983
1984 1984
1985 1985
2759 1986
1987 1987
4766 1989
1990 1990
1879 1991
485 1992
3330 1993
4207 1994
1998 1998
1999 1999
2000 2000
2001 2001
2002 2002
2003 2003
2004 2004
2005 2005
2006 2006
4665 2008
3318 2009
2011 2011
5168 2012
2013 2013
1573 2014
1480 2015
2790 2016
6127 2020
2023 2023
5843 2024
3093 2025
2026 2026
2027 2027
738 2029
1929 2031
2033 2033
2034 2034
2035 2035
3595 2036
4782 2037
2039 2039
5070 2040
2043 2043
6310 2044
2046 2046
1740 2048
1945 2050
2053 2053
6707 2054
2056 2056
2057 2057
2058 2058
2060 2060
720 2061
2062 2062
6051 2065
2067 2067
2069 2069
2071 2071
2072 2072
2074 2074
2075 2075
2078 2078
2079 2079
2081 2081
2083 2083
2084 2084
2086 2086
490 2088
860 2089
6867 2091
5325 2095
2096 2096
520 2098
5572 2099
2100 2100
2101 2101
2104 2104
2106 2106
2107 2107
2108 2108
2109 2109
2111 2111
5042 2112
4354 2114
2115 2115
2117 2117
4963 2118
2734 2123
2124 2124
954 2125
2126 2126
2120 2127
2129 2129
6117 2130
5742 2135
6509 2136
2137 2137
1967 2138
2140 2140
222 2142
1159 2144
2146 2146
2147 2147
2148 2148
2149 2149
752 2151
2152 2152
5937 2153
2580 2154
2156 2156
2158 2158
6254 2159
2160 2160
2161 2161
2350 2162
2163 2163
2164 2164
2165 2165
2166 2166
2167 2167
2168 2168
6324 2169
2170 2170
1981 2171
712 2173
2174 2174
2177 2177
2178 2178
2180 2180
2183 2183
2185 2185
2186 2186
6060 2187
2188 2188
2190 2190
2969 2191
5424 2193
2194 2194
2197 2197
5077 2198
3699 2199
2200 2200
1315 2202
2203 2203
2208 2208
2212 2212
2214 2214
2215 2215
4844 2216
2218 2218
2221 2221
2222 2222
2223 2223
6119 2224
2227 2227
2228 2228
2240 2229
3485 2230
2231 2231
2232 2232
2233 2233
4703 2235
2237 2237
6201 2238
2239 2239
934 2241
2245 2245
2246 2246
2631 2247
2248 2248
2249 2249
2251 2251
5876 2252
2253 2253
2256 2256
1727 2257
2261 2261
4824 2263
2264 2264
2265 2265
4820 2266
2267 2267
2268 2268
2271 2271
2274 2274
2277 2277
4128 2280
2281 2281
2282 2282
2283 2283
4607 2285
4687 2286
3772 2287
3417 2288
2291 2291
1938 2294
2295 2295
6385 2296
2298 2298
2300 2300
4872 2301
2302 2302
2303 2303
3618 2304
6563 2305
2307 2307
2308 2308
2309 2309
2310 2310
6033 2311
6393 2313
316 2315
2316 2316
2319 2319
4479 2323
1507 2324
2325 2325
2326 2326
6667 2327
5677 2330
2402 2331
2333 2333
2337 2337
2338 2338
1820 2339
2340 2340
2344 2344
2345 2345
2347 2347
2351 2351
3173 2353
2354 2354
2356 2356
644 2357
2360 2360
1731 2361
2364 2364
2037 2365
2366 2366
2370 2370
264 2371
1922 2372
345 2373
2376 2376
2378 2378
2088 2381
2382 2382
5747 2384
2386 2386
2387 2387
4911 2388
2389 2389
2390 2390
934 2394
611 2395
2396 2396
2397 2397
2829 2400
3740 2401
2402 2402
2403 2403
6398 2404
865 2406
2407 2407
2410 2410
2411 2411
2412 2412
2413 2413
6108 2415
2416 2416
2604 2417
2418 2418
2419 2419
2420 2420
2421 2421
2330 2422
2424 2424
70 2430
2431 2431
2921 2432
2918 2434
2438 2438
2439 2439
6525 2441
2442 2442
241 2443
2444 2444
2446 2446
2447 2447
2449 2449
723 2450
2451 2451
2452 2452
5503 2454
2295 2456
2457 2457
2459 2459
2460 2460
2462 2462
2463 2463
6537 2470
3975 2471
6860 2472
1343 2475
2476 2476
2477 2477
2478 2478
2480 2480
2857 2481
2482 2482
2483 2483
2486 2486
2487 2487
2488 2488
2489 2489
5256 2490
2492 2492
5777 2493
2494 2494
2496 2496
2500 2500
2501 2501
2502 2502
6806 2503
5036 2505
2506 2506
2507 2507
5196 2508
2120 2515
3771 2516
675 2517
2921 2518
2519 2519
2521 2521
2523 2523
2108 2524
1100 2525
2526 2526
2528 2528
2529 2529
2531 2531
2534 2534
2536 2536
6216 2538
127 2539
42 2540
2541 2541
2542 2542
2543 2543
2544 2544
2545 2545
2547 2547
2548 2548
2557 2557
2558 2558
2450 2559
2560 2560
4720 2562
9 2563
2485 2566
3340 2568
2571 2571
2572 2572
5653 2574
2575 2575
1497 2576
1415 2577
5795 2580
2583 2583
2584 2584
2586 2586
2588 2588
3013 2589
2591 2591
2593 2593
4993 2594
2596 2596
2597 2597
2599 2599
2600 2600
2601 2601
2603 2603
3138 2605
2609 2609
2611 2611
3202 2612
2613 2613
1877 2614
2618 2618
2619 2619
2621 2621
2622 2622
2623 2623
2624 2624
2625 2625
2626 2626
2627 2627
2628 2628
2629 2629
335 2630
2632 2632
2633 2633
5624 2634
2635 2635
402 2636
1858 2640
2642 2642
2645 2645
2648 2648
18 2649
2650 2650
5302 2652
2655 2655
2656 2656
2659 2659
2660 2660
2661 2661
2662 2662
2663 2663
1563 2664
2666 2666
2667 2667
2668 2668
4588 2669
2671 2671
2673 2673
2674 2674
2675 2675
2676 2676
3636 2677
2678 2678
2681 2681
2683 2683
2337 2684
2686 2686
3046 2687
2688 2688
1817 2689
2690 2690
2691 2691
1632 2692
5367 2694
2695 2695
1946 2699
2704 2704
1569 2706
2708 2708
2709 2709
2711 2711
2713 2713
2714 2714
2716 2716
2718 2718
2719 2719
5926 2720
238 2721
2625 2722
2726 2726
2727 2727
2729 2729
2850 2730
2732 2732
6527 2733
6288 2734
6361 2735
2736 2736
2737 2737
3612 2738
5835 2739
2740 2740
4541 2741
2742 2742
2499 2743
4360 2745
2746 2746
6743 2748
2736 2749
3836 2752
968 2753
2465 2754
2757 2757
2758 2758
2759 2759
2760 2760
1182 2761
5290 2764
2766 2766
2769 2769
4450 2770
2771 2771
3256 2772
1050 2773
2774 2774
5182 2775
2778 2778
2781 2781
1033 2783
2785 2785
2786 2786
1302 2789
2791 2791
75 2792
2795 2795
2796 2796
2797 2797
2798 2798
2800 2800
2801 2801
2805 2805
2808 2808
2809 2809
1577 2810
2811 2811
3334 2814
1854 2815
2816 2816
2819 2819
3645 2820
2822 2822
2483 2824
382 2825
2826 2826
938 2827
1658 2828
2829 2829
2830 2830
2833 2833
2835 2835
2483 2836
3736 2837
6230 2838
1204 2839
5869 2840
382 2843
2844 2844
2846 2846
2539 2847
2848 2848
2849 2849
2850 2850
2851 2851
2852 2852
2853 2853
2854 2854
2259 2856
2857 2857
260 2858
2859 2859
2860 2860
2861 2861
2863 2863
2864 2864
2865 2865
1391 2866
5270 2867
2869 2869
2870 2870
2872 2872
2874 2874
2876 2876
2877 2877
2878 2878
6441 2882
1675 2883
2884 2884
692 2887
2890 2890
6125 2891
5256 2892
2894 2894
2899 2899
5699 2901
6127 2902
4167 2903
2904 2904
2906 2906
6691 2907
2908 2908
2909 2909
3064 2912
1638 2913
2087 2914
2915 2915
2920 2920
2921 2921
6672 2922
2923 2923
2926 2926
2928 2928
3650 2929
2930 2930
4643 2931
2932 2932
1967 2934
2935 2935
2936 2936
2939 2939
2941 2941
2787 2942
6115 2943
2944 2944
2948 2948
2950 2950
2951 2951
2952 2952
2953 2953
2955 2955
2956 2956
2957 2957
2959 2959
2960 2960
2961 2961
6379 2964
2965 2965
2966 2966
2970 2970
2971 2971
2973 2973
5288 2974
2975 2975
2976 2976
2977 2977
2980 2980
2981 2981
2983 2983
3275 2985
5531 2986
1493 2993
2994 2994
4261 2997
2998 2998
3838 3001
3225 3002
764 3003
3004 3004
3006 3006
3008 3008
4434 3009
3012 3012
3013 3013
5437 3014
3016 3016
3017 3017
3018 3018
3019 3019
3022 3022
3023 3023
3024 3024
6786 3025
1874 3026
3027 3027
3028 3028
3031 3031
3033 3033
3042 3034
3035 3035
3036 3036
3037 3037
701 3038
3041 3041
4140 3042
3044 3044
3047 3047
3049 3049
2468 3050
3051 3051
3052 3052
4014 3053
1805 3054
3057 3057
3058 3058
3059 3059
3060 3060
3061 3061
382 3062
3063 3063
3065 3065
3068 3068
3069 3069
2556 3071
3072 3072
3074 3074
3075 3075
3076 3076
2327 3077
3082 3082
5561 3083
1485 3085
3086 3086
3087 3087
3091 3091
3095 3095
3100 3100
3101 3101
5928 3102
3103 3103
6458 3105
3108 3108
3109 3109
3110 3110
3111 3111
3112 3112
3113 3113
6320 3114
1083 3115
3116 3116
3117 3117
1966 3118
3122 3122
3124 3124
3125 3125
6022 3126
3128 3128
1149 3129
1069 3131
3136 3136
6519 3137
1964 3138
4913 3139
3140 3140
2921 3141
6586 3142
3989 3143
3144 3144
3146 3146
3147 3147
3150 3150
4313 3151
3152 3152
1461 3153
4460 3154
2503 3155
3156 3156
3157 3157
3159 3159
2225 3161
3165 3165
3166 3166
3169 3169
3170 3170
2542 3171
3173 3173
3174 3174
2734 3175
3177 3177
4022 3180
3150 3182
348 3183
5121 3184
3185 3185
3186 3186
3187 3187
4221 3188
3190 3190
3191 3191
3192 3192
3194 3194
3195 3195
600 3196
3197 3197
3198 3198
6206 3199
3200 3200
1262 3201
3202 3202
3203 3203
3208 3208
4296 3209
3211 3211
5806 3212
3213 3213
6756 3217
3218 3218
3219 3219
3221 3221
3222 3222
3223 3223
1845 3224
3225 3225
3226 3226
3227 3227
2745 3233
3234 3234
2979 3235
3237 3237
3238 3238
3240 3240
3241 3241
3243 3243
4837 3244
5688 3245
3246 3246
3247 3247
6025 3248
3249 3249
3250 3250
3251 3251
3253 3253
6130 3254
3256 3256
3259 3259
3260 3260
3264 3264
3265 3265
3266 3266
3267 3267
4252 3268
676 3269
3270 3270
3271 3271
3274 3274
1035 3278
3279 3279
3281 3281
6723 3287
3288 3288
1125 3289
4884 3292
3295 3295
3297 3297
2962 3298
3301 3301
3302 3302
5922 3305
3306 3306
5351 3307
3308 3308
3309 3309
3138 3310
2951 3311
3313 3313
3316 3316
3318 3318
5428 3320
3322 3322
3323 3323
896 3324
3327 3327
3328 3328
3329 3329
3331 3331
3332 3332
3333 3333
3336 3336
3338 3338
5271 3340
3343 3343
3344 3344
3345 3345
3346 3346
3347 3347
6000 3348
3350 3350
3352 3352
3355 3355
3356 3356
5647 3357
3358 3358
3359 3359
3361 3361
3362 3362
3363 3363
3364 3364
1208 3366
3368 3368
3371 3371
3372 3372
3373 3373
3374 3374
3377 3377
3378 3378
3379 3379
3380 3380
3381 3381
3382 3382
3384 3384
5981 3385
3386 3386
3388 3388
3390 3390
3393 3393
3394 3394
6842 3395
3396 3396
3398 3398
6069 3399
3400 3400
3401 3401
4765 3402
3403 3403
3404 3404
3406 3406
5377 3407
3408 3408
3410 3410
3412 3412
3414 3414
3415 3415
2697 3416
2166 3419
3420 3420
3421 3421
5818 3422
3424 3424
3427 3427
4235 3432
4771 3434
3435 3435
3437 3437
3438 3438
3439 3439
2907 3443
5437 3444
3447 3447
4622 3449
3450 3450
3451 3451
3452 3452
3453 3453
3454 3454
3455 3455
313 3456
3458 3458
3459 3459
2568 3461
3462 3462
3464 3464
3465 3465
3466 3466
3467 3467
1401 3469
3470 3470
3471 3471
3473 3473
508 3474
2991 3477
3478 3478
5606 3480
6550 3481
3482 3482
3485 3485
3486 3486
3487 3487
3488 3488
79 3492
3493 3493
3494 3494
5230 3495
3496 3496
3497 3497
1377 3499
3285 3501
3503 3503
4926 3504
3505 3505
3506 3506
3507 3507
1280 3508
3509 3509
3510 3510
6447 3512
3513 3513
4418 3514
2577 3515
3518 3518
3519 3519
3520 3520
3522 3522
3524 3524
6203 3526
2528 3528
3529 3529
3530 3530
3431 3532
3204 3533
5599 3534
5608 3535
3538 3538
4570 3539
3540 3540
4913 3541
1272 3542
3543 3543
3546 3546
3547 3547
1150 3548
1496 3549
3550 3550
3551 3551
3552 3552
6450 3553
251 3556
1858 3559
3560 3560
4824 3561
3562 3562
3566 3566
3568 3568
3569 3569
3021 3570
3571 3571
3572 3572
3573 3573
3578 3578
3580 3580
3582 3582
3583 3583
3584 3584
5727 3585
3587 3587
3588 3588
3668 3589
3590 3590
1111 3592
6576 3593
5586 3594
3597 3597
4056 3598
6447 3599
3600 3600
2928 3601
3607 3607
539 3608
3611 3611
3612 3612
3614 3614
3615 3615
6823 3617
3618 3618
3621 3621
3622 3622
3623 3623
3626 3626
1552 3627
3629 3629
3630 3630
3632 3632
3633 3633
3634 3634
2450 3636
4411 3639
3640 3640
1471 3644
3645 3645
3646 3646
3648 3648
4791 3650
3653 3653
3656 3656
2411 3657
3660 3660
3662 3662
3663 3663
5910 3664
3667 3667
3668 3668
3669 3669
5382 3671
3672 3672
5034 3673
3698 3674
3675 3675
3754 3676
3678 3678
3679 3679
3680 3680
3683 3683
3687 3687
2573 3689
436 3690
3694 3692
3694 3694
3696 3696
3698 3698
3699 3699
3700 3700
4026 3701
3704 3704
3706 3706
3858 3708
505 3709
3710 3710
3711 3711
4063 3712
3713 3713
1076 3715
3716 3716
3907 3717
3718 3718
3720 3720
5118 3724
3726 3726
2201 3728
4098 3729
4131 3731
3734 3734
1184 3735
4113 3736
3781 3737
5323 3738
3741 3741
3873 3743
3744 3744
3964 3745
3747 3747
2139 3748
3749 3749
1708 3750
3751 3751
3752 3752
3753 3753
1857 3754
3755 3755
4004 3756
3757 3757
3759 3759
3760 3760
3763 3763
3764 3764
3927 3765
1984 3767
3771 3771
3772 3772
3820 3775
3776 3776
3779 3779
3780 3780
4842 3781
3742 3783
3784 3784
1821 3785
3786 3786
3787 3787
1847 3789
3792 3792
4094 3793
3736 3794
3795 3795
3796 3796
3797 3797
3978 3798
3799 3799
3800 3800
3802 3802
3805 3805
3806 3806
651 3807
3808 3808
5096 3809
3816 3810
3812 3812
3813 3813
3946 3814
3815 3815
3817 3817
3747 3818
3819 3819
4057 3820
3821 3821
3822 3822
3823 3823
3825 3825
3826 3826
3748 3827
5189 3828
3829 3829
3831 3831
3832 3832
3835 3835
3836 3836
3841 3841
3842 3842
3843 3843
3844 3844
3845 3845
3913 3848
3849 3849
3853 3853
3854 3854
3855 3855
2120 3858
3859 3859
6450 3862
3863 3863
3849 3865
5140 3866
3747 3868
3869 3869
3946 3871
3896 3873
6334 3874
6053 3875
3877 3877
3878 3878
159 3879
3880 3880
3881 3881
3882 3882
3885 3885
3910 3887
3889 3889
3890 3890
3893 3893
3894 3894
3895 3895
3896 3896
3897 3897
3899 3899
3900 3900
3902 3902
3982 3903
4120 3904
5160 3908
3909 3909
3967 3910
3912 3912
3913 3913
3735 3914
3915 3915
3916 3916
3920 3920
3921 3921
3922 3922
4067 3923
3924 3924
4014 3925
3926 3926
3929 3929
3930 3930
3931 3931
3932 3932
2591 3933
3934 3934
6152 3935
3939 3939
354 3941
3943 3943
3977 3945
3732 3946
3947 3947
2831 3948
3949 3949
4006 3951
3952 3952
3953 3953
3954 3954
5557 3955
2211 3956
3858 3959
3960 3960
3963 3963
4013 3965
3967 3967
3969 3969
3970 3970
3761 3971
3972 3972
3973 3973
3816 3975
3976 3976
3807 3977
1277 3979
355 3981
870 3983
3984 3984
3985 3985
3911 3986
3990 3990
3991 3991
3992 3992
3994 3994
3996 3996
793 3998
3999 3999
4002 4002
1526 4003
4006 4006
4007 4007
4009 4009
4011 4011
4012 4012
4014 4014
4061 4015
3160 4016
4017 4017
3773 4018
4019 4019
4020 4020
3444 4022
359 4023
4024 4024
4025 4025
4028 4028
5544 4029
4030 4030
3310 4031
4032 4032
4033 4033
4034 4034
4124 4035
4037 4037
5797 4038
4039 4039
4040 4040
4041 4041
3760 4043
4044 4044
3950 4047
4048 4048
4049 4049
3846 4050
4052 4052
4053 4053
4054 4054
3841 4055
4056 4056
3928 4059
4061 4061
4062 4062
4063 4063
4064 4064
3896 4065
3980 4067
4068 4068
3958 4070
4072 4072
4077 4077
4078 4078
4079 4079
4081 4081
4689 4082
3979 4084
4046 4086
4087 4087
4089 4089
4090 4090
4091 4091
5592 4094
4082 4096
3822 4097
4098 4098
4099 4099
4101 4101
4102 4102
4103 4103
4104 4104
4105 4105
4106 4106
4107 4107
4108 4108
4109 4109
4111 4111
4113 4113
4114 4114
4824 4115
3763 4116
4117 4117
4119 4119
4120 4120
4121 4121
3861 4122
4123 4123
4124 4124
5616 4126
3927 4127
4130 4130
4132 4132
4133 4133
4134 4134
1850 4135
4136 4136
5497 4138
4624 4141
2388 4142
133 4143
4145 4145
3073 4146
4149 4149
223 4152
4154 4154
4155 4155
743 4156
4158 4158
4159 4159
4160 4160
3188 4161
2186 4163
4164 4164
4167 4167
4170 4170
4171 4171
4173 4173
1411 4174
4175 4175
1535 4176
1316 4178
4181 4181
3408 4182
4184 4184
4185 4185
4375 4187
2139 4190
5660 4191
4193 4193
5822 4194
3989 4197
4199 4199
4202 4202
4203 4203
4205 4205
4206 4206
4207 4207
4210 4210
4212 4212
6457 4213
4214 4214
4217 4217
4610 4219
4220 4220
3325 4221
2789 4222
4223 4223
4226 4226
2546 4228
4229 4229
4230 4230
4232 4232
4234 4234
6150 4235
6014 4236
4237 4237
4238 4238
2841 4241
4242 4242
298 4243
4245 4245
5093 4246
1692 4247
4250 4250
4252 4252
4253 4253
4254 4254
5270 4256
4257 4257
4258 4258
5394 4260
1448 4263
4264 4264
5588 4265
1244 4266
4268 4268
4269 4269
4270 4270
968 4271
4274 4274
4276 4276
6248 4277
4278 4278
4280 4280
1086 4281
4283 4283
6557 4284
4285 4285
4288 4288
4289 4289
4290 4290
4294 4294
4295 4295
6361 4296
6883 4297
299 4298
4299 4299
4300 4300
4302 4302
4303 4303
4305 4305
3824 4306
4308 4308
6728 4310
4311 4311
3562 4314
4315 4315
4316 4316
4318 4318
1443 4319
2960 4320
4322 4322
4323 4323
4324 4324
4326 4326
4327 4327
4329 4329
4331 4331
4332 4332
4333 4333
4335 4335
4337 4337
797 4339
6005 4340
4341 4341
2790 4348
908 4351
4353 4353
4355 4355
4356 4356
4358 4358
492 4359
1700 4361
4362 4362
87 4363
1436 4364
4365 4365
4366 4366
5613 4367
4368 4368
4370 4370
4821 4371
4372 4372
4373 4373
4376 4376
6734 4377
4379 4379
4384 4384
4386 4386
3824 4389
5688 4394
4395 4395
4397 4397
4398 4398
4399 4399
4400 4400
4401 4401
4403 4403
4404 4404
1991 4406
6252 4407
4409 4409
4410 4410
2147 4411
4235 4416
510 4418
3444 4423
4424 4424
4425 4425
4426 4426
4427 4427
4606 4428
4429 4429
4432 4432
4434 4434
4436 4436
5076 4437
4439 4439
4440 4440
4441 4441
6167 4444
4445 4445
4447 4447
4448 4448
5431 4451
4453 4453
4454 4454
4455 4455
1165 4456
5419 4457
645 4458
4460 4460
4462 4462
4464 4464
6476 4465
4468 4468
4473 4473
4474 4474
4475 4475
1574 4476
4478 4478
4480 4480
4481 4481
1923 4482
4485 4485
4486 4486
4490 4490
5258 4491
3418 4492
4493 4493
4494 4494
4495 4495
219 4496
2172 4497
4498 4498
4499 4499
4284 4500
4502 4502
4503 4503
4504 4504
4505 4505
5067 4506
3504 4507
4509 4509
2154 4510
4511 4511
4512 4512
4514 4514
4515 4515
4516 4516
4517 4517
2921 4518
4519 4519
4522 4522
4523 4523
4525 4525
4528 4528
5530 4530
4531 4531
4532 4532
4533 4533
4534 4534
4535 4535
4538 4538
5010 4539
4540 4540
4541 4541
4544 4544
2346 4546
3645 4547
4548 4548
2913 4550
4551 4551
5048 4554
4557 4557
4558 4558
2314 4560
4561 4561
4562 4562
4564 4564
640 4565
761 4566
4567 4567
4568 4568
4570 4570
4880 4571
4573 4573
1222 4574
4575 4575
4576 4576
4577 4577
4581 4581
4583 4583
4585 4585
4586 4586
4587 4587
4607 4589
4590 4590
4593 4593
4594 4594
4595 4595
4596 4596
4599 4599
4600 4600
3605 4604
4554 4605
4607 4607
4613 4613
4618 4618
4619 4619
4620 4620
6249 4624
18 4626
4627 4627
3235 4628
4631 4631
4632 4632
4634 4634
4635 4635
2120 4636
4637 4637
4638 4638
1690 4639
4640 4640
2006 4641
4642 4642
4644 4644
4646 4646
4650 4650
4652 4652
4653 4653
4654 4654
4657 4657
925 4659
4660 4660
4664 4664
6472 4670
4674 4674
2036 4675
4218 4676
4677 4677
20 4678
4680 4680
4683 4683
5431 4686
4687 4687
4688 4688
4690 4690
4693 4693
4694 4694
4696 4696
2216 4698
979 4699
4700 4700
4703 4703
6137 4704
4706 4706
4709 4709
4711 4711
4712 4712
6489 4713
4714 4714
4717 4717
4718 4718
4719 4719
422 4720
4721 4721
4723 4723
4725 4725
4726 4726
1287 4728
4729 4729
4730 4730
4449 4731
6458 4732
4733 4733
4734 4734
2829 4736
6383 4738
4739 4739
852 4741
4742 4742
1937 4744
4747 4747
5074 4749
4750 4750
4392 4752
1444 4753
1586 4754
3590 4755
4757 4757
4758 4758
4760 4760
4761 4761
3330 4762
520 4763
4764 4764
4765 4765
4767 4767
4769 4769
4770 4770
1723 4771
4772 4772
3047 4773
4775 4775
972 4776
4779 4779
1009 4780
1196 4781
5693 4782
4783 4783
4786 4786
4788 4788
4791 4791
2773 4792
4794 4794
4795 4795
4796 4796
4798 4798
4799 4799
510 4801
627 4803
5929 4805
880 4806
4807 4807
1009 4809
6518 4810
5894 4811
4812 4812
4813 4813
6848 4817
5822 4818
4819 4819
2043 4820
4821 4821
5394 4822
4823 4823
4824 4824
4825 4825
3343 4826
4827 4827
633 4830
4831 4831
4833 4833
4835 4835
4837 4837
4839 4839
3509 4841
4842 4842
2736 4843
4844 4844
4845 4845
3469 4847
4848 4848
6592 4849
4850 4850
4541 4851
4852 4852
6703 4855
6150 4857
4860 4860
1597 4862
4863 4863
4864 4864
4866 4866
5806 4867
4870 4870
2841 4871
2403 4873
4874 4874
4875 4875
4876 4876
4879 4879
1569 4880
4882 4882
4884 4884
4885 4885
2554 4886
1653 4887
4888 4888
3659 4889
9 4890
4891 4891
4892 4892
2402 4893
4894 4894
4896 4896
1813 4897
4898 4898
2612 4899
4900 4900
1069 4901
4902 4902
2928 4904
4905 4905
4906 4906
4907 4907
4909 4909
984 4913
3003 4914
382 4916
4917 4917
4764 4918
4605 4919
1621 4921
207 4923
4925 4925
4927 4927
4928 4928
4929 4929
4930 4930
4932 4932
6418 4933
6532 4935
171 4936
47 4937
4940 4940
4941 4941
4942 4942
4943 4943
4948 4948
4949 4949
4951 4951
4953 4953
4955 4955
4956 4956
4957 4957
4958 4958
4959 4959
4960 4960
4961 4961
827 4962
4963 4963
4964 4964
4965 4965
2637 4968
5835 4970
1989 4973
4974 4974
4975 4975
4977 4977
1623 4979
4980 4980
6 4981
6421 4983
4984 4984
4985 4985
4988 4988
6110 4989
6127 4990
4991 4991
4992 4992
1273 4993
4995 4995
5953 4997
4998 4998
5000 5000
5002 5002
5003 5003
4610 5004
5005 5005
5007 5007
5647 5010
5011 5011
5992 5013
5017 5017
5018 5018
5020 5020
5021 5021
268 5023
5024 5024
5026 5026
5027 5027
5029 5029
5030 5030
5031 5031
5032 5032
856 5033
3965 5034
5037 5037
5038 5038
5040 5040
5043 5043
5050 5050
5052 5052
5054 5054
5055 5055
5056 5056
5057 5057
6076 5058
5059 5059
2422 5061
5063 5063
1288 5064
5065 5065
5066 5066
3549 5067
5068 5068
2994 5069
6478 5070
5073 5073
3074 5074
5075 5075
5077 5077
5423 5078
5079 5079
2170 5082
1468 5083
5084 5084
5085 5085
5086 5086
5088 5088
5089 5089
5090 5090
5092 5092
5093 5093
5773 5094
4764 5095
5096 5096
5993 5097
5099 5099
5102 5102
5375 5104
5105 5105
5107 5107
5108 5108
5109 5109
5110 5110
5112 5112
5113 5113
5114 5114
6363 5116
5117 5117
2327 5118
5120 5120
5121 5121
5122 5122
5123 5123
1377 5124
5125 5125
5126 5126
5127 5127
5130 5130
5134 5134
5135 5135
6775 5137
5983 5139
5140 5140
5141 5141
5142 5142
5146 5146
5147 5147
5148 5148
4925 5149
5150 5150
5151 5151
6622 5153
5154 5154
4607 5155
5400 5160
5161 5161
6285 5162
5046 5163
4027 5164
5165 5165
5166 5166
5168 5168
6510 5169
3565 5170
4463 5173
761 5176
5177 5177
5178 5178
5181 5181
52 5182
3978 5183
283 5184
459 5185
5811 5186
5187 5187
3824 5188
5190 5190
5191 5191
5551 5196
5197 5197
5199 5199
6586 5200
5202 5202
5203 5203
5205 5205
5206 5206
5207 5207
5209 5209
3840 5211
4259 5212
5213 5213
5214 5214
1447 5215
2928 5216
306 5218
5220 5220
5221 5221
5222 5222
5866 5223
3786 5225
5226 5226
5227 5227
5229 5229
5233 5233
5235 5235
4681 5237
1381 5238
2498 5239
5240 5240
5241 5241
5242 5242
5243 5243
5245 5245
1463 5246
3971 5247
5248 5248
5253 5253
5254 5254
3808 5255
3078 5256
5259 5259
2440 5261
1562 5262
1225 5265
1367 5267
5269 5269
5270 5270
5273 5273
5274 5274
5275 5275
5277 5277
5281 5281
5284 5284
5285 5285
3740 5287
5290 5290
2241 5291
5293 5293
5294 5294
5295 5295
5296 5296
5300 5300
5301 5301
5304 5304
5714 5307
5308 5308
5309 5309
2790 5310
4315 5311
5312 5312
5315 5315
5317 5317
68 5319
5320 5320
5321 5321
5323 5323
5324 5324
5327 5327
5328 5328
5331 5331
5334 5334
5906 5335
3629 5337
2308 5340
5093 5342
5343 5343
5344 5344
4233 5345
5346 5346
5347 5347
5348 5348
1342 5349
5351 5351
5353 5353
5354 5354
5403 5356
5359 5359
5360 5360
5362 5362
326 5366
1374 5367
5369 5369
5588 5371
2693 5375
5377 5377
5378 5378
5379 5379
5381 5381
5382 5382
5383 5383
5384 5384
5385 5385
4679 5388
5389 5389
1811 5390
5391 5391
5392 5392
5393 5393
626 5394
5398 5398
5671 5399
5400 5400
5401 5401
5402 5402
5403 5403
6558 5404
2168 5405
5406 5406
5407 5407
5409 5409
5410 5410
5411 5411
5412 5412
5414 5414
5415 5415
1020 5418
5419 5419
5420 5420
5421 5421
5422 5422
6563 5423
5427 5427
5428 5428
5429 5429
5430 5430
2358 5431
5432 5432
5433 5433
5434 5434
5435 5435
3964 5436
5438 5438
5439 5439
5146 5440
5441 5441
6226 5443
893 5444
5446 5446
3059 5447
4131 5448
3931 5449
5793 5450
5451 5451
5452 5452
1217 5456
5458 5458
4624 5460
5465 5465
6172 5466
5469 5469
5473 5473
5475 5475
5479 5479
6607 5480
5481 5481
4800 5482
5688 5485
2075 5486
5487 5487
3648 5488
5491 5491
5494 5494
5495 5495
5498 5498
5499 5499
5503 5503
5505 5505
6086 5506
2608 5507
6243 5508
5510 5510
5886 5512
2720 5513
4716 5514
5515 5515
5516 5516
5518 5518
5521 5521
5523 5523
5524 5524
5526 5526
5352 5527
5528 5528
2647 5529
6115 5531
5532 5532
5283 5533
4142 5535
5537 5537
2337 5538
5539 5539
6859 5540
3444 5541
5542 5542
5543 5543
5544 5544
5857 5545
6554 5546
5547 5547
5983 5548
5549 5549
3444 5550
483 5552
5528 5553
5868 5555
5556 5556
5557 5557
2474 5561
5562 5562
5565 5565
5566 5566
4377 5568
5569 5569
5570 5570
5571 5571
2963 5575
5576 5576
2662 5579
5580 5580
5581 5581
291 5584
870 5586
5963 5587
5588 5588
5589 5589
1405 5590
5591 5591
961 5592
5593 5593
5594 5594
5595 5595
5596 5596
5597 5597
5599 5599
5600 5600
5602 5602
2669 5603
5604 5604
5607 5607
5610 5610
5611 5611
5612 5612
5613 5613
5615 5615
5616 5616
5618 5618
5619 5619
5621 5621
5626 5626
2271 5628
6382 5629
2985 5631
5634 5634
3673 5635
4433 5636
5637 5637
5638 5638
1858 5639
5641 5641
6065 5642
5644 5644
5645 5645
5648 5648
5420 5650
5651 5651
5652 5652
2788 5653
5654 5654
5655 5655
5656 5656
2959 5657
5658 5658
5662 5662
2355 5665
5668 5668
5671 5671
5673 5673
5676 5676
6508 5677
5678 5678
2002 5681
5683 5683
5684 5684
3299 5685
5688 5688
3447 5691
5693 5693
6074 5694
5695 5695
5696 5696
5697 5697
1626 5700
5701 5701
5703 5703
5704 5704
5705 5705
5706 5706
5707 5707
6750 5708
5709 5709
5710 5710
5711 5711
5712 5712
5713 5713
5715 5715
5716 5716
5717 5717
5719 5719
1329 5720
1683 5721
5722 5722
5723 5723
5725 5725
5999 5728
1658 5729
5731 5731
5732 5732
5275 5733
139 5734
5735 5735
5736 5736
5737 5737
5739 5739
1774 5740
5744 5744
5746 5746
5749 5749
5750 5750
5138 5751
685 5754
1086 5758
5759 5759
3506 5760
5761 5761
5762 5762
5763 5763
5764 5764
5766 5766
556 5768
5769 5769
5770 5770
5771 5771
5773 5773
5774 5774
2517 5777
5780 5780
5781 5781
5784 5784
5785 5785
5786 5786
4159 5788
5790 5790
1622 5791
5792 5792
5794 5794
2422 5796
5797 5797
3528 5798
5801 5801
5803 5803
5804 5804
5805 5805
5714 5806
128 5807
5808 5808
5811 5811
5812 5812
4529 5815
5817 5817
5820 5820
5821 5821
5822 5822
6418 5823
5824 5824
5575 5826
5827 5827
5688 5832
5833 5833
2240 5835
5837 5837
6354 5838
4933 5839
5840 5840
5843 5843
5844 5844
5845 5845
5846 5846
5847 5847
27 5848
1569 5849
6384 5851
5855 5855
5856 5856
5545 5857
5858 5858
5860 5860
5181 5861
4019 5862
5865 5865
5867 5867
5868 5868
5871 5871
5872 5872
683 5874
6418 5875
2655 5877
2993 5879
2094 5880
5881 5881
5882 5882
5883 5883
5884 5884
5885 5885
5886 5886
1735 5887
5888 5888
5889 5889
5890 5890
5891 5891
4929 5893
2201 5894
1318 5895
6772 5899
5900 5900
5901 5901
5902 5902
5903 5903
5906 5906
5908 5908
3429 5910
3755 5911
5912 5912
5914 5914
5915 5915
479 5916
5918 5918
5920 5920
581 5922
5925 5925
646 5926
5927 5927
6326 5930
5931 5931
5932 5932
5933 5933
5934 5934
5936 5936
5939 5939
5941 5941
5942 5942
5943 5943
5946 5946
198 5948
5949 5949
5595 5950
5951 5951
3371 5952
6259 5953
3282 5954
5956 5956
5957 5957
5958 5958
5959 5959
5961 5961
5964 5964
5965 5965
4628 5966
5967 5967
5968 5968
5969 5969
5970 5970
6244 5972
5973 5973
5974 5974
5976 5976
5977 5977
5978 5978
2826 5980
3385 5981
2088 5983
1637 5985
5986 5986
5987 5987
4850 5988
5991 5991
5992 5992
5993 5993
4140 5995
5996 5996
5998 5998
5999 5999
6003 6003
6006 6006
3174 6007
6008 6008
509 6009
6010 6010
743 6011
6012 6012
4154 6013
2314 6015
6016 6016
6017 6017
6022 6022
6024 6024
6025 6025
6026 6026
6030 6030
4529 6031
6032 6032
4791 6033
3594 6034
6035 6035
1735 6036
6037 6037
204 6038
4836 6039
6041 6041
6042 6042
5331 6043
3534 6044
1111 6045
6046 6046
6048 6048
6049 6049
6050 6050
6051 6051
6052 6052
6053 6053
6054 6054
6056 6056
6059 6059
6060 6060
6061 6061
6063 6063
6064 6064
6065 6065
6068 6068
6432 6069
6681 6070
6071 6071
6073 6073
6075 6075
428 6076
6077 6077
979 6078
6079 6079
6080 6080
6081 6081
6083 6083
6085 6085
6086 6086
6088 6088
6089 6089
6091 6091
6092 6092
6614 6094
6095 6095
3343 6096
3959 6097
3561 6098
6099 6099
5491 6100
6101 6101
553 6102
6103 6103
6104 6104
6106 6106
6107 6107
6109 6109
2198 6112
6115 6115
6117 6117
6118 6118
6121 6121
6122 6122
6123 6123
3357 6124
1671 6125
6128 6128
6131 6131
6341 6136
6138 6138
4042 6140
6142 6142
6143 6143
1911 6144
3699 6145
6148 6148
6149 6149
5048 6150
6151 6151
4423 6152
6419 6154
1872 6155
2399 6156
6157 6157
6158 6158
6159 6159
6160 6160
6161 6161
6162 6162
6605 6163
3051 6164
6165 6165
6166 6166
6621 6167
6168 6168
6169 6169
6171 6171
6174 6174
6175 6175
6177 6177
743 6178
6180 6180
6182 6182
6183 6183
6184 6184
4588 6185
6188 6188
6189 6189
6192 6192
6193 6193
6194 6194
6196 6196
1964 6197
5352 6198
6199 6199
2963 6201
6204 6204
6205 6205
6206 6206
6208 6208
6209 6209
6210 6210
6213 6213
6214 6214
6215 6215
6216 6216
6217 6217
6220 6220
6224 6224
6225 6225
5295 6228
1089 6230
2558 6231
6232 6232
6237 6237
6238 6238
6240 6240
6241 6241
6242 6242
2287 6243
4271 6245
6246 6246
2639 6247
6248 6248
3410 6250
6251 6251
6252 6252
2944 6253
6254 6254
6258 6258
6335 6259
6260 6260
335 6261
6262 6262
6263 6263
6265 6265
6266 6266
2456 6267
3837 6268
6270 6270
6273 6273
6558 6274
6276 6276
1907 6280
6446 6282
6283 6283
6285 6285
4966 6286
739 6287
6289 6289
6291 6291
6293 6293
2584 6295
6296 6296
6297 6297
6298 6298
6299 6299
6300 6300
6301 6301
6303 6303
6304 6304
6145 6306
6308 6308
4646 6309
6310 6310
6311 6311
6312 6312
6313 6313
6314 6314
2226 6315
6318 6318
6319 6319
6321 6321
6322 6322
891 6323
6324 6324
5696 6325
6326 6326
6328 6328
6649 6329
235 6330
2192 6331
2308 6332
320 6333
6334 6334
6335 6335
6336 6336
6110 6338
6339 6339
6340 6340
6459 6341
6343 6343
6203 6345
6346 6346
1448 6347
6349 6349
6350 6350
6351 6351
6353 6353
6354 6354
6355 6355
6356 6356
6358 6358
1668 6359
2210 6360
6361 6361
6362 6362
5998 6365
6368 6368
5948 6369
6370 6370
6677 6371
6372 6372
6373 6373
6375 6375
6376 6376
6377 6377
6380 6380
6383 6383
6384 6384
6385 6385
6386 6386
4791 6387
6389 6389
6390 6390
6288 6393
4218 6394
5368 6396
5787 6397
6699 6398
4643 6399
4938 6400
3432 6401
6402 6402
6403 6403
1638 6406
787 6407
6858 6408
2118 6410
6411 6411
1094 6413
6414 6414
6415 6415
6416 6416
6418 6418
6419 6419
6420 6420
6421 6421
6423 6423
6424 6424
4102 6425
4449 6426
6427 6427
6429 6429
6430 6430
1022 6432
1929 6435
6436 6436
6437 6437
6438 6438
6439 6439
5427 6440
1007 6442
1426 6443
6445 6445
547 6447
6450 6450
6451 6451
6452 6452
6453 6453
6455 6455
6456 6456
1450 6459
6460 6460
5444 6463
3590 6464
6465 6465
6467 6467
6470 6470
6472 6472
393 6473
6474 6474
5624 6475
6477 6477
5926 6478
5016 6480
2016 6481
5344 6482
4840 6483
6486 6486
6487 6487
6489 6489
4748 6490
6496 6496
2847 6497
2996 6500
753 6501
4854 6505
335 6507
6508 6508
6509 6509
299 6510
251 6511
203 6512
6513 6513
6514 6514
6515 6515
6516 6516
6518 6518
6519 6519
6520 6520
6521 6521
6522 6522
6523 6523
6524 6524
6525 6525
6526 6526
6527 6527
6528 6528
6531 6531
6532 6532
6533 6533
6534 6534
990 6535
6536 6536
6539 6539
6540 6540
6541 6541
3357 6542
509 6543
6544 6544
6547 6547
6548 6548
6550 6550
6578 6551
6552 6552
6553 6553
4813 6554
1647 6557
6559 6559
6560 6560
6561 6561
6563 6563
6565 6565
6566 6566
6569 6569
6575 6575
6576 6576
6578 6578
6579 6579
6581 6581
6582 6582
6583 6583
5643 6585
81 6586
4995 6587
6588 6588
6589 6589
6591 6591
6592 6592
6593 6593
6594 6594
6595 6595
6596 6596
2367 6597
6600 6600
6601 6601
6602 6602
251 6604
1817 6606
3534 6607
6609 6609
5203 6610
5544 6611
5979 6613
6615 6615
1742 6618
6619 6619
6620 6620
3331 6621
2201 6624
6625 6625
6626 6626
1668 6627
4067 6628
6629 6629
6630 6630
6632 6632
6633 6633
6742 6634
1148 6636
6638 6638
4887 6639
6640 6640
2088 6642
6644 6644
6646 6646
6648 6648
6652 6652
6653 6653
6654 6654
6655 6655
4228 6656
6657 6657
6659 6659
6661 6661
5773 6662
6664 6664
6667 6667
1400 6668
6669 6669
6671 6671
2520 6672
848 6674
6675 6675
4505 6676
6678 6678
4789 6680
6685 6685
6686 6686
5493 6687
6688 6688
6690 6690
6693 6693
1083 6696
6698 6698
6699 6699
6701 6701
6702 6702
6703 6703
6876 6705
1011 6706
5701 6709
2483 6711
2515 6714
6502 6715
6717 6717
6719 6719
6721 6721
2206 6724
6727 6727
6728 6728
6729 6729
6731 6731
6732 6732
2699 6734
6735 6735
4695 6738
6740 6740
6741 6741
6742 6742
6743 6743
5894 6744
3772 6745
2418 6746
4607 6749
6750 6750
6751 6751
6752 6752
1165 6753
6755 6755
6756 6756
6757 6757
5452 6758
6759 6759
5293 6761
6762 6762
4819 6764
6765 6765
6767 6767
6769 6769
709 6770
6772 6772
6772 6774
4965 6776
6777 6777
6778 6778
6779 6779
6780 6780
6782 6782
6784 6784
5045 6785
6787 6787
6788 6788
6790 6790
6791 6791
2801 6792
6793 6793
741 6794
6795 6795
6796 6796
6797 6797
2850 6798
539 6799
6802 6802
6803 6803
6805 6805
6807 6807
6808 6808
6809 6809
1448 6811
9 6813
1225 6814
2612 6816
6818 6818
6819 6819
6820 6820
6821 6821
3180 6823
6825 6825
6828 6828
2413 6830
6837 6837
6838 6838
6839 6839
6841 6841
2912 6842
6843 6843
6846 6846
6847 6847
2846 6848
6855 6855
6858 6858
6859 6859
6860 6860
6861 6861
6862 6862
1244 6864
5507 6866
6868 6868
6869 6869
1244 6870
6568 6871
6872 6872
5806 6873
6875 6875
6876 6876
3548 6878
388 6880
6881 6881
6882 6882
6883 6883
4136 6885
6886 6886
938 6888
