3843 3843
5536 5536
5508 5508
3776 3776
5460 5460
5535 5535
5510 5510
3629 3629
5659 5659
5602 5602
3773 3773
5601 5601
5840 5840
239 239
45 45
3777 3777
5519 5519
5636 5636
5502 5502
5732 5732
17 17
5640 5640
3521 3521
138 138
15 15
113 113
292 292
5750 5750
81 81
5724 5724
261 261
5445 5445
442 442
1907 1907
3056 3056
5368 5368
342 342
3055 3055
76 76
82 82
459 459
5517 5517
432 432
5595 5595
408 408
315 315
340 340
3936 3936
3929 3929
5675 5675
3754 3754
314 314
3847 3847
359 359
3861 3861
8 8
3838 3838
26 26
3793 3793
227 227
23 23
3588 3588
3530 3530
3643 3643
5845 5845
3926 3926
63 63
3927 3927
3858 3858
3753 3753
3826 3826
409 409
3852 3852
322 322
3560 3560
3821 3821
3806 3806
312 312
3590 3590
22 22
29 29
289 289
328 328
5462 5462
3638 3638
3833 3833
3576 3576
6276 6276
3649 3649
3922 3922
5589 5589
117 117
5583 5583
3825 3825
415 415
34 34
6278 6278
3633 3633
410 410
407 407
3829 3829
3932 3932
3855 3855
6264 6264
6248 6248
323 323
3835 3835
3799 3799
3824 3824
111 111
6265 6265
119 119
6252 6252
321 321
70 70
6249 6249
3702 3702
5590 5590
337 337
3548 3548
330 330
64 64
3621 3621
6275 6275
3828 3828
3750 3750
3851 3851
2795 2795
6246 6246
3788 3788
311 311
6271 6271
355 355
3552 3552
3850 3850
1999 1999
2801 2801
3549 3549
67 67
231 231
3561 3561
3845 3845
3551 3551
5651 5651
356 356
2808 2808
436 436
3703 3703
6267 6267
228 228
347 347
5630 5630
3577 3577
2791 2791
3543 3543
5622 5622
5951 5951
2263 2263
118 118
3739 3739
5610 5610
3546 3546
6238 6238
429 429
6247 6247
140 140
3554 3554
3592 3592
3547 3547
435 435
5847 5847
2369 2369
3583 3583
5829 5829
2127 2127
5635 5635
3584 3584
3579 3579
3595 3595
3652 3652
2799 2799
2803 2803
3553 3553
2276 2276
3586 3586
2786 2786
5464 5464
3597 3597
5837 5837
5950 5950
3602 3602
5828 5828
3605 3605
5720 5720
3601 3601
2817 2817
6067 6067
3747 3747
126 126
3925 3925
456 456
3653 3653
5754 5754
5596 5596
190 190
438 438
2797 2797
3617 3617
5579 5579
122 122
51 51
351 351
109 109
2268 2268
2140 2140
2246 2246
5458 5458
2289 2289
2129 2129
2046 2046
6231 6231
6066 6066
10 10
100 100
3613 3613
2163 2163
104 104
94 94
2055 2055
62 62
2294 2294
5838 5838
2490 2490
3637 3637
3565 3565
2815 2815
2388 2388
344 344
6069 6069
2378 2378
2793 2793
2004 2004
3570 3570
5851 5851
128 128
6055 6055
6054 6054
3569 3569
2375 2375
2152 2152
189 189
5953 5953
3568 3568
5522 5522
232 232
2480 2480
6056 6056
146 146
6059 6059
245 245
2367 2367
192 192
5443 5443
5627 5627
5834 5834
2274 2274
5932 5932
2389 2389
4 4
5959 5959
1993 1993
5654 5654
5641 5641
5452 5452
2261 2261
2377 2377
2167 2167
5939 5939
3910 3910
5631 5631
5949 5949
2498 2498
5618 5618
2124 2124
6078 6078
5674 5674
61 61
3667 3667
6063 6063
5933 5933
5966 5966
2150 2150
5952 5952
421 421
2174 2174
6077 6077
2385 2385
2362 2362
5632 5632
6235 6235
5648 5648
5936 5936
5938 5938
2771 2771
3704 3704
2499 2499
2052 2052
5665 5665
6044 6044
6072 6072
5468 5468
3657 3657
6064 6064
5697 5697
2470 2470
2395 2395
2608 2608
5584 5584
5541 5541
5944 5944
6045 6045
5698 5698
5619 5619
1 1
6048 6048
6084 6084
2357 2357
2390 2390
2061 2061
5543 5543
3908 3908
335 335
155 155
5472 5472
2005 2005
6081 6081
5523 5523
6042 6042
5501 5501
5540 5540
2076 2076
2598 2598
3046 3046
5529 5529
2011 2011
2472 2472
5685 5685
5542 5542
2171 2171
5489 5489
2514 2514
2365 2365
2193 2193
5866 5866
2393 2393
2593 2593
5666 5666
283 283
2278 2278
2595 2595
2078 2078
2007 2007
2180 2180
5499 5499
282 282
268 268
2500 2500
5716 5716
2012 2012
2144 2144
3045 3045
5528 5528
2221 2221
5855 5855
7 7
5717 5717
6083 6083
2181 2181
1983 1983
5551 5551
2506 2506
3661 3661
1984 1984
2596 2596
5978 5978
6086 6086
5977 5977
2239 2239
6090 6090
6102 6102
2084 2084
5974 5974
5677 5677
5539 5539
2204 2204
2080 2080
2616 2616
5497 5497
147 147
2172 2172
6097 6097
5986 5986
5684 5684
6147 6147
6142 6142
2145 2145
2594 2594
2582 2582
2401 2401
3648 3648
2584 2584
6130 6130
5869 5869
3816 3816
3706 3706
5470 5470
295 295
4005 4005
2210 2210
260 260
2602 2602
5745 5745
5985 5985
5979 5979
2035 2035
3950 3950
5980 5980
5581 5581
2397 2397
6029 6029
5983 5983
2623 2623
2256 2256
3687 3687
3884 3884
6121 6121
2030 2030
2240 2240
2507 2507
5448 5448
2600 2600
5483 5483
5982 5982
5546 5546
393 393
5872 5872
2588 2588
2094 2094
2515 2515
5981 5981
3906 3906
2086 2086
2509 2509
5706 5706
2114 2114
2027 2027
5532 5532
2280 2280
2624 2624
2585 2585
6030 6030
2205 2205
3685 3685
3672 3672
5734 5734
2254 2254
2120 2120
2513 2513
5875 5875
2146 2146
133 133
5714 5714
2517 2517
375 375
6110 6110
135 135
2067 2067
6117 6117
3707 3707
3883 3883
5733 5733
5709 5709
2220 2220
5916 5916
5988 5988
2516 2516
5480 5480
174 174
3163 3163
5802 5802
2113 2113
5902 5902
333 333
5903 5903
6160 6160
5993 5993
6128 6128
5995 5995
5679 5679
172 172
2633 2633
2629 2629
5994 5994
6136 6136
2519 2519
197 197
6159 6159
3811 3811
5474 5474
6162 6162
2523 2523
2231 2231
6011 6011
4022 4022
309 309
2031 2031
2233 2233
5882 5882
5494 5494
6107 6107
374 374
3050 3050
2288 2288
5884 5884
299 299
2245 2245
2088 2088
6005 6005
2685 2685
5991 5991
258 258
5876 5876
5646 5646
2116 2116
3965 3965
200 200
6880 6880
5996 5996
5548 5548
2636 2636
2441 2441
2272 2272
2018 2018
2070 2070
6161 6161
2457 2457
3941 3941
3796 3796
2022 2022
3647 3647
4019 4019
5534 5534
4011 4011
3962 3962
3673 3673
4069 4069
1988 1988
6889 6889
6139 6139
6116 6116
4020 4020
2432 2432
5762 5762
6157 6157
2643 2643
3678 3678
3877 3877
3735 3735
3896 3896
6154 6154
2533 2533
3899 3899
5487 5487
3867 3867
6153 6153
6175 6175
4008 4008
2699 2699
6039 6039
2550 2550
3954 3954
3959 3959
3738 3738
5783 5783
5233 5233
5989 5989
2684 2684
6006 6006
2215 2215
5879 5879
4054 4054
4016 4016
2560 2560
372 372
4037 4037
4039 4039
3960 3960
3710 3710
2688 2688
3708 3708
5231 5231
2282 2282
3967 3967
2558 2558
2544 2544
4044 4044
6163 6163
5793 5793
6023 6023
2431 2431
6024 6024
4036 4036
2250 2250
2019 2019
5239 5239
2092 2092
6119 6119
6135 6135
4052 4052
3952 3952
4028 4028
4023 4023
450 450
472 472
4062 4062
4014 4014
206 206
5569 5569
5549 5549
2677 2677
2687 2687
2701 2701
3980 3980
2089 2089
2573 2573
5880 5880
4032 4032
2422 2422
5765 5765
5767 5767
2534 2534
3718 3718
2299 2299
3717 3717
4067 4067
2572 2572
158 158
4033 4033
3887 3887
4013 4013
4042 4042
5910 5910
5663 5663
5573 5573
3782 3782
521 521
6169 6169
4045 4045
284 284
5777 5777
448 448
6219 6219
4012 4012
4006 4006
5232 5232
2675 2675
2648 2648
2715 2715
2755 2755
2014 2014
3988 3988
5235 5235
5486 5486
4071 4071
5796 5796
5644 5644
2537 2537
2545 2545
2559 2559
6170 6170
196 196
298 298
4048 4048
533 533
2691 2691
5885 5885
2456 2456
3785 3785
2536 2536
4015 4015
2112 2112
5667 5667
2754 2754
3719 3719
300 300
5521 5521
2295 2295
2576 2576
5388 5388
518 518
5794 5794
5811 5811
5812 5812
6172 6172
5785 5785
2296 2296
220 220
153 153
2711 2711
5550 5550
507 507
2541 2541
2449 2449
5789 5789
5740 5740
468 468
5799 5799
1924 1924
3996 3996
4029 4029
5775 5775
5901 5901
2689 2689
5567 5567
2743 2743
2646 2646
5813 5813
505 505
2279 2279
2671 2671
5923 5923
2676 2676
2423 2423
5780 5780
2657 2657
512 512
581 581
5878 5878
2235 2235
164 164
5800 5800
150 150
270 270
3781 3781
221 221
3727 3727
2448 2448
2468 2468
2467 2467
1938 1938
387 387
2434 2434
2443 2443
469 469
492 492
6211 6211
2425 2425
178 178
255 255
5881 5881
2440 2440
516 516
396 396
386 386
169 169
369 369
5440 5440
5887 5887
2317 2317
3664 3664
5922 5922
2464 2464
199 199
490 490
1925 1925
5899 5899
5929 5929
3900 3900
6193 6193
2308 2308
2435 2435
5669 5669
479 479
5702 5702
367 367
2466 2466
2465 2465
1919 1919
2312 2312
3437 3437
2740 2740
2207 2207
5896 5896
2733 2733
2206 2206
5387 5387
2316 2316
6187 6187
529 529
5927 5927
3812 3812
1940 1940
2444 2444
3813 3813
6180 6180
2326 2326
2446 2446
6225 6225
5385 5385
2104 2104
6224 6224
2209 2209
564 564
5430 5430
6181 6181
2244 2244
6179 6179
2722 2722
2286 2286
6230 6230
208 208
6212 6212
3359 3359
2306 2306
2311 2311
2721 2721
163 163
210 210
5704 5704
2351 2351
5705 5705
3723 3723
2330 2330
576 576
488 488
2103 2103
2727 2727
2764 2764
1969 1969
6209 6209
3287 3287
556 556
3902 3902
2762 2762
2324 2324
557 557
6227 6227
2718 2718
2744 2744
3358 3358
5406 5406
1918 1918
3362 3362
498 498
3290 3290
2719 2719
566 566
3283 3283
3943 3943
5381 5381
3288 3288
3340 3340
524 524
3229 3229
6737 6737
3228 3228
559 559
151 151
3372 3372
3273 3273
3267 3267
3278 3278
1956 1956
3317 3317
3270 3270
3354 3354
3255 3255
3316 3316
3368 3368
3440 3440
2340 2340
6207 6207
3281 3281
6838 6838
3225 3225
3439 3439
2731 2731
5410 5410
1942 1942
6834 6834
5393 5393
1949 1949
6191 6191
215 215
3918 3918
1656 1656
3367 3367
1586 1586
2321 2321
6817 6817
1916 1916
3730 3730
1933 1933
1680 1680
302 302
441 441
3253 3253
3251 3251
3371 3371
1564 1564
3892 3892
1977 1977
1974 1974
3373 3373
6758 6758
3348 3348
1608 1608
3223 3223
3443 3443
6713 6713
5395 5395
3292 3292
3266 3266
3243 3243
1681 1681
1932 1932
6839 6839
6739 6739
1692 1692
1968 1968
6754 6754
1741 1741
3244 3244
3219 3219
1955 1955
3201 3201
3302 3302
3305 3305
3349 3349
3241 3241
3246 3246
1556 1556
6704 6704
1619 1619
3329 3329
6752 6752
3445 3445
1585 1585
6610 6610
1749 1749
1976 1976
3237 3237
6841 6841
2746 2746
5416 5416
3380 3380
3240 3240
788 788
1546 1546
211 211
6780 6780
1748 1748
5377 5377
1690 1690
1953 1953
1279 1279
879 879
6708 6708
6791 6791
6662 6662
6731 6731
1646 1646
5438 5438
3381 3381
5026 5026
1553 1553
5056 5056
6637 6637
1593 1593
5022 5022
6630 6630
6715 6715
6797 6797
6598 6598
6842 6842
5441 5441
6663 6663
5192 5192
6641 6641
1687 1687
1557 1557
6793 6793
6774 6774
3238 3238
6665 6665
5198 5198
6778 6778
6643 6643
1609 1609
5050 5050
6600 6600
4058 4058
1677 1677
6727 6727
5193 5193
6599 6599
3405 3405
3417 3417
1711 1711
1591 1591
3235 3235
943 943
1572 1572
1311 1311
5437 5437
1571 1571
5117 5117
6792 6792
1617 1617
6638 6638
3042 3042
6631 6631
6659 6659
1245 1245
1727 1727
1653 1653
6725 6725
5197 5197
1689 1689
5219 5219
425 425
5158 5158
1584 1584
5041 5041
1913 1913
6606 6606
4793 4793
1622 1622
5027 5027
4308 4308
6639 6639
6865 6865
3059 3059
3234 3234
5220 5220
1600 1600
6831 6831
5097 5097
6866 6866
3012 3012
1647 1647
1254 1254
3452 3452
6666 6666
6644 6644
6657 6657
1255 1255
3430 3430
3413 3413
4849 4849
6784 6784
1722 1722
6706 6706
6809 6809
5024 5024
5081 5081
1678 1678
6714 6714
2877 2877
6829 6829
6860 6860
6827 6827
6856 6856
6868 6868
1637 1637
3063 3063
1708 1708
3414 3414
5054 5054
599 599
3769 3769
4234 4234
1377 1377
6830 6830
6807 6807
1673 1673
5131 5131
1634 1634
5110 5110
5032 5032
1561 1561
3334 3334
5191 5191
6770 6770
4786 4786
6603 6603
6823 6823
5116 5116
3471 3471
1674 1674
1683 1683
6607 6607
399 399
3392 3392
1735 1735
6859 6859
5143 5143
1220 1220
3465 3465
3431 3431
3195 3195
5208 5208
3429 3429
6735 6735
5061 5061
6613 6613
5079 5079
1638 1638
3323 3323
3393 3393
3335 3335
6623 6623
1573 1573
6615 6615
5053 5053
3333 3333
6844 6844
6332 6332
881 881
1712 1712
5221 5221
6617 6617
652 652
3190 3190
5196 5196
5073 5073
6633 6633
6626 6626
271 271
5281 5281
3457 3457
6642 6642
5195 5195
6693 6693
3423 3423
2885 2885
3464 3464
3172 3172
1611 1611
1379 1379
6340 6340
6854 6854
5144 5144
4828 4828
2855 2855
3396 3396
4650 4650
1684 1684
1163 1163
1208 1208
1219 1219
3032 3032
3064 3064
5074 5074
1700 1700
720 720
3217 3217
3384 3384
5090 5090
4314 4314
3216 3216
3385 3385
4705 4705
721 721
6337 6337
594 594
880 880
3177 3177
4737 4737
1912 1912
5094 5094
1695 1695
601 601
2853 2853
3037 3037
3193 3193
1534 1534
4115 4115
6800 6800
3389 3389
4299 4299
691 691
1614 1614
819 819
3325 3325
1737 1737
5156 5156
693 693
1140 1140
1302 1302
5069 5069
4428 4428
4701 4701
4174 4174
4624 4624
5204 5204
1396 1396
1162 1162
3497 3497
4709 4709
6767 6767
5166 5166
6431 6431
5086 5086
1568 1568
1164 1164
4948 4948
4073 4073
4789 4789
3683 3683
1652 1652
3183 3183
2858 2858
5378 5378
3326 3326
4693 4693
4217 4217
1359 1359
1363 1363
4294 4294
1755 1755
2873 2873
1515 1515
3460 3460
6479 6479
3044 3044
4381 4381
5178 5178
845 845
5142 5142
1227 1227
1615 1615
5130 5130
1753 1753
400 400
4738 4738
4836 4836
5371 5371
5122 5122
5080 5080
4074 4074
6581 6581
3766 3766
1188 1188
4794 4794
1139 1139
3194 3194
2822 2822
3168 3168
1391 1391
1277 1277
6605 6605
6315 6315
570 570
1421 1421
1817 1817
6477 6477
6721 6721
3320 3320
1625 1625
2821 2821
6595 6595
1669 1669
6338 6338
936 936
4698 4698
586 586
6591 6591
1663 1663
1386 1386
2884 2884
5119 5119
1475 1475
5146 5146
1914 1914
1514 1514
933 933
2911 2911
5120 5120
667 667
5084 5084
633 633
4305 4305
3077 3077
1704 1704
610 610
3175 3175
2833 2833
4083 4083
587 587
1231 1231
632 632
1195 1195
6319 6319
5179 5179
3043 3043
1788 1788
1192 1192
4699 4699
1627 1627
5185 5185
1833 1833
162 162
805 805
3034 3034
3321 3321
6719 6719
5202 5202
3178 3178
844 844
6491 6491
3495 3495
6592 6592
4757 4757
1275 1275
4646 4646
3179 3179
6577 6577
3144 3144
2910 2910
3180 3180
622 622
4306 4306
1390 1390
831 831
1190 1190
676 676
4082 4082
1791 1791
2844 2844
1542 1542
5174 5174
5093 5093
1424 1424
1137 1137
6346 6346
1745 1745
1214 1214
391 391
4141 4141
1628 1628
4084 4084
2880 2880
2824 2824
1670 1670
4728 4728
2929 2929
6574 6574
1387 1387
5125 5125
4417 4417
2919 2919
2819 2819
702 702
3169 3169
4987 4987
6499 6499
1323 1323
3039 3039
5248 5248
4158 4158
988 988
726 726
3036 3036
1161 1161
5138 5138
4543 4543
1787 1787
1036 1036
1392 1392
6316 6316
1795 1795
4230 4230
1136 1136
4155 4155
1121 1121
5141 5141
1122 1122
1132 1132
2842 2842
1265 1265
631 631
4490 4490
6588 6588
3112 3112
1037 1037
4725 4725
900 900
1001 1001
3067 3067
2841 2841
830 830
4140 4140
697 697
5259 5259
6375 6375
4689 4689
1194 1194
6537 6537
6429 6429
1496 1496
5255 5255
1251 1251
2825 2825
4117 4117
1200 1200
3759 3759
1375 1375
4425 4425
1756 1756
1382 1382
6567 6567
6566 6566
1449 1449
846 846
593 593
937 937
1407 1407
4317 4317
1006 1006
6282 6282
2913 2913
3099 3099
4814 4814
4157 4157
4546 4546
4486 4486
4343 4343
4871 4871
3098 3098
4992 4992
3029 3029
4277 4277
4423 4423
6349 6349
2912 2912
6381 6381
4100 4100
1780 1780
4110 4110
4548 4548
1505 1505
4101 4101
3090 3090
705 705
4290 4290
6466 6466
5251 5251
4481 4481
1135 1135
4727 4727
6573 6573
4485 4485
5261 5261
1393 1393
3113 3113
1264 1264
4166 4166
6569 6569
3503 3503
1462 1462
987 987
4634 4634
2897 2897
4424 4424
4332 4332
1409 1409
4644 4644
1539 1539
5252 5252
6572 6572
677 677
6486 6486
1129 1129
4186 4186
3507 3507
615 615
1488 1488
699 699
3153 3153
2839 2839
700 700
6426 6426
767 767
4119 4119
3765 3765
843 843
808 808
4493 4493
4688 4688
4881 4881
4854 4854
1116 1116
864 864
4143 4143
5294 5294
5113 5113
6280 6280
4859 4859
4855 4855
247 247
4495 4495
1490 1490
6368 6368
5244 5244
4176 4176
1411 1411
3007 3007
1784 1784
4150 4150
4553 4553
5188 5188
970 970
1806 1806
4372 4372
1904 1904
4664 4664
1261 1261
1493 1493
177 177
4538 4538
5265 5265
4405 4405
1000 1000
4564 4564
620 620
1169 1169
4494 4494
927 927
1520 1520
973 973
1159 1159
4354 4354
3021 3021
1440 1440
621 621
1010 1010
4533 4533
4821 4821
1026 1026
891 891
729 729
384 384
2829 2829
4349 4349
4374 4374
981 981
253 253
1426 1426
5250 5250
4502 4502
4488 4488
1128 1128
750 750
4550 4550
861 861
4537 4537
4506 4506
3158 3158
1337 1337
4285 4285
4963 4963
4311 4311
1523 1523
1062 1062
4648 4648
6370 6370
2865 2865
6330 6330
892 892
1883 1883
4238 4238
974 974
2826 2826
4134 4134
1458 1458
860 860
903 903
6510 6510
1040 1040
6425 6425
4503 4503
4329 4329
4621 4621
791 791
4916 4916
4808 4808
1023 1023
6388 6388
857 857
4636 4636
4991 4991
1414 1414
1236 1236
5343 5343
4962 4962
897 897
1874 1874
1853 1853
2998 2998
5276 5276
1460 1460
4666 4666
1480 1480
249 249
3022 3022
2926 2926
3115 3115
868 868
2932 2932
4842 4842
5269 5269
607 607
4552 4552
6508 6508
901 901
2920 2920
4677 4677
6872 6872
3120 3120
2969 2969
1852 1852
4328 4328
2950 2950
2838 2838
1499 1499
3472 3472
1371 1371
3014 3014
4379 4379
997 997
839 839
6310 6310
1259 1259
902 902
6473 6473
1875 1875
6305 6305
1049 1049
1055 1055
4915 4915
1004 1004
4744 4744
1358 1358
743 743
5234 5234
2984 2984
1461 1461
6557 6557
4639 4639
4953 4953
1014 1014
4637 4637
1073 1073
957 957
856 856
914 914
4747 4747
4383 4383
6281 6281
904 904
958 958
2989 2989
1800 1800
1340 1340
1033 1033
4210 4210
1459 1459
4752 4752
1106 1106
3505 3505
4282 4282
4913 4913
1471 1471
1077 1077
4985 4985
965 965
4593 4593
4478 4478
4839 4839
4240 4240
979 979
833 833
1178 1178
3085 3085
1799 1799
1103 1103
980 980
1369 1369
1175 1175
3116 3116
1486 1486
3136 3136
4912 4912
1850 1850
5225 5225
4973 4973
1018 1018
2862 2862
875 875
4149 4149
709 709
916 916
3109 3109
1824 1824
4297 4297
4497 4497
4108 4108
4751 4751
4878 4878
3509 3509
1115 1115
1518 1518
4729 4729
850 850
4607 4607
6538 6538
1101 1101
1098 1098
6285 6285
1345 1345
4653 4653
4602 4602
4528 4528
6358 6358
4901 4901
4935 4935
3134 3134
6303 6303
413 413
1149 1149
5348 5348
1270 1270
4391 4391
4396 4396
1327 1327
1230 1230
836 836
3023 3023
4527 4527
4443 4443
1342 1342
848 848
6322 6322
4746 4746
4687 4687
1071 1071
4361 4361
6504 6504
4465 4465
2967 2967
4321 4321
4730 4730
6530 6530
4442 4442
4211 4211
3088 3088
4968 4968
3017 3017
1068 1068
945 945
4322 4322
882 882
4641 4641
1171 1171
4340 4340
4358 4358
1029 1029
6302 6302
4631 4631
873 873
1478 1478
6438 6438
4958 4958
1047 1047
4431 4431
4458 4458
1184 1184
6505 6505
6288 6288
6559 6559
4392 4392
6551 6551
884 884
4734 4734
4562 4562
6423 6423
4386 4386
946 946
4568 4568
1334 1334
4713 4713
1100 1100
932 932
3125 3125
4389 4389
4407 4407
4472 4472
4712 4712
4388 4388
1447 1447
4411 4411
4125 4125
5295 5295
4930 4930
952 952
2863 2863
1027 1027
955 955
4989 4989
6444 6444
6875 6875
4446 4446
6446 6446
1090 1090
4463 4463
838 838
1093 1093
1526 1526
4461 4461
4516 4516
3130 3130
4337 4337
847 847
4951 4951
6546 6546
1454 1454
723 723
4936 4936
1185 1185
6365 6365
6513 6513
1111 1111
4586 4586
1108 1108
1528 1528
950 950
4572 4572
4628 4628
6326 6326
4412 4412
4335 4335
4470 4470
4764 4764
4440 4440
1091 1091
6415 6415
4950 4950
4817 4817
4907 4907
4910 4910
1368 1368
4452 4452
4436 4436
4711 4711
4941 4941
4999 4999
4943 4943
4573 4573
