1 1
2335 3
4 4
4538 5
2809 6
7 7
8 8
10 10
4280 12
15 15
17 17
22 22
23 23
26 26
29 29
2327 33
34 34
1751 35
5475 36
3691 38
3680 39
5204 40
3309 42
6597 43
6834 44
45 45
2246 46
1323 49
5557 50
51 51
3987 58
61 61
62 62
63 63
64 64
2385 66
67 67
70 70
3585 72
6014 74
76 76
4600 79
4677 80
81 81
82 82
3873 83
1845 84
94 94
4331 95
1414 97
100 100
104 104
1364 105
2760 106
109 109
5109 110
111 111
5732 112
113 113
2393 114
3564 116
117 117
118 118
119 119
122 122
2718 124
4309 125
126 126
1291 127
128 128
6181 129
133 133
135 135
3966 137
138 138
140 140
107 142
2385 144
146 146
147 147
150 150
151 151
2578 152
153 153
155 155
2530 156
1141 157
158 158
3072 160
162 162
163 163
164 164
6065 165
354 168
169 169
172 172
174 174
6291 175
177 177
178 178
5390 180
3938 186
189 189
190 190
3130 191
192 192
196 196
197 197
4060 198
199 199
200 200
5595 202
206 206
5286 207
208 208
3108 209
210 210
211 211
214 214
215 215
5806 216
217 217
514 218
220 220
221 221
188 222
1277 225
342 226
227 227
228 228
231 231
232 232
2437 233
3395 234
4246 235
2437 237
239 239
245 245
247 247
3562 248
249 249
2998 252
253 253
255 255
843 256
258 258
6296 259
260 260
261 261
49 263
3308 264
814 266
268 268
270 270
271 271
6843 273
1460 274
1699 277
232 279
282 282
283 283
284 284
285 285
4066 288
289 289
292 292
295 295
298 298
299 299
300 300
6831 301
302 302
3999 306
4354 307
309 309
311 311
312 312
314 314
315 315
3279 317
5765 320
321 321
322 322
323 323
5157 324
325 325
2094 326
328 328
330 330
333 333
335 335
5238 336
337 337
340 340
4970 341
342 342
344 344
347 347
351 351
2622 352
4269 354
355 355
356 356
359 359
367 367
5219 368
369 369
5456 370
372 372
374 374
375 375
2760 378
2613 381
3517 382
3820 383
384 384
386 386
387 387
391 391
393 393
6432 395
396 396
5989 398
399 399
400 400
1632 401
630 404
407 407
408 408
409 409
410 410
5576 411
413 413
415 415
2285 417
421 421
3686 424
425 425
2404 426
2311 428
429 429
3895 430
432 432
1657 433
435 435
436 436
438 438
2147 440
441 441
442 442
3707 445
3880 446
448 448
450 450
2553 451
4498 452
456 456
459 459
464 464
466 466
468 468
469 469
472 472
473 473
2743 476
3471 478
479 479
160 482
4312 484
3104 485
488 488
2225 489
490 490
2472 491
492 492
4902 495
4901 497
498 498
503 503
505 505
3707 506
507 507
694 510
2167 511
512 512
6814 514
516 516
518 518
3579 520
521 521
2390 523
524 524
3862 525
4923 527
529 529
781 530
4785 531
533 533
537 537
544 544
546 546
548 548
550 550
3844 551
4708 554
1920 555
556 556
557 557
558 558
559 559
560 560
4620 562
4824 563
564 564
6578 565
566 566
567 567
5553 568
570 570
4620 574
2515 575
576 576
578 578
581 581
5051 582
5763 583
586 586
587 587
591 591
593 593
594 594
599 599
2708 600
601 601
603 603
2162 604
5502 606
607 607
608 608
610 610
5834 611
615 615
619 619
620 620
621 621
622 622
3742 629
631 631
632 632
633 633
3288 636
1460 637
3707 640
641 641
6849 643
644 644
4331 645
3723 646
1118 650
652 652
2669 654
98 656
667 667
1041 668
2020 671
5840 673
674 674
6293 675
676 676
677 677
1644 684
6116 685
1314 689
691 691
693 693
6410 695
697 697
1941 698
699 699
700 700
702 702
2246 704
705 705
708 708
709 709
710 710
712 712
5689 714
715 715
1667 716
5773 719
720 720
721 721
723 723
3021 724
726 726
729 729
1284 730
4774 731
764 732
570 736
739 739
741 741
743 743
6608 744
4331 745
419 748
750 750
754 754
758 758
760 760
764 764
767 767
2304 770
771 771
773 773
776 776
826 777
6418 781
782 782
783 783
786 786
788 788
791 791
419 792
6135 800
6050 802
804 804
805 805
1739 807
808 808
5286 812
1695 816
819 819
2441 820
2862 823
824 824
3279 827
830 830
831 831
833 833
5994 834
836 836
838 838
839 839
3264 840
843 843
844 844
845 845
846 846
847 847
848 848
850 850
4849 854
856 856
857 857
860 860
861 861
864 864
868 868
2168 872
873 873
875 875
2136 876
879 879
880 880
881 881
882 882
3735 883
884 884
1381 887
891 891
892 892
5783 894
897 897
900 900
901 901
902 902
903 903
904 904
4411 907
1357 910
914 914
3794 915
916 916
3921 918
6667 921
923 923
924 924
926 926
927 927
932 932
933 933
2750 935
936 936
937 937
762 940
1195 942
943 943
6768 944
945 945
946 946
2039 948
6075 949
950 950
952 952
3287 954
955 955
957 957
958 958
3833 961
2735 962
965 965
1662 966
5157 968
6541 969
970 970
973 973
974 974
5630 976
979 979
980 980
981 981
4542 982
784 983
6711 986
987 987
988 988
43 989
946 991
3394 994
65 996
997 997
227 999
1000 1000
1001 1001
1004 1004
6780 1005
1006 1006
1010 1010
1014 1014
4483 1016
1018 1018
1023 1023
1026 1026
1027 1027
1029 1029
439 1030
1033 1033
5196 1035
1036 1036
1037 1037
5086 1038
3692 1039
1040 1040
2716 1041
5928 1043
2846 1045
1047 1047
1049 1049
3491 1053
1055 1055
6541 1057
4386 1058
4128 1059
1062 1062
1934 1063
1068 1068
1071 1071
1073 1073
1077 1077
3224 1078
4294 1080
4411 1083
1090 1090
1091 1091
1093 1093
3920 1094
328 1095
1098 1098
1100 1100
1101 1101
1103 1103
6460 1104
1106 1106
1108 1108
1111 1111
1115 1115
1116 1116
3742 1117
4383 1118
1121 1121
1122 1122
5879 1125
450 1126
2760 1127
1128 1128
1129 1129
1132 1132
1880 1133
1135 1135
1136 1136
1137 1137
1139 1139
1140 1140
157 1141
6120 1144
4409 1145
2846 1147
4105 1148
1149 1149
2008 1154
1159 1159
1161 1161
1162 1162
1163 1163
1164 1164
929 1167
272 1168
1169 1169
1171 1171
594 1174
1175 1175
4604 1177
1178 1178
150 1180
5843 1181
3441 1183
1184 1184
1185 1185
1188 1188
1190 1190
979 1191
1192 1192
2475 1193
1194 1194
1195 1195
4046 1196
4724 1197
6118 1199
1200 1200
2806 1201
5023 1202
1208 1208
4851 1211
1214 1214
2918 1216
1219 1219
1220 1220
1221 1221
3825 1223
6417 1224
6170 1225
1227 1227
1230 1230
1231 1231
4750 1233
1236 1236
1238 1238
1239 1239
3013 1242
1277 1243
1245 1245
2393 1247
6475 1248
4456 1249
6707 1250
1251 1251
1254 1254
1255 1255
5160 1258
1259 1259
1261 1261
1264 1264
1265 1265
272 1267
1270 1270
4075 1271
4399 1272
1275 1275
4122 1276
1277 1277
1278 1278
1279 1279
2839 1280
6254 1282
430 1283
1692 1284
3463 1285
1289 1289
1291 1291
155 1292
3394 1294
2680 1300
253 1301
1302 1302
3253 1304
4120 1305
648 1306
6849 1309
1187 1310
1311 1311
1065 1312
913 1314
4239 1319
4190 1322
1323 1323
1327 1327
1011 1329
1330 1330
1491 1332
2275 1333
1334 1334
3999 1336
1337 1337
1340 1340
5173 1341
1342 1342
1732 1344
1345 1345
4557 1347
2943 1349
2794 1350
840 1351
1353 1353
1340 1354
4859 1355
1356 1356
1358 1358
1359 1359
4439 1362
1363 1363
223 1364
1368 1368
1369 1369
1595 1370
1371 1371
3462 1373
1375 1375
1377 1377
2847 1378
1379 1379
2059 1381
1382 1382
6749 1384
1386 1386
1387 1387
3885 1389
1390 1390
1391 1391
1392 1392
1393 1393
6522 1395
1396 1396
1399 1399
3614 1401
1402 1402
1403 1403
5282 1406
1407 1407
1409 1409
1411 1411
1414 1414
1419 1419
1421 1421
6395 1422
1424 1424
1426 1426
6562 1428
1941 1432
5231 1434
5554 1435
916 1437
1438 1438
1439 1439
1440 1440
3707 1442
1447 1447
1449 1449
2415 1452
2743 1453
1454 1454
5262 1455
2774 1456
1458 1458
1459 1459
1460 1460
1461 1461
1462 1462
3697 1463
4604 1469
1471 1471
5177 1472
3173 1473
1475 1475
1478 1478
2694 1479
1480 1480
1481 1481
1483 1483
1673 1484
1485 1485
1486 1486
1416 1487
1488 1488
1490 1490
4010 1492
1493 1493
4089 1494
3394 1495
1496 1496
2057 1497
1499 1499
1503 1503
3992 1504
1505 1505
1506 1506
2204 1511
3938 1512
1514 1514
1515 1515
1518 1518
3797 1519
1520 1520
2287 1522
1523 1523
259 1524
1526 1526
1528 1528
2369 1530
2254 1532
1534 1534
1535 1535
2196 1536
1537 1537
1538 1538
1539 1539
1542 1542
2393 1544
1545 1545
1546 1546
4988 1550
107 1552
1553 1553
6713 1554
1556 1556
1557 1557
1561 1561
1564 1564
1568 1568
1571 1571
1572 1572
1573 1573
4476 1574
6127 1575
6361 1577
1381 1583
1584 1584
1585 1585
1586 1586
3848 1587
1870 1588
6435 1589
1591 1591
6411 1592
1593 1593
6182 1597
3235 1598
1600 1600
3179 1605
1954 1606
1608 1608
1609 1609
6248 1610
1611 1611
1614 1614
1615 1615
1617 1617
5408 1618
1619 1619
3085 1620
1622 1622
1625 1625
1627 1627
1628 1628
1158 1631
1634 1634
1637 1637
1638 1638
1460 1639
2209 1644
1646 1646
1647 1647
4411 1648
1649 1649
4726 1650
1954 1651
1652 1652
1653 1653
1656 1656
1657 1657
6662 1659
1660 1660
1539 1661
1663 1663
3947 1668
1669 1669
1670 1670
1673 1673
1674 1674
1677 1677
1678 1678
1680 1680
1681 1681
1076 1682
1683 1683
1684 1684
1687 1687
3578 1688
1689 1689
1690 1690
1692 1692
1695 1695
3690 1699
1700 1700
4980 1703
1704 1704
2695 1706
3477 1707
1708 1708
1709 1709
1711 1711
1712 1712
1814 1717
1163 1719
1722 1722
5430 1724
1727 1727
2702 1728
5595 1729
1735 1735
1737 1737
170 1739
1741 1741
1745 1745
1746 1746
1747 1747
1748 1748
1749 1749
1114 1751
2510 1752
1753 1753
1755 1755
1756 1756
1760 1760
1761 1761
3955 1764
1887 1771
1774 1774
5135 1776
2691 1778
1780 1780
6529 1782
6812 1783
1784 1784
1787 1787
1788 1788
1967 1790
1791 1791
1795 1795
2531 1796
4093 1798
1799 1799
1800 1800
6711 1801
1806 1806
2172 1807
5207 1808
4553 1809
2645 1811
2573 1814
1817 1817
1768 1820
1823 1823
1824 1824
1825 1825
1826 1826
3682 1829
1830 1830
1831 1831
1832 1832
1833 1833
6363 1834
436 1838
1839 1839
3441 1842
5949 1843
142 1844
2760 1849
1850 1850
1852 1852
1853 1853
1854 1854
1855 1855
1856 1856
1857 1857
1860 1860
3254 1861
6108 1862
1863 1863
1864 1864
1552 1865
6352 1866
1867 1867
1339 1868
1870 1870
485 1871
4390 1873
1874 1874
1875 1875
1876 1876
4954 1877
1878 1878
2954 1879
3684 1880
1883 1883
1624 1885
1886 1886
500 1891
6682 1892
1896 1896
1897 1897
4483 1901
3305 1903
1904 1904
1907 1907
2013 1910
1912 1912
1913 1913
1914 1914
1916 1916
5405 1917
1918 1918
1919 1919
3715 1921
1086 1923
1924 1924
1925 1925
644 1928
1409 1931
1932 1932
1933 1933
6478 1934
6842 1937
1938 1938
1940 1940
1942 1942
2809 1943
4276 1946
1949 1949
4075 1952
1953 1953
1955 1955
1956 1956
6078 1958
3187 1960
4310 1961
1968 1968
1969 1969
5852 1972
1974 1974
1976 1976
1977 1977
1414 1979
2059 1980
4185 1981
1983 1983
1984 1984
4964 1986
1988 1988
1993 1993
6814 1998
1999 1999
3904 2000
1907 2002
2004 2004
2005 2005
2007 2007
2201 2008
3830 2009
2011 2011
2012 2012
746 2013
2014 2014
3308 2015
2018 2018
2019 2019
2022 2022
2864 2023
3308 2024
2027 2027
2030 2030
2031 2031
4016 2034
2035 2035
1657 2040
4655 2045
2046 2046
4075 2047
2709 2049
2866 2051
2052 2052
715 2054
2055 2055
2061 2061
5233 2062
1145 2063
2067 2067
1102 2068
3540 2069
2070 2070
6592 2071
6849 2072
2076 2076
2078 2078
4881 2079
2080 2080
252 2081
4060 2083
2084 2084
2086 2086
829 2087
2088 2088
2089 2089
1764 2091
2092 2092
6520 2093
2094 2094
5864 2096
4310 2097
3562 2098
3605 2099
2103 2103
2104 2104
4328 2107
2109 2109
2112 2112
2113 2113
2114 2114
2116 2116
1823 2118
2120 2120
5668 2122
1498 2123
2124 2124
3186 2126
2127 2127
2129 2129
5893 2132
2233 2134
4639 2136
1174 2137
2140 2140
6611 2141
2760 2142
2144 2144
2145 2145
2146 2146
2150 2150
2152 2152
5378 2153
5620 2154
4142 2156
4075 2157
6524 2160
2163 2163
2164 2164
4760 2166
2167 2167
2171 2171
2172 2172
2174 2174
5054 2175
2180 2180
2181 2181
2193 2193
1311 2194
484 2195
485 2197
5011 2199
2221 2200
6045 2202
2204 2204
2205 2205
2206 2206
2207 2207
2209 2209
2210 2210
5093 2213
2534 2214
2215 2215
2220 2220
2221 2221
6164 2223
6651 2224
2946 2226
406 2229
2231 2231
515 2232
2233 2233
6812 2234
2235 2235
6363 2236
2239 2239
2240 2240
5538 2241
2244 2244
2245 2245
2246 2246
4744 2249
2250 2250
524 2252
2254 2254
2256 2256
5485 2257
2261 2261
754 2262
2263 2263
2751 2266
328 2267
2268 2268
6636 2270
6178 2271
2272 2272
2274 2274
2276 2276
2278 2278
2279 2279
2280 2280
2282 2282
2286 2286
2288 2288
2289 2289
2008 2290
3263 2291
2294 2294
2295 2295
2296 2296
2299 2299
3240 2300
1673 2304
1570 2305
2306 2306
5868 2307
2308 2308
2311 2311
2312 2312
1414 2313
4933 2315
2316 2316
2317 2317
2321 2321
2324 2324
6201 2325
2326 2326
4456 2329
2330 2330
4824 2331
3999 2333
5800 2338
2340 2340
5313 2341
1972 2349
2351 2351
540 2356
2357 2357
5305 2358
2362 2362
3609 2363
2365 2365
6268 2366
2367 2367
2369 2369
497 2370
2375 2375
2377 2377
2378 2378
3820 2379
3722 2380
5058 2381
2939 2383
2385 2385
2388 2388
2389 2389
2390 2390
5357 2391
5410 2392
2393 2393
2946 2394
2395 2395
2397 2397
6449 2400
2401 2401
2446 2404
3205 2408
4075 2409
2649 2416
3680 2417
3413 2418
2422 2422
2423 2423
2425 2425
4600 2426
5778 2427
2866 2428
1945 2429
5524 2430
2431 2431
2432 2432
2135 2433
2434 2434
2435 2435
3028 2438
1954 2439
2440 2440
2441 2441
1575 2442
2443 2443
2444 2444
2446 2446
2448 2448
2449 2449
1290 2452
2456 2456
2457 2457
2464 2464
2465 2465
2466 2466
2467 2467
2468 2468
2470 2470
1956 2471
2472 2472
5238 2479
2480 2480
1372 2481
2245 2482
2490 2490
853 2491
1025 2493
2498 2498
2499 2499
2500 2500
6189 2501
6417 2502
2296 2503
63 2504
2506 2506
2507 2507
880 2508
2509 2509
2513 2513
2514 2514
2515 2515
2516 2516
2517 2517
4390 2518
2519 2519
2888 2520
4995 2521
2523 2523
3403 2525
6757 2527
2533 2533
2534 2534
1083 2535
2536 2536
2537 2537
2541 2541
6598 2542
2544 2544
2545 2545
2550 2550
2470 2551
2558 2558
2559 2559
2560 2560
4651 2563
3631 2568
2572 2572
2573 2573
469 2575
2576 2576
3921 2579
3232 2580
2582 2582
2584 2584
2585 2585
6375 2586
2588 2588
971 2589
2593 2593
2594 2594
2595 2595
2596 2596
2598 2598
3314 2599
2600 2600
2602 2602
4591 2605
2608 2608
497 2611
5571 2614
3938 2615
2616 2616
2623 2623
2624 2624
539 2627
2629 2629
4324 2631
2633 2633
2636 2636
4655 2638
2054 2639
2643 2643
3003 2644
2646 2646
2648 2648
848 2650
6038 2651
3784 2655
2657 2657
5964 2666
1996 2667
535 2670
2671 2671
2675 2675
2676 2676
2677 2677
2684 2684
2685 2685
2687 2687
2688 2688
2689 2689
2691 2691
5852 2692
3239 2697
6340 2698
2699 2699
5713 2700
2701 2701
2705 2705
2135 2707
5165 2710
2711 2711
2715 2715
5938 2717
2718 2718
2719 2719
2721 2721
2722 2722
3895 2724
2254 2725
625 2726
2727 2727
784 2729
2731 2731
2733 2733
5335 2734
4013 2736
1039 2737
6505 2739
2740 2740
4923 2741
2743 2743
2744 2744
2746 2746
2005 2747
4600 2750
2754 2754
2755 2755
3917 2756
3939 2757
1644 2758
112 2760
2762 2762
4666 2763
2764 2764
2771 2771
3336 2773
3578 2774
193 2778
2780 2780
4198 2783
2786 2786
3690 2790
2791 2791
2793 2793
2794 2794
2795 2795
2797 2797
2907 2798
2799 2799
4075 2800
2801 2801
2803 2803
3596 2804
1374 2806
4454 2807
2808 2808
5834 2809
2811 2811
6254 2812
3680 2813
2814 2814
2815 2815
2817 2817
2818 2818
2819 2819
2821 2821
2822 2822
2824 2824
2825 2825
2826 2826
2829 2829
4082 2830
4918 2831
2833 2833
1834 2835
2838 2838
2839 2839
2840 2840
2841 2841
2842 2842
2844 2844
2845 2845
2848 2848
6352 2850
2853 2853
2855 2855
1590 2856
2858 2858
1289 2859
2742 2860
2385 2861
2862 2862
2863 2863
2865 2865
2866 2866
4240 2867
3691 2870
2873 2873
4366 2876
2877 2877
4549 2878
3638 2879
2880 2880
3403 2881
1409 2883
2884 2884
2885 2885
3040 2887
3186 2889
6210 2890
2892 2892
3955 2893
1981 2895
3794 2896
2897 2897
2898 2898
6203 2900
2903 2903
2904 2904
2905 2905
1547 2906
2907 2907
2910 2910
2911 2911
2912 2912
2913 2913
4597 2914
2004 2915
1643 2916
2919 2919
2920 2920
4706 2921
2534 2923
3360 2925
2926 2926
2929 2929
1102 2930
2932 2932
5109 2934
6527 2938
5553 2939
1954 2940
2941 2941
2942 2942
5090 2944
2508 2945
5783 2947
1371 2949
2950 2950
5103 2952
2958 2958
1630 2959
2962 2962
2963 2963
2965 2965
5834 2966
2967 2967
2969 2969
2437 2976
2977 2977
4571 2978
2980 2980
2981 2981
1637 2982
1894 2983
2984 2984
1905 2986
2989 2989
2992 2992
2993 2993
4797 2994
3680 2995
2998 2998
3000 3000
3001 3001
4865 3002
5029 3003
3004 3004
1450 3005
3006 3006
3007 3007
6010 3009
3012 3012
3420 3013
3014 3014
3017 3017
582 3018
2718 3020
3021 3021
3022 3022
3023 3023
5640 3026
3029 3029
3946 3030
3032 3032
3691 3033
3034 3034
3036 3036
3037 3037
3039 3039
4272 3041
3042 3042
3043 3043
3044 3044
3045 3045
3046 3046
3050 3050
2263 3051
3055 3055
3056 3056
3059 3059
3062 3062
3063 3063
3064 3064
3067 3067
5233 3069
3773 3070
6002 3072
3077 3077
126 3079
5935 3081
3085 3085
3340 3087
3088 3088
3090 3090
2181 3094
1562 3096
3098 3098
3099 3099
6238 3101
107 3105
497 3108
3109 3109
3112 3112
3113 3113
4075 3114
3115 3115
3116 3116
3120 3120
3820 3123
35 3124
3125 3125
3130 3130
3134 3134
5368 3135
3136 3136
3614 3138
4091 3140
3847 3142
840 3143
3144 3144
5103 3145
5250 3148
6074 3149
3153 3153
3999 3157
3158 3158
3163 3163
4382 3164
3168 3168
3169 3169
3171 3171
3172 3172
3175 3175
2270 3176
3177 3177
3178 3178
3179 3179
3180 3180
6203 3181
3183 3183
3190 3190
3193 3193
3194 3194
3195 3195
4805 3197
6749 3199
215 3200
3201 3201
2944 3211
5135 3214
3216 3216
3217 3217
3219 3219
3223 3223
4075 3224
3225 3225
3228 3228
3229 3229
1018 3230
5249 3233
3234 3234
3235 3235
3237 3237
3238 3238
3794 3239
3240 3240
3241 3241
3243 3243
3244 3244
3246 3246
1346 3248
1775 3249
2669 3250
3251 3251
3253 3253
1133 3254
3255 3255
1224 3260
3266 3266
3267 3267
2407 3268
3270 3270
1295 3271
3483 3272
3273 3273
3278 3278
485 3280
3281 3281
2749 3282
3283 3283
4077 3284
3938 3286
3287 3287
3288 3288
3290 3290
3292 3292
4970 3296
4312 3297
964 3298
1395 3299
2407 3300
3302 3302
4865 3303
3305 3305
6691 3307
6422 3308
2864 3311
863 3313
4004 3314
4847 3315
3316 3316
3317 3317
6254 3318
6808 3319
3320 3320
3321 3321
6066 3322
3323 3323
6164 3324
3325 3325
3326 3326
2933 3328
3329 3329
3333 3333
3334 3334
3335 3335
4604 3337
3340 3340
4060 3342
2756 3344
3348 3348
3349 3349
4852 3350
4355 3351
3961 3353
3354 3354
3358 3358
3359 3359
786 3360
3362 3362
3551 3363
1312 3366
3367 3367
3368 3368
3371 3371
3372 3372
3373 3373
1182 3374
4626 3379
3380 3380
3381 3381
3384 3384
3385 3385
2831 3386
786 3387
3389 3389
2079 3391
3392 3392
3393 3393
4312 3394
3396 3396
4582 3397
1257 3399
4078 3401
2266 3403
3405 3405
697 3407
3999 3409
3413 3413
3414 3414
3417 3417
3423 3423
4061 3424
1414 3426
3429 3429
3430 3430
3431 3431
2570 3432
3437 3437
3439 3439
3440 3440
3443 3443
3445 3445
1551 3446
1913 3449
5222 3450
3452 3452
2434 3454
5170 3455
1881 3456
3457 3457
3460 3460
360 3461
4716 3462
3820 3463
3464 3464
3465 3465
4971 3467
3471 3471
3472 3472
1460 3473
3477 3477
935 3481
3394 3484
3485 3485
1969 3486
3487 3487
3488 3488
3490 3490
4926 3491
3493 3493
3495 3495
3497 3497
2393 3501
715 3502
3503 3503
3505 3505
3507 3507
3509 3509
4824 3510
4690 3512
5678 3519
3521 3521
6830 3522
977 3525
4604 3529
3530 3530
1284 3533
5115 3534
4170 3540
2362 3541
3543 3543
3546 3546
3547 3547
3548 3548
3549 3549
3551 3551
3552 3552
3553 3553
3554 3554
3560 3560
3561 3561
2452 3562
3565 3565
5891 3567
3568 3568
3569 3569
3570 3570
5773 3575
3576 3576
3577 3577
3579 3579
1523 3581
3583 3583
3584 3584
2209 3585
3586 3586
3588 3588
3590 3590
6695 3591
3592 3592
2229 3593
3595 3595
3597 3597
3893 3599
3601 3601
3602 3602
3605 3605
3562 3607
4755 3608
3613 3613
3617 3617
2760 3619
3621 3621
2912 3622
3629 3629
1198 3630
5163 3631
3633 3633
3637 3637
3638 3638
3643 3643
2233 3646
3647 3647
3648 3648
3649 3649
5261 3650
3652 3652
3653 3653
779 3654
2630 3655
5576 3656
3657 3657
2206 3660
3661 3661
3664 3664
6135 3666
3667 3667
3614 3671
3672 3672
3673 3673
3773 3674
2197 3676
3678 3678
1588 3682
3683 3683
3685 3685
3687 3687
3440 3688
3732 3691
3852 3692
4047 3700
4026 3701
3702 3702
3703 3703
3704 3704
3706 3706
3707 3707
3708 3708
3710 3710
194 3716
3717 3717
3718 3718
3719 3719
4345 3721
3723 3723
4067 3724
3727 3727
3728 3728
3730 3730
2136 3733
3734 3734
3735 3735
3738 3738
3739 3739
3801 3746
3747 3747
3297 3748
3750 3750
3906 3752
3753 3753
3754 3754
3768 3755
3759 3759
4060 3760
4131 3764
3765 3765
3766 3766
3737 3768
3769 3769
897 3771
3593 3772
3773 3773
3845 3774
1544 3775
3776 3776
3777 3777
4091 3780
3781 3781
3782 3782
362 3783
3785 3785
4099 3786
3953 3787
3788 3788
288 3789
4049 3790
5280 3792
3793 3793
2285 3794
5626 3795
3796 3796
3733 3797
3798 3798
3799 3799
3806 3806
5069 3808
6781 3809
3811 3811
3812 3812
3813 3813
6640 3814
4099 3815
3816 3816
3868 3818
1544 3820
3821 3821
3824 3824
3825 3825
3826 3826
3297 3827
3828 3828
3829 3829
3833 3833
3047 3834
3835 3835
3838 3838
5876 3839
646 3841
3786 3842
3843 3843
6235 3844
3845 3845
4871 3846
3847 3847
524 3848
3850 3850
3851 3851
3852 3852
3855 3855
3858 3858
3861 3861
1370 3865
3867 3867
3868 3868
3925 3870
1989 3871
3727 3873
3874 3874
2522 3876
3877 3877
3883 3883
3884 3884
3778 3885
3887 3887
3692 3888
5019 3891
3892 3892
5833 3893
5578 3895
3896 3896
2784 3897
3899 3899
3900 3900
3680 3901
3902 3902
6881 3903
58 3905
3906 3906
3908 3908
3910 3910
3737 3914
5809 3916
3918 3918
1544 3919
4483 3920
2524 3921
3922 3922
6664 3923
3925 3925
3926 3926
3927 3927
3929 3929
3932 3932
3936 3936
3941 3941
5967 3942
3943 3943
6720 3946
6652 3947
3735 3948
1689 3949
3950 3950
3952 3952
3953 3953
3954 3954
3956 3956
3959 3959
3960 3960
3962 3962
4119 3963
3923 3964
3965 3965
3967 3967
3838 3972
5546 3975
3976 3976
3979 3979
3980 3980
3988 3988
3991 3991
6469 3995
3996 3996
4947 3999
6123 4000
4005 4005
4006 4006
4274 4007
4008 4008
4011 4011
4012 4012
4013 4013
4014 4014
4015 4015
4016 4016
4019 4019
4020 4020
4022 4022
4023 4023
4075 4027
4028 4028
4029 4029
4032 4032
4033 4033
3908 4035
4036 4036
4037 4037
4039 4039
3291 4041
4042 4042
4044 4044
4045 4045
4048 4048
4052 4052
4054 4054
6643 4057
4058 4058
4062 4062
5369 4065
4832 4066
4067 4067
5330 4068
4069 4069
4074 4070
4071 4071
4073 4073
4074 4074
2941 4075
4076 4076
4077 4077
3786 4078
4082 4082
4083 4083
4084 4084
3603 4088
4031 4090
4091 4091
4092 4092
4093 4093
4094 4094
3950 4095
3870 4097
6537 4098
4100 4100
4101 4101
3943 4102
2628 4103
16 4106
4108 4108
4110 4110
6492 4112
4114 4114
4115 4115
3836 4116
4117 4117
4119 4119
111 4121
4123 4123
4124 4124
4125 4125
4126 4126
3949 4127
531 4129
6048 4130
4002 4131
4766 4132
3656 4133
4134 4134
3642 4136
2270 4137
4140 4140
4141 4141
4143 4143
2048 4147
4149 4149
4150 4150
4155 4155
6178 4156
4157 4157
4158 4158
4488 4163
3197 4164
4166 4166
2903 4167
4168 4168
4211 4173
4174 4174
4176 4176
3684 4177
3833 4178
5576 4182
2119 4183
2189 4185
4186 4186
484 4191
4192 4192
4198 4198
3007 4201
6780 4202
5020 4203
1670 4204
4205 4205
4206 4206
4939 4208
4210 4210
4211 4211
2137 4212
1116 4213
4457 4214
3794 4216
4217 4217
4226 4226
2412 4227
3609 4228
4230 4230
4234 4234
96 4236
4238 4238
4923 4239
4240 4240
4241 4241
4242 4242
4243 4243
4244 4244
4247 4247
549 4256
6533 4257
4147 4258
2197 4259
5403 4264
4265 4265
3616 4268
2144 4269
107 4273
4277 4277
1219 4280
1094 4281
4282 4282
6041 4284
4285 4285
5206 4288
4290 4290
4791 4291
4294 4294
4297 4297
4299 4299
4354 4302
4075 4304
4305 4305
4306 4306
4308 4308
1914 4310
4311 4311
2866 4312
4314 4314
1041 4316
4317 4317
4321 4321
4322 4322
4766 4323
854 4326
4328 4328
4329 4329
4572 4331
4332 4332
897 4333
4335 4335
4337 4337
3441 4339
4340 4340
107 4342
4343 4343
3820 4345
976 4348
4349 4349
3309 4351
4354 4354
4357 4357
4358 4358
4118 4360
4361 4361
1695 4363
4431 4367
5434 4371
4372 4372
4374 4374
6755 4376
5028 4377
4379 4379
4381 4381
4383 4383
4386 4386
4388 4388
4389 4389
4391 4391
4392 4392
1533 4393
4075 4395
4396 4396
2659 4400
5280 4401
4411 4402
4405 4405
804 4406
4407 4407
945 4409
50 4410
4411 4411
4412 4412
4417 4417
3698 4418
2447 4420
6804 4421
3974 4422
4423 4423
4424 4424
4425 4425
4428 4428
4431 4431
3513 4432
4436 4436
1633 4437
4143 4439
4440 4440
4392 4441
4442 4442
4443 4443
1041 4444
6460 4445
4446 4446
3657 4448
5664 4450
4452 4452
4458 4458
3386 4459
5313 4460
4461 4461
4463 4463
4465 4465
2604 4468
3657 4469
4470 4470
4472 4472
3013 4477
4478 4478
1195 4480
4481 4481
4779 4482
1041 4484
4485 4485
4486 4486
4488 4488
4490 4490
4493 4493
4494 4494
4495 4495
4497 4497
2285 4498
4502 4502
4503 4503
2189 4504
4506 4506
1148 4509
4501 4513
3778 4515
4516 4516
4527 4527
4528 4528
3778 4530
4533 4533
2869 4534
3491 4536
4537 4537
4538 4538
3174 4539
5286 4542
4543 4543
4121 4544
4760 4545
4546 4546
4876 4547
4548 4548
1518 4549
4550 4550
4552 4552
4553 4553
6464 4554
6152 4556
4562 4562
4564 4564
2882 4566
6164 4567
4568 4568
4572 4572
4573 4573
3308 4579
1646 4582
1351 4583
4586 4586
4864 4588
5105 4589
6297 4590
4593 4593
2441 4595
2285 4596
2013 4597
5390 4598
4602 4602
4057 4605
2094 4606
4607 4607
3477 4611
5051 4614
6247 4615
1350 4618
4621 4621
4624 4624
3021 4626
4628 4628
3715 4630
4631 4631
4634 4634
4636 4636
4637 4637
4639 4639
4641 4641
4644 4644
4646 4646
4648 4648
4650 4650
1520 4651
4653 4653
3939 4657
5646 4663
4664 4664
4666 4666
2748 4669
5368 4675
4677 4677
1624 4682
4685 4685
4687 4687
4688 4688
4689 4689
4693 4693
2079 4697
4698 4698
4699 4699
4701 4701
4705 4705
4709 4709
4774 4710
4711 4711
4712 4712
4713 4713
6161 4714
6201 4716
4902 4718
2069 4719
1233 4720
4722 4722
4725 4725
4727 4727
4728 4728
4729 4729
4730 4730
342 4731
3504 4732
4734 4734
4737 4737
4738 4738
6849 4742
4744 4744
4746 4746
4747 4747
3309 4748
4751 4751
4752 4752
4620 4753
4754 4754
4755 4755
4756 4756
4757 4757
5585 4758
5261 4760
4764 4764
3197 4765
3021 4766
4770 4770
3205 4771
3794 4774
3532 4779
5115 4782
6626 4784
1285 4785
4786 4786
4789 4789
4383 4790
4793 4793
4794 4794
1440 4796
4797 4797
1203 4801
4806 4806
4808 4808
6248 4811
4814 4814
3311 4815
6111 4816
4817 4817
4075 4819
4820 4820
4821 4821
1941 4825
4828 4828
4830 4830
4831 4831
4832 4832
5301 4833
4836 4836
1144 4838
4839 4839
3604 4841
4842 4842
6759 4843
5849 4845
6417 4846
4849 4849
3041 4852
4854 4854
4855 4855
1064 4856
4859 4859
6664 4860
3872 4861
4988 4862
4863 4863
4871 4871
1038 4873
4874 4874
4701 4875
2008 4877
4878 4878
4881 4881
2752 4884
4887 4887
4889 4889
221 4891
5405 4893
5474 4899
4900 4900
4901 4901
630 4902
6322 4903
4905 4905
4906 4906
4907 4907
272 4908
4910 4910
4912 4912
4913 4913
4915 4915
4916 4916
43 4917
6480 4918
2760 4920
4083 4922
4057 4924
4930 4930
2369 4931
4935 4935
4936 4936
3773 4937
119 4939
2537 4940
4941 4941
4943 4943
5442 4944
4948 4948
3197 4949
4950 4950
4951 4951
5934 4952
4953 4953
4956 4956
1996 4957
4958 4958
6774 4961
4962 4962
4963 4963
834 4965
4968 4968
3732 4969
4824 4970
4973 4973
5423 4978
972 4980
4982 4982
5456 4984
4985 4985
4987 4987
4989 4989
344 4990
4991 4991
4992 4992
3911 4994
4999 4999
5911 5000
6757 5002
6444 5005
6066 5007
5547 5008
1742 5010
5135 5012
724 5014
1484 5016
6772 5018
5685 5019
5022 5022
5024 5024
5026 5026
5027 5027
2054 5028
5032 5032
5137 5035
3187 5037
168 5039
5041 5041
4610 5042
2880 5045
808 5046
6511 5047
3394 5048
5050 5050
5053 5053
5054 5054
5056 5056
4207 5057
342 5059
5061 5061
565 5062
2213 5066
2422 5067
6296 5068
5069 5069
5073 5073
5074 5074
2340 5075
5166 5078
5079 5079
5080 5080
5081 5081
5756 5083
5084 5084
5086 5086
3999 5088
5430 5089
5090 5090
5093 5093
5094 5094
523 5096
5097 5097
1403 5098
5100 5100
3196 5104
5627 5106
1357 5107
5110 5110
5113 5113
5765 5115
5116 5116
5117 5117
5119 5119
5120 5120
5122 5122
5124 5124
5125 5125
5126 5126
5130 5130
5131 5131
1115 5134
5136 5136
5367 5137
5138 5138
5139 5139
5141 5141
5142 5142
5143 5143
5144 5144
5146 5146
6404 5149
76 5153
5156 5156
5158 5158
1508 5160
5163 5163
3232 5165
5166 5166
6835 5172
3241 5173
5174 5174
3479 5176
5178 5178
5179 5179
1159 5180
5183 5183
5185 5185
5186 5186
5188 5188
5189 5189
5191 5191
5192 5192
5193 5193
5195 5195
5196 5196
5197 5197
5198 5198
5200 5200
5202 5202
5204 5204
4999 5207
5208 5208
3833 5213
1224 5214
5214 5215
4112 5217
3999 5218
5219 5219
5220 5220
5221 5221
484 5224
5225 5225
2558 5226
4971 5227
5231 5231
5232 5232
5233 5233
5234 5234
5235 5235
1822 5238
5239 5239
3574 5240
5811 5243
5244 5244
1492 5245
362 5246
5248 5248
5250 5250
5251 5251
5252 5252
5255 5255
679 5256
1388 5257
5259 5259
5261 5261
366 5264
5265 5265
1414 5268
5269 5269
5876 5271
4075 5274
4188 5275
5276 5276
5313 5277
3715 5278
5281 5281
4759 5289
3808 5292
815 5293
5294 5294
5295 5295
5300 5300
5302 5302
5303 5303
5306 5306
3686 5309
3562 5311
5314 5314
530 5316
6287 5317
1195 5318
481 5319
4519 5321
5323 5323
5324 5324
2453 5326
5329 5329
5330 5330
3861 5331
1264 5332
5333 5333
2984 5335
18 5336
243 5338
5339 5339
5341 5341
1027 5342
5343 5343
2434 5346
6835 5347
5348 5348
5349 5349
2173 5351
5353 5353
5354 5354
539 5362
2563 5363
6047 5365
4933 5367
5368 5368
5371 5371
6793 5376
5377 5377
5378 5378
5381 5381
1954 5383
3018 5384
5385 5385
5387 5387
5388 5388
816 5389
724 5391
5393 5393
5395 5395
5968 5396
2474 5405
5406 5406
154 5407
5410 5410
5600 5411
3910 5415
5416 5416
2439 5417
319 5420
2622 5422
4601 5426
5430 5430
4063 5431
5437 5437
5438 5438
5440 5440
5441 5441
777 5442
5443 5443
5445 5445
897 5447
5448 5448
5452 5452
5230 5457
5458 5458
5460 5460
5462 5462
5464 5464
1724 5465
5468 5468
5470 5470
3744 5471
5472 5472
6804 5473
5474 5474
221 5475
5480 5480
2812 5482
5483 5483
5486 5486
5487 5487
5489 5489
1232 5490
1954 5491
5494 5494
715 5495
5497 5497
3230 5498
5499 5499
5501 5501
5502 5502
5524 5505
6432 5507
5508 5508
5510 5510
6643 5511
1712 5512
3352 5515
5517 5517
5519 5519
5521 5521
5522 5522
5523 5523
4565 5525
6180 5526
5528 5528
5529 5529
5532 5532
578 5533
5534 5534
5535 5535
5536 5536
3146 5537
3576 5538
5539 5539
5540 5540
5541 5541
5542 5542
5543 5543
6651 5545
5546 5546
5548 5548
5549 5549
5550 5550
5551 5551
568 5553
5249 5554
3851 5555
2073 5556
2405 5559
4791 5561
1954 5565
5567 5567
5569 5569
1690 5570
5573 5573
6557 5575
3473 5576
5579 5579
5581 5581
5583 5583
5584 5584
5589 5589
5590 5590
3707 5592
5595 5595
5596 5596
3955 5597
504 5598
6443 5599
1438 5600
5601 5601
5602 5602
6720 5605
5340 5606
5610 5610
1644 5612
3588 5613
5442 5614
6557 5616
5618 5618
5619 5619
5622 5622
5627 5627
5630 5630
5631 5631
5632 5632
5635 5635
5636 5636
1145 5637
5640 5640
5641 5641
6449 5643
5644 5644
700 5645
5646 5646
5648 5648
4483 5649
5651 5651
6835 5652
5654 5654
2285 5655
4021 5657
5659 5659
3308 5662
5663 5663
5665 5665
5666 5666
5667 5667
5669 5669
5783 5672
538 5673
5674 5674
5675 5675
5677 5677
5679 5679
328 5683
5684 5684
5685 5685
6869 5689
4355 5694
6417 5696
5697 5697
5698 5698
4075 5700
5702 5702
1260 5703
5704 5704
5705 5705
5706 5706
516 5707
5709 5709
1063 5711
5714 5714
736 5715
5716 5716
5717 5717
5720 5720
5724 5724
6297 5725
5059 5726
5486 5728
3441 5730
5732 5732
5733 5733
5734 5734
5863 5736
5740 5740
3909 5743
5745 5745
969 5748
5750 5750
4120 5752
5754 5754
67 5756
1535 5757
2437 5761
5762 5762
2006 5764
5765 5765
5767 5767
3235 5768
5043 5769
5775 5775
5777 5777
537 5778
5780 5780
5783 5783
5255 5784
5785 5785
5242 5787
4582 5788
5789 5789
5793 5793
5794 5794
5796 5796
5799 5799
5800 5800
5596 5801
5802 5802
1807 5803
1548 5804
4395 5806
3498 5808
5811 5811
5812 5812
5813 5813
3614 5815
770 5816
6313 5819
3241 5822
2911 5825
6819 5826
1038 5827
5828 5828
5829 5829
5834 5834
5837 5837
5838 5838
5840 5840
5845 5845
3603 5846
5847 5847
4766 5850
5851 5851
6332 5854
5855 5855
1414 5860
630 5863
2903 5865
5866 5866
5869 5869
5872 5872
805 5873
5875 5875
5876 5876
5878 5878
5879 5879
5880 5880
5881 5881
5882 5882
5884 5884
5885 5885
5887 5887
41 5888
584 5889
2399 5892
6017 5893
5896 5896
5250 5897
5899 5899
5901 5901
5902 5902
5903 5903
4132 5906
5910 5910
6109 5913
4626 5914
6767 5915
5916 5916
3939 5918
2896 5919
784 5920
3794 5921
5922 5922
5923 5923
5927 5927
5929 5929
4792 5931
5932 5932
5933 5933
3939 5934
1479 5935
5936 5936
5938 5938
5939 5939
1038 5942
5944 5944
1460 5946
5949 5949
5950 5950
5951 5951
5952 5952
5953 5953
4075 5956
5959 5959
848 5961
2498 5963
6757 5964
5135 5965
5966 5966
5576 5967
2137 5968
5456 5970
6144 5971
5974 5974
515 5976
5977 5977
5978 5978
5979 5979
5980 5980
5981 5981
5982 5982
5983 5983
5985 5985
5986 5986
2534 5987
5988 5988
5989 5989
1460 5990
5991 5991
5993 5993
5994 5994
5995 5995
5996 5996
5851 5997
18 5998
3658 6001
6005 6005
6006 6006
6011 6011
1792 6016
6023 6023
6024 6024
3989 6025
6502 6027
6029 6029
6030 6030
228 6035
6219 6038
6039 6039
4045 6040
6470 6041
6042 6042
6044 6044
6045 6045
6048 6048
1414 6050
4203 6052
6054 6054
6055 6055
6056 6056
1876 6057
6059 6059
6063 6063
6064 6064
6066 6066
6067 6067
2221 6068
6069 6069
6072 6072
6077 6077
6078 6078
2197 6079
6081 6081
6083 6083
6084 6084
6086 6086
1504 6087
2311 6089
6090 6090
2798 6091
6608 6092
2875 6094
1997 6096
6097 6097
566 6101
6102 6102
2735 6106
6107 6107
3321 6108
6110 6110
1017 6112
3989 6114
4385 6115
6116 6116
6117 6117
4998 6118
6119 6119
6121 6121
4112 6124
6843 6127
6128 6128
6130 6130
1462 6132
4534 6133
6135 6135
6136 6136
6139 6139
6142 6142
6728 6145
6147 6147
791 6149
59 6151
3100 6152
6153 6153
6154 6154
6302 6156
6157 6157
6159 6159
6160 6160
6161 6161
6162 6162
6163 6163
6116 6165
1315 6166
567 6168
6169 6169
6170 6170
6172 6172
2609 6174
6175 6175
3817 6176
6178 6178
6179 6179
6180 6180
6181 6181
327 6184
6187 6187
6301 6189
6191 6191
6193 6193
1916 6195
4664 6196
551 6200
3205 6204
3250 6206
6207 6207
6209 6209
6211 6211
6212 6212
3569 6214
1576 6216
6219 6219
6224 6224
6225 6225
6227 6227
6230 6230
6231 6231
1660 6234
6235 6235
6058 6236
4733 6237
6238 6238
3477 6244
6246 6246
6247 6247
6248 6248
6249 6249
6252 6252
4733 6254
3143 6257
5521 6263
6264 6264
6265 6265
6267 6267
6271 6271
3561 6273
6682 6274
6275 6275
6276 6276
6278 6278
6280 6280
6281 6281
6282 6282
6285 6285
2701 6286
6288 6288
4639 6289
5093 6291
3104 6295
4053 6297
6302 6302
6303 6303
3939 6304
6305 6305
4755 6307
6309 6309
6310 6310
6315 6315
6316 6316
4824 6317
1728 6318
6319 6319
6608 6321
6322 6322
4381 6323
6326 6326
1670 6329
6330 6330
6332 6332
6337 6337
6338 6338
5330 6339
6340 6340
3715 6342
670 6343
6346 6346
6349 6349
5838 6354
828 6356
1197 6357
6358 6358
4122 6359
6360 6360
3420 6361
6363 6363
6365 6365
1426 6367
6368 6368
6370 6370
3691 6372
6375 6375
6254 6377
6381 6381
3267 6382
2831 6383
6363 6385
2137 6387
6388 6388
2882 6392
2563 6394
6103 6396
1399 6398
1301 6399
6402 6402
6406 6406
3111 6407
6557 6408
880 6410
5501 6411
6415 6415
6417 6417
3707 6419
6423 6423
6425 6425
6426 6426
5828 6428
6429 6429
6431 6431
6434 6434
6438 6438
1592 6440
3158 6442
6444 6444
6446 6446
5365 6448
2400 6449
3128 6451
672 6455
4620 6456
6440 6459
6460 6460
362 6462
6464 6464
6466 6466
6467 6467
6468 6468
6473 6473
4738 6475
630 6476
6477 6477
6479 6479
6352 6483
2898 6485
6486 6486
6407 6488
4712 6489
6491 6491
1076 6492
3820 6493
6499 6499
6504 6504
6505 6505
6508 6508
6510 6510
5927 6511
6513 6513
4312 6515
3253 6516
1191 6521
4004 6522
275 6524
2971 6526
6527 6527
3197 6528
1160 6529
6530 6530
966 6531
6263 6533
3013 6534
6537 6537
6538 6538
1262 6539
1041 6543
3794 6545
6546 6546
4213 6549
1967 6550
6551 6551
6608 6552
5140 6553
630 6556
6557 6557
6559 6559
2305 6563
6074 6565
6566 6566
6567 6567
6569 6569
4699 6570
6572 6572
6573 6573
6574 6574
6577 6577
6551 6578
6581 6581
4926 6583
6588 6588
6591 6591
6592 6592
6595 6595
6598 6598
6599 6599
6600 6600
621 6602
6603 6603
6605 6605
6606 6606
6607 6607
6610 6610
5679 6611
6613 6613
6615 6615
3833 6616
6617 6617
109 6622
6623 6623
4124 6625
6626 6626
4853 6628
6630 6630
6631 6631
6608 6632
6633 6633
3208 6634
4689 6635
5199 6636
6637 6637
6638 6638
6639 6639
6641 6641
6642 6642
6643 6643
6644 6644
5180 6645
5206 6647
6260 6648
5547 6650
6657 6657
2385 6658
6659 6659
6662 6662
6663 6663
6665 6665
6666 6666
1662 6670
566 6675
4656 6677
4919 6684
6662 6685
3420 6686
2209 6688
5732 6689
5693 6691
1841 6692
6693 6693
4075 6698
18 6702
6704 6704
1041 6705
6706 6706
6708 6708
6768 6710
6713 6713
6714 6714
6715 6715
5249 6718
6719 6719
2285 6720
6721 6721
2510 6722
3348 6724
6725 6725
6727 6727
1258 6729
6731 6731
4845 6732
6700 6734
6735 6735
6737 6737
6739 6739
5414 6740
3208 6742
6248 6744
4463 6745
3680 6748
4068 6749
5411 6750
327 6751
6752 6752
6754 6754
3457 6755
6758 6758
2096 6759
2732 6766
6767 6767
5631 6769
6770 6770
5834 6772
6774 6774
3507 6775
6778 6778
6780 6780
4312 6782
6784 6784
3732 6786
1416 6787
6791 6791
6792 6792
6793 6793
1195 6796
6797 6797
3360 6799
6800 6800
3298 6806
6807 6807
6809 6809
6348 6810
6476 6814
6817 6817
328 6818
6823 6823
3065 6825
6827 6827
6829 6829
6830 6830
6831 6831
2880 6832
3126 6833
6834 6834
1106 6835
2837 6836
6838 6838
6839 6839
6841 6841
6842 6842
6844 6844
1063 6845
4817 6848
1309 6849
133 6853
6854 6854
6856 6856
6859 6859
6860 6860
4706 6863
6865 6865
6866 6866
2401 6867
6868 6868
6509 6869
6872 6872
4871 6874
6875 6875
6878 6878
4319 6879
6880 6880
4312 6883
3186 6888
6889 6889
