1998 1998
5535 5535
3776 3776
3843 3843
239 239
3949 3949
294 294
5506 5506
409 409
292 292
3056 3056
261 261
315 315
432 432
3499 3499
442 442
244 244
37 37
25 25
5594 5594
328 328
314 314
408 408
36 36
407 407
17 17
24 24
3754 3754
341 341
3628 3628
44 44
3055 3055
410 410
3576 3576
227 227
340 340
5659 5659
81 81
3560 3560
27 27
3914 3914
5601 5601
312 312
3702 3702
5504 5504
3053 3053
138 138
2177 2177
327 327
15 15
359 359
6276 6276
3846 3846
41 41
3847 3847
344 344
323 323
3789 3789
70 70
325 325
3806 3806
3925 3925
63 63
82 82
29 29
6247 6247
76 76
35 35
3922 3922
3753 3753
3926 3926
3927 3927
65 65
3555 3555
3861 3861
3773 3773
330 330
289 289
3833 3833
3547 3547
322 322
3825 3825
5640 5640
5750 5750
3521 3521
5675 5675
3850 3850
6271 6271
5840 5840
456 456
343 343
6269 6269
3856 3856
3631 3631
3747 3747
6256 6256
67 67
3551 3551
3821 3821
6275 6275
3583 3583
64 64
2263 2263
321 321
3552 3552
3851 3851
3829 3829
5517 5517
3930 3930
3579 3579
3609 3609
3584 3584
3739 3739
3828 3828
2791 2791
438 438
3848 3848
3577 3577
130 130
3755 3755
3581 3581
3824 3824
3791 3791
3596 3596
2490 2490
5508 5508
356 356
3932 3932
5598 5598
311 311
228 228
2127 2127
141 141
6248 6248
3586 3586
2289 2289
5842 5842
3601 3601
117 117
3561 3561
6267 6267
5519 5519
5724 5724
2056 2056
2292 2292
435 435
5589 5589
5707 5707
2246 2246
2130 2130
3798 3798
6268 6268
2808 2808
5445 5445
5590 5590
2129 2129
5624 5624
5579 5579
3649 3649
5845 5845
2793 2793
436 436
2152 2152
2055 2055
2814 2814
2811 2811
421 421
10 10
2795 2795
5721 5721
2817 2817
5536 5536
2167 2167
3703 3703
3613 3613
3634 3634
2511 2511
2810 2810
2140 2140
2803 2803
2381 2381
3638 3638
2779 2779
3621 3621
6261 6261
2818 2818
5452 5452
2792 2792
3565 3565
5464 5464
2815 2815
2383 2383
5625 5625
351 351
5950 5950
5753 5753
140 140
3700 3700
2783 2783
2388 2388
5674 5674
2150 2150
124 124
5951 5951
156 156
2400 2400
2046 2046
119 119
2799 2799
2775 2775
62 62
5630 5630
100 100
5848 5848
2001 2001
188 188
5829 5829
104 104
2261 2261
6238 6238
94 94
3568 3568
2044 2044
2378 2378
2497 2497
2049 2049
2498 2498
2136 2136
2054 2054
2485 2485
232 232
2375 2375
5613 5613
245 245
4 4
3705 3705
2593 2593
1993 1993
5612 5612
5952 5952
2052 2052
5835 5835
2598 2598
2499 2499
2367 2367
2389 2389
122 122
157 157
2193 2193
2470 2470
2124 2124
2011 2011
2003 2003
5522 5522
155 155
5851 5851
5838 5838
2596 2596
6 6
5635 5635
5514 5514
2278 2278
2175 2175
2061 2061
2186 2186
6235 6235
3655 3655
2080 2080
2377 2377
5641 5641
2005 2005
2362 2362
5954 5954
3704 3704
5525 5525
5953 5953
2385 2385
5717 5717
5523 5523
5698 5698
5932 5932
5632 5632
5697 5697
2239 2239
2007 2007
2240 2240
2475 2475
5949 5949
5834 5834
5443 5443
5939 5939
2395 2395
3667 3667
5648 5648
2610 2610
7 7
5654 5654
5538 5538
5540 5540
3771 3771
6056 6056
3908 3908
2204 2204
5966 5966
2390 2390
2623 2623
5751 5751
5619 5619
5745 5745
2613 2613
6057 6057
1984 1984
5627 5627
2205 2205
2472 2472
5542 5542
2144 2144
2514 2514
2591 2591
5581 5581
2086 2086
2588 2588
2030 2030
2505 2505
5686 5686
2585 2585
5496 5496
5468 5468
2237 2237
2503 2503
5497 5497
2624 2624
2600 2600
5944 5944
1983 1983
2484 2484
2393 2393
6054 6054
5665 5665
5551 5551
5489 5489
2280 2280
2210 2210
2506 2506
5684 5684
2 2
2220 2220
3045 3045
2255 2255
2256 2256
6077 6077
5529 5529
6076 6076
5666 5666
6058 6058
6045 6045
5499 5499
6063 6063
5741 5741
3894 3894
260 260
6075 6075
5678 5678
6062 6062
3895 3895
377 377
5470 5470
6064 6064
2231 2231
2254 2254
2401 2401
2035 2035
2233 2233
2094 2094
5528 5528
2095 2095
2287 2287
6072 6072
5968 5968
2397 2397
5487 5487
5855 5855
2630 2630
2010 2010
6084 6084
5986 5986
2639 2639
5852 5852
5977 5977
5474 5474
5475 5475
6079 6079
2636 2636
5546 5546
2272 2272
2685 2685
3706 3706
2509 2509
2087 2087
5706 5706
5549 5549
5742 5742
3884 3884
3883 3883
3058 3058
3886 3886
6029 6029
2643 2643
5985 5985
5734 5734
2197 2197
393 393
5984 5984
5484 5484
6083 6083
6086 6086
5743 5743
5483 5483
5526 5526
2018 2018
2215 2215
2216 2216
6103 6103
2517 2517
6143 6143
6102 6102
5982 5982
2017 2017
2299 2299
5679 5679
3707 3707
2114 2114
2684 2684
5981 5981
6101 6101
2342 2342
2644 2644
2650 2650
5571 5571
6147 6147
2298 2298
5494 5494
2031 2031
2022 2022
2688 2688
2652 2652
2302 2302
6130 6130
6095 6095
2523 2523
3163 3163
6090 6090
2019 2019
5869 5869
6160 6160
2182 2182
308 308
3906 3906
5560 5560
2092 2092
333 333
5575 5575
2441 2441
5563 5563
2457 2457
5802 5802
2677 2677
147 147
6098 6098
6159 6159
2297 2297
3816 3816
2432 2432
5643 5643
5714 5714
376 376
2295 2295
5988 5988
5759 5759
2648 2648
6121 6121
2288 2288
5762 5762
2014 2014
2699 2699
2252 2252
6162 6162
5609 5609
6105 6105
5806 5806
5903 5903
5902 5902
5664 5664
2431 2431
5691 5691
3941 3941
6161 6161
2705 2705
5573 5573
2691 2691
2089 2089
5396 5396
6112 6112
6163 6163
5783 5783
6128 6128
5740 5740
3673 3673
6117 6117
6175 6175
2296 2296
5807 5807
374 374
5663 5663
6880 6880
6110 6110
5778 5778
2689 2689
5793 5793
5767 5767
5994 5994
2230 2230
3692 3692
2646 2646
3818 3818
2671 2671
5777 5777
2279 2279
2654 2654
2700 2700
2250 2250
2456 2456
6005 6005
2692 2692
5440 5440
309 309
2436 2436
5991 5991
6139 6139
2573 2573
2572 2572
4069 4069
3710 3710
2567 2567
3782 3782
2550 2550
6170 6170
3954 3954
6136 6136
258 258
3050 3050
6125 6125
5384 5384
3877 3877
2558 2558
2544 2544
2674 2674
6154 6154
4019 4019
6108 6108
3965 3965
2317 2317
2537 2537
2559 2559
2308 2308
3976 3976
3962 3962
5567 5567
5989 5989
5811 5811
6219 6219
6039 6039
468 468
4014 4014
5799 5799
3888 3888
5788 5788
5812 5812
3670 3670
6040 6040
2312 2312
5390 5390
5393 5393
2316 2316
5789 5789
2116 2116
5775 5775
296 296
5813 5813
3899 3899
6024 6024
6172 6172
6023 6023
3687 3687
4016 4016
2207 2207
4018 4018
4071 4071
5780 5780
5387 5387
2715 2715
4010 4010
2576 2576
158 158
4021 4021
4037 4037
475 475
5702 5702
2423 2423
2434 2434
4050 4050
2463 2463
5886 5886
5880 5880
2437 2437
6887 6887
4038 4038
2305 2305
4042 4042
5800 5800
4013 4013
2440 2440
4004 4004
3979 3979
3986 3986
2209 2209
3864 3864
3738 3738
3980 3980
5403 5403
4036 4036
2541 2541
3978 3978
2311 2311
4023 4023
2350 2350
4035 4035
3733 3733
1766 1766
4048 4048
5239 5239
269 269
5405 5405
3796 3796
5406 5406
285 285
2306 2306
5423 5423
4044 4044
2425 2425
1934 1934
2468 2468
2467 2467
2448 2448
5782 5782
3967 3967
3874 3874
2443 2443
4034 4034
3781 3781
1943 1943
2352 2352
4032 4032
369 369
2324 2324
181 181
5901 5901
5878 5878
5923 5923
180 180
4045 4045
5430 5430
199 199
4030 4030
2354 2354
2340 2340
4029 4029
504 504
2429 2429
448 448
2435 2435
3694 3694
1928 1928
3985 3985
533 533
2321 2321
360 360
214 214
3989 3989
5410 5410
401 401
2103 2103
2444 2444
2105 2105
2318 2318
363 363
168 168
179 179
2286 2286
2104 2104
3662 3662
5438 5438
1972 1972
529 529
396 396
5904 5904
507 507
367 367
6185 6185
387 387
3900 3900
1932 1932
2244 2244
204 204
2740 2740
5899 5899
5896 5896
5890 5890
6198 6198
1962 1962
565 565
6187 6187
576 576
5907 5907
538 538
5927 5927
2733 2733
516 516
5416 5416
200 200
1942 1942
540 540
1609 1609
1956 1956
5411 5411
1625 1625
5093 5093
6817 6817
6834 6834
491 491
1974 1974
560 560
1608 1608
5094 5094
1918 1918
482 482
3727 3727
1585 1585
5051 5051
6838 6838
1561 1561
2873 2873
6832 6832
5072 5072
3340 3340
6212 6212
2874 2874
1966 1966
5081 5081
2738 2738
5080 5080
153 153
3358 3358
1700 1700
217 217
1578 1578
1593 1593
1699 1699
558 558
5378 5378
1595 1595
1572 1572
6229 6229
1976 1976
2721 2721
1598 1598
5078 5078
6809 6809
1687 1687
2722 2722
1689 1689
1913 1913
6334 6334
3717 3717
5158 5158
1557 1557
1955 1955
5113 5113
6227 6227
1603 1603
6841 6841
6200 6200
1600 1600
5193 5193
1601 1601
6804 6804
6808 6808
6830 6830
1730 1730
3229 3229
3278 3278
6856 6856
163 163
1556 1556
1977 1977
3269 3269
5062 5062
5056 5056
3267 3267
5097 5097
3290 3290
1660 1660
3284 3284
3368 3368
5192 5192
6835 6835
552 552
1546 1546
3283 3283
3255 3255
1571 1571
3892 3892
3289 3289
1579 1579
1576 1576
2718 2718
6807 6807
1949 1949
3288 3288
5205 5205
6839 6839
6191 6191
3317 3317
1573 1573
6599 6599
3280 3280
6793 6793
1567 1567
1727 1727
2727 2727
1912 1912
3207 3207
5074 5074
398 398
6754 6754
6731 6731
6792 6792
5041 5041
5126 5126
6598 6598
5059 5059
6600 6600
3202 3202
3363 3363
6733 6733
1586 1586
1618 1618
6727 6727
1628 1628
3367 3367
5198 5198
1662 1662
1900 1900
1331 1331
1627 1627
3201 3201
5156 5156
1738 1738
3371 3371
5090 5090
3316 3316
1568 1568
6762 6762
6603 6603
6771 6771
3442 3442
1588 1588
5117 5117
6842 6842
1704 1704
3251 3251
3254 3254
5058 5058
6860 6860
6725 6725
3223 3223
6865 6865
5195 5195
3381 3381
3243 3243
3292 3292
1622 1622
6774 6774
6778 6778
6788 6788
5374 5374
6707 6707
5130 5130
3323 3323
6859 6859
6827 6827
3728 3728
6854 6854
6868 6868
3440 3440
3237 3237
6785 6785
5053 5053
5131 5131
6787 6787
3241 3241
6739 6739
2765 2765
6696 6696
3196 3196
5211 5211
3252 3252
3246 3246
6797 6797
3294 3294
3219 3219
1657 1657
3902 3902
2751 2751
6823 6823
3188 3188
2731 2731
5116 5116
3391 3391
6662 6662
6724 6724
3206 3206
3373 3373
6688 6688
6715 6715
5196 5196
6482 6482
6824 6824
2877 2877
3348 3348
1720 1720
5343 5343
3195 3195
6471 6471
3240 3240
5054 5054
6643 6643
1655 1655
1632 1632
6660 6660
6477 6477
3417 3417
3335 3335
6665 6665
1914 1914
6637 6637
6663 6663
2745 2745
3180 3180
2728 2728
3349 3349
1615 1615
6448 6448
2822 2822
3242 3242
1614 1614
1725 1725
3664 3664
6706 6706
4061 4061
6657 6657
6666 6666
3182 3182
6675 6675
6630 6630
6581 6581
1619 1619
6597 6597
6644 6644
3235 3235
5018 5018
6631 6631
3194 3194
6638 6638
3234 3234
6683 6683
5027 5027
5045 5045
3813 3813
3131 3131
6446 6446
6444 6444
3411 3411
6592 6592
4913 4913
3445 3445
2984 2984
4828 4828
4830 4830
5028 5028
5207 5207
3325 3325
4914 4914
5172 5172
6479 6479
1254 1254
3183 3183
1121 1121
6449 6449
3320 3320
3175 3175
3321 3321
2898 2898
1387 1387
6721 6721
1683 1683
6577 6577
6574 6574
1755 1755
5152 5152
1133 1133
6625 6625
6330 6330
3447 3447
1647 1647
4058 4058
6332 6332
3177 3177
6605 6605
1414 1414
3193 3193
1515 1515
1128 1128
400 400
4428 4428
1670 1670
3452 3452
1646 1646
6801 6801
1355 1355
6800 6800
1634 1634
6623 6623
3388 3388
2989 2989
4709 4709
1162 1162
5215 5215
3333 3333
6591 6591
1132 1132
1654 1654
6319 6319
4922 4922
1386 1386
4858 4858
4856 4856
1363 1363
4166 4166
4740 4740
1857 1857
1684 1684
3405 3405
684 684
4714 4714
3334 3334
1854 1854
6635 6635
4915 4915
1129 1129
1122 1122
778 778
3168 3168
4689 4689
1663 1663
4831 4831
5136 5136
4832 4832
1452 1452
5290 5290
3172 3172
1224 1224
4912 4912
3135 3135
4157 4157
1753 1753
271 271
4651 4651
1227 1227
610 610
4737 4737
4175 4175
5123 5123
4087 4087
6440 6440
6567 6567
5084 5084
1351 1351
6617 6617
1393 1393
6693 6693
3037 3037
4707 4707
5086 5086
4174 4174
6351 6351
4849 4849
6616 6616
4158 4158
3682 3682
599 599
1140 1140
4744 4744
4855 4855
5122 5122
1123 1123
880 880
1833 1833
4817 4817
4836 4836
5261 5261
6323 6323
4682 4682
3450 3450
4873 4873
4644 4644
4150 4150
6573 6573
3457 3457
4110 4110
1311 1311
5124 5124
3063 3063
3216 3216
4816 4816
5163 5163
5101 5101
1505 1505
1135 1135
4916 4916
1788 1788
6317 6317
4814 4814
4705 4705
3142 3142
6572 6572
3423 3423
846 846
881 881
1534 1534
3217 3217
5083 5083
4649 4649
1125 1125
4697 4697
4921 4921
3044 3044
933 933
1506 1506
937 937
4978 4978
5327 5327
4192 4192
4854 4854
5208 5208
4124 4124
3043 3043
5259 5259
4987 4987
1874 1874
4082 4082
5153 5153
2866 2866
4274 4274
5321 5321
841 841
3039 3039
3036 3036
1356 1356
2929 2929
6571 6571
2868 2868
5166 5166
1440 1440
3425 3425
1275 1275
6563 6563
1795 1795
6587 6587
4760 4760
936 936
4981 4981
4267 4267
3429 3429
4084 4084
4143 4143
2912 2912
4155 4155
601 601
788 788
6466 6466
3766 3766
4176 4176
1787 1787
6315 6315
5119 5119
6381 6381
6410 6410
1190 1190
1161 1161
802 802
3460 3460
1359 1359
3427 3427
2910 2910
4354 4354
831 831
4344 4344
720 720
4824 4824
3112 3112
570 570
4622 4622
6588 6588
780 780
2855 2855
1830 1830
4125 4125
652 652
5347 5347
676 676
5005 5005
1709 1709
3062 3062
2895 2895
3003 3003
3107 3107
3139 3139
964 964
3098 3098
5353 5353
843 843
1245 1245
1798 1798
3038 3038
2950 2950
2917 2917
3099 3099
1379 1379
1421 1421
3152 3152
3026 3026
830 830
5203 5203
677 677
4889 4889
1791 1791
4329 4329
1520 1520
991 991
4621 4621
857 857
4794 4794
5266 5266
2927 2927
1112 1112
597 597
3120 3120
5008 5008
4238 4238
3029 3029
6537 6537
808 808
5262 5262
1449 1449
6326 6326
1159 1159
253 253
4328 4328
1904 1904
1860 1860
1799 1799
3118 3118
6450 6450
4900 4900
4215 4215
1203 1203
6406 6406
4698 4698
6523 6523
1014 1014
1831 1831
2884 2884
1769 1769
4417 4417
4142 4142
3090 3090
916 916
1113 1113
4677 4677
4402 4402
6383 6383
1399 1399
3134 3134
4424 4424
3153 3153
860 860
1039 1039
4543 4543
4405 4405
3001 3001
1638 1638
955 955
3140 3140
6368 6368
688 688
6327 6327
1519 1519
1518 1518
914 914
1147 1147
839 839
5265 5265
900 900
1824 1824
4804 4804
4688 4688
1145 1145
6337 6337
4317 4317
1784 1784
1759 1759
4290 4290
2859 2859
4604 4604
1214 1214
1075 1075
1238 1238
6529 6529
1174 1174
705 705
4729 4729
2892 2892
3763 3763
1018 1018
1780 1780
2926 2926
4545 4545
4546 4546
4569 4569
4751 4751
5295 5295
3109 3109
3104 3104
1508 1508
5255 5255
302 302
6541 6541
5244 5244
4177 4177
1027 1027
4982 4982
1480 1480
1511 1511
4553 4553
6499 6499
6426 6426
5252 5252
4352 4352
1241 1241
4118 4118
3115 3115
895 895
1466 1466
1173 1173
1283 1283
773 773
1529 1529
4820 4820
4953 4953
1524 1524
4668 4668
1013 1013
384 384
2932 2932
4722 4722
1048 1048
6561 6561
1061 1061
1017 1017
882 882
3171 3171
4240 4240
4387 4387
836 836
1758 1758
987 987
4550 4550
4664 4664
1876 1876
1200 1200
1832 1832
1456 1456
4730 4730
6557 6557
721 721
4349 4349
4123 4123
4808 4808
1481 1481
3067 3067
2885 2885
1458 1458
4607 4607
5287 5287
4379 4379
6874 6874
4719 4719
4615 4615
4562 4562
1862 1862
1093 1093
4593 4593
1809 1809
734 734
1115 1115
1040 1040
3500 3500
4985 4985
4459 4459
6370 6370
5324 5324
4271 4271
4270 4270
1169 1169
1814 1814
6530 6530
6538 6538
1823 1823
4458 4458
4234 4234
5234 5234
5275 5275
4391 4391
4725 4725
4454 4454
4935 4935
641 641
4388 4388
4992 4992
1188 1188
5251 5251
4503 4503
1821 1821
693 693
3150 3150
4736 4736
1323 1323
1107 1107
4443 4443
4909 4909
1528 1528
1037 1037
4210 4210
1091 1091
4752 4752
4583 4583
1292 1292
4431 4431
1090 1090
3128 3128
1460 1460
1464 1464
4580 4580
729 729
6510 6510
4639 4639
1118 1118
3004 3004
6872 6872
4941 4941
4486 4486
1168 1168
4577 4577
6388 6388
927 927
884 884
3689 3689
6560 6560
247 247
4839 4839
4842 4842
4930 4930
2914 2914
4442 4442
3087 3087
4495 4495
4932 4932
4552 4552
4538 4538
2880 2880
650 650
4533 4533
3133 3133
897 897
1184 1184
5354 5354
4114 4114
1108 1108
966 966
6340 6340
5281 5281
1678 1678
1182 1182
4149 4149
6338 6338
4586 4586
6431 6431
1080 1080
822 822
6475 6475
2887 2887
5250 5250
4358 4358
4485 4485
2881 2881
4340 4340
4637 4637
3136 3136
5333 5333
1488 1488
4386 4386
1170 1170
6513 6513
177 177
978 978
1478 1478
6467 6467
6389 6389
4392 4392
4393 4393
975 975
783 783
2913 2913
4728 4728
4478 4478
412 412
615 615
4337 4337
1369 1369
968 968
1185 1185
4493 4493
4372 4372
1236 1236
958 958
6559 6559
4282 4282
4641 4641
3064 3064
1202 1202
4943 4943
1023 1023
4582 4582
4746 4746
4997 4997
1055 1055
3495 3495
4357 4357
1010 1010
750 750
4968 4968
3125 3125
875 875
697 697
4525 4525
952 952
1327 1327
1098 1098
4361 4361
903 903
4991 4991
4631 4631
4973 4973
6303 6303
1229 1229
3096 3096
973 973
972 972
4530 4530
4528 4528
4940 4940
4687 4687
6302 6302
4999 4999
1063 1063
1178 1178
1077 1077
2834 2834
4396 4396
4989 4989
6292 6292
945 945
1064 1064
1368 1368
4492 4492
4628 4628
6505 6505
1073 1073
838 838
957 957
848 848
4470 4470
970 970
4951 4951
1167 1167
5225 5225
4962 4962
4254 4254
3020 3020
892 892
1248 1248
4464 4464
6520 6520
1103 1103
1100 1100
4436 4436
4297 4297
901 901
4389 4389
4672 4672
4452 4452
4437 4437
4806 4806
4407 4407
3130 3130
4322 4322
6295 6295
1071 1071
1265 1265
1033 1033
2824 2824
4412 4412
4334 4334
4335 4335
1454 1454
6546 6546
6554 6554
873 873
621 621
1490 1490
4950 4950
4597 4597
923 923
944 944
4517 4517
4936 4936
4467 4467
767 767
