236 236
3946 3946
3521 3521
408 408
138 138
409 409
3861 3861
3777 3777
3548 3548
3702 3702
2074 2074
261 261
3851 3851
246 246
26 26
3643 3643
112 112
3853 3853
410 410
3927 3927
3846 3846
328 328
3844 3844
3829 3829
6253 6253
3541 3541
343 343
2049 2049
3850 3850
5369 5369
3915 3915
3628 3628
3533 3533
141 141
3700 3700
312 312
311 311
3824 3824
3833 3833
3638 3638
37 37
421 421
3637 3637
5750 5750
3914 3914
3546 3546
3845 3845
3789 3789
44 44
330 330
3806 3806
191 191
241 241
25 25
24 24
2289 2289
3055 3055
3949 3949
432 432
35 35
3703 3703
3650 3650
30 30
3056 3056
456 456
428 428
78 78
32 32
3555 3555
189 189
188 188
3621 3621
3856 3856
239 239
2057 2057
315 315
292 292
3552 3552
6271 6271
27 27
3828 3828
276 276
10 10
2004 2004
3593 3593
5659 5659
2005 2005
3705 3705
3756 3756
76 76
3583 3583
5640 5640
338 338
5508 5508
5842 5842
3609 3609
5861 5861
3554 3554
3579 3579
5516 5516
3586 3586
3578 3578
3791 3791
3602 3602
430 430
5598 5598
3596 3596
436 436
5510 5510
6248 6248
279 279
5519 5519
5464 5464
3611 3611
105 105
3565 3565
83 83
5536 5536
2371 2371
5535 5535
3616 3616
1906 1906
81 81
3613 3613
5597 5597
2136 2136
119 119
2511 2511
100 100
2007 2007
2276 2276
2191 2191
2151 2151
156 156
2493 2493
82 82
3743 3743
2237 2237
5724 5724
63 63
2480 2480
2052 2052
5753 5753
267 267
5950 5950
6267 6267
1983 1983
5951 5951
5952 5952
5514 5514
92 92
2783 2783
94 94
2775 2775
2150 2150
3704 3704
2129 2129
2778 2778
1984 1984
3518 3518
2061 2061
3568 3568
2779 2779
5751 5751
2152 2152
2213 2213
157 157
5515 5515
5611 5611
65 65
3745 3745
2084 2084
90 90
64 64
5641 5641
2498 2498
122 122
2497 2497
73 73
2239 2239
268 268
1993 1993
5630 5630
70 70
72 72
5848 5848
3635 3635
2278 2278
3908 3908
2375 2375
2080 2080
3567 3567
2260 2260
6054 6054
2094 2094
6057 6057
5468 5468
6068 6068
6231 6231
2164 2164
2386 2386
155 155
2485 2485
5522 5522
3881 3881
2167 2167
2492 2492
2254 2254
5698 5698
2255 2255
5843 5843
2470 2470
335 335
2474 2474
2377 2377
2471 2471
5829 5829
5540 5540
2472 2472
5953 5953
2389 2389
5946 5946
2367 2367
5443 5443
5544 5544
3706 3706
2211 2211
5538 5538
2475 2475
2606 2606
193 193
5932 5932
5966 5966
2593 2593
7 7
2197 2197
2 2
2258 2258
2393 2393
5930 5930
2597 2597
2362 2362
2514 2514
5944 5944
2395 2395
2596 2596
5838 5838
6077 6077
2256 2256
2484 2484
6075 6075
6076 6076
5967 5967
2210 2210
6072 6072
3906 3906
3884 3884
2114 2114
133 133
392 392
6062 6062
6045 6045
3886 3886
2613 2613
2261 2261
2036 2036
5834 5834
3646 3646
2010 2010
5648 5648
3670 3670
2623 2623
2584 2584
2124 2124
6079 6079
2600 2600
5627 5627
2156 2156
2631 2631
5496 5496
5497 5497
2014 2014
5557 5557
6085 6085
2022 2022
5665 5665
2092 2092
377 377
260 260
5666 5666
5529 5529
3795 3795
2624 2624
5745 5745
5488 5488
3163 3163
5978 5978
2031 2031
5741 5741
5962 5962
2123 2123
2252 2252
2401 2401
2087 2087
4010 4010
3661 3661
5986 5986
517 517
2402 2402
6090 6090
6086 6086
3045 3045
375 375
6080 6080
2018 2018
5474 5474
5686 5686
2205 2205
295 295
2391 2391
5552 5552
2565 2565
6103 6103
5475 5475
2025 2025
2705 2705
258 258
5985 5985
5982 5982
5528 5528
2288 2288
2442 2442
6098 6098
6102 6102
5981 5981
2250 2250
282 282
2700 2700
6101 6101
2097 2097
3692 3692
3782 3782
6130 6130
3941 3941
6131 6131
6147 6147
2182 2182
4001 4001
2019 2019
2020 2020
2566 2566
2457 2457
2107 2107
3690 3690
6104 6104
2743 2743
3873 3873
3940 3940
4021 4021
3962 3962
2639 2639
6003 6003
6110 6110
3691 3691
3993 3993
363 363
4029 4029
2523 2523
5988 5988
2220 2220
371 371
2230 2230
6880 6880
2670 2670
3965 3965
2112 2112
3888 3888
2685 2685
449 449
2742 2742
2636 2636
5852 5852
6112 6112
2542 2542
5994 5994
5546 5546
2711 2711
5527 5527
307 307
485 485
4013 4013
3816 3816
2424 2424
3694 3694
2105 2105
2456 2456
5869 5869
5734 5734
4007 4007
6005 6005
4018 4018
5997 5997
5575 5575
2567 2567
5714 5714
6151 6151
4015 4015
472 472
2643 2643
4032 4032
5563 5563
5530 5530
387 387
3864 3864
2733 2733
533 533
6159 6159
5235 5235
5664 5664
2558 2558
5679 5679
3976 3976
199 199
5874 5874
4037 4037
203 203
466 466
1764 1764
5733 5733
2684 2684
5645 5645
6136 6136
396 396
5759 5759
4045 4045
3485 3485
200 200
3989 3989
464 464
2688 2688
4016 4016
2648 2648
2740 2740
386 386
2573 2573
2206 2206
5991 5991
5609 5609
4066 4066
2652 2652
3695 3695
5893 5893
5793 5793
4039 4039
5663 5663
2644 2644
4048 4048
5807 5807
6153 6153
4035 4035
2233 2233
492 492
5762 5762
2241 2241
6039 6039
529 529
4065 4065
2671 2671
1773 1773
4050 4050
568 568
6040 6040
2286 2286
3874 3874
2737 2737
2272 2272
566 566
4067 4067
2692 2692
6163 6163
491 491
551 551
2427 2427
5767 5767
5989 5989
2423 2423
168 168
561 561
560 560
296 296
3975 3975
2342 2342
2654 2654
6164 6164
6023 6023
483 483
1770 1770
5777 5777
3812 3812
360 360
2559 2559
545 545
500 500
5740 5740
2722 2722
309 309
2216 2216
552 552
2438 2438
5812 5812
5420 5420
2461 2461
2467 2467
5573 5573
5406 5406
6017 6017
2299 2299
544 544
1962 1962
2468 2468
5393 5393
6172 6172
204 204
2448 2448
2435 2435
5773 5773
2425 2425
5643 5643
163 163
2429 2429
3892 3892
5438 5438
6002 6002
2726 2726
5816 5816
2297 2297
2295 2295
2765 2765
2444 2444
5702 5702
2751 2751
1929 1929
2731 2731
2748 2748
2728 2728
4242 4242
5775 5775
5379 5379
5433 5433
1918 1918
5423 5423
537 537
2874 2874
4241 4241
3277 3277
1933 1933
5782 5782
5156 5156
5781 5781
1956 1956
5800 5800
2753 2753
3797 3797
5409 5409
3275 3275
6835 6835
4763 4763
6834 6834
3261 3261
6804 6804
1972 1972
6830 6830
5154 5154
3255 3255
3438 3438
3283 3283
2317 2317
5028 5028
6839 6839
1593 1593
3289 3289
3737 3737
5195 5195
1595 1595
6769 6769
3354 3354
3243 3243
5923 5923
398 398
5051 5051
6809 6809
4764 4764
1946 1946
6774 6774
5054 5054
5414 5414
5886 5886
5880 5880
1914 1914
5056 5056
5908 5908
5416 5416
4168 4168
3344 3344
3663 3663
226 226
1567 1567
3365 3365
1628 1628
1966 1966
3316 3316
3267 3267
5074 5074
6777 6777
1556 1556
1625 1625
6827 6827
6762 6762
6832 6832
6808 6808
6817 6817
1627 1627
5878 5878
6865 6865
5888 5888
6415 6415
5158 5158
2308 2308
3284 3284
6807 6807
3278 3278
5031 5031
4267 4267
6831 6831
5059 5059
3228 3228
4246 4246
3249 3249
6792 6792
3292 3292
5019 5019
3280 3280
4367 4367
6718 6718
1548 1548
2316 2316
1579 1579
6856 6856
6866 6866
3221 3221
6715 6715
6844 6844
5927 5927
1557 1557
2905 2905
5198 5198
3252 3252
6857 6857
3254 3254
6362 6362
2305 2305
1684 1684
5047 5047
1590 1590
1646 1646
6814 6814
5301 5301
1663 1663
3363 3363
1435 1435
1503 1503
5341 5341
6868 6868
1973 1973
6678 6678
2989 2989
1414 1414
1355 1355
1661 1661
6675 6675
5007 5007
6859 6859
5016 5016
6754 6754
5008 5008
3813 3813
1603 1603
6198 6198
6598 6598
1729 1729
6683 6683
1657 1657
1561 1561
3347 3347
1687 1687
1647 1647
6685 6685
3294 3294
5040 5040
6727 6727
1568 1568
1662 1662
6768 6768
6708 6708
6665 6665
5078 5078
6686 6686
6725 6725
2960 2960
6729 6729
1838 1838
1588 1588
6626 6626
5069 5069
5080 5080
4685 4685
1356 1356
2961 2961
1645 1645
6669 6669
1570 1570
3223 3223
1660 1660
1689 1689
1912 1912
6724 6724
2324 2324
3368 3368
6663 6663
1913 1913
5378 5378
1613 1613
683 683
6739 6739
5095 5095
3440 3440
213 213
754 754
6643 6643
6365 6365
5042 5042
1683 1683
1839 1839
2355 2355
6644 6644
6620 6620
1857 1857
1648 1648
6657 6657
3674 3674
6703 6703
6666 6666
1227 1227
5339 5339
773 773
1730 1730
1953 1953
1224 1224
6785 6785
2962 2962
1600 1600
5337 5337
1877 1877
6195 6195
6606 6606
3003 3003
1140 1140
1652 1652
1498 1498
6824 6824
1223 1223
1749 1749
5076 5076
1164 1164
6187 6187
6751 6751
1900 1900
6227 6227
6398 6398
4224 4224
3195 3195
4651 4651
6212 6212
1576 1576
5314 5314
400 400
6619 6619
4379 4379
4683 4683
6191 6191
6190 6190
5009 5009
1708 1708
4854 4854
1634 1634
2352 2352
1362 1362
1688 1688
1638 1638
3241 3241
6502 6502
4259 4259
3000 3000
5081 5081
1700 1700
4285 4285
1363 1363
3135 3135
1883 1883
6706 6706
5193 5193
6800 6800
4163 4163
2963 2963
4286 4286
4747 4747
5374 5374
1387 1387
1515 1515
4649 4649
6302 6302
1876 1876
5192 5192
6638 6638
936 936
4736 4736
4833 4833
1670 1670
1397 1397
4889 4889
4752 4752
2942 2942
6424 6424
4130 4130
3371 3371
1137 1137
4966 4966
4900 4900
3078 3078
6437 6437
3436 3436
5063 5063
880 880
5349 5349
6406 6406
3417 3417
1396 1396
6735 6735
5045 5045
2966 2966
3143 3143
4262 4262
4284 4284
892 892
2932 2932
4225 4225
791 791
4883 4883
4956 4956
3321 3321
2908 2908
6605 6605
3203 3203
211 211
1220 1220
3177 3177
6435 6435
4449 4449
3172 3172
3063 3063
210 210
1162 1162
4707 4707
2318 2318
2910 2910
6422 6422
770 770
4859 4859
2941 2941
6433 6433
3445 3445
1853 1853
3204 3204
1382 1382
1787 1787
6285 6285
817 817
4107 4107
6878 6878
6356 6356
764 764
5005 5005
4751 4751
6294 6294
763 763
6875 6875
1306 1306
4709 4709
6387 6387
1704 1704
1506 1506
6537 6537
3183 3183
4705 4705
5287 5287
1508 1508
3325 3325
1737 1737
4282 4282
6695 6695
1678 1678
3450 3450
1275 1275
3414 3414
3240 3240
6295 6295
1537 1537
2912 2912
3447 3447
5297 5297
1619 1619
4174 4174
4412 4412
3383 3383
3235 3235
4737 4737
253 253
6360 6360
1409 1409
2819 2819
4459 4459
384 384
1418 1418
1759 1759
4131 4131
1429 1429
5221 5221
3182 3182
3006 3006
3090 3090
4149 4149
3320 3320
4953 4953
1121 1121
3037 3037
4688 4688
6388 6388
1133 1133
4372 4372
1419 1419
3764 3764
6869 6869
730 730
6592 6592
4682 4682
4962 4962
6576 6576
1535 1535
6597 6597
4405 4405
3418 3418
1874 1874
1214 1214
6563 6563
696 696
4913 4913
829 829
1236 1236
4377 4377
723 723
1720 1720
6376 6376
6876 6876
803 803
5332 5332
4881 4881
4899 4899
1129 1129
1122 1122
4177 4177
4153 4153
1132 1132
4388 4388
3186 3186
3334 3334
6584 6584
3043 3043
6587 6587
4116 4116
650 650
4868 4868
4443 4443
652 652
806 806
3121 3121
4396 4396
3234 3234
3453 3453
3029 3029
4918 4918
2878 2878
6317 6317
5036 5036
4687 4687
2929 2929
5117 5117
3064 3064
6309 6309
1833 1833
1351 1351
807 807
5090 5090
4698 4698
5244 5244
2915 2915
2892 2892
1326 1326
5215 5215
3098 3098
2952 2952
4730 4730
6520 6520
6468 6468
4808 4808
4118 4118
607 607
5212 5212
844 844
6426 6426
4806 4806
6874 6874
691 691
1416 1416
5136 5136
1795 1795
4982 4982
3026 3026
4391 4391
5225 5225
732 732
720 720
4197 4197
830 830
3425 3425
648 648
1814 1814
5116 5116
636 636
5100 5100
4689 4689
6332 6332
771 771
5143 5143
4428 4428
4123 4123
4142 4142
4978 4978
3112 3112
5251 5251
1499 1499
4968 4968
5312 5312
1788 1788
3688 3688
1202 1202
6315 6315
6389 6389
1782 1782
302 302
6482 6482
693 693
4545 4545
677 677
4648 4648
1821 1821
4744 4744
4337 4337
6511 6511
1061 1061
4535 4535
5175 5175
2884 2884
1809 1809
802 802
1199 1199
4238 4238
3460 3460
3386 3386
4739 4739
4359 4359
3107 3107
6530 6530
6577 6577
4150 4150
4084 4084
4981 4981
4240 4240
669 669
4935 4935
1200 1200
5295 5295
4816 4816
1245 1245
6337 6337
6534 6534
2881 2881
1898 1898
3217 3217
2821 2821
1160 1160
4471 4471
4386 4386
610 610
6292 6292
1229 1229
3129 3129
2848 2848
4804 4804
6557 6557
2887 2887
3099 3099
4104 4104
1128 1128
5125 5125
689 689
4126 4126
6381 6381
1386 1386
831 831
1524 1524
2863 2863
4973 4973
4182 4182
4335 4335
4360 4360
4431 4431
4393 4393
4570 4570
2917 2917
1796 1796
4828 4828
4392 4392
6512 6512
2856 2856
4550 4550
4389 4389
5250 5250
5303 5303
6466 6466
4361 4361
6527 6527
4728 4728
6538 6538
3689 3689
4814 4814
4912 4912
4454 4454
6509 6509
4340 4340
4727 4727
6560 6560
671 671
2914 2914
4424 4424
3079 3079
6430 6430
4725 4725
4317 4317
4746 4746
2880 2880
4543 4543
4718 4718
5282 5282
1447 1447
1158 1158
1531 1531
1317 1317
932 932
4402 4402
1168 1168
1149 1149
914 914
6872 6872
944 944
3508 3508
1337 1337
1323 1323
4493 4493
1150 1150
4552 4552
4338 4338
4553 4553
3137 3137
1018 1018
3080 3080
1862 1862
5281 5281
4691 4691
4503 4503
4522 4522
913 913
4270 4270
3216 3216
4166 4166
1478 1478
4401 4401
4470 4470
1190 1190
3096 3096
1477 1477
4922 4922
6559 6559
4627 4627
841 841
3108 3108
6338 6338
3507 3507
5280 5280
1112 1112
1241 1241
1262 1262
4564 4564
4639 4639
597 597
1040 1040
999 999
1799 1799
875 875
4621 4621
1006 1006
4334 4334
981 981
3124 3124
4492 4492
4537 4537
5124 5124
3500 3500
3130 3130
6341 6341
4813 4813
4398 4398
3502 3502
1864 1864
4198 4198
6510 6510
705 705
2927 2927
5265 5265
4930 4930
4989 4989
4929 4929
3133 3133
4437 4437
1474 1474
4329 4329
1466 1466
1156 1156
767 767
1080 1080
4622 4622
1182 1182
1170 1170
4499 4499
2834 2834
1073 1073
1014 1014
957 957
6546 6546
1013 1013
4565 4565
4533 4533
1023 1023
987 987
4571 4571
1055 1055
973 973
4921 4921
4629 4629
1167 1167
848 848
2825 2825
6567 6567
903 903
5256 5256
4369 4369
688 688
4985 4985
901 901
905 905
4467 4467
4469 4469
4452 4452
4465 4465
4127 4127
4371 4371
4797 4797
5208 5208
1093 1093
1204 1204
1449 1449
4582 4582
4950 4950
2823 2823
924 924
4663 4663
860 860
4992 4992
6573 6573
952 952
663 663
2845 2845
1265 1265
4580 4580
1464 1464
4604 4604
4941 4941
4607 4607
1071 1071
2829 2829
907 907
1178 1178
6554 6554
1460 1460
1172 1172
975 975
4515 4515
4297 4297
1033 1033
3478 3478
3104 3104
2831 2831
3155 3155
1091 1091
620 620
4530 4530
1264 1264
1077 1077
4940 4940
4999 4999
882 882
1100 1100
1184 1184
968 968
1141 1141
