2 2
3210 3
1353 4
4850 6
7 7
6221 9
10 10
4651 13
1197 14
3095 16
6017 19
2989 20
3132 22
24 24
25 25
26 26
27 27
30 30
1222 31
32 32
1115 34
35 35
37 37
1364 43
44 44
6329 48
6842 55
6194 56
3234 62
63 63
64 64
65 65
70 70
72 72
73 73
76 76
78 78
3267 80
81 81
82 82
83 83
4588 87
2303 89
90 90
92 92
94 94
1500 95
2264 96
3960 98
99 99
100 100
105 105
1723 107
861 108
112 112
4214 115
1723 116
5525 118
119 119
122 122
123 123
291 125
6568 127
133 133
138 138
141 141
6835 144
6750 147
155 155
156 156
157 157
1526 162
163 163
5550 164
1700 167
168 168
5549 170
4515 175
6586 183
2681 185
188 188
189 189
191 191
193 193
656 195
199 199
200 200
203 203
204 204
6280 206
840 209
210 210
211 211
213 213
214 214
215 215
3044 217
226 226
2807 227
2402 232
1138 233
4093 235
236 236
5040 237
2876 238
239 239
241 241
619 244
6101 245
246 246
3143 247
464 250
3667 252
253 253
2496 257
258 258
2162 259
260 260
261 261
6693 262
267 267
268 268
6505 270
3045 272
2423 273
276 276
973 278
279 279
5314 281
282 282
4671 283
2491 284
1894 290
6601 291
292 292
6804 293
295 295
296 296
1452 299
302 302
303 303
623 305
5194 306
307 307
309 309
311 311
312 312
315 315
717 319
3505 321
322 322
324 324
325 325
1419 326
328 328
2374 329
330 330
2608 332
334 334
335 335
579 337
338 338
4899 339
343 343
4285 345
2480 347
5773 348
6395 349
5331 357
5491 358
360 360
6537 361
4304 362
363 363
3603 365
2681 370
371 371
6856 373
375 375
377 377
3074 378
5708 380
6772 381
4247 382
574 383
384 384
6876 385
386 386
387 387
3751 388
115 389
2007 391
392 392
2893 394
396 396
398 398
400 400
4184 404
5352 406
408 408
409 409
410 410
1099 411
1830 412
2884 415
6669 417
1104 420
421 421
2354 423
428 428
430 430
2320 431
432 432
2337 433
5411 435
436 436
188 440
6395 445
3318 446
2794 447
448 448
449 449
2965 451
456 456
4848 459
464 464
6740 465
466 466
6237 471
472 472
5332 475
5846 476
2012 479
483 483
1588 484
485 485
1682 486
6595 488
491 491
492 492
5166 494
3531 497
4533 498
500 500
505 505
1277 508
3512 509
1190 510
1225 511
1948 512
514 514
515 515
517 517
6686 520
5516 521
3068 523
529 529
1597 531
533 533
537 537
538 538
540 540
2243 542
6492 543
544 544
545 545
3667 548
551 551
552 552
3440 553
3642 554
2738 557
3044 559
560 560
561 561
762 563
566 566
5053 567
568 568
570 570
444 575
4682 578
583 583
586 586
3667 587
3512 590
1103 594
4868 596
597 597
1724 601
2671 602
2523 603
4223 604
607 607
4123 608
610 610
6551 613
3398 616
1807 617
6696 619
620 620
5125 621
1144 624
3591 625
973 626
4766 628
636 636
6353 637
3190 639
640 640
3629 644
2454 646
648 648
650 650
652 652
3926 653
5900 654
1879 656
4317 659
663 663
5161 664
669 669
671 671
2851 673
674 674
677 677
4961 678
6164 680
683 683
688 688
689 689
691 691
693 693
696 696
1292 701
705 705
6220 707
743 709
713 713
715 715
716 716
1609 718
720 720
723 723
3799 726
6362 729
730 730
732 732
739 739
6722 740
4726 741
191 742
1188 743
43 745
3150 752
754 754
758 758
6490 760
763 763
764 764
2883 765
767 767
663 768
770 770
771 771
773 773
2936 774
1719 779
1158 781
4545 783
3667 786
791 791
5272 795
3466 796
6595 801
802 802
803 803
806 806
807 807
3524 810
817 817
974 820
5568 821
6323 823
2343 827
829 829
830 830
831 831
3289 836
841 841
844 844
1353 846
848 848
743 850
1516 852
1375 853
860 860
1687 868
6579 869
3599 870
6794 871
6733 872
875 875
2966 876
880 880
882 882
5567 884
2164 891
892 892
4968 894
2279 895
5900 898
901 901
338 902
903 903
1568 904
905 905
1836 906
907 907
6856 912
913 913
914 914
2635 917
4526 918
4334 919
992 920
4158 923
924 924
3335 925
932 932
6756 933
936 936
1315 938
2389 939
336 941
944 944
6669 947
952 952
957 957
2124 958
488 965
4671 967
968 968
5635 969
4497 970
861 972
973 973
1496 974
975 975
123 977
1485 980
981 981
3578 983
4382 986
987 987
222 992
6019 994
999 999
4953 1001
1006 1006
6488 1008
2280 1010
6734 1011
1013 1013
1014 1014
5519 1017
1018 1018
1023 1023
6768 1024
4891 1025
3194 1027
5421 1028
4968 1030
1145 1031
4066 1032
1033 1033
6781 1039
1040 1040
4623 1044
4037 1045
6599 1050
3671 1053
1055 1055
183 1056
1061 1061
6688 1063
1293 1065
1317 1066
5836 1067
2582 1068
1071 1071
3198 1072
1073 1073
3730 1074
1618 1075
1077 1077
1080 1080
3637 1081
6741 1085
1091 1091
1093 1093
3561 1095
973 1097
1100 1100
3038 1103
5516 1104
6830 1106
5414 1108
3629 1111
1112 1112
5125 1115
6235 1116
6372 1117
1250 1118
780 1119
1121 1121
1122 1122
1128 1128
1129 1129
1132 1132
1133 1133
1137 1137
5943 1138
3193 1139
1140 1140
1141 1141
6199 1143
2663 1146
1149 1149
1150 1150
1156 1156
2997 1157
1158 1158
1160 1160
1162 1162
1164 1164
1167 1167
1168 1168
5762 1169
1170 1170
5541 1171
1172 1172
829 1173
5734 1174
3413 1175
6009 1176
1178 1178
5362 1179
2445 1181
1182 1182
1184 1184
3046 1185
4729 1188
1190 1190
2080 1194
2334 1196
1199 1199
1200 1200
1202 1202
1204 1204
6855 1207
2083 1211
2936 1212
3671 1213
1214 1214
1916 1215
1220 1220
5769 1222
1223 1223
1224 1224
5652 1225
1227 1227
1229 1229
5542 1230
4149 1231
1236 1236
5161 1237
4254 1238
5327 1239
1241 1241
1245 1245
3347 1250
1243 1253
2960 1254
4237 1257
1258 1258
1261 1261
1262 1262
1264 1264
1265 1265
3198 1268
5276 1271
5069 1274
1275 1275
2454 1276
1461 1278
1280 1280
2758 1281
2883 1282
6236 1284
6339 1285
1537 1287
1404 1291
3433 1297
6461 1301
1306 1306
1713 1308
1682 1309
1311 1311
1314 1314
1207 1315
1317 1317
635 1318
507 1319
1323 1323
2679 1324
6515 1325
1326 1326
2491 1330
1331 1331
1337 1337
3337 1342
1965 1343
5845 1345
5345 1346
3113 1349
1351 1351
1355 1355
1356 1356
1164 1359
2851 1360
1362 1362
1363 1363
43 1364
3564 1366
1184 1371
1870 1374
1526 1377
1379 1379
3364 1381
1382 1382
4857 1384
1386 1386
1387 1387
1132 1388
901 1390
1391 1391
2553 1392
1393 1393
1207 1395
1396 1396
1397 1397
1278 1398
4908 1400
1402 1402
1407 1407
1409 1409
4934 1412
1414 1414
1416 1416
1417 1417
1418 1418
1419 1419
3299 1420
6537 1423
1429 1429
1435 1435
5585 1437
1578 1439
6089 1442
5131 1445
4977 1446
1447 1447
1449 1449
3044 1451
6708 1456
1460 1460
1464 1464
1466 1466
5325 1469
5084 1471
4057 1473
1474 1474
1477 1477
1478 1478
1158 1479
5602 1481
2035 1483
4291 1484
3153 1485
750 1486
1750 1489
3308 1492
5168 1493
1139 1496
1498 1498
1499 1499
5843 1500
1503 1503
3057 1504
1505 1505
1506 1506
6889 1507
1508 1508
1479 1509
3037 1510
1515 1515
4221 1522
68 1523
1524 1524
5212 1525
3999 1526
3531 1529
743 1530
1531 1531
2852 1533
4651 1534
1535 1535
6690 1536
1537 1537
495 1543
1545 1545
4290 1546
1548 1548
6172 1550
2884 1553
1556 1556
1557 1557
2909 1559
1561 1561
1750 1565
1567 1567
1568 1568
1570 1570
5101 1573
4435 1574
4247 1575
1576 1576
3533 1578
1579 1579
6180 1582
3168 1584
1588 1588
1590 1590
333 1592
1593 1593
1595 1595
4135 1598
1600 1600
6315 1601
1603 1603
575 1604
1460 1605
575 1606
738 1607
4379 1609
2248 1612
1613 1613
3299 1615
3398 1616
1619 1619
1622 1622
2975 1624
1625 1625
1627 1627
1628 1628
5657 1630
4576 1631
3815 1632
1634 1634
1478 1637
1638 1638
6856 1641
6856 1642
2936 1643
354 1644
1645 1645
1646 1646
1647 1647
1648 1648
6339 1651
1652 1652
5619 1654
1657 1657
6174 1658
1660 1660
1661 1661
1662 1662
1663 1663
1109 1668
1669 1669
1670 1670
4856 1671
1699 1677
1678 1678
1965 1679
4259 1680
1683 1683
1684 1684
3011 1685
1687 1687
1688 1688
1689 1689
5657 1691
5164 1694
3682 1699
1700 1700
541 1701
6646 1702
1704 1704
5994 1705
4870 1706
1708 1708
6693 1709
6723 1711
1714 1714
1715 1715
1720 1720
5771 1721
4870 1723
4908 1726
4389 1727
1729 1729
1730 1730
575 1736
1737 1737
4773 1740
2936 1742
5763 1744
4503 1748
1749 1749
2572 1753
5541 1756
1759 1759
1761 1761
6888 1763
1764 1764
3533 1769
1770 1770
6689 1771
1773 1773
1774 1774
1782 1782
721 1784
2968 1785
1787 1787
1788 1788
4870 1789
3488 1793
5538 1794
1795 1795
1796 1796
1799 1799
1550 1802
5997 1804
1809 1809
3161 1813
1814 1814
5632 1815
1821 1821
6774 1823
1468 1827
5257 1828
3204 1830
4734 1831
1833 1833
1842 1835
1732 1836
1838 1838
1839 1839
5206 1841
6369 1843
1620 1845
590 1846
1699 1850
1853 1853
1854 1854
1857 1857
870 1858
5934 1859
5416 1861
1862 1862
1864 1864
3915 1868
2187 1869
1870 1870
3745 1871
1874 1874
1876 1876
1877 1877
1880 1880
1883 1883
4439 1885
6740 1891
1898 1898
1900 1900
6716 1902
1904 1904
5542 1905
1906 1906
3853 1908
1131 1909
1912 1912
1913 1913
1914 1914
1918 1918
2286 1919
2167 1924
750 1927
826 1928
1929 1929
1999 1932
1933 1933
1466 1935
5616 1936
6595 1938
4846 1939
1946 1946
1225 1949
6019 1950
1953 1953
1956 1956
2270 1957
917 1958
4992 1961
1962 1962
1966 1966
4089 1967
750 1969
6332 1970
1972 1972
1973 1973
4632 1975
5420 1980
1983 1983
1984 1984
2317 1985
3058 1990
1993 1993
6599 1995
2650 1998
2004 2004
2005 2005
2092 2006
2007 2007
2010 2010
4930 2011
2014 2014
2018 2018
2019 2019
2020 2020
2022 2022
2025 2025
2031 2031
4802 2033
913 2034
2036 2036
5526 2037
5275 2039
2283 2041
3927 2043
776 2046
3637 2047
2049 2049
2052 2052
5207 2054
2057 2057
722 2060
2061 2061
1507 2064
1570 2067
3728 2070
3154 2073
2074 2074
6362 2075
5437 2076
1420 2079
2080 2080
2084 2084
2087 2087
2030 2088
5538 2090
2092 2092
2094 2094
2097 2097
3724 2099
6409 2100
115 2102
5878 2103
2105 2105
2107 2107
4499 2111
2112 2112
2114 2114
2229 2116
2123 2123
2124 2124
1927 2127
2129 2129
4032 2130
2136 2136
6696 2137
5994 2138
1335 2139
3505 2140
6433 2146
5536 2147
2150 2150
2151 2151
2152 2152
483 2155
2156 2156
5924 2161
2164 2164
6177 2166
2167 2167
5860 2169
1158 2170
6197 2173
2154 2175
5630 2180
2182 2182
3517 2184
2317 2185
6635 2186
3246 2189
2191 2191
3095 2192
4021 2193
3846 2194
3184 2195
5646 2196
2197 2197
4580 2200
2205 2205
2206 2206
2210 2210
2211 2211
2213 2213
5196 2215
2216 2216
3512 2218
2220 2220
6845 2224
6889 2228
2230 2230
6595 2231
2233 2233
5516 2234
2237 2237
2239 2239
2241 2241
6883 2242
2243 2243
2043 2247
2250 2250
1341 2251
2252 2252
2254 2254
2255 2255
2256 2256
2258 2258
487 2259
2260 2260
2261 2261
6792 2266
6717 2267
5516 2269
2272 2272
3648 2273
3618 2275
2276 2276
2278 2278
4134 2282
3798 2284
2286 2286
2288 2288
2289 2289
6381 2292
1743 2293
6595 2294
2295 2295
2297 2297
2299 2299
2414 2301
2305 2305
2308 2308
1158 2315
2316 2316
2317 2317
2318 2318
2321 2321
2324 2324
942 2325
2030 2330
6869 2331
2065 2333
1711 2335
676 2337
2342 2342
2456 2347
468 2348
2352 2352
2355 2355
3834 2356
5646 2359
2362 2362
4899 2366
2367 2367
743 2369
5557 2370
2371 2371
3659 2373
2375 2375
4766 2376
2377 2377
5300 2378
4187 2381
3135 2383
2386 2386
2389 2389
2391 2391
2393 2393
2395 2395
2487 2396
5801 2397
2069 2400
2401 2401
2402 2402
963 2403
3113 2405
6856 2406
1849 2407
4870 2409
6856 2410
970 2411
327 2418
6254 2419
2423 2423
2424 2424
2425 2425
2427 2427
2429 2429
2435 2435
6364 2436
2438 2438
6442 2440
2442 2442
2444 2444
315 2445
1533 2447
2448 2448
5029 2452
2139 2453
2456 2456
2457 2457
6732 2460
2461 2461
491 2466
2467 2467
2468 2468
2470 2470
2471 2471
2472 2472
227 2473
2474 2474
2475 2475
2480 2480
5954 2482
3016 2483
2484 2484
2485 2485
3616 2486
5651 2487
6199 2488
2492 2492
2493 2493
3611 2494
4651 2495
2497 2497
2498 2498
2499 2501
1357 2503
4032 2507
2511 2511
3820 2512
2514 2514
3169 2519
973 2520
1766 2521
2523 2523
4908 2524
3586 2528
495 2530
3094 2538
2542 2542
1454 2544
1314 2548
3535 2549
5463 2556
2558 2558
2559 2559
2565 2565
2566 2566
2567 2567
2573 2573
4526 2579
2584 2584
70 2586
1248 2591
2593 2593
2596 2596
2597 2597
2600 2600
507 2601
2606 2606
2613 2613
456 2615
4640 2618
3452 2619
2623 2623
2624 2624
1825 2627
4799 2629
2631 2631
4685 2632
2636 2636
2639 2639
88 2641
2643 2643
2644 2644
3275 2646
2648 2648
1613 2651
2652 2652
2654 2654
5677 2657
5947 2660
917 2665
18 2666
5540 2667
5522 2668
5585 2669
2670 2670
2671 2671
5901 2676
6009 2681
2684 2684
2685 2685
6791 2687
2688 2688
6856 2691
2692 2692
102 2696
6692 2697
2505 2698
2700 2700
4723 2702
2936 2704
2705 2705
2738 2709
2711 2711
3011 2712
5089 2713
1227 2715
1099 2716
3812 2719
4233 2720
2930 2721
2722 2722
2726 2726
2728 2728
2731 2731
2733 2733
273 2734
5991 2736
2737 2737
2740 2740
2742 2742
2743 2743
2401 2747
2748 2748
3861 2749
2751 2751
2753 2753
914 2756
2069 2759
2765 2765
4971 2768
5458 2769
1516 2770
2775 2775
2778 2778
2779 2779
386 2780
6640 2781
2783 2783
5578 2784
2521 2785
4536 2787
6517 2789
1520 2792
2795 2795
5994 2798
1883 2799
2807 2800
3547 2801
4965 2802
2824 2804
1520 2807
228 2808
6689 2810
2811 2811
2814 2814
2815 2815
2817 2817
2818 2818
2819 2819
2821 2821
2823 2823
1955 2824
2825 2825
2496 2828
2829 2829
2831 2831
4281 2832
2834 2834
6280 2838
6869 2840
1292 2841
2845 2845
992 2847
2848 2848
726 2853
2856 2856
2390 2859
174 2861
2863 2863
245 2865
2866 2866
5449 2867
3582 2869
580 2870
2592 2871
4116 2873
2874 2874
6131 2876
1998 2877
2878 2878
5527 2879
2880 2880
2881 2881
2884 2884
2887 2887
1927 2891
2892 2892
2897 2897
2898 2898
689 2902
2104 2903
5801 2904
2905 2905
2663 2907
2908 2908
230 2909
2910 2910
6180 2911
2912 2912
2914 2914
2915 2915
6632 2916
2917 2917
1999 2923
2927 2927
2929 2929
2932 2932
6097 2934
1550 2935
5586 2936
3671 2937
6534 2938
6835 2939
992 2940
2941 2941
2942 2942
460 2948
2952 2952
2960 2960
2961 2961
2962 2962
2963 2963
4870 2964
2966 2966
1214 2967
6013 2970
1611 2971
4290 2981
2646 2982
2989 2989
456 2991
2992 2992
1825 2998
3000 3000
3003 3003
3004 3004
3006 3006
2 3007
2936 3008
93 3009
1507 3015
3108 3017
19 3019
1699 3020
5541 3021
6280 3022
3144 3023
3011 3025
3026 3026
3973 3027
3029 3029
5182 3030
158 3032
6680 3035
3037 3037
750 3042
3043 3043
3045 3045
6791 3046
3154 3048
3113 3049
3055 3055
3056 3056
3525 3057
2511 3058
6751 3060
3062 3062
3063 3063
3064 3064
6741 3066
3067 3067
637 3068
2878 3072
3078 3078
3079 3079
3080 3080
1507 3084
3090 3090
1690 3092
2535 3094
3096 3096
3098 3098
3099 3099
2303 3101
3104 3104
5028 3106
3107 3107
3108 3108
4 3109
3112 3112
5709 3114
6019 3117
3121 3121
6515 3123
3124 3124
3249 3125
3129 3129
3130 3130
1644 3131
1919 3132
3133 3133
4205 3134
3135 3135
3137 3137
2193 3139
6553 3140
6585 3142
3143 3143
901 3144
1879 3145
1939 3148
2311 3150
3155 3155
2547 3156
5074 3158
1803 3160
3163 3163
3168 3168
3169 3169
948 3170
3152 3171
3172 3172
4139 3173
981 3175
3177 3177
1526 3179
6552 3181
3182 3182
3183 3183
3154 3184
3186 3186
6783 3188
1101 3190
3195 3195
2814 3201
3203 3203
3204 3204
4370 3209
6346 3211
3647 3213
6856 3215
3216 3216
3217 3217
5048 3220
3221 3221
3223 3223
5511 3226
3228 3228
5275 3229
4400 3233
3234 3234
3235 3235
4149 3238
3240 3240
3241 3241
3243 3243
3249 3249
1147 3251
3252 3252
3254 3254
3255 3255
4463 3259
3261 3261
4121 3262
4729 3266
3267 3267
891 3274
3275 3275
3277 3277
3278 3278
3280 3280
1749 3282
3283 3283
3284 3284
3627 3285
5213 3286
3289 3289
3292 3292
2221 3293
3294 3294
2345 3297
2107 3298
2738 3299
5708 3302
2127 3308
1374 3310
541 3312
3316 3316
803 3317
3320 3320
3321 3321
6613 3323
3325 3325
6178 3326
2420 3327
6505 3330
4729 3332
3334 3334
3238 3336
4899 3337
4485 3338
713 3339
2334 3342
3344 3344
3347 3347
1379 3348
3667 3349
3354 3354
4116 3355
3833 3357
2762 3358
2884 3360
2140 3362
3363 3363
3365 3365
3368 3368
6856 3370
3371 3371
5801 3372
6804 3374
2272 3375
1410 3377
2404 3382
3383 3383
3386 3386
2848 3388
973 3394
4463 3395
673 3397
924 3399
2020 3403
5166 3405
6308 3406
4834 3410
5314 3413
3414 3414
86 3416
3417 3417
3418 3418
623 3419
4734 3424
3425 3425
4719 3427
4961 3431
6515 3434
3436 3436
3438 3438
1938 3439
3440 3440
2030 3444
3445 3445
3447 3447
4594 3448
3450 3450
136 3451
2127 3452
3453 3453
3436 3456
3460 3460
5063 3462
574 3463
2971 3466
2692 3472
1902 3476
3478 3478
2442 3483
3485 3485
1247 3486
6767 3487
4037 3493
5289 3498
1654 3499
3500 3500
3502 3502
2178 3503
3046 3505
6151 3506
3507 3507
3508 3508
959 3512
1638 3514
258 3515
3518 3518
4792 3519
3521 3521
5681 3522
385 3524
1121 3526
6153 3527
3533 3533
6515 3535
3541 3541
2995 3545
3546 3546
322 3547
3548 3548
1188 3549
911 3550
1351 3551
3552 3552
3554 3554
3555 3555
2187 3556
6017 3561
3565 3565
3567 3567
3568 3568
2729 3569
6178 3570
6693 3571
5757 3572
545 3576
3578 3578
3579 3579
6376 3581
3583 3583
5797 3585
3586 3586
973 3589
3593 3593
3596 3596
5179 3598
3602 3602
2090 3603
1624 3605
3609 3609
3611 3611
633 3612
3613 3613
2743 3614
3616 3616
6693 3620
3621 3621
6259 3622
3628 3628
3635 3635
3150 3636
3637 3637
3638 3638
3643 3643
3646 3646
5264 3648
3650 3650
5308 3651
832 3654
1755 3656
1202 3657
3661 3661
1748 3662
3663 3663
4562 3667
679 3669
3670 3670
6595 3672
3674 3674
3900 3678
5594 3683
3783 3686
3688 3688
3689 3689
3690 3690
3691 3691
3692 3692
1698 3693
3694 3694
3695 3695
3700 3700
3702 3702
3703 3703
3704 3704
3705 3705
3706 3706
3910 3708
4111 3710
3720 3720
4080 3722
2094 3724
3728 3728
3803 3729
3731 3731
2154 3734
3735 3735
3737 3737
3738 3738
3743 3743
3745 3745
2286 3747
3949 3750
3919 3751
5368 3754
3707 3755
3756 3756
3835 3759
4068 3760
3865 3761
4053 3762
1983 3763
3764 3764
1468 3768
1825 3769
65 3771
4039 3776
3777 3777
4233 3780
3745 3781
3782 3782
4045 3785
5495 3787
3789 3789
3791 3791
3079 3792
3795 3795
3980 3796
3797 3797
3798 3798
3997 3803
3797 3805
3806 3806
6817 3807
2748 3808
3983 3810
3812 3812
3813 3813
3816 3816
2651 3817
4075 3820
3169 3821
257 3822
3824 3824
3946 3827
3828 3828
3829 3829
3833 3833
4026 3835
4555 3841
3842 3842
3844 3844
3845 3845
3846 3846
3850 3850
3851 3851
3853 3853
1837 3854
3856 3856
3748 3859
3861 3861
3864 3864
3797 3870
1097 3872
3873 3873
3874 3874
6131 3877
3881 3881
1825 3882
3883 3883
3884 3884
4030 3885
3886 3886
3888 3888
3892 3892
2759 3894
3743 3896
5125 3900
1821 3901
3764 3902
1293 3903
3906 3906
3908 3908
3870 3911
3914 3914
3915 3915
1571 3916
6084 3918
3984 3921
6769 3922
6235 3923
3927 3927
3803 3928
198 3934
1998 3937
3940 3940
3941 3941
3944 3944
3946 3946
5408 3948
3949 3949
3910 3952
3902 3953
6756 3954
6084 3959
4132 3961
3962 3962
3964 3964
3965 3965
760 3966
3969 3969
3984 3971
3975 3975
3976 3976
6817 3977
4074 3978
3979 3979
3748 3984
3988 3985
4040 3987
3988 3988
3989 3989
3993 3993
50 3994
3808 3995
3803 3997
5422 3998
4001 4001
1668 4003
4004 4004
2843 4005
4007 4007
4402 4009
4010 4010
1534 4011
1014 4012
4013 4013
3870 4014
4015 4015
4016 4016
861 4017
4018 4018
4021 4021
4023 4023
3882 4027
3900 4028
4029 4029
4032 4032
2884 4033
5255 4034
4035 4035
4037 4037
4038 4038
4039 4039
4042 4042
1369 4044
4045 4045
4048 4048
4050 4050
4042 4051
3776 4053
4054 4054
4065 4065
4066 4066
4067 4067
3919 4068
2809 4069
4071 4071
3429 4072
4073 4073
4074 4074
1999 4076
4077 4077
4088 4080
3542 4081
3805 4083
4084 4084
1340 4089
3692 4092
4093 4093
2132 4094
4555 4095
4096 4096
4104 4104
3871 4106
4107 4107
3894 4111
6235 4115
4116 4116
3988 4117
4118 4118
1999 4119
4123 4123
4125 4125
4126 4126
4127 4127
3132 4128
3803 4129
4130 4130
4131 4131
5458 4135
4056 4139
750 4140
4142 4142
3143 4145
4149 4149
4150 4150
4153 4153
4849 4157
2480 4158
4161 4161
4162 4162
4163 4163
2553 4164
4166 4166
4168 4168
6358 4169
5141 4170
1516 4171
4426 4172
1293 4173
4174 4174
4177 4177
971 4178
3561 4179
4182 4182
3474 4185
3761 4189
4192 4192
4197 4197
4198 4198
4429 4199
4201 4201
1766 4203
2194 4211
1871 4212
6126 4217
5477 4218
5368 4223
4224 4224
4225 4225
4291 4227
1550 4231
5465 4234
2884 4237
4238 4238
1060 4239
4240 4240
4241 4241
4242 4242
1001 4244
4246 4246
1870 4249
4393 4251
6865 4256
4259 4259
5202 4260
4262 4262
4267 4267
5397 4268
92 4269
4270 4270
2679 4273
4914 4274
3519 4279
4282 4282
6166 4283
4284 4284
4285 4285
4286 4286
2411 4287
2397 4290
2137 4291
4294 4294
5384 4295
4297 4297
4299 4299
1453 4301
4302 4302
241 4307
397 4309
2032 4310
1367 4312
4317 4317
3419 4320
2127 4321
4121 4326
5582 4328
4329 4329
2202 4330
4953 4332
1699 4333
4334 4334
4335 4335
2711 4336
4337 4337
4338 4338
4340 4340
4895 4341
6513 4344
6072 4349
1602 4350
3261 4354
4157 4355
4078 4356
2087 4357
4359 4359
4360 4360
4361 4361
3221 4363
2604 4364
4367 4367
575 4368
4369 4369
4371 4371
4372 4372
409 4373
3316 4375
4377 4377
3334 4378
4379 4379
750 4381
6887 4383
4386 4386
4388 4388
4389 4389
1606 4390
4391 4391
4392 4392
4393 4393
5550 4395
4396 4396
4398 4398
1477 4400
4401 4401
4402 4402
4405 4405
6200 4407
6199 4408
2168 4409
4412 4412
1158 4413
5994 4415
4389 4421
5677 4423
4424 4424
713 4427
4428 4428
1734 4429
4431 4431
6391 4432
4437 4437
5034 4440
4443 4443
70 4446
4449 4449
5171 4451
4452 4452
4454 4454
1747 4455
3607 4457
2210 4458
4459 4459
2272 4460
4427 4461
3440 4464
4465 4465
878 4466
4467 4467
4469 4469
4470 4470
4471 4471
5541 4472
5057 4474
6611 4475
3143 4476
5250 4477
3568 4478
1748 4481
5278 4484
4677 4486
4427 4487
132 4491
4492 4492
4493 4493
3940 4496
4499 4499
1711 4500
1699 4502
4503 4503
3591 4505
5742 4508
1440 4509
5833 4510
3115 4512
4515 4515
2491 4516
2124 4517
2083 4518
724 4521
4522 4522
4530 4530
4533 4533
4356 4534
4535 4535
4537 4537
4543 4543
6552 4544
4545 4545
5211 4548
4550 4550
5376 4551
4552 4552
4553 4553
2896 4554
400 4556
6537 4558
878 4560
4564 4564
4565 4565
924 4566
3266 4568
3842 4569
4570 4570
4571 4571
163 4573
6280 4575
2234 4579
4580 4580
4582 4582
364 4588
969 4594
595 4600
19 4601
4604 4604
4607 4607
586 4610
2383 4613
3208 4615
60 4616
5069 4620
4621 4621
4622 4622
5250 4623
4627 4627
4629 4629
1699 4631
1526 4636
4639 4639
676 4643
4648 4648
4649 4649
4651 4651
2742 4654
212 4658
6654 4662
4663 4663
948 4671
4253 4674
640 4675
979 4678
3113 4679
4682 4682
4683 4683
4685 4685
4687 4687
4688 4688
4689 4689
4691 4691
4947 4692
4746 4694
2317 4695
356 4696
4698 4698
6197 4699
788 4702
3751 4704
4705 4705
4707 4707
4709 4709
5086 4711
4290 4712
65 4714
4718 4718
6703 4719
136 4723
2137 4724
4725 4725
4727 4727
4728 4728
4730 4730
3065 4731
5179 4732
4736 4736
4737 4737
4739 4739
5943 4741
1682 4742
4744 4744
4746 4746
4747 4747
6837 4750
4751 4751
4752 4752
3150 4754
2884 4755
5932 4756
384 4759
3016 4760
4762 4762
4763 4763
4764 4764
4290 4770
5428 4773
4515 4775
3603 4777
4285 4794
4797 4797
4475 4803
4804 4804
581 4805
4806 4806
6168 4807
4808 4808
4813 4813
4814 4814
4816 4816
3658 4818
6242 4821
1792 4826
801 4827
4828 4828
3878 4829
4833 4833
1217 4835
4010 4836
5133 4845
1939 4846
3686 4847
4849 4849
3533 4850
258 4852
4854 4854
1339 4855
4859 4859
1033 4861
2366 4864
4865 4865
3535 4867
4868 4868
1700 4870
102 4872
60 4877
3861 4879
4881 4881
4883 4883
1727 4884
4889 4889
4463 4891
3799 4892
2418 4893
6828 4894
4540 4895
6604 4896
4899 4899
4900 4900
3314 4906
2334 4908
174 4910
4911 4911
4912 4912
4913 4913
4914 4914
4473 4915
4917 4917
4918 4918
4921 4921
4922 4922
574 4924
4345 4926
4929 4929
4930 4930
5541 4931
1158 4933
4935 4935
1894 4938
4940 4940
4941 4941
2997 4945
6376 4948
4950 4950
448 4952
4953 4953
4956 4956
6739 4957
5901 4958
6864 4959
3622 4961
4962 4962
4966 4966
1332 4967
4968 4968
4970 4970
4973 4973
6537 4976
5105 4977
4978 4978
3751 4979
4981 4981
4982 4982
2025 4984
4985 4985
4989 4989
5314 4990
4992 4992
5295 4998
4999 4999
5005 5005
5147 5006
5007 5007
5008 5008
5009 5009
6556 5012
6034 5013
5016 5016
5019 5019
5799 5020
6178 5022
191 5023
6131 5024
1942 5025
3488 5026
5028 5028
4717 5029
5031 5031
3363 5034
5036 5036
1537 5038
5040 5040
6889 5041
5042 5042
5045 5045
2132 5046
5047 5047
5051 5051
6405 5052
2312 5053
5054 5054
5056 5056
5059 5059
6856 5060
750 5061
92 5062
5063 5063
5466 5064
6 5066
1188 5067
5069 5069
3234 5073
5074 5074
3 5075
5076 5076
5078 5078
3759 5079
5080 5080
5081 5081
3113 5082
6195 5083
6415 5084
933 5086
3030 5088
1289 5089
5090 5090
1270 5092
3735 5093
5095 5095
5100 5100
4215 5102
5503 5104
5108 5105
3517 5107
5382 5108
5983 5109
1317 5112
3637 5114
5116 5116
5117 5117
4290 5122
5124 5124
5125 5125
3703 5127
4463 5128
4729 5130
4964 5131
541 5133
5136 5136
5138 5138
750 5139
1115 5141
5143 5143
2671 5146
5555 5148
1379 5152
5154 5154
5156 5156
5207 5157
5158 5158
721 5161
2000 5162
2092 5169
2457 5171
3768 5172
1849 5174
5175 5175
1302 5180
974 5182
5184 5184
4885 5187
1595 5188
5189 5189
5192 5192
5193 5193
5213 5194
5195 5195
6767 5197
5198 5198
788 5199
6235 5200
3113 5202
5208 5208
684 5210
5308 5211
5212 5212
5215 5215
635 5217
2474 5220
5221 5221
803 5222
5225 5225
2239 5228
1507 5230
5235 5235
4720 5238
5239 5239
964 5241
5244 5244
5559 5246
3894 5247
5250 5250
5251 5251
3252 5252
5256 5256
973 5258
979 5263
5265 5265
2679 5267
5280 5280
5281 5281
5282 5282
1961 5283
5528 5284
5287 5287
1923 5288
71 5290
3405 5291
3519 5293
5295 5295
5297 5297
4635 5299
5301 5301
5303 5303
3368 5304
431 5307
366 5308
5312 5312
3154 5313
5314 5314
1825 5316
5321 5321
5792 5326
5848 5327
1306 5328
750 5330
5332 5332
969 5334
5337 5337
5339 5339
5341 5341
5801 5343
4284 5346
5349 5349
5350 5350
364 5353
218 5354
3819 5355
5303 5357
992 5358
5632 5361
2427 5364
5365 5365
5369 5369
1570 5370
5374 5374
5378 5378
5379 5379
2599 5389
5393 5393
502 5401
6551 5403
5406 5406
4215 5407
3077 5408
5409 5409
3125 5411
5414 5414
5416 5416
2973 5417
6559 5418
5742 5419
5420 5420
3721 5422
5423 5423
1682 5424
878 5425
4367 5426
1155 5427
5433 5433
1308 5434
5782 5435
5438 5438
2303 5441
5443 5443
6632 5457
5464 5464
5334 5466
5468 5468
5474 5474
5475 5475
6127 5476
813 5477
5220 5478
2626 5479
5719 5482
1367 5485
2474 5487
5488 5488
92 5489
2288 5490
4188 5495
5496 5496
5497 5497
4778 5498
5683 5501
3275 5504
3113 5507
5508 5508
5510 5510
1619 5511
5514 5514
5515 5515
5516 5516
5519 5519
5522 5522
5484 5524
5527 5527
5528 5528
5529 5529
5530 5530
1158 5531
5535 5535
5536 5536
5538 5538
5540 5540
5544 5544
5546 5546
5552 5552
2346 5554
4870 5556
5557 5557
6856 5558
5563 5563
419 5564
701 5566
3033 5567
1624 5572
5573 5573
5575 5575
1928 5576
1293 5580
6595 5581
1385 5582
5646 5585
2936 5586
4688 5589
2943 5592
65 5594
726 5596
5597 5597
5598 5598
3125 5600
4722 5604
1699 5606
5609 5609
5611 5611
5632 5613
3066 5616
431 5617
5068 5619
912 5622
3419 5624
4816 5625
1199 5626
5627 5627
5803 5629
5630 5630
1281 5638
3008 5639
5640 5640
5641 5641
5643 5643
5645 5645
5648 5648
5727 5651
4783 5653
4389 5657
5659 5659
507 5661
5663 5663
5664 5664
5665 5665
5666 5666
750 5669
88 5672
5741 5674
514 5676
5679 5679
2374 5680
6460 5684
72 5685
5686 5686
6162 5690
1986 5697
5698 5698
5064 5701
5702 5702
3799 5705
3100 5711
5714 5714
4107 5715
2129 5716
1558 5719
5724 5724
1380 5727
217 5729
5733 5733
5734 5734
3377 5737
6433 5739
5740 5740
5741 5741
5745 5745
6603 5748
5750 5750
5751 5751
28 5752
5753 5753
3525 5757
1630 5758
5759 5759
5662 5761
5762 5762
5767 5767
4033 5769
2319 5770
4588 5771
5773 5773
5775 5775
6515 5776
5777 5777
726 5780
5781 5781
5782 5782
3440 5788
2136 5789
5793 5793
6627 5795
504 5797
1033 5798
5800 5800
5477 5806
5807 5807
3802 5808
4870 5810
179 5811
5812 5812
5816 5816
352 5817
5162 5822
1825 5823
5994 5825
199 5826
5829 5829
2229 5831
6558 5832
5834 5834
1618 5835
5838 5838
6231 5840
5842 5842
5843 5843
4934 5846
5848 5848
5553 5851
5852 5852
6845 5856
5861 5861
4424 5863
779 5864
2985 5866
6519 5867
5869 5869
5874 5874
1158 5875
307 5876
2460 5877
5878 5878
5880 5880
267 5883
5886 5886
5888 5888
932 5890
5032 5891
5893 5893
2623 5897
6400 5898
6047 5899
2390 5903
5908 5908
750 5916
4448 5917
3180 5922
5923 5923
6267 5925
5927 5927
456 5929
5930 5930
5932 5932
2883 5934
2936 5937
1334 5939
416 5942
6398 5943
5944 5944
5946 5946
5950 5950
5951 5951
5952 5952
5953 5953
6654 5956
3016 5961
5962 5962
6013 5963
4590 5964
5966 5966
5967 5967
4797 5973
6435 5975
5571 5976
5901 5977
5978 5978
1526 5979
5981 5981
5982 5982
750 5983
4618 5984
5985 5985
5986 5986
5988 5988
5989 5989
962 5990
5991 5991
5994 5994
750 5995
5997 5997
6527 5999
2010 6000
6002 6002
6003 6003
6005 6005
3599 6009
1948 6010
750 6011
2496 6012
1975 6013
6017 6017
5786 6018
1124 6022
6023 6023
5400 6024
3658 6025
1630 6026
5213 6028
2755 6029
1837 6032
6039 6039
6040 6040
6045 6045
5508 6047
1670 6050
6013 6053
6054 6054
6057 6057
488 6059
5727 6061
6062 6062
212 6066
6068 6068
6072 6072
6075 6075
6076 6076
6077 6077
6079 6079
6080 6080
2993 6081
6085 6085
6086 6086
3751 6088
1516 6089
6090 6090
227 6091
895 6095
5540 6096
6098 6098
6101 6101
6102 6102
6103 6103
6104 6104
636 6108
6110 6110
1148 6111
6112 6112
2162 6113
1825 6115
5708 6116
4905 6118
3016 6119
4372 6121
1614 6122
6130 6130
6131 6131
1315 6134
6105 6135
6136 6136
3751 6137
5814 6139
6544 6141
3190 6143
5792 6144
6140 6145
6147 6147
6151 6151
6153 6153
4908 6155
5188 6158
6159 6159
6163 6163
6164 6164
6619 6166
5503 6167
1380 6169
1922 6171
6172 6172
6481 6173
6362 6174
5171 6176
2150 6180
2807 6181
575 6183
6187 6187
2429 6189
6190 6190
6191 6191
6590 6194
6195 6195
6198 6198
6264 6199
5582 6201
2997 6203
1526 6207
5367 6210
6212 6212
3779 6213
2115 6220
2051 6221
6227 6227
4530 6229
6231 6231
2025 6235
2738 6236
279 6238
2231 6240
1441 6241
6242 6242
917 6244
6247 6247
6248 6248
6817 6251
6253 6253
5264 6254
2248 6256
6257 6257
3276 6258
6267 6267
6269 6269
2401 6270
6271 6271
6275 6275
2480 6276
6278 6278
6281 6281
6282 6282
2117 6283
6285 6285
6286 6286
6292 6292
6294 6294
6295 6295
6488 6298
6302 6302
4514 6304
276 6306
4922 6308
6309 6309
2433 6310
6315 6315
6317 6317
1684 6318
3637 6321
2374 6324
4565 6327
6751 6328
6332 6332
1619 6336
6337 6337
6338 6338
6341 6341
3582 6343
3568 6349
3879 6352
6868 6353
6043 6355
6356 6356
4723 6358
6360 6360
6362 6362
6363 6363
6364 6364
6365 6365
3571 6372
6376 6376
263 6377
6381 6381
1721 6386
6387 6387
6388 6388
6389 6389
1825 6392
2936 6393
6398 6398
1550 6403
6405 6405
6406 6406
1109 6407
4432 6408
6412 6412
1788 6414
6415 6415
1059 6416
1910 6417
6288 6419
6422 6422
65 6423
6424 6424
6426 6426
2217 6427
853 6429
6430 6430
6433 6433
6435 6435
6437 6437
1623 6438
2281 6439
4205 6441
171 6444
2270 6445
878 6447
6449 6449
6450 6450
3927 6451
4908 6453
1595 6460
2337 6461
6466 6466
460 6467
6468 6468
5289 6470
4968 6474
6058 6479
474 6481
6482 6482
5742 6485
3228 6486
4930 6489
83 6491
575 6497
6502 6502
578 6505
5601 6507
6509 6509
6510 6510
6511 6511
6512 6512
2822 6513
5222 6517
6520 6520
1315 6524
6527 6527
4782 6528
6530 6530
4409 6531
6534 6534
6537 6537
6538 6538
1288 6541
6546 6546
6655 6548
790 6549
4285 6550
6554 6554
3074 6556
6557 6557
6559 6559
6560 6560
6506 6562
6563 6563
1153 6566
6567 6567
6573 6573
1821 6575
6576 6576
6577 6577
6584 6584
133 6585
6587 6587
816 6589
4290 6591
6592 6592
2878 6593
3125 6595
6597 6597
6598 6598
3265 6599
6842 6600
3109 6602
6605 6605
6606 6606
2884 6609
1774 6611
5209 6614
5811 6615
155 6617
6619 6619
6620 6620
6595 6625
6626 6626
5212 6628
1699 6630
6889 6632
2129 6633
730 6637
6638 6638
6643 6643
6644 6644
3596 6645
3440 6646
5289 6647
1998 6651
3135 6653
6657 6657
6663 6663
6665 6665
6666 6666
6669 6669
973 6672
6675 6675
2743 6677
6678 6678
6683 6683
6685 6685
6686 6686
6695 6695
5048 6698
6751 6699
3331 6700
5312 6702
6703 6703
6706 6706
6312 6707
6708 6708
3721 6709
2248 6711
6715 6715
4082 6717
6718 6718
6724 6724
6725 6725
5538 6726
6727 6727
4492 6728
6729 6729
1144 6732
2298 6733
1541 6734
6735 6735
750 6737
6739 6739
749 6740
6751 6751
1243 6752
6754 6754
1796 6757
5616 6759
3130 6761
6762 6762
6768 6768
6769 6769
5541 6770
2191 6771
6774 6774
4701 6776
6777 6777
488 6780
6785 6785
225 6788
3466 6790
3044 6791
6792 6792
1353 6793
6074 6795
3915 6796
6800 6800
6804 6804
3623 6805
6807 6807
6808 6808
6809 6809
3371 6810
2679 6811
6814 6814
4899 6816
6817 6817
857 6820
6824 6824
1884 6825
6827 6827
6830 6830
6831 6831
6832 6832
6834 6834
6835 6835
5485 6836
418 6838
6839 6839
933 6841
6844 6844
363 6845
5567 6849
2186 6851
6888 6855
6856 6856
6857 6857
6490 6858
6859 6859
6865 6865
6866 6866
6868 6868
6869 6869
6427 6871
6872 6872
6874 6874
6875 6875
6876 6876
182 6877
6878 6878
2668 6879
6880 6880
315 6885
3736 6886
507 6889
