2177 2177
2271 2271
2057 2057
2380 2380
2198 2198
2127 2127
2400 2400
2056 2056
2381 2381
2289 2289
2291 2291
2372 2372
261 261
44 44
2043 2043
8 8
339 339
37 37
36 36
2150 2150
359 359
2292 2292
45 45
25 25
417 417
1997 1997
3542 3542
227 227
2129 2129
325 325
81 81
3548 3548
340 340
420 420
3529 3529
3639 3639
3853 3853
3643 3643
3072 3072
279 279
3547 3547
2260 2260
3550 3550
115 115
3851 3851
315 315
2161 2161
48 48
35 35
2041 2041
3773 3773
17 17
3854 3854
3559 3559
27 27
31 31
409 409
21 21
82 82
3850 3850
236 236
3056 3056
328 328
3528 3528
90 90
2490 2490
3551 3551
3861 3861
42 42
3806 3806
3532 3532
432 432
63 63
343 343
3845 3845
26 26
292 292
3540 3540
3828 3828
72 72
3937 3937
3847 3847
246 246
3789 3789
76 76
64 64
3913 3913
3932 3932
71 71
3638 3638
3805 3805
1906 1906
70 70
3631 3631
3923 3923
3922 3922
2190 2190
3936 3936
2051 2051
2005 2005
237 237
2258 2258
94 94
79 79
3793 3793
3848 3848
3524 3524
348 348
228 228
3053 3053
3642 3642
2152 2152
3541 3541
312 312
2480 2480
2777 2777
2164 2164
347 347
34 34
408 408
238 238
138 138
439 439
2052 2052
9 9
78 78
433 433
2493 2493
3576 3576
2119 2119
2044 2044
2189 2189
3928 3928
3521 3521
349 349
3702 3702
54 54
2511 2511
2775 2775
2165 2165
3777 3777
3649 3649
410 410
2261 2261
3740 3740
3837 3837
429 429
231 231
53 53
146 146
455 455
311 311
1996 1996
3749 3749
239 239
140 140
3525 3525
2778 2778
2124 2124
230 230
1993 1993
3607 3607
3554 3554
2389 2389
2155 2155
3951 3951
2367 2367
137 137
3592 3592
2167 2167
2375 2375
3606 3606
2117 2117
3756 3756
240 240
3824 3824
2382 2382
6258 6258
3833 3833
3595 3595
3577 3577
3792 3792
2497 2497
3555 3555
2498 2498
2499 2499
229 229
2496 2496
6271 6271
3637 3637
2007 2007
3791 3791
131 131
3591 3591
128 128
3578 3578
2237 2237
1992 1992
3841 3841
3585 3585
3553 3553
3835 3835
244 244
344 344
6264 6264
233 233
3605 3605
156 156
119 119
2774 2774
2239 2239
3700 3700
2193 2193
3633 3633
436 436
3051 3051
3602 3602
3579 3579
3599 3599
3601 3601
3604 3604
2377 2377
3650 3650
2061 2061
2470 2470
6267 6267
1989 1989
2485 2485
2063 2063
2362 2362
3596 3596
2175 2175
6261 6261
2012 2012
2366 2366
3600 3600
2084 2084
3911 3911
2811 2811
2596 2596
2278 2278
3564 3564
3703 3703
3705 3705
3744 3744
232 232
5659 5659
3609 3609
3574 3574
2783 2783
2212 2212
3757 3757
2471 2471
2395 2395
2186 2186
2474 2474
5729 5729
1983 1983
3569 3569
5508 5508
2475 2475
2255 2255
2815 2815
3568 3568
157 157
3565 3565
267 267
2080 2080
5750 5750
2254 2254
2010 2010
6 6
5601 5601
2360 2360
3519 3519
2486 2486
5535 5535
2604 2604
2610 2610
2143 2143
2613 2613
2484 2484
2514 2514
5598 5598
2799 2799
2817 2817
2805 2805
2181 2181
2393 2393
2095 2095
2614 2614
2591 2591
2594 2594
5861 5861
103 103
3052 3052
405 405
2623 2623
2144 2144
2029 2029
2236 2236
102 102
5464 5464
5514 5514
155 155
5736 5736
3704 3704
2090 2090
3515 3515
5515 5515
5831 5831
3908 3908
5753 5753
5724 5724
5504 5504
2210 2210
2192 2192
3779 3779
2123 2123
6237 6237
338 338
2600 2600
2589 2589
2624 2624
392 392
2169 2169
5951 5951
5590 5590
3161 3161
2256 2256
2204 2204
5952 5952
2780 2780
5536 5536
2145 2145
3567 3567
3655 3655
5465 5465
2284 2284
5614 5614
5635 5635
5466 5466
106 106
2114 2114
260 260
5453 5453
5674 5674
5512 5512
5625 5625
335 335
2807 2807
5751 5751
2 2
6067 6067
7 7
2509 2509
5641 5641
2213 2213
5848 5848
5630 5630
5698 5698
5660 5660
2507 2507
5442 5442
2508 2508
2517 2517
2014 2014
6231 6231
5540 5540
5445 5445
6234 6234
3045 3045
2096 2096
5940 5940
2040 2040
5544 5544
5958 5958
3518 3518
136 136
2287 2287
5701 5701
6054 6054
2068 2068
2501 2501
2625 2625
6057 6057
3795 3795
5843 5843
5522 5522
6058 6058
5947 5947
2620 2620
295 295
2280 2280
2024 2024
5932 5932
160 160
2026 2026
3706 3706
2251 2251
5538 5538
2092 2092
5443 5443
1988 1988
5838 5838
2630 2630
2252 2252
5966 5966
5931 5931
2411 2411
5444 5444
2022 2022
2288 2288
2681 2681
5632 5632
2521 2521
461 461
2220 2220
2639 2639
5835 5835
2249 2249
2683 2683
2250 2250
2523 2523
133 133
5557 5557
2036 2036
6077 6077
5627 5627
6075 6075
5653 5653
2685 2685
307 307
2253 2253
2636 2636
149 149
2705 2705
6045 6045
402 402
6062 6062
5648 5648
5851 5851
5471 5471
2087 2087
2229 2229
6072 6072
5628 5628
6065 6065
2025 2025
2182 2182
3884 3884
3163 3163
3058 3058
2700 2700
2272 2272
2660 2660
5834 5834
2018 2018
5665 5665
401 401
517 517
379 379
6042 6042
2441 2441
2707 2707
2701 2701
5745 5745
5488 5488
2457 2457
2704 2704
3906 3906
5582 5582
3512 3512
2643 2643
2432 2432
448 448
2273 2273
2650 2650
5496 5496
374 374
2644 2644
2652 2652
2684 2684
2185 2185
2688 2688
2714 2714
2715 2715
2755 2755
2299 2299
5741 5741
2656 2656
5528 5528
3709 3709
2031 2031
2756 2756
507 507
2648 2648
2677 2677
2216 2216
472 472
2533 2533
6085 6085
5552 5552
5486 5486
449 449
3883 3883
5475 5475
2196 2196
273 273
258 258
2550 2550
473 473
2567 2567
2298 2298
3673 3673
3886 3886
2343 2343
5728 5728
2424 2424
533 533
2742 2742
1766 1766
180 180
2547 2547
2428 2428
395 395
309 309
5473 5473
5532 5532
6143 6143
6080 6080
2098 2098
6090 6090
5470 5470
3874 3874
2100 2100
370 370
3996 3996
386 386
468 468
202 202
3696 3696
523 523
2689 2689
5527 5527
387 387
5483 5483
5748 5748
5484 5484
2099 2099
3866 3866
2109 2109
6101 6101
5481 5481
5550 5550
477 477
3998 3998
2646 2646
3485 3485
1924 1924
394 394
2089 2089
2538 2538
2419 2419
3956 3956
4010 4010
6880 6880
2654 2654
2671 2671
5558 5558
2295 2295
5714 5714
270 270
6147 6147
4000 4000
540 540
2573 2573
4002 4002
168 168
2322 2322
3873 3873
2548 2548
396 396
2449 2449
2733 2733
5986 5986
169 169
3711 3711
499 499
529 529
200 200
5561 5561
2672 2672
6104 6104
2427 2427
5863 5863
475 475
3733 3733
2300 2300
3710 3710
2296 2296
369 369
5609 5609
3782 3782
4055 4055
3050 3050
3644 3644
476 476
4001 4001
537 537
5663 5663
5643 5643
5664 5664
5239 5239
3690 3690
494 494
2559 2559
2537 2537
5534 5534
134 134
553 553
565 565
545 545
3953 3953
3888 3888
2440 2440
6110 6110
5235 5235
549 549
2437 2437
5866 5866
4021 4021
4071 4071
3684 3684
3692 3692
2462 2462
478 478
2740 2740
547 547
4057 4057
2463 2463
560 560
2761 2761
5740 5740
5981 5981
464 464
6149 6149
6889 6889
3976 3976
4017 4017
544 544
496 496
4045 4045
5570 5570
366 366
5734 5734
5397 5397
3967 3967
4048 4048
3670 3670
4013 4013
1764 1764
5241 5241
4007 4007
4050 4050
3968 3968
3988 3988
3985 3985
4023 4023
2317 2317
5695 5695
4065 4065
284 284
3962 3962
556 556
3979 3979
3980 3980
492 492
5691 5691
2308 2308
552 552
4036 4036
4035 4035
2563 2563
3970 3970
4042 4042
4037 4037
2103 2103
2312 2312
6128 6128
6111 6111
4009 4009
2337 2337
6108 6108
6136 6136
5760 5760
6114 6114
4040 4040
3978 3978
153 153
495 495
1922 1922
2305 2305
4032 4032
5988 5988
5869 5869
526 526
2722 2722
4018 4018
1935 1935
487 487
6126 6126
5914 5914
580 580
2324 2324
5873 5873
2738 2738
6159 6159
5874 5874
5384 5384
497 497
5567 5567
6166 6166
2721 2721
2349 2349
2306 2306
223 223
2467 2467
6157 6157
500 500
2747 2747
5994 5994
2468 2468
2147 2147
2356 2356
5793 5793
2426 2426
6216 6216
4015 4015
2450 2450
3738 3738
5903 5903
3796 3796
2448 2448
2243 2243
2726 2726
1925 1925
1937 1937
2338 2338
2435 2435
2768 2768
2425 2425
6163 6163
2735 2735
5806 5806
5431 5431
2310 2310
3717 3717
2429 2429
2751 2751
2318 2318
5997 5997
285 285
2466 2466
2336 2336
6119 6119
6134 6134
5991 5991
6140 6140
2321 2321
527 527
1610 1610
214 214
2444 2444
2446 2446
209 209
5783 5783
2334 2334
2728 2728
2339 2339
5393 5393
1970 1970
2748 2748
1567 1567
2340 2340
2731 2731
3437 3437
398 398
6020 6020
1919 1919
3013 3013
5807 5807
2319 2319
3676 3676
1939 1939
441 441
1564 1564
1565 1565
6172 6172
2753 2753
1928 1928
2745 2745
5989 5989
6170 6170
6040 6040
6010 6010
1684 1684
1661 1661
163 163
3355 3355
1628 1628
3353 3353
1593 1593
1942 1942
5767 5767
5390 5390
215 215
5999 5999
5778 5778
1725 1725
1646 1646
1625 1625
5423 5423
1652 1652
1647 1647
1609 1609
5406 5406
3068 3068
1933 1933
2108 2108
255 255
1663 1663
1614 1614
1743 1743
3892 3892
1580 1580
5401 5401
5428 5428
5387 5387
1279 1279
1649 1649
3727 3727
1733 1733
3784 3784
1751 1751
5400 5400
1660 1660
3338 3338
3364 3364
1665 1665
1977 1977
701 701
1616 1616
3365 3365
1633 1633
3810 3810
5883 5883
1900 1900
3361 3361
1699 1699
1657 1657
6037 6037
1638 1638
1973 1973
1594 1594
1944 1944
1671 1671
1595 1595
570 570
4807 4807
1655 1655
3351 3351
3811 3811
1634 1634
1670 1670
5421 5421
1617 1617
1386 1386
1672 1672
1683 1683
1749 1749
1309 1309
3000 3000
2944 2944
1704 1704
2945 2945
3340 3340
1561 1561
1708 1708
773 773
1667 1667
1585 1585
1858 1858
1716 1716
1427 1427
5777 5777
1912 1912
3354 3354
2898 2898
1748 1748
1233 1233
1658 1658
3440 3440
1678 1678
1598 1598
1951 1951
1904 1904
1700 1700
3001 3001
1914 1914
2999 2999
1738 1738
3067 3067
1637 1637
5413 5413
1568 1568
1841 1841
5791 5791
1703 1703
5812 5812
1712 1712
1603 1603
1909 1909
5438 5438
3169 3169
3004 3004
3062 3062
1619 1619
1729 1729
1891 1891
3442 3442
3405 3405
1556 1556
6761 6761
2942 2942
586 586
3275 3275
1280 1280
820 820
1258 1258
3168 3168
3292 3292
1387 1387
3271 3271
5409 5409
5785 5785
3345 3345
1680 1680
3278 3278
2938 2938
5432 5432
3078 3078
1260 1260
218 218
1579 1579
3003 3003
3263 3263
1949 1949
3367 3367
3417 3417
5880 5880
1600 1600
3255 3255
5816 5816
3267 3267
5092 5092
5799 5799
5095 5095
1913 1913
1669 1669
1714 1714
3408 3408
1622 1622
3420 3420
1559 1559
3298 3298
1641 1641
3917 3917
1393 1393
3265 3265
1430 1430
2897 2897
3363 3363
1876 1876
1689 1689
1588 1588
1383 1383
5886 5886
1918 1918
3247 3247
3283 3283
3766 3766
252 252
1943 1943
708 708
3297 3297
3346 3346
1562 1562
1541 1541
793 793
1887 1887
3430 3430
2994 2994
1737 1737
1297 1297
3316 3316
1433 1433
760 760
5229 5229
1877 1877
1885 1885
1719 1719
1682 1682
1551 1551
1259 1259
744 744
1711 1711
1821 1821
1583 1583
754 754
1570 1570
1553 1553
1578 1578
1560 1560
5210 5210
3402 3402
1880 1880
1857 1857
6754 6754
5813 5813
817 817
591 591
1879 1879
1504 1504
1542 1542
759 759
696 696
1396 1396
1356 1356
4744 4744
2812 2812
6745 6745
6747 6747
1687 1687
1883 1883
1833 1833
5441 5441
5800 5800
5775 5775
3284 3284
2941 2941
3241 3241
3254 3254
3248 3248
1826 1826
1548 1548
1271 1271
1853 1853
5923 5923
3447 3447
6739 6739
1601 1601
2985 2985
3393 3393
3224 3224
1313 1313
2984 2984
3223 3223
607 607
3380 3380
5058 5058
5051 5051
3290 3290
5782 5782
1409 1409
3815 3815
5068 5068
3379 3379
4741 4741
3373 3373
6185 6185
6757 6757
6736 6736
6187 6187
1314 1314
210 210
1310 1310
4168 4168
6817 6817
758 758
3201 3201
5350 5350
6704 6704
1688 1688
5008 5008
680 680
3348 3348
3252 3252
5378 5378
6806 6806
1355 1355
5055 5055
5437 5437
770 770
783 783
3445 3445
1811 1811
1502 1502
2893 2893
211 211
1854 1854
6686 6686
2889 2889
3400 3400
6766 6766
2989 2989
5374 5374
4226 4226
681 681
3200 3200
5053 5053
5221 5221
5414 5414
762 762
6703 6703
5079 5079
5299 5299
3222 3222
4765 4765
5338 5338
763 763
248 248
1245 1245
3280 3280
6718 6718
3324 3324
4756 4756
3893 3893
5156 5156
1441 1441
5056 5056
6450 6450
3413 3413
6225 6225
6663 6663
2892 2892
3333 3333
6661 6661
609 609
788 788
5080 5080
6406 6406
6834 6834
4863 4863
5339 5339
5016 5016
3682 3682
6712 6712
4185 4185
4754 4754
2988 2988
6683 6683
1535 1535
1839 1839
803 803
2895 2895
784 784
5138 5138
6455 6455
6643 6643
1242 1242
5038 5038
302 302
5349 5349
5297 5297
3203 3203
771 771
4201 4201
3207 3207
4974 4974
3901 3901
824 824
5211 5211
3334 3334
3240 3240
5314 5314
5362 5362
1830 1830
829 829
6665 6665
6839 6839
5074 5074
4262 4262
5927 5927
6649 6649
6196 6196
3401 3401
3450 3450
6626 6626
5202 5202
3238 3238
3723 3723
3396 3396
6415 6415
4203 4203
6212 6212
2967 2967
3322 3322
391 391
4685 4685
6803 6803
825 825
6842 6842
5201 5201
738 738
5090 5090
3074 3074
3721 3721
706 706
6437 6437
6666 6666
2906 2906
6200 6200
6620 6620
3195 3195
6647 6647
6477 6477
1843 1843
1255 1255
6645 6645
6657 6657
6651 6651
6644 6644
6623 6623
5344 5344
1838 1838
5329 5329
6362 6362
2963 2963
3451 3451
6422 6422
3032 3032
1538 1538
6451 6451
3063 3063
1402 1402
4186 4186
6397 6397
3209 3209
3325 3325
6395 6395
5124 5124
3196 3196
3204 3204
1130 1130
2908 2908
6706 6706
3944 3944
1127 1127
6227 6227
5215 5215
6659 6659
2962 2962
5173 5173
3036 3036
1404 1404
6436 6436
3383 3383
6356 6356
3030 3030
4913 4913
1881 1881
5335 5335
4736 4736
5198 5198
5165 5165
6808 6808
1545 1545
674 674
4428 4428
4380 4380
5377 5377
6768 6768
1285 1285
1510 1510
5190 5190
3185 3185
3423 3423
5905 5905
2960 2960
301 301
6365 6365
6809 6809
5024 5024
2863 2863
5007 5007
6832 6832
2868 2868
5181 5181
4833 4833
4830 4830
4268 4268
650 650
6844 6844
3319 3319
3233 3233
1379 1379
3234 3234
1129 1129
2856 2856
604 604
4764 4764
1874 1874
2861 2861
2970 2970
3462 3462
3188 3188
1318 1318
5083 5083
3242 3242
1292 1292
5084 5084
1316 1316
1236 1236
3037 3037
400 400
5041 5041
930 930
4828 4828
4227 4227
3177 3177
5185 5185
6849 6849
2858 2858
1306 1306
3197 3197
623 623
5101 5101
6424 6424
5195 5195
2880 2880
3425 3425
2875 2875
5361 5361
3064 3064
1350 1350
625 625
5125 5125
5179 5179
1761 1761
3039 3039
6453 6453
6363 6363
1199 1199
5292 5292
5182 5182
1254 1254
4366 4366
4133 4133
6190 6190
6479 6479
6733 6733
1214 1214
1428 1428
4717 4717
1893 1893
3183 3183
5196 5196
1295 1295
4192 4192
1406 1406
3457 3457
693 693
3041 3041
3182 3182
4302 4302
2869 2869
4379 4379
636 636
6603 6603
6600 6600
6638 6638
1537 1537
3720 3720
4912 4912
3386 3386
6191 6191
2821 2821
6487 6487
3216 3216
5346 5346
6636 6636
3010 3010
1408 1408
5045 5045
5183 5183
1311 1311
5035 5035
3043 3043
5208 5208
1759 1759
4737 4737
6317 6317
4123 4123
1862 1862
6323 6323
4911 4911
1209 1209
5295 5295
1861 1861
3465 3465
6846 6846
4909 4909
6283 6283
1407 1407
3460 3460
6446 6446
5188 5188
457 457
814 814
1215 1215
3453 3453
1536 1536
1899 1899
1241 1241
3175 3175
5178 5178
598 598
2910 2910
6827 6827
603 603
880 880
6498 6498
637 637
4122 4122
5184 5184
2864 2864
732 732
4738 4738
6503 6503
2819 2819
1166 1166
726 726
3320 3320
5117 5117
6439 6439
1897 1897
5109 5109
3765 3765
6850 6850
1123 1123
4079 4079
6315 6315
4719 4719
3389 3389
6599 6599
6724 6724
669 669
4377 4377
5116 5116
1505 1505
4225 4225
3495 3495
3674 3674
675 675
1864 1864
4174 4174
6444 6444
4849 4849
723 723
6410 6410
6329 6329
6332 6332
1131 1131
1815 1815
4864 4864
5212 5212
4213 4213
4182 4182
1124 1124
6635 6635
1788 1788
1213 1213
4284 4284
1418 1418
6856 6856
728 728
4968 4968
4179 4179
6828 6828
4126 4126
1515 1515
6409 6409
4778 4778
6823 6823
6282 6282
6853 6853
602 602
6425 6425
4084 4084
4096 4096
6800 6800
6866 6866
1132 1132
6353 6353
3759 3759
4414 4414
6389 6389
1422 1422
4982 4982
597 597
1057 1057
1498 1498
748 748
4417 4417
6470 6470
3101 3101
4077 4077
6868 6868
4893 4893
1361 1361
3131 3131
6295 6295
3006 3006
4110 4110
1817 1817
4082 4082
1164 1164
2909 2909
6466 6466
6388 6388
1113 1113
1223 1223
1755 1755
4289 4289
5333 5333
2997 2997
4163 4163
247 247
4888 4888
831 831
4966 4966
6792 6792
4214 4214
1369 1369
6859 6859
2954 2954
6350 6350
6294 6294
6734 6734
5120 5120
4372 4372
3076 3076
4212 4212
4751 4751
4157 4157
3090 3090
691 691
6337 6337
2929 2929
3026 3026
4649 4649
6869 6869
4365 4365
5304 5304
4868 4868
1121 1121
4127 4127
4100 4100
4158 4158
3471 3471
5312 5312
5143 5143
4894 4894
1138 1138
6727 6727
2881 2881
5192 5192
4879 4879
4718 4718
4873 4873
412 412
4703 4703
4752 4752
4853 4853
936 936
1109 1109
384 384
1226 1226
4293 4293
1156 1156
6537 6537
1125 1125
1114 1114
1466 1466
3099 3099
5342 5342
652 652
1786 1786
4099 4099
886 886
677 677
752 752
3100 3100
2952 2952
3098 3098
4682 4682
613 613
4978 4978
3734 3734
4698 4698
963 963
1791 1791
1780 1780
4749 4749
6286 6286
3508 3508
3147 3147
4285 4285
6783 6783
1787 1787
5282 5282
5332 5332
5272 5272
4981 4981
2932 2932
3764 3764
843 843
4707 4707
6606 6606
4330 4330
2912 2912
6281 6281
4869 4869
4256 4256
3029 3029
4680 4680
1474 1474
1023 1023
4240 4240
3107 3107
802 802
1275 1275
1782 1782
177 177
4709 4709
272 272
3116 3116
3007 3007
842 842
5244 5244
6592 6592
3015 3015
4697 4697
6785 6785
6285 6285
653 653
1018 1018
676 676
1140 1140
4816 4816
2951 2951
3112 3112
6593 6593
4198 4198
4688 4688
3731 3731
1061 1061
4282 4282
1064 1064
4883 4883
4095 4095
720 720
4987 4987
1467 1467
4450 4450
841 841
4964 4964
5325 5325
3017 3017
1270 1270
3137 3137
830 830
6725 6725
6564 6564
1227 1227
1472 1472
1137 1137
6475 6475
1093 1093
839 839
1785 1785
4962 4962
4176 4176
1464 1464
981 981
5163 5163
1019 1019
891 891
1784 1784
4177 4177
4728 4728
815 815
3170 3170
1425 1425
4286 4286
998 998
1001 1001
1529 1529
1182 1182
4094 4094
1014 1014
1080 1080
1469 1469
1168 1168
4161 4161
1148 1148
4382 4382
5247 5247
3104 3104
4290 4290
4299 4299
6525 6525
1169 1169
3108 3108
2914 2914
5278 5278
5303 5303
845 845
4725 4725
6474 6474
1795 1795
1190 1190
1091 1091
927 927
4294 4294
721 721
2919 2919
4427 4427
6563 6563
1523 1523
1524 1524
6473 6473
6289 6289
1006 1006
2913 2913
1180 1180
1004 1004
1178 1178
1200 1200
1534 1534
4104 4104
413 413
3472 3472
988 988
3094 3094
989 989
4117 4117
6574 6574
4854 4854
725 725
1527 1527
4804 4804
633 633
6338 6338
1177 1177
4322 4322
3502 3502
4722 4722
870 870
6534 6534
6875 6875
767 767
1011 1011
1003 1003
6288 6288
3018 3018
1112 1112
1796 1796
1151 1151
3120 3120
795 795
4723 4723
1071 1071
4856 4856
1068 1068
1025 1025
661 661
4328 4328
6514 6514
1042 1042
1007 1007
6538 6538
6577 6577
983 983
938 938
1010 1010
1013 1013
4277 4277
6292 6292
4746 4746
5004 5004
3119 3119
4955 4955
4545 4545
836 836
6557 6557
987 987
3140 3140
4797 4797
1041 1041
4337 4337
4388 4388
3092 3092
6605 6605
1147 1147
5250 5250
1102 1102
4329 4329
1084 1084
4814 4814
5249 5249
1468 1468
4338 4338
1116 1116
1525 1525
1155 1155
4956 4956
832 832
4606 4606
4687 4687
1045 1045
3087 3087
807 807
4370 4370
3474 3474
991 991
794 794
1033 1033
4131 4131
4430 4430
6587 6587
6504 6504
808 808
1055 1055
1323 1323
1094 1094
3088 3088
6346 6346
4935 4935
883 883
975 975
1075 1075
6505 6505
4458 4458
955 955
1175 1175
4395 4395
4729 4729
5251 5251
4610 4610
6586 6586
6530 6530
4757 4757
4134 4134
1173 1173
4317 4317
4340 4340
885 885
4587 4587
882 882
4407 4407
810 810
4648 4648
6309 6309
4599 4599
5255 5255
1160 1160
4296 4296
3095 3095
921 921
1488 1488
1159 1159
4934 4934
4838 4838
6510 6510
4919 4919
4354 4354
4842 4842
4846 4846
1028 1028
4730 4730
6550 6550
1031 1031
969 969
4389 4389
6872 6872
984 984
705 705
2834 2834
3089 3089
4459 4459
4405 4405
3083 3083
6573 6573
4690 4690
4619 4619
4361 4361
4559 4559
3130 3130
4383 4383
1327 1327
4543 4543
2827 2827
884 884
4398 4398
1100 1100
4386 4386
6559 6559
1449 1449
1798 1798
4806 4806
6874 6874
1118 1118
4391 4391
956 956
6520 6520
4349 4349
972 972
4664 4664
4457 4457
3096 3096
4144 4144
1326 1326
4297 4297
4335 4335
4501 4501
4500 4500
3476 3476
865 865
4538 4538
992 992
4435 4435
4424 4424
1501 1501
4628 4628
4808 4808
1345 1345
3134 3134
6527 6527
2927 2927
4607 4607
1799 1799
1493 1493
4562 4562
4537 4537
4621 4621
4535 4535
3511 3511
656 656
4550 4550
4844 4844
4151 4151
662 662
4552 4552
4533 4533
4425 4425
4521 4521
619 619
6570 6570
4505 4505
4320 4320
1458 1458
1478 1478
4396 4396
4561 4561
4930 4930
4497 4497
809 809
4588 4588
1185 1185
4504 4504
1480 1480
4431 4431
6511 6511
1184 1184
665 665
2835 2835
1265 1265
4334 4334
856 856
966 966
663 663
4400 4400
3156 3156
4150 4150
620 620
978 978
2832 2832
4503 4503
4452 4452
913 913
4166 4166
4534 4534
4471 4471
4481 4481
616 616
4603 4603
4142 4142
3128 3128
4522 4522
4385 4385
3478 3478
973 973
914 914
1477 1477
1187 1187
4984 4984
4528 4528
952 952
5234 5234
1757 1757
4470 4470
4453 4453
4437 4437
4641 4641
4454 4454
4571 4571
4953 4953
917 917
857 857
1337 1337
4418 4418
4613 4613
901 901
875 875
4583 4583
4493 4493
1141 1141
4443 4443
4922 4922
944 944
4950 4950
864 864
2831 2831
4153 4153
4940 4940
4942 4942
5265 5265
4929 4929
3500 3500
957 957
4352 4352
848 848
4546 4546
968 968
903 903
4359 4359
3480 3480
1365 1365
4525 4525
4597 4597
4363 4363
4310 4310
910 910
4582 4582
872 872
1203 1203
4360 4360
4941 4941
905 905
4392 4392
6571 6571
4689 4689
4653 4653
3125 3125
4595 4595
4440 4440
5266 5266
4573 4573
4671 4671
4461 4461
6381 6381
1804 1804
4936 4936
