3828 0
2 2
1226 3
6 6
7 7
8 8
9 9
5255 10
3943 11
216 13
1804 14
1375 15
826 16
17 17
1987 18
21 21
6265 22
25 25
26 26
27 27
2649 30
31 31
3796 32
3425 33
34 34
35 35
36 36
37 37
643 38
42 42
1364 43
44 44
45 45
48 48
3924 49
53 53
54 54
2822 55
3522 58
497 59
2180 61
63 63
64 64
2784 68
70 70
71 71
72 72
2034 73
76 76
78 78
79 79
81 81
82 82
488 85
514 87
90 90
449 92
94 94
461 95
2734 99
928 101
102 102
103 103
106 106
2837 107
108 108
3032 111
112 112
2534 113
115 115
43 118
119 119
1907 121
122 122
123 123
6263 124
125 125
128 128
131 131
133 133
134 134
136 136
137 137
138 138
140 140
1845 142
583 143
146 146
3249 147
149 149
3144 151
153 153
155 155
156 156
157 157
160 160
1808 161
479 162
163 163
4022 164
1235 165
168 168
169 169
1513 170
1834 173
188 175
177 177
2899 178
180 180
2774 188
225 189
708 192
3086 193
671 194
3633 197
3204 199
200 200
202 202
395 205
2838 206
209 209
210 210
211 211
4096 213
214 214
215 215
218 218
813 219
4892 220
3170 221
223 223
6877 224
2642 225
227 227
228 228
229 229
230 230
231 231
232 232
233 233
236 236
237 237
238 238
239 239
240 240
244 244
5575 245
246 246
247 247
248 248
252 252
255 255
2241 256
1124 257
258 258
4961 259
260 260
261 261
617 262
2574 264
267 267
1622 268
1995 269
270 270
272 272
273 273
1909 274
3098 275
279 279
2180 280
4091 283
284 284
285 285
287 286
2971 287
862 290
292 292
295 295
1515 296
3549 298
301 301
302 302
4038 303
3145 306
307 307
308 308
309 309
2590 310
311 311
312 312
6330 313
314 314
315 315
2823 318
3338 321
322 322
3365 323
325 325
861 326
232 327
328 328
3101 329
637 333
334 334
335 335
338 338
339 339
340 340
3247 341
3870 342
343 343
344 344
347 347
348 348
349 349
2577 352
3590 356
97 357
359 359
2243 360
366 366
369 369
370 370
2521 371
1421 372
374 374
428 375
1878 376
191 377
379 379
488 380
1880 381
2468 383
384 384
386 386
387 387
776 390
391 391
392 392
970 393
394 394
395 395
396 396
398 398
400 400
401 401
402 402
405 405
995 407
408 408
409 409
410 410
412 412
413 413
3100 414
417 417
310 419
420 420
421 421
5768 423
1049 424
1026 425
429 429
432 432
433 433
6263 435
436 436
6196 438
439 439
1264 440
441 441
4839 442
3261 443
2677 447
448 448
449 449
2925 450
1462 451
455 455
456 456
457 457
461 461
462 462
464 464
466 466
467 467
468 468
472 472
473 473
475 475
476 476
477 477
478 478
2120 479
480 480
2908 481
487 487
490 490
492 492
494 494
495 495
496 496
497 497
342 498
499 499
500 500
599 504
505 505
507 507
508 508
510 510
2823 511
1948 512
514 514
515 515
516 516
517 517
2863 521
820 522
523 523
524 524
526 526
527 527
529 529
1802 531
617 532
533 533
537 537
539 539
540 540
544 544
545 545
547 547
3604 548
549 549
2932 550
6869 551
552 552
553 553
556 556
3605 557
558 558
560 560
1922 562
1551 563
564 564
565 565
566 566
1955 568
3173 569
570 570
2653 573
2016 574
6263 576
580 580
583 583
586 586
29 587
591 591
709 593
1329 596
597 597
598 598
3933 599
5071 600
602 602
603 603
604 604
607 607
609 609
3847 611
2837 612
613 613
120 614
3069 615
616 616
619 619
620 620
623 623
625 625
167 626
633 633
2776 635
636 636
637 637
5768 641
3544 643
1278 644
2525 647
240 649
650 650
652 652
653 653
2269 654
656 656
259 659
661 661
662 662
663 663
665 665
1668 668
669 669
895 673
674 674
675 675
676 676
677 677
1235 678
680 680
681 681
683 683
2255 685
189 686
3217 688
2440 689
691 691
387 692
693 693
696 696
35 699
701 701
705 705
706 706
708 708
479 709
5525 712
4865 713
3661 715
573 719
720 720
721 721
723 723
870 724
725 725
726 726
728 728
1788 730
732 732
440 734
6541 736
738 738
504 742
1496 743
744 744
748 748
274 749
2398 751
752 752
5775 753
754 754
908 756
758 758
759 759
760 760
762 762
763 763
764 764
767 767
770 770
771 771
773 773
6484 775
3069 778
5256 779
4039 780
3431 781
783 783
784 784
167 785
2925 786
2756 787
788 788
1104 789
791 791
793 793
794 794
795 795
802 802
803 803
807 807
808 808
809 809
810 810
1706 813
814 814
815 815
1199 816
817 817
241 818
738 819
820 820
500 821
5077 822
824 824
825 825
39 826
2741 827
829 829
830 830
831 831
832 832
709 833
3052 835
836 836
1009 837
839 839
841 841
842 842
843 843
2118 844
845 845
848 848
885 851
856 856
857 857
3644 858
4007 861
864 864
865 865
3504 867
870 870
872 872
2536 873
875 875
175 876
3038 879
880 880
882 882
883 883
884 884
885 885
886 886
2000 887
891 891
2624 892
211 895
3066 896
6263 897
899 898
2161 899
252 900
901 901
1738 902
903 903
905 905
910 910
913 913
914 914
1325 915
917 917
1146 920
921 921
1757 924
6423 926
927 927
1688 928
5034 929
930 930
936 936
938 938
3607 939
908 940
540 942
944 944
3334 946
952 952
5866 954
955 955
956 956
957 957
6423 958
5614 960
2756 962
963 963
779 964
966 966
968 968
969 969
972 972
973 973
2515 974
975 975
2221 976
978 978
981 981
983 983
984 984
2686 986
987 987
988 988
989 989
2492 990
991 991
992 992
776 995
4037 996
998 998
1799 999
1001 1001
1003 1003
1004 1004
1006 1006
1007 1007
1077 1008
1010 1010
1011 1011
3238 1012
1013 1013
1014 1014
60 1016
1018 1018
1019 1019
1235 1022
1023 1023
1025 1025
1028 1028
1031 1031
1033 1033
5770 1035
4130 1036
769 1038
1397 1039
6808 1040
1041 1041
1042 1042
2559 1043
1045 1045
3244 1047
708 1049
1055 1055
1057 1057
3205 1058
1061 1061
1345 1062
3767 1063
1064 1064
38 1066
1068 1068
1613 1069
1143 1070
1071 1071
1075 1075
2680 1078
1716 1079
1080 1080
1084 1084
1338 1085
1430 1086
1373 1088
1678 1090
1091 1091
789 1092
1093 1093
1094 1094
2597 1095
2294 1098
2559 1099
1100 1100
1102 1102
1109 1109
6384 1110
1313 1111
1112 1112
1113 1113
1114 1114
621 1115
1116 1116
1054 1117
1118 1118
1121 1121
1123 1123
1124 1124
1125 1125
1127 1127
2435 1128
1129 1129
1130 1130
1131 1131
1132 1132
3451 1134
726 1135
1137 1137
1138 1138
1140 1140
1141 1141
3668 1146
1147 1147
1148 1148
1151 1151
3454 1152
2862 1153
1682 1154
1155 1155
1156 1156
1159 1159
1160 1160
3208 1162
1164 1164
1166 1166
1168 1168
1169 1169
330 1171
1173 1173
1175 1175
1177 1177
1178 1178
1243 1179
1180 1180
2445 1181
1182 1182
1184 1184
1185 1185
1187 1187
5939 1188
1190 1190
950 1192
244 1194
2039 1195
3019 1197
584 1198
1199 1199
1200 1200
1458 1201
3425 1202
1203 1203
3684 1207
1209 1209
859 1210
2083 1211
1213 1213
1214 1214
1215 1215
3406 1217
72 1220
1223 1223
1226 1226
1227 1227
1001 1231
1233 1233
1236 1236
715 1238
776 1240
1241 1241
1242 1242
3214 1244
1245 1245
3679 1248
760 1250
391 1253
1254 1254
1255 1255
1258 1258
1259 1259
1260 1260
1261 1261
3333 1262
1264 1264
1265 1265
18 1267
1270 1270
1271 1271
1272 1272
1125 1274
1275 1275
3669 1277
1279 1279
1280 1280
1285 1285
1288 1288
2515 1291
1292 1292
1295 1295
1297 1297
1250 1302
6811 1303
1306 1306
262 1308
1309 1309
1310 1310
1311 1311
1313 1313
1314 1314
1316 1316
2653 1317
1318 1318
1323 1323
5845 1324
3205 1325
1326 1326
1327 1327
2005 1334
2978 1336
1337 1337
717 1341
1345 1345
272 1346
3512 1347
1350 1350
2439 1352
1111 1353
1355 1355
1356 1356
3364 1360
1361 1361
1365 1365
555 1366
6031 1367
1369 1369
2393 1374
479 1377
2837 1378
1379 1379
1383 1383
1386 1386
1387 1387
864 1388
1760 1392
1393 1393
1301 1394
1225 1395
1396 1396
1972 1397
1378 1398
3446 1400
1402 1402
1404 1404
1947 1405
1406 1406
1407 1407
1408 1408
1409 1409
3377 1410
3630 1413
2814 1417
1418 1418
1419 1419
1422 1422
361 1423
1425 1425
1427 1427
1428 1428
1430 1430
6807 1432
1433 1433
2851 1437
372 1438
1441 1441
506 1442
2987 1443
475 1445
284 1448
1449 1449
1587 1452
1458 1458
2457 1462
1464 1464
1286 1465
1466 1466
1467 1467
1468 1468
1469 1469
1472 1472
1474 1474
330 1475
1477 1477
1478 1478
1480 1480
3584 1482
2930 1484
1988 1485
950 1486
1488 1488
5635 1490
1493 1493
1225 1497
1498 1498
764 1499
1501 1501
1502 1502
1504 1504
1505 1505
1510 1510
731 1512
1515 1515
967 1518
2860 1519
2792 1520
1523 1523
1524 1524
1525 1525
896 1526
1527 1527
1529 1529
950 1530
2700 1533
1534 1534
1535 1535
1536 1536
1537 1537
1538 1538
1541 1541
1542 1542
1545 1545
2313 1547
1548 1548
97 1550
1551 1551
1553 1553
1975 1555
1556 1556
1559 1559
1560 1560
1561 1561
1562 1562
18 1563
1564 1564
1565 1565
1567 1567
1568 1568
1570 1570
1578 1578
1579 1579
1580 1580
2393 1582
1583 1583
1585 1585
658 1587
1588 1588
4130 1589
1593 1593
1594 1594
1595 1595
1598 1598
1600 1600
1601 1601
1603 1603
1609 1609
1610 1610
5046 1613
1614 1614
1616 1616
1617 1617
2709 1618
1619 1619
1622 1622
6856 1623
1625 1625
952 1626
82 1627
1628 1628
483 1629
1343 1631
1633 1633
1634 1634
589 1636
1637 1637
1638 1638
2825 1639
1641 1641
373 1642
3377 1645
1646 1646
1647 1647
1649 1649
1318 1650
1652 1652
3086 1653
1655 1655
5525 1656
1657 1657
1658 1658
1660 1660
1661 1661
3552 1662
1663 1663
1907 1664
1665 1665
1667 1667
1669 1669
1670 1670
1671 1671
1672 1672
1133 1673
3669 1675
6263 1677
1678 1678
1680 1680
1682 1682
1683 1683
1684 1684
1687 1687
1688 1688
1689 1689
2827 1694
1699 1699
1700 1700
1703 1703
1704 1704
3224 1705
6300 1707
1708 1708
252 1709
1711 1711
1712 1712
1714 1714
1716 1716
3745 1717
6666 1718
1719 1719
3252 1720
6713 1722
6811 1723
1725 1725
1374 1727
1729 1729
1733 1733
1737 1737
1738 1738
2997 1742
1743 1743
776 1745
3069 1746
1748 1748
1749 1749
1751 1751
1755 1755
709 1756
1757 1757
1759 1759
2465 1760
1761 1761
99 1763
1764 1764
1766 1766
656 1768
3142 1770
6710 1771
1773 1773
1774 1774
1780 1780
1782 1782
6490 1783
1784 1784
1785 1785
1786 1786
1787 1787
1788 1788
2837 1789
2337 1790
1791 1791
3149 1792
2960 1793
1795 1795
1796 1796
1798 1798
1799 1799
2697 1803
1804 1804
237 1805
2207 1806
1803 1807
1811 1811
1099 1814
1815 1815
3544 1816
1817 1817
3224 1819
1214 1820
1821 1821
887 1822
1061 1825
1826 1826
830 1827
1830 1830
1833 1833
2636 1836
1838 1838
1839 1839
1841 1841
1843 1843
2893 1844
1100 1846
1768 1847
1853 1853
1854 1854
1857 1857
1858 1858
1861 1861
1862 1862
1546 1863
1864 1864
1866 1866
1867 1867
1868 1868
1874 1874
1876 1876
1877 1877
1879 1879
1880 1880
1881 1881
1883 1883
6012 1884
1885 1885
607 1886
1887 1887
2313 1888
1361 1889
1891 1891
1893 1893
2343 1894
1631 1895
1897 1897
1899 1899
1900 1900
1904 1904
1906 1906
551 1908
1909 1909
167 1911
1912 1912
1913 1913
1914 1914
2393 1915
1918 1918
1919 1919
1920 1920
2108 1921
1922 1922
1517 1923
1924 1924
1925 1925
3033 1926
1928 1928
4096 1930
488 1932
1933 1933
966 1934
1935 1935
1937 1937
2294 1938
1939 1939
1942 1942
1943 1943
1944 1944
1949 1949
1951 1951
1782 1956
2823 1959
2076 1969
1970 1970
1285 1971
3813 1972
1973 1973
3 1976
1977 1977
1670 1978
6045 1979
735 1980
1760 1981
2562 1982
1983 1983
1215 1986
1988 1988
1989 1989
1992 1992
1993 1993
1996 1996
1997 1997
3305 1998
2005 2005
2007 2007
2180 2009
2010 2010
2012 2012
2014 2014
3245 2016
2018 2018
2677 2019
6451 2020
2022 2022
2024 2024
2025 2025
2026 2026
2029 2029
2031 2031
403 2032
73 2034
5202 2035
2036 2036
1364 2039
2040 2040
2041 2041
2043 2043
2044 2044
4892 2046
2343 2047
2051 2051
2052 2052
2056 2056
2057 2057
1635 2060
2061 2061
2063 2063
614 2065
3144 2067
2068 2068
391 2070
40 2078
2080 2080
2084 2084
3757 2085
2087 2087
5677 2088
2089 2089
2090 2090
2092 2092
1225 2094
2095 2095
2096 2096
2098 2098
2099 2099
2100 2100
2103 2103
2107 2107
2108 2108
2109 2109
419 2111
515 2113
2114 2114
2117 2117
2119 2119
2123 2123
2124 2124
1562 2126
2127 2127
2629 2128
2129 2129
3894 2135
4065 2136
3678 2140
2143 2143
2144 2144
2145 2145
2147 2147
97 2149
2150 2150
2152 2152
1186 2154
2155 2155
373 2158
2161 2161
1618 2162
2164 2164
2165 2165
2167 2167
2169 2169
2172 2172
488 2174
2175 2175
2177 2177
415 2178
2181 2181
2182 2182
354 2184
2185 2185
2186 2186
927 2187
942 2188
2189 2189
2190 2190
2192 2192
2193 2193
2196 2196
1708 2197
2198 2198
6835 2199
2203 2203
2204 2204
2206 2206
564 2207
6835 2208
3844 2209
2210 2210
2212 2212
2213 2213
4637 2214
770 2215
2216 2216
2847 2217
1879 2218
2220 2220
1374 2221
4848 2223
2229 2229
2236 2236
2237 2237
2239 2239
2901 2242
2243 2243
2249 2249
2250 2250
2251 2251
2252 2252
2253 2253
2254 2254
2255 2255
2256 2256
2258 2258
2260 2260
2261 2261
257 2265
5009 2266
77 2267
2357 2268
2313 2269
2271 2271
2272 2272
2273 2273
878 2275
524 2276
2278 2278
2279 2279
2280 2280
5075 2281
2284 2284
2287 2287
2288 2288
2289 2289
2291 2291
2292 2292
2295 2295
2296 2296
2298 2298
2299 2299
2300 2300
6462 2301
2305 2305
2306 2306
5819 2307
2308 2308
2310 2310
428 2311
2312 2312
5756 2316
2317 2317
2318 2318
2319 2319
2321 2321
2322 2322
2324 2324
4169 2325
6573 2331
2334 2334
2336 2336
2337 2337
2338 2338
2339 2339
2340 2340
2090 2341
2343 2343
718 2346
2349 2349
3394 2353
225 2354
2356 2356
3825 2357
2360 2360
2362 2362
2790 2363
2366 2366
2367 2367
709 2369
3108 2370
6003 2371
2372 2372
2375 2375
3134 2376
2377 2377
2380 2380
2381 2381
2382 2382
2389 2389
2390 2390
2625 2391
2169 2392
2393 2393
2395 2395
726 2397
2400 2400
2957 2406
5267 2408
588 2410
2411 2411
2362 2416
1024 2418
2419 2419
3052 2421
2424 2424
2425 2425
2426 2426
2427 2427
2428 2428
2429 2429
3753 2431
2432 2432
6626 2434
2435 2435
2437 2437
2440 2440
2441 2441
5200 2443
2444 2444
2446 2446
2448 2448
2449 2449
2450 2450
5885 2452
535 2456
2457 2457
1394 2458
2462 2462
2463 2463
1113 2465
2466 2466
2467 2467
2468 2468
2470 2470
2471 2471
3668 2473
2474 2474
2475 2475
1123 2478
2480 2480
6856 2481
1221 2482
2484 2484
2485 2485
2486 2486
3976 2487
2490 2490
3083 2491
2493 2493
2496 2496
2497 2497
2498 2498
2499 2499
2501 2501
3744 2502
3631 2503
2507 2507
2508 2508
2509 2509
3205 2510
2511 2511
3205 2512
2515 2513
2514 2514
2517 2517
3493 2519
2521 2521
2523 2523
684 2525
2206 2530
806 2531
2533 2533
1326 2535
2537 2537
2538 2538
6868 2541
1595 2543
2547 2547
2548 2548
2550 2550
1210 2554
6045 2555
1313 2556
2086 2558
2559 2559
2563 2563
5008 2565
2567 2567
2636 2571
2573 2573
617 2577
1803 2580
192 2586
1888 2587
2393 2588
2589 2589
2591 2591
2594 2594
2596 2596
3339 2597
2600 2600
2604 2604
1235 2608
2610 2610
2613 2613
2614 2614
2255 2616
137 2618
2649 2619
2620 2620
2623 2623
2624 2624
2625 2625
395 2627
3174 2628
1553 2629
2630 2630
428 2631
1631 2632
5186 2633
2636 2636
1848 2637
2639 2639
3862 2640
682 2642
2643 2643
2644 2644
1760 2645
2646 2646
2648 2648
2650 2650
2652 2652
2501 2653
2654 2654
3416 2655
2656 2656
1525 2658
322 2659
2660 2660
3384 2661
5267 2663
2773 2664
1430 2666
2671 2671
2672 2672
5119 2674
1546 2676
2677 2677
2681 2681
6300 2682
2683 2683
2684 2684
2685 2685
2688 2688
2689 2689
2734 2690
713 2692
5672 2695
3560 2698
282 2699
2700 2700
2701 2701
2704 2704
2705 2705
454 2706
2707 2707
2714 2714
2715 2715
3377 2716
3782 2717
776 2718
2721 2721
2722 2722
1007 2724
2726 2726
2728 2728
3028 2729
2640 2730
2731 2731
2733 2733
2690 2734
2735 2735
1754 2736
2738 2738
2740 2740
2742 2742
444 2743
1391 2744
2745 2745
2231 2746
2747 2747
2748 2748
794 2749
1002 2750
2751 2751
5075 2752
2753 2753
2755 2755
2756 2756
225 2758
2761 2761
2768 2768
2551 2772
2774 2774
2775 2775
2777 2777
2778 2778
2779 2779
2780 2780
3476 2781
2783 2783
291 2784
4007 2786
3173 2787
2788 2788
3321 2789
726 2791
2792 2792
2814 2793
798 2798
2799 2799
2801 2801
2837 2802
2803 2803
2805 2805
2806 2806
2807 2807
3319 2809
2810 2810
2811 2811
2812 2812
543 2813
2814 2814
2815 2815
2817 2817
2818 2818
2819 2819
2821 2821
3338 2822
2825 2825
2827 2827
2032 2828
2831 2831
2832 2832
726 2833
2834 2834
2835 2835
5912 2840
3069 2844
1801 2845
5539 2848
637 2851
2856 2856
1446 2857
2858 2858
2740 2860
2861 2861
5768 2862
2863 2863
2864 2864
5517 2865
2868 2868
2869 2869
2886 2870
120 2871
2391 2872
2875 2875
5958 2876
2880 2880
2881 2881
2887 2887
2889 2889
1345 2890
2127 2891
2892 2892
2893 2893
2895 2895
2897 2897
2898 2898
2903 2903
2905 2905
2906 2906
2908 2908
2909 2909
2910 2910
2912 2912
2913 2913
2914 2914
557 2915
6723 2917
2919 2919
151 2920
1444 2921
4481 2923
252 2925
2927 2927
2929 2929
1484 2930
2932 2932
75 2933
3669 2936
2938 2938
2941 2941
2942 2942
1349 2943
2944 2944
2945 2945
2951 2951
2952 2952
2953 2953
2954 2954
2175 2959
2960 2960
2962 2962
2963 2963
2901 2964
708 2965
2967 2967
2970 2970
29 2971
3146 2975
995 2981
2984 2984
2985 2985
539 2986
2988 2988
2989 2989
3599 2990
2361 2992
479 2993
2994 2994
2781 2995
2997 2997
2999 2999
3000 3000
3001 3001
3003 3003
3004 3004
3006 3006
3007 3007
3010 3010
6797 3012
3013 3013
3015 3015
3017 3017
3018 3018
2014 3019
6263 3020
479 3021
3026 3026
3029 3029
3030 3030
3032 3032
1926 3033
3036 3036
3037 3037
2642 3038
3039 3039
1879 3040
3041 3041
950 3042
3043 3043
2393 3044
3045 3045
1700 3046
58 3047
870 3049
3050 3050
3051 3051
3052 3052
3053 3053
3056 3056
3058 3058
5662 3060
3062 3062
3063 3063
3064 3064
3067 3067
3068 3068
266 3070
3072 3072
3074 3074
3076 3076
3078 3078
708 3081
2180 3082
3083 3083
3087 3087
3088 3088
3089 3089
3090 3090
3092 3092
3778 3093
3094 3094
3095 3095
3096 3096
3098 3098
3099 3099
3100 3100
3101 3101
5011 3102
2209 3103
3104 3104
4020 3105
3555 3106
3107 3107
3108 3108
3112 3112
1361 3114
3116 3116
3119 3119
3120 3120
6531 3124
3125 3125
3126 3126
2057 3127
3128 3128
375 3129
3130 3130
3131 3131
5236 3132
3134 3134
3137 3137
3140 3140
1770 3142
3147 3147
3517 3148
3717 3152
1119 3154
3156 3156
531 3157
19 3158
3161 3161
3163 3163
504 3165
3168 3168
3169 3169
3170 3170
3175 3175
2451 3176
3177 3177
3647 3179
6823 3180
1210 3181
3182 3182
3183 3183
3185 3185
2825 3186
1373 3187
3188 3188
3195 3195
3196 3196
3197 3197
1975 3198
952 3199
3200 3200
3201 3201
3203 3203
3204 3204
3207 3207
3630 3208
3209 3209
928 3210
6490 3212
361 3215
3216 3216
2982 3217
6672 3220
3664 3221
3222 3222
3223 3223
3224 3224
1448 3225
4848 3226
16 3227
238 3229
1602 3232
3233 3233
3234 3234
3238 3238
4919 3239
3240 3240
3241 3241
3242 3242
3247 3247
3248 3248
465 3250
3252 3252
3254 3254
3255 3255
6158 3259
2137 3260
3263 3263
3265 3265
3267 3267
2955 3270
3271 3271
2823 3272
3275 3275
3750 3277
3278 3278
3280 3280
3283 3283
3284 3284
4072 3285
1501 3286
1039 3287
99 3289
3290 3290
3292 3292
2252 3296
3297 3297
3298 3298
1127 3304
3926 3305
1451 3307
789 3308
2994 3311
31 3312
0 3313
3316 3316
3319 3319
3320 3320
3322 3322
3241 3323
3324 3324
3325 3325
612 3328
1019 3330
277 3331
3333 3333
3334 3334
3338 3338
3340 3340
263 3341
447 3343
3345 3345
3346 3346
3348 3348
777 3350
3351 3351
3353 3353
3354 3354
3355 3355
4935 3358
2231 3359
3361 3361
3363 3363
3364 3364
3365 3365
1071 3366
3367 3367
4919 3369
1757 3370
3373 3373
3379 3379
3380 3380
6680 3382
3383 3383
3386 3386
3604 3387
3516 3388
3389 3389
3393 3393
1298 3394
3396 3396
3400 3400
3401 3401
3402 3402
73 3403
3405 3405
1591 3407
3408 3408
3699 3412
3413 3413
5679 3414
3417 3417
3420 3420
3423 3423
3425 3425
3221 3427
6070 3429
3430 3430
3245 3432
75 3434
3437 3437
488 3439
3440 3440
3442 3442
3445 3445
3447 3447
3450 3450
3451 3451
520 3452
3453 3453
3457 3457
2237 3459
3460 3460
3462 3462
3465 3465
5929 3467
2457 3468
3471 3471
3472 3472
1779 3473
3474 3474
3476 3476
3478 3478
3480 3480
3737 3482
3485 3485
5903 3488
1243 3490
3493 3493
3495 3495
35 3496
3630 3498
3500 3500
3502 3502
391 3503
5684 3505
2304 3506
3508 3508
2943 3509
3511 3511
3512 3512
3515 3515
2101 3516
3518 3518
3519 3519
3521 3521
1216 3523
3524 3524
3525 3525
1398 3527
3528 3528
3529 3529
3532 3532
3505 3533
1825 3538
1134 3539
3540 3540
3541 3541
3542 3542
3547 3547
3548 3548
5677 3549
3550 3550
3551 3551
1224 3552
3553 3553
3554 3554
3555 3555
3559 3559
2361 3560
5096 3561
3564 3564
3565 3565
3567 3567
3568 3568
3569 3569
3574 3574
3576 3576
3577 3577
3578 3578
3579 3579
5135 3580
1051 3581
879 3583
3585 3585
2405 3590
3591 3591
3592 3592
3595 3595
3596 3596
1180 3597
3599 3599
3600 3600
3601 3601
3602 3602
3604 3604
3605 3605
3606 3606
3607 3607
539 3608
3609 3609
3617 3617
3618 3618
1235 3620
3621 3621
3186 3623
3235 3629
3631 3631
3633 3633
6423 3634
1277 3636
3637 3637
3638 3638
3639 3639
3642 3642
3643 3643
3644 3644
3649 3649
3650 3650
1244 3651
3655 3655
1948 3660
5083 3661
2231 3662
6564 3663
3592 3667
238 3669
3670 3670
1810 3671
3673 3673
3674 3674
3676 3676
3900 3678
6227 3680
3682 3682
3684 3684
3205 3686
2206 3688
3690 3690
3692 3692
3205 3693
3696 3696
6462 3697
3700 3700
3702 3702
3703 3703
3704 3704
3705 3705
3706 3706
3709 3709
3710 3710
3711 3711
6158 3715
3717 3717
3720 3720
3721 3721
3723 3723
3819 3724
3924 3725
3726 3726
3727 3727
3728 3728
3730 3730
3731 3731
3733 3733
3734 3734
6430 3735
4065 3737
3738 3738
3740 3740
3661 3743
3744 3744
73 3745
3749 3749
3925 3750
167 3751
3676 3755
3756 3756
3757 3757
3759 3759
3325 3763
3764 3764
3765 3765
3766 3766
2631 3767
3773 3773
3845 3774
3777 3777
3779 3779
4130 3780
5180 3781
3782 3782
3784 3784
6818 3785
3789 3789
5046 3790
3791 3791
3792 3792
3793 3793
3795 3795
3796 3796
6241 3797
5989 3798
3800 3800
2968 3802
3722 3803
3974 3804
3805 3805
3806 3806
4885 3808
3809 3809
3810 3810
3811 3811
3815 3815
6707 3819
6480 3822
3824 3824
3828 3828
3829 3829
3833 3833
2221 3834
3835 3835
3203 3836
3837 3837
3841 3841
3845 3845
6762 3846
3847 3847
3848 3848
3850 3850
3851 3851
3585 3852
3853 3853
3854 3854
6428 3855
3856 3856
3910 3858
5672 3860
3861 3861
3411 3863
3902 3864
4085 3865
3866 3866
4063 3869
3873 3873
3874 3874
3876 3876
6573 3881
3883 3883
3884 3884
3886 3886
3910 3887
3888 3888
2206 3891
3892 3892
3893 3893
1013 3896
2734 3897
4087 3899
3901 3901
5000 3903
3992 3905
3906 3906
3841 3907
3908 3908
4107 3909
3759 3910
3911 3911
3913 3913
4065 3914
3669 3915
3917 3917
3887 3918
2772 3919
3922 3922
3923 3923
3993 3924
6475 3925
5852 3927
3928 3928
3930 3930
3932 3932
2704 3934
1288 3935
3936 3936
3937 3937
933 3943
3944 3944
3884 3945
3947 3947
4921 3948
6241 3949
3951 3951
3953 3953
4039 3954
6788 3955
3956 3956
2445 3957
3960 3960
3734 3961
3962 3962
3679 3964
6804 3965
896 3966
3967 3967
3968 3968
3969 3969
3970 3970
3841 3971
5710 3973
3976 3976
3978 3978
3979 3979
3980 3980
6025 3984
3985 3985
3730 3986
3987 3987
3988 3988
3994 3994
3996 3996
3998 3998
4000 4000
4001 4001
4002 4002
1955 4005
4007 4007
4009 4009
4010 4010
4013 4013
5196 4014
4015 4015
4017 4017
4018 4018
6180 4020
4021 4021
2076 4022
4023 4023
3566 4024
1451 4026
4032 4032
5531 4033
3933 4034
4035 4035
4036 4036
4037 4037
4038 4038
3109 4039
4040 4040
4042 4042
4045 4045
4048 4048
4050 4050
4055 4055
4057 4057
4058 4058
4129 4059
4065 4065
6860 4067
127 4068
769 4070
4071 4071
6537 4072
4073 4073
4074 4074
4077 4077
4079 4079
4088 4080
4082 4082
4084 4084
3865 4085
5581 4087
3803 4088
337 4090
2775 4092
4094 4094
4095 4095
4096 4096
3982 4097
4099 4099
4100 4100
5254 4102
4104 4104
5581 4108
4110 4110
3924 4112
3521 4115
860 4116
4117 4117
6627 4120
4122 4122
4123 4123
4126 4126
4127 4127
6005 4128
3897 4130
4131 4131
4063 4132
4133 4133
4134 4134
4574 4138
6856 4139
4142 4142
4446 4143
4144 4144
5441 4149
4150 4150
4151 4151
4162 4152
4153 4153
4326 4154
4644 4156
4157 4157
4158 4158
4384 4160
4161 4161
4585 4162
4163 4163
4765 4164
4501 4165
4166 4166
4168 4168
6094 4169
5508 4171
4174 4174
4176 4176
4177 4177
5449 4178
4179 4179
4483 4181
4182 4182
4527 4184
4185 4185
4186 4186
5341 4188
4189 4189
4318 4191
4192 4192
5445 4197
4198 4198
4268 4199
4201 4201
4637 4202
4203 4203
5354 4204
4677 4205
4614 4207
4230 4210
4212 4212
4213 4213
4214 4214
5431 4218
4610 4219
4263 4220
5412 4221
5452 4223
4224 4224
4225 4225
4226 4226
4227 4227
4421 4233
4191 4235
4240 4240
4241 4241
4242 4242
4140 4243
4244 4244
4385 4245
4246 4246
5488 4247
5366 4248
5455 4249
4251 4251
6445 4255
4256 4256
5287 4258
4177 4259
4262 4262
4785 4263
4268 4268
4772 4269
5656 4270
4023 4271
5375 4272
4357 4276
4277 4277
4160 4278
5467 4281
4282 4282
4284 4284
4285 4285
4286 4286
4499 4287
4289 4289
4290 4290
4221 4291
4293 4293
4294 4294
5335 4295
4296 4296
4297 4297
4299 4299
5300 4300
4302 4302
4166 4303
5421 4304
4306 4306
5408 4307
4478 4308
5004 4309
4310 4310
4345 4312
5234 4315
6669 4316
4317 4317
4191 4318
4320 4320
4322 4322
4188 4324
4803 4325
4328 4328
4329 4329
4330 4330
4618 4331
6643 4332
4334 4334
4335 4335
4337 4337
4338 4338
4340 4340
4750 4341
4805 4343
5455 4346
4663 4347
4349 4349
4352 4352
4527 4353
4354 4354
4697 4357
4359 4359
4360 4360
4361 4361
4363 4363
5466 4364
4365 4365
4366 4366
5501 4367
4558 4368
4370 4370
5341 4371
4372 4372
4602 4373
4377 4377
4465 4378
4379 4379
4380 4380
4382 4382
4383 4383
4385 4385
4386 4386
4388 4388
4389 4389
5392 4390
4391 4391
4392 4392
4362 4393
4395 4395
4396 4396
4398 4398
4283 4399
4400 4400
4331 4401
4465 4402
5285 4403
4405 4405
4407 4407
4363 4409
5316 4413
4414 4414
4670 4415
4191 4416
4417 4417
4418 4418
5431 4419
5392 4422
4644 4423
4424 4424
4425 4425
4427 4427
4428 4428
4430 4430
4431 4431
4249 4433
4435 4435
4481 4436
4437 4437
4307 4439
4440 4440
5322 4441
4443 4443
4780 4444
4221 4446
4461 4449
4450 4450
4452 4452
4453 4453
4454 4454
4457 4457
4458 4458
4459 4459
4571 4460
4461 4461
4402 4465
4508 4466
4708 4468
4470 4470
4471 4471
4140 4472
4588 4475
4393 4477
4548 4478
4191 4479
4481 4481
4674 4483
5430 4485
4562 4486
4738 4487
5365 4489
5463 4490
4493 4493
4254 4495
4342 4496
4497 4497
4595 4498
4752 4499
4500 4500
4501 4501
4503 4503
4504 4504
4505 4505
4326 4508
5359 4509
4555 4510
5376 4512
5445 4515
4481 4517
4521 4521
4522 4522
4351 4523
4194 4524
4525 4525
4528 4528
5431 4529
5332 4530
4191 4531
4533 4533
4534 4534
4535 4535
4537 4537
4538 4538
4543 4543
5431 4544
4545 4545
4546 4546
4550 4550
5296 4551
4552 4552
4281 4555
5461 4558
4559 4559
4561 4561
4562 4562
4184 4563
4286 4564
5507 4566
4638 4567
5437 4568
4723 4570
4571 4571
4573 4573
4501 4574
4799 4579
4500 4580
4528 4581
4582 4582
4583 4583
4469 4585
4587 4587
4588 4588
4345 4589
4477 4592
4663 4594
4595 4595
4597 4597
4599 4599
4483 4602
4603 4603
4776 4604
4191 4605
4606 4606
4607 4607
4372 4609
4610 4610
4613 4613
4320 4618
4619 4619
4326 4620
4621 4621
5463 4623
4352 4624
5467 4625
4628 4628
4357 4629
4479 4630
4233 4633
5401 4635
4140 4636
4641 4641
4266 4642
4664 4644
4670 4645
5291 4646
4818 4647
4648 4648
4649 4649
4353 4652
4653 4653
4450 4654
4238 4658
4598 4660
4664 4664
4191 4665
4530 4669
4395 4670
4671 4671
4201 4673
4562 4677
4562 4679
4680 4680
4682 4682
4766 4684
4685 4685
4687 4687
4688 4688
4689 4689
4690 4690
4259 4691
4352 4693
4611 4695
4326 4696
4697 4697
4698 4698
4452 4701
5345 4702
4703 4703
4705 4705
4707 4707
4709 4709
4510 4711
4479 4715
4649 4716
4717 4717
4718 4718
4719 4719
5420 4720
4722 4722
4723 4723
4648 4724
4725 4725
5357 4727
4728 4728
4729 4729
4730 4730
4220 4732
5503 4733
4238 4734
4659 4735
4736 4736
4737 4737
4738 4738
4741 4741
4744 4744
5352 4745
4746 4746
4747 4747
4749 4749
5384 4750
4751 4751
4752 4752
4754 4754
5362 4755
4756 4756
4757 4757
4188 4760
4761 4761
4762 4762
4763 4763
4764 4764
4765 4765
4263 4771
4465 4772
4784 4773
5431 4774
4446 4775
5350 4776
4778 4778
4795 4781
4297 4782
4555 4784
4788 4788
4789 4789
4383 4790
4772 4791
4481 4794
4795 4795
4745 4796
4797 4797
4326 4803
4804 4804
4806 4806
4807 4807
4808 4808
5339 4810
4233 4811
4307 4813
4814 4814
4816 4816
4194 4818
5430 4820
5236 4825
4099 4826
5708 4827
4828 4828
6173 4829
4830 4830
4833 4833
6445 4835
4838 4838
4842 4842
4844 4844
4122 4845
4846 4846
1104 4848
4849 4849
4853 4853
4854 4854
4856 4856
594 4860
4863 4863
4864 4864
3743 4865
6545 4867
4868 4868
4869 4869
5672 4870
6437 4871
4873 4873
5616 4875
6197 4877
5036 4878
4879 4879
1907 4882
4883 4883
6386 4885
6583 4886
4888 4888
6149 4891
5569 4892
4893 4893
4894 4894
6811 4896
705 4899
4900 4900
6646 4902
4922 4906
5905 4907
4909 4909
4911 4911
4912 4912
4913 4913
6546 4914
5742 4916
6584 4917
4919 4919
6876 4920
4922 4922
3369 4926
5924 4927
4929 4929
4930 4930
4934 4934
4935 4935
4936 4936
5606 4938
4940 4940
4941 4941
4942 4942
6213 4944
6298 4947
4950 4950
4953 4953
6291 4954
4955 4955
4956 4956
6125 4961
4962 4962
6196 4963
4964 4964
4966 4966
4968 4968
6361 4969
6575 4973
4974 4974
6856 4976
4978 4978
6856 4979
4981 4981
4982 4982
4984 4984
6085 4985
6831 4986
4987 4987
5032 4995
6682 4996
6082 4997
6538 4998
6585 4999
5690 5000
5808 5002
2776 5003
5004 5004
5005 5005
5007 5007
5008 5008
6729 5009
3732 5010
6835 5011
6755 5012
6690 5014
5016 5016
5914 5021
5982 5023
5024 5024
5822 5025
6263 5027
6327 5028
6680 5032
5964 5033
5035 5035
6505 5036
5038 5038
5041 5041
5045 5045
6386 5046
3414 5047
5051 5051
5053 5053
5137 5054
5055 5055
5056 5056
5058 5058
5856 5064
4832 5065
4964 5066
5068 5068
6231 5069
5912 5071
5882 5073
5074 5074
5056 5078
5079 5079
5080 5080
5083 5083
5084 5084
5270 5085
6172 5087
6128 5089
5090 5090
6069 5091
5092 5092
5773 5094
5095 5095
5581 5097
6300 5098
5101 5101
5946 5102
5265 5104
4830 5107
6681 5108
5109 5109
4972 5112
6583 5114
6300 5115
5116 5116
5117 5117
5120 5120
5124 5124
5125 5125
6838 5126
4855 5128
5166 5132
5140 5137
5138 5138
950 5139
5774 5140
5186 5141
5143 5143
5166 5146
6206 5147
5059 5152
5156 5156
4990 5157
1652 5161
6288 5162
5163 5163
5165 5165
5078 5166
5236 5167
6357 5169
6709 5170
5173 5173
5566 5175
5178 5178
5179 5179
4893 5180
5181 5181
5182 5182
5183 5183
5184 5184
5185 5185
6300 5187
5188 5188
5190 5190
5192 5192
5981 5193
5112 5194
5195 5195
5196 5196
5198 5198
6445 5199
5201 5201
5202 5202
5581 5203
6570 5204
5066 5206
5214 5207
5208 5208
5210 5210
5211 5211
5212 5212
5215 5215
5764 5220
5221 5221
6876 5226
5229 5229
5870 5230
5234 5234
5235 5235
5239 5239
5241 5241
6690 5242
5244 5244
6205 5245
6462 5246
5247 5247
5764 5248
5249 5249
5250 5250
5251 5251
6574 5252
6008 5253
5690 5254
5255 5255
5280 5256
5768 5257
4892 5259
2541 5261
5265 5265
5266 5266
5774 5268
5092 5270
5272 5272
5606 5274
6371 5277
5278 5278
5282 5282
4580 5283
5403 5285
4673 5287
4634 5291
5292 5292
5295 5295
4579 5296
5297 5297
5299 5299
4548 5300
4772 5302
5303 5303
5304 5304
5478 5305
5452 5306
5308 5308
4297 5309
4191 5310
5312 5312
5314 5314
4452 5316
4326 5320
4641 5321
5325 5325
5329 5329
4389 5331
5332 5332
5333 5333
5335 5335
4663 5336
5337 5337
5338 5338
5339 5339
4345 5340
5341 5341
5342 5342
5344 5344
5346 5346
5349 5349
5350 5350
4401 5352
4583 5353
4446 5354
4138 5360
5361 5361
5362 5362
5456 5364
5507 5367
4579 5372
5444 5373
5374 5374
5467 5375
4410 5376
5377 5377
5378 5378
4755 5381
4261 5383
5384 5384
4647 5386
5387 5387
5390 5390
5393 5393
4248 5396
5397 5397
4295 5398
4364 5399
5400 5400
5401 5401
5410 5403
4686 5404
4201 5405
5406 5406
5409 5409
4221 5412
5413 5413
5414 5414
4788 5416
5421 5421
5423 5423
4801 5424
4233 5425
4816 5427
5428 5428
4355 5429
5465 5430
5431 5431
5432 5432
4428 5436
5437 5437
5438 5438
4160 5439
5441 5441
5442 5442
5443 5443
5444 5444
5445 5445
5350 5446
4152 5448
4692 5449
4450 5451
5379 5452
5453 5453
4670 5455
4429 5456
5492 5461
4547 5463
5464 5464
5465 5465
5466 5466
5470 5470
5471 5471
5463 5472
5473 5473
4776 5474
5475 5475
4269 5476
4346 5478
4207 5479
4516 5480
5481 5481
5483 5483
5484 5484
5486 5486
5488 5488
4527 5489
4611 5491
4345 5492
4191 5493
4756 5494
5496 5496
4150 5497
4293 5498
4215 5499
4803 5500
4293 5503
5504 5504
4562 5507
5508 5508
5512 5512
6478 5513
5514 5514
5515 5515
4270 5516
5522 5522
5953 5525
5527 5527
5528 5528
6125 5529
6127 5530
5532 5532
6680 5533
5534 5534
5535 5535
5536 5536
6267 5537
5538 5538
5540 5540
6263 5543
5544 5544
5928 5546
6310 5547
5550 5550
5552 5552
5210 5553
6541 5555
6811 5556
5557 5557
5558 5558
4844 5560
5561 5561
6005 5564
6701 5566
5567 5567
5570 5570
6291 5572
485 5573
5647 5574
6267 5576
6071 5577
6480 5578
6610 5579
6300 5580
5582 5582
6300 5583
4892 5589
5590 5590
6419 5592
6263 5594
6683 5597
5598 5598
5053 5599
372 5600
5601 5601
5645 5603
5672 5606
5810 5608
5609 5609
5515 5611
5553 5613
5614 5614
6768 5615
5577 5617
5781 5618
6774 5619
5822 5620
6026 5621
5191 5622
5573 5624
5625 5625
6825 5626
5627 5627
5628 5628
6393 5629
5630 5630
5119 5631
5632 5632
5635 5635
5525 5636
5946 5638
5641 5641
5643 5643
6127 5645
2127 5646
5671 5647
5648 5648
5653 5653
5233 5654
6113 5656
6118 5657
5659 5659
5660 5660
5663 5663
5664 5664
5665 5665
6572 5666
4270 5667
6165 5668
6472 5672
5674 5674
1188 5677
6618 5679
6647 5680
226 5685
6628 5687
5699 5688
6594 5690
5691 5691
6300 5693
6045 5694
5695 5695
5698 5698
5701 5701
610 5704
6373 5706
3876 5710
6380 5711
5714 5714
6490 5715
6175 5717
4871 5720
5657 5722
5224 5723
5724 5724
6153 5725
5728 5728
5729 5729
5734 5734
6762 5735
5736 5736
5740 5740
5741 5741
5810 5744
5745 5745
5786 5747
5748 5748
5750 5750
5751 5751
5753 5753
4944 5757
5513 5758
5760 5760
4974 5761
5213 5763
5248 5764
6462 5766
5767 5767
6323 5768
4099 5770
6805 5771
6205 5774
5775 5775
5777 5777
5778 5778
6610 5780
6080 5781
5782 5782
5783 5783
5785 5785
6045 5786
2830 5790
5791 5791
5793 5793
6677 5795
5799 5799
5800 5800
6045 5803
5806 5806
5807 5807
4838 5808
4877 5809
5812 5812
5813 5813
5816 5816
5268 5818
5100 5825
6464 5828
6347 5830
5831 5831
5834 5834
5835 5835
5838 5838
6231 5840
5573 5842
5843 5843
6436 5847
5848 5848
5851 5851
307 5852
6059 5855
5774 5857
5861 5861
5863 5863
6152 5864
5866 5866
5869 5869
6811 5871
5873 5873
5874 5874
3743 5876
4106 5877
6714 5879
5880 5880
4854 5881
5143 5882
5883 5883
5581 5884
5886 5886
6636 5889
6680 5891
6716 5892
6677 5894
6025 5895
6271 5896
5166 5897
6173 5898
6507 5899
6263 5901
5844 5902
5903 5903
5905 5905
6616 5906
5581 5907
6525 5908
5516 5911
4866 5913
5914 5914
5541 5916
6215 5920
5923 5923
6659 5924
6888 5925
6359 5926
5927 5927
1293 5930
5931 5931
5932 5932
5236 5935
5079 5939
5940 5940
6803 5943
5947 5947
5951 5951
5952 5952
4893 5953
6355 5957
5958 5958
6647 5960
4855 5961
5928 5962
5966 5966
5947 5970
5647 5971
5251 5972
5981 5981
5541 5983
990 5984
5986 5986
372 5987
5988 5988
5989 5989
5991 5991
5994 5994
5997 5997
5999 5999
5793 6000
2869 6001
6808 6002
6314 6003
5870 6004
5755 6005
6508 6006
6034 6009
6010 6010
5541 6011
6177 6017
6020 6020
5612 6024
4942 6025
5899 6027
6065 6028
6714 6029
6332 6031
6762 6032
4921 6033
4840 6036
6037 6037
6219 6038
5807 6039
6040 6040
6247 6041
6042 6042
5185 6044
6045 6045
5604 6048
2800 6049
5820 6052
6054 6054
4885 6055
6057 6057
6058 6058
3050 6060
146 6061
6062 6062
5902 6064
6065 6065
5663 6066
6067 6067
5559 6069
6462 6070
6072 6072
5233 6073
6075 6075
6857 6076
6077 6077
6080 6080
4905 6081
6085 6085
5094 6086
5817 6087
6856 6088
5924 6089
6090 6090
1652 6092
5962 6096
6101 6101
6104 6104
5607 6106
6108 6108
6229 6109
6110 6110
6111 6111
5068 6113
6114 6114
6432 6115
6165 6116
6263 6117
5135 6118
6119 6119
6660 6120
5233 6121
6154 6125
6126 6126
5789 6127
6128 6128
6573 6130
6147 6132
6134 6134
6570 6135
6136 6136
6318 6138
6140 6140
4942 6141
6143 6143
6147 6147
6149 6149
5158 6152
5764 6153
4843 6156
6157 6157
6159 6159
6423 6161
5137 6162
6163 6163
6514 6164
6166 6166
5185 6168
4878 6169
6170 6170
6045 6171
6172 6172
4992 6177
5612 6179
4974 6184
6185 6185
6187 6187
1607 6188
6190 6190
6191 6191
6424 6192
6196 6196
5039 6198
6200 6200
4974 6205
5109 6206
6212 6212
6675 6215
6216 6216
5057 6217
75 6221
6225 6225
6227 6227
6231 6231
6234 6234
6237 6237
6101 6238
46 6240
6241 6241
5604 6242
6300 6244
5928 6245
6247 6247
6248 6248
5525 6249
6144 6251
6254 6254
6258 6258
5784 6259
6261 6261
6264 6264
6061 6265
5690 6266
6267 6267
6729 6268
6269 6269
6270 6270
6271 6271
6410 6273
6275 6275
6484 6277
6278 6278
6281 6281
6282 6282
6283 6283
6285 6285
6286 6286
6343 6287
6288 6288
6289 6289
6313 6290
6292 6292
6294 6294
6295 6295
6354 6297
6302 6302
6694 6303
3734 6305
6507 6306
6309 6309
5928 6310
5280 6312
4974 6314
6315 6315
6317 6317
5912 6318
3335 6319
6347 6320
6323 6323
6191 6325
6470 6326
5028 6327
6329 6329
6869 6330
6332 6332
6300 6333
6337 6337
6338 6338
6856 6339
6539 6340
6172 6345
6346 6346
5171 6347
2563 6348
6350 6350
2290 6352
6353 6353
6405 6354
5213 6355
6356 6356
6271 6357
5561 6358
2869 6361
6362 6362
6363 6363
6365 6365
6472 6366
6300 6367
6225 6370
5236 6371
6870 6372
5706 6373
3769 6375
6106 6380
6381 6381
5268 6382
5691 6383
6335 6384
5824 6386
6746 6387
6388 6388
6389 6389
6034 6391
6395 6395
6397 6397
6196 6402
6406 6406
5856 6407
6409 6409
6410 6410
6743 6411
5009 6412
5742 6413
4854 6414
6415 6415
6634 6416
6417 6417
5046 6419
6422 6422
6263 6423
6424 6424
6425 6425
6856 6427
2830 6430
6069 6432
1508 6433
6436 6436
6437 6437
5047 6438
6439 6439
6522 6440
5055 6442
6300 6443
6444 6444
6446 6446
5178 6449
6450 6450
6451 6451
6453 6453
6455 6455
6534 6456
4919 6463
6466 6466
6729 6468
6470 6470
5547 6471
4898 6472
6473 6473
6474 6474
6475 6475
6477 6477
5926 6478
6479 6479
5699 6481
5642 6483
5640 6485
5166 6486
6487 6487
5238 6488
6763 6494
5606 6497
6498 6498
1082 6499
6503 6503
6504 6504
6505 6505
5927 6506
4994 6507
5172 6509
6510 6510
6511 6511
6337 6512
4863 6513
6514 6514
5672 6515
5935 6516
5961 6517
5732 6518
6520 6520
6184 6521
6888 6524
6525 6525
6794 6526
6527 6527
4949 6528
5164 6529
6530 6530
6534 6534
4922 6535
5774 6536
6537 6537
6538 6538
6514 6539
6026 6544
6007 6546
6045 6547
6550 6550
5050 6551
1652 6552
6323 6556
6557 6557
5809 6558
6559 6559
6727 6560
6644 6561
6563 6563
6564 6564
23 6566
6567 6567
6856 6568
6570 6570
6571 6571
5132 6572
6573 6573
6574 6574
6318 6575
5036 6576
6577 6577
6415 6578
4942 6580
6585 6582
6586 6586
6587 6587
4892 6588
5604 6589
6592 6592
6593 6593
6845 6594
5958 6596
2830 6598
6599 6599
6600 6600
5650 6601
5125 6602
6603 6603
6605 6605
6606 6606
5185 6607
4880 6608
5581 6610
6560 6611
5269 6615
6355 6616
6620 6620
6134 6621
6762 6622
6623 6623
5708 6625
6626 6626
6491 6628
5901 6630
6434 6631
6635 6635
6636 6636
1607 6637
6638 6638
6601 6640
2755 6641
3549 6642
6643 6643
6644 6644
6645 6645
6723 6646
6647 6647
6658 6648
6649 6649
6651 6651
4938 6654
6657 6657
6659 6659
4916 6660
6661 6661
5275 6662
6663 6663
6665 6665
6666 6666
5031 6669
6376 6670
6324 6674
3912 6677
6782 6681
6683 6683
5102 6685
6686 6686
1027 6688
6650 6689
2755 6691
5559 6694
6531 6695
6251 6698
6007 6702
6703 6703
6704 6704
6824 6705
6706 6706
4832 6707
6717 6708
6712 6712
6718 6718
5542 6719
5524 6723
6724 6724
6725 6725
6727 6727
4255 6732
6733 6733
6734 6734
6680 6735
6736 6736
6739 6739
711 6741
5758 6742
5664 6743
6745 6745
6747 6747
6007 6748
2797 6750
1778 6752
6754 6754
4309 6755
6757 6757
6761 6761
6493 6764
5034 6765
6766 6766
6768 6768
6729 6769
4893 6772
2005 6774
5246 6776
6174 6777
6089 6779
6783 6783
6785 6785
5102 6787
6792 6792
6334 6793
4849 6794
6045 6795
4939 6796
6688 6797
6800 6800
6803 6803
5807 6804
5771 6805
6806 6806
6808 6808
6809 6809
5941 6812
4896 6813
6191 6814
6817 6817
5562 6821
6823 6823
6789 6824
6827 6827
6828 6828
6570 6829
6479 6830
5799 6831
6832 6832
6834 6834
6416 6837
6641 6838
6839 6839
2127 6841
6842 6842
5968 6843
6844 6844
6662 6845
6846 6846
6849 6849
6850 6850
6416 6851
6853 6853
4916 6855
6856 6856
6859 6859
6864 6863
6866 6866
5774 6867
6868 6868
6869 6869
6856 6871
6872 6872
6874 6874
6875 6875
5920 6877
6880 6880
5973 6882
5672 6883
5699 6886
5065 6887
6237 6888
6889 6889
