5600 5600
5465 5465
5736 5736
5602 5602
5750 5750
5637 5637
5952 5952
5651 5651
6238 6238
5504 5504
6056 6056
5746 5746
6055 6055
5840 5840
5630 5630
5844 5844
5654 5654
5641 5641
5497 5497
6077 6077
5932 5932
5939 5939
5542 5542
6064 6064
5452 5452
5684 5684
6085 6085
5648 5648
5526 5526
3776 3776
3774 3774
3704 3704
6088 6088
6090 6090
5865 5865
5697 5697
5494 5494
5980 5980
5487 5487
3706 3706
6115 6115
3843 3843
6157 6157
6132 6132
5549 5549
5571 5571
3753 3753
5521 5521
5903 5903
5430 5430
4020 4020
5884 5884
5381 5381
5802 5802
3877 3877
3953 3953
5243 5243
3952 3952
5705 5705
5379 5379
6162 6162
5385 5385
5239 5239
6024 6024
5429 5429
5881 5881
5901 5901
3694 3694
3996 3996
4032 4032
5410 5410
3747 3747
5406 5406
3695 3695
5812 5812
5811 5811
5393 5393
4006 4006
3899 3899
5441 5441
5409 5409
3929 3929
5020 5020
6248 6248
3932 3932
3845 3845
5794 5794
3829 3829
3683 3683
6263 6263
3826 3826
3718 3718
4039 4039
5775 5775
6750 6750
4037 4037
5069 5069
5056 5056
3971 3971
6713 6713
5075 5075
6334 6334
6841 6841
6797 6797
5086 5086
5367 3606
6665 6665
6196 6196
6225 6225
6756 6756
5050 5050
6644 6644
5079 5079
6630 6630
6638 6638
5197 5197
6809 6809
6633 6633
6767 6767
6666 6666
6625 6625
5220 5220
6626 6626
6807 6807
6591 6591
5192 5192
6471 6471
6346 6346
5089 5089
4696 4696
6862 6862
6592 6592
6602 6602
3813 3813
6588 6588
5125 5125
5205 5205
4229 4229
4607 4607
6721 6721
6595 6595
6784 6784
6429 6429
5007 5007
6793 6793
4329 4329
4300 4300
4786 4786
6788 6788
4963 4963
5113 5113
3839 3839
5353 5353
4454 4454
4299 4299
4562 4562
6423 6423
4729 4729
4956 4956
4091 4091
4108 4108
6373 6373
6559 6559
4290 4290
4372 4372
4874 4874
4436 4436
4930 4930
6445 4742
4730 4730
6300 6300
4586 4586
4502 4502
4932 4932
4503 4503
4238 4238
4237 4237
4827 4827
4734 4734
4538 4538
4664 4664
6569 6569
4485 4485
6489 6489
4158 4158
6467 6467
4757 4757
4940 4940
