4155 1
6045 3
4677 4
5964 5
4249 8
5721 10
6704 13
6478 16
4500 17
4730 20
6265 22
4091 23
3864 25
6303 29
6361 30
5421 32
3678 34
4023 36
5505 43
4281 48
4229 59
6659 61
5423 65
4731 67
6037 69
5720 70
5072 71
5909 72
6788 73
6760 75
5537 78
6557 81
6648 83
4593 85
5925 89
5271 92
5964 93
5398 98
4551 100
5802 104
5489 105
6530 109
6206 110
4454 111
6117 113
4232 115
5714 116
4963 117
3875 118
4508 119
6815 120
4711 123
4431 125
5968 126
6088 127
6132 129
4932 130
6405 133
5371 135
5615 140
5040 141
6670 144
5651 146
6607 150
5736 153
6541 154
5181 155
6085 163
5709 164
5775 166
4212 168
3773 169
6088 171
4223 175
5811 179
3837 180
5729 183
3854 188
3955 189
4052 190
5271 191
4602 192
4604 193
6597 195
3890 196
5066 200
5160 203
6418 205
6743 209
5225 210
5216 216
6084 217
6588 220
5835 221
5084 222
6225 224
4197 225
5624 226
4275 227
4906 229
6675 230
3679 234
4832 235
6725 238
5864 240
5852 241
5845 242
6695 244
6238 245
5758 250
5220 252
4854 255
6639 256
5029 258
5347 259
4671 260
6290 262
4181 263
4346 265
5926 266
5652 268
4637 271
5245 275
5024 276
6088 277
6856 278
3976 282
4990 283
6641 284
6037 286
3756 294
5117 295
6084 298
6850 301
4083 307
3837 308
4315 309
5598 310
6772 313
3688 314
4902 315
5900 318
5754 320
5939 321
5812 322
5589 323
5585 324
4182 326
6850 333
6660 335
4551 338
5299 340
4223 342
4032 345
3982 346
6318 351
4891 354
5968 355
5646 356
3945 358
6350 360
4605 361
5313 362
6381 363
5197 367
6142 368
3843 372
6048 375
4502 376
6660 377
6030 380
5968 381
6313 384
6860 386
6088 388
6181 391
6699 393
6375 395
4118 396
4906 398
5782 402
4402 405
5641 408
6622 412
6694 415
4438 416
6706 419
6241 420
5192 421
5711 423
5951 424
6312 428
4600 433
6591 435
4157 439
5444 444
5287 445
4961 448
4948 449
6799 450
4345 452
5235 456
3974 458
5621 462
5163 463
4577 471
6430 473
4605 474
5150 480
4420 482
5123 483
4558 484
5732 485
4040 486
4070 487
4827 488
5083 489
5677 490
6717 495
3769 503
4338 507
4213 510
4494 512
4489 515
5735 516
5910 518
4324 523
5725 525
4956 527
6375 530
4342 533
5393 535
5842 536
3723 538
6115 539
4198 544
5802 546
4033 548
5381 550
6311 551
4346 555
3929 559
4912 560
4487 561
4740 566
6088 569
5103 570
6668 571
6588 576
4546 578
4797 580
5137 583
3721 584
4124 585
3855 587
4392 594
4503 595
5585 596
5222 599
6468 600
3900 601
5909 607
4158 610
4618 611
4651 612
6477 613
5818 616
5588 620
3900 621
6856 626
3808 630
5084 631
5377 632
4166 637
4310 641
3715 642
4200 643
6231 644
3680 649
4647 655
6248 657
3927 659
4647 660
5846 664
4524 668
4944 670
5603 672
5699 674
4902 675
4706 676
3868 679
4730 680
6835 686
5499 687
3754 689
5445 690
6209 693
4409 695
4037 697
4032 698
5551 700
6201 701
4037 704
5053 705
4343 708
6178 709
5622 710
5881 711
5636 712
6746 716
5406 720
5666 721
6398 722
3804 725
4892 726
3736 731
6374 732
6241 734
5758 737
5327 741
5557 742
5677 743
3892 748
5537 749
5677 750
3754 752
4841 755
4256 757
5536 758
5438 759
6627 762
4181 765
5846 772
4892 776
4793 778
3697 780
4560 783
5758 793
5758 794
5636 800
4340 802
5999 803
6523 805
4429 806
3895 807
4797 808
5832 812
5775 813
5284 814
5062 816
6350 817
6520 818
4634 819
6015 820
4092 821
4647 826
6421 827
3842 830
4931 833
3864 835
5075 838
5855 839
6663 841
5469 844
6477 845
6801 846
4313 848
5799 849
5032 852
5188 853
3967 856
5357 858
3920 859
6193 860
4655 862
5557 863
4490 868
5507 871
3932 873
5259 881
3717 882
6033 883
5350 886
3935 887
6354 889
6394 890
4158 891
6584 892
3771 897
3747 900
6185 902
6562 905
3830 909
5373 915
4562 924
6161 926
3684 929
5539 932
4036 938
5302 939
6326 940
5683 942
5775 953
6875 954
4333 958
5758 961
5985 963
5600 965
5673 969
5549 970
4647 971
5083 972
5995 974
5072 975
5636 979
4343 980
4377 981
3802 984
4337 987
6236 989
6762 991
6088 992
4167 995
5844 1001
3920 1002
6834 1003
4913 1006
5876 1007
4610 1009
4009 1010
4543 1011
5182 1012
4503 1014
5530 1017
6313 1018
6418 1022
3981 1024
5028 1026
5806 1034
4294 1036
3864 1042
5076 1043
5636 1047
4099 1048
6280 1049
6787 1052
4938 1053
5864 1055
4346 1058
4647 1059
4518 1060
5429 1062
3777 1063
4970 1064
5758 1066
6586 1068
4901 1069
4916 1071
5306 1073
6584 1075
5657 1077
5444 1078
5806 1079
4820 1080
6090 1081
3707 1083
5926 1086
4799 1087
5156 1091
4832 1096
3843 1098
4530 1100
6346 1101
4445 1104
4399 1109
4565 1114
5430 1115
4431 1118
6663 1121
6275 1122
4826 1123
5084 1124
5737 1125
6172 1129
5306 1130
4357 1132
6419 1134
6713 1136
4372 1137
5554 1138
4401 1141
4655 1143
5571 1145
6707 1149
6252 1150
5758 1152
4799 1153
3945 1154
6541 1155
5077 1156
3927 1158
4560 1161
5643 1162
5704 1163
4299 1164
6126 1169
4577 1172
4891 1174
4964 1177
6085 1178
6001 1182
4664 1185
5537 1187
5130 1188
3695 1189
5754 1191
4170 1195
4409 1197
3937 1199
5653 1200
5428 1204
4631 1205
5754 1208
6538 1209
4938 1213
4997 1220
5220 1221
6015 1228
4033 1230
6854 1231
4626 1233
4032 1234
6069 1235
3962 1236
5846 1237
6263 1240
6806 1241
6180 1243
4014 1248
5153 1250
6635 1251
4679 1257
5215 1258
5806 1269
6714 1278
4251 1280
6732 1281
4181 1282
6000 1284
6088 1285
6396 1286
5903 1289
6851 1290
5067 1291
4176 1295
5423 1299
5846 1301
5775 1303
6516 1304
4281 1308
3745 1314
4620 1315
5266 1322
5921 1324
5373 1325
5937 1327
4490 1330
6033 1331
5714 1333
5089 1334
4776 1339
5636 1340
5939 1342
6567 1343
5174 1345
6692 1346
5091 1349
4978 1351
5125 1353
6248 1356
6112 1357
5073 1359
5131 1362
6067 1363
5530 1364
5775 1367
5636 1371
3677 1374
6251 1376
5979 1377
4386 1378
4647 1381
5162 1383
6813 1384
5563 1386
5567 1387
3715 1389
5837 1390
5188 1391
5481 1392
4240 1393
5222 1395
6831 1397
4301 1398
5382 1401
6828 1404
5210 1406
5190 1410
5403 1411
3698 1413
5334 1414
4276 1416
5920 1417
4492 1419
6835 1420
6721 1421
5438 1422
5160 1424
5636 1426
4340 1427
5431 1428
4119 1438
5317 1439
4248 1440
6341 1445
6088 1446
5400 1450
6622 1456
6361 1458
5922 1459
4907 1461
6394 1463
6583 1467
4282 1470
6214 1471
4022 1475
4001 1477
6435 1478
4965 1479
6201 1480
4517 1482
6607 1483
4217 1484
5548 1485
3858 1486
6678 1488
5811 1490
4605 1491
5067 1493
5677 1496
6259 1498
6778 1500
4571 1503
6690 1504
5812 1506
4503 1507
3684 1511
3736 1512
4592 1513
4821 1514
5268 1523
4577 1527
4588 1529
4492 1539
5869 1543
3780 1545
6142 1546
5790 1548
5853 1549
4340 1551
6713 1554
3794 1558
4577 1560
5449 1561
6841 1563
5929 1564
4449 1571
5442 1577
5215 1578
5040 1579
5163 1580
5006 1581
4032 1591
3828 1593
4102 1594
6590 1599
4492 1600
4159 1607
4827 1608
4418 1610
4259 1612
4229 1613
6806 1618
3761 1621
4649 1622
6088 1623
4906 1624
6765 1627
6377 1628
6033 1632
4110 1634
5574 1636
6856 1640
5652 1644
4188 1648
6088 1651
5223 1655
6249 1656
5613 1659
5177 1664
6015 1665
6662 1666
6715 1667
4750 1670
6806 1673
4091 1674
6201 1676
4256 1679
4125 1680
5960 1685
5250 1687
5928 1688
6776 1689
6035 1692
3682 1699
4027 1700
4286 1703
6577 1704
4967 1706
5321 1708
3735 1710
4382 1711
6806 1717
4517 1722
5775 1723
5465 1724
4071 1725
4346 1727
6761 1731
4429 1734
6088 1736
5269 1741
5758 1744
6588 1745
6618 1749
3721 1754
4332 1760
4200 1762
4620 1763
5620 1766
3945 1767
5131 1771
4315 1772
5525 1773
4670 1778
6467 1780
4338 1784
6267 1785
4428 1788
4032 1790
4039 1791
4032 1794
5812 1796
6740 1797
6201 1801
5758 1803
5481 1806
5603 1811
5612 1813
6067 1814
4843 1820
5427 1826
5329 1830
6370 1831
6657 1832
5986 1833
6668 1835
5574 1836
4893 1837
4633 1842
4713 1843
6088 1848
6850 1849
4502 1850
6430 1851
3941 1853
5064 1854
4593 1855
5333 1857
6319 1860
6072 1861
5568 1862
5614 1864
4837 1867
3754 1868
6696 1871
4448 1875
4223 1877
5806 1882
5128 1885
6797 1886
4838 1887
4853 1891
5760 1893
6088 1894
6859 1895
5519 1897
3684 1900
5832 1902
4887 1903
4687 1907
5283 1916
3802 1920
4610 1922
6713 1925
4845 1926
4054 1929
5635 1930
5097 1932
3801 1933
5777 1937
3843 1938
5697 1940
5101 1951
3691 1956
5163 1959
6554 1961
3736 1964
4900 1966
6088 1971
5405 1972
6014 1975
5445 1981
5758 1982
3773 1983
5357 1986
6431 1988
5530 1993
6746 1998
6625 1999
4007 2001
4487 2003
5089 2005
5190 2006
4181 2009
6370 2014
5744 2021
5406 2022
6567 2023
6518 2025
6588 2027
3945 2028
4487 2032
5930 2033
5932 2035
6734 2036
5614 2040
6067 2041
5810 2042
5909 2043
6731 2046
4219 2050
4312 2051
6707 2054
3684 2055
5275 2056
4487 2057
4832 2059
5869 2060
4571 2061
5907 2062
5637 2063
5846 2064
6088 2066
4655 2073
6717 2074
6084 2076
4470 2080
4455 2084
3722 2085
5069 2086
3967 2088
4610 2091
5833 2092
5777 2094
5998 2096
4604 2097
5265 2105
5141 2109
5758 2110
6626 2114
5282 2116
4610 2118
6828 2119
6084 2120
5636 2122
5056 2129
6059 2130
6245 2136
5775 2139
6481 2141
4906 2144
6507 2145
4302 2146
4229 2147
4730 2148
4953 2150
4170 2151
5334 2152
3991 2156
6672 2157
5113 2164
6670 2166
6276 2167
4820 2169
5643 2171
5754 2173
4108 2174
4975 2177
5932 2178
5188 2180
4956 2185
6288 2186
5951 2187
4071 2191
4034 2194
6764 2195
5763 2196
4860 2197
4223 2198
4717 2200
6088 2201
5934 2203
6868 2204
5498 2205
4170 2208
4431 2210
6350 2211
4119 2214
6088 2217
4600 2226
4660 2227
4503 2228
3743 2229
6625 2231
5537 2237
5506 2238
5378 2239
5245 2243
6466 2244
5220 2245
4637 2246
6774 2247
6641 2253
3833 2254
4392 2255
4223 2258
6399 2262
4336 2263
6140 2266
4696 2268
4487 2269
6445 2273
6767 2274
5758 2275
4450 2279
5791 2284
6836 2285
6813 2286
4906 2287
4095 2291
4560 2296
4891 2298
6239 2301
6561 2302
5182 2303
5222 2304
5095 2305
6248 2308
6746 2311
5910 2312
4325 2313
6164 2314
4944 2319
6268 2322
4493 2324
5932 2326
3967 2330
5222 2331
6450 2335
4565 2338
4509 2347
5079 2351
5572 2352
6813 2353
5721 2355
3943 2357
4095 2362
4845 2364
6607 2365
5816 2366
3864 2370
4901 2371
4993 2379
5396 2382
4842 2385
5390 2387
6855 2389
6471 2391
6041 2392
5554 2395
6259 2400
5288 2401
4527 2402
5930 2403
5245 2404
5082 2405
4948 2412
6365 2416
4733 2417
5123 2418
4232 2419
5821 2420
4754 2421
6084 2422
4295 2423
6172 2425
6379 2428
5334 2429
4237 2431
4738 2436
4854 2442
5016 2443
4294 2444
5245 2446
5135 2447
6144 2453
6613 2456
5235 2457
6430 2461
5084 2463
6862 2468
6537 2470
5770 2471
5799 2475
4477 2477
5304 2480
6418 2482
6851 2486
5053 2488
5310 2489
4577 2492
4487 2494
6856 2495
5975 2497
5406 2498
5506 2502
5544 2503
5016 2505
4887 2507
6033 2508
5279 2509
4919 2510
5744 2512
6642 2515
4037 2516
6856 2520
6638 2523
5347 2525
5557 2526
5849 2527
4147 2529
5200 2530
4429 2531
5932 2534
5554 2535
3932 2536
5438 2540
5024 2541
5725 2543
3974 2549
5373 2551
4577 2557
5840 2558
6489 2560
5846 2561
3685 2566
5869 2571
5705 2572
5182 2574
6831 2576
4200 2577
6177 2583
6245 2584
5053 2586
5845 2588
3877 2589
3707 2591
4688 2596
6797 2598
4359 2599
6290 2604
3736 2605
5733 2606
4541 2607
6585 2613
6631 2614
5645 2621
5195 2622
4338 2623
4797 2624
6842 2625
5712 2626
6115 2627
6693 2629
3907 2630
5811 2633
5570 2635
4315 2639
3777 2644
6514 2651
5758 2653
6310 2658
4300 2662
4730 2668
4176 2670
5431 2672
5706 2675
6161 2676
4281 2678
6856 2680
4565 2685
6460 2687
6198 2689
5239 2691
4576 2692
6418 2694
5709 2695
4200 2697
5049 2700
3764 2702
5020 2703
5266 2705
4616 2715
4956 2719
5335 2720
5689 2721
5431 2723
3707 2724
4684 2726
6838 2727
5584 2728
5930 2729
4848 2731
4409 2732
6254 2733
5134 2736
4223 2737
6491 2738
6442 2739
3976 2740
5560 2742
6856 2743
5015 2744
4549 2748
6692 2749
4518 2750
5128 2751
5126 2754
3851 2756
5687 2759
5675 2760
4649 2764
4052 2766
5711 2774
4200 2781
4503 2782
5522 2783
6509 2786
6088 2787
5376 2788
6628 2789
3683 2791
5666 2795
6607 2796
6117 2797
5825 2798
5131 2799
3863 2803
4970 2804
6301 2805
4577 2808
5525 2809
4338 2811
5431 2812
4159 2816
6228 2817
4503 2819
5079 2822
3940 2823
5131 2824
5130 2826
6827 2828
6350 2829
4793 2844
4756 2846
6856 2847
6057 2849
6717 2852
5317 2854
6029 2855
6088 2857
5903 2859
5613 2860
5347 2861
5499 2863
5053 2866
4325 2869
4845 2870
3994 2875
4464 2879
5806 2882
4230 2884
6125 2885
4879 2890
4159 2892
6726 2897
5862 2903
3823 2904
4760 2908
6560 2914
5588 2919
4932 2920
4129 2921
6813 2922
4119 2923
5531 2925
5716 2926
5272 2927
6088 2928
5790 2930
5125 2932
6239 2937
6088 2940
5239 2941
4956 2942
5917 2945
5719 2946
6223 2950
6290 2956
5584 2960
4622 2963
6834 2968
4951 2971
4170 2975
4203 2976
4259 2979
5472 2980
5531 2986
4678 2989
5773 2992
5330 2993
6784 2998
4217 2999
4717 3001
4192 3004
4503 3006
6024 3012
6354 3013
4571 3015
3864 3017
4932 3023
6583 3025
5156 3026
3897 3028
4200 3030
6431 3032
6059 3036
4571 3037
4629 3038
6062 3039
6883 3048
5559 3049
4349 3055
4779 3056
4932 3059
6257 3065
4903 3069
4314 3072
6541 3074
4517 3076
3937 3077
3708 3085
6743 3087
5630 3090
6732 3092
6033 3093
5584 3094
5170 3095
5266 3096
4009 3099
5635 3101
5433 3102
5775 3105
6033 3106
4005 3107
5125 3109
6045 3112
4237 3113
4877 3114
4167 3116
4859 3118
3828 3120
4914 3121
3812 3125
4964 3128
6048 3129
5530 3130
5554 3133
4170 3135
3753 3136
4729 3137
3736 3138
4457 3139
5660 3141
5596 3144
6095 3146
5529 3151
4844 3152
6806 3155
5183 3156
5506 3158
6628 3164
5557 3165
6872 3167
5630 3168
5708 3169
5574 3174
5510 3175
4607 3177
5236 3178
4022 3180
3803 3181
6554 3182
3986 3186
4832 3188
4604 3189
5458 3190
4032 3191
3721 3192
5712 3196
6641 3197
4181 3198
4581 3200
4561 3201
4081 3203
6733 3211
4662 3212
4949 3213
4573 3216
6350 3218
4037 3219
4872 3220
4584 3224
6000 3226
4902 3229
6839 3234
5343 3237
6350 3240
5979 3241
5499 3243
6095 3246
4067 3252
6115 3253
4071 3255
5655 3256
3865 3257
4891 3260
4007 3261
5951 3262
3877 3263
5980 3266
5495 3270
3785 3272
5636 3273
5495 3277
5361 3280
5174 3281
3941 3284
5561 3292
5842 3296
6312 3299
5922 3305
6311 3308
4843 3309
6222 3312
6468 3314
4730 3316
4315 3319
4091 3320
4913 3321
5195 3323
5694 3327
5775 3328
4248 3330
6037 3332
5410 3333
6622 3334
6794 3335
6813 3336
5089 3338
4324 3339
4633 3343
3735 3346
6256 3348
4626 3350
5431 3351
4819 3356
4033 3360
4807 3361
6831 3363
4493 3367
5125 3368
6807 3371
4758 3376
4664 3380
4903 3381
5504 3383
5996 3384
5981 3385
4918 3386
4033 3387
5423 3388
5550 3389
5429 3393
4558 3394
5169 3398
5559 3399
6765 3400
4164 3402
6451 3403
5862 3407
6437 3413
6835 3419
5193 3423
6850 3424
5163 3427
6774 3430
4731 3440
6607 3443
3967 3444
5311 3449
4431 3451
4475 3452
4096 3455
4565 3461
5782 3466
5325 3478
6418 3479
6242 3485
5444 3486
5343 3487
3902 3488
6088 3491
4760 3496
5769 3499
4016 3500
6545 3501
5168 3505
3750 3507
4442 3508
6115 3509
5806 3513
4832 3517
6707 3521
4325 3522
6759 3524
4340 3525
5939 3530
4014 3531
6878 3533
4487 3537
4671 3542
6713 3543
5758 3544
4538 3547
3967 3549
6831 3551
5024 3552
6662 3553
4159 3554
4890 3556
5006 3557
5711 3558
6371 3559
4264 3560
6851 3562
4474 3565
3932 3566
4901 3569
4181 3573
3900 3577
5557 3581
4883 3582
6295 3583
3950 3585
4275 3586
6354 3587
4033 3590
4497 3592
6444 3601
5222 3605
5367 3606
6291 3611
6665 3613
6537 3614
4401 3615
4740 3616
6823 3617
5071 3621
5869 3623
4427 3628
6326 3629
4910 3631
3771 3634
3699 3635
6115 3640
6206 3641
4845 3642
6822 3643
6149 3646
6084 3647
5408 3649
4493 3652
4485 3653
6252 3656
6061 3660
5631 3661
5884 3662
5754 3666
5758 3675
6236 3679
3683 3683
4346 3686
5122 3687
6723 3688
5770 3691
6225 3692
3694 3694
3695 3695
5301 3699
4987 3702
3704 3704
3706 3706
3764 3707
3858 3708
3950 3713
6492 3715
3709 3716
5268 3717
3718 3718
4624 3719
4606 3720
5847 3726
5712 3727
5305 3728
5746 3730
6236 3731
6076 3733
5775 3736
6554 3737
4059 3738
6845 3740
5127 3744
3747 3747
3774 3749
5444 3751
5380 3752
3753 3753
5631 3754
6196 3759
6088 3760
6766 3763
4738 3765
5563 3767
4701 3769
5311 3773
3774 3774
3776 3776
3854 3777
4281 3779
4246 3781
4387 3782
6015 3784
5881 3785
6057 3790
6282 3791
3773 3792
4676 3794
4223 3797
5534 3798
3828 3800
4577 3802
3945 3803
6811 3804
5090 3806
5537 3808
4225 3811
3813 3813
6634 3815
5572 3816
6334 3818
5084 3822
5386 3824
3826 3826
3829 3829
5570 3832
4765 3835
5184 3837
6607 3838
3839 3839
5134 3841
3843 3843
4906 3844
3845 3845
4990 3852
4229 3853
6451 3854
6303 3855
3697 3860
4731 3864
5926 3865
4449 3870
5604 3873
3877 3877
5380 3880
4566 3882
6726 3883
6883 3884
6411 3885
6642 3887
4067 3891
4939 3893
5445 3896
4576 3897
3899 3899
4234 3900
4200 3904
4647 3905
6365 3906
6448 3909
6084 3910
5357 3911
4147 3913
4604 3914
6026 3917
5371 3918
3736 3919
5758 3921
4067 3923
4014 3925
5448 3927
3929 3929
3932 3932
5311 3936
4922 3937
5053 3938
3975 3944
5584 3948
4913 3950
6459 3951
3952 3952
3953 3953
4424 3954
4577 3956
5790 3958
4265 3959
5530 3964
5640 3965
4166 3969
4938 3970
3971 3971
6607 3972
4071 3976
5805 3982
5777 3983
4720 3984
5685 3985
3756 3989
3991 3991
6290 3995
3996 3996
5660 3997
6335 4002
4006 4006
3707 4007
5683 4010
6181 4011
6597 4015
5419 4016
4571 4019
4020 4020
6084 4022
5271 4023
4994 4024
6128 4028
4032 4032
4033 4033
4037 4037
5519 4038
4039 4039
6088 4043
6731 4044
5777 4045
6696 4047
6487 4048
4490 4052
5373 4057
5964 4058
6425 4061
6048 4065
3836 4067
5444 4068
4722 4070
4737 4071
4558 4072
4148 4076
4077 4077
3847 4083
4200 4085
4436 4087
4730 4089
4091 4091
6488 4092
4592 4102
5376 4104
6361 4105
4200 4106
5595 4107
4108 4108
6041 4110
5775 4113
6349 4114
5584 4115
5490 4118
4281 4120
4123 4123
4124 4124
4449 4127
5925 4128
4518 4129
4071 4131
3757 4134
5758 4136
5353 4137
4232 4138
6088 4139
3910 4140
6725 4142
6235 4143
4431 4145
5712 4147
4975 4148
4149 4149
5561 4150
4551 4153
5047 4155
6084 4156
3708 4157
4158 4158
4162 4162
5445 4163
4473 4164
4167 4167
6103 4170
5758 4178
5261 4179
5965 4180
3808 4182
5182 4183
4428 4186
6471 4188
6221 4190
5758 4194
5163 4195
4533 4197
5926 4200
4205 4205
4206 4206
4758 4207
5848 4210
4799 4212
5763 4213
4492 4217
6469 4219
4336 4221
4653 4226
4163 4227
4229 4229
4230 4230
5811 4234
3736 4235
4503 4236
4237 4237
4238 4238
4416 4239
3892 4240
4742 4241
6617 4242
3690 4244
5212 4248
5576 4249
6267 4251
5045 4254
6452 4256
6707 4259
5775 4263
4212 4269
4871 4270
6471 4271
6267 4272
5775 4273
6098 4274
6376 4276
5163 4278
5537 4282
6644 4285
3808 4287
5190 4288
4290 4290
6088 4292
4410 4293
4294 4294
5758 4295
6628 4298
4299 4299
4300 4300
5306 4302
4281 4303
5969 4305
4610 4306
4671 4307
6633 4311
4742 4313
6256 4317
4147 4320
4321 4321
4096 4326
3722 4327
3853 4328
4329 4329
5791 4331
4516 4332
3771 4333
4070 4336
3706 4337
6097 4343
3920 4348
6351 4349
4200 4350
6256 4352
4767 4354
6161 4358
4911 4359
6499 4360
3864 4362
4360 4363
3779 4364
4369 4369
6032 4371
4372 4372
5426 4378
5572 4380
4286 4382
4386 4386
6762 4388
3833 4389
3945 4390
4647 4397
6757 4399
6664 4400
4232 4405
6252 4407
3965 4412
6884 4413
3736 4416
6872 4417
5398 4420
3945 4422
6084 4423
4186 4425
5184 4427
6457 4428
5188 4433
6723 4435
4436 4436
6734 4438
4530 4439
5034 4440
4085 4444
4092 4446
6597 4450
4454 4454
6503 4457
4455 4459
3837 4461
5336 4462
5101 4463
6678 4465
5510 4469
6006 4475
4997 4476
6265 4477
4932 4478
4851 4483
4485 4485
6241 4487
4384 4488
6430 4492
4493 4493
4497 4497
4502 4502
4503 4503
3721 4510
4517 4517
4129 4518
6772 4520
4722 4527
3869 4528
4919 4529
5624 4533
3976 4537
4538 4538
5431 4539
6557 4543
6335 4545
6442 4546
4548 4548
4067 4549
6761 4551
5284 4555
3979 4556
4584 4557
5373 4558
4562 4562
5727 4564
6704 4568
6515 4571
4573 4573
4338 4575
3986 4582
4586 4586
4487 4587
6195 4588
4451 4589
4412 4592
3739 4593
4315 4594
6491 4598
6711 4601
3728 4602
6554 4604
4607 4607
4346 4608
5078 4609
5754 4611
6297 4614
4147 4618
4261 4621
4552 4622
5848 4623
5636 4624
4735 4626
5561 4627
5310 4632
5347 4635
6011 4636
4637 4637
4350 4640
5842 4641
4887 4646
4427 4648
5687 4649
4650 4650
4181 4657
3878 4662
3940 4663
4664 4664
3736 4665
4834 4667
5184 4669
4891 4671
6414 4673
4298 4675
5082 4679
5334 4682
5358 4686
3690 4687
5886 4688
6338 4689
6589 4691
4696 4696
3800 4697
5750 4700
6088 4704
4711 4711
4713 4713
5310 4715
4025 4717
6806 4724
6134 4725
5321 4727
4729 4729
4730 4730
6471 4731
4734 4734
3684 4736
4061 4737
4997 4738
6323 4739
6445 4742
5431 4743
4284 4744
6257 4745
6365 4746
4019 4756
4757 4757
6384 4761
5560 4769
4770 4770
6648 4772
4651 4785
4786 4786
5968 4791
3935 4792
5259 4793
4436 4794
4797 4797
5317 4798
6088 4800
5195 4801
4906 4810
4188 4812
4760 4813
4458 4814
3779 4815
4364 4816
4817 4817
5758 4818
4827 4827
6733 4832
6635 4836
3739 4837
5503 4838
6583 4840
5082 4841
5900 4846
5207 4850
4970 4853
4738 4855
4315 4856
3736 4857
5743 4860
4239 4861
6241 4864
4683 4865
4491 4867
5853 4869
6883 4872
4874 4874
5537 4878
3943 4879
4460 4880
3863 4883
6662 4884
3716 4885
4822 4886
5146 4887
6405 4889
4170 4891
4892 4892
5775 4896
4061 4897
5350 4899
4901 4901
5549 4902
4794 4903
6231 4905
4907 4907
4644 4915
3831 4919
6827 4920
6745 4921
5032 4927
3864 4929
4930 4930
4932 4932
6418 4933
3833 4935
6856 4938
4940 4940
6281 4941
3681 4944
4200 4947
5557 4948
4956 4956
5557 4957
3927 4961
4963 4963
3754 4964
4297 4966
4054 4970
5758 4972
5165 4973
6117 4975
6088 4976
6088 4977
6827 4978
6088 4979
4421 4980
5193 4985
4989 4989
4124 4991
6857 4992
5164 4997
6056 4998
5007 5007
5476 5008
3764 5009
4891 5011
6367 5015
6808 5016
3914 5018
3937 5019
5020 5020
4948 5024
5965 5025
5465 5026
6666 5029
5758 5030
4981 5031
6174 5032
6806 5034
4722 5036
4647 5038
4310 5039
5636 5041
5066 5042
3699 5045
6707 5046
6205 5047
3736 5048
5050 5050
6312 5055
5056 5056
4684 5059
4006 5066
6084 5067
4954 5068
5069 5069
5284 5070
6838 5073
5643 5074
5075 5075
6645 5076
3985 5078
5079 5079
6392 5082
5086 5086
5089 5089
5355 5094
5909 5096
4076 5097
4094 5098
4504 5099
5053 5101
6422 5102
5444 5105
6035 5106
4549 5107
6015 5109
5110 5110
5113 5113
6090 5114
6807 5117
4166 5119
4807 5120
6843 5123
4531 5124
5125 5125
5135 5127
3839 5128
5130 5130
5211 5132
3694 5133
4972 5140
6300 5144
4691 5145
4503 5149
5613 5150
5611 5158
4804 5160
4503 5161
5324 5163
4610 5165
6472 5171
6442 5172
4905 5174
6473 5178
4956 5179
6517 5180
4439 5184
5403 5186
4838 5189
4581 5190
5192 5192
5981 5193
5197 5197
6282 5199
5249 5200
5882 5202
6063 5203
5205 5205
5673 5206
6831 5207
3863 5208
4659 5209
6350 5210
5758 5213
4891 5214
3914 5215
5220 5220
5426 5223
3717 5225
4514 5227
4062 5232
6087 5234
4343 5236
5623 5237
5239 5239
3761 5240
4181 5242
5243 5243
5989 5244
4301 5246
5724 5250
5586 5251
4592 5254
6662 5257
6588 5259
5282 5261
5269 5269
5636 5276
5505 5280
5193 5281
6242 5282
4698 5287
5393 5290
5596 5300
4906 5301
3802 5308
6201 5314
3691 5315
6385 5317
5426 5318
6341 5321
4637 5323
5324 5324
5347 5325
5775 5326
5327 5327
4620 5328
6642 5330
5266 5333
5926 5335
5896 5344
4200 5345
3717 5346
6485 5349
6341 5352
5353 5353
5024 5354
5546 5357
4738 5368
5163 5372
4003 5375
5163 5376
5630 5378
5379 5379
4287 5380
5381 5381
5567 5384
5385 5385
4679 5388
5393 5393
3918 5395
3895 5396
4306 5399
3813 5403
4546 5405
5406 5406
5409 5409
5410 5410
5255 5412
3679 5415
6361 5421
5757 5422
6772 5426
4577 5427
5317 5428
5429 5429
5430 5430
4363 5433
6651 5434
4120 5435
6862 5436
6508 5437
6451 5438
5211 5440
5441 5441
4519 5443
5714 5444
4647 5449
3923 5450
5287 5451
5452 5452
5519 5453
5846 5457
4734 5458
5636 5462
6097 5463
5465 5465
4954 5469
5015 5472
6491 5474
5306 5475
6753 5477
5185 5481
5487 5487
5968 5489
5494 5494
5497 5497
5504 5504
4866 5505
4565 5506
6375 5507
5879 5511
4835 5513
5637 5518
5521 5521
5640 5524
5526 5526
4178 5529
6143 5532
6310 5533
5376 5534
3808 5537
4956 5538
6084 5541
5542 5542
6117 5543
4760 5546
5342 5547
5549 5549
5437 5550
4604 5551
6236 5552
6814 5554
5775 5556
3864 5557
3894 5561
5758 5562
4720 5564
4147 5568
6731 5569
5032 5570
5571 5571
5123 5572
4662 5574
5355 5575
5780 5579
5276 5583
4455 5588
4044 5589
4932 5594
6708 5597
5600 5600
5602 5602
5799 5603
5342 5604
5380 5607
6515 5608
6355 5609
4586 5610
5350 5612
6201 5613
3690 5614
3853 5615
3822 5618
6177 5619
5758 5620
6544 5621
6181 5622
5630 5630
4601 5631
5910 5636
5637 5637
5641 5641
4700 5643
3737 5645
5648 5648
5651 5651
6094 5652
5654 5654
5194 5657
6066 5663
3976 5664
4956 5666
6249 5667
6508 5677
3949 5678
5143 5679
5684 5684
6245 5685
5396 5686
4592 5690
5697 5697
5304 5704
5705 5705
6554 5707
5550 5709
4820 5711
6862 5714
6175 5717
4518 5718
5444 5719
4509 5722
6730 5723
5561 5725
5317 5729
6816 5731
5426 5732
6312 5733
5736 5736
4296 5737
6442 5743
4514 5744
5746 5746
5750 5750
6574 5751
5636 5754
6195 5756
4911 5762
4647 5763
6000 5764
5930 5769
3723 5770
3909 5771
4848 5774
5775 5775
4919 5776
4790 5778
5806 5779
4932 5780
5831 5784
6529 5788
5123 5790
6301 5793
5794 5794
4159 5799
3923 5800
4839 5801
5802 5802
6236 5804
4346 5806
4157 5807
5811 5811
5812 5812
6265 5814
4651 5815
6291 5816
4647 5818
3698 5821
5367 5823
5686 5824
6784 5828
3724 5835
5110 5837
3833 5838
4933 5839
5840 5840
4752 5843
5844 5844
5427 5847
5544 5848
6134 5853
6059 5855
4610 5857
5310 5858
5807 5861
4167 5862
5865 5865
6851 5868
5775 5871
5501 5874
4078 5875
5758 5877
4627 5878
5881 5881
5388 5882
6107 5883
5884 5884
5506 5885
6638 5886
5395 5887
4845 5888
6136 5891
5660 5892
6236 5893
6685 5896
4451 5898
5901 5901
5903 5903
4487 5911
5334 5920
4207 5923
5084 5924
3849 5926
6245 5928
4229 5930
5758 5931
5932 5932
4768 5933
4181 5934
6036 5935
5371 5938
5939 5939
6834 5941
6419 5946
6209 5949
5952 5952
4500 5961
3688 5962
4628 5966
5773 5967
5219 5969
5430 5970
3779 5975
4382 5976
3806 5978
4506 5979
5980 5980
4966 5981
3910 5983
6808 5984
4953 5986
6824 5990
4148 5993
5441 5996
3684 5997
4159 6000
5130 6006
5725 6008
6084 6011
5287 6012
4923 6014
4508 6015
6874 6017
3736 6019
3921 6020
6024 6024
6780 6030
5246 6031
6831 6032
4248 6035
6583 6036
4527 6038
5557 6041
5431 6043
5737 6045
6856 6049
6666 6050
6311 6052
6055 6055
6056 6056
4077 6062
5644 6063
6064 6064
5597 6067
5507 6069
5053 6071
4436 6073
6077 6077
4585 6079
4445 6081
4528 6082
6085 6085
4232 6087
6088 6088
6090 6090
4721 6094
6774 6098
4737 6103
4053 6104
5160 6105
5160 6106
4223 6112
4439 6113
6115 6115
6059 6117
5654 6121
5574 6122
6504 6125
4650 6126
5465 6128
6573 6130
6132 6132
6666 6136
6088 6137
5799 6140
5343 6142
4584 6144
4520 6145
3736 6150
4412 6152
6157 6157
5327 6158
5029 6159
5197 6160
6162 6162
6350 6164
6787 6169
5614 6172
4605 6173
5900 6174
4212 6177
6084 6178
5845 6180
6132 6181
6288 6185
3808 6187
6582 6189
5397 6190
4740 6191
6430 6192
4185 6195
6196 6196
5683 6201
5775 6204
5163 6205
4879 6210
4655 6218
6225 6225
6363 6227
6238 6238
5216 6239
6117 6240
4223 6241
6707 6242
6219 6245
6248 6248
4100 6249
6813 6251
4835 6254
5816 6258
4885 6259
4212 6260
4503 6262
6263 6263
5239 6264
6061 6265
4592 6266
4174 6267
4223 6268
5572 6269
4093 6271
6276 6276
6845 6279
5630 6280
4969 6282
3921 6285
4966 6286
5816 6289
4324 6291
5190 6293
3767 6296
6300 6300
6303 6303
5426 6306
4033 6307
6781 6310
5985 6311
6330 6312
6319 6319
6090 6321
4891 6325
6326 6326
6762 6327
4717 6329
6554 6330
6334 6334
4239 6336
4328 6337
6088 6339
6346 6346
3783 6347
4713 6349
5216 6352
6416 6354
5193 6356
5215 6357
4200 6359
3922 6364
5754 6367
6373 6373
5613 6374
3824 6377
6427 6378
6753 6379
5800 6380
4647 6382
5721 6383
5613 6384
4717 6385
5218 6388
4854 6390
5367 6392
3804 6394
5119 6395
3839 6396
4800 6401
4963 6402
4851 6404
4543 6409
6505 6410
3754 6411
4981 6412
5598 6413
5790 6414
6706 6416
6417 6417
4078 6418
4166 6419
6420 6420
6423 6423
3927 6426
6088 6427
6429 6429
6831 6430
5176 6432
4604 6434
5799 6436
6341 6439
6806 6440
4560 6447
6470 6448
3809 6449
5551 6450
6706 6457
4600 6461
4033 6464
5084 6465
4737 6466
6467 6467
6471 6471
5305 6474
6267 6476
6029 6477
4328 6482
4003 6484
4576 6487
5134 6488
6489 6489
5876 6491
4200 6492
4544 6495
3895 6499
5431 6500
4914 6502
6603 6503
4914 6507
6006 6508
4604 6509
6792 6510
5896 6512
6516 6516
5729 6519
6017 6522
6526 6526
6872 6527
3802 6529
6675 6531
4257 6533
3839 6535
3698 6536
5431 6542
4851 6543
4778 6546
5050 6551
4503 6552
4972 6553
4906 6554
6738 6558
6559 6559
6538 6560
5589 6561
6033 6564
6566 6566
6859 6567
6088 6568
6569 6569
5256 6573
4298 6574
6706 6577
5385 6578
4948 6581
6757 6582
4284 6585
4859 6586
6588 6588
5019 6589
6591 6591
6592 6592
6620 6594
6595 6595
5603 6596
5799 6598
6602 6602
6087 6606
4600 6608
4033 6609
5848 6611
4577 6619
4061 6622
6278 6623
6625 6625
6626 6626
6843 6628
6630 6630
6633 6633
4739 6635
4610 6636
6707 6637
6638 6638
5974 6639
6084 6642
6644 6644
6554 6645
5361 6646
4891 6648
4084 6650
5656 6651
5909 6653
3988 6655
5426 6658
3929 6659
3937 6662
6665 6665
6666 6666
4891 6667
4739 6669
3794 6682
3863 6683
3909 6685
4521 6686
6668 6687
5542 6688
5613 6695
6603 6696
4040 6700
4576 6701
6388 6702
6819 6703
6508 6704
5245 6707
5757 6709
6713 6713
5330 6714
4061 6715
5568 6718
6721 6721
4310 6723
4421 6725
4170 6728
5180 6729
6764 6730
4683 6735
5537 6740
6201 6743
4948 6745
6635 6746
4655 6749
6750 6750
5170 6755
6756 6756
5554 6761
3894 6762
5584 6766
6767 6767
5760 6769
6235 6771
5576 6775
4644 6778
4871 6779
4558 6782
3975 6783
6784 6784
5656 6785
4274 6787
6788 6788
4487 6792
6793 6793
4122 6794
6797 6797
4560 6798
5362 6799
4956 6800
3868 6801
5500 6804
5152 6806
6807 6807
6857 6808
6809 6809
5347 6816
4655 6817
5869 6818
5006 6820
5758 6821
4335 6823
6152 6825
5431 6826
4901 6828
6650 6831
5598 6834
4092 6835
5472 6838
5724 6839
6634 6840
6841 6841
3745 6843
5419 6844
6256 6850
6158 6853
4490 6854
5631 6857
3699 6860
6862 6862
4228 6863
3782 6865
4219 6867
6502 6868
6554 6869
6088 6871
6248 6872
4487 6875
6350 6876
4229 6877
4541 6879
5353 6881
6813 6883
6418 6884
5758 6885
3839 6887
