5458 5458
5589 5589
5600 5600
5636 5636
5602 5602
5517 5517
5750 5750
5845 5845
5615 5615
5840 5840
5708 5708
5651 5651
5610 5610
5736 5736
6238 6238
5630 5630
5515 5515
5462 5462
3650 3650
5828 5828
3653 3653
5952 5952
6055 6055
5641 5641
5465 5465
5506 5506
6056 6056
6077 6077
5634 5634
3776 3776
6063 6063
3774 3774
3843 3843
2797 2797
5746 5746
3629 3629
5502 5502
409 409
6064 6064
3566 3566
3855 3855
5939 5939
5933 5933
239 239
6061 6061
407 407
5959 5959
5932 5932
8 8
2783 2783
2246 2246
438 438
315 315
23 23
2140 2140
415 415
322 322
5936 5936
6042 6042
22 22
65 65
5949 5949
5542 5542
311 311
321 321
3844 3844
5930 5930
2122 2122
3552 3552
408 408
3568 3568
275 275
3569 3569
3845 3845
189 189
3739 3739
5523 5523
2127 2127
5539 5539
3584 3584
3581 3581
117 117
330 330
6248 6248
146 146
5369 5369
3543 3543
3530 3530
279 279
2480 2480
5637 5637
3932 3932
1907 1907
5581 5581
3516 3516
6276 6276
2046 2046
347 347
435 435
6265 6265
2274 2274
51 51
6263 6263
6242 6242
6246 6246
456 456
2004 2004
3930 3930
3571 3571
2801 2801
59 59
3055 3055
2129 2129
5716 5716
245 245
3747 3747
5452 5452
3547 3547
99 99
3826 3826
2498 2498
2128 2128
2795 2795
5472 5472
3633 3633
6083 6083
3825 3825
5974 5974
5969 5969
5977 5977
5978 5978
2163 2163
3560 3560
2785 2785
3704 3704
5717 5717
62 62
2259 2259
3667 3667
2150 2150
6142 6142
104 104
6090 6090
5986 5986
6101 6101
6095 6095
5684 5684
6131 6131
2598 2598
2470 2470
3821 3821
2164 2164
4 4
3910 3910
2061 2061
2221 2221
5497 5497
5697 5697
2124 2124
5980 5980
6 6
2500 2500
6029 6029
5981 5981
2180 2180
6121 6121
5470 5470
1990 1990
3795 3795
5862 5862
1991 1991
6030 6030
5855 5855
2506 2506
2084 2084
5852 5852
5987 5987
2596 2596
5865 5865
5546 5546
2011 2011
5487 5487
3687 3687
5532 5532
2080 2080
6117 6117
3045 3045
2239 2239
2256 2256
295 295
1 1
5706 5706
5526 5526
3706 3706
2029 2029
392 392
5475 5475
6107 6107
3672 3672
174 174
6005 6005
6157 6157
5915 5915
2027 2027
5549 5549
5991 5991
2030 2030
5872 5872
6116 6116
6039 6039
2623 2623
2224 2224
2035 2035
5902 5902
5494 5494
2086 2086
6010 6010
2022 2022
158 158
6162 6162
6024 6024
380 380
2231 2231
147 147
2391 2391
2600 2600
2248 2248
5667 5667
3796 3796
6160 6160
5550 5550
2404 2404
4019 4019
2588 2588
3662 3662
2523 2523
3960 3960
2624 2624
5569 5569
5521 5521
2754 2754
214 214
3952 3952
4017 4017
3993 3993
333 333
2703 2703
2013 2013
6175 6175
284 284
2215 2215
2457 2457
220 220
2413 2413
2282 2282
3717 3717
2020 2020
5243 5243
2633 2633
179 179
5235 5235
5239 5239
5430 5430
3991 3991
5668 5668
258 258
2431 2431
372 372
368 368
512 512
550 550
4032 4032
2713 2713
2629 2629
2709 2709
396 396
5910 5910
448 448
514 514
1778 1778
3868 3868
537 537
544 544
4037 4037
5704 5704
215 215
2456 2456
3785 3785
5886 5886
4006 4006
217 217
2670 2670
4048 4048
2295 2295
3963 3963
3877 3877
2636 2636
3899 3899
2558 2558
2560 2560
1764 1764
3718 3718
5233 5233
5901 5901
5406 5406
2534 2534
367 367
3664 3664
5231 5231
2727 2727
2572 2572
4047 4047
478 478
2449 2449
2308 2308
2719 2719
5927 5927
2463 2463
2326 2326
255 255
2648 2648
3719 3719
3437 3437
557 557
3487 3487
1925 1925
5890 5890
1924 1924
2687 2687
4012 4012
2729 2729
5381 5381
2575 2575
488 488
2425 2425
4061 4061
497 497
5777 5777
5416 5416
5402 5402
2766 2766
3490 3490
4799 4799
3812 3812
5907 5907
2435 2435
2338 2338
5433 5433
4044 4044
5791 5791
3493 3493
2676 2676
2104 2104
3362 3362
2576 2576
2536 2536
6225 6225
5379 5379
5773 5773
3316 3316
225 225
2464 2464
5785 5785
5437 5437
2340 2340
1928 1928
464 464
2541 2541
6224 6224
5069 5069
3354 3354
6834 6834
210 210
3813 3813
218 218
2444 2444
3407 3407
3267 3267
3902 3902
3281 3281
5411 5411
3273 3273
6209 6209
3223 3223
5775 5775
3349 3349
3266 3266
3368 3368
3373 3373
4308 4308
3237 3237
3900 3900
5801 5801
3249 3249
3294 3294
3241 3241
5117 5117
6794 6794
6180 6180
6214 6214
1938 1938
3302 3302
3421 3421
3371 3371
702 702
3246 3246
5056 5056
5086 5086
5221 5221
6839 6839
6750 6750
5219 5219
4299 4299
6471 6471
3213 3213
5075 5075
6754 6754
5073 5073
1638 1638
4696 4696
6334 6334
3305 3305
399 399
2877 2877
5024 5024
1674 1674
5079 5079
4217 4217
1351 1351
3190 3190
5032 5032
1299 1299
4305 4305
6865 6865
5054 5054
390 390
5222 5222
6638 6638
6762 6762
5378 5378
6828 6828
6793 6793
3333 3333
3452 3452
1940 1940
6830 6830
5197 5197
1634 1634
587 587
5034 5034
3335 3335
6727 6727
6823 6823
6346 6346
3376 3376
3892 3892
1932 1932
6788 6788
271 271
3238 3238
6704 6704
5084 5084
1586 1586
6642 6642
3177 3177
5020 5020
1737 1737
3012 3012
5377 5377
3326 3326
5280 5280
1314 1314
1755 1755
6429 6429
6595 6595
3195 3195
1646 1646
6780 6780
6633 6633
3234 3234
1748 1748
3216 3216
699 699
930 930
2855 2855
6791 6791
6778 6778
3453 3453
3036 3036
1753 1753
943 943
6807 6807
6784 6784
6713 6713
1121 1121
6620 6620
2884 2884
6644 6644
697 697
1554 1554
3396 3396
6797 6797
2998 2998
4238 4238
6809 6809
1648 1648
6431 6431
6693 6693
3388 3388
3378 3378
1687 1687
6657 6657
1656 1656
3037 3037
400 400
1608 1608
1953 1953
6688 6688
1243 1243
729 729
1231 1231
6685 6685
1396 1396
1977 1977
5050 5050
6731 6731
3044 3044
585 585
6675 6675
1391 1391
3460 3460
6602 6602
3193 3193
253 253
6591 6591
4725 4725
5348 5348
3497 3497
3006 3006
903 903
4237 4237
2950 2950
1546 1546
3076 3076
1591 1591
3152 3152
1968 1968
3321 3321
5201 5201
1390 1390
6626 6626
2926 2926
3063 3063
6721 6721
1531 1531
4155 4155
6801 6801
1556 1556
1424 1424
1113 1113
973 973
3389 3389
1251 1251
1188 1188
720 720
1795 1795
5090 5090
5122 5122
1311 1311
1129 1129
5125 5125
1393 1393
6578 6578
613 613
3194 3194
3144 3144
4828 4828
607 607
3064 3064
652 652
1611 1611
1704 1704
1745 1745
1128 1128
4230 4230
1375 1375
610 610
3180 3180
1461 1461
693 693
2826 2826
6316 6316
6719 6719
4593 4593
1339 1339
845 845
1593 1593
901 901
970 970
5110 5110
1724 1724
1115 1115
4087 4087
1481 1481
5100 5100
2822 2822
1796 1796
1334 1334
1572 1572
4329 4329
1620 1620
3153 3153
6714 6714
6368 6368
6533 6533
4814 4814
608 608
750 750
905 905
1833 1833
1825 1825
4158 4158
1460 1460
6477 6477
904 904
6319 6319
2932 2932
1293 1293
3020 3020
6305 6305
1496 1496
912 912
4644 4644
1625 1625
631 631
6475 6475
1250 1250
2865 2865
986 986
2868 2868
846 846
5295 5295
632 632
1037 1037
1409 1409
5248 5248
4101 4101
4604 4604
4849 4849
3759 3759
5205 5205
916 916
4677 4677
2915 2915
4210 4210
4077 4077
4730 4730
1799 1799
1780 1780
4734 4734
3113 3113
892 892
933 933
177 177
1451 1451
4257 4257
1265 1265
1760 1760
4820 4820
4290 4290
995 995
4134 4134
4731 4731
919 919
855 855
6559 6559
4688 4688
891 891
987 987
4956 4956
4412 4412
4114 4114
4424 4424
3109 3109
4167 4167
841 841
1359 1359
1466 1466
924 924
4332 4332
3099 3099
1075 1075
1455 1455
873 873
897 897
858 858
1026 1026
2923 2923
4607 4607
1855 1855
249 249
4372 4372
996 996
4905 4905
4821 4821
6295 6295
948 948
413 413
1223 1223
1438 1438
839 839
1006 1006
966 966
3116 3116
4119 4119
6415 6415
3090 3090
1490 1490
1000 1000
4915 4915
6303 6303
6365 6365
4562 4562
1004 1004
4909 4909
847 847
6504 6504
6551 6551
4958 4958
1164 1164
741 741
2994 2994
1162 1162
4953 4953
860 860
4901 4901
4831 4831
6566 6566
2819 2819
6508 6508
1356 1356
4712 4712
1005 1005
6370 6370
950 950
5259 5259
1071 1071
1699 1699
1045 1045
952 952
4522 4522
4775 4775
3136 3136
6300 6300
1342 1342
1368 1368
1031 1031
1090 1090
1153 1153
1047 1047
4991 4991
1027 1027
1526 1526
932 932
3125 3125
6560 6560
4583 4583
4358 4358
4989 4989
4311 4311
4478 4478
900 900
4573 4573
4337 4337
4477 4477
1101 1101
6513 6513
4711 4711
4973 4973
4653 4653
4335 4335
6872 6872
4494 4494
4664 4664
4386 4386
4393 4393
4941 4941
4568 4568
