1 1
4 4
6 6
3852 7
8 8
3984 11
3677 13
3865 16
4904 20
22 22
23 23
1938 24
3113 27
1518 33
1411 34
6060 39
196 40
2737 41
2319 42
3219 46
51 51
1713 57
59 59
819 61
62 62
5117 64
65 65
6190 67
2440 70
3247 71
2034 72
209 74
6617 76
6848 85
3849 86
4409 87
6055 95
4245 96
6627 98
99 99
6826 102
104 104
2414 114
117 117
2838 124
5597 126
4932 130
582 131
5083 134
3085 135
5036 136
4122 138
5920 140
3938 142
2451 143
6814 144
328 145
146 146
147 147
926 151
3569 152
3321 155
158 158
4752 161
3570 162
2888 164
3049 165
3356 167
3707 168
1114 169
3392 170
174 174
4515 175
177 177
179 179
4669 182
497 188
189 189
19 191
3759 194
6635 199
6819 203
375 204
2360 205
4824 209
210 210
948 213
214 214
215 215
217 217
218 218
220 220
3798 221
2080 222
5332 223
225 225
2005 228
2352 234
4082 235
239 239
6087 240
3885 244
245 245
249 249
2051 250
6352 251
253 253
255 255
258 258
1195 260
5254 261
5033 262
2752 264
1569 265
2609 266
4384 267
991 268
2304 269
271 271
1917 273
275 275
6440 276
279 279
284 284
3308 286
515 288
3116 289
6313 291
2136 293
295 295
6628 300
1123 303
1727 309
6422 310
311 311
5612 313
315 315
321 321
322 322
4576 325
2708 327
330 330
333 333
1003 336
5891 339
4853 341
3472 342
5777 343
347 347
4057 350
4426 352
3834 357
6019 361
5045 363
4946 366
367 367
368 368
372 372
2869 374
5984 375
630 378
380 380
6214 382
3041 384
4620 386
4432 387
992 388
390 390
5622 391
392 392
6888 394
396 396
399 399
400 400
423 401
407 407
408 408
409 409
4751 412
413 413
415 415
4537 421
1297 422
4662 424
2360 429
5427 432
448 434
435 435
302 436
438 438
3824 439
2472 440
3634 442
448 448
2079 449
5388 450
4742 455
456 456
4054 460
4282 461
2969 463
464 464
3940 468
2575 469
4801 471
1961 475
478 478
4140 479
2051 484
2774 485
4199 487
488 488
5021 489
5067 490
497 497
2602 503
512 512
514 514
241 516
5036 517
2930 523
2394 527
192 530
2435 531
370 535
6658 536
537 537
2405 539
544 544
550 550
4098 555
556 556
557 557
560 560
468 561
3437 565
566 566
567 567
992 569
532 577
5029 582
2154 584
585 585
587 587
5758 589
3034 593
2758 594
4930 595
2059 596
5976 599
603 603
3307 605
606 606
607 607
608 608
610 610
613 613
2051 614
6710 618
1813 619
2713 621
3984 627
397 628
3732 629
631 631
632 632
3891 633
4987 635
2363 638
6475 640
630 645
262 646
1529 648
673 649
652 652
98 656
2413 661
196 665
1928 667
3053 671
4740 672
3869 675
5637 682
1518 686
2614 690
4733 692
693 693
601 696
697 697
699 699
2969 701
702 702
704 704
5786 705
710 710
4131 713
343 716
72 718
720 720
1407 722
776 726
729 729
2346 730
6363 732
3729 733
4942 740
741 741
1291 744
750 750
754 754
4574 758
2991 761
5090 763
2945 768
5824 769
5469 770
771 771
2429 775
776 776
5316 781
6203 783
4744 788
3345 790
2689 791
924 792
6528 798
1191 800
5872 801
4122 802
1000 804
805 805
5658 808
3034 811
2229 815
3203 818
4464 821
4849 823
1462 824
2636 829
3326 833
1320 836
839 839
2779 840
841 841
630 842
845 845
846 846
847 847
6759 854
855 855
858 858
860 860
5604 861
3732 867
1585 869
5441 871
873 873
1445 876
3849 877
954 883
2111 887
209 888
891 891
892 892
5607 895
6317 896
897 897
5036 898
900 900
901 901
903 903
904 904
905 905
941 906
5770 908
912 912
3731 913
3569 914
107 915
916 916
919 919
504 921
4662 922
923 923
924 924
4870 927
930 930
1165 931
932 932
933 933
3446 937
4521 938
6338 940
943 943
6185 945
948 948
6083 949
950 950
4732 951
952 952
3655 954
924 955
390 958
3732 959
966 966
2319 969
970 970
973 973
4178 975
4132 976
3334 978
5693 979
4875 980
986 986
987 987
1554 988
375 991
995 995
996 996
4890 999
1000 1000
3384 1001
1004 1004
1005 1005
1006 1006
844 1007
3705 1010
3864 1012
1014 1014
3238 1015
1971 1016
1450 1017
955 1018
5195 1022
1347 1023
2628 1024
1026 1026
1027 1027
6804 1028
6472 1030
1031 1031
1037 1037
314 1038
6313 1041
3864 1043
2081 1044
1045 1045
1047 1047
3045 1048
702 1049
5299 1050
6571 1052
6313 1054
262 1059
2051 1060
2729 1069
1071 1071
6808 1073
1075 1075
5401 1076
2363 1079
911 1080
4732 1081
196 1089
1090 1090
405 1091
1608 1098
1480 1100
1101 1101
6828 1102
5743 1103
1108 1104
3849 1105
815 1107
2850 1109
1113 1113
1115 1115
216 1119
1121 1121
1064 1123
1128 1128
1129 1129
1469 1131
1137 1137
5842 1141
5600 1147
229 1149
1153 1153
4393 1156
2185 1157
1162 1162
1163 1163
1164 1164
3824 1165
1377 1171
4987 1177
6274 1179
5 1182
1188 1188
5015 1191
3570 1192
4838 1193
3240 1197
5840 1198
1200 1200
170 1201
933 1202
4752 1205
4063 1212
2358 1213
3869 1214
3190 1218
4679 1221
1223 1223
244 1224
901 1227
1774 1229
1231 1231
673 1233
1568 1234
5996 1235
5150 1236
4879 1239
1240 1240
3596 1241
3859 1242
1243 1243
2051 1244
2563 1247
3849 1249
1250 1250
1251 1251
4132 1256
6842 1258
1265 1265
5384 1267
1270 1270
2319 1272
1277 1277
4879 1278
2874 1284
70 1286
5069 1288
1291 1291
1293 1293
4126 1297
3677 1298
1299 1299
4270 1302
3096 1304
6573 1306
3922 1307
3849 1308
1311 1311
5783 1313
1314 1314
3680 1317
2176 1321
5758 1322
2051 1325
1220 1326
806 1329
1330 1330
2281 1331
1334 1334
1339 1339
4521 1341
1342 1342
5595 1348
1351 1351
1503 1352
1353 1353
459 1354
4392 1355
1356 1356
1591 1358
1359 1359
2790 1361
168 1362
4249 1363
2039 1364
6730 1365
1368 1368
111 1369
1375 1375
3998 1383
3041 1387
1390 1390
1391 1391
1393 1393
1396 1396
1990 1397
5528 1399
1402 1402
1191 1403
1165 1405
1409 1409
2515 1414
1416 1416
4230 1417
4854 1419
488 1421
1424 1424
3398 1427
1145 1431
3609 1435
4024 1437
1438 1438
1544 1446
1525 1449
6835 1450
1451 1451
4661 1452
4200 1453
1455 1455
6475 1456
4098 1457
2111 1458
1460 1460
1461 1461
6385 1463
2025 1465
1466 1466
2737 1469
3644 1471
5449 1476
1481 1481
2662 1482
3831 1485
1377 1486
5438 1488
668 1489
1490 1490
2443 1492
4522 1494
1496 1496
3190 1500
2527 1502
1503 1503
48 1504
675 1505
1796 1506
1830 1508
1514 1514
3765 1516
397 1517
936 1523
92 1524
4889 1525
1526 1526
3488 1528
1377 1530
1531 1531
1553 1533
1535 1535
28 1537
4072 1538
5360 1539
1546 1546
6396 1548
1554 1554
1556 1556
3345 1560
5657 1561
4765 1564
6189 1565
602 1570
1572 1572
5783 1582
2296 1585
1586 1586
1591 1591
1593 1593
4024 1594
4060 1595
3901 1598
4112 1599
4318 1604
3824 1605
1608 1608
2111 1610
1611 1611
749 1612
1658 1613
1226 1615
2683 1618
1620 1620
1039 1624
1625 1625
6466 1627
2395 1631
869 1632
5968 1633
1634 1634
1638 1638
4157 1643
2162 1644
1646 1646
4740 1647
1648 1648
5535 1649
1405 1651
5056 1652
2975 1654
1656 1656
4287 1658
4537 1663
4818 1668
1674 1674
1681 1681
3849 1682
1687 1687
5925 1697
1699 1699
1704 1704
1165 1706
1916 1708
3106 1711
3859 1718
6138 1721
1724 1724
2089 1725
3452 1727
346 1728
5314 1733
1623 1736
1737 1737
1492 1739
1441 1741
5316 1743
1745 1745
1747 1747
1748 1748
1753 1753
1755 1755
5446 1758
1760 1760
901 1761
1764 1764
477 1769
6351 1770
309 1771
1774 1774
3732 1776
5190 1777
1778 1778
1780 1780
3732 1781
4553 1791
3267 1792
1908 1793
1795 1795
1796 1796
6771 1797
1928 1798
1799 1799
2401 1801
4690 1805
6592 1807
2112 1813
3270 1817
4000 1818
627 1820
803 1823
1824 1824
1825 1825
5011 1827
1831 1831
3710 1832
1833 1833
1541 1834
752 1839
2741 1840
3859 1842
3912 1844
3052 1849
4631 1850
1855 1855
1856 1856
1860 1860
1863 1863
4318 1865
1867 1867
4169 1868
1875 1875
2311 1877
1878 1878
5072 1886
3596 1888
6769 1890
4133 1891
3824 1892
39 1895
2926 1896
5687 1900
4679 1905
1907 1907
5314 1909
5613 1910
125 1912
1311 1913
2740 1914
3677 1915
6475 1916
6687 1919
3732 1921
4063 1922
1924 1924
1925 1925
4132 1926
1928 1928
3650 1929
6124 1931
1932 1932
1960 1936
1938 1938
1940 1940
3545 1948
1953 1953
540 1955
1115 1959
454 1960
1968 1968
5139 1969
5698 1972
4112 1975
4494 1976
1977 1977
1341 1979
3334 1981
639 1982
1145 1984
1602 1987
4063 1989
1990 1990
1991 1991
1162 1993
582 1994
6368 1999
3779 2000
4161 2001
5984 2003
2004 2004
1070 2006
2011 2011
2013 2013
4545 2014
1406 2015
3304 2016
2020 2020
2022 2022
2411 2023
3308 2024
2027 2027
2029 2029
2030 2030
321 2031
28 2033
2208 2034
2035 2035
1253 2037
2046 2046
1508 2049
2790 2053
1402 2056
2061 2061
5203 2062
1718 2065
4300 2067
1286 2069
5330 2076
1165 2077
2080 2080
1165 2082
1921 2083
2084 2084
2086 2086
6689 2094
5954 2095
4521 2096
428 2097
4856 2098
1675 2103
2104 2104
6536 2107
2445 2111
3045 2114
201 2118
4140 2120
2122 2122
4984 2123
2124 2124
2127 2127
2128 2128
2129 2129
630 2132
5068 2137
397 2139
2140 2140
397 2143
4223 2144
25 2145
497 2147
2150 2150
2708 2162
2163 2163
2164 2164
5877 2175
3036 2177
973 2178
2180 2180
115 2182
3550 2186
5478 2187
370 2190
1914 2191
93 2192
6487 2197
2311 2198
1446 2201
848 2210
2215 2215
992 2217
4973 2218
247 2220
2221 2221
2043 2222
2224 2224
4738 2225
5306 2229
3175 2230
2231 2231
4489 2232
3533 2233
6313 2234
1485 2235
2239 2239
5504 2244
2246 2246
1220 2247
2248 2248
3715 2249
2758 2250
4249 2252
6528 2253
5806 2254
2256 2256
5350 2258
2259 2259
2576 2267
4485 2269
2274 2274
2282 2282
5501 2284
6180 2288
2035 2289
5581 2294
2295 2295
2280 2299
2027 2302
5141 2303
5696 2304
5725 2307
2308 2308
5893 2309
2363 2314
4701 2315
1884 2318
6762 2325
2326 2326
1197 2327
6642 2330
6269 2335
4574 2336
4518 2337
2338 2338
2340 2340
3976 2346
2525 2350
6835 2354
2737 2366
3732 2374
5470 2390
2391 2391
4868 2392
221 2395
5506 2396
2718 2397
551 2400
2404 2404
1410 2411
2413 2413
502 2417
3581 2418
695 2420
479 2422
3964 2423
2425 2425
64 2426
1331 2427
199 2430
2431 2431
2435 2435
1725 2436
4745 2440
1007 2443
2444 2444
1626 2448
2449 2449
2456 2456
2457 2457
3137 2459
2463 2463
2464 2464
650 2466
1325 2468
2470 2470
5783 2473
3304 2474
5336 2476
4403 2478
2480 2480
5441 2482
1471 2487
5058 2493
5614 2495
2486 2497
2498 2498
2500 2500
5162 2501
6253 2503
2506 2506
6639 2507
1841 2509
4191 2510
4989 2511
5926 2512
1485 2513
3237 2516
2523 2523
4630 2528
3750 2530
2452 2531
2534 2534
375 2535
2536 2536
2541 2541
1995 2542
997 2545
3587 2548
3824 2554
2420 2555
2558 2558
2112 2559
2560 2560
2741 2561
4189 2564
3088 2565
5497 2566
5869 2571
2572 2572
3189 2573
2575 2575
2576 2576
3859 2579
5528 2582
6655 2586
2588 2588
510 2589
2596 2596
1250 2597
2598 2598
2600 2600
196 2601
168 2606
4541 2607
5316 2608
2111 2609
5816 2612
3762 2615
3680 2618
1362 2621
2623 2623
2624 2624
5524 2625
2629 2629
2633 2633
4751 2634
2636 2636
820 2638
3677 2641
1792 2643
4306 2644
2492 2645
2648 2648
3515 2649
3973 2650
3086 2652
5807 2653
4437 2656
397 2661
5998 2664
4024 2669
2670 2670
1113 2671
4478 2675
2676 2676
1424 2677
6668 2678
1495 2680
336 2681
1811 2683
2687 2687
3383 2689
3372 2691
6166 2693
5105 2695
3824 2696
76 2699
2703 2703
2089 2707
1051 2708
2709 2709
2713 2713
3052 2714
6280 2715
4944 2716
2719 2719
4224 2721
3859 2723
5092 2725
2727 2727
2729 2729
1196 2730
4964 2737
6714 2742
3970 2743
3471 2744
2130 2746
3587 2747
2754 2754
2766 2766
3993 2767
3732 2768
2111 2773
2996 2777
203 2779
2394 2782
2783 2783
5873 2784
2785 2785
2795 2795
1540 2796
2797 2797
5011 2799
2801 2801
3891 2804
3691 2806
1447 2809
3849 2812
5585 2816
2819 2819
206 2820
2822 2822
6733 2823
1102 2824
5951 2825
2826 2826
2830 2830
1959 2834
4191 2837
33 2839
1155 2840
6116 2842
375 2843
5259 2844
2846 2846
2848 2848
6589 2849
1196 2850
2855 2855
2865 2865
2868 2868
2391 2872
2877 2877
5214 2879
421 2880
2884 2884
4079 2885
1165 2888
3094 2891
3906 2894
5120 2899
4541 2900
2137 2902
2903 2903
6091 2911
1389 2912
1567 2914
2915 2915
2923 2923
4679 2925
2926 2926
6645 2927
4291 2929
4866 2930
2932 2932
2435 2935
6283 2936
4521 2938
2941 2941
5804 2945
5783 2946
1047 2949
2950 2950
218 2953
2955 2955
2958 2958
1424 2960
3077 2963
6762 2966
907 2969
398 2972
2051 2973
4041 2974
2151 2975
241 2976
2846 2977
2981 2981
5560 2985
4679 2986
2994 2994
2998 2998
3252 3003
3004 3004
3006 3006
3012 3012
2232 3016
6058 3019
3020 3020
862 3021
6091 3022
3788 3034
3036 3036
3037 3037
262 3040
3708 3042
1012 3043
3044 3044
3045 3045
6081 3046
3824 3048
5996 3049
3966 3051
6475 3053
3055 3055
6282 3056
5497 3057
130 3059
2895 3060
5156 3062
3063 3063
3064 3064
1545 3074
3076 3076
5099 3077
3849 3083
6404 3084
1317 3085
6760 3089
3090 3090
1295 3093
4272 3095
3099 3099
2202 3101
716 3103
397 3105
3109 3109
5990 3110
3113 3113
3116 3116
3321 3124
3125 3125
734 3129
3147 3130
4440 3131
3136 3136
2351 3137
820 3138
5908 3139
3144 3144
6522 3147
5038 3149
1194 3150
3152 3152
3153 3153
2814 3155
6016 3159
4318 3162
3170 3170
98 3171
3122 3173
3177 3177
3180 3180
636 3188
3190 3190
1750 3191
3193 3193
3194 3194
3195 3195
2207 3197
2043 3202
3244 3207
4271 3211
4098 3212
3213 3213
3216 3216
4451 3217
5360 3218
1452 3221
3223 3223
870 3230
3234 3234
3237 3237
3238 3238
1869 3239
2840 3240
3241 3241
5528 3243
3246 3246
3249 3249
5665 3254
2996 3257
6819 3261
5478 3262
2913 3263
3266 3266
3267 3267
5275 3270
3273 3273
2464 3275
6022 3279
4267 3280
3281 3281
804 3283
6719 3288
114 3291
3294 3294
4468 3298
3302 3302
1804 3303
1926 3304
3305 3305
5758 3306
3846 3313
3316 3316
3321 3321
954 3324
3326 3326
3151 3327
2005 3330
1041 3331
3333 3333
3335 3335
3138 3336
5758 3342
2577 3345
2700 3348
3349 3349
3354 3354
5147 3356
749 3358
3362 3362
2508 3363
3197 3366
3084 3367
3368 3368
4200 3369
3371 3371
4714 3372
3373 3373
3376 3376
3378 3378
2319 3379
252 3387
3388 3388
3389 3389
3455 3392
6305 3393
1241 3395
3396 3396
5120 3402
3407 3407
409 3414
2033 3417
144 3419
3421 3421
5758 3426
5316 3431
3437 3437
2130 3439
3891 3440
3993 3441
3503 3443
3859 3446
3452 3452
3453 3453
4350 3454
552 3457
3460 3460
4518 3467
2298 3472
500 3478
6448 3482
4189 3485
1971 3486
3487 3487
3490 3490
3493 3493
3497 3497
5741 3502
4485 3505
611 3507
4679 3509
1196 3512
5849 3513
3516 3516
299 3521
5528 3524
3997 3526
3530 3530
5756 3533
6320 3535
3465 3537
3019 3540
1051 3541
3543 3543
3547 3547
3552 3552
4424 3553
3560 3560
3566 3566
5591 3567
3568 3568
3569 3569
3571 3571
693 3576
2023 3577
6599 3580
3581 3581
3584 3584
1165 3589
2172 3592
5783 3598
3032 3601
5559 3604
5441 3606
1257 3608
1076 3609
1450 3611
6422 3612
4326 3613
2195 3614
5842 3615
333 3619
4701 3620
5710 3621
6449 3622
562 3624
3629 3629
2452 3631
3633 3633
3095 3638
6280 3643
146 3644
221 3646
5165 3648
2503 3649
3650 3650
3653 3653
3750 3661
3662 3662
3664 3664
3667 3667
268 3669
140 3670
3672 3672
230 3674
3914 3676
2633 3678
297 3680
4234 3681
5775 3682
2504 3686
3687 3687
186 3692
3789 3694
3446 3698
3731 3699
1658 3700
4011 3701
3704 3704
416 3705
3706 3706
4175 3707
2928 3708
3296 3710
4125 3716
3717 3717
3718 3718
3719 3719
4220 3721
3936 3724
3107 3730
3847 3735
4065 3737
3739 3739
4084 3741
3747 3747
5688 3748
4603 3751
3753 3753
3765 3754
3759 3755
5008 3756
3759 3759
58 3761
3978 3763
3864 3764
3754 3765
2712 3766
3358 3769
2229 3772
3774 3774
2790 3775
3776 3776
3068 3777
500 3778
5160 3781
5783 3784
3785 3785
398 3787
6463 3794
3795 3795
3796 3796
212 3802
4065 3805
3740 3806
3786 3808
3816 3810
3812 3812
3813 3813
3714 3815
3818 3818
2025 3819
2790 3820
3821 3821
4037 3823
3825 3825
3826 3826
3982 3829
418 3830
2363 3831
3952 3835
2229 3836
824 3838
3864 3839
3109 3841
3843 3843
3844 3844
3845 3845
5495 3847
5500 3849
1654 3852
2491 3853
3855 3855
4084 3856
3708 3858
4070 3863
4131 3864
4521 3865
3906 3866
3868 3868
3957 3869
3877 3877
2615 3879
4084 3880
1972 3886
3708 3887
3892 3892
2451 3893
3789 3894
4131 3895
3899 3899
3900 3900
3902 3902
4048 3903
5148 3904
4045 3906
2416 3907
3944 3909
3910 3910
3846 3913
6021 3920
3446 3921
3846 3922
3864 3923
4907 3926
363 3927
3930 3930
3932 3932
409 3934
2860 3936
4093 3941
4061 3949
4065 3951
3952 3952
3902 3954
3960 3960
3963 3963
3967 3967
4344 3968
2563 3970
1165 3974
3894 3975
2758 3978
5964 3979
3692 3981
3847 3983
2720 3987
3720 3988
375 3989
3991 3991
3993 3993
3719 3996
4126 3998
3732 4001
4599 4003
3131 4004
4006 4006
3890 4008
5752 4009
4012 4012
5665 4013
3846 4014
4017 4017
4019 4019
3281 4020
6472 4021
5740 4024
3678 4028
1675 4031
4032 4032
3839 4034
4908 4036
4037 4037
1362 4038
397 4041
992 4043
4044 4044
4042 4045
4200 4046
4047 4047
4048 4048
3913 4049
5783 4051
992 4056
3387 4058
2741 4059
4061 4061
3976 4065
3936 4069
4125 4070
4857 4072
6781 4073
3700 4074
4077 4077
2720 4085
4087 4087
4091 4091
3890 4094
3986 4095
6841 4096
5846 4100
4101 4101
6690 4104
5199 4105
4114 4114
5073 4116
3678 4117
4119 4119
418 4121
4123 4123
4124 4124
3681 4126
363 4127
3160 4132
4134 4134
67 4135
963 4138
4976 4139
5995 4140
3334 4142
4868 4146
4149 4149
3859 4151
6242 4152
1777 4154
4155 4155
4506 4156
4158 4158
4169 4160
3929 4166
4167 4167
4169 4169
6008 4174
59 4184
1613 4185
1635 4189
1585 4193
5758 4196
111 4198
4202 4202
2299 4204
6526 4205
5135 4207
1406 4208
4210 4210
6343 4214
6733 4215
107 4216
4217 4217
4731 4222
4226 4226
4230 4230
6250 4231
4234 4234
4887 4236
4237 4237
4238 4238
3715 4239
6056 4243
2888 4244
3502 4248
1238 4254
4257 4257
4259 4259
418 4261
1485 4265
6101 4268
4270 4270
4987 4271
5305 4277
1469 4278
1276 4281
2295 4282
4372 4285
2111 4288
4290 4290
2747 4291
167 4292
905 4293
2167 4294
5952 4297
4299 4299
2302 4300
2615 4303
5758 4304
4305 4305
4308 4308
4426 4309
4311 4311
5883 4316
5584 4317
2790 4318
4321 4321
454 4323
6396 4324
668 4325
2428 4327
6756 4328
4329 4329
5818 4330
4332 4332
130 4333
351 4334
4335 4335
4337 4337
4139 4338
3698 4344
2504 4345
2912 4347
5271 4349
3849 4350
2036 4352
1804 4353
5603 4356
1940 4357
4358 4358
2614 4359
50 4360
3691 4364
6055 4365
4366 4366
4372 4372
5011 4378
1377 4381
5495 4383
2137 4384
4386 4386
6271 4388
3824 4389
3525 4392
4393 4393
1165 4395
2420 4398
4901 4401
2350 4403
2000 4405
5869 4407
5089 4410
4412 4412
5783 4415
3762 4420
2850 4421
5916 4423
4424 4424
1464 4425
3875 4426
2535 4427
1118 4435
4793 4436
6808 4437
2730 4438
6151 4439
713 4441
4446 4446
4411 4448
6475 4449
6055 4450
4454 4454
2045 4456
2152 4457
3200 4458
6475 4461
5474 4463
1529 4464
2707 4469
4029 4470
4477 4477
4478 4478
4307 4480
4481 4481
3732 4483
4486 4486
1445 4487
4490 4490
2363 4491
4493 4493
4494 4494
2790 4498
2774 4499
3569 4500
4503 4503
1493 4506
2154 4510
4657 4514
6440 4515
2146 4519
4522 4522
2975 4525
3732 4526
2087 4527
4131 4530
1718 4531
2141 4532
502 4534
4690 4535
2740 4537
4538 4538
2051 4542
4548 4548
4744 4550
3041 4555
4926 4558
3984 4559
4562 4562
1259 4563
3049 4566
4568 4568
2708 4569
6735 4572
4573 4573
963 4574
6313 4576
6473 4577
3849 4578
3013 4581
4583 4583
6489 4586
4593 4593
2023 4597
5083 4598
6048 4601
4604 4604
4607 4607
6230 4611
1920 4614
605 4624
1165 4625
5685 4635
46 4637
6431 4638
4644 4644
4650 4650
4653 4653
4674 4657
1668 4658
2614 4660
3984 4661
6125 4663
4664 4664
606 4666
1946 4673
5624 4675
4677 4677
5996 4679
4231 4681
6449 4682
4247 4683
1311 4685
4687 4687
4688 4688
1424 4691
5783 4692
1214 4693
4696 4696
5357 4698
1312 4699
4288 4700
973 4704
5456 4705
4704 4709
4711 4711
4712 4712
4713 4713
4572 4722
4271 4724
4725 4725
5939 4729
4730 4730
4731 4731
4734 4734
5830 4735
4138 4742
3859 4743
173 4750
3764 4751
4756 4756
4757 4757
5783 4759
3182 4760
6045 4761
5074 4762
5120 4765
3610 4766
728 4767
4282 4768
5036 4769
4770 4770
5109 4771
4775 4775
3849 4781
1341 4783
3609 4784
6569 4786
4070 4789
5869 4796
4797 4797
4799 4799
1446 4800
4949 4805
4664 4807
1165 4808
3182 4810
3849 4811
3538 4812
4814 4814
2111 4815
2923 4817
4820 4820
4821 4821
3122 4822
6310 4824
4874 4827
4828 4828
4831 4831
5183 4832
6063 4837
4839 4839
3984 4840
4679 4841
4844 4844
4849 4849
6475 4855
5109 4857
3488 4858
2892 4859
1300 4861
409 4862
4863 4863
6112 4865
1508 4866
6313 4868
3775 4870
4874 4874
4875 4875
2890 4879
3968 4891
776 4892
1960 4895
1813 4897
4475 4900
4901 4901
2662 4903
167 4904
4905 4905
2708 4906
4907 4907
2996 4908
4909 4909
4910 4910
4628 4913
4915 4915
4917 4917
2154 4918
5630 4925
191 4929
4930 4930
4701 4933
4941 4941
6469 4944
3849 4947
149 4950
4951 4951
4953 4953
3859 4955
4956 4956
4944 4957
4958 4958
2737 4961
6280 4962
4954 4964
5758 4965
3446 4971
4973 4973
3818 4974
4975 4975
4541 4983
321 4984
4573 4985
5665 4986
4989 4989
869 4990
4991 4991
860 4992
4999 4999
3824 5004
5007 5007
3968 5011
1564 5015
6219 5016
4132 5017
6306 5019
5020 5020
6385 5021
5024 5024
2713 5026
2051 5030
5032 5032
5034 5034
1254 5036
941 5037
3339 5040
3704 5041
672 5042
3455 5043
1034 5044
3128 5045
2064 5049
5050 5050
4540 5051
5054 5054
6430 5055
5056 5056
6136 5057
473 5062
3230 5064
2764 5066
2939 5068
5069 5069
5073 5073
4669 5074
5075 5075
5689 5076
5368 5077
5079 5079
5084 5084
5086 5086
6816 5089
5090 5090
6835 5096
5100 5100
4656 5101
6446 5104
2937 5105
6522 5106
2563 5108
5110 5110
5113 5113
3559 5116
5117 5117
902 5118
5063 5119
5122 5122
5125 5125
4461 5128
5130 5130
747 5133
6426 5136
246 5138
3784 5147
2033 5148
5094 5150
6886 5151
6676 5152
6712 5153
3946 5159
630 5163
3280 5164
4396 5165
3488 5168
5272 5169
545 5170
6305 5174
2669 5176
5443 5178
4338 5179
630 5182
5185 5185
5186 5186
5929 5187
5622 5191
4573 5193
1594 5195
5197 5197
804 5198
5 5199
5201 5201
1707 5204
5205 5205
3126 5206
2044 5207
3968 5214
1377 5215
3732 5217
5219 5219
4786 5220
5221 5221
5222 5222
2975 5223
3440 5229
5231 5231
6639 5232
5233 5233
5305 5234
5235 5235
2499 5238
5239 5239
5391 5242
5243 5243
5758 5246
551 5247
5248 5248
4244 5250
3375 5251
1964 5258
5259 5259
6472 5265
6388 5271
4997 5272
592 5273
4554 5274
1191 5276
3732 5278
5280 5280
4573 5281
4411 5282
2737 5283
3174 5288
5290 5290
2095 5292
5687 5294
5295 5295
4369 5297
802 5299
5300 5300
5760 5301
41 5303
5304 5304
6472 5307
3655 5312
3548 5314
2477 5315
5236 5316
2014 5317
4669 5318
6712 5321
5323 5323
5324 5324
5350 5325
5435 5328
3335 5329
5330 5330
5524 5333
958 5343
1200 5346
6113 5347
5348 5348
6230 5351
5353 5353
3679 5354
2136 5355
2059 5359
4679 5362
5365 5365
4701 5367
5369 5369
1485 5371
2756 5375
5377 5377
5378 5378
5379 5379
5381 5381
4063 5383
5844 5388
3085 5395
4102 5399
5402 5402
5403 5403
6274 5404
5406 5406
2244 5407
5411 5411
1496 5415
5416 5416
5703 5421
6055 5428
3734 5429
5430 5430
5433 5433
3107 5434
5437 5437
3696 5440
6038 5450
5452 5452
5458 5458
2141 5459
5462 5462
5465 5465
1489 5466
5470 5470
5472 5472
5475 5475
6627 5479
3559 5484
5487 5487
4453 5488
1452 5489
5494 5494
5497 5497
675 5498
5502 5502
702 5504
3699 5505
5506 5506
5316 5507
3888 5508
2051 5509
5515 5515
5517 5517
6710 5518
3244 5519
5521 5521
5523 5523
5526 5526
5527 5527
5829 5529
3895 5530
5532 5532
4427 5533
3274 5536
568 5537
5539 5539
5916 5541
5542 5542
4148 5543
5546 5546
4246 5547
5549 5549
5550 5550
333 5551
2961 5552
4210 5553
3707 5554
5569 5569
309 5571
1073 5572
5374 5575
2141 5577
4478 5579
5581 5581
5589 5589
5100 5590
3678 5592
4478 5596
4671 5597
3307 5599
5600 5600
5602 5602
5610 5610
6177 5612
5976 5613
5615 5615
4475 5616
5474 5619
2030 5622
4675 5624
6654 5626
5630 5630
5634 5634
5636 5636
5637 5637
4440 5638
2363 5639
4521 5640
5641 5641
4881 5643
4169 5645
1825 5646
2280 5648
5651 5651
4416 5655
5612 5656
2736 5657
5775 5663
527 5666
5667 5667
5668 5668
454 5670
4234 5671
169 5674
2461 5676
4753 5680
393 5683
5684 5684
1484 5687
1149 5689
941 5694
5697 5697
3938 5699
1630 5701
5762 5702
5704 5704
726 5705
5706 5706
5708 5708
2326 5709
3921 5711
3655 5713
5716 5716
5717 5717
6137 5719
5321 5721
6727 5724
6628 5726
333 5729
2362 5734
5736 5736
25 5741
3798 5742
244 5743
2996 5744
5746 5746
5750 5750
6081 5756
1505 5757
4085 5758
5773 5773
6733 5774
5775 5775
5777 5777
5785 5785
2962 5788
4620 5789
5791 5791
3820 5792
6835 5797
6786 5798
3725 5799
5801 5801
6807 5802
6391 5803
4703 5805
4657 5806
1869 5810
4234 5811
4656 5813
2452 5819
328 5824
5828 5828
5737 5829
5840 5840
3707 5842
3384 5844
5845 5845
1926 5849
4038 5851
5852 5852
4935 5853
5855 5855
3732 5858
4419 5860
5353 5861
5862 5862
4618 5863
5865 5865
4671 5869
5872 5872
1239 5879
6265 5882
2746 5884
411 5885
5886 5886
5879 5887
3987 5888
5890 5890
618 5893
5901 5901
5902 5902
5907 5907
2087 5908
2975 5909
5910 5910
2351 5911
5915 5915
3189 5917
3256 5919
2507 5922
5927 5927
4131 5928
3471 5929
5930 5930
5932 5932
5933 5933
5936 5936
5939 5939
5949 5949
3335 5950
5952 5952
1738 5953
5959 5959
4753 5960
5255 5962
2667 5964
5969 5969
3849 5971
3307 5972
5974 5974
2346 5976
5977 5977
5978 5978
5980 5980
5981 5981
3667 5982
5986 5986
5987 5987
5991 5991
6117 5993
1377 5995
274 5996
6005 6005
1188 6006
2251 6008
6010 6010
296 6012
4887 6014
72 6017
6404 6021
6024 6024
4906 6027
6029 6029
6030 6030
2790 6031
6112 6035
5816 6037
3453 6038
6039 6039
3017 6041
6042 6042
6752 6044
4078 6045
6842 6047
4554 6049
3732 6051
6054 6054
6055 6055
6056 6056
4126 6058
3036 6059
6061 6061
6063 6063
6064 6064
4317 6068
4857 6070
6769 6075
5816 6076
6077 6077
40 6078
485 6079
5036 6080
6083 6083
6851 6087
5007 6088
6090 6090
448 6093
6095 6095
3939 6099
6101 6101
3533 6103
3133 6105
6107 6107
2984 6110
5350 6112
1286 6113
4894 6114
5088 6115
6116 6116
6117 6117
5737 6120
6121 6121
3756 6125
6047 6127
4234 6128
1389 6130
6131 6131
992 6137
6142 6142
2479 6144
2991 6152
6157 6157
6160 6160
6162 6162
4582 6170
1947 6173
6175 6175
2151 6177
4140 6178
6180 6180
5622 6181
3746 6182
6169 6188
3942 6190
2402 6192
2140 6196
3824 6202
422 6206
3788 6207
6209 6209
111 6212
2319 6213
6214 6214
28 6216
2332 6218
5732 6219
3849 6222
6224 6224
6225 6225
1882 6226
1634 6227
1813 6229
1780 6231
5917 6235
3891 6236
6238 6238
2504 6239
6242 6242
196 6244
6246 6246
4868 6247
6248 6248
3234 6250
3538 6252
6470 6253
4964 6256
2708 6260
6263 6263
6265 6265
6267 6267
1362 6269
2499 6270
3043 6271
522 6274
6276 6276
1545 6279
3929 6280
3732 6283
3096 6285
1957 6290
2969 6292
6295 6295
6300 6300
6303 6303
6305 6305
5011 6306
4679 6307
2527 6308
4740 6310
5551 6311
6125 6313
327 6314
6316 6316
2056 6317
6319 6319
6793 6324
2304 6327
1874 6329
6334 6334
6338 6338
3234 6345
6346 6346
5760 6350
2051 6352
4344 6353
4683 6358
4733 6359
6360 6360
18 6361
6365 6365
4670 6366
5015 6367
6368 6368
1761 6369
6370 6370
201 6372
5596 6373
2563 6379
4284 6380
6446 6385
6821 6388
3440 6390
3318 6391
1165 6394
5758 6397
3356 6400
6402 6402
875 6405
1306 6406
28 6409
4954 6411
1801 6414
6415 6415
3906 6416
1916 6417
5811 6419
6420 6420
2741 6421
6423 6423
2969 6426
5007 6427
6429 6429
2726 6430
6431 6431
3049 6432
6434 6434
4488 6437
6438 6438
6771 6439
3118 6440
3524 6449
3043 6450
363 6451
2270 6454
716 6459
5168 6460
4200 6463
3604 6464
6467 6467
2910 6468
1994 6470
6471 6471
360 6473
6475 6475
6477 6477
1165 6481
3984 6483
3701 6486
4228 6501
3398 6503
6504 6504
3147 6507
6508 6508
6513 6513
5612 6517
739 6518
196 6521
1116 6522
5756 6523
1375 6525
4907 6529
6533 6533
3842 6544
6551 6551
1450 6554
6559 6559
6560 6560
5569 6561
4121 6562
6566 6566
1623 6568
3302 6569
5058 6573
2421 6574
5280 6576
1233 6577
6578 6578
3692 6579
3699 6581
6710 6584
2046 6588
3946 6590
6591 6591
6595 6595
6602 6602
5393 6603
1451 6607
2746 6610
2233 6615
4411 6617
6620 6620
6435 6622
5758 6624
5581 6625
6626 6626
1390 6630
6633 6633
180 6634
649 6636
6638 6638
61 6639
6642 6642
6644 6644
3968 6646
3013 6652
2793 6655
6657 6657
3888 6658
1624 6660
2669 6665
4906 6667
3356 6672
1916 6673
5808 6674
6675 6675
6670 6680
397 6682
6685 6685
6688 6688
1160 6689
451 6691
6693 6693
5388 6694
1821 6696
590 6697
4416 6698
6704 6704
5234 6705
5130 6708
6646 6710
375 6711
5150 6712
6713 6713
6714 6714
6719 6719
6721 6721
47 6722
63 6726
6727 6727
6731 6731
3691 6732
5032 6735
1410 6741
4271 6743
3849 6744
1718 6747
336 6748
6750 6750
6754 6754
655 6759
6762 6762
6730 6764
2923 6767
5426 6772
2737 6774
5758 6776
6778 6778
2774 6779
6780 6780
440 6781
4318 6782
6784 6784
6788 6788
3663 6789
6791 6791
6793 6793
6794 6794
4317 6796
6797 6797
2363 6798
1257 6799
698 6800
6801 6801
3122 6802
6086 6805
6807 6807
5093 6808
6809 6809
3677 6810
2751 6814
4464 6819
2102 6820
6823 6823
6828 6828
6830 6830
6834 6834
107 6836
6839 6839
3018 6840
5646 6841
3 6843
5033 6851
6435 6853
125 6855
225 6857
2790 6864
6865 6865
4623 6866
6856 6871
6872 6872
6075 6877
4870 6880
3455 6882
4098 6883
5316 6884
3680 6885
2708 6887
1950 6889
