3843 3843
6248 6248
67 67
73 73
65 65
6269 6269
3550 3550
2274 2274
3854 3854
113 113
6267 6267
3852 3852
2150 2150
3633 3633
3551 3551
3753 3753
2043 2043
3530 3530
408 408
330 330
2127 2127
2129 2129
5732 5732
130 130
3053 3053
409 409
23 23
1907 1907
3667 3667
321 321
3824 3824
6276 6276
279 279
1995 1995
3547 3547
3749 3749
2294 2294
5463 5463
3927 3927
5589 5589
3552 3552
5750 5750
3595 3595
2164 2164
3792 3792
2005 2005
242 242
2056 2056
5517 5517
2783 2783
421 421
2498 2498
2124 2124
117 117
3704 3704
344 344
2167 2167
2480 2480
5596 5596
2811 2811
2221 2221
3571 3571
5458 5458
5840 5840
5951 5951
5842 5842
3612 3612
3586 3586
2786 2786
3568 3568
5634 5634
3581 3581
3646 3646
6 6
3584 3584
3600 3600
2801 2801
5651 5651
2027 2027
2785 2785
1984 1984
3577 3577
5610 5610
2068 2068
245 245
6048 6048
6054 6054
5932 5932
3687 3687
2514 2514
5936 5936
3895 3895
2483 2483
157 157
3772 3772
6231 6231
6077 6077
2506 2506
6063 6063
2197 2197
2596 2596
6042 6042
6079 6079
5961 5961
2266 2266
6064 6064
5612 5612
5542 5542
6085 6085
6095 6095
2084 2084
5976 5976
6090 6090
6101 6101
6143 6143
5980 5980
6142 6142
3706 3706
5641 5641
5986 5986
2613 2613
5452 5452
2624 2624
3340 3340
6117 6117
2623 2623
2508 2508
3338 3338
3707 3707
282 282
6107 6107
2086 2086
5717 5717
3684 3684
3437 3437
392 392
2705 2705
5619 5619
2232 2232
2069 2069
2233 2233
5648 5648
2239 2239
3058 3058
3274 3274
2299 2299
3267 3267
2231 2231
2287 2287
2295 2295
2634 2634
5716 5716
2248 2248
2413 2413
158 158
3361 3361
2227 2227
2240 2240
2542 2542
295 295
2412 2412
3819 3819
3368 3368
3255 3255
2526 2526
3362 3362
3663 3663
2022 2022
4002 4002
2457 2457
3225 3225
3419 3419
3249 3249
3294 3294
3223 3223
6006 6006
2737 2737
2431 2431
3316 3316
3251 3251
4029 4029
3439 3439
3241 3241
5526 5526
3219 3219
3246 3246
3363 3363
2308 2308
2284 2284
3281 3281
3403 3403
371 371
3252 3252
6887 6887
4054 4054
2351 2351
2338 2338
6024 6024
5495 5495
4032 4032
3376 3376
3991 3991
3954 3954
3710 3710
393 393
4034 4034
4048 4048
2572 2572
2325 2325
5494 5494
2650 2650
5706 5706
523 523
5239 5239
3985 3985
3381 3381
485 485
3447 3447
5235 5235
5802 5802
3334 3334
5760 5760
2541 2541
2576 2576
3899 3899
2093 2093
3718 3718
3450 3450
163 163
3956 3956
3335 3335
372 372
203 203
3380 3380
514 514
2645 2645
3493 3493
2671 2671
3190 3190
367 367
5791 5791
2748 2748
5780 5780
3330 3330
5775 5775
5801 5801
6160 6160
5475 5475
3414 3414
3490 3490
153 153
3216 3216
3204 3204
3188 3188
3234 3234
3333 3333
5816 5816
3400 3400
1850 1850
3242 3242
516 516
3453 3453
1924 1924
2435 2435
6175 6175
5571 5571
3383 3383
3464 3464
1851 1851
5393 5393
1129 1129
1831 1831
2444 2444
1857 1857
204 204
3767 3767
2025 2025
3388 3388
5410 5410
576 576
1883 1883
5886 5886
5908 5908
5704 5704
5438 5438
5427 5427
1113 1113
3177 3177
3900 3900
6778 6778
5890 5890
1856 1856
3892 3892
3180 3180
3195 3195
5891 5891
1855 1855
1136 1136
5433 5433
1114 1114
1875 1875
1833 1833
6675 6675
6791 6791
2104 2104
1891 1891
1121 1121
6340 6340
6657 6657
5406 5406
6576 6576
1925 1925
6762 6762
2992 2992
5927 5927
1356 1356
6839 6839
225 225
1466 1466
776 776
1465 1465
271 271
1115 1115
632 632
2994 2994
1741 1741
1548 1548
5055 5055
6765 6765
1407 1407
6644 6644
6626 6626
6625 6625
815 815
6862 6862
6638 6638
1977 1977
6848 6848
1955 1955
3763 3763
5131 5131
5221 5221
5056 5056
5079 5079
2915 2915
5032 5032
6651 6651
6602 6602
6788 6788
6865 6865
901 901
5039 5039
4155 4155
1461 1461
6224 6224
1928 1928
970 970
5090 5090
4693 4693
1118 1118
720 720
6868 6868
999 999
1080 1080
6860 6860
4764 4764
1951 1951
1334 1334
5347 5347
6591 6591
5027 5027
6589 6589
1976 1976
1464 1464
995 995
6721 6721
1108 1108
5378 5378
218 218
3063 3063
1684 1684
1524 1524
1796 1796
5172 5172
4274 4274
5193 5193
6588 6588
919 919
845 845
1506 1506
6633 6633
1860 1860
1526 1526
1795 1795
399 399
6578 6578
2920 2920
3147 3147
4688 4688
4294 4294
6600 6600
986 986
1342 1342
5042 5042
880 880
4644 4644
924 924
1326 1326
923 923
6693 6693
801 801
973 973
2848 2848
1460 1460
778 778
987 987
4411 4411
881 881
1593 1593
4149 4149
4409 4409
2877 2877
5019 5019
1572 1572
1609 1609
1755 1755
912 912
903 903
822 822
4824 4824
652 652
1737 1737
1634 1634
858 858
6438 6438
3496 3496
4915 4915
4727 4727
6451 6451
4906 4906
3759 3759
1223 1223
932 932
3152 3152
693 693
1488 1488
4850 4850
3012 3012
6319 6319
3497 3497
6735 6735
4124 4124
1265 1265
1574 1574
4158 4158
4152 4152
2844 2844
996 996
3037 3037
4562 4562
4267 4267
5203 5203
5339 5339
789 789
1014 1014
1339 1339
4953 4953
3035 3035
610 610
1745 1745
729 729
1018 1018
6487 6487
4821 4821
892 892
723 723
2826 2826
1799 1799
2865 2865
2932 2932
3020 3020
1353 1353
841 841
4917 4917
4114 4114
4134 4134
2831 2831
2950 2950
6312 6312
3099 3099
1780 1780
946 946
1251 1251
1004 1004
5259 5259
4212 4212
1746 1746
3507 3507
4145 4145
4425 4425
6573 6573
4476 4476
1409 1409
6429 6429
6426 6426
4123 4123
1478 1478
873 873
1145 1145
4311 4311
1178 1178
952 952
4932 4932
864 864
1098 1098
4424 4424
4963 4963
6566 6566
4495 4495
4503 4503
839 839
4502 4502
838 838
4464 4464
4470 4470
4990 4990
4455 4455
4538 4538
3125 3125
6559 6559
4729 4729
4504 4504
6327 6327
4360 4360
4361 4361
