6 6
4424 8
6221 9
129 12
526 17
1 21
23 23
604 25
460 27
6303 29
5868 30
5079 34
6685 35
6378 38
6039 39
6079 41
4821 43
3041 48
1353 56
2429 57
65 65
67 67
73 73
4080 79
621 80
2427 83
6814 90
4592 92
4190 93
2708 99
2035 104
411 106
5871 107
247 109
113 113
117 117
3887 122
3380 123
5191 124
938 125
2605 127
58 128
130 130
1320 141
1365 142
2967 143
2069 144
5036 145
5651 146
4206 147
153 153
447 154
840 155
157 157
158 158
1426 161
2132 162
163 163
1866 165
1633 169
4429 173
6713 177
4664 178
305 181
6624 186
828 187
2656 188
4872 192
5348 197
98 201
203 203
204 204
1501 205
798 206
212 210
948 211
5208 213
5792 216
218 218
2039 221
4117 222
989 223
4948 224
225 225
4312 227
2930 229
6266 231
6806 238
6510 240
242 242
245 245
1528 248
6774 259
5280 260
1595 263
4907 264
5234 266
6057 270
271 271
6272 272
2628 273
2591 274
972 275
279 279
282 282
5481 284
5866 286
4648 288
5534 293
295 295
1088 296
2349 299
1160 301
1043 305
2043 307
6425 308
784 309
6667 313
344 314
5773 318
321 321
5777 325
5280 326
4204 327
2895 328
330 330
6593 333
4954 334
2737 335
4634 337
291 338
1914 342
232 343
344 344
630 346
2624 347
1727 356
3744 359
5210 360
367 367
582 370
371 371
372 372
5792 373
3893 374
604 375
241 381
2014 382
4795 384
2503 386
4979 388
392 392
393 393
4225 396
3104 398
399 399
5157 400
5023 405
408 408
409 409
5576 411
4745 414
4336 416
421 421
5228 433
1491 439
188 440
6615 441
6161 442
6603 446
3844 449
924 450
4332 451
6332 452
6759 454
1272 455
5235 456
4225 457
464 464
892 471
5120 478
5979 479
465 481
485 485
6783 487
5319 489
4423 490
1332 496
6828 497
5573 498
2312 501
6081 503
6518 504
5498 505
6566 506
795 508
2780 512
514 514
516 516
2578 517
27 519
4987 520
523 523
1493 526
125 529
524 533
6105 536
924 539
2300 542
1415 543
2795 544
4429 549
1667 551
1342 553
1283 557
6054 560
3170 561
5120 564
566 566
798 567
5431 571
576 576
5323 585
1325 589
6504 591
5879 593
784 598
4808 599
3947 600
5269 601
603 603
5283 606
607 607
2942 608
610 610
6836 612
3938 614
618 618
2 619
439 626
632 632
3765 640
5248 642
4777 643
6210 644
2086 646
2823 647
5784 648
5699 651
652 652
1774 653
2198 659
2355 661
2468 666
4355 667
6401 668
3689 669
5428 670
6867 678
2693 681
2631 684
3723 688
945 689
981 690
693 693
228 695
2904 697
1211 698
465 699
6625 704
2954 706
6613 709
3952 710
715 715
6728 716
718 718
3946 719
720 720
184 721
723 723
5569 726
6106 728
729 729
1821 730
4438 737
741 741
1051 742
5983 743
1513 748
107 753
754 754
759 759
2816 765
5294 769
771 771
776 776
778 778
2567 779
789 789
5431 790
2899 798
801 801
4069 803
6041 806
1262 808
4390 812
815 815
1523 816
6415 817
822 822
5622 824
4239 827
2646 829
6033 835
1383 837
838 838
839 839
6105 840
841 841
845 845
5046 849
1528 850
4148 855
950 856
858 858
864 864
1332 865
1998 869
2071 871
873 873
3623 874
5159 878
880 880
881 881
883 883
3408 884
3871 887
4628 889
891 891
892 892
2161 895
3020 897
901 901
6386 902
903 903
910 910
912 912
5792 915
919 919
6688 921
923 923
924 924
1325 925
4333 926
5363 927
932 932
933 933
4096 939
315 940
467 942
2584 945
946 946
899 947
5835 948
2993 950
952 952
6102 962
1083 967
598 969
970 970
2994 971
973 973
6613 974
5234 975
3798 978
6689 983
986 986
987 987
4821 989
4464 990
351 991
5792 994
995 995
996 996
2268 997
999 999
251 1001
1004 1004
6240 1005
2639 1006
1315 1011
5035 1012
1014 1014
6312 1015
1018 1018
6875 1019
5441 1022
270 1025
4338 1026
879 1036
6246 1037
4102 1038
6177 1040
4691 1042
1591 1045
4668 1050
6523 1051
6398 1052
2679 1053
3811 1055
2625 1061
6586 1068
2012 1069
2816 1076
957 1077
5117 1078
1080 1080
430 1082
2232 1083
2577 1086
216 1088
892 1090
1098 1098
3932 1099
5028 1103
5866 1104
1108 1108
6210 1111
1113 1113
1114 1114
1115 1115
6108 1116
1118 1118
1185 1120
1121 1121
663 1122
924 1126
1129 1129
5469 1131
1136 1136
1137 1137
2713 1139
3814 1144
1145 1145
4756 1147
3735 1149
1473 1154
4284 1155
6875 1158
2161 1161
1163 1163
1164 1164
1552 1165
4347 1166
1182 1167
5275 1173
4552 1177
1178 1178
4502 1180
2140 1185
4889 1189
583 1190
81 1200
1406 1202
5400 1204
505 1205
6029 1206
2219 1213
673 1214
1220 1220
1223 1223
924 1230
6732 1233
1211 1234
4651 1235
1238 1238
2214 1240
6066 1243
1251 1251
5191 1253
6715 1254
4157 1257
1259 1259
1172 1261
5944 1262
1265 1265
2580 1267
5611 1274
1277 1277
4475 1281
1286 1286
6613 1291
4717 1292
4229 1293
1299 1299
1306 1306
4946 1310
319 1322
1326 1326
6854 1330
4771 1333
1334 1334
1708 1337
1339 1339
1342 1342
916 1345
2685 1351
1353 1353
1356 1356
1451 1358
2772 1361
4772 1362
4125 1363
6221 1365
5830 1372
4905 1377
1332 1378
2927 1379
1987 1385
1639 1386
3007 1388
2353 1391
3835 1392
1393 1393
4702 1394
270 1395
600 1396
5294 1397
417 1405
1407 1407
1409 1409
5186 1411
935 1412
4326 1414
1945 1415
6845 1416
1108 1417
6518 1418
4010 1419
1293 1424
3981 1426
6240 1438
2826 1441
1788 1445
4774 1446
5968 1447
2303 1449
4502 1451
1773 1456
1460 1460
1461 1461
5191 1462
1464 1464
1465 1465
1466 1466
428 1469
5637 1476
1478 1478
5191 1483
2542 1484
6613 1485
5533 1487
1488 1488
3964 1492
4939 1494
439 1495
2088 1496
4635 1497
591 1499
6225 1502
1882 1505
1506 1506
4828 1508
828 1509
6753 1510
695 1513
796 1514
4379 1516
1852 1518
734 1519
2414 1520
1524 1524
1526 1526
4670 1530
4758 1533
4923 1534
1535 1535
3201 1542
5766 1544
574 1547
1548 1548
4668 1551
5340 1552
5865 1554
4295 1555
4424 1563
5747 1565
2781 1567
2678 1569
6296 1570
2752 1571
1572 1572
1574 1574
840 1575
5781 1576
5177 1581
4645 1582
1540 1584
1431 1585
2791 1591
1593 1593
5054 1598
4157 1603
2294 1608
1609 1609
1928 1611
264 1615
3749 1627
5962 1633
1634 1634
6865 1635
1365 1641
5096 1644
2646 1647
2443 1654
1688 1656
2469 1657
5508 1659
2860 1663
6746 1666
5471 1672
5328 1673
945 1680
3899 1681
1684 1684
4011 1700
4340 1702
3064 1704
6156 1705
2340 1724
6210 1727
4759 1730
3974 1736
1737 1737
6646 1739
1741 1741
212 1743
2994 1744
1745 1745
1746 1746
5142 1748
4240 1749
4076 1753
1755 1755
1332 1757
69 1758
1882 1765
4691 1770
1861 1771
4788 1772
908 1777
1780 1780
641 1788
1795 1795
1796 1796
4549 1797
1799 1799
3745 1801
4024 1807
1485 1809
2568 1811
1928 1816
6646 1821
1824 1824
4240 1825
2308 1826
6696 1827
1828 1828
465 1830
1831 1831
6657 1832
1833 1833
215 1834
5679 1841
6865 1842
78 1849
1850 1850
1851 1851
6514 1852
1855 1855
1856 1856
1857 1857
4848 1858
1860 1860
5915 1863
1183 1864
6848 1867
2584 1868
5007 1870
604 1871
1875 1875
6024 1877
1878 1878
202 1880
1883 1883
3066 1884
1468 1886
2262 1889
1891 1891
1893 1893
801 1896
1900 1900
2136 1906
1907 1907
3749 1908
3948 1909
1365 1911
2826 1914
2927 1918
415 1919
4122 1920
5194 1922
3945 1923
1924 1924
1925 1925
1928 1928
6602 1930
2174 1932
6759 1936
5790 1937
1098 1938
4846 1939
6748 1943
3800 1945
1951 1951
1955 1955
4493 1958
5684 1968
1377 1969
5444 1971
1955 1974
1551 1975
1976 1976
1977 1977
701 1981
6406 1983
1984 1984
317 1985
5752 1987
5622 1988
6358 1992
5183 1993
736 1994
1995 1995
5359 1996
563 1997
2231 1999
2224 2001
2826 2003
5354 2004
2005 2005
1770 2010
4114 2011
1289 2012
2758 2015
3079 2019
2022 2022
2025 2025
1002 2026
2027 2027
3014 2030
1540 2037
1970 2042
2043 2043
4239 2045
3804 2051
5553 2055
2056 2056
6753 2058
5629 2059
1121 2061
801 2062
2542 2063
2068 2068
2069 2069
6546 2075
5979 2076
924 2081
2084 2084
2086 2086
6370 2088
1365 2090
2093 2093
2685 2094
1968 2098
4921 2099
2035 2101
2104 2104
467 2106
3 2116
5979 2120
4528 2122
2124 2124
5019 2125
2127 2127
2128 2128
2129 2129
6162 2134
4992 2135
4269 2137
4591 2139
5089 2140
78 2142
2823 2145
2150 2150
2402 2151
5183 2156
2164 2164
2167 2167
4205 2170
1115 2171
3113 2172
4148 2174
4076 2177
546 2178
1907 2180
108 2181
4389 2182
439 2195
2197 2197
1315 2202
5120 2207
4116 2209
2503 2211
3092 2212
6240 2214
5714 2218
2221 2221
2184 2222
1902 2226
2227 2227
6495 2228
848 2230
2231 2231
2232 2232
2233 2233
2193 2238
2239 2239
2240 2240
5441 2245
2248 2248
1003 2250
6105 2252
1806 2253
2113 2258
6576 2259
1450 2260
4886 2262
2266 2266
4854 2267
4984 2273
2274 2274
2638 2278
255 2279
1051 2283
2284 2284
2287 2287
948 2291
2294 2294
2295 2295
5140 2296
6729 2297
2299 2299
1527 2300
113 2302
1092 2303
2222 2304
612 2306
2308 2308
5444 2312
4530 2316
933 2318
6331 2319
2325 2325
5061 2330
4671 2331
1041 2336
2338 2338
2714 2339
2351 2351
3754 2355
174 2357
6339 2358
5840 2360
1272 2364
2198 2366
5611 2371
4250 2372
5594 2378
5792 2379
994 2380
3488 2390
2068 2391
2605 2394
2056 2395
2575 2396
2050 2401
6834 2403
924 2405
1332 2406
4588 2407
2412 2412
2413 2413
1567 2415
2389 2416
4289 2417
2297 2418
6850 2421
1798 2424
4239 2426
2431 2431
5183 2433
2435 2435
3679 2438
3714 2439
6086 2443
2444 2444
2457 2457
6084 2459
313 2462
581 2465
3841 2467
6337 2471
1397 2472
1405 2473
2614 2474
4525 2477
2480 2480
2483 2483
1243 2484
4251 2493
5214 2494
439 2495
1997 2496
1601 2497
2498 2498
1696 2501
2714 2503
70 2505
2506 2506
2508 2508
5792 2510
3945 2512
2514 2514
1528 2515
271 2516
5834 2517
4142 2521
6343 2522
2526 2526
1771 2529
6780 2534
2994 2536
2194 2537
1332 2539
2541 2541
2542 2542
5135 2543
4221 2547
1335 2549
1882 2550
4139 2551
6068 2552
3915 2555
1658 2557
6122 2564
2572 2572
5903 2574
5314 2575
2576 2576
5730 2577
711 2578
3803 2579
1945 2580
2953 2582
5646 2585
2031 2587
5526 2588
5002 2590
4251 2591
2051 2594
2596 2596
2052 2600
5808 2603
2816 2604
4990 2606
4879 2608
497 2611
428 2612
2613 2613
828 2615
6572 2616
2623 2623
2624 2624
4705 2626
924 2627
6566 2629
3781 2630
3027 2632
2634 2634
4395 2637
4767 2644
2645 2645
5900 2649
2650 2650
4384 2656
2085 2661
2378 2662
4813 2665
2671 2671
1916 2674
1064 2677
2051 2680
6084 2683
3066 2687
5412 2689
30 2690
307 2692
6323 2700
6538 2701
3975 2702
6590 2704
2705 2705
872 2708
1083 2709
5075 2713
5792 2720
500 2721
6759 2725
3165 2726
4286 2728
5960 2730
2232 2732
3412 2735
2737 2737
6390 2739
75 2743
3935 2747
2748 2748
4559 2749
6409 2752
1635 2756
25 2758
2625 2760
5166 2763
3193 2766
1108 2773
2526 2774
4133 2779
2780 2780
5177 2782
2783 2783
2785 2785
2786 2786
4704 2787
1170 2789
2678 2790
2051 2792
5481 2798
2801 2801
731 2807
3909 2808
5214 2809
2578 2810
2811 2811
2814 2814
6382 2816
2822 2822
1187 2823
2116 2824
2826 2826
2831 2831
6040 2832
926 2833
4855 2834
3596 2836
4473 2838
3155 2841
3517 2842
2844 2844
2904 2846
2848 2848
2147 2849
78 2851
5780 2853
3734 2855
5474 2856
4212 2858
2865 2865
1094 2867
3754 2868
2327 2872
1140 2873
2895 2874
2877 2877
2880 2880
1836 2883
4237 2884
6039 2885
174 2890
1996 2891
5783 2893
5792 2896
6202 2897
1260 2906
1540 2911
2915 2915
6332 2916
2954 2918
1821 2919
2920 2920
4148 2923
2678 2924
924 2925
3804 2928
1910 2929
2932 2932
5699 2933
5960 2936
6251 2937
5444 2940
3049 2943
5687 2949
2950 2950
6520 2955
4947 2956
6635 2960
2961 2961
5236 2965
1788 2966
6355 2967
4326 2968
824 2977
1902 2978
4877 2983
4147 2984
924 2986
4668 2988
5593 2989
5288 2990
2992 2992
2994 2994
1836 2996
3494 2997
924 2998
4326 3000
3004 3004
3006 3006
2063 3007
3012 3012
4156 3014
5277 3015
6828 3017
2132 3018
3020 3020
1528 3021
952 3022
481 3024
4421 3026
4410 3028
2184 3031
2095 3034
3035 3035
5932 3036
3037 3037
556 3042
5526 3044
4120 3045
3871 3047
5018 3051
1562 3052
3053 3053
3688 3054
3058 3058
4932 3059
864 3060
2114 3062
3063 3063
5615 3073
2040 3075
3078 3078
5611 3085
3090 3090
5701 3092
1051 3093
3099 3099
6231 3101
6835 3102
4486 3109
4443 3110
719 3113
5261 3115
3125 3125
5685 3127
2383 3129
1692 3130
2344 3132
1332 3138
5780 3144
3147 3147
1160 3149
3152 3152
3902 3153
3852 3155
1035 3156
4017 3158
1468 3159
4468 3163
6424 3165
1272 3166
2580 3167
4327 3168
3821 3169
3170 3170
3171 3171
830 3176
3177 3177
6613 3179
3180 3180
2749 3183
862 3184
2403 3187
3188 3188
3190 3190
1185 3193
2140 3194
3195 3195
4664 3197
5547 3203
3204 3204
1696 3205
2721 3206
1382 3207
4403 3209
5120 3213
3216 3216
3533 3217
3219 3219
3258 3220
3344 3221
3310 3222
3223 3223
3627 3224
3225 3225
3421 3227
3410 3230
3542 3233
3234 3234
3497 3237
3272 3238
107 3239
3631 3240
3241 3241
3242 3242
3516 3244
3246 3246
3565 3248
3249 3249
3251 3251
3252 3252
3354 3254
3255 3255
3434 3256
3301 3259
3220 3262
3240 3263
3267 3267
3508 3270
3274 3274
6475 3277
3374 3278
3281 3281
3537 3284
3477 3286
3667 3288
3218 3290
3294 3294
874 3296
3650 3299
3473 3303
3565 3306
3330 3308
3391 3311
3400 3314
3316 3316
3973 3318
3221 3319
3239 3322
3429 3323
4390 3328
3534 3329
3330 3330
3333 3333
3334 3334
3335 3335
3338 3338
3330 3339
3340 3340
3669 3341
3610 3344
3396 3347
3554 3348
3519 3350
3567 3355
107 3356
3439 3359
3361 3361
3362 3362
3363 3363
3368 3368
3220 3369
107 3370
3634 3372
3429 3373
3410 3374
3376 3376
3506 3378
3380 3380
3381 3381
3567 3382
3383 3383
3545 3384
3518 3386
3399 3387
3388 3388
3402 3389
3973 3391
3465 3392
3340 3395
3335 3396
3483 3398
3400 3400
3647 3402
3403 3403
3616 3406
3516 3407
3410 3409
3494 3410
3414 3414
3419 3419
3438 3422
3230 3423
3339 3424
3446 3426
3340 3427
5220 3431
107 3432
3245 3434
3437 3437
3422 3438
3439 3439
3605 3440
3647 3444
4041 3446
3447 3447
3450 3450
3398 3451
3429 3452
3453 3453
3669 3455
3606 3459
107 3463
3464 3464
3653 3465
3457 3470
3550 3473
3503 3477
3282 3479
3596 3482
3496 3485
3647 3488
3490 3490
2386 3491
3493 3493
3496 3496
3497 3497
3410 3498
3525 3499
3513 3500
3310 3504
3478 3506
3507 3507
3553 3508
3642 3511
3494 3513
3388 3516
5896 3517
3386 3518
3669 3525
107 3527
3530 3530
3670 3531
3625 3532
3352 3534
3310 3536
3507 3539
3540 3540
3496 3541
3436 3542
3443 3543
3461 3545
3547 3547
3585 3548
3647 3549
3550 3550
3551 3551
3552 3552
3308 3553
3333 3557
4772 3561
3297 3562
107 3564
81 3565
3313 3567
3568 3568
3531 3569
3524 3570
3571 3571
3242 3572
3536 3573
107 3574
3577 3577
3352 3580
3581 3581
3313 3583
3584 3584
3595 3585
3586 3586
3564 3589
3313 3591
3452 3592
3344 3593
3410 3594
3595 3595
3634 3597
3600 3600
3399 3604
3399 3608
3291 3609
3612 3612
3245 3614
3459 3618
107 3625
3461 3628
3488 3629
3358 3631
3633 3633
3251 3634
3560 3639
3224 3641
3500 3642
6061 3644
3503 3645
3646 3646
3413 3649
3442 3650
3380 3653
3583 3656
3397 3657
3563 3661
3672 3662
3663 3663
3667 3667
3437 3669
3517 3670
107 3671
3664 3672
3241 3673
4954 3679
2904 3683
3684 3684
3687 3687
5516 3688
1555 3689
3680 3691
5769 3692
525 3695
4045 3698
5016 3699
3777 3700
1881 3702
5361 3703
3704 3704
6331 3705
3706 3706
3707 3707
3710 3710
3718 3718
4683 3719
2370 3720
6166 3721
6724 3724
3726 3726
1251 3730
3731 3731
6798 3732
6850 3737
5593 3738
778 3739
1545 3740
1083 3745
1485 3747
3749 3749
623 3750
3753 3753
4567 3756
5221 3757
3759 3759
3763 3763
3767 3767
2902 3768
130 3771
3772 3772
5238 3773
5783 3775
2268 3776
4974 3782
5058 3785
2631 3787
899 3788
3792 3792
4739 3795
2826 3797
4801 3801
5792 3804
4597 3809
4009 3810
5304 3813
3818 3818
3819 3819
3824 3824
4848 3827
5888 3834
4807 3835
2372 3841
3843 3843
4133 3844
3852 3852
3854 3854
458 3857
1332 3860
2033 3863
4553 3864
3039 3866
5709 3868
276 3870
5792 3872
3136 3877
6512 3885
2231 3889
3892 3892
3107 3893
3895 3895
3899 3899
3900 3900
1923 3901
2501 3904
1882 3905
4131 3911
1272 3915
4077 3917
2794 3922
1916 3925
4631 3926
3927 3927
524 3937
1203 3938
6618 3940
5568 3941
957 3947
6358 3948
5130 3951
950 3952
3954 3954
3955 3955
3956 3956
3958 3958
5390 3959
5698 3962
2970 3965
5403 3968
5766 3970
4473 3972
3702 3975
4421 3979
3981 3981
3985 3985
6229 3988
3991 3991
30 3992
2626 3995
4002 4002
6476 4003
4583 4006
2443 4007
3000 4010
4012 4012
4013 4013
3828 4016
2246 4019
4922 4021
213 4024
3145 4025
824 4026
4029 4029
2614 4030
4032 4032
924 4033
4034 4034
2904 4037
220 4044
5777 4045
5159 4046
5200 4047
4048 4048
3903 4049
2899 4052
4054 4054
5177 4064
157 4065
4010 4066
296 4070
360 4073
4076 4076
4077 4077
4112 4086
4091 4091
2823 4092
3880 4094
5314 4095
1072 4096
1125 4102
1852 4107
4148 4108
4405 4112
4114 4114
6326 4116
5269 4117
6240 4119
4123 4123
4124 4124
44 4130
2801 4133
4134 4134
3825 4135
4704 4139
5979 4140
5607 4141
1692 4143
4145 4145
2244 4147
4149 4149
1882 4150
4135 4151
4152 4152
4155 4155
3858 4156
4326 4157
4158 4158
2020 4160
4316 4161
1187 4163
4807 4164
2273 4166
5086 4172
824 4173
6039 4176
1655 4179
4188 4188
308 4193
3767 4195
4030 4197
6033 4199
4550 4200
906 4201
4874 4202
2890 4205
4212 4212
994 4216
5699 4218
4029 4222
2208 4223
2972 4224
6157 4226
4007 4227
1293 4229
4230 4230
4313 4232
1844 4236
4240 4237
4238 4238
4421 4240
1645 4242
5879 4243
5363 4244
3688 4247
5320 4253
4295 4256
5915 4257
4259 4259
4267 4267
4268 4268
6047 4269
695 4270
5732 4271
725 4273
4274 4274
6197 4275
2327 4276
1249 4279
824 4280
681 4284
4285 4285
274 4287
5868 4288
2833 4290
4294 4294
2435 4297
4533 4298
4299 4299
615 4300
4302 4302
4167 4305
4311 4311
2285 4312
1332 4318
1840 4319
4321 4321
4859 4322
6329 4323
264 4324
681 4329
1553 4330
2899 4332
897 4333
4335 4335
4923 4338
4848 4339
216 4340
4284 4341
5561 4343
2861 4347
6469 4354
1856 4358
4360 4360
4361 4361
238 4370
4372 4372
5732 4376
821 4378
4865 4379
3098 4382
604 4384
4386 4386
2441 4387
4804 4393
1470 4398
4613 4401
600 4402
4409 4409
6793 4410
4411 4411
3804 4414
6156 4415
4835 4420
4424 4424
4425 4425
6127 4427
860 4431
4148 4436
4437 4437
1529 4441
6332 4451
3625 4452
6387 4453
4454 4454
4455 4455
4251 4457
2362 4458
2198 4461
604 4463
4464 4464
4183 4465
4470 4470
2267 4472
3197 4473
4476 4476
4299 4484
5089 4485
5301 4492
4493 4493
4494 4494
4495 4495
6210 4497
4002 4499
11 4501
4502 4502
4503 4503
4504 4504
5979 4506
4777 4511
1994 4514
5816 4515
4519 4519
3724 4520
777 4521
6690 4523
5379 4525
735 4532
4538 4538
6358 4546
323 4548
6122 4550
4562 4562
2 4565
6072 4569
4573 4573
5185 4575
4921 4580
6101 4583
6834 4592
1855 4593
4519 4598
4671 4601
3177 4607
166 4608
2755 4611
6442 4613
1821 4618
3752 4620
4623 4623
4050 4627
642 4630
4631 4631
5566 4635
6613 4636
271 4637
6576 4641
4644 4644
2793 4650
3921 4658
5655 4659
3946 4661
315 4663
3759 4664
2830 4669
1083 4671
2525 4672
4850 4673
846 4677
4315 4681
4688 4688
4818 4690
4693 4693
6721 4696
3880 4698
4493 4699
1461 4700
6657 4702
3569 4703
3804 4704
5865 4712
1824 4714
523 4719
4964 4722
2823 4724
2581 4725
4727 4727
5731 4728
4729 4729
5732 4731
232 4736
4403 4737
8 4740
568 4742
4744 4746
4814 4747
1160 4748
4523 4754
2998 4755
2833 4756
4757 4757
4764 4764
4305 4770
186 4771
574 4773
6430 4775
5446 4776
284 4782
166 4785
2130 4793
873 4797
4799 4799
5576 4801
233 4802
3197 4805
4807 4807
2990 4812
1203 4819
4821 4821
3803 4822
4824 4824
2085 4825
5822 4828
5136 4830
1925 4831
1555 4838
12 4846
4849 4849
4850 4850
4711 4858
3015 4861
5417 4862
2005 4863
4776 4865
738 4875
567 4876
583 4879
5486 4884
1992 4887
387 4889
4892 4892
2198 4899
4906 4906
6429 4907
2005 4909
4910 4910
1382 4911
4915 4915
4917 4917
2166 4918
749 4920
4050 4921
4186 4927
4932 4932
5441 4933
3422 4939
4941 4941
2946 4950
4299 4952
4953 4953
1039 4954
4956 4956
4958 4958
3057 4960
4963 4963
4136 4965
4608 4966
6499 4970
4975 4975
3804 4976
274 4978
6603 4980
4981 4981
1125 4982
4985 4985
1595 4988
4990 4990
4991 4991
5866 4992
6080 5000
1951 5003
5007 5007
1798 5009
2443 5011
1595 5014
4582 5016
1882 5017
5019 5019
3731 5024
5075 5026
5027 5027
155 5028
1272 5031
5032 5032
2204 5034
729 5036
5039 5039
2535 5040
5042 5042
5840 5050
6202 5053
5698 5054
5055 5055
5056 5056
6512 5058
883 5059
5905 5062
2919 5064
6219 5066
2515 5067
5840 5069
2030 5075
1667 5076
3922 5078
5079 5079
2813 5080
5083 5083
5469 5084
5090 5090
5441 5091
5093 5093
2705 5094
2350 5096
6240 5097
6549 5103
555 5105
5308 5106
2406 5108
5110 5110
5113 5113
5117 5117
5909 5118
6867 5119
5120 5120
5122 5122
5125 5125
5131 5131
4102 5134
5136 5136
6865 5140
2005 5141
6618 5143
4765 5144
6822 5147
4097 5154
3270 5157
6560 5158
6060 5159
2678 5162
955 5163
4309 5164
107 5167
4485 5168
3209 5169
5172 5172
5441 5176
403 5178
6247 5181
5254 5182
5481 5185
5186 5186
1589 5189
5193 5193
827 5198
98 5199
1559 5201
5203 5203
407 5205
2412 5207
4010 5215
462 5217
1243 5220
5221 5221
2184 5222
3103 5223
174 5225
506 5229
3981 5231
3899 5233
5235 5235
5296 5236
5239 5239
2340 5243
5184 5244
2899 5248
5333 5249
6181 5250
1154 5251
1804 5252
5967 5255
5259 5259
1767 5263
2413 5265
3198 5268
1094 5270
5226 5271
5972 5272
5254 5279
1195 5280
5193 5281
1414 5287
4660 5289
4225 5290
3059 5300
5760 5301
5304 5304
964 5308
331 5309
639 5311
3947 5312
862 5313
1397 5314
5236 5316
2752 5321
46 5323
5327 5327
1528 5330
1272 5331
5332 5332
2818 5335
2476 5337
5339 5339
6749 5340
5342 5342
958 5343
5347 5347
5348 5348
2708 5349
604 5350
5353 5353
4437 5357
3049 5362
5286 5363
4216 5365
4379 5366
4841 5376
2246 5377
5378 5378
356 5388
5994 5391
5393 5393
2127 5399
5186 5403
5406 5406
5410 5410
965 5411
5603 5412
4017 5422
6451 5426
5427 5427
5439 5428
6721 5429
5433 5433
379 5436
5067 5437
5438 5438
1584 5440
5429 5441
474 5444
25 5446
5135 5449
472 5450
5452 5452
816 5456
5458 5458
4493 5460
5463 5463
3678 5465
2350 5469
6606 5471
5475 5475
270 5476
5577 5477
2416 5479
5481 5480
2823 5487
677 5489
5494 5494
5495 5495
5164 5499
472 5501
6735 5505
393 5506
5441 5507
5250 5511
4619 5514
4854 5515
6875 5516
5517 5517
2542 5518
1226 5519
5526 5526
5744 5527
5093 5528
924 5531
5032 5533
2274 5534
4929 5535
3858 5541
5542 5542
6117 5543
1528 5548
6438 5550
2631 5554
6828 5557
1332 5558
3940 5559
4992 5563
2605 5565
1780 5567
5569 5569
768 5570
5571 5571
485 5573
4112 5574
4605 5577
5780 5579
824 5580
6746 5582
4493 5583
6590 5586
5589 5589
295 5590
4239 5593
5596 5596
933 5605
1365 5606
963 5607
6236 5609
5610 5610
5612 5612
5619 5619
4135 5623
2848 5624
5909 5627
6822 5628
1882 5629
2239 5630
5634 5634
2528 5635
1117 5639
5641 5641
4148 5644
1414 5646
5648 5648
4848 5649
5651 5651
604 5652
2212 5658
3880 5659
2605 5661
5192 5664
5504 5668
5879 5669
5439 5674
1527 5676
298 5677
1514 5683
750 5684
1771 5685
3313 5686
2542 5687
1445 5697
476 5700
5704 5704
2246 5705
5706 5706
4029 5707
2929 5713
5716 5716
5717 5717
6782 5719
5990 5722
6221 5723
5000 5729
5732 5732
2947 5738
3777 5741
5184 5742
2087 5743
2649 5748
3957 5749
5750 5750
284 5754
4293 5757
2930 5759
5760 5760
4493 5765
81 5767
6409 5769
3954 5771
5400 5774
5775 5775
2741 5776
5780 5780
306 5783
4660 5786
4135 5787
5791 5791
1383 5793
1410 5794
5979 5796
1484 5797
5801 5801
5802 5802
3195 5803
4946 5805
972 5808
322 5812
1970 5815
5816 5816
1996 5817
2760 5819
54 5820
5441 5823
2188 5824
4473 5825
417 5830
4939 5833
1549 5834
5110 5837
5288 5838
1501 5839
5840 5840
5842 5842
6524 5853
458 5858
3998 5860
6718 5861
833 5866
5441 5875
6435 5878
2765 5880
5576 5881
6240 5884
6335 5885
5886 5886
3893 5888
5890 5890
5891 5891
6075 5893
3992 5895
6020 5899
6780 5901
6140 5904
5908 5908
66 5909
4876 5910
5862 5915
5979 5916
4256 5918
5792 5926
5927 5927
225 5928
5932 5932
5236 5935
5936 5936
980 5938
1759 5942
1843 5949
5951 5951
2260 5954
2034 5958
5961 5961
5865 5969
2403 5971
5320 5972
4634 5974
5976 5976
1528 5979
5980 5980
4966 5981
6528 5983
734 5984
5986 5986
1005 5987
972 5990
5543 5993
2390 5995
738 5996
2962 5997
1639 5998
5112 6005
6006 6006
255 6008
5828 6010
5979 6011
4180 6014
5752 6020
1569 6022
4651 6023
6024 6024
6240 6030
4495 6032
338 6037
6042 6042
2403 6043
4512 6046
1226 6047
6048 6048
6054 6054
749 6055
1771 6058
6063 6063
6064 6064
3475 6066
1108 6068
4997 6072
3899 6073
2883 6074
3170 6076
6077 6077
6572 6078
6079 6079
6085 6085
1647 6086
2349 6089
6090 6090
5481 6091
6095 6095
6101 6101
1440 6102
6479 6103
6107 6107
5123 6113
924 6115
6117 6117
4326 6125
2483 6127
5079 6128
714 6133
6887 6135
6219 6140
6142 6142
6143 6143
3847 6149
6279 6151
1260 6154
319 6155
2947 6156
2005 6157
6160 6160
3099 6163
2114 6164
1315 6166
5481 6168
2308 6171
6175 6175
5191 6181
3752 6185
5334 6187
4910 6189
4711 6193
4112 6194
5683 6201
5286 6202
5135 6208
174 6210
3625 6212
2370 6214
1150 6215
3846 6219
6224 6224
3954 6225
6120 6227
5144 6230
6231 6231
5699 6239
2130 6240
1445 6241
1015 6242
6248 6248
1332 6251
6422 6252
943 6265
5036 6266
6267 6267
6269 6269
1634 6271
6657 6272
72 6273
828 6274
6276 6276
30 6279
5941 6282
4233 6283
3064 6285
6286 6286
2127 6290
2385 6291
1039 6296
4190 6297
416 6300
6303 6303
908 6304
1039 6306
6312 6312
3422 6313
6319 6319
1405 6320
350 6321
6327 6327
4423 6328
4717 6329
3818 6334
1211 6336
6340 6340
3564 6344
1748 6349
4985 6356
2307 6357
2252 6358
4102 6361
4914 6364
6365 6365
4493 6367
6370 6370
5792 6371
488 6373
6376 6376
1155 6380
1013 6383
957 6389
1514 6390
2897 6391
5441 6392
5792 6394
6396 6396
1306 6398
6402 6402
369 6411
2939 6412
2092 6414
6415 6415
2055 6422
6423 6423
5299 6424
2087 6425
6426 6426
6429 6429
6613 6431
6438 6438
768 6439
1692 6440
2350 6442
3880 6443
184 6444
3988 6450
6451 6451
6134 6455
5792 6458
5470 6460
6493 6463
5664 6466
6467 6467
3744 6470
5575 6473
6475 6475
1738 6476
3976 6480
4232 6485
4953 6486
6487 6487
5865 6489
75 6493
3938 6497
1182 6503
5208 6505
4334 6507
2005 6513
563 6514
5236 6516
246 6517
6523 6523
892 6524
6525 6525
6867 6526
1782 6529
5333 6530
6533 6533
1614 6534
5185 6548
6551 6551
4080 6552
6637 6554
6559 6559
583 6560
6566 6566
699 6567
5045 6571
299 6572
6573 6573
6576 6576
6578 6578
229 6581
4251 6585
6588 6588
6589 6589
6591 6591
1061 6594
5600 6595
6689 6596
2388 6597
6600 6600
6602 6602
3773 6605
4204 6611
1110 6615
5 6619
4549 6622
1372 6624
6625 6625
6626 6626
4946 6627
4116 6628
909 6629
6633 6633
6638 6638
5979 6642
5556 6643
6644 6644
872 6645
5597 6646
5199 6647
848 6648
5084 6650
6651 6651
6291 6653
6657 6657
4671 6658
5019 6659
6719 6661
2692 6662
639 6664
3803 6668
3106 6670
1019 6673
6231 6674
6675 6675
3123 6682
5035 6686
1365 6687
6649 6689
797 6690
6693 6693
5067 6704
1292 6707
3108 6710
2056 6711
2760 6712
2089 6715
6721 6721
2403 6722
1051 6724
5011 6728
5128 6729
6849 6734
6735 6735
4097 6740
2348 6741
5732 6746
6595 6750
5191 6752
652 6754
5516 6756
234 6758
439 6760
6762 6762
5830 6763
6765 6765
6465 6766
5862 6767
844 6768
6047 6772
718 6774
1325 6776
6778 6778
4865 6779
4076 6780
6788 6788
2063 6790
6791 6791
6602 6793
4562 6794
5888 6795
666 6798
134 6803
6157 6804
3550 6805
5117 6807
1788 6808
3783 6809
4605 6817
4378 6819
5648 6834
4273 6836
5058 6837
5126 6838
6839 6839
6210 6841
1339 6843
2212 6845
1798 6847
6848 6848
5576 6849
5692 6852
3107 6858
6860 6860
6862 6862
6865 6865
6868 6868
3837 6869
1970 6873
180 6875
156 6877
3798 6878
6288 6881
5178 6882
4086 6885
6887 6887
