5583 5583
5445 5450
5683 5624
5464 6058
3856 3702
5447 5447
5964 5807
3843 6263
6188 6188
331 331
3865 3865
3767 3694
2127 2776
3806 3805
5703 5703
3810 3810
0 0
5410 5410
67 3612
2506 2163
5380 5380
4206 4206
6024 6095
3998 4067
1875 1875
5008 4163
1677 1677
4799 4799
4916 4916
5789 6047
4647 4745
4817 4817
2737 2540
2065 1941
2977 2977
5328 5328
1843 1843
1565 1565
1108 1108
1111 1111
5189 5189
4691 4320
2956 2956
6761 6704
1710 1710
4077 3067
6666 6764
4625 4390
5062 5076
360 537
3201 3201
5257 4748
4285 4956
4501 4510
4524 4524
4405 4405
1325 6568
