0 0
6538 4
5783 9
2288 11
1086 16
6488 18
1585 19
349 24
2938 26
6808 35
2806 37
1158 41
3319 44
4757 46
3425 48
3990 51
1019 59
5783 60
1590 61
3511 66
6412 67
3598 75
3819 76
6436 78
1107 80
6634 81
6495 95
2769 102
3983 108
1565 110
1820 112
3915 114
2334 119
4502 124
48 125
5738 127
1978 128
5727 140
6797 141
2159 143
2072 149
2147 154
1039 156
5820 160
2151 168
5683 180
2116 182
1565 186
1286 189
1548 195
6762 202
1574 208
1971 216
3052 224
3542 228
5713 229
5619 230
2168 232
4635 234
1215 241
1846 242
314 246
3114 251
6613 252
2334 253
3667 255
416 257
2449 258
1489 266
2567 272
3585 275
4751 276
1723 277
4031 280
2600 281
199 285
3067 288
2127 292
5784 294
994 295
5627 296
4105 301
6048 307
221 308
3040 310
81 311
187 316
433 317
1891 318
3654 320
1278 321
1286 322
2072 325
1821 327
331 331
6543 334
3395 335
1782 337
1122 341
3908 349
1405 350
882 355
356 356
361 361
119 366
1245 369
37 370
918 374
2038 379
3487 380
1816 384
3914 386
4596 389
1147 390
2666 399
6622 403
6467 407
3070 408
6560 410
1209 414
3221 428
2611 430
6293 431
3517 432
5150 440
6684 444
5504 445
3318 454
5783 458
648 462
5347 463
2692 467
1514 471
3875 478
6613 479
3716 482
1416 487
1438 488
521 492
1806 493
789 497
6364 498
2674 499
587 506
5261 511
3589 513
6097 517
6316 518
2578 520
6573 521
6236 524
419 528
2117 532
1086 534
304 535
3175 536
360 537
775 539
5128 540
2769 541
4806 542
6456 543
2317 544
3293 547
6613 548
164 550
6410 553
946 557
6542 558
6333 559
1369 560
1302 563
260 567
4218 569
1104 574
4461 578
1364 580
2973 584
585 585
3057 586
1242 588
3293 589
863 591
3563 596
3724 597
1278 600
1937 608
6831 609
1962 610
1718 617
3014 619
1828 620
646 624
5926 629
352 646
2985 648
2787 651
1138 654
1144 655
1718 657
1144 660
3772 662
3306 666
5715 670
983 671
3080 672
484 674
6400 676
2525 684
2556 691
5532 701
306 707
1782 708
2855 710
6316 712
4400 716
3264 718
6236 723
2837 725
588 727
366 728
1506 734
5445 742
6714 743
331 747
1402 758
692 764
3886 765
3219 773
113 776
6849 784
2341 786
1086 794
3836 795
4409 803
82 805
303 807
4027 812
2529 816
6079 822
932 824
260 830
2276 831
5075 832
1325 833
5496 835
1734 836
1508 838
2004 840
1848 841
6500 843
6599 849
6613 850
2269 852
1466 853
113 855
1377 856
1671 861
5783 865
2960 869
1611 873
6882 874
3453 876
1852 880
6416 884
5035 886
1834 888
2428 893
2811 901
1576 907
3128 910
1920 914
3497 926
1302 929
2285 931
1345 933
5049 934
248 936
2761 938
6877 939
1283 945
1782 947
880 948
6613 950
5783 956
4202 958
1166 961
271 965
2300 967
1874 968
1168 971
1267 974
2412 975
6316 979
1925 988
4709 996
4991 1004
3634 1005
5926 1009
2970 1011
1946 1017
2239 1029
2791 1037
3323 1038
57 1041
4395 1044
525 1046
1047 1047
6679 1050
1305 1052
1251 1059
2328 1060
6714 1062
6724 1068
6434 1075
232 1080
5783 1081
3092 1084
1222 1086
4000 1088
6333 1089
6392 1090
1625 1093
2274 1098
1205 1104
6292 1107
1108 1108
624 1109
122 1110
1111 1111
1251 1115
1086 1117
1866 1125
2269 1129
932 1135
2428 1143
3120 1148
1061 1149
3038 1150
6742 1152
2478 1155
5188 1156
5505 1161
970 1163
313 1167
1168 1168
5495 1172
2724 1175
3462 1182
775 1185
1141 1186
1815 1193
3107 1194
1253 1199
2409 1203
5257 1205
620 1209
6608 1211
509 1214
1843 1227
3270 1229
6613 1230
1086 1234
56 1236
886 1242
952 1243
1490 1246
6379 1247
5797 1250
439 1252
6613 1257
3164 1259
814 1261
5075 1262
1086 1263
2601 1265
2615 1271
1548 1272
1565 1273
532 1276
874 1284
448 1287
6382 1288
6499 1290
3208 1292
1153 1293
6849 1295
1723 1303
1982 1307
2417 1308
2460 1309
1199 1311
408 1317
820 1319
439 1322
2510 1323
1405 1325
1662 1326
6444 1327
3114 1333
41 1334
483 1348
1325 1349
2461 1350
6791 1353
320 1354
2833 1358
6763 1361
328 1362
4058 1370
5058 1375
828 1378
2300 1380
1852 1382
6808 1385
724 1388
5663 1392
1790 1396
6310 1397
1880 1402
889 1404
2875 1408
1786 1410
3853 1417
4202 1421
6302 1423
3204 1424
6472 1430
2591 1435
6690 1436
85 1438
1775 1439
4218 1446
840 1450
5215 1452
5783 1453
6358 1454
6245 1455
2428 1457
6840 1459
2428 1463
5154 1464
4900 1465
410 1468
2361 1470
1863 1481
932 1483
1845 1491
5919 1494
1665 1495
3259 1499
2256 1502
6382 1505
946 1515
2588 1520
3552 1522
509 1523
6215 1524
1611 1526
5811 1527
930 1529
4454 1534
3045 1535
6479 1537
1328 1540
1427 1541
3636 1542
2054 1543
1863 1546
1111 1553
886 1558
535 1560
6353 1562
1381 1563
1565 1565
1275 1569
1994 1573
1955 1576
5998 1577
2486 1578
1668 1583
6544 1597
2810 1600
506 1603
5783 1604
1153 1611
3124 1612
2334 1619
3991 1622
6599 1624
5783 1626
5869 1627
2861 1631
2959 1637
2913 1638
5783 1642
5571 1644
6316 1656
2788 1658
2181 1659
6481 1665
646 1668
6874 1669
1537 1673
2557 1675
1677 1677
1090 1683
4686 1684
3441 1685
2528 1687
983 1692
6842 1695
3318 1696
178 1697
84 1698
380 1700
4104 1702
2100 1704
3923 1708
1710 1710
1528 1711
3314 1717
1086 1718
2481 1723
1287 1727
6535 1729
671 1730
1138 1731
3585 1733
2010 1734
1351 1739
763 1741
6679 1751
5783 1757
1583 1763
6352 1767
1356 1768
3989 1773
93 1777
6228 1783
3915 1791
2654 1793
6242 1795
6179 1796
3563 1803
5950 1804
2349 1808
3470 1809
5783 1810
3263 1815
3915 1822
4435 1823
3874 1824
3452 1825
3246 1832
1086 1835
6152 1841
1843 1843
105 1844
1827 1846
5738 1848
4102 1849
2981 1855
4115 1862
3728 1864
2151 1868
2768 1874
1875 1875
2817 1876
1148 1887
2051 1889
2077 1894
2535 1895
700 1900
1330 1904
5783 1911
1721 1917
3635 1918
5690 1919
1782 1920
4124 1925
3563 1926
1111 1927
2908 1935
3318 1936
6767 1938
2065 1941
2127 1943
131 1945
4451 1950
20 1958
3221 1961
4455 1962
3396 1972
6666 1977
1701 1980
6653 1986
1502 1988
300 1992
76 1993
728 1996
1502 1997
221 1998
2954 2000
646 2006
1802 2007
6558 2009
3916 2010
20 2013
6834 2018
6791 2026
986 2029
6863 2032
3778 2033
625 2034
2942 2035
67 2036
838 2045
1962 2049
2428 2051
1086 2053
1166 2059
2726 2060
3728 2061
2285 2065
3990 2067
6540 2073
1101 2075
775 2076
4993 2078
6714 2088
2887 2097
2440 2105
3246 2109
2111 2111
2652 2112
1690 2116
2543 2117
5505 2118
2019 2122
3713 2123
4912 2124
42 2125
3677 2131
6702 2134
59 2142
1068 2145
6302 2149
2399 2150
1668 2154
187 2158
2506 2163
3764 2168
4092 2171
1111 2172
6727 2173
1413 2175
1640 2178
3773 2182
1480 2184
5988 2189
306 2192
1474 2193
4617 2194
862 2196
33 2200
1207 2202
3287 2209
648 2213
6591 2214
1286 2215
4218 2217
158 2221
929 2222
2739 2229
6327 2232
3458 2235
3998 2236
2418 2244
2168 2260
362 2262
3202 2267
6288 2269
1848 2272
886 2277
1927 2281
4844 2283
3548 2284
4774 2285
588 2286
1626 2289
936 2292
1345 2295
1754 2299
4075 2301
2174 2302
684 2304
1605 2307
2910 2311
5571 2316
780 2319
2155 2326
4040 2328
956 2332
2950 2335
2620 2339
2429 2340
2949 2342
2486 2348
2054 2349
169 2350
3924 2351
439 2353
5820 2354
6412 2355
3039 2356
2127 2357
5783 2358
2629 2359
468 2371
4960 2373
6425 2381
5690 2382
3915 2384
6853 2387
6562 2388
5049 2394
649 2401
4131 2402
6274 2410
4188 2413
6668 2419
1086 2426
6808 2429
6275 2431
3234 2432
5407 2438
1469 2439
1488 2442
5619 2444
768 2446
6323 2449
2550 2451
2119 2452
838 2458
4758 2459
3242 2463
128 2465
4139 2470
591 2471
1294 2473
6657 2478
6353 2480
1267 2482
3542 2483
3924 2488
118 2493
5783 2495
1977 2501
6394 2504
4791 2508
1670 2509
4849 2513
6490 2517
6560 2526
491 2529
3919 2532
3540 2533
6263 2534
4010 2535
1611 2536
1874 2537
2737 2540
4585 2541
5783 2551
2640 2555
2142 2557
1928 2558
5783 2563
6364 2568
3015 2569
238 2571
2027 2572
6702 2578
771 2588
439 2590
2601 2596
2568 2597
2601 2601
6390 2614
1369 2623
6388 2627
2852 2628
2762 2629
791 2630
1251 2633
3138 2637
37 2639
6267 2643
3512 2647
624 2648
3521 2650
1222 2654
3686 2661
2947 2663
5783 2680
419 2681
6333 2682
3411 2686
2691 2691
311 2692
2756 2698
4181 2699
807 2702
3935 2705
4125 2707
2960 2714
560 2715
248 2716
1356 2717
435 2718
657 2722
6668 2725
3991 2726
6029 2727
6596 2729
1960 2730
6445 2736
3103 2737
6216 2739
1347 2747
4467 2748
1539 2759
938 2761
1927 2762
3777 2764
2756 2765
6493 2766
3096 2771
362 2772
2127 2776
2328 2781
5755 2788
113 2791
1806 2793
1761 2795
185 2799
4598 2804
1935 2805
2748 2808
4132 2809
3045 2813
1523 2814
1925 2820
4215 2821
1111 2822
2737 2824
2810 2826
1198 2832
2274 2833
4186 2834
3406 2835
6327 2840
1310 2841
2846 2846
4709 2848
1025 2854
1617 2856
6585 2865
2334 2867
43 2872
2276 2873
512 2878
3231 2882
4000 2883
2421 2887
6568 2888
1734 2889
658 2892
2886 2894
3977 2897
3158 2898
4709 2903
6542 2905
3148 2907
2155 2908
3464 2909
2654 2912
1508 2913
6613 2925
169 2930
4056 2933
1565 2934
3574 2947
1280 2948
2416 2954
2956 2956
4421 2962
3767 2963
3886 2970
6081 2971
879 2976
2977 2977
5663 2980
6613 2986
680 2989
942 2992
1588 2993
1125 2994
2515 3001
1994 3012
1377 3014
5319 3019
1907 3020
1547 3024
6409 3026
1369 3029
6457 3030
773 3032
6695 3035
4314 3039
6727 3043
4899 3051
5390 3052
807 3053
1445 3065
1834 3066
4077 3067
1136 3069
419 3070
6455 3074
3246 3088
81 3092
3548 3094
692 3095
2909 3102
6320 3105
6471 3106
6442 3108
1111 3109
2254 3113
2499 3114
3583 3121
433 3122
4709 3125
3847 3128
658 3130
283 3131
2137 3135
5853 3139
6833 3141
711 3146
439 3151
4023 3158
2205 3159
28 3160
2440 3165
6243 3171
4480 3176
439 3177
328 3180
1672 3187
6288 3188
1574 3189
1822 3190
3931 3193
928 3198
3201 3201
1405 3220
35 3221
1510 3223
295 3225
1390 3237
2787 3239
3914 3240
908 3241
1738 3243
1810 3250
6857 3252
6613 3253
1576 3261
588 3262
223 3267
483 3277
2334 3278
2295 3281
694 3282
3807 3283
1025 3284
4075 3285
3512 3293
2072 3298
2730 3301
2806 3304
1870 3307
1595 3308
168 3310
3252 3313
2399 3318
3861 3323
584 3326
3045 3327
6859 3335
2172 3338
5297 3339
2643 3342
6254 3347
889 3348
1255 3350
1883 3354
2801 3355
3323 3358
897 3359
4302 3363
4454 3371
3826 3372
3664 3373
5 3377
4713 3381
3840 3385
6613 3387
6333 3390
6636 3391
1357 3395
1973 3396
2813 3398
3300 3401
2855 3402
2434 3403
1166 3404
491 3408
896 3411
3638 3413
717 3417
6270 3419
1134 3420
890 3422
1588 3429
1154 3434
1627 3437
5075 3438
932 3443
6613 3444
3754 3449
6768 3450
6392 3452
495 3455
1124 3459
6600 3460
6637 3461
6818 3462
3377 3470
2859 3483
3215 3484
1863 3487
1449 3490
3497 3493
2783 3495
485 3499
2089 3502
2055 3506
1617 3507
6714 3509
3265 3514
4709 3516
2051 3535
3864 3538
616 3541
1613 3542
6713 3543
3131 3546
556 3547
386 3548
4585 3552
2428 3556
780 3563
419 3565
1611 3566
4788 3572
2269 3575
1261 3579
2350 3581
1554 3584
2466 3588
38 3592
5333 3595
1378 3597
6690 3599
6714 3604
3254 3609
6767 3611
67 3612
2196 3616
1502 3624
6045 3629
2640 3632
2060 3635
269 3639
20 3643
956 3645
213 3646
6734 3657
633 3660
1962 3661
632 3672
3723 3674
5806 3675
5864 3677
6327 3679
3807 3682
2871 3685
4891 3688
1747 3689
197 3691
1124 3692
3919 3693
3767 3694
4014 3700
2239 3701
3856 3702
6102 3703
3775 3706
3685 3707
3931 3715
2871 3720
4027 3725
933 3730
1049 3738
4975 3739
3835 3741
3767 3745
4960 3748
597 3754
6066 3755
3724 3756
276 3757
3536 3760
3841 3761
4066 3764
4092 3768
1546 3771
3485 3780
4136 3782
1899 3784
3740 3785
1052 3786
763 3787
3074 3789
6453 3792
3908 3793
4034 3795
2054 3796
4009 3802
3806 3805
5446 3806
3810 3810
1162 3811
3866 3815
3733 3816
2027 3821
6368 3823
3349 3825
4005 3832
2062 3843
4382 3845
6329 3847
3865 3849
4083 3852
357 3854
5758 3859
2489 3860
6867 3861
5218 3862
3508 3864
3865 3865
885 3867
5264 3869
5211 3874
5192 3877
4934 3884
4029 3886
3778 3891
4526 3893
2315 3894
3713 3898
3978 3901
1665 3903
4599 3906
4131 3909
3767 3911
6827 3913
3904 3916
6763 3919
3733 3922
238 3925
6761 3926
4408 3934
3754 3935
2308 3940
5153 3944
5173 3947
6828 3948
504 3951
4000 3961
4106 3965
1314 3968
3927 3969
4007 3975
3921 3979
3984 3984
357 3985
6711 3986
1555 3988
4066 3989
4127 3990
2151 3993
4058 4000
4038 4004
224 4006
1979 4009
2855 4011
1925 4012
4241 4021
3884 4026
70 4030
3512 4031
4868 4036
3683 4037
139 4041
187 4043
3759 4049
5566 4050
6811 4052
5359 4053
201 4055
3736 4056
4868 4058
1934 4061
4747 4062
3707 4065
6105 4066
3998 4067
439 4072
3497 4076
3561 4082
4521 4085
2067 4087
4080 4088
1141 4089
6791 4091
6789 4092
3781 4093
4009 4095
4375 4097
1656 4100
4713 4101
3906 4103
926 4108
3906 4110
1554 4114
547 4125
3907 4126
1972 4127
4341 4128
5123 4133
5748 4137
4218 4139
4549 4143
4302 4145
5343 4148
5704 4149
6198 4150
6124 4154
4502 4155
6248 4157
6587 4158
6102 4159
4672 4160
5008 4163
5663 4164
5976 4166
5145 4169
4230 4170
3488 4172
4493 4173
4779 4174
5773 4175
4832 4187
4188 4193
3168 4198
4227 4201
6193 4205
4206 4206
4916 4207
5353 4210
5002 4213
4309 4219
4821 4221
5096 4223
5985 4226
6330 4229
5655 4235
5747 4238
4708 4240
4159 4242
4157 4243
4310 4248
4046 4250
5758 4252
4350 4255
5122 4257
5988 4258
1984 4269
6127 4270
4210 4278
4312 4279
5036 4282
5209 4283
5666 4285
4189 4286
5153 4291
4218 4292
5619 4294
6633 4300
5361 4303
4714 4305
6086 4307
6633 4308
5808 4309
5913 4310
4713 4311
6140 4313
4650 4314
4917 4316
4691 4320
1125 4321
6387 4322
5808 4323
5096 4324
4965 4327
4458 4335
5117 4337
4626 4341
4215 4342
4365 4344
6088 4345
4635 4347
4828 4349
4916 4352
3876 4353
1188 4355
5153 4357
4810 4360
5407 4362
5944 4363
5083 4365
5282 4371
4934 4372
5663 4373
6072 4377
5973 4382
6028 4385
4550 4387
4625 4390
5627 4392
4645 4395
4457 4397
4780 4399
4859 4401
4832 4402
5529 4403
4405 4405
6148 4407
5347 4410
5214 4411
4165 4418
5206 4420
5238 4421
4879 4424
5873 4425
4429 4426
5926 4429
4271 4431
5432 4433
4201 4437
5264 4438
6148 4439
5789 4440
5663 4445
5019 4446
4900 4448
4246 4449
5361 4450
4375 4452
5117 4454
4645 4460
5178 4461
5018 4465
4205 4470
5036 4471
4157 4472
5630 4473
4249 4475
2833 4478
4457 4480
6124 4482
6083 4488
5783 4491
2284 4505
4296 4509
4501 4510
4312 4511
6124 4514
6633 4517
4420 4520
5064 4522
3271 4523
4524 4524
4500 4525
4350 4526
5833 4540
5230 4541
4700 4543
5505 4546
4669 4552
5783 4559
5631 4564
4495 4565
5677 4567
158 4568
19 4572
2330 4573
5826 4577
4989 4581
6028 4584
4713 4586
4318 4589
6187 4592
4645 4596
5008 4597
5226 4599
5286 4600
5783 4603
4328 4604
5341 4606
5783 4607
4318 4608
5846 4609
5583 4611
5546 4618
1188 4620
6102 4622
4699 4624
4821 4627
4314 4635
5058 4649
4623 4653
5175 4654
5049 4655
6124 4659
4708 4663
6029 4664
1530 4668
4420 4669
5337 4672
5333 4675
4484 4680
5333 4683
5239 4687
4493 4688
5311 4689
4313 4690
4521 4692
4218 4704
5926 4706
4036 4708
174 4711
4713 4713
1824 4714
4635 4719
5434 4722
6151 4724
4221 4728
1466 4729
4188 4731
4567 4739
4647 4745
5555 4746
5257 4748
6120 4750
2833 4757
4411 4760
4296 4761
4397 4767
5209 4769
4958 4770
4771 4771
4420 4772
6058 4776
5985 4778
5307 4779
4493 4782
4524 4783
5035 4784
4318 4785
6170 4788
5479 4789
4999 4790
1585 4791
6633 4794
4998 4796
4799 4799
5217 4803
5683 4806
6029 4807
5128 4808
5958 4813
3228 4814
4817 4817
6088 4819
5163 4820
4645 4825
5317 4826
4713 4831
4838 4838
1291 4841
834 4847
4485 4848
5806 4849
4495 4850
5226 4852
6387 4853
5189 4856
4029 4863
5200 4865
4565 4866
6199 4867
3859 4868
5112 4869
4950 4870
4999 4871
5853 4873
4991 4874
4825 4877
2127 4879
6163 4884
5753 4887
5536 4889
6387 4893
6088 4896
4713 4903
4434 4906
4184 4907
5926 4908
4816 4909
4641 4911
4682 4914
4916 4916
4349 4917
5783 4919
5434 4921
4965 4923
5783 4926
5030 4928
4157 4931
6106 4933
5666 4934
1854 4935
5359 4937
5783 4938
4939 4939
4713 4943
4521 4947
5597 4948
5239 4953
6040 4954
4285 4956
3681 4957
4712 4958
6315 4962
4432 4963
5424 4965
4182 4966
6173 4968
4565 4970
4406 4971
4614 4973
5027 4975
4218 4976
4218 4979
4457 4980
5789 4981
5383 4982
5230 4983
4262 4985
5064 4988
5884 4991
4328 4992
5755 4994
5827 4995
4885 4998
1012 5003
5264 5004
6028 5006
5224 5007
5615 5008
4592 5009
4442 5011
5742 5016
5240 5017
4791 5023
5654 5027
6083 5028
4350 5029
6564 5032
5752 5035
5479 5038
5473 5039
4175 5040
5235 5041
4722 5042
4726 5043
6124 5044
4330 5051
5629 5052
4867 5053
4510 5054
5207 5055
5341 5058
4274 5059
5783 5060
6029 5061
5128 5062
5054 5064
1585 5066
4617 5068
5002 5070
5311 5072
6029 5073
5169 5074
4172 5075
5062 5076
5495 5077
6127 5080
5683 5083
3424 5086
6106 5091
5008 5094
6142 5097
4260 5098
4225 5101
5821 5102
4312 5105
4527 5106
5196 5107
4645 5109
5993 5110
5621 5111
4036 5112
5516 5113
4260 5115
4421 5116
5224 5117
5269 5119
6029 5120
5027 5122
5016 5123
5747 5125
6008 5127
4999 5128
5511 5130
5726 5131
4296 5134
5218 5140
4709 5142
5511 5143
5018 5145
4682 5152
6106 5154
4539 5159
5645 5160
4350 5162
4693 5163
4645 5167
5359 5173
1291 5174
4812 5175
6106 5176
5797 5180
6083 5181
4762 5184
5630 5185
5189 5189
4262 5193
4944 5199
3389 5202
4991 5203
6177 5210
4182 5211
4379 5212
4229 5214
5738 5216
4058 5218
6161 5219
5704 5220
5012 5221
5797 5222
4464 5223
4917 5226
5485 5228
4844 5229
5286 5230
5562 5234
4759 5238
5239 5239
5240 5240
5586 5242
4946 5246
5663 5248
4821 5249
4867 5251
5190 5253
4241 5256
4748 5257
4555 5264
5156 5265
4699 5276
3205 5277
4182 5279
5988 5280
4262 5281
5426 5283
5848 5285
4060 5286
5469 5290
5440 5292
5295 5295
5553 5297
5490 5299
5300 5300
4648 5302
4810 5306
5054 5308
3205 5309
1729 5311
3484 5313
5721 5314
6330 5315
5782 5317
4672 5319
5934 5320
5328 5328
5445 5332
4762 5333
5985 5334
3859 5335
5035 5336
5224 5340
5601 5342
5544 5347
5566 5349
5096 5350
5549 5353
4585 5354
6199 5358
4581 5359
4495 5360
6029 5362
5748 5364
5426 5368
5783 5373
5169 5375
2833 5377
5380 5380
6048 5384
5728 5387
1291 5388
4698 5389
5695 5391
5479 5393
5783 5394
4540 5399
4821 5401
4916 5405
4721 5407
5410 5410
4325 5412
6072 5414
5876 5416
4555 5419
6164 5421
4418 5422
6045 5430
5157 5434
4989 5435
6083 5436
4171 5437
5683 5438
6192 5439
4762 5443
5783 5444
5145 5446
5447 5447
5445 5450
6833 5457
4497 5458
5270 5459
4699 5460
4699 5462
5314 5464
4617 5469
5012 5471
5235 5472
6127 5473
5926 5479
5630 5480
5655 5482
5117 5483
4414 5485
6129 5490
4467 5495
4916 5496
5321 5501
5196 5506
6133 5508
6113 5514
6153 5517
5291 5522
4713 5523
4964 5524
5029 5527
5344 5532
4421 5535
6079 5536
1369 5538
5327 5542
5838 5549
5753 5552
4724 5553
5893 5554
4334 5555
5783 5558
4986 5560
4708 5561
5926 5564
4230 5566
5070 5567
4437 5570
4520 5572
5989 5575
6003 5578
5579 5579
5583 5583
5802 5590
5134 5591
2833 5594
4671 5595
5300 5596
4493 5599
6119 5601
5706 5602
6102 5603
6028 5605
4713 5610
4229 5612
5797 5613
5783 5614
4295 5618
5783 5620
4521 5621
5663 5622
5683 5624
5173 5625
5226 5626
4270 5631
5469 5632
4318 5633
4690 5639
5076 5640
6028 5642
5982 5645
5143 5646
4351 5648
4400 5652
6633 5654
5002 5657
5275 5658
5714 5663
4699 5667
5324 5668
6171 5670
5806 5671
6150 5672
5311 5673
4672 5675
3873 5676
4806 5683
6151 5685
4071 5687
4427 5689
5985 5695
6072 5696
4652 5697
6158 5702
5703 5703
5027 5705
5706 5706
1194 5711
4618 5712
4713 5716
5319 5717
2040 5719
5152 5720
4199 5722
5035 5725
4705 5728
4758 5729
5683 5735
4370 5737
4549 5740
6319 5741
4760 5743
4214 5748
4762 5751
4219 5752
5496 5753
4699 5754
5498 5755
5885 5756
4944 5757
4521 5758
5384 5770
5279 5771
4821 5774
6088 5775
5579 5780
4798 5782
4635 5784
4411 5788
4613 5790
6130 5791
6587 5794
4412 5799
3007 5800
4241 5804
5830 5806
5964 5807
6179 5812
4912 5813
5096 5816
4013 5819
6106 5823
4210 5824
3870 5826
5532 5827
4171 5828
4354 5829
5985 5833
4828 5834
4669 5835
5993 5837
5195 5838
5062 5842
3734 5845
5240 5850
4225 5851
4521 5859
5889 5860
5389 5861
6587 5863
5511 5869
5230 5870
4771 5871
4713 5872
6523 5881
1291 5882
5523 5884
4405 5885
5889 5888
5728 5896
4318 5898
4472 5900
5293 5902
4187 5904
5175 5912
4071 5913
4714 5915
5044 5918
4320 5920
5094 5925
4574 5926
6075 5928
4687 5929
6849 5930
5288 5934
4713 5936
5295 5939
4212 5941
5532 5942
3989 5944
2726 5946
5327 5947
4713 5949
4464 5950
4201 5953
4812 5954
5783 5955
4521 5957
6103 5958
4713 5959
4891 5962
4281 5964
4879 5967
5982 5968
5838 5970
5926 5975
4991 5977
5107 5982
4867 5986
6062 5988
4263 5994
4433 5997
5701 5998
5808 5999
5575 6000
6122 6001
4832 6002
4929 6003
5286 6004
4521 6005
5783 6019
6020 6020
3389 6029
6161 6030
4070 6032
5096 6037
5473 6038
5012 6042
5162 6043
3148 6044
5789 6047
5926 6051
5637 6055
5976 6057
5464 6058
5485 6060
4770 6063
5725 6064
4342 6066
5153 6067
5783 6070
5287 6072
4713 6073
5240 6074
5530 6076
1369 6077
4699 6078
4411 6079
5557 6080
5663 6081
5899 6083
2993 6084
5068 6086
5952 6090
6024 6095
6198 6099
4274 6101
5436 6102
3989 6103
1875 6104
5215 6108
5096 6112
4400 6113
5555 6120
6633 6121
4539 6123
4324 6126
6045 6128
1888 6129
5728 6130
4431 6131
5239 6132
5990 6134
4218 6137
4484 6138
5360 6140
5122 6142
5421 6143
5049 6144
5495 6149
5926 6155
5415 6164
5630 6168
5172 6169
5081 6170
5598 6171
5810 6172
6088 6173
3955 6179
5108 6180
5289 6182
4960 6186
5687 6187
6188 6188
5227 6189
4247 6191
5683 6195
5655 6197
4124 6209
3254 6216
1861 6217
6703 6219
2556 6221
1922 6223
4879 6225
6851 6227
1345 6231
4312 6232
73 6233
5837 6240
360 6244
2418 6245
1086 6248
6316 6249
3836 6253
1565 6255
5571 6260
1086 6262
3843 6263
1317 6267
1576 6269
3448 6272
848 6277
5427 6278
4792 6279
266 6282
2473 6289
1346 6290
1668 6297
3512 6299
6301 6301
884 6303
6770 6305
2252 6309
2729 6311
5774 6318
3187 6323
5347 6324
933 6326
3615 6327
2683 6328
3898 6329
355 6335
248 6338
1152 6342
5783 6348
1554 6349
2961 6362
2034 6364
1611 6370
4789 6374
880 6390
2947 6394
2468 6405
2954 6409
3563 6413
2054 6414
41 6415
331 6416
1524 6422
1811 6424
1632 6426
105 6430
1649 6431
2888 6432
648 6440
2058 6443
360 6451
1086 6453
2954 6455
543 6456
5783 6462
5783 6463
2802 6466
3661 6468
2472 6470
658 6473
2726 6475
2515 6477
374 6478
5275 6487
42 6490
4318 6494
5783 6497
6236 6499
118 6502
259 6505
591 6507
1279 6508
6645 6509
3922 6518
1138 6519
956 6521
2794 6525
1528 6526
2730 6532
5769 6538
2349 6539
736 6541
1874 6546
1919 6548
1638 6551
1186 6557
6561 6561
5075 6565
1611 6566
1325 6568
1449 6569
3476 6576
2573 6579
1763 6582
4627 6587
2791 6588
5327 6594
4709 6595
2886 6596
889 6597
6242 6600
4497 6602
3047 6603
6457 6605
1863 6610
306 6618
6792 6619
2525 6623
187 6624
2399 6629
4599 6634
1670 6636
3159 6639
1086 6640
6613 6642
2183 6647
5683 6648
5094 6651
3246 6657
1413 6660
1357 6661
91 6664
4521 6668
82 6670
6723 6673
4916 6675
1074 6685
6416 6686
3631 6688
2550 6690
1291 6694
6118 6702
6761 6704
1763 6709
2222 6715
1607 6717
3243 6718
3519 6719
4206 6721
1435 6723
2749 6727
2541 6729
6695 6735
1502 6736
1887 6739
419 6742
1086 6747
3458 6748
81 6755
1427 6757
4166 6762
6666 6764
2692 6766
2458 6767
1986 6769
6714 6770
2285 6773
2285 6775
6246 6780
1621 6784
3594 6785
411 6789
6305 6791
6332 6795
6653 6797
6804 6804
98 6806
5802 6807
2124 6809
3919 6810
4819 6817
447 6818
646 6821
6649 6825
208 6829
1335 6836
499 6837
3875 6838
5118 6843
6388 6844
5390 6850
1296 6854
3463 6856
1720 6857
724 6858
1106 6862
2269 6866
2650 6868
1818 6879
6444 6880
5783 6883
2499 6885
