3776 3776
3773 3773
113 113
3777 3777
409 409
246 246
3754 3754
328 328
408 408
3855 3855
23 23
3753 3753
294 294
3853 3853
3843 3843
36 36
15 15
3851 3851
27 27
26 26
3548 3548
292 292
6271 6271
6276 6276
3701 3701
359 359
140 140
29 29
3547 3547
1907 1907
138 138
346 346
239 239
3850 3850
3756 3756
3543 3543
3806 3806
24 24
45 45
3056 3056
3929 3929
330 330
347 347
17 17
1999 1999
3788 3788
3560 3560
6248 6248
3652 3652
129 129
35 35
63 63
3588 3588
3925 3925
3643 3643
65 65
3640 3640
3703 3703
3949 3949
227 227
3576 3576
3739 3739
128 128
3858 3858
6278 6278
244 244
3936 3936
3926 3926
3833 3833
3927 3927
356 356
242 242
314 314
3798 3798
3530 3530
311 311
3825 3825
3861 3861
3590 3590
82 82
3951 3951
344 344
3592 3592
2793 2793
6269 6269
6247 6247
439 439
231 231
64 64
3620 3620
321 321
3586 3586
312 312
3824 3824
3577 3577
315 315
432 432
2797 2797
3793 3793
10 10
3828 3828
228 228
3823 3823
3631 3631
456 456
2810 2810
342 342
40 40
421 421
343 343
2808 2808
3705 3705
192 192
435 435
279 279
5367 5367
3653 3653
3637 3637
73 73
70 70
6264 6264
3555 3555
3933 3933
3829 3829
51 51
3561 3561
1905 1905
94 94
1906 1906
100 100
3546 3546
3750 3750
189 189
351 351
124 124
3583 3583
3617 3617
117 117
3579 3579
3516 3516
3584 3584
156 156
2801 2801
245 245
6246 6246
3566 3566
3604 3604
3608 3608
3609 3609
2794 2794
5675 5675
3601 3601
3743 3743
2780 2780
436 436
2383 2383
415 415
2795 2795
3553 3553
2294 2294
104 104
108 108
3570 3570
2388 2388
5594 5594
118 118
2173 2173
3611 3611
3613 3613
109 109
3571 3571
2375 2375
3667 3667
122 122
2491 2491
5463 5463
119 119
2289 2289
2268 2268
5458 5458
4 4
2167 2167
3655 3655
5603 5603
2152 2152
2499 2499
2127 2127
2482 2482
2775 2775
2369 2369
3704 3704
2498 2498
2005 2005
2263 2263
2511 2511
2274 2274
2493 2493
2135 2135
3908 3908
2052 2052
2049 2049
5845 5845
2130 2130
1 1
62 62
2470 2470
2377 2377
5535 5535
2471 2471
2140 2140
3567 3567
3568 3568
7 7
2485 2485
2400 2400
2367 2367
155 155
2475 2475
5840 5840
5750 5750
2261 2261
2150 2150
2608 2608
5536 5536
5517 5517
5708 5708
2180 2180
2484 2484
2007 2007
2357 2357
3518 3518
2124 2124
2164 2164
2258 2258
2046 2046
2395 2395
5674 5674
2500 2500
5589 5589
5624 5624
5724 5724
5590 5590
2598 2598
5625 5625
3910 3910
5950 5950
5828 5828
5721 5721
2221 2221
2044 2044
2278 2278
5630 5630
2062 2062
1984 1984
1995 1995
2606 2606
5951 5951
6238 6238
5848 5848
61 61
2506 2506
2193 2193
5844 5844
2595 2595
2118 2118
2393 2393
393 393
2210 2210
1983 1983
2061 2061
5641 5641
2175 2175
6067 6067
6231 6231
2614 2614
3706 3706
2616 2616
3648 3648
2596 2596
6056 6056
2600 2600
5634 5634
2594 2594
5933 5933
6057 6057
5838 5838
5936 5936
2588 2588
2081 2081
2094 2094
380 380
5698 5698
2205 2205
5930 5930
5932 5932
5939 5939
5953 5953
3661 3661
6055 6055
6073 6073
2095 2095
2239 2239
6058 6058
3886 3886
2602 2602
2591 2591
2507 2507
5538 5538
2586 2586
3046 3046
2515 2515
5935 5935
135 135
4005 4005
2610 2610
5468 5468
5522 5522
3672 3672
2623 2623
3707 3707
5938 5938
2197 2197
2030 2030
2280 2280
2172 2172
5445 5445
5631 5631
282 282
6054 6054
375 375
2624 2624
2037 2037
2027 2027
3906 3906
2080 2080
147 147
5539 5539
5542 5542
3163 3163
2254 2254
3647 3647
5648 5648
3816 3816
3884 3884
6076 6076
2632 2632
6077 6077
2523 2523
2519 2519
2146 2146
5637 5637
6044 6044
2627 2627
2144 2144
5619 5619
2011 2011
2682 2682
6064 6064
2012 2012
5452 5452
258 258
5581 5581
2639 2639
6079 6079
6084 6084
5684 5684
3883 3883
2086 2086
2670 2670
374 374
448 448
5632 5632
2202 2202
3673 3673
5665 5665
5978 5978
2233 2233
2685 2685
5977 5977
2245 2245
5529 5529
6082 6082
504 504
2231 2231
5862 5862
6081 6081
5678 5678
5741 5741
2036 2036
2272 2272
2684 2684
2688 2688
5986 5986
5499 5499
450 450
2650 2650
2687 2687
295 295
2533 2533
4001 4001
5697 5697
3889 3889
2567 2567
5852 5852
5980 5980
3708 3708
2636 2636
363 363
5979 5979
3960 3960
2550 2550
2560 2560
2652 2652
6029 6029
2643 2643
5985 5985
2544 2544
172 172
3685 3685
2282 2282
3877 3877
2648 2648
2558 2558
2215 2215
3888 3888
2216 2216
2677 2677
4022 4022
2035 2035
3692 3692
3782 3782
2114 2114
2675 2675
6083 6083
2302 2302
581 581
1986 1986
3691 3691
273 273
2299 2299
2457 2457
5987 5987
5646 5646
1766 1766
4028 4028
2441 2441
5855 5855
6143 6143
5745 5745
368 368
199 199
2279 2279
396 396
3487 3487
3874 3874
196 196
4020 4020
4011 4011
367 367
2022 2022
2689 2689
2092 2092
5988 5988
3049 3049
2665 2665
5484 5484
178 178
2572 2572
1764 1764
2654 2654
2432 2432
6095 6095
3976 3976
6147 6147
4004 4004
401 401
387 387
3955 3955
2646 2646
3645 3645
5497 5497
468 468
2010 2010
220 220
2671 2671
3962 3962
3694 3694
3899 3899
6090 6090
3887 3887
5474 5474
4050 4050
2545 2545
2537 2537
2559 2559
492 492
2662 2662
2295 2295
2657 2657
2536 2536
2694 2694
4029 4029
2663 2663
5742 5742
4008 4008
3733 3733
333 333
3488 3488
498 498
5869 5869
4062 4062
5532 5532
4014 4014
576 576
4023 4023
5706 5706
169 169
530 530
4048 4048
5236 5236
494 494
164 164
2346 2346
5994 5994
3717 3717
548 548
4006 4006
369 369
5709 5709
3493 3493
4033 4033
2541 2541
550 550
544 544
583 583
2431 2431
529 529
4044 4044
4013 4013
6884 6884
503 503
5487 5487
3870 3870
559 559
2017 2017
3900 3900
545 545
558 558
482 482
2288 2288
2230 2230
6005 6005
546 546
3988 3988
4039 4039
3967 3967
3990 3990
4038 4038
5526 5526
4071 4071
464 464
3979 3979
553 553
168 168
560 560
5991 5991
6033 6033
5996 5996
2456 2456
568 568
2326 2326
5903 5903
518 518
6006 6006
578 578
6039 6039
556 556
2317 2317
3050 3050
6040 6040
3873 3873
533 533
2312 2312
2433 2433
488 488
552 552
489 489
5734 5734
3437 3437
2316 2316
5679 5679
2308 2308
2449 2449
5802 5802
512 512
2427 2427
516 516
255 255
6160 6160
2250 2250
225 225
2107 2107
538 538
205 205
6024 6024
3359 3359
3695 3695
2330 2330
5235 5235
3360 3360
2253 2253
3338 3338
3986 3986
5664 5664
6162 6162
2423 2423
6125 6125
2306 2306
6002 6002
540 540
6139 6139
2351 2351
3796 3796
2434 2434
2324 2324
2087 2087
2325 2325
182 182
2315 2315
2311 2311
6115 6115
2318 2318
3892 3892
6153 6153
5806 5806
3735 3735
3307 3307
6157 6157
6154 6154
3358 3358
6159 6159
3361 3361
5495 5495
2698 2698
3362 3362
2448 2448
5807 5807
2700 2700
5783 5783
5527 5527
2321 2321
2467 2467
6175 6175
2468 2468
2340 2340
6834 6834
6135 6135
6838 6838
3354 3354
2425 2425
5689 5689
3368 3368
5767 5767
3442 3442
3718 3718
5777 5777
1924 1924
6737 6737
3255 3255
5791 5791
2701 2701
6165 6165
3283 3283
3228 3228
3229 3229
3365 3365
2713 2713
3273 3273
3278 3278
5812 5812
5897 5897
3292 3292
3270 3270
3267 3267
3316 3316
2715 2715
3902 3902
6599 6599
2466 2466
2429 2429
2464 2464
2435 2435
6794 6794
1962 1962
1559 1559
3371 3371
2109 2109
5794 5794
3253 3253
3289 3289
6848 6848
3249 3249
3251 3251
5811 5811
3243 3243
3237 3237
6841 6841
3266 3266
3367 3367
6600 6600
5789 5789
3305 3305
3241 3241
3812 3812
2444 2444
5813 5813
1918 1918
5799 5799
5879 5879
5691 5691
3254 3254
6817 6817
6598 6598
3288 3288
5668 5668
3280 3280
6758 6758
1951 1951
5521 5521
6731 6731
3219 3219
1556 1556
1586 1586
6727 6727
3246 3246
3302 3302
6778 6778
6807 6807
3281 3281
5880 5880
6754 6754
2874 2874
6793 6793
6842 6842
6844 6844
1557 1557
3317 3317
6172 6172
6832 6832
6791 6791
6770 6770
1573 1573
5569 5569
6750 6750
5702 5702
6170 6170
3223 3223
6602 6602
6839 6839
1608 1608
3225 3225
2711 2711
6830 6830
5814 5814
3314 3314
1618 1618
1587 1587
1949 1949
6762 6762
6785 6785
1575 1575
6797 6797
1553 1553
6862 6862
3421 3421
3373 3373
1451 1451
6831 6831
6739 6739
6609 6609
1741 1741
1966 1966
6856 6856
3397 3397
1572 1572
3131 3131
5800 5800
3381 3381
6704 6704
6850 6850
3329 3329
3380 3380
6809 6809
1940 1940
3238 3238
1925 1925
2740 2740
1681 1681
6696 6696
3813 3813
3444 3444
6733 6733
3407 3407
1227 1227
3445 3445
6853 6853
1278 1278
2733 2733
1628 1628
6829 6829
6784 6784
1163 1163
5567 5567
1609 1609
6828 6828
6663 6663
6827 6827
1653 1653
1277 1277
1727 1727
3447 3447
1164 1164
1977 1977
6662 6662
6678 6678
1916 1916
1692 1692
3414 3414
1598 1598
6665 6665
6746 6746
2763 2763
6688 6688
3417 3417
6860 6860
6606 6606
1595 1595
6756 6756
6643 6643
1498 1498
1680 1680
1567 1567
6611 6611
1974 1974
1968 1968
4650 4650
1579 1579
6613 6613
6659 6659
1576 1576
1620 1620
2762 2762
6824 6824
6706 6706
3201 3201
1601 1601
1700 1700
6657 6657
6666 6666
1568 1568
6859 6859
6868 6868
6718 6718
4367 4367
6637 6637
3207 3207
6788 6788
6607 6607
1738 1738
3664 3664
3393 3393
5901 5901
1939 1939
2751 2751
1912 1912
6865 6865
214 214
6783 6783
1475 1475
6854 6854
1571 1571
3452 3452
3390 3390
3235 3235
6714 6714
6725 6725
1603 1603
6869 6869
4651 4651
6715 6715
1708 1708
1614 1614
6787 6787
1647 1647
5609 5609
1140 1140
4760 4760
3392 3392
1695 1695
6626 6626
3132 3132
6631 6631
6334 6334
3204 3204
1724 1724
6721 6721
1619 1619
6623 6623
3242 3242
6638 6638
1625 1625
6724 6724
1561 1561
1914 1914
6801 6801
5406 5406
1652 1652
6597 6597
5378 5378
880 880
5381 5381
4705 4705
1699 1699
2101 2101
1546 1546
4948 4948
6592 6592
6644 6644
1627 1627
3766 3766
6620 6620
6585 6585
3431 3431
2722 2722
1942 1942
5080 5080
6193 6193
1591 1591
3384 3384
6224 6224
6639 6639
3234 3234
5881 5881
1722 1722
5004 5004
6209 6209
6212 6212
1663 1663
6195 6195
881 881
6605 6605
217 217
6210 6210
4709 4709
6767 6767
3456 3456
5440 5440
3216 3216
3217 3217
6719 6719
1353 1353
6591 6591
3295 3295
4693 4693
3429 3429
6225 6225
1972 1972
1661 1661
1649 1649
5079 5079
6229 6229
5099 5099
1707 1707
3399 3399
3388 3388
3323 3323
1359 1359
5705 5705
1646 1646
3396 3396
1660 1660
302 302
5081 5081
1354 1354
3196 3196
3461 3461
3423 3423
3719 3719
3195 3195
6200 6200
5890 5890
399 399
6227 6227
2721 2721
5927 5927
1749 1749
5896 5896
6589 6589
1515 1515
6577 6577
1363 1363
1221 1221
3465 3465
2728 2728
1937 1937
3457 3457
652 652
3425 3425
5078 5078
1712 1712
936 936
3333 3333
1600 1600
6578 6578
5095 5095
3389 3389
3460 3460
1137 1137
6196 6196
3190 3190
1662 1662
5191 5191
252 252
6179 6179
3325 3325
3335 3335
3148 3148
6633 6633
6615 6615
3206 3206
5438 5438
2718 2718
5005 5005
3385 3385
5192 5192
3386 3386
1584 1584
5075 5075
4606 4606
1687 1687
1534 1534
3194 3194
5387 5387
1684 1684
6191 6191
5441 5441
1748 1748
5198 5198
5090 5090
6693 6693
669 669
3179 3179
942 942
1704 1704
6617 6617
6207 6207
3177 3177
3334 3334
1162 1162
215 215
601 601
3197 3197
5410 5410
1689 1689
1709 1709
3728 3728
6587 6587
5379 5379
5572 5572
3172 3172
3044 3044
1703 1703
4644 4644
5429 5429
3183 3183
788 788
3321 3321
5197 5197
1745 1745
1678 1678
5131 5131
1746 1746
6588 6588
687 687
5089 5089
3193 3193
5168 5168
933 933
391 391
5166 5166
1275 1275
6548 6548
3144 3144
4623 4623
1683 1683
5041 5041
400 400
691 691
5157 5157
1122 1122
5053 5053
5113 5113
1688 1688
5130 5130
3320 3320
5051 5051
5370 5370
253 253
1657 1657
3059 3059
5047 5047
3037 3037
1900 1900
1255 1255
4622 4622
5202 5202
5132 5132
5152 5152
5195 5195
1192 1192
3043 3043
5163 5163
3077 3077
5393 5393
1254 1254
5045 5045
671 671
3032 3032
4609 4609
5179 5179
705 705
1421 1421
1311 1311
1133 1133
5174 5174
5086 5086
1121 1121
1062 1062
5056 5056
5211 5211
1375 1375
6332 6332
1670 1670
6563 6563
1001 1001
5036 5036
4621 4621
6564 6564
927 927
678 678
846 846
3076 3076
3918 3918
5069 5069
1377 1377
2877 2877
868 868
2858 2858
2919 2919
1350 1350
1257 1257
1136 1136
677 677
5201 5201
4174 4174
5117 5117
1037 1037
4646 4646
5122 5122
1061 1061
5196 5196
4737 4737
1129 1129
1120 1120
4762 4762
2927 2927
1449 1449
1755 1755
1799 1799
1000 1000
4814 4814
631 631
1191 1191
1126 1126
256 256
1795 1795
3168 3168
996 996
912 912
816 816
1006 1006
594 594
988 988
937 937
4836 4836
1798 1798
3107 3107
995 995
5015 5015
1638 1638
211 211
1391 1391
1026 1026
384 384
210 210
1040 1040
1156 1156
855 855
1125 1125
2926 2926
1800 1800
3169 3169
2856 2856
4593 4593
1753 1753
6533 6533
1796 1796
5083 5083
4604 4604
676 676
1169 1169
1523 1523
3063 3063
2920 2920
1758 1758
4405 4405
4158 4158
1064 1064
5116 5116
1128 1128
1488 1488
632 632
570 570
1190 1190
5153 5153
986 986
3067 3067
1194 1194
831 831
815 815
1787 1787
1200 1200
919 919
3036 3036
1014 1014
3688 3688
3689 3689
4697 4697
4602 4602
4607 4607
822 822
4428 4428
1003 1003
3098 3098
2911 2911
1780 1780
4738 4738
3116 3116
3109 3109
3108 3108
5125 5125
4794 4794
1093 1093
1065 1065
5234 5234
4740 4740
1004 1004
840 840
6537 6537
5220 5220
1490 1490
802 802
1013 1013
3500 3500
4413 4413
5252 5252
5248 5248
3759 3759
3150 3150
1345 1345
3113 3113
2910 2910
425 425
1506 1506
2821 2821
5251 5251
1035 1035
6538 6538
1481 1481
610 610
4100 4100
1673 1673
3078 3078
808 808
5186 5186
1526 1526
6410 6410
3029 3029
4820 4820
6477 6477
857 857
6466 6466
1337 1337
3104 3104
2925 2925
1486 1486
970 970
843 843
6333 6333
1756 1756
1485 1485
901 901
3112 3112
6525 6525
1483 1483
4813 4813
1406 1406
3139 3139
2897 2897
2829 2829
1159 1159
5255 5255
3121 3121
1525 1525
1182 1182
841 841
981 981
4868 4868
1505 1505
4757 4757
1387 1387
4846 4846
5291 5291
1479 1479
1107 1107
4688 4688
2855 2855
4217 4217
923 923
4865 4865
1116 1116
1769 1769
987 987
1464 1464
726 726
6569 6569
720 720
1149 1149
622 622
1674 1674
801 801
914 914
6529 6529
5101 5101
693 693
5292 5292
1327 1327
4806 4806
6369 6369
2833 2833
1089 1089
1462 1462
5314 5314
4696 4696
2853 2853
2868 2868
1482 1482
2846 2846
1188 1188
1390 1390
3090 3090
1369 1369
1025 1025
6376 6376
177 177
882 882
2950 2950
3511 3511
1112 1112
3152 3152
3153 3153
1280 1280
924 924
1480 1480
4918 4918
6449 6449
1461 1461
5244 5244
991 991
1499 1499
973 973
932 932
1090 1090
2898 2898
6510 6510
4687 4687
1010 1010
798 798
823 823
6450 6450
4329 4329
6479 6479
721 721
5189 5189
6368 6368
1265 1265
3088 3088
4827 4827
2831 2831
4084 4084
2884 2884
3134 3134
4115 4115
1831 1831
2819 2819
412 412
6874 6874
6370 6370
1529 1529
1883 1883
1821 1821
667 667
2848 2848
4167 4167
1528 1528
1108 1108
6571 6571
6572 6572
6316 6316
2892 2892
903 903
1214 1214
620 620
1460 1460
2899 2899
839 839
2841 2841
4290 4290
6375 6375
5282 5282
6508 6508
4922 4922
4177 4177
1881 1881
926 926
6282 6282
4114 4114
3136 3136
4356 4356
4412 4412
6388 6388
4730 4730
4562 4562
6446 6446
1251 1251
4729 4729
249 249
1077 1077
1396 1396
1118 1118
4166 4166
6389 6389
2914 2914
6319 6319
4615 4615
729 729
4978 4978
5256 5256
1830 1830
1466 1466
4407 4407
4317 4317
6560 6560
1111 1111
6381 6381
4958 4958
5143 5143
1458 1458
4424 4424
3507 3507
836 836
3133 3133
4500 4500
593 593
1371 1371
3085 3085
4879 4879
1459 1459
3120 3120
621 621
5290 5290
1230 1230
6559 6559
1007 1007
3087 3087
4149 4149
6526 6526
974 974
905 905
1071 1071
1409 1409
786 786
4543 4543
2984 2984
4747 4747
4953 4953
4485 4485
4125 4125
6281 6281
6383 6383
4488 4488
1784 1784
4991 4991
4117 4117
5262 5262
4458 4458
1235 1235
4277 4277
4503 4503
4901 4901
1261 1261
1048 1048
4992 4992
3472 3472
2998 2998
902 902
4372 4372
4634 4634
853 853
1291 1291
6509 6509
1175 1175
4935 4935
4831 4831
4150 4150
1167 1167
1073 1073
6305 6305
1115 1115
1045 1045
3081 3081
851 851
1539 1539
4682 4682
6516 6516
4481 4481
3014 3014
6561 6561
1178 1178
5259 5259
1017 1017
4502 4502
1171 1171
4155 4155
2825 2825
4238 4238
4528 4528
4387 4387
4776 4776
4538 4538
1047 1047
955 955
1180 1180
6566 6566
6486 6486
6340 6340
636 636
1044 1044
4285 4285
6302 6302
944 944
884 884
1098 1098
4934 4934
6513 6513
4459 4459
848 848
1874 1874
6507 6507
4537 4537
904 904
4386 4386
6346 6346
4754 4754
4379 4379
587 587
2913 2913
6878 6878
4930 4930
1027 1027
4493 4493
4631 4631
5265 5265
4337 4337
957 957
3020 3020
6288 6288
5225 5225
1101 1101
4110 4110
4321 4321
958 958
5295 5295
4816 4816
1478 1478
4580 4580
3129 3129
6511 6511
4340 4340
1270 1270
3094 3094
4210 4210
4989 4989
641 641
3505 3505
4746 4746
4494 4494
1100 1100
6567 6567
4134 4134
784 784
4962 4962
4352 4352
1055 1055
4240 4240
946 946
4461 4461
4951 4951
4135 4135
4550 4550
4282 4282
4663 4663
3019 3019
4968 4968
6475 6475
764 764
5329 5329
6303 6303
6872 6872
4497 4497
4629 4629
4495 4495
4533 4533
6392 6392
892 892
1185 1185
4469 4469
4749 4749
4571 4571
4985 4985
4470 4470
4844 4844
1411 1411
4436 4436
1141 1141
1236 1236
875 875
6429 6429
1864 1864
952 952
3125 3125
4389 4389
2932 2932
4127 4127
947 947
873 873
4641 4641
4573 4573
4575 4575
6554 6554
1187 1187
2880 2880
4452 4452
4454 4454
4973 4973
4131 4131
4396 4396
4950 4950
6327 6327
6546 6546
4628 4628
4672 4672
4335 4335
4941 4941
4568 4568
4582 4582
4446 4446
4711 4711
