6745 0
1 1
1292 2
4 4
3849 5
7 7
968 8
651 9
10 10
2313 11
6548 12
2946 13
15 15
17 17
2051 20
4229 22
23 23
24 24
26 26
27 27
3773 28
29 29
6805 33
35 35
36 36
40 40
3810 43
45 45
5705 46
2419 47
1973 50
51 51
1849 53
1705 58
2729 59
61 61
62 62
63 63
64 64
65 65
1225 66
3629 67
70 70
73 73
3693 75
4003 77
244 78
6406 81
82 82
1215 83
94 94
1182 98
100 100
3117 102
104 104
2966 105
108 108
109 109
581 111
113 113
476 114
4984 115
117 117
118 118
119 119
3025 120
6254 121
122 122
124 124
1023 125
3794 127
128 128
129 129
3059 130
476 132
6412 133
135 135
138 138
2845 139
140 140
241 141
270 145
1692 146
147 147
971 149
6044 150
2923 151
155 155
156 156
485 157
3550 161
2377 163
164 164
6548 166
168 168
169 169
172 172
3491 176
177 177
178 178
2001 180
3329 181
182 182
189 189
6838 190
192 192
196 196
199 199
1017 200
1593 201
695 202
205 205
6691 206
5985 209
210 210
211 211
4221 213
214 214
215 215
217 217
220 220
225 225
227 227
228 228
2401 230
231 231
1527 234
1477 238
239 239
578 241
242 242
244 244
245 245
246 246
5364 248
249 249
252 252
253 253
4766 254
255 255
256 256
258 258
3896 259
1816 266
4271 270
2676 271
4200 272
273 273
279 279
2781 280
282 282
4049 287
292 292
294 294
295 295
856 298
3629 301
302 302
3284 308
6492 310
311 311
312 312
314 314
315 315
320 320
321 321
322 322
2302 323
1272 324
325 325
326 326
328 328
330 330
1768 332
333 333
2719 337
6724 338
3041 340
283 341
342 342
343 343
344 344
346 346
347 347
351 351
4147 352
3863 355
356 356
359 359
363 363
4369 366
367 367
368 368
369 369
523 371
374 374
375 375
2397 376
380 380
1680 382
384 384
387 387
3794 388
391 391
416 392
393 393
396 396
889 397
399 399
400 400
401 401
897 407
408 408
409 409
3425 410
370 411
412 412
2980 413
6719 414
415 415
3117 417
2813 419
421 421
6253 423
503 424
425 425
429 429
5118 431
432 432
6870 434
435 435
436 436
3204 437
438 438
439 439
2904 442
270 443
2380 444
448 448
450 450
3364 454
456 456
489 457
3132 459
4505 460
6338 462
464 464
466 466
468 468
1434 469
1315 471
2896 476
3575 477
4949 478
2076 479
482 482
167 484
488 488
489 489
5677 490
492 492
6386 493
494 494
498 498
3227 502
503 503
504 504
507 507
2392 508
511 511
512 512
1818 513
514 514
516 516
518 518
3391 521
3933 524
529 529
530 530
533 533
538 538
539 539
540 540
2440 542
3901 543
544 544
545 545
546 546
548 548
3095 549
550 550
552 552
553 553
556 556
558 558
559 559
560 560
3471 564
12 567
568 568
2937 569
570 570
439 571
576 576
578 578
581 581
583 583
585 585
586 586
587 587
6795 589
591 591
593 593
594 594
2187 595
1207 598
803 599
601 601
602 602
603 603
605 605
607 607
608 608
610 610
1883 611
3474 613
2815 616
620 620
621 621
622 622
4042 624
631 631
632 632
4098 634
4461 635
636 636
6337 637
6640 638
640 640
641 641
644 644
643 646
648 648
3425 649
650 650
652 652
4095 653
6485 657
1289 659
5500 660
1998 663
1208 665
667 667
669 669
671 671
4693 672
674 674
676 676
677 677
678 678
2481 681
660 682
3664 685
687 687
1215 689
3052 690
691 691
538 692
693 693
6872 694
696 696
632 697
699 699
700 700
704 704
705 705
3599 707
5983 709
710 710
5636 712
715 715
604 718
720 720
721 721
723 723
726 726
729 729
5059 730
651 731
1091 736
739 739
741 741
743 743
656 746
6665 748
4963 750
754 754
758 758
759 759
760 760
761 761
6614 762
764 764
521 766
1955 769
771 771
773 773
3245 774
4892 776
2878 777
2896 780
781 781
782 782
783 783
784 784
786 786
394 787
788 788
732 791
4135 793
3957 794
3459 795
798 798
801 801
802 802
2443 803
805 805
2669 806
808 808
497 809
811 811
3123 813
815 815
816 816
818 818
819 819
2408 820
822 822
823 823
829 829
831 831
1025 832
3484 834
836 836
839 839
840 840
841 841
1662 842
843 843
846 846
848 848
2813 849
709 850
851 851
853 853
4773 854
855 855
2330 856
857 857
1731 858
1225 860
244 861
1946 863
789 864
868 868
873 873
875 875
3768 876
4111 879
880 880
881 881
882 882
884 884
3717 886
2181 888
892 892
4887 893
895 895
901 901
902 902
903 903
904 904
905 905
3569 907
912 912
1480 913
914 914
3560 916
6317 917
919 919
923 923
924 924
926 926
927 927
4875 930
932 932
933 933
936 936
937 937
6008 938
942 942
944 944
946 946
947 947
1559 949
3647 950
952 952
955 955
957 957
958 958
6354 962
5038 963
2186 967
970 970
5537 972
973 973
974 974
4063 976
6724 978
6280 980
981 981
3064 984
986 986
987 987
988 988
991 991
2393 992
995 995
996 996
6571 997
1000 1000
1001 1001
1003 1003
1004 1004
1006 1006
1007 1007
1010 1010
1013 1013
1014 1014
6810 1016
1017 1017
6634 1020
2694 1022
3639 1023
1025 1025
1026 1026
1027 1027
3596 1032
1864 1033
1035 1035
3832 1036
1037 1037
6177 1039
1040 1040
241 1042
6781 1043
1044 1044
1045 1045
1047 1047
1048 1048
2014 1050
3491 1053
1055 1055
3742 1058
5894 1060
1061 1061
1062 1062
1064 1064
1065 1065
1280 1068
4901 1069
1071 1071
1073 1073
3313 1074
3179 1075
1077 1077
802 1085
1217 1086
3531 1087
656 1088
1089 1089
1090 1090
268 1091
789 1092
1093 1093
3794 1097
1098 1098
1100 1100
1101 1101
1597 1102
1858 1105
1107 1107
1108 1108
3124 1110
1111 1111
1112 1112
1115 1115
1116 1116
1118 1118
1120 1120
1121 1121
1122 1122
3397 1123
2669 1124
1125 1125
1126 1126
1128 1128
1129 1129
4705 1131
1133 1133
2365 1135
1136 1136
1137 1137
1140 1140
1141 1141
6868 1145
1149 1149
1771 1151
4799 1153
1498 1155
1156 1156
1159 1159
1162 1162
1163 1163
1164 1164
3117 1165
1167 1167
2686 1168
1169 1169
1171 1171
1175 1175
1178 1178
1180 1180
1182 1182
1858 1183
1185 1185
6018 1186
1187 1187
1188 1188
464 1189
1190 1190
1191 1191
1192 1192
1194 1194
6629 1196
3646 1197
1199 1199
1200 1200
1513 1201
2705 1202
1312 1208
1214 1214
3127 1215
1221 1221
1217 1222
6170 1225
1227 1227
5069 1229
1230 1230
1235 1235
1236 1236
1238 1238
1239 1239
1240 1240
1241 1241
1243 1243
1251 1251
1253 1253
1254 1254
1255 1255
1257 1257
5127 1260
1261 1261
2878 1262
2961 1264
1265 1265
667 1269
1270 1270
2393 1271
3117 1273
1275 1275
1277 1277
1278 1278
1280 1280
1455 1283
2227 1284
3794 1285
3585 1286
2417 1288
1289 1289
3540 1290
1291 1291
1292 1292
133 1296
464 1297
1299 1299
1302 1302
1304 1304
2128 1305
1678 1306
4105 1309
1311 1311
1312 1312
1374 1313
3651 1316
1657 1319
651 1325
1102 1326
1327 1327
1330 1330
1150 1331
2546 1333
2408 1335
1337 1337
1342 1342
439 1344
1345 1345
1272 1348
165 1349
1350 1350
1353 1353
1354 1354
1671 1355
1356 1356
1092 1357
1358 1358
1359 1359
656 1360
3411 1362
1363 1363
651 1365
4373 1368
1369 1369
1371 1371
1375 1375
1377 1377
2468 1378
1382 1382
1386 1386
1387 1387
5470 1388
1390 1390
1391 1391
1393 1393
1396 1396
2388 1402
1403 1403
2488 1405
1406 1406
1407 1407
103 1408
1409 1409
291 1410
1411 1411
477 1413
1414 1414
1416 1416
1417 1417
1418 1418
1419 1419
1421 1421
829 1424
83 1425
6249 1426
2961 1429
2083 1432
1433 1433
1434 1434
2603 1437
2923 1438
1329 1439
645 1440
3016 1447
1449 1449
1451 1451
1527 1455
5624 1456
1458 1458
1459 1459
1460 1460
1461 1461
1462 1462
1464 1464
1466 1466
6103 1468
244 1471
1622 1474
1475 1475
6845 1477
1478 1478
1479 1479
1480 1480
1481 1481
1482 1482
1483 1483
1485 1485
1486 1486
1488 1488
1490 1490
1493 1493
2030 1496
1498 1498
1499 1499
4179 1500
2061 1503
1505 1505
1506 1506
3019 1508
1970 1509
1514 1514
1515 1515
1610 1517
1622 1518
2669 1521
609 1522
1523 1523
1525 1525
1526 1526
1528 1528
1529 1529
5777 1531
2183 1533
1534 1534
1535 1535
1537 1537
1538 1538
1539 1539
1540 1540
1541 1541
476 1544
1545 1545
1546 1546
1553 1553
971 1555
1556 1556
1557 1557
1559 1559
6407 1560
1561 1561
1567 1567
1568 1568
1571 1571
1572 1572
1573 1573
1575 1575
1576 1576
2967 1577
1579 1579
1374 1582
2733 1583
1584 1584
1586 1586
1587 1587
777 1590
1591 1591
1595 1595
5284 1596
1550 1597
1598 1598
877 1599
1600 1600
1601 1601
4120 1602
1603 1603
2380 1604
1608 1608
1609 1609
1614 1614
1618 1618
1619 1619
1620 1620
4132 1621
1625 1625
1627 1627
1628 1628
3009 1629
5283 1633
3907 1636
1637 1637
1638 1638
1137 1641
1970 1642
1646 1646
1647 1647
1649 1649
1094 1650
1652 1652
1653 1653
822 1655
1657 1657
1660 1660
1661 1661
1662 1662
1663 1663
1388 1666
1035 1667
1670 1670
882 1671
1673 1673
1674 1674
65 1677
1678 1678
1680 1680
1681 1681
2363 1682
1683 1683
1684 1684
1687 1687
1688 1688
1689 1689
1039 1690
3675 1691
1692 1692
1695 1695
5386 1696
1699 1699
1700 1700
1703 1703
1704 1704
4238 1705
1707 1707
1708 1708
1709 1709
2726 1711
1712 1712
4179 1715
3061 1716
1722 1722
1724 1724
515 1725
1727 1727
5913 1728
2581 1732
1880 1734
1735 1735
1737 1737
1738 1738
1741 1741
6418 1743
1745 1745
1746 1746
1748 1748
1749 1749
1315 1751
1753 1753
5190 1754
1755 1755
1756 1756
2663 1757
1758 1758
1759 1759
1761 1761
1764 1764
1766 1766
1769 1769
1946 1770
1711 1771
2326 1778
1780 1780
2892 1782
1784 1784
1787 1787
6536 1792
1795 1795
1796 1796
1798 1798
1799 1799
1800 1800
5195 1807
1809 1809
1962 1813
1814 1814
3263 1815
476 1819
1821 1821
2649 1822
1830 1830
1831 1831
6276 1832
1833 1833
6611 1836
793 1837
1838 1838
1843 1843
6462 1845
6827 1846
2445 1847
6378 1848
1108 1849
376 1850
1854 1854
1855 1855
1856 1856
1857 1857
724 1859
1860 1860
2193 1861
1863 1863
1864 1864
167 1865
3117 1869
1870 1870
477 1872
1874 1874
1876 1876
5984 1877
65 1878
1880 1880
1881 1881
1559 1882
1883 1883
3235 1884
3810 1885
1886 1886
5272 1887
3308 1888
3794 1894
1896 1896
1897 1897
1898 1898
1360 1899
1900 1900
2552 1902
6639 1903
1904 1904
1905 1905
1906 1906
1907 1907
3616 1910
1912 1912
1914 1914
1954 1915
1916 1916
3174 1917
1918 1918
5463 1919
6388 1920
3725 1923
1924 1924
1925 1925
1927 1927
1928 1928
3772 1929
1932 1932
1933 1933
1934 1934
1937 1937
1938 1938
1939 1939
1940 1940
1942 1942
6667 1946
1949 1949
1954 1950
1951 1951
3745 1955
6449 1956
3907 1960
1981 1961
1962 1962
5723 1963
2143 1965
1966 1966
1968 1968
1972 1972
1974 1974
1977 1977
623 1981
5500 1982
1983 1983
1984 1984
1986 1986
4636 1988
921 1992
1995 1995
3154 1996
2699 1998
1999 1999
3025 2002
2005 2005
2007 2007
2781 2009
2010 2010
2011 2011
2012 2012
2017 2017
1812 2018
2022 2022
6235 2025
2027 2027
4017 2029
2030 2030
2031 2031
404 2034
2035 2035
2036 2036
2037 2037
3117 2040
1473 2042
2044 2044
2046 2046
2049 2049
319 2050
2052 2052
3062 2056
2836 2060
2061 2061
2062 2062
6016 2063
2380 2066
4548 2067
1149 2069
6470 2072
3804 2073
1127 2075
856 2076
3117 2077
2080 2080
2081 2081
2086 2086
2087 2087
2088 2088
5833 2091
2092 2092
2094 2094
2095 2095
4002 2097
2099 2099
2101 2101
2103 2103
2104 2104
2105 2105
2107 2107
2109 2109
882 2111
2292 2112
2114 2114
6795 2117
2118 2118
2124 2124
1849 2125
2602 2126
2127 2127
2129 2129
2130 2130
3117 2131
2135 2135
4604 2136
6306 2137
362 2139
2140 2140
2144 2144
5632 2145
2146 2146
2150 2150
2152 2152
5500 2154
651 2157
2164 2164
2167 2167
2172 2172
2173 2173
6610 2174
2175 2175
2180 2180
631 2189
5808 2190
14 2191
3268 2192
2193 2193
529 2194
2197 2197
5984 2198
1644 2199
2202 2202
2205 2205
3043 2206
1120 2207
2759 2209
2210 2210
4268 2212
2215 2215
2216 2216
1401 2217
6810 2219
2221 2221
5068 2224
2187 2226
2230 2230
2231 2231
5016 2232
2233 2233
2870 2234
2542 2237
2239 2239
2317 2241
1547 2243
3499 2244
2245 2245
5142 2246
3150 2247
2250 2250
5998 2251
6086 2252
2253 2253
2254 2254
3003 2256
2258 2258
4509 2259
375 2260
2261 2261
2358 2262
2263 2263
6810 2264
3182 2266
2199 2267
2268 2268
681 2270
3366 2271
2272 2272
2274 2274
2278 2278
2279 2279
2280 2280
2860 2281
2282 2282
6597 2284
6545 2285
2286 2286
3017 2287
2288 2288
2289 2289
1117 2293
2294 2294
2295 2295
2032 2297
2299 2299
2302 2302
2306 2306
2308 2308
595 2310
2311 2311
2312 2312
2315 2315
2316 2316
2317 2317
2318 2318
2321 2321
1092 2322
5894 2323
2324 2324
2325 2325
2326 2326
3282 2328
2330 2330
3674 2331
5478 2332
1104 2334
1785 2339
2340 2340
3583 2342
6333 2344
2346 2346
6492 2347
2930 2349
2351 2351
2711 2355
2357 2357
1117 2358
486 2362
2911 2365
2367 2367
6749 2368
2369 2369
2375 2375
667 2376
2377 2377
2378 2378
2383 2383
2388 2388
2390 2390
3886 2391
1635 2392
2393 2393
2395 2395
4983 2399
2400 2400
4118 2402
3274 2404
2663 2406
6613 2410
5760 2412
651 2414
2387 2415
583 2417
3575 2420
856 2422
2423 2423
4018 2424
2425 2425
2187 2426
2427 2427
3117 2428
2429 2429
2431 2431
2432 2432
2433 2433
2434 2434
2435 2435
327 2437
2441 2441
2444 2444
6338 2447
2448 2448
2449 2449
1096 2450
3531 2451
1473 2453
2456 2456
2457 2457
538 2460
907 2461
508 2463
2464 2464
6854 2465
2466 2466
2467 2467
2468 2468
2470 2470
2471 2471
667 2473
5537 2474
2475 2475
2482 2482
4276 2483
2484 2484
2485 2485
497 2487
2491 2491
2493 2493
5261 2496
2498 2498
2499 2499
2500 2500
2879 2505
2506 2506
2507 2507
2511 2511
2657 2513
2434 2514
2515 2515
367 2516
2519 2519
3434 2520
2523 2523
4811 2524
5764 2526
3544 2527
651 2532
2533 2533
855 2534
2304 2535
2536 2536
2537 2537
2095 2540
2541 2541
2544 2544
2545 2545
2550 2550
3651 2552
1089 2553
2558 2558
2559 2559
2560 2560
4866 2565
2567 2567
2143 2569
2572 2572
1354 2575
38 2576
1852 2578
3491 2581
5905 2585
2586 2586
5568 2587
2588 2588
2591 2591
2594 2594
2595 2595
2596 2596
2598 2598
2296 2599
2600 2600
6244 2601
2602 2602
6118 2604
2606 2606
2608 2608
2610 2610
109 2611
2614 2614
2616 2616
2623 2623
2624 2624
2659 2625
2627 2627
4427 2631
2632 2632
714 2635
2636 2636
2639 2639
2643 2643
3548 2644
2646 2646
1705 2647
2648 2648
2059 2649
2650 2650
4901 2651
2652 2652
4233 2653
2654 2654
2657 2657
2113 2659
2662 2662
2663 2663
4528 2664
2665 2665
2670 2670
2671 2671
2675 2675
2677 2677
673 2678
3117 2679
2682 2682
2684 2684
2685 2685
2687 2687
2688 2688
2689 2689
3514 2693
2694 2694
1325 2695
2698 2698
2700 2700
2701 2701
2263 2708
2711 2711
2713 2713
2715 2715
2718 2718
2719 2719
2721 2721
2722 2722
4773 2725
943 2726
2465 2727
2728 2728
784 2729
3061 2730
2733 2733
2111 2735
5984 2737
1025 2739
2740 2740
6097 2744
1005 2746
2751 2751
4711 2752
986 2753
1174 2759
2762 2762
2763 2763
2107 2764
3618 2767
4811 2768
5853 2773
2775 2775
730 2776
2779 2779
2780 2780
1142 2782
2783 2783
2625 2786
3119 2787
2904 2791
2594 2792
2793 2793
2794 2794
2795 2795
2907 2796
2797 2797
2799 2799
1398 2800
2801 2801
1397 2803
2106 2805
2807 2807
2808 2808
1388 2809
2810 2810
2811 2811
3841 2813
2815 2815
1594 2816
3646 2817
2819 2819
2821 2821
2822 2822
2824 2824
2825 2825
2826 2826
2829 2829
2831 2831
2833 2833
4113 2837
459 2838
2841 2841
2184 2843
1015 2845
2846 2846
2848 2848
3626 2850
2853 2853
2855 2855
2856 2856
2858 2858
2859 2859
2862 2862
2863 2863
2865 2865
2868 2868
3099 2869
2112 2873
2874 2874
2877 2877
2880 2880
2881 2881
656 2883
2884 2884
2885 2885
2887 2887
2380 2888
2890 2890
2892 2892
2895 2895
2897 2897
2898 2898
2899 2899
1143 2901
3914 2902
2903 2903
2904 2904
2905 2905
2907 2907
6855 2909
2910 2910
2911 2911
2753 2912
2913 2913
2914 2914
2481 2916
2384 2918
2919 2919
2920 2920
6595 2923
5478 2924
2925 2925
2926 2926
2927 2927
1818 2928
3585 2930
2932 2932
651 2933
2825 2936
1372 2937
3339 2939
2941 2941
2942 2942
6583 2947
2949 2949
2950 2950
675 2954
2955 2955
1472 2956
6477 2957
2958 2958
2962 2962
2963 2963
2965 2965
4017 2966
315 2968
2969 2969
831 2970
2971 2971
1986 2976
2977 2977
2771 2979
2980 2980
2981 2981
3901 2982
5714 2983
2984 2984
6814 2985
2986 2986
2989 2989
4051 2990
2993 2993
2994 2994
2998 2998
3000 3000
3001 3001
2765 3002
3003 3003
3004 3004
852 3005
3006 3006
1105 3011
3012 3012
3014 3014
3117 3015
3019 3019
3020 3020
3153 3021
2675 3023
281 3025
4711 3028
3029 3029
346 3031
3032 3032
3034 3034
3036 3036
3037 3037
3039 3039
2417 3041
3043 3043
3044 3044
3046 3046
3049 3049
3050 3050
5180 3054
3056 3056
1607 3057
3059 3059
1079 3061
3063 3063
3064 3064
2712 3066
3067 3067
3427 3068
4309 3070
2339 3073
2486 3074
3522 3075
3076 3076
3077 3077
3078 3078
3081 3081
3085 3085
2144 3086
3087 3087
3088 3088
3090 3090
6506 3091
541 3092
3094 3094
3098 3098
1478 3099
2717 3100
2565 3102
3104 3104
3123 3105
3107 3107
3108 3108
3109 3109
2624 3110
3112 3112
3113 3113
1849 3114
3116 3116
4113 3117
3120 3120
3121 3121
2343 3123
3125 3125
1519 3127
3129 3129
3131 3131
3132 3132
3133 3133
3134 3134
3136 3136
3139 3139
6033 3143
3144 3144
3025 3145
3148 3148
3150 3150
1198 3151
3152 3152
3153 3153
5393 3160
477 3162
3163 3163
4438 3166
3168 3168
3169 3169
3378 3171
3172 3172
3794 3173
2825 3174
1474 3176
3177 3177
980 3178
3179 3179
6431 3180
3183 3183
6887 3189
3190 3190
3193 3193
3194 3194
3195 3195
3196 3196
3197 3197
3117 3199
3010 3200
3201 3201
6162 3203
3204 3204
3117 3205
3206 3206
3207 3207
6883 3215
3216 3216
3217 3217
3219 3219
5913 3221
3223 3223
3225 3225
1125 3226
3228 3228
3229 3229
2882 3230
1094 3231
793 3232
3234 3234
3235 3235
3237 3237
3238 3238
3241 3241
3242 3242
3243 3243
3246 3246
3249 3249
3251 3251
3253 3253
3254 3254
3255 3255
5958 3260
2034 3261
1888 3265
3266 3266
3267 3267
3270 3270
30 3271
6755 3272
3273 3273
307 3277
3278 3278
3280 3280
3281 3281
3283 3283
4352 3284
3288 3288
3289 3289
3292 3292
4773 3293
19 3294
3295 3295
3117 3297
2962 3298
3302 3302
5853 3304
3305 3305
3307 3307
1820 3309
3314 3314
3316 3316
3317 3317
3320 3320
3321 3321
3323 3323
3325 3325
889 3327
3329 3329
2097 3330
3411 3332
3333 3333
3334 3334
3335 3335
3338 3338
6471 3340
4766 3341
6498 3342
787 3343
5247 3344
270 3347
3354 3354
475 3355
1818 3356
3358 3358
3359 3359
3360 3360
3361 3361
3362 3362
4526 3364
3365 3365
2922 3366
3367 3367
3368 3368
3371 3371
5521 3372
3373 3373
823 3375
5557 3378
950 3379
3380 3380
3381 3381
2840 3382
3384 3384
3385 3385
3386 3386
3388 3388
3389 3389
3390 3390
3506 3391
3392 3392
3393 3393
3396 3396
3397 3397
3399 3399
2899 3402
4159 3404
1803 3406
3407 3407
2689 3411
3414 3414
3417 3417
3019 3418
3421 3421
2159 3422
3423 3423
3425 3425
3753 3427
3429 3429
2656 3430
3431 3431
1365 3432
1818 3434
3437 3437
2001 3440
2794 3441
3442 3442
3444 3444
3445 3445
3447 3447
889 3448
2072 3449
5261 3451
3452 3452
1264 3453
5694 3455
3456 3456
3457 3457
3460 3460
3461 3461
71 3462
651 3463
3743 3464
3465 3465
2408 3468
3804 3469
3197 3471
3472 3472
2050 3473
6883 3480
3487 3487
3488 3488
1575 3489
3329 3490
3493 3493
3495 3495
3497 3497
3500 3500
3117 3501
3505 3505
3507 3507
6696 3508
539 3509
3395 3510
3511 3511
3815 3512
52 3514
584 3515
3516 3516
3518 3518
1631 3521
2128 3524
3530 3530
3390 3534
2189 3538
2732 3542
3543 3543
4815 3545
3546 3546
3547 3547
3548 3548
3444 3549
6431 3550
5878 3551
1984 3552
3553 3553
3555 3555
1610 3559
3560 3560
3561 3561
1325 3564
3566 3566
3567 3567
3568 3568
3570 3570
3571 3571
2781 3573
823 3575
3576 3576
3577 3577
3579 3579
3583 3583
3584 3584
3586 3586
3588 3588
667 3589
3590 3590
3592 3592
880 3595
150 3597
3601 3601
3604 3604
3608 3608
3609 3609
3611 3611
3613 3613
2674 3615
3062 3616
3617 3617
3620 3620
842 3621
3095 3622
2722 3623
6730 3625
1474 3628
3631 3631
6161 3634
3637 3637
4222 3639
3640 3640
1117 3641
3643 3643
3645 3645
3647 3647
3648 3648
3652 3652
3653 3653
1577 3654
3655 3655
3661 3661
337 3662
3664 3664
425 3666
3667 3667
476 3671
3672 3672
3673 3673
3797 3676
1264 3679
3685 3685
651 3686
3687 3687
3688 3688
3689 3689
3691 3691
3692 3692
3694 3694
3695 3695
4798 3696
6259 3700
3701 3701
3703 3703
3704 3704
3705 3705
3706 3706
3707 3707
3708 3708
3453 3710
439 3711
3824 3712
3160 3715
3717 3717
3718 3718
3719 3719
655 3721
3117 3722
3723 3723
3728 3728
2354 3731
1858 3732
3733 3733
3734 3734
3735 3735
1944 3737
5166 3738
3739 3739
3689 3740
5663 3742
3743 3743
30 3744
3819 3745
3741 3746
3918 3747
3166 3748
3750 3750
3753 3753
3754 3754
3756 3756
3759 3759
2277 3761
6772 3763
25 3765
3766 3766
2287 3767
4701 3769
3799 3771
1635 3772
3773 3773
2510 3775
3776 3776
3777 3777
2930 3778
3782 3782
6700 3786
3788 3788
3692 3789
4403 3790
5824 3791
3793 3793
3796 3796
3798 3798
3799 3799
3806 3806
6127 3809
3811 3811
3812 3812
3813 3813
1858 3814
3816 3816
4023 3819
3804 3820
3823 3823
3824 3824
3825 3825
3826 3826
3828 3828
3829 3829
3833 3833
3599 3834
3465 3835
6478 3841
3230 3842
3843 3843
3991 3845
5824 3846
3981 3847
3850 3850
3851 3851
3853 3853
3985 3854
3855 3855
3858 3858
3982 3860
3861 3861
3867 3867
3868 3868
3870 3870
1858 3871
3873 3873
3874 3874
3877 3877
3883 3883
3884 3884
1108 3885
3886 3886
3887 3887
3888 3888
3889 3889
4094 3890
4125 3891
3892 3892
656 3893
4054 3897
3901 3898
3899 3899
3900 3900
3902 3902
3906 3906
1744 3907
3908 3908
3910 3910
1777 3912
2222 3914
2984 3916
2091 3917
3918 3918
6491 3923
3925 3925
3926 3926
3927 3927
3929 3929
2909 3930
3932 3932
3933 3933
3936 3936
3731 3937
2358 3938
3901 3939
3943 3943
3944 3944
4026 3945
6057 3948
3949 3949
1036 3950
3951 3951
3952 3952
3953 3953
3954 3954
3955 3955
896 3957
3959 3959
3960 3960
3962 3962
5600 3963
2466 3964
6359 3966
3967 3967
1408 3969
3235 3973
3975 3975
3976 3976
3979 3979
3702 3980
3654 3984
3985 3985
3986 3986
3988 3988
3990 3990
4425 3991
3996 3996
4084 3998
4001 4001
4750 4003
4004 4004
4005 4005
4006 4006
4008 4008
2712 4009
4011 4011
4013 4013
4014 4014
6277 4016
4018 4018
4020 4020
6312 4021
4022 4022
4023 4023
4120 4024
4028 4028
4029 4029
4032 4032
4033 4033
4036 4036
4038 4038
4039 4039
1117 4040
6553 4041
4044 4044
4045 4045
4048 4048
4050 4050
4052 4052
3675 4055
3117 4057
1105 4059
4014 4061
4062 4062
715 4065
4066 4066
4166 4067
4071 4071
4073 4073
4074 4074
3736 4075
4108 4076
4077 4077
2692 4082
4084 4084
925 4086
4091 4091
4092 4092
4093 4093
4094 4094
6546 4095
4096 4096
4100 4100
5794 4102
3856 4104
4087 4108
3898 4109
4110 4110
1176 4113
4114 4114
4115 4115
4117 4117
3963 4119
3779 4120
2781 4121
3874 4123
4124 4124
4125 4125
4126 4126
4127 4127
1079 4128
4054 4130
4131 4131
4685 4133
4134 4134
4135 4135
4708 4137
6178 4140
5341 4142
5448 4145
4149 4149
4150 4150
5967 4152
4580 4153
4420 4154
4155 4155
856 4156
5663 4157
4158 4158
4161 4161
5261 4162
5481 4164
6008 4165
4166 4166
4167 4167
4168 4168
5066 4170
4134 4172
4174 4174
4177 4177
5656 4185
5156 4187
4188 4188
5849 4189
4192 4192
4198 4198
4268 4199
5600 4202
4205 4205
4206 4206
4210 4210
4699 4211
4716 4212
4159 4214
5326 4216
4217 4217
4996 4218
4163 4221
5094 4222
5214 4225
5827 4226
5525 4227
4229 4229
4230 4230
4177 4232
4234 4234
4237 4237
4238 4238
5870 4239
4240 4240
4241 4241
5022 4243
4244 4244
4557 4245
5968 4246
4683 4247
4248 4248
4889 4253
3798 4254
4293 4256
4185 4259
5714 4260
4267 4267
5676 4268
5068 4269
6256 4270
6027 4271
5326 4275
4277 4277
4210 4278
5620 4281
4282 4282
4750 4283
4426 4284
4285 4285
5542 4287
5905 4288
4290 4290
4294 4294
4159 4295
4501 4296
5721 4298
4299 4299
4300 4300
5485 4301
4302 4302
5219 4305
5909 4307
4852 4309
4917 4310
4837 4311
4314 4314
4420 4316
4317 4317
4999 4320
4321 4321
5912 4322
5497 4323
5135 4326
4601 4328
4329 4329
5707 4331
4516 4332
5453 4334
4335 4335
5962 4336
4337 4337
5179 4338
4340 4340
2409 4345
5663 4346
4543 4349
4352 4352
4356 4356
4650 4357
4345 4361
4329 4362
4367 4367
4218 4368
5299 4369
5674 4370
5958 4371
4372 4372
5248 4373
4489 4377
4379 4379
5426 4380
5669 4381
4382 4382
4079 4385
4386 4386
4387 4387
4389 4389
3170 4393
4396 4396
4526 4397
4844 4403
4405 4405
4407 4407
5478 4408
5790 4409
4366 4410
4412 4412
4413 4413
4965 4415
3322 4416
4417 4417
4659 4420
5964 4421
856 4423
4424 4424
4217 4425
4428 4428
4431 4431
4436 4436
4281 4438
6564 4440
5568 4441
5732 4442
4984 4444
6081 4445
4446 4446
4778 4448
5624 4449
4418 4450
4452 4452
4454 4454
6055 4455
6156 4456
4798 4457
4458 4458
4459 4459
6066 4460
4461 4461
2119 4462
6140 4464
4749 4467
6118 4468
4469 4469
4470 4470
5480 4473
4359 4476
5764 4477
4481 4481
4250 4482
4485 4485
4677 4486
5570 4487
4488 4488
5307 4491
4493 4493
4494 4494
4495 4495
4249 4496
4497 4497
4500 4500
4555 4501
4502 4502
4503 4503
5542 4504
2422 4506
4567 4508
5063 4509
6168 4516
5183 4520
5808 4521
4207 4523
4438 4526
4528 4528
730 4530
4533 4533
5261 4535
4537 4537
4538 4538
6008 4540
4279 4542
4543 4543
5997 4545
5913 4549
4550 4550
4186 4552
4996 4554
5714 4557
5883 4561
4562 4562
4669 4563
6131 4564
5157 4565
5823 4566
4412 4567
4568 4568
4954 4569
4571 4571
5572 4572
4573 4573
4575 4575
5752 4577
5741 4579
4580 4580
4582 4582
5247 4583
1659 4585
5118 4588
4344 4590
4861 4591
4593 4593
5272 4594
5405 4598
5909 4601
4602 4602
5492 4603
4604 4604
4896 4605
4606 4606
4607 4607
4609 4609
5656 4613
4420 4614
4615 4615
4861 4616
5466 4617
6188 4620
4621 4621
4622 4622
4623 4623
5910 4624
5253 4626
4221 4627
4628 4628
4629 4629
4631 4631
4634 4634
6011 4636
4315 4638
4641 4641
4644 4644
4646 4646
4650 4650
4651 4651
4623 4659
4663 4663
4191 4665
5231 4666
4821 4668
4605 4670
5096 4671
4672 4672
5386 4674
5368 4675
3322 4676
4149 4677
5832 4678
5747 4681
4682 4682
4247 4683
5237 4684
5778 4685
4687 4687
4688 4688
5535 4689
4567 4690
5913 4691
4693 4693
4696 4696
4697 4697
5072 4698
5316 4701
4191 4704
4705 4705
4200 4708
4709 4709
4711 4711
4837 4713
6161 4714
4247 4716
5637 4718
4735 4720
4909 4722
5016 4724
4725 4725
5687 4727
4728 4728
4729 4729
4730 4730
229 4731
4526 4735
4737 4737
4738 4738
4740 4740
5225 4742
4744 4744
5954 4745
4746 4746
4747 4747
4749 4749
4843 4750
4754 4754
4755 4755
4756 4756
4757 4757
5712 4758
4760 4760
6102 4761
4762 4762
4763 4763
3197 4765
4958 4770
5271 4772
5326 4774
4442 4775
4776 4776
5264 4778
5629 4784
4996 4785
4786 4786
5748 4788
5753 4790
5180 4791
5712 4792
4793 4793
4794 4794
4799 4799
4501 4801
5419 4802
4806 4806
478 4807
4464 4810
4813 4813
4814 4814
5272 4815
4816 4816
5521 4817
4343 4819
4820 4820
6188 4821
4801 4826
4827 4827
4346 4829
4830 4830
4831 4831
5306 4832
4836 4836
6322 4837
5169 4838
5579 4839
5362 4841
4268 4842
4844 4844
5284 4845
4846 4846
5526 4848
2874 4850
5207 4853
4854 4854
4440 4855
5212 4856
3322 4857
4858 4858
4580 4859
5846 4861
4863 4863
4865 4865
5913 4866
4868 4868
5273 4870
5252 4871
3322 4872
4176 4873
4874 4874
4875 4875
4861 4877
4221 4878
4879 4879
6019 4880
5030 4882
4366 4883
4519 4884
5118 4885
5485 4886
4887 4887
4313 4888
4120 4889
5326 4890
5068 4891
4892 4892
1069 4894
6195 4899
5632 4900
4901 4901
4287 4902
4903 4903
4905 4905
4631 4907
5651 4909
4910 4910
5944 4911
4912 4912
4913 4913
4789 4914
4915 4915
4916 4916
4918 4918
4565 4920
5488 4921
4922 4922
4930 4930
5780 4932
5367 4933
4934 4934
4935 4935
4218 4938
5768 4939
5157 4940
4941 4941
4147 4942
4582 4946
4948 4948
4164 4949
4950 4950
4951 4951
5209 4952
4953 4953
4956 4956
4958 4958
730 4961
4962 4962
4963 4963
4968 4968
5797 4970
4973 4973
4975 4975
4978 4978
4996 4979
1156 4981
4982 4982
4985 4985
4989 4989
2874 4990
4991 4991
4992 4992
5714 4993
5341 4994
5698 4998
5118 5000
5393 5001
6005 5002
5290 5003
5004 5004
5005 5005
5871 5007
5958 5011
4663 5012
5225 5014
5015 5015
4860 5018
5958 5019
4258 5020
4143 5024
5430 5026
4517 5027
5333 5028
4773 5029
5737 5033
5908 5034
5036 5036
5652 5039
5041 5041
5913 5042
5818 5044
5045 5045
4403 5046
5047 5047
5427 5050
5051 5051
5053 5053
5112 5054
5056 5056
4808 5057
5416 5058
5762 5059
4491 5060
5247 5063
5016 5065
2330 5067
5474 5068
5069 5069
6164 5071
4442 5072
5075 5075
4357 5077
5078 5078
5079 5079
5080 5080
5081 5081
4566 5082
5083 5083
4222 5084
4773 5085
5086 5086
5089 5089
5090 5090
4933 5091
4582 5092
4271 5094
5095 5095
5637 5096
5099 5099
5100 5100
5101 5101
4204 5102
4371 5106
4166 5107
5837 5110
5680 5111
5113 5113
5485 5114
5116 5116
5117 5117
4435 5119
5122 5122
5125 5125
5248 5126
5752 5127
5405 5128
5130 5130
5131 5131
5132 5132
4582 5133
5998 5134
5279 5135
5136 5136
4773 5137
5341 5138
4636 5139
5833 5140
4586 5142
5143 5143
5145 5145
5146 5146
5152 5152
5153 5153
5171 5155
4464 5156
5157 5157
4650 5158
4394 5161
4438 5162
5163 5163
4303 5164
4540 5165
5166 5166
4375 5167
5168 5168
5127 5170
4867 5171
5533 5172
5498 5173
5174 5174
4553 5175
4933 5176
5179 5179
6044 5185
5186 5186
5188 5188
5189 5189
5191 5191
5192 5192
5195 5195
5196 5196
5197 5197
5198 5198
5029 5199
4359 5200
5201 5201
5202 5202
6135 5204
3020 5205
4288 5206
5547 5208
4252 5209
5211 5211
5958 5214
4980 5215
5220 5220
6032 5222
5225 5225
4708 5226
5549 5229
6116 5232
5234 5234
5235 5235
5236 5236
5239 5239
4984 5240
5562 5242
5244 5244
5679 5246
5397 5247
5248 5248
5047 5250
5251 5251
5252 5252
5284 5253
5255 5255
5256 5256
4752 5257
4218 5258
5259 5259
4830 5261
5262 5262
5485 5263
5265 5265
5269 5269
4582 5270
5271 5271
5755 5272
5307 5273
4218 5274
5636 5276
4249 5277
5281 5281
5282 5282
5767 5284
5449 5285
5290 5290
5291 5291
5292 5292
5516 5293
5295 5295
5381 5296
5297 5297
5298 5298
4165 5299
5300 5300
4143 5301
1039 5302
5304 5304
5124 5307
4165 5308
5311 5311
4751 5312
5314 5314
5150 5315
5316 5316
1468 5321
5705 5323
5324 5324
4427 5325
4181 5326
5327 5327
6008 5328
5329 5329
5808 5335
5337 5337
5339 5339
5341 5341
5262 5342
5521 5343
4313 5346
5348 5348
4552 5349
5353 5353
5355 5355
5236 5358
5070 5359
5299 5361
5531 5362
6019 5363
4792 5364
5367 5367
5164 5369
5370 5370
5578 5372
4996 5373
4159 5375
4991 5377
5378 5378
5379 5379
5381 5381
4599 5384
5387 5387
5290 5390
5393 5393
4382 5396
5298 5397
5604 5401
5410 5403
4703 5405
5406 5406
5519 5407
1387 5409
5410 5410
5687 5412
5896 5413
5603 5414
5794 5415
4969 5418
4369 5419
4207 5422
5005 5423
5857 5424
6040 5426
5429 5429
4944 5432
5913 5434
5853 5435
5438 5438
5440 5440
5441 5441
5445 5445
4427 5446
6061 5448
4964 5450
5452 5452
4994 5453
5458 5458
6050 5459
5231 5460
5482 5461
5463 5463
4281 5466
5468 5468
4858 5470
5474 5474
5039 5476
5463 5478
4369 5479
6044 5480
4473 5481
5320 5482
5484 5484
5307 5485
5487 5487
5314 5489
5326 5492
5495 5495
5497 5497
5499 5499
5649 5500
4750 5503
4270 5504
4622 5514
5355 5515
5517 5517
5521 5521
5522 5522
4217 5524
5703 5525
5526 5526
5527 5527
5529 5529
5532 5532
5535 5535
5536 5536
5254 5537
5538 5538
5539 5539
5157 5540
5542 5542
4328 5546
5549 5549
4964 5551
4278 5552
6185 5553
5876 5554
4801 5561
4438 5564
5567 5567
4392 5568
5569 5569
5572 5572
4738 5573
4789 5575
5300 5579
5581 5581
4703 5582
5589 5589
5590 5590
5714 5593
5594 5594
5300 5596
3170 5597
5987 5600
4760 5601
4756 5602
5603 5603
4896 5606
5135 5607
5485 5608
5609 5609
5959 5610
4500 5612
5619 5619
4852 5621
5624 5624
5625 5625
5630 5630
5631 5631
5632 5632
4190 5633
5634 5634
5637 5637
5560 5638
5641 5641
6071 5642
4359 5643
5884 5644
5646 5646
5648 5648
4745 5656
5506 5658
5485 5661
5664 5664
5665 5665
4338 5666
5668 5668
5022 5669
5386 5670
5758 5671
5674 5674
5675 5675
5678 5678
5679 5679
6050 5680
5420 5681
5961 5683
5684 5684
5478 5688
5689 5689
4576 5690
5691 5691
4773 5694
6035 5696
5697 5697
5698 5698
5336 5701
5702 5702
4582 5703
5705 5705
5706 5706
4749 5707
5708 5708
5709 5709
5936 5716
5721 5721
5724 5724
4567 5725
5426 5726
5264 5730
5954 5731
1688 5732
5734 5734
4477 5736
4944 5737
5659 5740
5741 5741
5742 5742
5745 5745
3225 5746
5173 5748
5750 5750
4225 5753
5636 5754
4232 5757
5989 5762
4355 5764
5307 5766
5767 5767
5881 5769
5209 5770
4403 5771
5603 5773
4974 5774
5777 5777
4588 5779
5596 5780
4282 5782
5783 5783
5799 5784
5789 5789
5791 5791
5794 5794
5799 5799
5800 5800
5300 5801
5802 5802
5806 5806
5807 5807
4750 5808
5485 5810
5811 5811
5812 5812
5813 5813
5814 5814
4984 5817
5833 5818
4120 5819
1659 5820
4254 5824
6044 5825
5828 5828
4576 5829
4201 5831
5521 5837
5838 5838
5840 5840
4340 5841
4179 5843
5844 5844
5845 5845
5485 5846
5848 5848
5127 5849
4773 5850
5852 5852
5855 5855
5833 5857
5485 5859
4567 5860
5862 5862
4750 5864
5915 5865
5756 5866
5869 5869
5936 5872
4469 5876
5500 5877
5879 5879
5880 5880
5881 5881
5388 5882
6054 5886
5938 5887
5769 5888
5137 5889
5890 5890
6311 5891
4365 5893
5264 5895
5896 5896
5897 5897
5171 5898
6127 5899
4184 5900
5901 5901
5903 5903
6002 5905
6035 5909
5636 5910
4250 5911
5962 5913
4176 5914
4257 5915
5689 5917
4766 5918
4647 5919
4672 5920
5807 5923
5264 5926
5927 5927
5930 5930
5932 5932
5933 5933
5386 5934
5935 5935
5936 5936
5938 5938
5939 5939
5749 5941
4911 5944
5536 5947
5610 5949
5950 5950
5951 5951
5953 5953
5485 5956
4159 5957
2874 5961
5586 5963
4376 5967
4683 5968
5219 5969
6188 5973
5977 5977
5978 5978
5979 5979
5980 5980
5262 5982
6011 5983
5172 5984
5985 5985
5986 5986
5987 5987
5988 5988
5252 5989
5054 5990
5991 5991
5097 5993
5994 5994
709 5995
5996 5996
4147 6001
6002 6002
6005 6005
6006 6006
4166 6010
6084 6011
5680 6015
5849 6016
6076 6017
4312 6019
6024 6024
5284 6026
4825 6028
6029 6029
4202 6030
6033 6033
5280 6035
5984 6037
5508 6038
6039 6039
6040 6040
5050 6042
5137 6043
6044 6044
4218 6049
6008 6050
4293 6053
6054 6054
6055 6055
6056 6056
6057 6057
6058 6058
5164 6061
5884 6063
6064 6064
6067 6067
5507 6069
6073 6073
4773 6074
6076 6076
6077 6077
5460 6078
6079 6079
6081 6081
6082 6082
6083 6083
6084 6084
5127 6087
4179 6089
6090 6090
5586 6093
5965 6094
6095 6095
6189 6096
5842 6098
5722 6102
5160 6105
5751 6108
5535 6110
5984 6112
6131 6114
6115 6115
4148 6117
5279 6118
4476 6119
5864 6120
1466 6123
6125 6125
4234 6128
3876 6129
4336 6131
6091 6132
5745 6133
5127 6134
6135 6135
3735 6136
4191 6137
6139 6139
5302 6140
6143 6143
4954 6145
5338 6146
6147 6147
5068 6148
6153 6153
6154 6154
5441 6156
6157 6157
1217 6158
6159 6159
6160 6160
5837 6161
6162 6162
6165 6165
6147 6168
4271 6169
6170 6170
6172 6172
2409 6173
6175 6175
4996 6176
4223 6177
6179 6179
6132 6181
4773 6182
1225 6185
4242 6187
6191 6191
5561 6192
6193 6193
5420 6194
6195 6195
6196 6196
4291 6198
6200 6200
2930 6201
6855 6205
6207 6207
6209 6209
6210 6210
6212 6212
3521 6214
5419 6217
3484 6218
6498 6220
2242 6221
3424 6223
6224 6224
6225 6225
6227 6227
3708 6228
6229 6229
6231 6231
439 6232
1473 6234
6517 6235
6238 6238
6780 6240
6244 6244
6246 6246
6247 6247
6248 6248
4659 6250
4540 6254
5368 6256
4461 6258
2325 6260
6261 6261
6263 6263
6264 6264
3982 6265
6845 6266
6267 6267
5984 6268
6269 6269
6271 6271
6275 6275
6276 6276
6278 6278
6281 6281
6282 6282
4787 6283
1008 6285
2006 6286
2193 6287
6288 6288
5619 6296
4105 6297
97 6299
6302 6302
6303 6303
6305 6305
6307 6307
6309 6309
4691 6310
892 6311
4069 6312
6315 6315
6316 6316
6470 6317
5848 6318
6319 6319
3117 6321
6322 6322
1955 6325
6326 6326
6327 6327
4421 6328
6338 6329
1258 6330
6332 6332
6333 6333
6334 6334
6338 6338
6340 6340
5747 6342
5712 6343
2896 6344
2759 6345
6346 6346
6349 6349
6267 6355
3397 6357
4396 6359
6360 6360
2735 6361
6363 6363
1439 6364
6365 6365
3117 6366
6367 6367
6368 6368
6369 6369
6370 6370
6375 6375
6376 6376
6381 6381
6383 6383
6845 6386
6388 6388
6389 6389
3079 6390
2768 6391
6392 6392
614 6393
2380 6394
6622 6395
6398 6398
477 6399
6402 6402
6406 6406
3398 6409
6410 6410
6412 6412
6837 6413
6414 6414
6417 6417
6418 6418
6420 6420
6422 6422
6423 6423
2430 6424
1133 6425
6426 6426
2393 6427
6428 6428
6429 6429
5009 6430
6431 6431
6433 6433
6437 6437
6440 6440
3905 6441
2229 6442
6443 6443
6444 6444
6008 6445
6446 6446
1945 6447
6448 6448
6449 6449
6450 6450
5834 6452
1174 6457
3117 6458
6460 6460
1365 6461
3751 6462
6464 6464
6466 6466
6467 6467
6468 6468
2050 6470
2238 6473
6475 6475
4118 6476
6477 6477
6479 6479
860 6482
3417 6485
6486 6486
3436 6490
3820 6497
3675 6498
3386 6499
1339 6503
247 6505
6507 6507
6508 6508
6509 6509
6510 6510
6511 6511
1397 6512
6513 6513
3794 6515
6516 6516
1258 6518
1315 6524
6525 6525
6526 6526
6527 6527
178 6528
6529 6529
6533 6533
2443 6535
6537 6537
6538 6538
5285 6539
4900 6541
6546 6546
6548 6548
1657 6552
3715 6553
6554 6554
1059 6555
6277 6557
6559 6559
6560 6560
6561 6561
6563 6563
6564 6564
6566 6566
6567 6567
6569 6569
6571 6571
6572 6572
3240 6576
6577 6577
6578 6578
3847 6579
5379 6581
6646 6584
6585 6585
6587 6587
6588 6588
6589 6589
3907 6590
6591 6591
6592 6592
6794 6594
6750 6595
6597 6597
6598 6598
6599 6599
6600 6600
6602 6602
6605 6605
6606 6606
6607 6607
6609 6609
6611 6611
6613 6613
6615 6615
1182 6616
6617 6617
6620 6620
621 6621
6623 6623
940 6624
6626 6626
6631 6631
6633 6633
2870 6634
6637 6637
6638 6638
6639 6639
196 6641
2422 6642
6643 6643
6644 6644
3135 6645
2953 6646
1295 6647
752 6648
5768 6649
5853 6652
6010 6655
6657 6657
6659 6659
6662 6662
6663 6663
3542 6664
6665 6665
6666 6666
1039 6667
1174 6670
2380 6672
5686 6676
667 6677
6678 6678
6221 6682
6688 6688
6333 6691
6693 6693
3604 6694
6696 6696
2456 6701
6704 6704
2567 6705
6706 6706
5422 6709
6710 6711
3073 6712
6714 6714
6715 6715
4466 6716
6718 6718
6719 6719
956 6720
6721 6721
2118 6723
6724 6724
6725 6725
6727 6727
354 6728
2494 6729
6731 6731
6733 6733
6737 6737
6739 6739
3391 6740
5088 6743
6746 6746
6750 6750
2612 6751
5714 6753
6754 6754
6756 6756
6758 6758
399 6761
6762 6762
1162 6763
6767 6767
504 6769
6770 6770
504 6771
5118 6772
5714 6773
4427 6774
2254 6776
6778 6778
1005 6780
6387 6781
1398 6782
6783 6783
6784 6784
6785 6785
6787 6787
6788 6788
6791 6791
6793 6793
6794 6794
6797 6797
2317 6800
6801 6801
5261 6803
6807 6807
6809 6809
1954 6810
5127 6812
2699 6816
6817 6817
6824 6824
6827 6827
6828 6828
6829 6829
6830 6830
6831 6831
6832 6832
5478 6833
6834 6834
6838 6838
6839 6839
6841 6841
6842 6842
6844 6844
6848 6848
6850 6850
6853 6853
6854 6854
5853 6855
6856 6856
821 6857
6859 6859
6860 6860
6862 6862
6865 6865
4651 6866
6868 6868
6869 6869
6872 6872
3484 6873
6874 6874
6878 6878
6880 6880
6884 6884
5478 6886
3430 6887
1217 6888
6889 6889
