5600 5600
5675 5675
5535 5535
5508 5508
5598 5598
5659 5659
5463 5463
5597 5597
5602 5602
5519 5519
5601 5601
5640 5640
5536 5536
5610 5610
5458 5458
5507 5507
5720 5720
5831 5831
5750 5750
5840 5840
5736 5736
5512 5512
5517 5517
5578 5578
5514 5514
5464 5464
5453 5453
5708 5708
5589 5589
5753 5753
5612 5612
5721 5721
5848 5848
5837 5837
5828 5828
5674 5674
5950 5950
5829 5829
6238 6238
5724 5724
5951 5951
3855 3855
5641 5641
6056 6056
3702 3702
3753 3753
5952 5952
6067 6067
6066 6066
6231 6231
5452 5452
5468 5468
3776 3776
5445 5445
3861 3861
3621 3621
3521 3521
5522 5522
6271 6271
3631 3631
3700 3700
5637 5637
6276 6276
6258 6258
5820 5820
3739 3739
3773 3773
5835 5835
6062 6062
3705 3705
5827 5827
5541 5541
6076 6076
6045 6045
3543 3543
6064 6064
3777 3777
5751 5751
5635 5635
6072 6072
6077 6077
5542 5542
5838 5838
6054 6054
6278 6278
408 408
409 409
5957 5957
3847 3847
6241 6241
407 407
3551 3551
5698 5698
6261 6261
3547 3547
410 410
2289 2289
3826 3826
5525 5525
3828 3828
5685 5685
3825 3825
3851 3851
2127 2127
3829 3829
3821 3821
3833 3833
429 429
2383 2383
6084 6084
117 117
3649 3649
439 439
3932 3932
3643 3643
8 8
322 322
3850 3850
5630 5630
6246 6246
3823 3823
2400 2400
5932 5932
3800 3800
3927 3927
118 118
5953 5953
351 351
6079 6079
2177 2177
327 327
3530 3530
5538 5538
6085 6085
5540 5540
3922 3922
2780 2780
5933 5933
3667 3667
3638 3638
2817 2817
5834 5834
432 432
2292 2292
2191 2191
2814 2814
435 435
119 119
6264 6264
2811 2811
6082 6082
5939 5939
2043 2043
2490 2490
5944 5944
6248 6248
5826 5826
3704 3704
3518 3518
5443 5443
3634 3634
325 325
191 191
342 342
2178 2178
2511 2511
343 343
3637 3637
5632 5632
29 29
5368 5368
261 261
2054 2054
5949 5949
2799 2799
6247 6247
108 108
3789 3789
3848 3848
5717 5717
335 335
3771 3771
2493 2493
5726 5726
3936 3936
5961 5961
3750 3750
346 346
128 128
3555 3555
3806 3806
2386 2386
2152 2152
2004 2004
436 436
2378 2378
3706 3706
122 122
10 10
5938 5938
35 35
2044 2044
292 292
27 27
6095 6095
338 338
340 340
44 44
228 228
6090 6090
26 26
2375 2375
5648 5648
5716 5716
2175 2175
104 104
2367 2367
5686 5686
2499 2499
2129 2129
2135 2135
2118 2118
2 2
3949 3949
5969 5969
2052 2052
2785 2785
421 421
456 456
3707 3707
6101 6101
2163 2163
230 230
2788 2788
6102 6102
2164 2164
5697 5697
294 294
245 245
5665 5665
6097 6097
2155 2155
2193 2193
6130 6130
2261 2261
5489 5489
2775 2775
2598 2598
1984 1984
157 157
2596 2596
2377 2377
5745 5745
5581 5581
2485 2485
5488 5488
5529 5529
7 7
2278 2278
5741 5741
5496 5496
2124 2124
2362 2362
6147 6147
5497 5497
1983 1983
5666 5666
2471 2471
2470 2470
5862 5862
5986 5986
2774 2774
5982 5982
133 133
2778 2778
3673 3673
138 138
6131 6131
3670 3670
6027 6027
3895 3895
2483 2483
5677 5677
2221 2221
3163 3163
6160 6160
5978 5978
5981 5981
5553 5553
2614 2614
2503 2503
3884 3884
17 17
5985 5985
3877 3877
5474 5474
2180 2180
2506 2506
5714 5714
4005 4005
6110 6110
3600 3600
5980 5980
3602 3602
6162 6162
2095 2095
3579 3579
3601 3601
3596 3596
2225 2225
2181 2181
2623 2623
2210 2210
3660 3660
2094 2094
5977 5977
6148 6148
6117 6117
160 160
377 377
3565 3565
6163 6163
268 268
244 244
5484 5484
3941 3941
5706 5706
258 258
6159 6159
2145 2145
76 76
6125 6125
6175 6175
6168 6168
2204 2204
5987 5987
3886 3886
2205 2205
5526 5526
2030 2030
4001 4001
5479 5479
3959 3959
5994 5994
5872 5872
6107 6107
5734 5734
3782 3782
6108 6108
5875 5875
2280 2280
6136 6136
3963 3963
2585 2585
5902 5902
6000 6000
2588 2588
4050 4050
6139 6139
5679 5679
3953 3953
3691 3691
3980 3980
5988 5988
85 85
376 376
5733 5733
6889 6889
3889 3889
2256 2256
5549 5549
158 158
3710 3710
6172 6172
5743 5743
3954 3954
5475 5475
3955 3955
5997 5997
5991 5991
3990 3990
2517 2517
5760 5760
4018 4018
6005 6005
6156 6156
65 65
92 92
81 81
3690 3690
73 73
4039 4039
2010 2010
3566 3566
82 82
94 94
2114 2114
4037 4037
4044 4044
4071 4071
3979 3979
3613 3613
3906 3906
5476 5476
4036 4036
4010 4010
4029 4029
3899 3899
64 64
4021 4021
4016 4016
4045 4045
4066 4066
2401 2401
5762 5762
5527 5527
6154 6154
3888 3888
2086 2086
5560 5560
2255 2255
4067 4067
5571 5571
5235 5235
3694 3694
4042 4042
4048 4048
3976 3976
2565 2565
4034 4034
5793 5793
5764 5764
4015 4015
6170 6170
6006 6006
4007 4007
4033 4033
2254 2254
4030 4030
3969 3969
5559 5559
2036 2036
5783 5783
4032 4032
3967 3967
3781 3781
3695 3695
2566 2566
3870 3870
472 472
2519 2519
4035 4035
4017 4017
371 371
381 381
374 374
3986 3986
3792 3792
1906 1906
5778 5778
5663 5663
5777 5777
5534 5534
5767 5767
5989 5989
5643 5643
100 100
5796 5796
5768 5768
448 448
2630 2630
3873 3873
5812 5812
2523 2523
2113 2113
2639 2639
468 468
2284 2284
2441 2441
6177 6177
6024 6024
6017 6017
401 401
6023 6023
5811 5811
2635 2635
2288 2288
3685 3685
3682 3682
485 485
2685 2685
5799 5799
2432 2432
5788 5788
2550 2550
2216 2216
5897 5897
3567 3567
3568 3568
2567 2567
507 507
5740 5740
5794 5794
2252 2252
2215 2215
5789 5789
512 512
163 163
3687 3687
2018 2018
5813 5813
3487 3487
2299 2299
2558 2558
2560 2560
2250 2250
2298 2298
2700 2700
2415 2415
5814 5814
2705 2705
5696 5696
540 540
2182 2182
2295 2295
5800 5800
3493 3493
466 466
2650 2650
3910 3910
2643 2643
583 583
2573 2573
515 515
3489 3489
3717 3717
2698 2698
6225 6225
6198 6198
200 200
5782 5782
2296 2296
2559 2559
3892 3892
2572 2572
5886 5886
2537 2537
2423 2423
2427 2427
2644 2644
6193 6193
2279 2279
2031 2031
2707 2707
5702 5702
533 533
4914 4914
6224 6224
490 490
565 565
494 494
5387 5387
5410 5410
2656 2656
538 538
492 492
2536 2536
2308 2308
2312 2312
174 174
6185 6185
5393 5393
2107 2107
3766 3766
4913 4913
5385 5385
475 475
6834 6834
6212 6212
6178 6178
4830 4830
6449 6449
2541 2541
6200 6200
4911 4911
5440 5440
4912 4912
5381 5381
545 545
6832 6832
2654 2654
5901 5901
3674 3674
5923 5923
5878 5878
2646 2646
5396 5396
2434 2434
3767 3767
2437 2437
5430 5430
5349 5349
4831 4831
537 537
544 544
6446 6446
2109 2109
2689 2689
307 307
273 273
5405 5405
3795 3795
6817 6817
5887 5887
3437 3437
4744 4744
560 560
6750 6750
360 360
6406 6406
6444 6444
3058 3058
3819 3819
2306 2306
5409 5409
5705 5705
2348 2348
4262 4262
3738 3738
1766 1766
558 558
5899 5899
3818 3818
5395 5395
6436 6436
5896 5896
296 296
6765 6765
1764 1764
6598 6598
6439 6439
5026 5026
6190 6190
6437 6437
4274 4274
3763 3763
6758 6758
5348 5348
4763 4763
6713 6713
5927 5927
2733 2733
2425 2425
153 153
6440 6440
2241 2241
4764 4764
6209 6209
6707 6707
6704 6704
2099 2099
4268 4268
1856 1856
5379 5379
6739 6739
6356 6356
5423 5423
4916 4916
5416 5416
6762 6762
5294 5294
4267 4267
4205 4205
4918 4918
2448 2448
6360 6360
4168 4168
2468 2468
2467 2467
6451 6451
2740 2740
6662 6662
6599 6599
6450 6450
2732 2732
2324 2324
2089 2089
6703 6703
5406 5406
2750 2750
6780 6780
6804 6804
6402 6402
2321 2321
1943 1943
6809 6809
6357 6357
1628 1628
6207 6207
5353 5353
6665 6665
6792 6792
6611 6611
1855 1855
6603 6603
6731 6731
6788 6788
3439 3439
3363 3363
2318 2318
6666 6666
6807 6807
6791 6791
5403 5403
6191 6191
3050 3050
5339 5339
4756 4756
4873 4873
6718 6718
6814 6814
6660 6660
6657 6657
6663 6663
5408 5408
6630 6630
6827 6827
6729 6729
5020 5020
6643 6643
4203 4203
5292 5292
1857 1857
2286 2286
2444 2444
6778 6778
3368 3368
2355 2355
3255 3255
6797 6797
6848 6848
4685 4685
6725 6725
5056 5056
5341 5341
1662 1662
1452 1452
5047 5047
5337 5337
5306 5306
6844 6844
3228 3228
3689 3689
6351 6351
6856 6856
6862 6862
6839 6839
1854 1854
6609 6609
3131 3131
5078 5078
6646 6646
2994 2994
6828 6828
3275 3275
6859 6859
5436 5436
6667 6667
3132 3132
3269 3269
4854 4854
2104 2104
3278 3278
5198 5198
6850 6850
3243 3243
3316 3316
5197 5197
4257 4257
6631 6631
4859 4859
6644 6644
182 182
6648 6648
6638 6638
6606 6606
3296 3296
4978 4978
5081 5081
6867 6867
5080 5080
5051 5051
2989 2989
6650 6650
2726 2726
6756 6756
1498 1498
3266 3266
4163 4163
5058 5058
6824 6824
6602 6602
1852 1852
4874 4874
5378 5378
1700 1700
3229 3229
6865 6865
5193 5193
3237 3237
6866 6866
1611 1611
6641 6641
4856 4856
3942 3942
2728 2728
2751 2751
6868 6868
6576 6576
6605 6605
3292 3292
5156 5156
5054 5054
309 309
6724 6724
5192 5192
1163 1163
1223 1223
3241 3241
6784 6784
3367 3367
3348 3348
6785 6785
5029 5029
1883 1883
3249 3249
2244 2244
3289 3289
1439 1439
2719 2719
3797 3797
6597 6597
2982 2982
3728 3728
6282 6282
4651 4651
1661 1661
2873 2873
3812 3812
6625 6625
3223 3223
6623 6623
6574 6574
4725 4725
1962 1962
5053 5053
4367 4367
1603 1603
3254 3254
3003 3003
5158 5158
3314 3314
3001 3001
1722 1722
3246 3246
6591 6591
3371 3371
4705 4705
3288 3288
3280 3280
1227 1227
3251 3251
226 226
441 441
3281 3281
1660 1660
1438 1438
5152 5152
1853 1853
4816 4816
1940 1940
2753 2753
3759 3759
6799 6799
5321 5321
4970 4970
1934 1934
1593 1593
6585 6585
3317 3317
3421 3421
6801 6801
5211 5211
1657 1657
5117 5117
1886 1886
440 440
285 285
1140 1140
6592 6592
4878 4878
5041 5041
5102 5102
4366 4366
5303 5303
6578 6578
1730 1730
1831 1831
4061 4061
5072 5072
1625 1625
2746 2746
6537 6537
6721 6721
6633 6633
5157 5157
1571 1571
1222 1222
3447 3447
1620 1620
1942 1942
1600 1600
1534 1534
1585 1585
3445 3445
4123 4123
4124 4124
4807 4807
6800 6800
4883 4883
1619 1619
1573 1573
3765 3765
5130 5130
5062 5062
6533 6533
4125 4125
5077 5077
6693 6693
4730 4730
5191 5191
4649 4649
1601 1601
1977 1977
3407 3407
4709 4709
6529 6529
5298 5298
1738 1738
6530 6530
1568 1568
1739 1739
4161 4161
6642 6642
1162 1162
5249 5249
5205 5205
5007 5007
5287 5287
1576 1576
5215 5215
1912 1912
2977 2977
6489 6489
1689 1689
3172 3172
398 398
4126 4126
1976 1976
6332 6332
6588 6588
5005 5005
4459 4459
1567 1567
6617 6617
1745 1745
6482 6482
1966 1966
4328 4328
1913 1913
4757 4757
773 773
4428 4428
5016 5016
936 936
6523 6523
4855 4855
1591 1591
1275 1275
1379 1379
1561 1561
3497 3497
5370 5370
6479 6479
6563 6563
6559 6559
3456 3456
5113 5113
4737 4737
3718 3718
5066 5066
1878 1878
5069 5069
3452 3452
4158 4158
5101 5101
5034 5034
6368 6368
1387 1387
1711 1711
3381 3381
6531 6531
6538 6538
1137 1137
4824 4824
3436 3436
5252 5252
5116 5116
6319 6319
3144 3144
2897 2897
1598 1598
4606 4606
4729 4729
1876 1876
570 570
4082 4082
4828 4828
3423 3423
1546 1546
5153 5153
4192 4192
5100 5100
1161 1161
3077 3077
1687 1687
3408 3408
3411 3411
6315 6315
4688 4688
4827 4827
1832 1832
3380 3380
4179 4179
4127 4127
4982 4982
5074 5074
4609 4609
1261 1261
5247 5247
4357 4357
1725 1725
4174 4174
3723 3723
1874 1874
4337 4337
6281 6281
5179 5179
4277 4277
911 911
3495 3495
3414 3414
4389 4389
1614 1614
1688 1688
1414 1414
3457 3457
4893 4893
4384 4384
5354 5354
4329 4329
4740 4740
6317 6317
4837 4837
3405 3405
5254 5254
4707 4707
4110 4110
841 841
1279 1279
1632 1632
4449 4449
4622 4622
691 691
3388 3388
4388 4388
6388 6388
1497 1497
384 384
5136 5136
4175 4175
4417 4417
5333 5333
6323 6323
1386 1386
3004 3004
3012 3012
4149 4149
5166 5166
4405 4405
4935 4935
4101 4101
6527 6527
5266 5266
2876 2876
399 399
5282 5282
4973 4973
6560 6560
1431 1431
1784 1784
4335 4335
5360 5360
3235 3235
3207 3207
4387 4387
6486 6486
1243 1243
3333 3333
1259 1259
3067 3067
1669 1669
2912 2912
6467 6467
4775 4775
4333 4333
6508 6508
1433 1433
4889 4889
1220 1220
1652 1652
3413 3413
1595 1595
4932 4932
5089 5089
3196 3196
4176 4176
1245 1245
4331 4331
3063 3063
5132 5132
4776 4776
3425 3425
4458 4458
3460 3460
5086 5086
5262 5262
3242 3242
4391 4391
6557 6557
1663 1663
669 669
1554 1554
3234 3234
253 253
1830 1830
2999 2999
3120 3120
5244 5244
3386 3386
4340 4340
840 840
6512 6512
4334 4334
1824 1824
6566 6566
4687 4687
1633 1633
5374 5374
4712 4712
6567 6567
701 701
3195 3195
4621 4621
4648 4648
3099 3099
6370 6370
1680 1680
4338 4338
5323 5323
4836 4836
3062 3062
4746 4746
3216 3216
5265 5265
1780 1780
4091 4091
5125 5125
5124 5124
5251 5251
3217 3217
6307 6307
6571 6571
4814 4814
4713 4713
4092 4092
6878 6878
4114 4114
4724 4724
4167 4167
5163 5163
933 933
4774 4774
3169 3169
4369 4369
4177 4177
1586 1586
6411 6411
4321 4321
4808 4808
5250 5250
5148 5148
6389 6389
3334 3334
4284 4284
1814 1814
1299 1299
5283 5283
1499 1499
4427 4427
2881 2881
1255 1255
3037 3037
2910 2910
1649 1649
4362 4362
6526 6526
3043 3043
4454 4454
4430 4430
4550 4550
5212 5212
1646 1646
4150 4150
1214 1214
1782 1782
4806 4806
5256 5256
5122 5122
4398 4398
5304 5304
4958 4958
4950 4950
4401 4401
5255 5255
2877 2877
3511 3511
4488 4488
697 697
4359 4359
4593 4593
4601 4601
4543 4543
4153 4153
3189 3189
6375 6375
4871 4871
4185 4185
3113 3113
6309 6309
6292 6292
4553 4553
6505 6505
1682 1682
4290 4290
4552 4552
3031 3031
2884 2884
4953 4953
1215 1215
4487 4487
4187 4187
4728 4728
4486 4486
4358 4358
5297 5297
1200 1200
4443 4443
1327 1327
5225 5225
829 829
4821 4821
1634 1634
4930 4930
1350 1350
4985 4985
1480 1480
3183 3183
6383 6383
4689 4689
4956 4956
2856 2856
3109 3109
4102 4102
843 843
4409 4409
4607 4607
4921 4921
4538 4538
4435 4435
1786 1786
6289 6289
4372 4372
876 876
6874 6874
4677 4677
1160 1160
6510 6510
791 791
5234 5234
4922 4922
2971 2971
1809 1809
914 914
927 927
5142 5142
4868 4868
1399 1399
1556 1556
4118 4118
6573 6573
4354 4354
730 730
3944 3944
3206 3206
4407 4407
743 743
1132 1132
1557 1557
4951 4951
3039 3039
1904 1904
4537 4537
696 696
3006 3006
4489 4489
3320 3320
3107 3107
4425 4425
4467 4467
6381 6381
2848 2848
4519 4519
4994 4994
3177 3177
4360 4360
4682 4682
3115 3115
995 995
1787 1787
636 636
2998 2998
929 929
4470 4470
4934 4934
4302 4302
808 808
4344 4344
3035 3035
882 882
2821 2821
4392 4392
895 895
4615 4615
4546 4546
4613 4613
3090 3090
4116 4116
4476 4476
1735 1735
4424 4424
1133 1133
1121 1121
4943 4943
2917 2917
2859 2859
1478 1478
4347 4347
2863 2863
6285 6285
4564 4564
4119 4119
1861 1861
1864 1864
594 594
1040 1040
1168 1168
1755 1755
4500 4500
1311 1311
3134 3134
4452 4452
4361 4361
6511 6511
4349 4349
2932 2932
926 926
6554 6554
2969 2969
4310 4310
610 610
4562 4562
4286 4286
783 783
1862 1862
4142 4142
4580 4580
726 726
1149 1149
1190 1190
2914 2914
1369 1369
2972 2972
6572 6572
2929 2929
4493 4493
1202 1202
4545 4545
4494 4494
6295 6295
4628 4628
1519 1519
5295 5295
688 688
1769 1769
3029 3029
676 676
3507 3507
648 648
3137 3137
2966 2966
4503 4503
4461 4461
4352 4352
4515 4515
4962 4962
4561 4561
1238 1238
4941 4941
4963 4963
1122 1122
4997 4997
4571 4571
1375 1375
1795 1795
4568 4568
4583 4583
2845 2845
4431 4431
1033 1033
2913 2913
3500 3500
1023 1023
1014 1014
884 884
4747 4747
1520 1520
6294 6294
658 658
4506 4506
1169 1169
3007 3007
1791 1791
1194 1194
830 830
4968 4968
989 989
4966 4966
932 932
1017 1017
875 875
4597 4597
3155 3155
603 603
1417 1417
1796 1796
1798 1798
958 958
970 970
4586 4586
4528 4528
6872 6872
848 848
897 897
4533 4533
2905 2905
6296 6296
955 955
1449 1449
3096 3096
4442 4442
1018 1018
2865 2865
1045 1045
1337 1337
1044 1044
4463 4463
987 987
1429 1429
4989 4989
944 944
1112 1112
4844 4844
4637 4637
4573 4573
924 924
4936 4936
4631 4631
4582 4582
904 904
1003 1003
1004 1004
1758 1758
903 903
1063 1063
937 937
965 965
993 993
1013 1013
1167 1167
674 674
4672 4672
1458 1458
839 839
2825 2825
721 721
4108 4108
1178 1178
1125 1125
6546 6546
1526 1526
4991 4991
1525 1525
957 957
1055 1055
3026 3026
4379 4379
975 975
901 901
705 705
823 823
3130 3130
1188 1188
1236 1236
891 891
2834 2834
2829 2829
1454 1454
1251 1251
4641 4641
1118 1118
4929 4929
1759 1759
6287 6287
4238 4238
4254 4254
3125 3125
905 905
1893 1893
1323 1323
1151 1151
4240 4240
4382 4382
1267 1267
978 978
2843 2843
4237 4237
6302 6302
2831 2831
1490 1490
2826 2826
1203 1203
1115 1115
1091 1091
1264 1264
1199 1199
1419 1419
767 767
1402 1402
4377 4377
1537 1537
1481 1481
3151 3151
4282 4282
2839 2839
1093 1093
857 857
1464 1464
1103 1103
1141 1141
