92 2
3347 4
738 7
2116 8
107 9
1033 12
3508 14
558 16
2736 17
1795 18
3106 19
3585 25
1551 28
1376 31
3622 33
948 36
2689 37
2988 39
3455 43
996 46
1811 50
3471 52
356 53
1692 55
1441 59
3217 67
3511 68
2051 69
2247 70
2041 71
1617 76
1107 80
393 82
2878 87
3232 89
2318 94
2617 95
1321 97
3542 99
2977 104
1823 109
187 110
2404 111
76 112
3242 114
2188 115
2234 131
3357 137
2157 142
3654 145
1681 148
1670 149
171 150
2370 152
941 153
1295 154
3440 155
2112 156
3333 158
3486 159
1044 161
3473 162
490 163
3389 164
700 168
728 172
2293 176
2460 183
1499 191
1170 193
1868 199
3593 200
2774 202
1154 207
2813 210
1759 211
1524 213
644 215
2115 223
1281 225
1852 226
1068 229
3631 232
596 233
505 235
3188 241
682 246
567 249
268 257
2850 263
2100 266
3016 269
2402 270
2572 271
2726 272
2762 274
3346 275
2404 279
2193 282
182 283
171 284
481 293
1367 295
2955 303
1222 304
3593 308
2728 309
1372 316
680 317
1130 318
1807 321
1194 322
2046 323
1337 325
3175 327
3440 328
3232 329
3047 332
439 336
232 340
880 341
232 342
775 351
2187 353
1647 355
3393 356
310 357
1224 359
731 361
554 362
2092 363
680 365
1739 375
2214 380
3221 381
439 388
1446 391
1875 396
3158 398
3515 400
3111 401
195 403
1580 404
1147 407
455 415
1696 419
1274 421
1024 426
941 428
2221 429
2797 435
3590 438
3418 441
380 442
2480 447
637 449
94 452
2865 453
3250 457
2698 462
1415 465
2318 466
2068 467
260 471
466 475
2215 480
2732 481
2584 500
3079 504
1887 505
1737 507
1181 508
3446 509
1406 514
2764 515
1024 516
1694 517
2390 520
187 522
2508 524
3077 526
1721 530
1773 537
3241 539
2715 544
5079 545
1089 550
880 551
3441 554
1264 557
310 562
3652 566
3326 567
1028 573
615 576
1565 577
1951 578
2288 583
796 586
278 592
1721 593
3496 594
2304 597
2702 598
1016 603
3152 604
3496 611
562 613
2149 614
617 617
1611 621
2837 622
16 624
2468 628
3512 630
638 638
2909 640
1021 641
3452 644
3535 651
886 653
462 655
3232 656
825 659
3545 661
1594 662
2148 664
1186 668
1436 672
2972 673
675 675
3576 676
1612 679
2758 682
2245 684
603 685
3605 687
1769 688
3551 689
1585 695
151 697
66 700
2187 703
918 707
1255 708
3456 715
2813 722
945 728
3247 729
990 732
2806 736
1181 738
1376 740
2559 741
2014 742
1222 747
1781 750
3601 754
689 759
3085 760
3033 762
305 763
336 774
776 776
2859 777
749 781
1659 789
2592 793
189 795
495 806
2079 807
2762 808
3043 810
680 812
2590 814
2929 819
169 821
3221 822
2837 825
941 830
831 831
2578 832
1058 834
1853 835
355 836
1668 837
1063 838
232 840
3414 841
1613 845
603 851
1153 853
329 861
2166 863
72 869
1807 871
2762 873
1678 874
1668 878
2240 879
881 881
3163 882
1174 883
681 884
3589 885
3599 887
3246 891
3639 895
3372 897
2321 901
2333 905
3115 910
124 912
2872 913
3512 914
1119 915
1145 923
3018 928
2247 929
2187 931
3041 936
1973 939
1724 940
1487 942
3437 946
749 947
1145 948
2468 950
3614 951
1196 961
1317 963
3447 966
326 967
2954 968
2100 974
266 976
5750 977
2535 986
1432 987
2929 993
380 995
46 996
1287 998
1680 999
1722 1004
2263 1007
1385 1012
685 1019
657 1027
3142 1029
398 1032
976 1033
1633 1035
2920 1037
3452 1041
1914 1042
1824 1045
2702 1052
2086 1059
3674 1064
1749 1065
281 1066
2577 1067
1214 1068
1875 1071
3415 1072
1468 1074
1898 1080
1857 1082
3147 1083
2954 1086
108 1087
137 1088
2337 1089
1235 1095
3093 1107
2366 1108
325 1112
1611 1115
275 1118
3258 1121
3141 1122
362 1125
1287 1127
2319 1134
249 1135
1748 1136
1432 1137
646 1139
2052 1140
440 1147
2877 1150
3296 1151
1718 1152
2615 1157
307 1159
1238 1160
2528 1165
1580 1170
2805 1173
3043 1181
2144 1184
2504 1185
264 1187
2993 1188
3455 1192
2419 1198
1908 1199
1724 1201
1529 1202
1749 1208
1923 1214
2915 1215
2083 1219
1181 1222
1823 1224
2525 1226
915 1230
253 1232
1739 1233
2916 1237
1067 1242
1243 1243
3296 1248
1847 1249
3093 1250
2816 1251
3404 1254
642 1256
3163 1259
2340 1262
96 1265
643 1266
3590 1269
2277 1275
2095 1277
1377 1278
2436 1280
1680 1283
210 1284
2830 1286
2195 1287
3599 1288
3389 1291
3322 1294
2051 1297
689 1299
1039 1305
1986 1306
1923 1314
3669 1321
2312 1327
813 1332
1287 1334
2149 1336
1771 1337
2140 1338
1186 1341
2054 1351
2800 1352
1503 1354
3138 1361
275 1362
1733 1363
107 1365
1601 1369
2439 1370
549 1371
1297 1374
2468 1376
3589 1384
1504 1389
2046 1390
3047 1393
316 1400
2202 1404
50 1406
3498 1413
863 1416
2604 1420
2801 1424
3401 1430
3068 1431
1864 1434
2027 1438
439 1446
329 1447
2837 1451
2689 1452
1222 1457
1461 1461
945 1465
2396 1468
1160 1469
1125 1475
1482 1482
1238 1487
3347 1488
1469 1490
725 1491
2726 1494
1986 1498
3227 1499
2590 1502
3615 1511
3156 1514
1242 1517
2435 1520
1541 1532
279 1533
3613 1537
2295 1540
1238 1543
2800 1544
3054 1548
356 1553
3535 1558
1260 1560
691 1565
2863 1567
594 1572
3345 1573
2256 1574
3055 1576
2712 1582
3182 1585
741 1586
2743 1588
1591 1591
1764 1593
336 1595
1502 1602
1336 1603
1814 1609
1749 1611
2383 1615
985 1621
109 1633
1635 1635
1698 1636
642 1643
875 1646
2590 1647
1731 1649
2499 1651
3576 1652
2049 1655
1234 1657
631 1661
3060 1663
226 1666
2721 1669
3102 1671
115 1672
3048 1674
2403 1675
2920 1677
3335 1678
3334 1680
3254 1689
58 1691
1314 1695
1530 1702
2337 1707
226 1710
2300 1717
2428 1718
81 1720
2558 1724
3408 1727
275 1728
2616 1729
3458 1732
248 1735
974 1738
2884 1741
1555 1744
996 1745
1506 1747
2797 1748
2527 1749
984 1751
3286 1752
3473 1756
1194 1759
2837 1760
1635 1765
3616 1774
2052 1776
2774 1780
1249 1781
902 1782
1751 1785
2639 1795
1194 1796
898 1799
2848 1800
2621 1805
1560 1815
580 1816
3418 1817
3286 1819
972 1823
2870 1829
19 1832
137 1836
680 1840
2060 1846
439 1848
824 1850
3583 1853
2987 1854
1824 1855
615 1856
310 1859
644 1860
3407 1863
167 1865
2008 1866
2934 1870
2739 1871
2437 1875
401 1876
739 1886
92 1887
1119 1892
2712 1894
1722 1896
915 1902
2263 1906
3607 1908
948 1910
1691 1912
3448 1917
2550 1922
1594 1924
615 1925
356 1927
2268 1928
288 1929
2214 1932
492 1933
1682 1935
3556 1947
1883 1949
1365 1950
481 1951
297 1954
1280 1956
1749 1958
1164 1959
2721 1961
1956 1966
1698 1975
2719 1977
1297 1979
35 1992
155 1993
2548 1994
3311 1995
2014 1996
1297 2002
2878 2004
295 2008
615 2011
3593 2013
2698 2014
2036 2017
2704 2018
2340 2023
643 2026
1698 2028
730 2029
2445 2030
259 2034
2326 2035
2025 2036
2719 2037
160 2044
1160 2047
879 2049
3589 2050
2308 2052
2849 2057
1973 2059
1837 2060
96 2061
1749 2078
2263 2079
2528 2082
3325 2084
2086 2086
1762 2088
1942 2091
3674 2097
1526 2100
295 2102
3231 2110
411 2113
2337 2124
1604 2132
2776 2134
1916 2135
2917 2137
331 2138
1230 2140
3590 2143
2144 2144
1747 2146
524 2156
3047 2159
1113 2160
366 2162
768 2166
2284 2168
1456 2169
1807 2170
1828 2171
356 2172
1749 2173
2923 2174
430 2184
3296 2191
2232 2193
1536 2196
2711 2200
1242 2203
3204 2204
1194 2205
1507 2210
3016 2211
1383 2213
3439 2214
3230 2218
2591 2222
710 2223
709 2225
3296 2227
2525 2230
14 2232
3217 2233
1721 2235
759 2240
167 2242
1811 2244
2572 2246
3440 2247
1916 2248
1661 2251
1223 2254
2670 2256
1270 2260
881 2274
3074 2275
1067 2277
226 2284
2073 2285
3149 2291
2722 2292
1522 2296
1994 2297
2936 2299
615 2302
3232 2303
41 2304
2244 2307
3504 2312
3590 2314
2584 2316
494 2317
2090 2323
769 2325
3458 2328
187 2329
1183 2333
2313 2334
3134 2340
1864 2344
3542 2349
1641 2353
714 2354
3085 2357
2566 2365
1230 2369
3150 2370
3250 2382
1331 2383
1685 2384
3418 2385
1928 2390
1875 2391
2285 2393
2614 2395
367 2397
1744 2401
2875 2402
601 2403
1815 2407
167 2414
1703 2415
3280 2416
1039 2418
3177 2423
1548 2427
893 2428
2604 2433
9 2435
769 2440
1080 2442
860 2449
1698 2453
1480 2458
536 2462
1949 2464
531 2468
3278 2469
2218 2476
1155 2478
2693 2483
916 2487
1489 2489
3080 2491
76 2493
1713 2498
925 2499
380 2500
1270 2502
1585 2505
2572 2506
3299 2508
1370 2510
377 2511
3473 2513
213 2514
2468 2515
776 2516
254 2518
904 2519
241 2521
2559 2526
1112 2529
2125 2531
2712 2532
546 2534
1272 2537
2583 2540
2905 2546
448 2547
2490 2548
1833 2551
3286 2552
1119 2554
1791 2556
2086 2558
881 2560
2750 2561
253 2562
2046 2572
2156 2576
1791 2578
1415 2580
3383 2584
1721 2586
2663 2588
297 2590
2917 2613
1619 2616
1798 2622
1611 2624
1346 2628
1111 2629
3374 2636
2712 2641
2412 2645
760 2647
802 2648
2054 2650
2757 2653
6015 2654
587 2669
439 2673
179 2675
728 2677
167 2679
1864 2682
2241 2684
772 2690
1674 2693
53 2695
2444 2698
1949 2699
3594 2704
2089 2709
694 2717
271 2718
2692 2721
3511 2722
1370 2723
1499 2724
1683 2726
1380 2729
213 2733
802 2736
2966 2738
2230 2740
1224 2744
2214 2746
549 2747
246 2748
2905 2749
1314 2751
948 2753
714 2758
471 2761
3323 2762
3415 2767
3357 2768
328 2778
441 2779
73 2780
2313 2781
1316 2786
2112 2789
1745 2791
2177 2796
691 2799
3047 2805
1052 2808
1083 2809
1771 2814
2090 2820
1877 2824
1683 2830
1741 2834
2137 2836
439 2837
1849 2839
3009 2840
1788 2841
2046 2844
3116 2846
1022 2851
2858 2858
2221 2859
3600 2860
2419 2869
1762 2871
2224 2874
2859 2875
3638 2876
2024 2880
2784 2881
2837 2882
3519 2884
1616 2885
2814 2898
388 2899
911 2902
2598 2903
2675 2904
3353 2905
2286 2907
132 2911
70 2912
2010 2914
1844 2916
1094 2918
2794 2919
1509 2922
2661 2924
2560 2926
2573 2927
2686 2930
583 2932
1179 2934
3199 2935
2990 2936
401 2938
3504 2941
2582 2945
2717 2947
2686 2949
1435 2953
3069 2958
1277 2966
3540 2967
1526 2971
3164 2975
2845 2982
3599 2984
1790 2989
1573 2992
2245 2995
145 2999
3485 3007
2298 3009
1615 3012
3552 3013
2887 3019
808 3021
1647 3026
2284 3036
3463 3037
2445 3043
1812 3045
2004 3052
232 3053
2199 3054
3525 3056
3270 3058
161 3060
3329 3063
1440 3065
1522 3068
3495 3069
3138 3071
403 3074
3381 3076
1877 3077
3100 3086
1420 3088
3230 3089
1002 3090
14 3094
2653 3096
187 3097
2232 3098
3041 3099
3232 3101
2236 3102
1112 3106
3135 3108
1620 3109
3321 3111
1676 3115
2560 3116
2877 3136
1604 3138
1162 3142
108 3143
3158 3150
1206 3151
2661 3153
917 3158
1675 3160
3033 3163
387 3166
3299 3171
2468 3179
1795 3180
2056 3183
3241 3187
1474 3189
2970 3192
1698 3194
187 3199
3119 3200
825 3202
98 3203
2325 3204
2149 3205
2466 3206
864 3211
458 3216
1641 3220
293 3221
3589 3222
3589 3224
3454 3227
3458 3230
1919 3234
898 3235
2337 3236
1147 3237
2563 3238
3615 3240
92 3243
3582 3244
3065 3246
1420 3247
2030 3249
3364 3250
3610 3254
3565 3255
3222 3256
1628 3257
3540 3260
1509 3262
3607 3263
2333 3267
3270 3270
3271 3271
2462 3272
3436 3274
44 3275
2328 3276
2309 3279
3281 3281
1160 3286
3103 3287
3430 3288
1575 3290
1385 3292
3238 3293
3553 3296
3589 3297
44 3298
3582 3302
161 3303
3111 3309
3337 3314
3327 3320
3362 3321
3392 3324
3418 3325
1553 3331
2086 3335
1936 3341
3529 3342
357 3346
1313 3351
3093 3354
3649 3358
3590 3361
352 3364
2262 3367
3323 3368
407 3372
3502 3373
3331 3374
315 3376
3455 3380
3275 3383
1291 3389
3283 3390
2800 3394
1379 3398
3107 3400
357 3401
692 3404
3410 3408
3446 3410
3553 3411
3607 3412
3270 3413
3293 3422
114 3423
1642 3426
3223 3432
3286 3433
9 3434
3615 3436
3593 3440
232 3442
2792 3443
3472 3449
885 3453
2328 3454
2527 3458
448 3459
3561 3461
3583 3464
3204 3473
1566 3476
2349 3478
3590 3479
3314 3482
2127 3483
3590 3488
3520 3489
2471 3490
3359 3497
3241 3498
3496 3499
2626 3500
10 3502
3590 3505
3616 3506
3646 3508
1488 3517
99 3518
3422 3519
2372 3525
3468 3526
3468 3528
145 3530
2611 3531
3228 3534
3614 3536
1205 3537
3630 3541
3247 3542
3204 3546
3636 3547
2114 3548
819 3550
228 3552
2468 3559
3561 3561
1755 3563
2712 3564
287 3566
3476 3567
1420 3569
3590 3570
3314 3572
2671 3576
2799 3577
2184 3581
3579 3582
275 3583
615 3584
3555 3588
439 3589
3651 3590
3452 3592
3615 3595
3485 3596
3296 3605
342 3615
3142 3617
1626 3625
3458 3626
481 3628
1621 3632
3472 3633
2718 3634
3561 3636
1790 3637
1807 3640
530 3645
3615 3650
2988 3651
3142 3652
2356 3653
1532 3654
3456 3655
3551 3657
3659 3659
3407 3662
3410 3663
352 3669
88 3671
856 3673
3430 3674
4708 3675
4169 3676
6566 3678
5337 3679
3683 3683
4386 3690
5851 3692
4824 3698
5638 3699
5250 3701
5081 3702
3842 3703
6113 3705
4976 3706
4653 3709
4908 3713
4180 3714
3755 3716
6166 3721
4191 3722
4705 3723
6182 3725
4054 3731
4895 3732
3708 3734
4388 3735
6206 3736
6139 3738
5687 3750
5767 3752
5783 3758
4620 3759
6583 3760
6028 3762
5019 3765
5530 3766
4806 3767
4796 3772
5399 3773
5194 3776
3777 3778
5314 3780
4555 3782
3783 3783
4843 3784
5473 3786
4893 3792
5899 3795
6731 3799
6024 3800
4853 3802
6202 3803
3806 3805
5379 3806
3780 3807
6435 3808
4878 3809
4083 3810
5980 3812
4980 3815
4935 3818
5557 3819
4919 3820
5569 3823
6756 3825
5253 3828
5404 3831
5129 3833
4543 3837
4860 3848
6254 3849
6445 3851
5436 3852
4998 3855
4691 3856
6759 3858
4137 3864
5926 3869
4895 3871
4751 3873
6666 3874
3691 3875
4030 3876
6226 3878
4030 3881
6045 3882
3995 3886
6663 3890
5704 3894
3750 3896
5652 3898
6566 3900
4405 3901
3931 3907
4581 3908
5645 3909
6045 3910
5261 3911
6662 3914
6492 3917
4049 3921
4357 3922
6229 3925
5631 3927
5261 3933
5303 3935
3971 3940
5768 3942
5042 3944
4895 3946
5199 3947
4495 3949
3911 3951
6759 3952
6566 3953
6231 3954
4377 3958
6056 3959
6739 3962
5521 3963
4581 3964
6714 3967
4030 3968
5811 3969
6206 3970
3819 3975
3780 3977
4165 3978
4574 3979
5728 3980
5547 3981
5283 3983
5412 3987
4492 3989
5510 3992
5021 3996
4364 3998
5567 3999
3846 4001
5355 4002
4963 4003
5401 4007
6688 4010
5484 4013
5627 4014
5773 4015
5495 4017
6724 4021
3922 4023
6705 4025
6566 4028
5025 4030
5661 4031
3683 4037
6845 4039
6731 4044
3956 4047
6193 4049
3861 4051
4968 4052
4735 4053
4207 4054
4232 4055
6583 4056
4600 4059
6038 4067
4430 4070
6235 4073
6546 4074
6435 4081
4922 4082
5817 4085
6514 4091
5880 4092
4940 4093
6512 4096
6629 4097
6561 4101
5221 4102
5926 4103
4909 4104
4947 4106
5837 4108
3785 4111
6601 4112
3780 4113
5505 4115
6863 4116
4334 4118
3917 4120
6134 4122
5148 4125
4468 4126
4461 4127
4341 4128
4059 4129
6393 4132
4160 4133
4289 4136
6759 4140
3978 4142
6217 4146
4980 4150
4895 4151
5638 4152
6621 4153
6798 4154
6714 4156
3861 4157
4527 4160
5777 4161
6363 4165
5550 4168
6075 4169
6193 4172
6663 4173
6600 4175
5513 4178
3869 4182
5207 4186
4514 4187
5280 4188
4926 4191
6773 4192
5795 4194
4058 4196
5512 4198
6466 4199
4524 4200
5521 4202
4217 4203
6217 4204
4237 4205
6878 4207
4315 4214
4186 4217
4341 4219
4821 4221
5016 4223
6724 4224
6724 4225
6818 4230
4895 4231
4350 4232
4895 4233
6682 4235
6794 4237
5838 4238
4777 4239
5112 4240
3944 4241
5514 4242
5593 4244
4581 4246
4014 4248
6109 4250
6798 4253
6732 4255
5110 4257
5638 4259
5004 4272
3909 4274
5562 4277
4844 4278
4084 4282
6134 4283
4609 4285
4067 4291
6583 4292
6024 4294
4219 4295
5360 4296
5841 4299
4300 4300
5495 4302
6502 4303
6226 4304
5377 4305
5110 4308
5237 4309
4794 4311
4960 4313
4556 4315
5148 4317
3796 4320
3971 4321
6662 4322
6616 4325
6234 4327
3724 4328
4341 4341
5404 4342
5914 4344
5810 4345
6878 4352
4733 4354
4241 4357
5016 4360
4152 4363
4501 4364
4869 4369
6134 4370
6214 4371
4338 4372
4968 4373
4224 4374
5773 4377
6700 4378
6143 4382
5715 4384
6640 4385
5633 4386
4578 4393
3756 4400
6170 4402
5762 4411
4420 4418
6714 4423
4224 4426
5094 4427
4592 4428
4105 4429
4225 4431
5789 4433
4030 4434
4492 4435
3975 4437
5868 4438
5299 4440
6038 4442
6714 4443
5530 4446
5314 4449
4190 4452
5700 4454
4742 4457
3748 4458
5404 4460
4246 4461
5257 4462
5678 4463
6235 4465
5466 4468
5194 4470
6427 4473
5750 4474
6870 4475
3745 4476
4137 4477
4932 4478
6060 4479
4854 4492
5404 4496
5355 4499
6468 4500
6469 4501
4964 4505
6759 4506
5718 4507
6120 4509
5380 4511
6565 4512
6009 4514
4600 4518
4229 4522
6536 4524
4526 4526
3713 4528
6060 4531
5355 4534
6583 4536
5795 4539
5870 4541
5810 4542
6189 4546
5858 4547
5259 4548
4615 4550
4314 4552
5444 4554
5212 4561
3708 4562
6619 4563
6471 4564
6376 4565
6045 4566
4182 4573
6005 4574
4017 4583
6248 4584
3819 4587
4870 4589
4563 4590
4545 4594
4748 4596
4089 4600
5657 4610
3794 4612
4295 4615
4710 4616
5560 4618
4077 4622
4224 4624
3786 4628
6420 4631
5424 4632
4895 4633
3683 4637
6865 4642
4620 4644
5641 4647
3819 4649
4650 4650
3804 4651
5049 4656
5758 4658
3891 4660
5795 4661
6702 4663
4620 4664
3836 4668
6391 4674
6374 4684
6732 4685
4895 4686
4968 4687
5512 4688
5341 4689
5687 4691
4034 4697
5800 4702
5883 4703
6583 4704
3691 4705
5975 4707
5513 4708
4165 4709
4758 4717
5401 4718
4030 4721
4314 4722
3958 4727
5522 4730
5687 4731
3971 4734
5088 4735
6509 4736
4760 4738
5868 4742
5288 4743
6700 4745
4786 4747
5180 4751
5755 4752
3922 4754
6731 4756
6731 4757
6002 4760
6022 4768
3780 4771
6700 4772
5264 4773
5795 4781
6726 4782
4788 4788
5501 4790
3777 4791
5259 4793
5527 4798
6166 4801
5673 4802
5281 4805
4854 4806
5869 4807
4895 4809
3981 4810
4653 4812
4914 4813
5777 4815
6588 4817
6877 4820
5589 4831
4310 4832
6308 4835
6354 4838
6714 4841
6126 4844
4870 4847
5497 4849
5177 4851
5975 4852
5083 4854
5572 4855
4286 4856
6497 4857
5271 4860
4733 4863
4217 4865
5156 4869
3783 4870
5106 4871
6308 4873
3826 4874
3842 4875
6663 4876
3981 4878
3779 4881
5531 4885
5049 4888
6783 4891
6731 4892
6206 4896
4784 4899
6781 4900
4543 4906
6164 4907
6210 4910
4334 4914
4870 4919
4500 4921
4824 4922
3819 4927
3780 4929
4493 4930
4932 4932
4493 4934
5789 4937
6295 4941
4667 4942
5634 4943
4895 4945
6580 4950
4231 4953
5878 4954
5259 4958
5789 4960
5056 4962
6226 4965
3737 4970
5870 4971
4475 4973
6731 4975
5611 4978
4005 4981
4079 4982
5158 4989
4138 4990
6507 4992
4286 4994
6789 4999
5113 5000
4803 5003
6363 5004
6843 5011
4085 5012
4895 5013
6798 5014
6663 5015
4217 5018
4349 5019
4707 5020
3851 5021
6024 5023
5620 5025
6651 5028
4758 5029
4339 5030
6374 5032
4784 5033
6214 5039
4595 5047
4870 5048
6242 5050
5593 5053
5831 5055
5056 5056
4893 5059
6759 5061
4614 5063
3907 5064
5342 5066
6714 5067
4130 5071
4241 5072
4968 5073
5544 5075
5261 5077
4854 5083
5150 5084
4237 5086
6179 5090
6581 5093
5027 5097
5414 5099
4800 5100
5450 5101
5106 5102
4016 5104
5016 5107
4843 5109
6672 5117
4917 5118
5869 5120
5049 5121
4044 5122
5016 5123
4849 5125
4968 5126
4859 5128
3721 5131
4801 5134
5621 5140
4475 5143
6846 5144
6235 5145
4957 5150
3981 5152
4007 5153
6739 5156
5294 5157
4842 5158
5081 5160
5049 5161
3767 5163
6026 5165
3780 5167
5479 5170
3783 5171
6546 5173
4581 5175
6234 5177
4070 5178
6846 5179
3777 5180
5592 5182
5245 5184
4092 5189
5905 5190
6332 5191
5194 5195
4493 5198
3706 5205
6385 5206
3986 5207
5632 5208
3870 5210
4049 5213
6414 5222
4919 5224
5235 5235
3713 5238
5593 5239
6182 5240
4504 5241
6566 5243
4564 5245
5049 5246
6877 5247
4968 5248
4668 5249
4968 5251
5221 5254
6731 5259
6026 5264
3780 5267
4137 5268
5920 5269
3750 5271
5081 5272
5404 5277
4767 5279
4564 5280
5725 5285
6806 5290
4653 5293
6061 5294
4389 5295
3689 5297
6151 5298
4077 5299
4737 5300
6781 5302
4788 5306
5404 5309
4842 5311
6297 5312
3896 5315
3830 5316
4581 5319
5424 5322
5589 5323
3780 5326
4801 5328
6576 5329
6759 5330
5062 5332
4232 5334
6592 5337
5106 5341
4691 5342
5107 5344
5345 5345
4859 5346
5571 5348
6695 5352
4127 5353
5771 5355
4791 5360
5256 5366
5261 5368
4512 5372
5829 5374
5630 5378
3733 5379
6791 5381
4919 5382
5998 5384
6733 5385
6865 5386
6520 5389
4877 5392
4077 5393
3767 5396
6589 5401
6878 5402
6603 5405
4968 5406
6448 5407
5410 5410
4737 5411
5113 5415
6646 5422
4895 5425
6108 5427
6566 5430
5163 5434
5245 5435
6832 5436
4854 5438
4212 5443
3783 5444
4163 5446
4637 5447
6076 5448
4336 5450
5851 5453
4224 5462
6539 5469
4497 5470
6626 5473
4005 5475
4092 5476
6672 5483
6852 5485
6878 5496
4232 5497
6696 5499
6028 5500
5678 5501
4791 5505
6076 5506
4241 5508
5606 5511
5058 5514
5438 5515
5744 5517
4038 5519
5166 5522
3755 5524
4821 5525
6741 5527
5515 5534
4609 5538
5447 5539
6714 5541
6117 5543
5709 5550
4054 5552
3750 5554
5725 5555
6714 5559
5950 5560
5070 5562
6857 5563
4581 5566
3859 5567
4127 5569
4465 5571
5530 5572
4895 5574
5404 5577
5706 5581
4462 5582
5586 5586
6731 5589
5483 5590
5245 5591
4005 5597
6663 5599
5966 5603
5163 5604
6028 5605
4003 5607
6561 5610
6298 5621
4990 5624
6825 5626
6430 5627
4663 5629
4777 5630
6814 5632
4870 5633
4224 5636
6718 5637
5773 5638
4942 5641
4322 5643
3776 5646
4895 5647
5582 5648
5424 5651
6695 5652
6561 5654
3904 5657
4259 5658
4926 5660
5029 5673
3915 5674
4233 5681
6860 5683
5928 5689
5611 5691
5183 5696
6682 5699
4341 5701
6338 5702
4801 5703
5980 5708
6164 5709
6436 5711
5715 5715
5634 5716
5056 5718
6806 5722
6497 5723
4190 5724
4418 5725
5885 5726
5725 5728
4895 5730
4469 5732
6701 5733
4501 5734
5212 5735
6003 5739
3915 5741
3947 5742
6170 5743
5527 5745
6481 5746
4178 5747
5035 5748
6668 5749
5777 5755
4944 5757
5817 5758
3759 5769
5822 5771
6376 5773
5258 5775
5880 5778
6059 5780
5930 5781
6261 5784
3859 5786
4922 5788
5107 5790
5065 5791
6348 5792
4960 5793
6740 5794
4767 5795
6759 5796
5801 5801
5706 5802
3833 5809
5041 5813
6868 5816
3859 5817
5931 5822
5958 5824
5517 5827
6019 5828
4922 5829
4582 5831
4851 5832
6479 5834
5783 5836
3854 5847
4895 5854
4252 5857
5841 5858
6206 5859
4513 5860
6160 5862
5592 5863
5941 5864
4286 5866
5906 5868
4822 5870
6086 5878
5110 5884
4609 5886
4600 5892
4054 5893
5620 5895
4997 5896
5516 5900
6870 5902
6566 5903
3737 5904
4397 5905
5112 5914
6759 5916
6391 5918
4127 5920
5245 5925
3841 5926
6226 5940
4698 5941
5537 5942
4543 5944
6561 5949
5931 5957
5107 5958
3707 5962
6186 5965
3688 5966
4895 5971
6663 5972
5189 5975
5379 5978
6759 5979
5332 5980
6045 5983
3888 5984
4714 5987
5508 5989
6134 5990
5262 5997
6589 6000
4525 6003
4084 6006
6045 6011
4895 6015
5728 6016
6584 6017
4350 6018
4870 6019
6698 6021
5795 6025
4895 6026
3780 6028
5343 6030
5982 6035
6332 6036
5354 6042
4513 6043
4846 6044
6518 6047
5885 6048
6876 6050
5620 6053
4609 6054
4527 6055
4038 6057
5410 6059
5380 6060
5663 6066
3731 6067
4436 6073
5878 6076
5078 6077
4411 6079
4259 6083
3777 6086
6616 6087
6583 6088
3819 6089
5049 6092
5873 6095
4102 6096
5380 6100
6878 6101
5645 6102
5508 6103
5355 6104
4854 6105
6261 6108
6254 6109
5737 6112
4224 6116
6588 6117
6781 6119
6601 6123
6125 6125
4429 6126
6518 6127
6566 6128
5942 6136
4574 6143
5049 6144
5200 6145
4895 6146
5952 6147
5444 6150
4461 6151
5468 6153
4058 6155
6754 6159
6588 6160
3826 6161
4796 6162
6652 6166
4942 6167
5249 6170
5053 6172
3955 6175
5175 6184
5365 6187
6109 6189
5112 6193
5380 6199
4843 6206
6841 6210
6626 6216
5673 6217
4071 6219
5758 6220
6217 6223
4879 6225
6226 6226
6663 6230
5241 6232
6202 6234
5629 6237
5353 6238
5810 6239
3909 6242
4224 6249
6683 6253
6026 6254
6028 6255
5215 6259
6587 6260
5049 6262
5593 6264
4159 6265
6169 6269
3859 6270
5797 6276
4350 6282
5661 6284
4412 6288
4558 6289
5354 6291
4240 6293
4314 6296
5931 6298
5845 6305
6387 6306
6338 6309
6374 6311
4543 6312
5958 6314
4974 6319
4030 6324
5212 6325
4267 6326
4449 6327
4769 6328
4750 6338
4929 6340
3873 6341
6141 6342
5068 6346
4186 6350
4581 6354
6616 6355
6616 6359
5250 6360
5637 6364
6354 6365
3826 6368
4497 6370
3780 6371
5810 6378
6463 6379
4330 6381
5750 6385
4649 6396
5783 6397
5917 6398
5380 6400
4877 6401
4960 6407
3907 6409
5016 6411
4461 6412
5189 6414
4409 6415
6169 6417
5870 6421
5631 6426
6164 6428
5762 6433
6364 6434
5773 6437
4034 6440
4077 6445
3941 6449
6430 6450
6113 6451
3999 6460
3938 6461
5410 6467
4791 6471
6724 6473
5049 6474
5572 6475
5709 6477
5165 6478
6606 6479
5994 6483
5275 6487
6781 6491
6865 6492
5404 6501
4127 6511
6566 6513
5947 6514
3783 6515
4412 6516
4400 6517
3707 6525
6163 6527
3936 6529
4357 6531
6501 6537
6618 6538
5750 6541
6469 6544
6182 6547
6663 6548
5299 6551
5049 6552
4105 6556
4750 6557
5661 6558
5589 6561
5586 6562
5434 6564
4879 6566
6842 6571
5237 6575
4341 6577
4055 6578
5564 6580
6806 6582
6072 6584
6731 6588
5662 6591
4389 6592
5676 6593
4737 6595
5354 6596
5567 6597
6440 6598
5466 6599
4197 6600
4497 6602
5829 6603
3898 6606
5027 6610
4127 6611
5588 6615
5906 6616
4439 6617
4186 6620
3780 6624
4232 6626
6534 6627
6059 6630
5501 6631
5049 6632
4939 6634
5283 6637
5512 6638
6759 6642
5468 6643
6550 6644
6086 6645
4177 6646
5930 6647
6664 6649
5306 6650
6374 6653
5299 6660
6649 6664
5207 6667
4200 6668
6297 6669
4030 6674
5645 6675
4964 6676
4919 6682
4438 6683
6324 6685
3859 6686
4092 6689
6726 6691
4953 6692
6109 6693
6714 6694
4492 6699
4920 6708
4307 6710
4115 6715
3947 6718
5473 6723
4188 6724
6435 6725
6731 6731
6487 6733
5957 6736
5380 6738
5544 6740
6743 6743
4895 6744
3933 6746
6026 6748
5980 6750
4175 6751
5714 6753
4306 6755
5925 6757
4754 6758
4870 6760
6067 6761
4495 6765
4492 6766
3963 6767
3958 6768
6759 6770
5065 6779
4553 6781
4069 6783
6019 6784
4895 6786
5261 6787
5811 6791
5794 6794
4163 6796
6572 6800
5175 6803
5154 6805
5360 6806
6672 6807
6650 6808
6206 6810
5881 6812
6709 6814
5380 6816
4919 6817
3819 6819
4055 6824
5795 6826
3717 6830
4126 6834
4309 6837
5814 6839
5641 6840
5029 6842
5727 6843
6599 6844
5112 6845
6731 6848
6702 6849
5018 6850
6469 6851
5747 6853
3892 6859
3682 6866
4465 6868
4188 6869
3824 6870
6058 6874
5690 6876
6234 6879
5750 6881
5516 6882
3783 6883
6888 6888
