5249 2
2127 4
5722 5
3132 12
15 15
2072 16
6557 18
35 35
1329 37
1846 41
2184 42
183 43
5863 52
2851 55
1726 58
4603 60
4970 61
3951 66
5430 71
2789 73
2741 74
4740 76
4588 77
2628 82
3894 83
2130 85
2551 88
381 95
1506 98
1508 101
1893 103
2101 104
5403 111
113 113
6221 114
1788 118
3803 121
5099 122
3104 123
3389 124
732 126
1920 128
5594 130
1706 132
4891 133
1857 136
6430 144
648 145
3437 146
1778 150
151 151
6746 152
213 153
2409 159
1295 173
183 180
6002 182
6497 184
1700 190
3334 191
5 201
5683 203
5611 204
2345 205
6486 207
4663 210
6474 212
3649 213
1706 216
4037 217
6440 218
2046 220
4054 223
4992 226
2213 229
1618 231
5426 232
5349 233
288 238
3507 239
6102 240
6064 245
6850 246
5597 247
5807 258
2288 262
5080 266
428 267
374 268
1418 269
5522 271
5004 272
4585 282
2829 285
4441 286
4358 289
6230 295
5366 299
1145 300
4852 302
6104 303
5389 305
4269 308
1602 311
4957 312
600 315
841 320
4174 321
3128 324
4671 329
2086 330
3752 332
1727 334
6129 339
5390 343
6169 344
4179 346
5696 348
6220 352
3950 354
3623 356
2578 357
2747 359
4439 360
1464 364
884 366
2909 371
435 376
4863 385
5696 387
1963 389
3634 390
2843 393
2543 394
848 398
977 402
5783 408
3923 412
1062 415
366 419
5958 426
3534 427
1780 429
1959 431
6827 432
6154 437
2206 441
2677 443
1468 447
212 448
1062 450
3878 451
5866 457
5784 463
5271 467
996 469
1200 470
4020 474
3330 482
6595 488
5338 494
2056 495
2137 498
5152 500
2383 504
5509 509
2758 512
1019 517
2578 520
6113 521
4767 525
1830 526
433 527
4131 536
4464 537
5429 539
598 540
5419 541
4411 542
3112 543
1062 548
3755 549
1575 553
3235 555
5886 560
3580 564
1441 566
3022 567
764 570
5377 585
4501 586
3297 587
1253 592
5200 594
6766 597
2036 598
5728 599
5076 601
1761 603
5790 604
3414 605
5353 610
5831 611
5320 614
3811 616
4347 617
4789 619
174 621
3041 624
1332 626
1614 628
5376 631
487 633
5866 641
5086 644
2018 649
6460 651
5069 655
6746 658
6641 665
6746 669
5715 670
6503 671
6412 677
3539 683
2708 684
6635 686
4598 690
4778 692
5166 693
2655 694
4037 697
6785 700
2663 703
113 704
2895 715
5741 718
2192 719
4968 720
916 722
1950 724
4249 725
2046 726
3297 727
2150 728
5084 729
5472 731
6688 732
6332 733
3120 736
3187 740
4287 741
175 742
3117 744
4499 749
466 752
2504 753
6271 758
6456 762
4762 764
883 767
1100 770
456 771
3703 773
3753 777
2844 778
2632 779
5254 782
2803 783
725 785
4696 786
4328 787
1553 790
6804 793
769 805
6724 807
6451 810
2241 812
1869 813
529 816
1170 819
4222 822
3258 823
227 824
5166 827
3026 829
5855 839
2313 842
468 848
4221 849
4174 850
2817 860
6538 866
3701 867
6708 869
6747 870
5840 873
1407 876
3145 877
319 878
491 880
3026 882
5673 888
3463 894
1669 895
5825 901
3701 903
2824 910
6438 912
3440 914
3551 921
255 924
390 926
2393 927
3358 933
4050 946
4269 948
2737 949
433 951
3112 957
2662 958
1090 962
2522 964
2920 965
3107 967
2670 969
5549 970
493 971
1935 975
3803 976
5715 977
5832 982
175 983
2202 984
1419 989
2800 994
1856 995
61 999
5220 1009
5597 1015
6661 1017
6033 1021
1948 1027
2942 1033
5600 1037
4287 1038
4105 1041
1401 1044
4817 1045
3563 1050
5302 1052
3885 1054
2811 1060
1397 1064
3846 1068
4303 1073
3856 1074
6187 1082
1190 1093
4588 1100
4441 1104
6445 1109
5086 1111
140 1114
23 1115
2772 1119
3223 1121
1087 1123
4105 1125
6785 1134
3372 1135
5439 1138
2601 1142
3654 1144
199 1145
2027 1147
5294 1149
3870 1150
5497 1153
1285 1154
3270 1156
1972 1160
1497 1161
1869 1164
4708 1166
4489 1169
160 1170
1375 1172
5016 1173
1083 1174
1682 1176
2813 1183
4545 1184
2364 1189
2347 1193
472 1194
3789 1195
5894 1196
6792 1202
4362 1204
1312 1208
819 1214
6661 1215
1992 1216
650 1218
604 1224
566 1225
2887 1226
6800 1227
4036 1228
1062 1230
3649 1232
3807 1235
4846 1237
5086 1239
2500 1240
1159 1241
4508 1242
3307 1243
1062 1244
3043 1245
1246 1246
3015 1247
5804 1250
1253 1253
942 1254
35 1255
6718 1260
5185 1265
5657 1272
5214 1284
1335 1285
5883 1287
6729 1292
5228 1296
1994 1306
4232 1308
2291 1309
182 1311
4803 1316
2667 1329
1618 1331
1917 1333
1448 1335
506 1336
5252 1337
3396 1342
4601 1351
5858 1352
3825 1353
409 1354
3025 1356
392 1357
1738 1360
4326 1368
2573 1371
2477 1375
4510 1378
5753 1379
5035 1383
725 1384
6323 1386
755 1392
6841 1393
2526 1395
810 1396
2946 1398
1118 1399
6081 1401
5247 1402
2821 1407
5076 1411
6879 1412
2000 1415
4464 1420
46 1421
1075 1422
1424 1424
2876 1426
3748 1436
3439 1438
2542 1440
1484 1441
6463 1446
3270 1447
1197 1450
227 1451
1703 1452
3394 1453
4489 1454
2325 1455
4891 1456
2552 1463
4556 1470
2536 1475
764 1478
6322 1482
1113 1484
5917 1487
4145 1498
1503 1503
1970 1505
2119 1506
4169 1508
4023 1511
3633 1513
2050 1514
6538 1517
3108 1519
4512 1528
4767 1532
5752 1535
6700 1536
1502 1541
5134 1551
3376 1553
3481 1556
1176 1558
2356 1561
4152 1571
2854 1573
381 1576
2255 1578
3517 1579
6221 1582
6318 1583
5980 1585
2873 1587
1324 1588
2833 1591
1104 1598
4591 1604
3577 1607
1611 1611
5958 1612
5980 1615
5499 1617
3926 1620
3408 1622
343 1624
3356 1626
4113 1628
2860 1633
4354 1634
4647 1635
2488 1636
4843 1637
6789 1638
1512 1640
2901 1641
1786 1645
6058 1646
3878 1649
1332 1651
3981 1662
6439 1667
4852 1668
1636 1672
2156 1673
3020 1677
5010 1679
403 1680
5907 1681
2061 1687
1236 1689
535 1691
2902 1695
1718 1696
6494 1699
5831 1703
2911 1706
1992 1708
6727 1709
2112 1710
1963 1713
1976 1717
3566 1724
6885 1726
3623 1727
3182 1728
1725 1730
4767 1732
5689 1733
1335 1736
6557 1740
5699 1742
5780 1746
4290 1748
6059 1753
3815 1755
4510 1762
2968 1763
4390 1765
643 1768
4641 1769
3955 1771
292 1774
1513 1780
4501 1787
764 1795
6653 1797
2945 1801
1335 1802
535 1807
5652 1808
1353 1809
3394 1810
2281 1813
4053 1818
6229 1823
4246 1830
2488 1833
4154 1836
2241 1840
3790 1841
870 1842
2040 1845
5048 1848
3998 1852
2054 1857
4662 1858
3803 1859
2508 1861
1867 1867
6033 1871
1893 1877
4062 1878
5138 1880
4079 1882
3074 1884
580 1887
6042 1890
5196 1893
4442 1897
5832 1901
4161 1903
4473 1907
970 1909
2649 1913
972 1918
4318 1919
3961 1923
4837 1925
5086 1927
5865 1932
4767 1936
3930 1937
5411 1938
5611 1941
2655 1945
356 1947
426 1948
4446 1949
1116 1951
3162 1952
2687 1954
1658 1956
665 1958
176 1960
3108 1961
1968 1968
653 1972
3839 1974
4417 1978
5863 1979
4598 1981
5519 1984
2536 1988
4241 1993
586 1994
1539 1995
2359 2000
4457 2001
4255 2006
1432 2007
973 2008
5522 2011
6766 2014
6684 2015
1848 2022
4734 2024
3819 2025
2027 2027
1730 2029
4204 2032
3745 2034
2035 2035
2911 2037
6499 2039
127 2040
108 2043
1963 2045
5360 2049
2946 2051
2224 2055
1972 2060
5056 2061
6610 2062
5083 2063
151 2067
514 2068
514 2069
1118 2079
1279 2083
2241 2085
5314 2092
6557 2095
4336 2097
5102 2098
4728 2099
3062 2100
3821 2104
648 2106
1397 2107
2313 2108
3350 2111
3397 2112
28 2115
5980 2116
2474 2117
5355 2118
2573 2122
3833 2131
6010 2132
2902 2135
491 2137
4275 2138
5950 2145
5368 2151
5135 2154
6758 2155
6520 2156
476 2157
4663 2175
4148 2178
2855 2180
6629 2181
374 2183
2741 2185
3289 2186
4331 2188
5696 2191
3153 2195
1893 2198
3519 2199
3055 2202
2939 2206
3580 2207
4198 2210
5790 2213
2214 2214
810 2221
4727 2224
5223 2230
4553 2233
3098 2240
1354 2241
1226 2243
4618 2244
704 2246
41 2247
4065 2248
5847 2252
6866 2253
6599 2255
1976 2258
1809 2259
5274 2262
519 2266
2127 2268
5973 2271
5018 2273
1636 2277
1406 2282
2281 2284
6836 2285
1432 2289
4219 2291
2151 2292
5449 2293
6505 2296
4303 2297
6727 2299
991 2304
3032 2306
5121 2315
288 2316
1652 2321
5813 2324
3291 2329
4080 2337
2172 2340
6521 2344
2655 2345
2732 2346
1910 2348
4082 2350
4174 2351
6460 2354
2890 2357
1243 2358
3358 2359
2517 2362
882 2364
5913 2366
3127 2370
2488 2376
4359 2381
485 2382
3787 2386
6568 2393
5731 2396
4257 2397
5012 2405
2837 2406
3162 2408
5018 2418
2895 2421
5320 2425
1077 2429
23 2430
970 2431
4956 2432
3085 2437
4038 2440
2789 2446
3304 2447
3394 2448
80 2449
28 2451
5825 2453
331 2455
5235 2457
3260 2461
2237 2462
1246 2463
2588 2465
2879 2466
4623 2469
4911 2471
2967 2489
1362 2492
2022 2498
3030 2501
6501 2504
901 2507
1091 2509
5696 2511
5159 2512
6231 2513
1077 2514
4892 2516
125 2522
2241 2523
6480 2524
5069 2527
2206 2529
3600 2530
2929 2533
1932 2534
2086 2536
2538 2538
3117 2539
3065 2540
1174 2541
1395 2545
2830 2547
5898 2549
724 2552
5015 2553
3101 2557
6513 2558
1238 2559
4510 2562
1253 2563
4526 2564
6420 2566
4152 2571
839 2572
4210 2576
2340 2578
4049 2580
1483 2581
2445 2583
1992 2584
4011 2588
35 2591
6504 2593
4970 2595
5160 2603
3394 2605
602 2607
156 2610
1773 2611
907 2612
4464 2613
803 2614
2716 2619
5076 2621
4313 2622
6430 2631
3644 2632
2930 2634
1172 2635
600 2636
4275 2637
2775 2639
2488 2640
5301 2642
2775 2644
3270 2645
1639 2657
2662 2662
2832 2666
891 2669
6508 2671
6638 2684
2929 2689
5481 2691
4840 2696
58 2697
2708 2698
1514 2702
4577 2703
4405 2705
5397 2711
4051 2712
4642 2717
6201 2722
4619 2725
5247 2726
2644 2728
4662 2730
3317 2732
6163 2733
1631 2734
6441 2735
1168 2737
1731 2744
3241 2749
6783 2752
3099 2753
3022 2755
3102 2758
2135 2764
2486 2765
5257 2769
4067 2771
5157 2775
426 2778
4034 2779
2215 2780
4923 2782
560 2783
476 2787
4181 2790
6030 2791
3394 2792
752 2794
3022 2796
4155 2798
6006 2801
4026 2802
5055 2803
4693 2804
1541 2806
5355 2809
432 2814
394 2815
428 2816
6189 2817
4588 2818
1737 2819
884 2827
5942 2828
449 2829
2970 2831
2833 2833
5530 2836
166 2837
5929 2838
718 2839
1362 2840
2975 2841
2214 2846
5792 2847
1765 2849
3962 2851
2361 2852
2853 2853
1529 2854
1365 2857
232 2858
2816 2861
5967 2865
4068 2866
1118 2868
4687 2871
4489 2874
3100 2877
4205 2884
4153 2885
6170 2887
3153 2888
1474 2898
442 2904
6236 2906
2907 2907
3618 2912
1706 2916
921 2917
4264 2921
2409 2922
4148 2923
1062 2925
5048 2928
5486 2929
3103 2930
5660 2931
6031 2933
2685 2938
6118 2945
2395 2954
5907 2958
5290 2962
1638 2965
3533 2969
1266 2970
3505 2971
4642 2974
1135 2977
4037 2981
1243 2983
4051 2990
1625 2995
933 2998
2830 3000
4328 3002
1873 3006
5835 3007
3743 3009
6806 3013
3020 3020
4174 3021
3023 3023
1212 3025
2356 3033
2046 3036
1865 3037
5557 3038
3254 3039
1576 3043
3064 3045
3430 3053
1397 3055
5169 3056
6655 3058
4478 3059
764 3062
6050 3064
3499 3068
2662 3076
6187 3078
2687 3083
1928 3085
5136 3086
275 3087
5196 3088
5149 3090
431 3091
502 3092
5925 3098
923 3100
684 3101
3825 3109
4473 3110
3776 3113
367 3116
6285 3120
2975 3124
1484 3129
2824 3131
1846 3135
4782 3138
3168 3141
4334 3142
6728 3143
1722 3144
2080 3149
2463 3152
1497 3155
5194 3157
4791 3158
3581 3164
82 3165
5946 3166
1335 3173
3728 3178
4174 3179
5290 3182
2362 3183
4489 3185
3412 3189
4326 3193
6045 3194
4620 3197
3313 3201
4796 3203
2298 3206
5320 3207
2206 3211
5478 3220
2038 3225
2655 3230
4213 3232
333 3233
5185 3236
4332 3238
2417 3241
3146 3243
2744 3245
4984 3247
4336 3260
1576 3261
2362 3263
1441 3264
870 3268
4500 3271
4007 3274
2816 3280
2298 3288
4693 3289
5909 3290
1718 3293
4897 3294
4771 3297
5189 3298
6538 3300
3137 3303
6636 3304
451 3307
4213 3309
1687 3310
2962 3311
4401 3313
3394 3322
3831 3328
1320 3330
325 3331
1909 3334
4771 3336
3650 3340
6885 3342
6041 3343
860 3346
283 3347
2478 3350
4154 3353
784 3355
2669 3358
3826 3359
2687 3360
3580 3361
548 3362
3260 3363
6243 3378
2634 3382
2448 3384
302 3385
5012 3387
1047 3388
449 3391
1731 3393
476 3394
5170 3398
2622 3404
5568 3413
1755 3416
5612 3418
2726 3419
6049 3423
5771 3424
2816 3429
4948 3430
5616 3434
3579 3436
2005 3438
5156 3442
2743 3445
3947 3448
1188 3449
2826 3450
2674 3451
2318 3455
1222 3457
89 3459
4184 3460
354 3461
4020 3463
5530 3464
3184 3465
4585 3466
2432 3467
1986 3474
319 3475
5656 3477
2345 3479
2741 3481
6081 3484
23 3488
4597 3489
2642 3496
3214 3498
853 3500
1512 3501
4261 3504
3961 3512
5194 3513
1963 3523
6451 3524
4408 3527
4826 3529
6869 3531
1967 3532
3878 3534
1332 3535
3574 3536
2445 3542
3782 3544
4674 3549
1364 3552
6169 3553
1335 3556
2946 3559
5997 3561
4658 3563
1964 3564
6827 3567
4548 3568
6231 3570
1529 3572
2811 3576
583 3577
5534 3579
428 3580
4401 3581
3585 3585
5086 3588
1916 3591
150 3597
3637 3601
1062 3604
2345 3606
4084 3607
1062 3608
3961 3610
4248 3615
3616 3616
506 3619
4405 3621
6691 3625
584 3627
1526 3629
1963 3637
2889 3639
3224 3640
5038 3642
5166 3643
903 3645
5124 3653
4838 3654
6762 3656
1536 3658
2692 3659
33 3660
2230 3663
4467 3664
381 3666
2744 3668
2678 3669
1414 3671
3905 3674
4501 3675
4314 3676
6231 3678
3698 3680
3359 3683
2718 3687
5271 3688
2805 3691
4011 3693
324 3696
3909 3699
3649 3702
5489 3705
3950 3707
6762 3709
3971 3711
5699 3712
3863 3720
3966 3721
857 3722
3927 3724
942 3727
3836 3730
2576 3733
2301 3736
3710 3737
2007 3738
4975 3739
3805 3740
5732 3745
6745 3750
4218 3751
3737 3756
1332 3760
4501 3761
1609 3765
4577 3766
4775 3767
3771 3771
4014 3772
3905 3773
6066 3775
3776 3776
4004 3785
1881 3787
3855 3790
6733 3792
6235 3795
4336 3798
4014 3800
3906 3802
2344 3803
2139 3804
2093 3805
2888 3807
4023 3808
3724 3809
4118 3811
3326 3813
3961 3814
1595 3818
1620 3820
6161 3826
3961 3827
1602 3828
5935 3829
2040 3831
4610 3837
608 3838
3046 3841
3869 3849
2805 3851
1320 3852
3153 3855
5783 3860
862 3861
4131 3863
4017 3864
3961 3871
6036 3872
1869 3879
5784 3881
3971 3882
2866 3884
4677 3885
4620 3887
6746 3891
4105 3892
1808 3894
4649 3896
1195 3897
3899 3899
6231 3900
1012 3901
23 3902
3995 3904
3698 3906
6131 3908
2442 3909
3657 3913
3844 3914
4115 3915
533 3916
6231 3918
3716 3923
3732 3924
3951 3925
6551 3930
4501 3931
1397 3933
200 3937
6180 3938
6298 3940
2653 3942
3798 3944
2187 3945
4549 3948
2621 3950
3933 3951
5840 3952
23 3953
3825 3954
404 3955
3921 3957
3791 3958
4620 3959
4512 3961
5234 3966
3128 3969
3974 3970
3134 3974
4018 3978
3988 3981
2960 3986
288 3989
6467 3990
5234 3992
5489 3998
3152 4001
247 4004
3841 4009
3807 4011
3778 4014
946 4015
4050 4018
632 4019
4118 4025
3364 4029
3929 4032
3921 4036
2653 4038
3723 4040
1332 4043
4044 4044
4109 4046
2854 4050
4687 4052
3675 4053
1332 4056
2792 4057
4054 4061
1407 4066
3964 4069
796 4071
3724 4074
4108 4076
5775 4079
4109 4086
4087 4087
5804 4093
1548 4097
2965 4100
3846 4104
3790 4105
4112 4106
442 4108
6007 4109
2923 4119
5000 4123
6610 4124
3730 4130
3745 4131
4408 4136
4137 4137
963 4138
4830 4143
3024 4147
1077 4150
627 4151
5549 4158
4581 4159
5966 4161
2383 4163
6789 4166
5118 4169
5762 4177
5489 4180
3955 4183
2699 4184
73 4185
3200 4186
3832 4188
1295 4189
2206 4193
2142 4195
6229 4199
2018 4200
1239 4205
3299 4207
665 4209
665 4211
4357 4212
1920 4213
3202 4215
3319 4217
3815 4219
4929 4222
2873 4225
1212 4228
2678 4233
973 4235
1002 4236
5710 4237
2409 4245
1826 4248
5381 4249
5627 4250
6786 4252
275 4258
972 4259
5858 4261
3001 4262
5246 4266
282 4268
392 4269
5696 4272
3162 4273
561 4274
3992 4278
3365 4280
5238 4281
1689 4282
5640 4284
2184 4286
839 4290
6574 4291
5130 4294
6110 4295
6806 4296
3808 4298
5654 4300
4275 4301
4442 4303
5764 4304
4712 4305
4308 4308
6748 4313
4530 4314
3335 4315
791 4320
1643 4323
1420 4324
6106 4325
2241 4327
2036 4328
4702 4329
5638 4331
1755 4339
3547 4344
5196 4366
5381 4375
6865 4376
1617 4377
5290 4379
6231 4381
2409 4385
2092 4387
2117 4390
4169 4391
5132 4394
2551 4395
298 4400
1825 4403
3988 4404
315 4405
4751 4407
2704 4410
3270 4411
3580 4412
2329 4415
6607 4416
5346 4418
6210 4424
394 4426
4382 4430
35 4435
4436 4436
36 4437
4598 4441
2548 4442
4026 4451
4888 4452
6607 4456
4791 4461
161 4462
5159 4466
6335 4471
6263 4481
5998 4482
3282 4483
1345 4486
231 4489
967 4492
6077 4493
2758 4494
5228 4496
164 4502
5149 4503
3337 4504
1595 4508
5328 4509
1818 4510
1636 4513
2241 4518
4307 4527
6230 4529
270 4530
1243 4531
3004 4532
1950 4536
1636 4539
2476 4540
6527 4543
2438 4546
4782 4554
2409 4559
3396 4562
4618 4565
4968 4568
963 4574
2370 4577
4282 4580
968 4582
5223 4587
1700 4589
512 4592
4598 4598
1559 4602
3649 4604
4651 4608
4011 4612
605 4616
3548 4618
3988 4619
4439 4624
354 4627
6169 4628
661 4629
5220 4630
6562 4632
5140 4635
3739 4637
401 4641
4394 4643
1957 4647
6079 4648
1058 4651
6602 4652
4939 4659
1041 4663
5084 4672
2911 4676
6883 4677
3335 4679
3876 4680
3798 4684
6527 4689
5909 4691
58 4692
3921 4694
6617 4697
3649 4702
4331 4703
5266 4705
6256 4707
5004 4708
1904 4709
3574 4710
4712 4712
4837 4713
6386 4718
5913 4722
5424 4726
3893 4728
1968 4734
4948 4736
3839 4738
2873 4740
2543 4742
5464 4744
2824 4745
6413 4746
3996 4747
1041 4752
1728 4754
4975 4756
2046 4757
6518 4760
268 4761
764 4762
4620 4765
2560 4770
3831 4771
2576 4772
6806 4776
930 4778
454 4781
1638 4786
3145 4787
2034 4788
1668 4792
615 4794
4302 4798
3648 4802
1798 4808
6723 4810
4990 4813
2425 4814
3272 4815
4771 4822
3270 4824
1734 4826
505 4830
5586 4834
4839 4839
1613 4842
1795 4845
1414 4847
2359 4849
1527 4853
6746 4854
1804 4855
5028 4859
3595 4865
875 4869
4270 4871
6607 4872
1591 4874
971 4875
1612 4878
3452 4879
6507 4881
2160 4884
3436 4891
1666 4897
182 4900
2669 4902
5233 4903
1526 4907
2417 4908
2596 4912
1448 4919
5777 4922
602 4923
1243 4924
4411 4927
1928 4931
2920 4932
843 4934
5540 4940
1702 4941
24 4943
961 4947
755 4949
834 4950
653 4951
4390 4952
3950 4954
1636 4955
3481 4956
5648 4960
3495 4962
4174 4963
2409 4965
2066 4967
103 4970
5378 4971
5086 4973
4975 4975
1335 4979
1584 4982
1291 4985
3803 4988
1920 4989
1045 4991
221 4992
6517 4999
5696 5002
1448 5007
647 5008
5732 5011
2714 5018
4852 5021
6341 5024
5653 5025
4975 5027
5751 5028
649 5029
141 5032
259 5034
1012 5035
3121 5039
2870 5043
4574 5045
3742 5048
6022 5049
3282 5050
5004 5052
1093 5054
5056 5056
6187 5058
970 5063
5653 5064
2935 5070
5495 5071
6358 5073
6789 5076
5727 5077
5085 5079
4746 5080
3842 5081
1893 5084
2655 5088
5069 5089
1307 5092
5448 5093
2227 5094
6610 5097
3365 5098
2887 5101
5065 5102
1182 5103
4218 5105
3961 5111
1994 5116
3854 5118
2246 5122
861 5123
3358 5125
4011 5126
4296 5127
1056 5128
3047 5129
2420 5137
3899 5142
1062 5143
5909 5145
5586 5151
4331 5157
2488 5159
4600 5161
5914 5172
1633 5177
2966 5181
448 5182
2646 5183
6835 5196
4126 5199
2663 5202
1329 5206
2751 5208
554 5213
273 5214
5720 5215
3265 5218
2945 5222
5842 5226
6486 5230
3899 5233
2117 5237
4708 5238
23 5243
1092 5244
1195 5245
2866 5248
6079 5249
6811 5251
2898 5256
1512 5258
6696 5265
1754 5267
846 5269
3440 5272
4240 5276
6755 5278
5641 5279
6011 5281
3182 5282
5508 5287
3011 5288
2714 5290
1716 5292
6260 5297
599 5298
5336 5299
5780 5300
2858 5302
5207 5303
2383 5306
4803 5307
2644 5315
1911 5316
6135 5322
5549 5327
5368 5333
1295 5336
1609 5337
1992 5338
1373 5339
4310 5342
926 5343
1770 5349
267 5352
3317 5354
3189 5357
5223 5360
3701 5363
6353 5366
4223 5368
3832 5372
5845 5373
2686 5375
860 5379
555 5381
4020 5382
5858 5383
5597 5385
1636 5386
3992 5396
899 5399
784 5400
3083 5403
6086 5405
1571 5407
848 5414
6098 5416
4394 5418
817 5419
5421 5421
6018 5424
4553 5427
5246 5428
5980 5436
653 5438
5582 5440
1448 5444
2350 5445
271 5447
1972 5448
236 5452
4412 5456
3793 5457
6605 5464
2792 5468
888 5479
3455 5481
2470 5483
6636 5484
2038 5485
4871 5486
255 5487
6251 5492
949 5495
4489 5496
6241 5501
2967 5503
2345 5507
3730 5508
5577 5513
5467 5520
5521 5521
1138 5527
19 5530
112 5535
2241 5538
2718 5539
936 5540
5543 5543
4411 5547
2669 5549
3955 5553
3299 5554
5950 5560
4355 5561
1636 5562
3041 5564
1950 5565
2634 5570
5353 5576
3283 5580
3357 5587
1058 5590
4165 5591
418 5593
5594 5594
3228 5599
2461 5601
5499 5603
1071 5604
2028 5608
2457 5614
4357 5615
1882 5617
5941 5621
2468 5623
5290 5624
5627 5627
3276 5628
5149 5630
3783 5633
4301 5639
5783 5641
2409 5642
3439 5644
35 5645
3825 5646
2678 5647
4733 5657
3886 5658
3394 5660
2772 5661
4491 5663
296 5665
5124 5671
3149 5673
5542 5675
864 5676
521 5683
5181 5685
4442 5686
2450 5687
5019 5698
758 5702
3754 5708
242 5709
6603 5713
1783 5715
6470 5725
4317 5728
6330 5732
3137 5739
3798 5740
5715 5741
4111 5745
1755 5749
4439 5754
4821 5756
1884 5761
2390 5768
486 5769
5559 5771
5789 5773
516 5774
277 5775
3605 5777
3059 5780
3951 5788
4392 5789
5725 5793
297 5795
2104 5802
1787 5807
5311 5808
5660 5810
4799 5811
5130 5812
1407 5816
5010 5821
5825 5825
3297 5828
2067 5837
1296 5838
4154 5841
2816 5842
4098 5846
3577 5853
3803 5854
5855 5855
5586 5858
6241 5861
1856 5862
4305 5865
5797 5866
2191 5867
1702 5868
1145 5869
2596 5872
4268 5876
1198 5877
5496 5878
5794 5879
2677 5881
1128 5882
5566 5883
3160 5889
506 5892
3947 5895
1253 5898
4379 5900
6059 5901
4152 5904
5907 5907
3260 5908
4464 5909
3826 5915
4282 5920
5121 5921
3905 5929
4502 5933
680 5935
1723 5940
6327 5953
4733 5957
1954 5960
619 5961
4007 5962
418 5965
5294 5966
955 5967
5837 5969
5761 5970
5250 5972
6653 5973
2749 5975
6169 5980
3771 5987
6537 5996
6002 6002
6104 6003
6050 6005
3946 6013
5904 6017
5092 6020
379 6021
6879 6022
6431 6023
4169 6024
5391 6025
2743 6029
3826 6030
6835 6033
2409 6036
4990 6038
808 6039
6408 6043
3974 6046
4858 6050
5973 6056
372 6059
3974 6060
6063 6063
3807 6069
1512 6070
3803 6074
560 6077
1499 6082
6297 6085
2056 6086
1011 6087
3931 6094
3926 6095
6416 6096
21 6097
4769 6100
6076 6101
1407 6104
6009 6109
1418 6110
6620 6112
179 6114
4428 6116
1730 6119
5654 6121
1636 6124
2135 6125
2536 6128
5668 6129
6434 6131
381 6135
6765 6140
1909 6143
4771 6144
3955 6145
6621 6148
6849 6149
3394 6150
4427 6151
5521 6160
5110 6161
1779 6162
6266 6164
6165 6165
4512 6167
5802 6168
4597 6169
1512 6171
667 6173
4082 6177
4011 6181
1266 6182
2908 6185
657 6189
3009 6192
3566 6207
1702 6213
1337 6214
4401 6215
4676 6218
4307 6219
1512 6220
2808 6229
6230 6230
619 6236
2254 6238
5932 6240
6126 6243
6110 6247
864 6252
2539 6264
3060 6265
1697 6267
410 6268
1162 6271
3947 6272
5134 6277
2869 6287
1607 6288
899 6290
5421 6293
1935 6295
1226 6296
2869 6301
4851 6304
2268 6305
4085 6308
6660 6309
374 6313
3158 6316
3182 6318
5807 6319
4554 6321
5300 6322
3955 6325
818 6327
6 6330
591 6337
6041 6338
1950 6339
6413 6342
1176 6348
5886 6349
3623 6353
6269 6358
4530 6364
1634 6365
1078 6366
1591 6368
1636 6372
2859 6374
1243 6378
6632 6379
3409 6382
1837 6387
2962 6390
3153 6394
5832 6403
5320 6404
3149 6406
2345 6407
2628 6408
1914 6412
5547 6415
6416 6416
3098 6417
1001 6419
3752 6426
1850 6429
4249 6432
328 6433
3971 6441
3453 6442
1864 6443
3637 6444
4585 6449
1339 6451
1935 6455
6065 6458
602 6461
5429 6464
839 6467
4852 6469
4030 6473
3805 6476
1385 6484
817 6485
4838 6488
1856 6489
6653 6491
973 6494
1512 6497
1636 6500
2504 6501
3906 6503
4844 6505
2197 6507
3017 6509
4267 6526
2114 6527
755 6528
6079 6530
5196 6531
643 6536
4785 6537
1636 6542
5213 6549
2750 6550
1237 6552
1614 6555
6118 6560
5843 6563
2535 6564
6231 6566
5660 6568
1248 6571
4213 6577
6685 6581
228 6586
4389 6592
529 6593
4358 6595
3358 6602
1332 6604
3026 6605
4552 6606
2241 6608
5012 6609
3701 6612
571 6614
297 6616
6806 6621
5160 6622
2675 6625
4154 6626
2832 6634
4688 6638
4855 6646
4820 6647
4772 6648
2858 6650
1663 6657
1283 6661
2807 6663
1783 6664
4658 6666
157 6669
4384 6670
5858 6671
1197 6674
6440 6675
2826 6676
5159 6677
1122 6680
6873 6682
4528 6683
1635 6686
512 6688
2553 6691
5710 6693
3737 6695
6404 6701
1415 6705
4551 6709
1916 6710
4837 6713
2692 6715
602 6716
1726 6726
2541 6729
4610 6734
2419 6736
6557 6739
109 6740
4815 6742
82 6745
5651 6746
150 6752
667 6756
570 6757
4671 6758
3693 6764
1251 6765
6848 6767
1031 6768
803 6771
5910 6774
692 6776
5727 6779
5012 6784
448 6786
2412 6787
471 6792
411 6794
5429 6799
1345 6801
483 6803
4303 6808
1963 6809
6463 6810
2135 6819
4389 6821
5702 6830
2708 6835
5815 6836
227 6838
3534 6839
4935 6840
6841 6841
4728 6842
1455 6843
5764 6845
1458 6855
2743 6856
3892 6859
4687 6864
4647 6867
6662 6868
5557 6869
4759 6870
3633 6875
6426 6876
403 6878
1905 6881
1038 6882
2678 6883
418 6886
3453 6887
2722 6888
