2048 2048
2289 2289
2268 2268
2046 2046
2122 2122
2127 2127
2263 2263
2381 2381
2490 2490
2276 2276
2177 2177
2135 2135
2129 2129
2178 2178
2191 2191
113 113
8 8
2049 2049
2383 2383
2274 2274
2369 2369
2511 2511
2044 2044
1992 1992
359 359
242 242
111 111
261 261
2054 2054
2388 2388
2400 2400
3549 3549
2118 2118
3533 3533
2164 2164
12 12
2818 2818
2480 2480
2167 2167
2792 2792
2189 2189
351 351
1981 1981
117 117
330 330
2793 2793
2811 2811
2817 2817
3534 3534
3846 3846
2815 2815
2797 2797
3631 3631
2498 2498
321 321
192 192
3628 3628
2261 2261
3855 3855
3547 3547
3829 3829
2152 2152
409 409
3828 3828
189 189
408 408
3753 3753
29 29
3546 3546
118 118
2150 2150
3833 3833
44 44
2052 2052
2814 2814
2482 2482
6271 6271
35 35
3847 3847
407 407
245 245
410 410
3702 3702
327 327
311 311
3856 3856
1993 1993
3824 3824
27 27
2780 2780
2499 2499
3821 3821
2124 2124
36 36
26 26
2485 2485
3932 3932
6276 6276
312 312
2375 2375
315 315
289 289
3776 3776
119 119
3621 3621
3823 3823
342 342
3825 3825
341 341
138 138
343 343
2775 2775
3530 3530
439 439
3629 3629
2470 2470
227 227
356 356
435 435
322 322
3643 3643
5675 5675
3851 3851
3927 3927
2011 2011
3054 3054
432 432
340 340
2471 2471
2175 2175
5463 5463
3922 3922
2174 2174
3638 3638
3826 3826
231 231
5659 5659
2389 2389
2799 2799
2608 2608
228 228
3640 3640
3620 3620
244 244
292 292
2193 2193
5600 5600
5640 5640
442 442
3637 3637
2807 2807
2475 2475
6267 6267
2221 2221
2500 2500
2062 2062
344 344
323 323
3516 3516
7 7
6278 6278
436 436
3750 3750
2076 2076
2377 2377
2385 2385
6248 6248
6261 6261
5517 5517
4 4
129 129
2598 2598
3848 3848
5602 5602
5840 5840
2484 2484
104 104
3554 3554
1983 1983
3806 3806
2595 2595
239 239
2514 2514
294 294
128 128
2 2
5708 5708
5831 5831
2791 2791
6269 6269
3056 3056
2795 2795
335 335
124 124
17 17
6241 6241
2278 2278
5750 5750
123 123
5508 5508
377 377
2506 2506
1984 1984
5845 5845
2596 2596
260 260
2606 2606
3705 3705
2362 2362
3588 3588
2808 2808
6247 6247
2210 2210
2357 2357
3553 3553
456 456
1 1
3649 3649
5589 5589
2180 2180
2395 2395
421 421
76 76
5598 5598
2007 2007
459 459
2614 2614
268 268
5596 5596
3 3
5952 5952
337 337
2393 2393
5458 5458
5464 5464
2081 2081
5590 5590
5599 5599
73 73
3609 3609
2613 2613
5720 5720
5724 5724
94 94
2086 2086
2144 2144
2594 2594
2365 2365
3597 3597
2610 2610
92 92
3596 3596
82 82
5622 5622
3586 3586
64 64
3608 3608
2801 2801
65 65
2145 2145
2205 2205
2586 2586
3590 3590
5514 5514
2068 2068
382 382
2600 2600
2095 2095
3579 3579
5721 5721
2623 2623
3650 3650
2027 2027
133 133
450 450
3576 3576
147 147
3601 3601
2030 2030
2287 2287
2037 2037
3602 3602
5828 5828
2585 2585
6238 6238
2588 2588
3584 3584
2602 2602
2067 2067
5844 5844
2280 2280
376 376
2220 2220
100 100
2517 2517
5933 5933
158 158
6054 6054
5939 5939
3704 3704
2114 2114
5932 5932
3163 3163
2509 2509
2508 2508
2401 2401
2515 2515
448 448
5452 5452
472 472
2507 2507
5944 5944
5938 5938
1905 1905
581 581
5838 5838
279 279
2288 2288
2256 2256
3604 3604
6069 6069
6066 6066
2080 2080
3069 3069
505 505
2239 2239
374 374
3606 3606
2699 2699
5966 5966
3518 3518
2705 2705
381 381
2565 2565
258 258
5367 5367
2397 2397
401 401
2213 2213
3652 3652
5851 5851
3487 3487
3667 3667
2405 2405
2632 2632
5630 5630
2250 2250
3648 3648
507 507
515 515
1906 1906
3565 3565
134 134
2633 2633
6077 6077
6057 6057
2629 2629
5751 5751
5746 5746
6073 6073
2627 2627
148 148
2630 2630
2253 2253
2233 2233
2700 2700
2036 2036
3645 3645
2553 2553
368 368
3910 3910
3605 3605
5641 5641
2701 2701
512 512
2568 2568
164 164
2245 2245
3791 3791
2523 2523
6064 6064
2639 2639
6072 6072
2755 2755
3571 3571
6045 6045
466 466
3613 3613
5974 5974
5834 5834
5978 5978
415 415
2272 2272
5977 5977
5686 5686
3707 3707
3566 3566
2255 2255
6084 6084
540 540
2670 2670
583 583
2070 2070
2685 2685
539 539
2636 2636
2441 2441
2703 2703
3489 3489
3670 3670
5982 5982
2715 2715
5637 5637
2254 2254
200 200
5980 5980
165 165
5979 5979
3673 3673
5981 5981
3895 3895
1988 1988
5986 5986
4005 4005
2342 2342
2754 2754
2457 2457
2743 2743
220 220
538 538
5631 5631
2216 2216
2713 2713
5632 5632
3490 3490
3883 3883
1774 1774
2535 2535
3568 3568
2684 2684
5985 5985
62 62
2215 2215
2432 2432
2550 2550
6082 6082
2643 2643
203 203
529 529
533 533
299 299
221 221
542 542
2299 2299
3884 3884
6029 6029
2567 2567
5557 5557
2022 2022
5697 5697
5522 5522
3877 3877
205 205
503 503
3657 3657
3906 3906
5717 5717
396 396
5546 5546
490 490
360 360
367 367
2284 2284
174 174
163 163
3708 3708
478 478
500 500
518 518
487 487
5540 5540
479 479
3941 3941
492 492
2558 2558
464 464
5484 5484
552 552
530 530
5987 5987
395 395
550 550
2648 2648
2331 2331
5489 5489
5538 5538
178 178
6880 6880
524 524
269 269
5532 5532
5243 5243
3959 3959
5714 5714
5665 5665
5994 5994
2182 2182
6889 6889
2560 2560
2297 2297
1766 1766
2733 2733
5988 5988
3567 3567
6000 6000
5666 5666
3962 3962
537 537
2295 2295
2422 2422
5447 5447
567 567
180 180
5496 5496
270 270
3955 3955
4022 4022
2545 2545
544 544
2677 2677
2740 2740
2675 2675
6005 6005
5501 5501
2663 2663
4050 4050
2573 2573
6160 6160
6095 6095
5991 5991
2646 2646
2415 2415
273 273
5529 5529
2456 2456
3782 3782
5709 5709
5996 5996
2662 2662
3952 3952
2691 2691
2296 2296
546 546
6091 6091
2671 2671
6090 6090
2092 2092
6162 6162
5677 5677
2572 2572
578 578
6161 6161
2676 2676
5233 5233
2694 2694
2537 2537
2665 2665
6035 6035
6097 6097
2423 2423
2018 2018
2427 2427
558 558
2722 2722
2732 2732
182 182
6143 6143
6159 6159
5239 5239
2449 2449
4010 4010
3785 3785
6006 6006
5542 5542
2689 2689
2536 2536
2031 2031
5745 5745
6142 6142
2764 2764
3967 3967
5989 5989
3691 3691
6033 6033
2727 2727
6147 6147
4071 4071
2279 2279
3864 3864
6039 6039
6175 6175
3980 3980
2434 2434
2437 2437
2440 2440
283 283
2344 2344
5526 5526
5553 5553
6168 6168
5915 5915
5235 5235
4015 4015
3694 3694
295 295
2326 2326
3976 3976
6130 6130
5875 5875
153 153
2763 2763
2348 2348
6002 6002
5902 5902
162 162
560 560
6023 6023
2308 2308
3888 3888
6024 6024
4029 4029
2312 2312
4021 4021
4039 4039
3991 3991
6017 6017
6163 6163
4047 4047
4016 4016
4026 4026
4037 4037
4018 4018
5740 5740
298 298
3684 3684
4036 4036
4048 4048
3695 3695
4045 4045
3338 3338
4033 4033
2751 2751
3360 3360
2718 2718
2351 2351
2087 2087
2425 2425
4035 4035
271 271
4032 4032
6170 6170
2719 2719
5706 5706
2207 2207
2448 2448
3979 3979
6172 6172
3682 3682
2467 2467
2765 2765
2468 2468
2429 2429
2352 2352
2315 2315
255 255
5882 5882
2728 2728
2330 2330
3674 3674
5521 5521
3362 3362
3372 3372
3661 3661
6148 6148
2305 2305
4006 4006
3049 3049
333 333
6117 6117
2311 2311
3361 3361
5534 5534
2235 2235
2340 2340
3818 3818
5734 5734
296 296
2306 2306
6114 6114
398 398
2112 2112
390 390
2324 2324
2753 2753
2444 2444
5664 5664
6121 6121
308 308
5691 5691
3371 3371
5802 5802
5744 5744
3316 3316
3275 3275
2241 2241
5550 5550
3365 3365
3373 3373
3421 3421
5609 5609
3283 3283
225 225
1943 1943
5487 5487
5793 5793
3892 3892
3228 3228
3443 3443
6139 6139
3278 3278
2321 2321
3296 3296
3267 3267
3366 3366
3380 3380
3269 3269
3445 3445
5476 5476
3289 3289
3442 3442
3368 3368
3440 3440
309 309
3229 3229
3376 3376
3292 3292
3367 3367
5777 5777
2318 2318
3255 3255
3050 3050
252 252
3284 3284
5569 5569
3685 3685
5812 5812
5778 5778
3280 3280
1962 1962
6198 6198
3330 3330
2244 2244
5783 5783
3261 3261
5791 5791
3348 3348
3266 3266
3249 3249
3329 3329
208 208
3314 3314
5910 5910
5886 5886
3223 3223
3225 3225
5768 5768
6154 6154
3207 3207
5813 5813
5402 5402
6108 6108
5767 5767
3253 3253
5799 5799
3241 3241
3201 3201
3251 3251
6180 6180
3213 3213
6195 6195
3252 3252
5775 5775
3246 3246
3305 3305
3390 3390
3237 3237
5430 5430
1505 1505
3766 3766
5794 5794
1379 1379
3444 3444
3219 3219
6193 6193
3302 3302
400 400
5789 5789
5560 5560
5403 5403
3447 3447
2822 2822
5800 5800
3393 3393
2089 2089
6179 6179
1940 1940
3392 3392
3405 3405
3411 3411
1506 1506
1314 1314
3689 3689
1927 1927
1377 1377
6225 6225
3759 3759
3429 3429
177 177
5801 5801
1620 1620
5878 5878
788 788
284 284
5705 5705
5406 5406
5923 5923
3431 3431
5782 5782
6109 6109
6230 6230
441 441
6187 6187
5881 5881
5405 5405
151 151
3456 3456
3396 3396
1619 1619
5381 5381
2895 2895
3387 3387
6212 6212
6132 6132
3423 3423
1603 1603
2821 2821
1738 1738
6839 6839
5887 5887
2898 2898
3335 3335
3738 3738
1225 1225
2912 2912
285 285
247 247
1224 1224
1541 1541
6834 6834
3413 3413
6794 6794
3460 3460
1406 1406
1925 1925
3384 3384
3457 3457
1938 1938
3767 3767
3333 3333
1710 1710
2897 2897
2911 2911
3389 3389
3238 3238
1311 1311
2986 2986
399 399
3326 3326
5899 5899
3399 3399
412 412
3383 3383
3385 3385
1227 1227
1977 1977
6227 6227
6765 6765
1912 1912
1556 1556
1399 1399
6190 6190
3418 3418
5436 5436
3388 3388
1393 1393
3190 3190
5927 5927
2104 2104
5438 5438
1661 1661
3206 3206
1475 1475
1951 1951
3235 3235
3325 3325
3425 3425
5429 5429
3132 3132
1730 1730
6817 6817
1440 1440
4807 4807
1928 1928
6191 6191
5395 5395
3402 3402
1739 1739
1331 1331
1942 1942
3386 3386
1929 1929
1356 1356
1390 1390
1208 1208
253 253
2989 2989
1452 1452
3234 3234
5387 5387
6804 6804
1851 1851
1600 1600
1498 1498
3135 3135
5393 5393
3242 3242
6713 6713
6754 6754
6807 6807
1163 1163
6756 6756
5020 5020
3196 3196
1387 1387
6704 6704
1850 1850
1391 1391
1140 1140
1976 1976
1886 1886
1358 1358
3334 3334
1585 1585
1934 1934
3183 3183
3295 3295
6750 6750
5437 5437
1164 1164
5156 5156
2979 2979
6778 6778
936 936
6841 6841
5411 5411
1392 1392
1557 1557
5051 5051
3195 3195
1342 1342
1584 1584
1669 1669
1933 1933
1633 1633
1725 1725
1609 1609
1359 1359
1677 1677
3216 3216
6848 6848
1724 1724
210 210
1595 1595
1913 1913
1571 1571
1243 1243
3217 3217
1223 1223
2910 2910
6844 6844
2917 2917
1586 1586
5158 5158
1546 1546
1714 1714
1601 1601
1709 1709
6793 6793
1788 1788
1787 1787
1279 1279
6727 6727
6758 6758
801 801
6598 6598
3662 3662
1593 1593
1852 1852
1831 1831
2994 2994
1554 1554
3319 3319
1854 1854
1833 1833
5388 5388
6830 6830
1883 1883
3902 3902
1553 1553
1534 1534
1561 1561
2873 2873
1591 1591
1712 1712
6859 6859
6694 6694
6696 6696
5219 5219
1570 1570
1137 1137
1860 1860
6724 6724
802 802
6809 6809
1853 1853
1874 1874
1687 1687
6688 6688
5053 5053
1684 1684
3764 3764
786 786
5054 5054
302 302
3178 3178
6853 6853
1688 1688
1904 1904
6827 6827
3177 3177
1689 1689
1221 1221
4693 4693
6784 6784
1278 1278
3172 3172
1514 1514
1121 1121
1867 1867
1258 1258
1720 1720
6606 6606
3148 3148
1168 1168
6665 6665
1634 1634
211 211
3142 3142
1161 1161
3320 3320
830 830
933 933
676 676
1515 1515
1748 1748
5075 5075
6791 6791
1735 1735
3718 3718
800 800
1667 1667
1637 1637
5409 5409
6678 6678
841 841
3112 3112
1120 1120
798 798
1354 1354
6797 6797
5047 5047
3812 3812
1625 1625
1598 1598
720 720
5074 5074
1139 1139
900 900
6792 6792
6770 6770
5072 5072
6788 6788
5197 5197
1813 1813
1578 1578
3179 3179
3728 3728
1275 1275
413 413
2819 2819
3098 3098
6663 6663
1814 1814
1828 1828
3762 3762
6800 6800
2915 2915
6856 6856
6865 6865
1737 1737
6862 6862
3113 3113
6723 6723
5080 5080
721 721
5069 5069
6866 6866
791 791
1001 1001
1353 1353
1734 1734
5015 5015
5198 5198
6801 6801
1568 1568
6767 6767
3197 3197
1791 1791
3118 3118
5081 5081
981 981
1129 1129
6666 6666
6611 6611
6799 6799
1832 1832
1782 1782
6731 6731
6643 6643
1040 1040
3107 3107
6585 6585
1780 1780
1433 1433
3106 3106
6631 6631
1855 1855
1395 1395
6657 6657
1026 1026
6637 6637
6602 6602
6625 6625
3099 3099
776 776
3109 3109
988 988
1497 1497
2820 2820
5192 5192
6714 6714
1646 1646
5078 5078
1006 1006
1000 1000
4367 4367
6626 6626
1857 1857
2914 2914
1126 1126
1122 1122
1830 1830
3115 3115
1579 1579
1132 1132
807 807
773 773
1345 1345
996 996
1784 1784
1170 1170
919 919
6644 6644
632 632
5095 5095
2929 2929
1499 1499
2836 2836
1409 1409
846 846
1795 1795
5106 5106
2913 2913
2919 2919
6603 6603
5056 5056
1449 1449
1033 1033
3116 3116
4357 4357
1230 1230
3813 3813
4329 4329
6638 6638
882 882
2880 2880
5152 5152
912 912
708 708
1519 1519
1015 1015
1171 1171
871 871
1479 1479
1005 1005
1806 1806
1023 1023
910 910
3090 3090
636 636
974 974
3088 3088
1018 1018
3021 3021
1251 1251
4709 4709
1004 1004
6605 6605
3477 3477
5086 5086
1128 1128
1061 1061
3120 3120
2833 2833
987 987
855 855
5193 5193
836 836
1173 1173
6595 6595
4912 4912
1396 1396
5117 5117
923 923
1188 1188
1169 1169
1323 1323
884 884
6721 6721
1014 1014
5374 5374
6633 6633
1135 1135
1022 1022
1125 1125
3155 3155
1524 1524
678 678
924 924
1520 1520
1167 1167
633 633
705 705
1796 1796
1369 1369
1460 1460
6446 6446
5314 5314
6719 6719
5041 5041
1048 1048
3136 3136
1769 1769
1013 1013
1149 1149
3168 3168
965 965
1027 1027
6444 6444
1673 1673
4918 4918
839 839
5220 5220
1044 1044
2838 2838
1327 1327
1045 1045
6592 6592
955 955
4913 4913
833 833
4757 4757
4335 4335
1334 1334
921 921
2834 2834
5211 5211
3507 3507
1461 1461
1462 1462
1761 1761
1458 1458
5292 5292
1416 1416
1856 1856
1147 1147
5378 5378
2846 2846
3503 3503
1112 1112
1529 1529
3124 3124
4814 4814
2881 2881
4978 4978
926 926
6561 6561
1862 1862
4389 4389
975 975
2848 2848
3152 3152
2853 2853
4911 4911
1047 1047
4935 4935
993 993
3081 3081
5110 5110
4391 4391
2831 2831
4360 4360
829 829
3137 3137
1518 1518
4459 4459
4333 4333
3063 3063
5143 5143
1337 1337
2923 2923
1116 1116
6410 6410
3020 3020
1496 1496
5247 5247
5130 5130
730 730
4344 4344
3500 3500
1175 1175
1257 1257
767 767
4873 4873
979 979
6282 6282
5349 5349
5101 5101
1049 1049
978 978
4458 4458
6529 6529
808 808
1863 1863
970 970
1881 1881
1799 1799
3096 3096
6356 6356
4730 4730
4387 4387
3509 3509
3150 3150
6381 6381
2967 2967
4728 4728
1185 1185
5202 5202
2826 2826
4369 4369
5168 5168
6437 6437
973 973
1493 1493
3511 3511
5200 5200
1055 1055
1052 1052
1526 1526
1089 1089
1202 1202
3029 3029
952 952
4449 4449
4349 4349
1755 1755
4701 4701
3125 3125
2884 2884
937 937
5265 5265
6428 6428
1071 1071
1482 1482
5375 5375
2824 2824
4903 4903
5124 5124
1214 1214
5153 5153
4973 4973
4359 4359
4949 4949
901 901
4361 4361
5234 5234
2969 2969
5128 5128
5205 5205
4713 4713
1265 1265
1178 1178
4396 4396
4746 4746
1073 1073
4337 4337
1528 1528
950 950
2925 2925
927 927
2877 2877
4878 4878
3497 3497
766 766
5163 5163
1481 1481
4731 4731
4114 4114
4443 4443
5113 5113
729 729
1545 1545
1200 1200
3134 3134
5290 5290
4734 4734
6338 6338
4689 4689
4868 4868
4711 4711
1486 1486
1118 1118
4338 4338
3064 3064
6332 6332
1115 1115
1108 1108
1466 1466
4622 4622
4392 4392
1530 1530
4343 4343
6560 6560
4454 4454
1091 1091
4238 4238
1426 1426
6388 6388
5348 5348
1483 1483
4808 4808
4125 4125
3479 3479
3017 3017
6567 6567
857 857
4817 4817
3505 3505
1187 1187
4854 4854
4725 4725
4648 4648
5249 5249
6389 6389
902 902
6474 6474
5179 5179
6559 6559
2825 2825
3006 3006
1809 1809
1485 1485
726 726
1074 1074
1093 1093
4621 4621
1371 1371
3014 3014
3026 3026
4716 4716
3079 3079
2998 2998
594 594
2855 2855
6526 6526
1350 1350
693 693
6375 6375
5251 5251
4237 4237
4116 4116
6533 6533
3093 3093
903 903
1490 1490
771 771
6429 6429
957 957
1103 1103
4167 4167
4687 4687
947 947
1180 1180
1464 1464
2932 2932
750 750
4179 4179
4804 4804
658 658
4889 4889
5100 5100
5089 5089
4688 4688
4166 4166
905 905
4321 4321
850 850
6538 6538
6315 6315
4446 4446
6573 6573
4950 4950
932 932
4424 4424
4922 4922
4452 4452
1077 1077
4951 4951
4290 4290
4431 4431
4503 4503
1141 1141
4930 4930
4436 4436
4934 4934
4516 4516
5256 5256
6426 6426
1402 1402
2842 2842
3032 3032
875 875
4786 4786
3495 3495
1349 1349
4286 4286
2840 2840
891 891
4841 4841
4234 4234
4407 4407
848 848
4602 4602
1538 1538
6317 6317
4533 4533
4985 4985
1478 1478
4550 4550
4968 4968
4962 4962
4285 4285
4417 4417
4538 4538
4470 4470
873 873
4473 4473
4150 4150
5259 5259
4240 4240
6546 6546
6510 6510
4123 4123
1235 1235
1454 1454
4425 4425
4963 4963
6508 6508
4607 4607
4506 4506
4747 4747
1758 1758
2858 2858
6872 6872
4530 4530
3042 3042
4517 4517
6383 6383
4428 4428
6305 6305
4958 4958
6423 6423
622 622
4545 4545
4543 4543
6286 6286
4494 4494
4953 4953
4493 4493
4379 4379
5295 5295
4927 4927
4087 4087
4672 4672
5323 5323
4956 4956
6285 6285
5297 5297
4966 4966
6489 6489
4158 4158
4989 4989
4174 4174
5327 5327
4110 4110
4486 4486
5225 5225
690 690
3037 3037
4562 4562
4668 4668
4568 4568
4492 4492
4157 4157
4941 4941
4527 4527
610 610
6319 6319
4582 4582
4573 4573
4641 4641
4844 4844
