1 1
2 2
3 3
4 4
2437 6
7 7
8 8
12 12
2910 14
17 17
2248 19
96 20
3620 23
2305 24
2634 25
26 26
27 27
29 29
1000 32
34 34
35 35
36 36
3475 38
3223 40
1131 43
44 44
704 46
1722 51
1585 55
3642 56
62 62
64 64
65 65
954 69
300 70
1680 71
770 72
73 73
3573 74
2077 75
76 76
463 78
82 82
1801 83
656 86
2896 88
2994 89
2711 90
92 92
94 94
428 99
100 100
104 104
946 105
3275 106
111 111
113 113
2580 115
612 116
117 117
118 118
119 119
123 123
124 124
2202 125
2184 126
128 128
129 129
3144 130
133 133
134 134
138 138
1960 139
1219 140
3019 144
3546 146
147 147
148 148
484 150
151 151
153 153
3108 156
158 158
2089 160
162 162
163 163
164 164
165 165
2051 167
1284 168
1013 170
3162 171
1026 172
174 174
177 177
178 178
180 180
188 181
182 182
216 186
189 189
192 192
2849 193
2716 195
200 200
203 203
205 205
2838 206
1911 207
208 208
742 209
210 210
211 211
214 214
215 215
217 217
2539 219
220 220
221 221
2483 223
3624 224
225 225
227 227
228 228
231 231
2961 234
1339 235
239 239
3639 241
242 242
244 244
245 245
840 246
247 247
2718 249
1970 251
252 252
253 253
255 255
3182 256
258 258
1441 259
260 260
261 261
3213 264
268 268
269 269
270 270
271 271
273 273
513 278
279 279
47 281
283 283
284 284
285 285
289 289
292 292
671 293
294 294
295 295
296 296
298 298
299 299
3250 301
302 302
3457 304
2720 306
3650 307
308 308
309 309
3420 310
311 311
312 312
315 315
814 318
2682 320
321 321
322 322
323 323
325 325
327 327
330 330
333 333
335 335
337 337
1173 338
340 340
341 341
342 342
343 343
344 344
1862 346
2230 347
2809 349
915 350
351 351
2720 352
641 355
356 356
359 359
360 360
8 363
367 367
368 368
1559 369
123 371
1748 372
374 374
2511 375
376 376
377 377
855 380
381 381
382 382
3297 383
1684 387
390 390
1852 393
1196 394
395 395
396 396
398 398
399 399
400 400
401 401
599 403
2080 404
407 407
408 408
409 409
410 410
701 411
412 412
413 413
415 415
1889 417
954 420
421 421
425 425
2685 427
3189 428
158 431
432 432
435 435
436 436
2088 438
439 439
441 441
442 442
1180 446
448 448
1853 449
450 450
1584 451
456 456
2541 457
459 459
1719 462
464 464
466 466
1226 467
468 468
3373 469
472 472
1239 474
734 475
478 478
479 479
2808 480
487 487
2231 488
1429 489
490 490
492 492
1013 493
3354 494
3242 496
247 498
500 500
199 502
503 503
505 505
507 507
2483 508
512 512
1203 513
2222 514
515 515
518 518
1632 519
524 524
2064 527
529 529
530 530
1478 532
533 533
747 534
2331 536
537 537
538 538
539 539
540 540
799 541
542 542
3045 543
544 544
546 546
548 548
550 550
3674 551
552 552
2107 553
2815 554
63 555
3193 556
156 557
558 558
560 560
1003 562
311 563
567 567
568 568
2540 569
570 570
3513 574
576 576
578 578
581 581
583 583
855 585
586 586
587 587
1160 588
3565 589
2896 592
593 593
594 594
1850 600
602 602
603 603
3019 604
605 605
607 607
608 608
663 609
610 610
1219 611
2174 615
2609 616
620 620
621 621
622 622
3583 623
1303 626
632 632
633 633
636 636
2547 639
226 640
1395 641
58 642
1103 647
648 648
37 649
652 652
237 654
1210 655
1808 657
658 658
2822 659
1062 667
669 669
2020 671
672 672
674 674
676 676
90 677
678 678
685 685
25 686
688 688
690 690
691 691
693 693
3533 695
696 696
697 697
1967 698
699 699
700 700
702 702
2285 703
705 705
708 708
950 709
710 710
712 712
1877 713
715 715
3642 717
2266 718
1478 719
720 720
721 721
723 723
3642 724
726 726
729 729
730 730
2737 734
1834 736
739 739
3113 741
742 742
743 743
750 750
2888 753
754 754
758 758
759 759
761 761
764 764
766 766
767 767
2248 769
771 771
773 773
776 776
782 782
783 783
786 786
788 788
791 791
2901 794
3612 795
3282 797
798 798
800 800
801 801
802 802
804 804
805 805
3319 806
807 807
808 808
730 815
818 818
819 819
824 824
1160 825
1816 826
2749 828
829 829
830 830
833 833
836 836
3267 837
839 839
841 841
82 842
2642 845
846 846
848 848
850 850
2820 851
3319 852
185 854
855 855
856 856
857 857
860 860
2461 861
3017 863
2171 864
1324 866
553 869
871 871
3182 872
873 873
875 875
3642 877
1746 881
882 882
3058 883
884 884
1469 886
2580 889
891 891
3151 894
2982 895
2229 896
3059 897
900 900
901 901
902 902
903 903
905 905
2571 908
216 909
910 910
912 912
80 914
142 915
291 916
3190 917
919 919
921 921
923 923
924 924
3565 925
926 926
927 927
2381 928
915 931
932 932
933 933
2090 935
936 936
937 937
3396 938
1751 939
2159 941
2019 942
2874 946
947 947
2771 948
1026 949
950 950
3258 951
952 952
955 955
957 957
2671 958
3258 959
2896 960
2607 961
1755 963
965 965
2537 968
957 969
970 970
1321 971
2267 972
973 973
974 974
975 975
978 978
979 979
981 981
2261 984
987 987
988 988
2887 989
2896 992
993 993
915 994
996 996
3182 997
1000 1000
1001 1001
1004 1004
1005 1005
1006 1006
1118 1007
3406 1008
1077 1010
1013 1013
1014 1014
1015 1015
2843 1017
1018 1018
1022 1022
1023 1023
1026 1026
1027 1027
1718 1028
3167 1030
1033 1033
1339 1035
1936 1036
3251 1037
1040 1040
671 1043
1044 1044
1045 1045
1047 1047
1048 1048
1049 1049
3424 1050
1052 1052
1055 1055
1061 1061
2296 1063
2230 1064
40 1065
3241 1067
3418 1068
39 1070
1071 1071
1266 1072
1073 1073
1074 1074
1077 1077
680 1078
2625 1080
3100 1085
1426 1087
477 1088
1089 1089
1091 1091
1093 1093
2577 1094
722 1095
2097 1096
1896 1098
3521 1099
2354 1101
2281 1102
1103 1103
1388 1104
2270 1105
2385 1106
25 1107
1108 1108
3475 1109
1112 1112
2325 1114
1115 1115
1116 1116
1118 1118
1120 1120
1121 1121
1122 1122
2440 1123
1125 1125
1126 1126
1128 1128
1129 1129
1818 1130
1132 1132
1135 1135
1554 1136
1137 1137
1139 1139
1140 1140
1141 1141
376 1146
1147 1147
1149 1149
3261 1151
1270 1153
1526 1155
1532 1157
2822 1158
1161 1161
1163 1163
1164 1164
167 1165
1167 1167
1168 1168
1169 1169
1170 1170
1171 1171
1173 1173
1175 1175
689 1177
1178 1178
1180 1180
1185 1185
1187 1187
1188 1188
1190 1190
1191 1191
1192 1192
1193 1195
1868 1196
1219 1197
1199 1199
1200 1200
1202 1202
274 1207
1208 1208
3601 1210
1214 1214
83 1215
960 1216
1219 1219
1220 1220
1221 1221
1223 1223
1224 1224
1225 1225
1227 1227
802 1229
1230 1230
1359 1231
1235 1235
1236 1236
1239 1239
1241 1241
1243 1243
1245 1245
1251 1251
417 1252
1253 1253
1257 1257
1258 1258
3147 1261
3339 1264
1265 1265
41 1268
1270 1270
3102 1274
1275 1275
174 1277
1278 1278
1279 1279
813 1285
2822 1287
1289 1289
1291 1291
526 1295
1299 1299
2815 1308
2292 1310
1311 1311
605 1312
1314 1314
941 1315
2815 1318
56 1322
1323 1323
63 1324
1327 1327
2465 1330
1331 1331
2549 1332
1334 1334
2285 1336
1337 1337
3377 1338
1730 1339
1342 1342
765 1344
1345 1345
1349 1349
1350 1350
3447 1351
3463 1352
1353 1353
1354 1354
1356 1356
2494 1357
1358 1358
1359 1359
2433 1362
807 1363
1941 1367
1369 1369
2308 1370
1371 1371
2489 1373
1377 1377
1379 1379
919 1380
1387 1387
1390 1390
1391 1391
1392 1392
1393 1393
1412 1394
1395 1395
1396 1396
1399 1399
1850 1400
915 1401
1402 1402
2938 1404
1406 1406
2542 1407
1409 1409
1970 1412
1416 1416
1417 1417
1418 1418
1419 1419
3081 1421
1424 1424
1426 1426
2664 1427
882 1428
2346 1429
792 1430
27 1431
1433 1433
1690 1435
855 1438
1440 1440
1914 1441
2814 1447
1449 1449
3552 1450
1452 1452
1454 1454
1458 1458
1460 1460
1461 1461
1462 1462
195 1463
1464 1464
1466 1466
1043 1468
1721 1470
1944 1471
2896 1473
1475 1475
1297 1476
1478 1478
1479 1479
247 1480
1481 1481
1482 1482
1483 1483
1485 1485
1486 1486
991 1488
1764 1489
1490 1490
1493 1493
915 1495
1496 1496
1497 1497
1498 1498
1499 1499
1472 1504
1505 1505
1506 1506
3445 1507
3258 1509
1514 1514
1515 1515
3319 1516
1518 1518
1519 1519
1520 1520
3649 1521
1524 1524
3567 1525
1526 1526
1528 1528
1529 1529
1530 1530
1044 1532
1534 1534
1535 1535
1020 1536
1537 1537
1538 1538
1541 1541
759 1542
328 1543
1545 1545
1546 1546
1553 1553
1554 1554
3322 1555
1556 1556
1557 1557
3004 1558
1561 1561
1564 1564
1568 1568
2090 1569
1570 1570
1571 1571
1572 1572
1573 1573
1096 1575
1578 1578
1579 1579
830 1580
1297 1583
1584 1584
1585 1585
1586 1586
658 1587
3635 1590
1591 1591
1593 1593
78 1594
1595 1595
747 1597
1598 1598
1600 1600
1601 1601
1603 1603
2378 1608
1609 1609
2247 1612
1614 1614
1615 1615
1617 1617
1619 1619
1620 1620
1622 1622
3336 1623
83 1624
1625 1625
1628 1628
2483 1629
1633 1633
1634 1634
2901 1635
3565 1636
1637 1637
1638 1638
3242 1641
2542 1644
1943 1645
1646 1646
1647 1647
1649 1649
1652 1652
1653 1653
2938 1654
1655 1655
1657 1657
1962 1658
1380 1659
1660 1660
1661 1661
1662 1662
1663 1663
3224 1664
3408 1665
3175 1666
1667 1667
1669 1669
1670 1670
2234 1672
1673 1673
1674 1674
1677 1677
2720 1682
1684 1684
1687 1687
1688 1688
1689 1689
1338 1694
1822 1698
1700 1700
1704 1704
2682 1707
1708 1708
1709 1709
1710 1710
1712 1712
1714 1714
691 1716
962 1719
1720 1720
3144 1722
1724 1724
1725 1725
908 1726
3044 1727
43 1728
1730 1730
237 1731
464 1732
1734 1734
1735 1735
1737 1737
1738 1738
1739 1739
3642 1742
1743 1743
1748 1748
1749 1749
3151 1752
2326 1753
1755 1755
1758 1758
1759 1759
1760 1760
1761 1761
1764 1764
1766 1766
1769 1769
3108 1770
1774 1774
2691 1778
1724 1779
1780 1780
1782 1782
1784 1784
1420 1785
1787 1787
1788 1788
1791 1791
1795 1795
1796 1796
623 1797
3562 1798
1799 1799
2029 1801
3463 1802
1654 1805
1806 1806
1809 1809
2896 1810
1813 1813
1814 1814
2138 1819
2864 1820
730 1821
1823 1823
1824 1824
2396 1825
1515 1826
1828 1828
1830 1830
1831 1831
1832 1832
1833 1833
1843 1843
2187 1848
1850 1850
1851 1851
1852 1852
1853 1853
1854 1854
1855 1855
1856 1856
1857 1857
579 1859
1860 1860
430 1861
1862 1862
1863 1863
1864 1864
3625 1865
1867 1867
1874 1874
1876 1876
1878 1878
1880 1880
1881 1881
1883 1883
1357 1884
1618 1885
1886 1886
711 1887
1278 1892
2103 1897
1900 1900
1903 1903
1904 1904
1905 1905
1906 1906
3456 1910
1912 1912
1913 1913
1914 1914
2896 1915
3132 1919
1144 1922
2183 1923
25 1924
1925 1925
1290 1926
1927 1927
1928 1928
1929 1929
1469 1930
2035 1932
1933 1933
1934 1934
1938 1938
1940 1940
1942 1942
1943 1943
3442 1948
1951 1951
906 1953
2113 1955
40 1958
1962 1962
255 1972
2568 1975
1976 1976
1977 1977
1981 1981
1983 1983
1984 1984
2630 1986
3406 1987
1988 1988
1992 1992
1993 1993
2857 1996
2720 1997
958 1999
570 2000
2325 2001
2007 2007
1521 2009
2011 2011
301 2012
2665 2013
2014 2014
1927 2015
2018 2018
2019 2019
2022 2022
1720 2023
2027 2027
2699 2029
2030 2030
2031 2031
2035 2035
2036 2036
2037 2037
2044 2044
2046 2046
2048 2048
2049 2049
2052 2052
2054 2054
2505 2055
1877 2057
2062 2062
3022 2066
2067 2067
2068 2068
2070 2070
3400 2074
2076 2076
40 2078
2080 2080
2081 2081
589 2085
2086 2086
2087 2087
2088 2088
2089 2089
2092 2092
2095 2095
1841 2096
2101 2101
60 2102
2437 2103
2104 2104
2105 2105
1852 2106
807 2107
2109 2109
2112 2112
2114 2114
3260 2116
2118 2118
1778 2119
2122 2122
2124 2124
305 2125
2127 2127
2129 2129
3493 2130
3151 2133
2525 2134
2135 2135
1573 2136
63 2139
2144 2144
2145 2145
2150 2150
2152 2152
3418 2155
2346 2162
965 2163
2164 2164
2167 2167
2134 2168
921 2171
2987 2172
40 2173
2174 2174
2175 2175
2177 2177
2178 2178
2968 2179
2180 2180
1944 2181
2182 2182
3241 2183
2395 2186
2189 2189
2191 2191
2193 2193
1044 2196
821 2198
3258 2201
747 2203
2205 2205
2207 2207
1828 2208
2210 2210
2972 2212
2213 2213
2035 2214
2215 2215
2216 2216
3336 2217
2220 2220
2221 2221
3175 2222
2709 2224
2440 2229
2230 2230
2233 2233
2687 2234
2235 2235
2864 2236
3521 2237
2239 2239
2240 2240
2241 2241
1489 2242
1533 2243
2244 2244
2245 2245
46 2246
213 2248
3416 2249
2250 2250
1391 2251
2253 2253
2254 2254
2255 2255
2256 2256
2261 2261
2263 2263
1250 2266
3400 2267
2268 2268
856 2269
2272 2272
2274 2274
47 2275
2276 2276
2278 2278
2279 2279
2280 2280
197 2282
2912 2283
2284 2284
2287 2287
2288 2288
2289 2289
1579 2292
1896 2294
2295 2295
2296 2296
2297 2297
2299 2299
803 2304
2305 2305
2306 2306
2308 2308
2635 2309
2311 2311
2312 2312
1003 2313
2315 2315
2318 2318
3291 2320
2321 2321
2324 2324
2326 2326
3150 2327
2330 2330
2331 2331
2539 2332
439 2334
1197 2335
2443 2338
2340 2340
63 2341
2342 2342
94 2343
2344 2344
2348 2348
225 2349
2304 2350
2351 2351
2352 2352
2357 2357
1247 2358
2096 2360
3197 2361
2362 2362
2483 2364
2365 2365
2367 2367
1313 2368
2369 2369
3017 2370
2375 2375
2377 2377
2381 2381
2383 2383
2385 2385
2992 2386
1579 2387
2388 2388
2389 2389
2318 2390
421 2392
2393 2393
2395 2395
2397 2397
2400 2400
2401 2401
2405 2405
2386 2406
1203 2408
1611 2413
2415 2415
758 2416
3108 2418
1668 2419
2033 2420
2422 2422
2423 2423
2425 2425
2427 2427
2429 2429
2432 2432
2434 2434
2437 2437
3536 2439
2440 2440
2441 2441
2444 2444
2725 2445
2448 2448
2449 2449
1931 2451
2456 2456
2457 2457
2467 2467
2468 2468
2470 2470
2471 2471
2248 2472
1328 2473
117 2474
2475 2475
2480 2480
2482 2482
2484 2484
2485 2485
2490 2490
2636 2493
2498 2498
2499 2499
2500 2500
2323 2501
2503 2503
2506 2506
2507 2507
2508 2508
2509 2509
2511 2511
2514 2514
2515 2515
46 2516
2517 2517
46 2519
1920 2522
2523 2523
72 2525
513 2528
3046 2529
2222 2530
155 2533
2178 2534
2535 2535
2536 2536
2537 2537
1987 2538
276 2541
2545 2545
2550 2550
2816 2552
2553 2553
2558 2558
2560 2560
2565 2565
2567 2567
2568 2568
441 2571
2572 2572
2573 2573
3390 2575
305 2578
2434 2579
948 2582
3019 2583
2585 2585
2586 2586
1579 2587
2588 2588
4370 2589
428 2591
2930 2593
2594 2594
2595 2595
2596 2596
2598 2598
3585 2599
2600 2600
2602 2602
2606 2606
2608 2608
2610 2610
1215 2612
2613 2613
2614 2614
2623 2623
3124 2625
2627 2627
2629 2629
2630 2630
2632 2632
2633 2633
475 2635
2636 2636
3015 2638
2639 2639
2643 2643
2646 2646
2648 2648
986 2650
3544 2653
811 2657
119 2659
2662 2662
2663 2663
2665 2665
96 2668
2670 2670
2671 2671
2234 2672
623 2674
2675 2675
2676 2676
2677 2677
1165 2680
1354 2682
2684 2684
2685 2685
1822 2687
2689 2689
1308 2690
2691 2691
2694 2694
2699 2699
2700 2700
2701 2701
713 2702
2703 2703
2705 2705
3258 2706
1261 2708
2352 2709
656 2710
2713 2713
2715 2715
2718 2718
2719 2719
3544 2720
2722 2722
437 2725
3397 2726
2727 2727
2728 2728
2732 2732
2733 2733
2208 2738
2740 2740
879 2741
2743 2743
3319 2745
2558 2749
2751 2751
2753 2753
2754 2754
2755 2755
523 2758
2890 2762
2763 2763
2764 2764
2765 2765
1126 2766
3411 2769
2780 2770
2775 2775
1474 2778
2574 2779
2780 2780
2577 2781
2783 2783
2521 2785
2535 2786
960 2790
2791 2791
2792 2792
2793 2793
3016 2794
2795 2795
2797 2797
2799 2799
2801 2801
1892 2802
2693 2806
2807 2807
2808 2808
1262 2809
2811 2811
2814 2814
2815 2815
2817 2817
2818 2818
2819 2819
2820 2820
2821 2821
2822 2822
2824 2824
2825 2825
2826 2826
2831 2831
2833 2833
2834 2834
2836 2836
102 2837
2838 2838
2840 2840
2842 2842
381 2843
3662 2844
532 2845
2846 2846
2848 2848
465 2849
2853 2853
2855 2855
3384 2857
2858 2858
1396 2859
2862 2862
2863 2863
1987 2864
2865 2865
2866 2866
433 2871
2873 2873
3477 2874
2877 2877
2961 2879
2880 2880
2881 2881
2884 2884
2887 2887
2048 2889
2890 2890
2968 2894
2895 2895
2897 2897
2898 2898
2253 2899
2903 2903
2904 2904
2905 2905
2347 2906
2907 2907
2147 2908
2910 2910
2911 2911
2912 2912
2913 2913
2914 2914
2915 2915
2917 2917
2919 2919
632 2920
1157 2921
2554 2922
2923 2923
2569 2924
2925 2925
2378 2926
2362 2927
3262 2928
2929 2929
276 2930
2802 2931
2932 2932
2549 2935
3441 2936
1458 2938
2346 2939
1847 2940
2941 2941
2942 2942
2943 2943
3233 2944
452 2946
2949 2949
2955 2955
2958 2958
3298 2962
2963 2963
2967 2967
431 2968
2969 2969
2971 2971
2838 2972
2977 2977
1309 2978
2979 2979
1231 2980
151 2981
1802 2983
1091 2984
993 2985
2986 2986
2749 2987
2989 2989
376 2991
3670 2992
2993 2993
2994 2994
462 2996
2998 2998
3000 3000
3001 3001
1962 3002
3003 3003
3004 3004
3006 3006
1788 3007
1324 3009
201 3010
3012 3012
3014 3014
2370 3016
3017 3017
3086 3018
3020 3020
3021 3021
1584 3022
3026 3026
1732 3028
3029 3029
3032 3032
3036 3036
3037 3037
3521 3038
3039 3039
3042 3042
3044 3044
3258 3048
3049 3049
3050 3050
2434 3052
3054 3054
3056 3056
958 3059
1266 3061
3062 3062
3063 3063
3064 3064
3067 3067
3069 3069
2835 3070
2880 3074
2549 3075
3144 3076
3077 3077
3079 3079
3081 3081
3258 3082
2134 3085
730 3087
3088 3088
3242 3089
3090 3090
526 3092
3093 3093
3258 3095
3096 3096
3098 3098
3099 3099
2202 3101
3332 3103
63 3105
3106 3106
3107 3107
3109 3109
3112 3112
3113 3113
1889 3114
3115 3115
3116 3116
2896 3117
3118 3118
3120 3120
2636 3121
3124 3124
3125 3125
921 3128
3132 3132
861 3133
3134 3134
3135 3135
3136 3136
3137 3137
2854 3139
3142 3142
398 3143
1722 3144
218 3147
3148 3148
3150 3150
3152 3152
1462 3153
3155 3155
2019 3158
3163 3163
2208 3164
742 3165
3168 3168
3169 3169
3244 3170
3171 3171
3172 3172
3565 3174
1719 3176
3177 3177
3178 3178
3179 3179
2798 3180
1828 3182
3183 3183
3190 3190
1193 3192
2727 3193
3195 3195
3196 3196
3197 3197
3428 3199
3201 3201
2197 3203
3206 3206
3207 3207
304 3212
3213 3213
3242 3215
3216 3216
3217 3217
3219 3219
3428 3220
3436 3221
2554 3222
3223 3223
3225 3225
3228 3228
3229 3229
3234 3234
3235 3235
3237 3237
3238 3238
3624 3239
3241 3241
3242 3242
2230 3243
960 3245
3246 3246
3039 3248
3249 3249
3447 3250
3251 3251
3252 3252
3253 3253
3255 3255
3261 3261
3267 3264
3266 3266
3267 3267
3269 3269
3649 3271
1721 3272
3666 3273
3275 3275
3161 3277
3278 3278
3280 3280
3283 3283
3284 3284
3650 3287
3379 3288
3289 3289
276 3290
2720 3291
3292 3292
3500 3294
3295 3295
3296 3296
3536 3297
3457 3301
3302 3302
3305 3305
3587 3309
3314 3314
3328 3315
3316 3316
3319 3319
3320 3320
1822 3323
3325 3325
3326 3326
1882 3327
3329 3329
3330 3330
3333 3333
3334 3334
3335 3335
2554 3336
689 3337
3338 3338
2883 3343
3550 3344
3587 3345
907 3346
3553 3347
3348 3348
1359 3349
3243 3350
379 3353
768 3355
3619 3357
3323 3358
3360 3360
3361 3361
3362 3362
3658 3364
3365 3365
3366 3366
3367 3367
3368 3368
3371 3371
3372 3372
3373 3373
3258 3375
3376 3376
653 3377
3380 3380
3662 3381
3383 3383
3384 3384
3385 3385
3386 3386
3387 3387
3388 3388
3389 3389
3390 3390
3392 3392
3393 3393
156 3395
3396 3396
3399 3399
3402 3402
3143 3403
2869 3404
3405 3405
3559 3410
3411 3411
3413 3413
3434 3416
3418 3418
921 3419
3421 3421
3423 3423
3425 3425
3396 3426
3429 3429
3431 3431
3241 3434
1174 3436
85 3439
3440 3440
1182 3441
3442 3442
3443 3443
3444 3444
3445 3445
3447 3447
1387 3448
2222 3453
3160 3455
3456 3456
3457 3457
3460 3460
2449 3461
3328 3468
2896 3469
3291 3470
1392 3471
3261 3472
3477 3477
259 3478
3479 3479
1155 3483
915 3484
960 3486
3487 3487
3361 3488
3489 3489
3490 3490
3267 3494
3495 3495
3497 3497
3500 3500
3503 3503
960 3504
3505 3505
3507 3507
928 3508
3509 3509
3538 3510
3511 3511
3516 3516
2260 3517
3518 3518
20 3523
1266 3525
3536 3527
216 3528
3530 3530
3337 3531
3533 3533
3534 3534
2503 3538
3233 3541
3485 3542
1554 3543
2454 3545
3546 3546
3547 3547
3549 3549
3553 3553
3554 3554
3557 3556
379 3559
3565 3565
3566 3566
3567 3567
3568 3568
3433 3569
3571 3571
3242 3574
3576 3576
3246 3577
3579 3579
2370 3581
43 3583
3584 3584
3586 3586
1786 3587
3588 3588
3590 3590
2762 3592
3506 3593
2930 3595
3596 3596
3597 3597
3601 3601
3602 3602
3604 3604
3605 3605
3606 3606
3608 3608
3609 3609
600 3610
759 3612
3613 3613
3625 3614
3383 3615
3419 3618
1962 3619
3620 3620
3621 3621
3174 3622
1716 3625
171 3627
3628 3628
3629 3629
3631 3631
301 3632
1096 3636
3637 3637
3638 3638
3640 3640
3643 3643
3645 3645
3648 3648
3649 3649
3650 3650
3652 3652
1630 3654
1611 3656
3657 3657
3648 3659
3661 3661
3662 3662
3664 3664
3667 3667
3670 3670
3673 3673
3674 3674
5804 3676
5346 3681
3682 3682
3684 3684
3685 3685
6378 3686
3687 3687
3689 3689
5246 3690
3691 3691
6379 3693
3694 3694
3695 3695
5917 3699
4934 3701
3702 3702
3704 3704
3705 3705
3707 3707
3708 3708
5301 3710
6398 3716
3718 3718
5274 3722
3723 3723
3724 3724
6589 3726
3728 3728
4192 3729
3730 3730
5308 3732
6422 3733
6589 3737
3738 3738
4202 3739
6481 3742
5073 3747
6557 3748
3750 3750
5663 3751
3753 3753
5282 3756
3759 3759
3762 3762
6471 3763
3764 3764
3766 3766
3767 3767
5441 3769
3776 3776
6825 3778
4081 3780
6505 3781
3782 3782
6481 3783
3785 3785
3676 3787
5368 3790
3791 3791
6829 3793
5736 3795
5301 3796
4223 3797
4142 3798
5579 3799
4417 3801
6241 3805
3806 3806
4849 3808
5876 3809
4500 3810
6878 3811
3812 3812
3813 3813
4147 3816
3818 3818
5023 3819
5714 3820
3821 3821
6827 3822
3823 3823
3824 3824
3825 3825
3826 3826
3828 3828
3829 3829
3833 3833
4949 3835
5982 3836
4202 3843
3846 3846
3847 3847
3848 3848
6478 3849
4764 3850
3851 3851
6554 3852
3855 3855
3856 3856
4192 3857
5330 3858
4389 3861
3864 3864
4105 3866
3754 3870
6605 3871
4386 3872
3874 3874
3877 3877
6071 3878
6701 3881
5082 3882
3883 3883
3884 3884
4519 3886
3888 3888
5936 3889
3892 3892
3895 3895
5866 3896
3954 3898
6073 3899
4969 3901
3902 3902
6039 3905
3906 3906
6661 3907
4183 3908
6072 3909
3910 3910
6514 3912
6387 3914
5938 3918
3922 3922
3927 3927
4547 3929
3932 3932
5359 3935
5042 3937
5921 3938
6549 3939
3865 3940
3941 3941
6853 3942
6210 3943
3944 3944
4970 3948
3873 3949
5968 3951
3952 3952
3955 3955
6350 3956
5096 3958
3959 3959
5532 3960
3962 3962
5987 3963
6259 3964
3965 3965
3967 3967
5869 3969
5825 3972
5637 3975
3976 3976
5482 3977
3979 3979
3980 3980
4221 3981
4207 3983
4638 3984
6855 3987
4668 3989
3991 3991
5974 3996
5834 4002
5752 4003
4004 4004
4005 4005
4006 4006
6002 4007
4010 4010
4638 4011
5936 4012
4382 4014
4015 4015
4016 4016
4227 4017
4018 4018
5447 4019
4021 4021
4022 4022
4026 4026
4881 4028
4029 4029
4032 4032
4033 4033
4035 4035
4036 4036
4037 4037
5519 4038
4039 4039
6071 4041
4045 4045
4047 4047
4048 4048
4050 4050
5194 4055
6066 4056
4058 4058
6846 4059
4246 4066
4328 4067
4071 4071
4191 4072
6101 4073
5097 4076
4077 4077
5109 4078
4828 4083
5783 4085
5266 4086
4087 4087
6608 4089
4091 4091
4092 4092
4093 4093
4141 4094
4865 4097
4586 4101
4682 4107
6610 4108
4110 4110
6825 4111
4867 4113
4114 4114
5835 4115
4116 4116
5245 4117
5777 4118
6030 4119
4965 4121
4123 4123
4125 4125
4126 4126
4127 4127
6107 4128
5466 4132
5615 4133
4135 4135
4445 4137
4387 4138
6570 4141
4914 4142
3784 4144
6717 4145
6247 4147
5865 4148
4150 4150
4155 4155
5067 4156
4157 4157
4158 4158
4162 4162
5314 4163
4765 4164
4960 4165
4166 4166
4167 4167
4168 4168
6827 4171
4846 4173
4174 4174
4176 4176
4804 4177
4179 4179
6822 4181
4159 4184
4388 4186
5282 4187
6471 4188
3690 4190
4192 4192
5637 4193
5163 4195
4198 4198
5758 4200
4201 4201
4205 4205
4206 4206
4295 4207
4210 4210
6570 4211
5199 4213
5036 4217
6031 4218
5058 4225
4736 4227
4192 4228
4230 4230
4234 4234
4237 4237
4238 4238
4240 4240
4241 4241
4242 4242
4244 4244
3784 4245
4246 4246
4248 4248
5893 4254
4257 4257
5020 4258
4855 4259
4262 4262
6873 4263
4383 4264
4400 4268
4219 4269
4867 4273
4495 4274
5557 4276
4277 4277
3753 4278
6822 4279
4823 4280
4282 4282
5829 4284
4285 4285
4286 4286
4290 4290
6611 4293
4294 4294
4739 4297
6292 4298
4299 4299
4300 4300
6822 4301
6290 4303
4305 4305
4306 4306
6337 4307
4308 4308
5904 4310
4114 4311
6557 4313
4957 4315
5869 4316
5789 4317
6856 4318
6822 4319
4321 4321
3847 4322
5054 4323
6398 4324
6340 4326
4329 4329
4333 4333
4724 4334
4335 4335
6510 4336
4337 4337
4338 4338
4343 4343
4344 4344
4349 4349
6309 4352
6086 4354
4357 4357
5977 4358
4359 4359
4360 4360
4361 4361
5758 4364
4367 4367
4369 4369
3779 4370
5039 4371
4285 4372
6829 4374
5762 4377
4379 4379
4671 4380
5669 4381
3784 4385
4387 4387
4389 4389
4391 4391
4392 4392
6820 4394
4670 4395
4396 4396
5869 4398
4808 4400
6048 4402
5869 4404
4407 4407
6584 4411
6122 4412
5367 4413
4417 4417
4888 4419
6016 4421
5067 4423
4424 4424
4425 4425
4428 4428
4431 4431
4066 4435
4436 4436
6509 4437
3896 4442
4443 4443
5234 4444
6081 4445
4446 4446
4449 4449
4420 4450
4452 4452
4454 4454
5869 4455
6573 4457
4458 4458
4459 4459
6873 4460
5684 4462
4751 4463
5009 4469
4470 4470
5534 4471
5548 4472
4473 4473
5336 4474
6723 4476
5801 4478
3938 4479
3847 4480
5500 4484
4486 4486
6241 4487
4492 4492
4493 4493
4494 4494
5039 4495
4867 4496
6530 4499
6842 4500
5758 4501
4503 4503
4506 4506
6822 4511
4516 4516
4517 4517
6846 4518
4351 4519
6855 4521
3765 4522
5732 4525
4527 4527
3926 4528
4530 4530
4192 4531
4533 4533
5458 4534
5664 4537
4538 4538
6887 4541
5406 4542
4543 4543
4545 4545
3980 4546
5185 4547
3823 4548
4550 4550
5128 4551
4799 4553
5598 4555
4456 4557
6514 4560
6126 4561
4562 4562
6812 4563
5839 4566
6018 4567
4568 4568
3884 4571
5200 4572
4573 4573
6557 4574
4582 4582
6379 4589
5281 4591
4693 4592
4147 4594
5271 4597
5253 4599
4089 4600
4602 4602
5714 4605
4500 4606
4607 4607
5440 4609
5196 4613
4543 4615
5281 4616
6626 4618
5869 4619
5889 4620
4621 4621
4622 4622
4623 4623
4094 4624
6846 4625
5964 4627
3766 4628
5928 4629
4192 4630
3873 4635
5061 4636
5323 4637
6438 4638
5619 4639
4773 4640
4641 4641
5513 4642
4648 4648
6350 4653
4521 4657
4178 4658
5698 4661
4304 4662
4013 4663
6196 4664
6570 4666
4668 4668
4672 4672
5463 4674
4677 4677
5559 4679
4682 4682
3735 4683
4685 4685
4687 4687
4688 4688
4689 4689
6048 4691
5945 4692
4693 4693
4456 4695
4020 4696
6040 4697
6041 4698
6829 4699
4701 4701
4705 4705
5145 4707
4709 4709
5614 4710
4711 4711
4713 4713
4192 4715
4716 4716
4217 4718
5909 4719
5869 4721
5138 4723
4724 4724
4725 4725
4728 4728
5939 4729
4730 4730
4731 4731
5714 4732
4734 4734
4724 4736
6828 4739
6337 4740
4838 4742
4746 4746
4747 4747
5074 4749
6487 4751
4752 4752
4754 4754
4755 4755
4756 4756
4757 4757
6039 4759
6048 4760
6166 4761
4762 4762
4763 4763
4765 4765
5466 4766
4316 4769
4770 4770
5223 4772
6125 4775
3701 4782
6705 4784
4786 4786
5504 4790
6637 4791
4793 4793
4794 4794
4744 4795
4797 4797
6597 4798
6566 4799
6020 4802
4804 4804
5171 4805
4073 4806
4807 4807
4808 4808
3720 4809
6509 4810
6007 4811
3816 4813
4814 4814
4817 4817
5262 4821
6684 4822
4823 4823
3733 4824
6368 4827
5011 4828
6246 4831
4192 4834
3907 4835
6412 4836
5801 4839
3784 4840
4841 4841
4360 4842
4844 4844
4854 4854
3743 4855
4994 4856
4528 4857
5470 4858
6517 4859
6134 4863
6875 4864
5826 4866
6066 4867
4868 4868
4873 4873
4875 4875
4547 4876
4878 4878
6210 4879
3717 4881
6007 4882
4883 4883
4833 4885
6639 4887
4079 4888
4889 4889
6070 4890
4044 4892
3847 4893
4900 4900
4903 4903
6822 4904
5174 4905
5551 4906
4907 4907
6620 4909
4910 4910
4911 4911
4912 4912
4913 4913
4807 4915
4362 4917
4918 4918
6698 4919
4922 4922
4927 4927
4930 4930
4243 4931
4839 4932
5823 4933
4934 4934
4935 4935
6753 4938
4941 4941
4387 4942
4114 4943
6433 4946
5557 4948
4949 4949
4950 4950
4951 4951
4953 4953
6554 4954
6605 4955
4956 4956
4958 4958
6822 4959
4962 4962
4963 4963
5619 4964
4966 4966
4968 4968
6723 4970
6146 4971
4973 4973
4975 4975
4676 4976
4978 4978
3968 4980
4982 4982
4985 4985
5436 4987
4989 4989
5525 4990
3799 4991
4456 4993
6600 4995
4177 4997
6146 5001
5120 5003
5194 5004
3850 5005
3784 5006
5007 5007
6835 5009
6480 5011
6031 5013
4347 5014
5015 5015
4474 5017
5726 5018
5039 5019
5020 5020
4243 5022
5909 5024
4227 5028
5148 5033
6600 5034
4213 5035
6109 5037
5041 5041
5047 5047
4957 5050
5051 5051
5053 5053
5054 5054
5909 5055
5056 5056
5284 5057
4371 5059
4506 5061
5436 5062
5199 5064
5222 5065
4223 5068
5069 5069
5072 5072
3868 5073
5074 5074
5075 5075
6509 5076
3707 5077
5078 5078
5075 5079
5080 5080
5081 5081
6887 5084
4920 5085
5086 5086
6146 5087
5089 5089
5978 5090
6432 5091
5095 5095
4223 5096
6610 5097
5100 5100
5101 5101
6110 5102
4468 5103
5106 5106
6835 5107
5775 5108
5110 5110
6007 5111
5113 5113
5116 5116
5117 5117
5426 5118
4664 5120
4358 5122
6259 5123
5124 5124
5125 5125
5973 5127
5128 5128
5130 5130
5132 5132
5284 5135
5160 5138
4472 5139
5143 5143
5305 5144
5384 5148
6678 5150
4192 5151
5152 5152
5153 5153
5156 5156
5158 5158
5163 5163
5168 5168
5364 5169
5723 5171
6112 5172
5507 5176
6637 5178
5179 5179
6510 5181
4150 5188
5375 5189
5192 5192
5193 5193
4157 5195
3937 5196
5197 5197
5198 5198
5200 5200
4383 5201
5202 5202
5205 5205
4367 5208
5159 5209
4889 5210
5211 5211
4360 5212
5551 5214
5215 5215
5219 5219
5220 5220
5225 5225
6036 5228
4217 5229
5233 5233
5234 5234
5235 5235
3929 5236
5239 5239
5243 5243
5247 5247
5249 5249
5251 5251
6574 5252
5256 5256
5271 5257
6753 5258
5259 5259
4500 5261
5438 5262
6608 5263
5265 5265
5482 5267
4675 5271
4867 5277
5245 5280
5281 5281
5282 5282
6177 5283
3763 5285
5287 5287
5290 5290
5146 5291
5292 5292
5869 5293
5295 5295
5297 5297
5298 5298
6851 5299
5446 5301
5303 5303
5304 5304
5305 5305
4658 5309
4451 5313
5314 5314
5316 5316
5551 5318
5323 5323
5324 5324
4427 5325
5482 5326
5327 5327
5330 5330
5332 5332
5138 5333
5758 5335
6297 5336
5337 5337
4360 5342
4932 5343
4428 5344
6855 5346
5348 5348
5349 5349
6177 5350
5353 5353
5790 5354
5953 5355
6600 5356
4572 5357
5617 5358
4283 5359
6851 5361
5362 5362
6705 5364
5367 5367
6433 5368
5869 5369
5005 5370
5374 5374
5375 5375
5378 5378
5381 5381
6856 5382
5387 5387
5388 5388
4902 5389
5066 5390
5393 5393
6684 5394
5395 5395
5652 5397
4427 5400
3886 5401
5402 5402
5403 5403
5405 5405
5406 5406
5409 5409
5411 5411
6256 5414
4820 5415
6822 5418
6350 5427
6466 5428
5429 5429
5430 5430
6637 5434
5848 5435
5436 5436
5437 5437
5438 5438
5996 5441
6217 5442
5881 5443
5447 5447
4310 5448
4500 5450
5452 5452
4733 5456
5458 5458
6829 5460
6366 5461
5463 5463
5464 5464
4281 5466
6599 5467
4490 5472
5324 5473
5476 5476
4027 5478
3702 5479
5481 5480
4164 5481
4936 5483
5484 5484
5487 5487
5489 5489
6822 5491
3739 5494
5496 5496
5328 5498
4349 5499
5501 5501
4790 5504
6311 5506
6069 5507
5508 5508
4623 5511
6572 5512
5514 5514
5517 5517
4268 5518
5521 5521
5522 5522
6530 5525
5526 5526
5527 5527
4577 5528
5529 5529
5362 5531
5532 5532
5534 5534
4689 5535
5538 5538
5540 5540
5542 5542
4119 5543
5546 5546
6162 5549
5550 5550
5282 5551
5917 5552
5553 5553
5557 5557
5560 5560
5701 5561
6412 5563
5121 5565
5336 5567
5569 5569
6507 5571
4301 5574
6386 5576
5884 5579
5693 5580
4611 5583
6031 5587
5589 5589
5590 5590
3771 5594
5751 5595
5596 5596
5598 5598
5599 5599
5600 5600
5602 5602
5905 5603
5178 5604
5609 5609
4586 5610
4251 5611
6539 5618
4350 5621
5622 5622
6605 5623
6475 5624
5988 5625
5630 5630
5631 5631
5632 5632
6379 5633
4987 5635
5637 5637
5744 5639
5640 5640
5641 5641
6063 5644
3737 5645
4731 5652
6121 5654
5818 5657
3796 5658
5659 5659
5664 5664
5665 5665
5666 5666
4243 5669
3810 5670
6794 5674
5675 5675
5677 5677
5744 5680
6822 5682
4223 5685
5686 5686
5691 5691
6822 5692
4823 5693
5665 5696
5697 5697
5714 5699
6608 5700
6683 5703
4549 5704
5705 5705
5706 5706
5708 5708
5709 5709
5025 5710
4093 5713
5714 5714
6541 5715
5936 5716
5717 5717
6820 5718
4658 5719
5720 5720
5721 5721
4275 5723
5724 5724
5853 5725
4322 5726
4004 5732
4307 5733
5734 5734
4542 5738
5740 5740
5744 5744
5745 5745
5746 5746
5750 5750
5751 5751
4066 5756
6837 5757
4100 5759
5767 5767
5768 5768
3737 5773
5775 5775
5777 5777
5778 5778
5596 5780
4184 5781
5782 5782
5783 5783
5789 5789
5880 5790
5791 5791
5793 5793
5794 5794
4506 5796
5799 5799
5800 5800
5801 5801
5802 5802
3824 5806
4034 5808
5714 5810
6045 5811
5812 5812
5813 5813
4687 5814
6296 5816
4445 5819
5101 5820
6740 5821
5176 5823
5561 5824
5480 5825
5828 5828
4520 5829
5714 5830
5831 5831
5834 5834
5594 5837
5838 5838
6432 5839
5840 5840
6603 5842
5844 5844
5845 5845
6596 5848
5851 5851
5426 5852
4637 5855
4638 5860
4167 5862
6574 5864
3826 5865
5616 5871
5936 5872
5875 5875
4175 5876
5878 5878
5881 5881
5882 5882
5551 5885
5886 5886
5887 5887
6361 5888
4843 5889
6240 5890
6875 5891
5647 5895
5146 5897
5899 5899
5602 5901
5902 5902
5732 5904
4200 5906
6518 5909
5910 5910
6127 5913
6485 5914
5915 5915
5796 5916
6337 5917
5923 5923
5927 5927
6522 5928
5932 5932
5933 5933
5463 5934
5875 5935
5938 5938
5939 5939
5944 5944
5170 5946
4079 5948
4586 5949
4480 5950
5952 5952
4427 5954
5234 5955
4586 5959
5744 5960
5103 5964
5966 5966
6235 5968
5219 5969
4240 5971
6548 5972
5974 5974
5127 5975
5525 5976
5977 5977
5978 5978
5979 5979
5980 5980
5981 5981
5982 5982
5796 5983
5985 5985
5986 5986
5987 5987
5988 5988
5989 5989
5991 5991
6031 5992
5097 5993
5994 5994
3858 5995
5996 5996
6000 6000
6002 6002
4920 6003
6005 6005
6006 6006
6549 6009
5287 6012
4521 6013
6017 6017
5714 6019
6023 6023
6024 6024
5698 6025
6146 6028
6029 6029
4451 6031
6033 6033
6035 6035
6039 6039
5825 6044
6045 6045
3810 6046
4446 6047
6753 6049
6439 6052
4843 6053
6054 6054
6055 6055
6056 6056
6057 6057
4637 6059
6036 6060
6417 6061
6064 6064
6066 6066
4018 6067
5985 6068
6069 6069
6753 6070
6072 6072
6073 6073
6538 6074
5909 6075
6077 6077
6829 6078
5168 6081
6082 6082
6842 6083
6084 6084
5384 6087
6090 6090
6091 6091
6095 6095
5004 6096
6097 6097
5852 6098
6822 6100
5301 6101
6425 6104
4347 6106
6108 6108
6109 6109
4223 6112
3754 6113
6114 6114
6117 6117
3786 6118
6812 6120
6121 6121
5928 6127
6130 6130
5909 6131
6132 6132
6227 6134
6829 6135
6139 6139
4248 6140
6142 6142
6143 6143
6684 6144
5406 6146
6147 6147
6148 6148
6153 6153
6154 6154
4003 6158
6159 6159
6160 6160
6161 6161
6162 6162
6163 6163
4400 6164
6168 6168
6170 6170
6172 6172
6070 6173
6175 6175
3910 6178
6179 6179
6180 6180
6132 6181
6557 6182
4685 6185
6187 6187
4845 6189
6190 6190
6191 6191
5749 6192
6193 6193
6195 6195
3759 6196
6198 6198
4931 6207
6489 6209
3734 6210
6212 6212
5715 6223
5936 6224
6225 6225
4438 6226
6227 6227
6882 6228
6229 6229
6230 6230
4910 6231
5287 6233
6598 6235
5835 6236
6238 6238
5482 6239
6241 6241
6033 6242
4866 6243
5693 6244
4958 6246
6247 6247
6248 6248
4456 6251
4415 6255
5130 6258
6261 6261
5915 6263
4244 6264
6598 6266
6267 6267
6269 6269
6271 6271
6145 6273
4542 6274
6275 6275
6276 6276
6278 6278
6280 6280
6281 6281
6282 6282
6285 6285
6286 6286
5567 6288
4427 6289
6622 6292
5199 6293
6860 6295
4409 6296
3810 6299
6613 6301
6302 6302
6303 6303
6425 6304
6305 6305
6658 6306
6307 6307
6430 6310
4388 6311
6315 6315
6317 6317
6538 6318
6319 6319
6608 6321
6322 6322
6323 6323
6326 6326
5408 6327
5481 6328
6332 6332
5972 6333
5588 6335
6768 6337
6338 6338
4588 6340
4550 6343
6146 6345
6031 6347
4890 6348
3886 6353
6356 6356
6405 6357
5764 6362
6365 6365
5646 6366
6375 6375
5557 6376
6031 6378
6381 6381
6383 6383
6350 6384
5782 6385
5903 6386
6388 6388
6389 6389
4867 6394
5008 6396
6398 6398
6822 6399
6684 6400
6402 6402
6146 6404
6406 6406
6410 6410
6412 6412
6039 6416
5367 6418
6423 6423
3917 6424
6426 6426
6428 6428
6429 6429
6431 6431
6069 6432
4405 6434
5535 6435
6437 6437
4229 6438
4545 6440
6145 6442
6444 6444
5199 6445
6446 6446
6127 6448
4500 6449
5696 6451
6557 6456
5808 6457
6031 6458
4307 6459
4445 6460
4191 6462
6464 6464
5136 6466
6467 6467
5673 6470
4476 6471
6398 6473
6474 6474
6477 6477
3784 6483
5757 6484
3901 6485
5146 6486
5701 6487
6489 6489
6290 6490
4227 6491
6722 6492
6239 6494
5342 6499
6228 6500
6493 6501
6502 6507
6508 6508
6510 6510
4801 6513
4437 6517
4823 6521
5199 6524
5908 6525
6526 6526
4765 6528
6529 6529
3973 6530
3937 6531
3810 6532
6533 6533
4387 6534
6538 6538
5134 6539
5758 6544
6546 6546
6557 6547
5199 6549
6822 6550
6772 6554
6071 6555
4547 6558
6559 6559
6560 6560
6561 6561
4764 6563
6048 6564
4038 6565
6567 6567
6300 6569
6300 6570
6573 6573
6620 6576
4387 6580
6585 6585
4519 6587
4821 6589
6592 6592
4844 6594
6595 6595
6598 6598
4689 6600
6602 6602
6603 6603
6605 6605
6606 6606
5825 6607
3739 6610
6611 6611
4192 6612
5513 6616
6600 6620
4844 6621
3679 6622
6625 6625
6626 6626
4227 6628
6631 6631
4192 6632
6633 6633
5525 6635
6457 6636
6637 6637
6638 6638
5974 6639
6168 6641
6643 6643
6644 6644
5474 6645
5913 6648
4429 6649
6507 6650
4845 6652
4223 6653
5714 6654
6657 6657
5913 6658
6623 6661
6663 6663
6665 6665
6666 6666
6478 6668
6134 6674
5301 6675
4038 6676
6678 6678
4191 6681
4774 6682
6688 6688
4572 6689
4909 6692
6694 6694
6259 6695
6696 6696
6007 6697
5138 6699
5028 6703
6704 6704
4227 6707
3743 6711
6713 6713
6714 6714
4639 6715
6144 6716
6331 6717
4622 6718
6719 6719
6721 6721
6723 6723
6724 6724
4213 6725
6822 6726
6727 6727
5913 6728
6038 6729
5714 6730
6731 6731
4960 6734
5482 6738
6363 6739
5034 6740
6248 6742
4150 6744
5360 6746
6222 6747
5906 6748
6379 6749
6750 6750
5577 6753
6754 6754
3893 6755
6756 6756
5527 6757
6758 6758
6127 6759
6049 6760
6765 6765
6767 6767
6770 6770
6825 6772
6778 6778
6030 6780
6481 6782
6784 6784
6788 6788
6020 6789
5165 6790
6791 6791
6792 6792
6793 6793
6794 6794
6060 6795
4891 6796
6797 6797
6361 6798
6799 6799
6800 6800
6801 6801
6822 6802
3917 6803
6804 6804
6874 6806
6807 6807
5066 6808
6809 6809
4867 6811
6134 6812
5282 6814
4427 6816
6817 6817
6684 6820
6083 6823
6231 6824
6827 6827
6570 6829
6830 6830
6292 6832
6834 6834
6839 6839
6841 6841
5701 6842
6844 6844
3994 6845
6848 6848
6385 6851
6822 6852
6853 6853
6311 6855
6856 6856
6557 6858
6859 6859
6862 6862
6865 6865
6866 6866
5783 6867
6872 6872
6394 6873
4282 6874
6037 6875
6880 6880
6889 6889
