5675 5675
5460 5460
5594 5594
5659 5659
5595 5595
5640 5640
5508 5508
3649 3649
5683 5683
5519 5519
5601 5601
5724 5724
1999 1999
5840 5840
5598 5598
5753 5753
5596 5596
2177 2177
3776 3776
3843 3843
2263 2263
5720 5720
5845 5845
3777 3777
5754 5754
5721 5721
2127 2127
5583 5583
5602 5602
5950 5950
3773 3773
3629 3629
5951 5951
5517 5517
5707 5707
3521 3521
5536 5536
5635 5635
5750 5750
5464 5464
2046 2046
2140 2140
6238 6238
14 14
3756 3756
2130 2130
3560 3560
5610 5610
3789 3789
2289 2289
3576 3576
236 236
3653 3653
2122 2122
113 113
5590 5590
45 45
3925 3925
2128 2128
2129 2129
2400 2400
261 261
2049 2049
3847 3847
5952 5952
2135 2135
3530 3530
2490 2490
3861 3861
3846 3846
239 239
5828 5828
2383 2383
5624 5624
276 276
328 328
5622 5622
5630 5630
6231 6231
5506 5506
5751 5751
409 409
23 23
3543 3543
138 138
5829 5829
2274 2274
340 340
6066 6066
5514 5514
3845 3845
3547 3547
3590 3590
2292 2292
17 17
2167 2167
3549 3549
294 294
5848 5848
24 24
344 344
3788 3788
3828 3828
408 408
6055 6055
359 359
15 15
2294 2294
3548 3548
128 128
3754 3754
3750 3750
6240 6240
3609 3609
2152 2152
343 343
6054 6054
81 81
292 292
3586 3586
3533 3533
3056 3056
3936 3936
3932 3932
3631 3631
63 63
347 347
37 37
330 330
442 442
3909 3909
3055 3055
6263 6263
429 429
3588 3588
2511 2511
3546 3546
3848 3848
3806 3806
6056 6056
5625 5625
3858 3858
5522 5522
438 438
410 410
6246 6246
3747 3747
2261 2261
5579 5579
3601 3601
3929 3929
3566 3566
3922 3922
5959 5959
227 227
117 117
3595 3595
2388 2388
3577 3577
6278 6278
3821 3821
3633 3633
6257 6257
6243 6243
6261 6261
3584 3584
5654 5654
82 82
432 432
311 311
6059 6059
323 323
126 126
322 322
3596 3596
2163 2163
140 140
3824 3824
356 356
3643 3643
3053 3053
2799 2799
6276 6276
312 312
119 119
3702 3702
3739 3739
3850 3850
5674 5674
6264 6264
3826 3826
3554 3554
3926 3926
3579 3579
65 65
5932 5932
2136 2136
435 435
3583 3583
3753 3753
3833 3833
3851 3851
5820 5820
51 51
2783 2783
2044 2044
325 325
3565 3565
2005 2005
231 231
5445 5445
3703 3703
456 456
2378 2378
5933 5933
3799 3799
3835 3835
5953 5953
3621 3621
5641 5641
70 70
3793 3793
337 337
2118 2118
228 228
2124 2124
3069 3069
2367 2367
2793 2793
3705 3705
64 64
289 289
2818 2818
6271 6271
2164 2164
436 436
351 351
2792 2792
5838 5838
3855 3855
76 76
3638 3638
5949 5949
327 327
73 73
5851 5851
6235 6235
5939 5939
2389 2389
3516 3516
6076 6076
6077 6077
3856 3856
3613 3613
5936 5936
2814 2814
2150 2150
6052 6052
2797 2797
5543 5543
5961 5961
6078 6078
2498 2498
5453 5453
3911 3911
2795 2795
6062 6062
2608 2608
5542 5542
3655 3655
415 415
2497 2497
1993 1993
2499 2499
5698 5698
2780 2780
5523 5523
2385 2385
2593 2593
5746 5746
6072 6072
2485 2485
2175 2175
3568 3568
189 189
5823 5823
5944 5944
2362 2362
6045 6045
6064 6064
2471 2471
5468 5468
2470 2470
2598 2598
232 232
5540 5540
5834 5834
3704 3704
2007 2007
2213 2213
6084 6084
104 104
5627 5627
6079 6079
2054 2054
2193 2193
192 192
2475 2475
100 100
5443 5443
5452 5452
2395 2395
4 4
5631 5631
2596 2596
5648 5648
6042 6042
5665 5665
2357 2357
62 62
2390 2390
2595 2595
2500 2500
5632 5632
245 245
3908 3908
6081 6081
2484 2484
2278 2278
2061 2061
2011 2011
5717 5717
2514 2514
5619 5619
2221 2221
2172 2172
1 1
94 94
2775 2775
2610 2610
2204 2204
122 122
2594 2594
5581 5581
5501 5501
5969 5969
2506 2506
5745 5745
2393 2393
5472 5472
5978 5978
2623 2623
2365 2365
2012 2012
157 157
2584 2584
5551 5551
2602 2602
5977 5977
5529 5529
155 155
5862 5862
2624 2624
2210 2210
2600 2600
2585 2585
5488 5488
2052 2052
5489 5489
3895 3895
6086 6086
3518 3518
5852 5852
6083 6083
5855 5855
5986 5986
6090 6090
6143 6143
5496 5496
5727 5727
5499 5499
2205 2205
2084 2084
2027 2027
6095 6095
5865 5865
5697 5697
5497 5497
2067 2067
2280 2280
5741 5741
2144 2144
5666 5666
7 7
2095 2095
3886 3886
5985 5985
3884 3884
2220 2220
2256 2256
2094 2094
2197 2197
6142 6142
3046 3046
5980 5980
6147 6147
2401 2401
2632 2632
6029 6029
5678 5678
6130 6130
2509 2509
5982 5982
2507 2507
2405 2405
2634 2634
2517 2517
5981 5981
5869 5869
283 283
2397 2397
2630 2630
2238 2238
2629 2629
1983 1983
3882 3882
2233 2233
2232 2232
2080 2080
5474 5474
2086 2086
282 282
5684 5684
3661 3661
2239 2239
3883 3883
2114 2114
6121 6121
5677 5677
3045 3045
5706 5706
6030 6030
3706 3706
3906 3906
2272 2272
5915 5915
5742 5742
5487 5487
3816 3816
377 377
5987 5987
3672 3672
2636 2636
2240 2240
260 260
2639 2639
2685 2685
2519 2519
5734 5734
147 147
5470 5470
5875 5875
5872 5872
5549 5549
5988 5988
2523 2523
2568 2568
6110 6110
3941 3941
3707 3707
2342 2342
2643 2643
2035 2035
133 133
6117 6117
2216 2216
5993 5993
2282 2282
2215 2215
6148 6148
2254 2254
3868 3868
2299 2299
5802 5802
3735 3735
5526 5526
3163 3163
5546 5546
3877 3877
5902 5902
3811 3811
5645 5645
3956 3956
2650 2650
5994 5994
6136 6136
375 375
2231 2231
2684 2684
2413 2413
6880 6880
6125 6125
174 174
5550 5550
2441 2441
0 0
3818 3818
5484 5484
2652 2652
2457 2457
2688 2688
5679 5679
5709 5709
3954 3954
5876 5876
5882 5882
5480 5480
2432 2432
6107 6107
3965 3965
6108 6108
4019 4019
5714 5714
3738 3738
4022 4022
6005 6005
3962 3962
6161 6161
197 197
4010 4010
5991 5991
2295 2295
2533 2533
2288 2288
1988 1988
3864 3864
172 172
2687 2687
3718 3718
2677 2677
5494 5494
3717 3717
376 376
5532 5532
333 333
5483 5483
4006 4006
374 374
2031 2031
3867 3867
2705 2705
4020 4020
4016 4016
2567 2567
2550 2550
6154 6154
6153 6153
2431 2431
2116 2116
5232 5232
3899 3899
2699 2699
3980 3980
2560 2560
3889 3889
5231 5231
2700 2700
2648 2648
5806 5806
2675 2675
5762 5762
5879 5879
4054 4054
5783 5783
5646 5646
2558 2558
2544 2544
3891 3891
6163 6163
200 200
296 296
3673 3673
2022 2022
2252 2252
6039 6039
5989 5989
2701 2701
6006 6006
5664 5664
6160 6160
2573 2573
2691 2691
6889 6889
6024 6024
6023 6023
3767 3767
4036 4036
5778 5778
4039 4039
4044 4044
4013 4013
4052 4052
3870 3870
5793 5793
6135 6135
4023 4023
5767 5767
4008 4008
5765 5765
3996 3996
5777 5777
2250 2250
3967 3967
4021 4021
5880 5880
5807 5807
5563 5563
3888 3888
2092 2092
6159 6159
5910 5910
5886 5886
258 258
4037 4037
5560 5560
3952 3952
4042 4042
4048 4048
2456 2456
2665 2665
5569 5569
4001 4001
2689 2689
6175 6175
3812 3812
4067 4067
2646 2646
6168 6168
2537 2537
2755 2755
3782 3782
2559 2559
3976 3976
6002 6002
2545 2545
4045 4045
372 372
2427 2427
2317 2317
3719 3719
2229 2229
3991 3991
2449 2449
4032 4032
2654 2654
2308 2308
2575 2575
5235 5235
204 204
2707 2707
2715 2715
2676 2676
4038 4038
5239 5239
2658 2658
2423 2423
2536 2536
3979 3979
3050 3050
4033 4033
6172 6172
2312 2312
5534 5534
158 158
2576 2576
3785 3785
220 220
5812 5812
6169 6169
3989 3989
4071 4071
2754 2754
5791 5791
6170 6170
5901 5901
2279 2279
360 360
3813 3813
5923 5923
2434 2434
5785 5785
2305 2305
368 368
2437 2437
5740 5740
401 401
2440 2440
5878 5878
221 221
5667 5667
5813 5813
5775 5775
298 298
5789 5789
5780 5780
2448 2448
2468 2468
5396 5396
5799 5799
3723 3723
2017 2017
2467 2467
5800 5800
4029 4029
2306 2306
468 468
505 505
2315 2315
2311 2311
2425 2425
2209 2209
2351 2351
533 533
2324 2324
485 485
448 448
5881 5881
285 285
2207 2207
2464 2464
369 369
5904 5904
2435 2435
2352 2352
5573 5573
5887 5887
5691 5691
469 469
5899 5899
2019 2019
478 478
3664 3664
226 226
225 225
2465 2465
6193 6193
2089 2089
179 179
5896 5896
2466 2466
2318 2318
2733 2733
255 255
5702 5702
5669 5669
2740 2740
1764 1764
2321 2321
507 507
479 479
3694 3694
164 164
2340 2340
6185 6185
6187 6187
2444 2444
2722 2722
2721 2721
396 396
2727 2727
2206 2206
5927 5927
387 387
2764 2764
2763 2763
6195 6195
168 168
367 367
1924 1924
270 270
2235 2235
6180 6180
5390 5390
529 529
2744 2744
2718 2718
6224 6224
3724 3724
564 564
6212 6212
1943 1943
6225 6225
3727 3727
6838 6838
576 576
2719 2719
6210 6210
538 538
3359 3359
5406 5406
6179 6179
5705 5705
550 550
6209 6209
512 512
6229 6229
3355 3355
2765 2765
6200 6200
6227 6227
3362 3362
3902 3902
3361 3361
5385 5385
482 482
3358 3358
5387 5387
5430 5430
1925 1925
3344 3344
3316 3316
6758 6758
6750 6750
2244 2244
545 545
208 208
6191 6191
6834 6834
3442 3442
6754 6754
1919 1919
553 553
3354 3354
6839 6839
3340 3340
151 151
163 163
3284 3284
3283 3283
3255 3255
398 398
6817 6817
558 558
6832 6832
3348 3348
3439 3439
3317 3317
3892 3892
3280 3280
6707 6707
3277 3277
6739 6739
1940 1940
5410 5410
1956 1956
3368 3368
3281 3281
5381 5381
6713 6713
6711 6711
6793 6793
3223 3223
3225 3225
6694 6694
3267 3267
3251 3251
3254 3254
1962 1962
1961 1961
3266 3266
3249 3249
3314 3314
3292 3292
3730 3730
302 302
3201 3201
1928 1928
3204 3204
1743 1743
3373 3373
3243 3243
6842 6842
3252 3252
3219 3219
3302 3302
1663 1663
5438 5438
3246 3246
3241 3241
1934 1934
1749 1749
4807 4807
3728 3728
3329 3329
3278 3278
2874 2874
1932 1932
1938 1938
3371 3371
6663 6663
6688 6688
3213 3213
1647 1647
1649 1649
3695 3695
1567 1567
6704 6704
6659 6659
3305 3305
6831 6831
3229 3229
6630 6630
1949 1949
1916 1916
6766 6766
6827 6827
5411 5411
4762 4762
6665 6665
1748 1748
3349 3349
1977 1977
1927 1927
6862 6862
1614 1614
6856 6856
210 210
6643 6643
6660 6660
6830 6830
6657 6657
6807 6807
6678 6678
3207 3207
6829 6829
6680 6680
4793 4793
5429 5429
6666 6666
6788 6788
3445 3445
6613 6613
6848 6848
1695 1695
6599 6599
3237 3237
3769 3769
6706 6706
3367 3367
6600 6600
1662 1662
1677 1677
1708 1708
1968 1968
6683 6683
6865 6865
1683 1683
1572 1572
6638 6638
3376 3376
5158 5158
5117 5117
3228 3228
1638 1638
6733 6733
6598 6598
6620 6620
1673 1673
6844 6844
1942 1942
1627 1627
6797 6797
1573 1573
6637 6637
6644 6644
441 441
6731 6731
1652 1652
1586 1586
6714 6714
1918 1918
6641 6641
1678 1678
6859 6859
3447 3447
1741 1741
6625 6625
3380 3380
6650 6650
4308 4308
5416 5416
3391 3391
5176 5176
6804 6804
4305 4305
1972 1972
3417 3417
6724 6724
6623 6623
6809 6809
6631 6631
6639 6639
3235 3235
1711 1711
3444 3444
6603 6603
6808 6808
5163 5163
1619 1619
5204 5204
6774 6774
3407 3407
6823 6823
1680 1680
1634 1634
5437 5437
6780 6780
6785 6785
1656 1656
3411 3411
5407 5407
1556 1556
3393 3393
6854 6854
1933 1933
6606 6606
5116 5116
1661 1661
1588 1588
6791 6791
6727 6727
6824 6824
5441 5441
3392 3392
5051 5051
3190 3190
5215 5215
3195 3195
3414 3414
6781 6781
1331 1331
5200 5200
1593 1593
1615 1615
6767 6767
3333 3333
1720 1720
3734 3734
6602 6602
6489 6489
1554 1554
1684 1684
1578 1578
1637 1637
3234 3234
3323 3323
1714 1714
5192 5192
5120 5120
788 788
5119 5119
1689 1689
789 789
5219 5219
1727 1727
6633 6633
5220 5220
5056 5056
6784 6784
3334 3334
6800 6800
1670 1670
6693 6693
4302 4302
5193 5193
6617 6617
3194 3194
4115 4115
399 399
1622 1622
1279 1279
1548 1548
1579 1579
1628 1628
3183 3183
5144 5144
1576 1576
3335 3335
400 400
5202 5202
1710 1710
1557 1557
1618 1618
3457 3457
1611 1611
1311 1311
3182 3182
1737 1737
1745 1745
1396 1396
5107 5107
3423 3423
3389 3389
1595 1595
3465 3465
1452 1452
1746 1746
3388 3388
4314 4314
5185 5185
1900 1900
6605 6605
3325 3325
1704 1704
3177 3177
1912 1912
5054 5054
4291 4291
1280 1280
1976 1976
5122 5122
5143 5143
4174 4174
1669 1669
1609 1609
271 271
5174 5174
3456 3456
6595 6595
4058 4058
3175 3175
3429 3429
1914 1914
4294 4294
1451 1451
3431 3431
1546 1546
829 829
5053 5053
1498 1498
4836 4836
4073 4073
3216 3216
5156 5156
6597 6597
3425 3425
4428 4428
1515 1515
880 880
3217 3217
5110 5110
3180 3180
4114 4114
6477 6477
4074 4074
4306 4306
3460 3460
5076 5076
4158 4158
1223 1223
5196 5196
4688 4688
1598 1598
1363 1363
4828 4828
3178 3178
1729 1729
5146 5146
5041 5041
4693 4693
1625 1625
1208 1208
1568 1568
3319 3319
5047 5047
4837 4837
3172 3172
5018 5018
5259 5259
4868 4868
1377 1377
6482 6482
4101 4101
3193 3193
1162 1162
5113 5113
425 425
5142 5142
6574 6574
4230 4230
5377 5377
5074 5074
1561 1561
1514 1514
5125 5125
1687 1687
3321 3321
1534 1534
1390 1390
3320 3320
4650 4650
4148 4148
4100 4100
1391 1391
4423 4423
1140 1140
6479 6479
5195 5195
6721 6721
4425 4425
5050 5050
5136 5136
6591 6591
818 818
3683 3683
4094 4094
5045 5045
1488 1488
4299 4299
4646 4646
4157 4157
1821 1821
4709 4709
3766 3766
5086 5086
2819 2819
5197 5197
5093 5093
1571 1571
5211 5211
846 846
4921 4921
4649 4649
5255 5255
4897 4897
5178 5178
1700 1700
6375 6375
1657 1657
1386 1386
4900 4900
4277 4277
5198 5198
2829 2829
1136 1136
6374 6374
4142 4142
1200 1200
6577 6577
5081 5081
4176 4176
5028 5028
677 677
4893 4893
6578 6578
1265 1265
1164 1164
1603 1603
1795 1795
5179 5179
5124 5124
3012 3012
6587 6587
5378 5378
3077 3077
1161 1161
4166 4166
1379 1379
570 570
1660 1660
4119 4119
6719 6719
3062 3062
4922 4922
1275 1275
1121 1121
1001 1001
5374 5374
4814 4814
1036 1036
1409 1409
5256 5256
6572 6572
676 676
4987 4987
5022 5022
1407 1407
4624 4624
4317 4317
1481 1481
5261 5261
2824 2824
1227 1227
6332 6332
4150 4150
1139 1139
702 702
1788 1788
5166 5166
2839 2839
1796 1796
1730 1730
5069 5069
1380 1380
1387 1387
6383 6383
4177 4177
1523 1523
2822 2822
1278 1278
1485 1485
1010 1010
1449 1449
6510 6510
936 936
615 615
631 631
3111 3111
3107 3107
4155 4155
1188 1188
5251 5251
4682 4682
937 937
3112 3112
831 831
3168 3168
2841 2841
1359 1359
6573 6573
816 816
705 705
721 721
995 995
5252 5252
1524 1524
1122 1122
607 607
632 632
1323 1323
843 843
1168 1168
4883 4883
4871 4871
4737 4737
2910 2910
933 933
1006 1006
4687 4687
3169 3169
1135 1135
1486 1486
1542 1542
4167 4167
1202 1202
1037 1037
2912 2912
6317 6317
4311 4311
1133 1133
841 841
4356 4356
1496 1496
2917 2917
4854 4854
4354 4354
750 750
1490 1490
5208 5208
622 622
2825 2825
6533 6533
2844 2844
5090 5090
927 927
1063 1063
3139 3139
699 699
1062 1062
1004 1004
1132 1132
4084 4084
1327 1327
1799 1799
839 839
1005 1005
3116 3116
1299 1299
4856 4856
4953 4953
620 620
892 892
6874 6874
1128 1128
4543 4543
585 585
1505 1505
1832 1832
2892 2892
4881 4881
6282 6282
805 805
4677 4677
6410 6410
2927 2927
1182 1182
1800 1800
2842 2842
6566 6566
5250 5250
1129 1129
6315 6315
3511 3511
924 924
3026 3026
869 869
4198 4198
5271 5271
3090 3090
591 591
2929 2929
4082 4082
4344 4344
1429 1429
3109 3109
3098 3098
652 652
6567 6567
3115 3115
891 891
1023 1023
1426 1426
4149 4149
2843 2843
1049 1049
1064 1064
2848 2848
1520 1520
1018 1018
1483 1483
5371 5371
4352 4352
1159 1159
4110 4110
4545 4545
2826 2826
1539 1539
253 253
1048 1048
767 767
3118 3118
1526 1526
4744 4744
4689 4689
4217 4217
384 384
4636 4636
5282 5282
4855 4855
6571 6571
3505 3505
4899 4899
2877 2877
720 720
802 802
6295 6295
1153 1153
3104 3104
4285 4285
2831 2831
3472 3472
1022 1022
3099 3099
1440 1440
3509 3509
4254 4254
4878 4878
1236 1236
4786 4786
3120 3120
988 988
914 914
1850 1850
1831 1831
1254 1254
1855 1855
4738 4738
5262 5262
2845 2845
807 807
1369 1369
808 808
4412 4412
2926 2926
1251 1251
1904 1904
900 900
693 693
1823 1823
1093 1093
1033 1033
4548 4548
3477 3477
6508 6508
1862 1862
3479 3479
6323 6323
6307 6307
4664 4664
4127 4127
4407 4407
5225 5225
1535 1535
2846 2846
688 688
6370 6370
6557 6557
6537 6537
621 621
979 979
4963 4963
6475 6475
1830 1830
3063 3063
3014 3014
3016 3016
6305 6305
4372 4372
6337 6337
1014 1014
6466 6466
4593 4593
5244 5244
1045 1045
955 955
1753 1753
6309 6309
4238 4238
4490 4490
6341 6341
1090 1090
3088 3088
972 972
857 857
836 836
1755 1755
4267 4267
4405 4405
4935 4935
4503 4503
987 987
6878 6878
1480 1480
4134 4134
6311 6311
4210 4210
4958 4958
4538 4538
4550 4550
1371 1371
783 783
4495 4495
4992 4992
6529 6529
1068 1068
1499 1499
991 991
4697 4697
3134 3134
4533 4533
4328 4328
6368 6368
4282 4282
975 975
6538 6538
1345 1345
1169 1169
6381 6381
1173 1173
4858 4858
4621 4621
980 980
958 958
1013 1013
4329 4329
4374 4374
919 919
4622 4622
923 923
3007 3007
916 916
1769 1769
4566 4566
6316 6316
4486 4486
3029 3029
978 978
1145 1145
3125 3125
4485 4485
4481 4481
6473 6473
3036 3036
3032 3032
6288 6288
4506 4506
884 884
1261 1261
6388 6388
4747 4747
1098 1098
4985 4985
6303 6303
882 882
4493 4493
177 177
4978 4978
6872 6872
4653 4653
1780 1780
1239 1239
3023 3023
1784 1784
4752 4752
4240 4240
3155 3155
4696 4696
4968 4968
4808 4808
1027 1027
4237 4237
4797 4797
3042 3042
3153 3153
3022 3022
6561 6561
860 860
786 786
6389 6389
1112 1112
5234 5234
4699 4699
1178 1178
4751 4751
1458 1458
973 973
1528 1528
4639 4639
4458 4458
1147 1147
6499 6499
6530 6530
599 599
6285 6285
4357 4357
4962 4962
932 932
4734 4734
1756 1756
3759 3759
1055 1055
965 965
1302 1302
4956 4956
864 864
1460 1460
1214 1214
3136 3136
4494 4494
4504 4504
4842 4842
1073 1073
247 247
6350 6350
993 993
4386 4386
4321 4321
4552 4552
1184 1184
950 950
3150 3150
4497 4497
3497 3497
2914 2914
3152 3152
6360 6360
1270 1270
1340 1340
2868 2868
4607 4607
4641 4641
4713 4713
1091 1091
970 970
5321 5321
1464 1464
1293 1293
6551 6551
4577 4577
3087 3087
2913 2913
1529 1529
6302 6302
1071 1071
4729 4729
1478 1478
875 875
1047 1047
3133 3133
1118 1118
4730 4730
4340 4340
6560 6560
4459 4459
904 904
6559 6559
3096 3096
6516 6516
6464 6464
4933 4933
6526 6526
4297 4297
4562 4562
1782 1782
4530 4530
4388 4388
3039 3039
650 650
1107 1107
3035 3035
4604 4604
4997 4997
1368 1368
1101 1101
3093 3093
4478 4478
687 687
1187 1187
1141 1141
2855 2855
945 945
4912 4912
1185 1185
4916 4916
903 903
4337 4337
4746 4746
4465 4465
1190 1190
4736 4736
1459 1459
4991 4991
648 648
1108 1108
4615 4615
1111 1111
1077 1077
5292 5292
6444 6444
1424 1424
1103 1103
4443 4443
4389 4389
2950 2950
4338 4338
901 901
4461 4461
1454 1454
4973 4973
4322 4322
4358 4358
1461 1461
3043 3043
4913 4913
723 723
4391 4391
6435 6435
4568 4568
4668 4668
4839 4839
4527 4527
4930 4930
952 952
4392 4392
4469 4469
957 957
847 847
4470 4470
1342 1342
2881 2881
4586 4586
4943 4943
6392 6392
4393 4393
4817 4817
873 873
4335 4335
4371 4371
1100 1100
4442 4442
4951 4951
4572 4572
4941 4941
4396 4396
6546 6546
4950 4950
4672 4672
4936 4936
944 944
764 764
5295 5295
4989 4989
3130 3130
4582 4582
6365 6365
4452 4452
4711 4711
4573 4573
4628 4628
