0 0
1 1
1292 2
4 4
7 7
5365 8
1354 12
6366 13
14 14
15 15
17 17
2817 19
2491 22
23 23
24 24
5947 27
2896 31
4380 33
4921 35
37 37
6775 41
1721 43
45 45
3099 48
51 51
6066 53
540 55
4450 59
62 62
63 63
64 64
65 65
3340 66
70 70
73 73
6048 74
76 76
6583 79
81 81
82 82
1083 83
973 84
2214 85
2752 92
94 94
4225 99
100 100
2071 102
4497 103
104 104
4885 106
2896 107
108 108
113 113
4025 115
117 117
119 119
4046 120
4571 121
122 122
4750 125
126 126
973 127
128 128
2798 129
3183 131
133 133
2155 136
138 138
140 140
6180 142
1953 146
147 147
3889 148
532 149
151 151
1929 152
2821 153
4136 154
155 155
157 157
158 158
1209 162
163 163
164 164
2891 166
168 168
172 172
174 174
177 177
179 179
4327 181
4187 182
1536 183
5940 186
189 189
2980 190
192 192
197 197
200 200
4750 201
259 203
204 204
6418 205
6548 206
208 208
210 210
214 214
220 220
221 221
225 225
226 226
227 227
228 228
849 230
231 231
232 232
5325 233
5968 235
236 236
239 239
4476 243
245 245
247 247
1503 249
253 253
255 255
4338 256
2444 257
258 258
260 260
261 261
3311 262
4408 265
2165 267
848 268
270 270
271 271
276 276
1893 279
282 282
283 283
285 285
5637 288
289 289
292 292
2043 293
294 294
1391 295
296 296
298 298
302 302
610 303
3224 304
2960 305
2609 308
311 311
312 312
5742 314
315 315
739 318
247 319
1219 320
322 322
323 323
325 325
327 327
328 328
330 330
5607 331
2175 332
333 333
6743 334
337 337
4994 338
5103 339
340 340
6195 342
343 343
344 344
347 347
351 351
2334 352
328 355
356 356
1127 357
359 359
360 360
5246 361
1595 362
3947 366
367 367
368 368
369 369
372 372
6344 373
374 374
375 375
376 376
377 377
411 378
5543 380
973 383
384 384
387 387
6161 390
285 392
1614 394
5839 395
396 396
398 398
399 399
400 400
401 401
3240 402
408 408
409 409
410 410
5063 411
415 415
2052 418
421 421
6759 424
425 425
2311 428
429 429
103 431
432 432
435 435
436 436
438 438
785 439
441 441
442 442
2954 446
448 448
3390 451
6757 453
3594 454
456 456
1700 458
1637 462
464 464
78 465
466 466
1258 467
468 468
469 469
5728 470
6530 472
2995 477
478 478
479 479
482 482
485 485
3843 488
489 489
3284 492
4521 493
498 498
6364 499
2116 500
503 503
1302 504
505 505
507 507
512 512
515 515
516 516
2859 519
2794 521
3808 523
524 524
4154 525
3669 526
529 529
1743 530
3498 532
533 533
4350 534
4859 536
537 537
538 538
539 539
542 542
544 544
545 545
546 546
1295 549
550 550
552 552
553 553
1398 555
2687 556
3744 557
558 558
559 559
560 560
1195 563
564 564
567 567
2663 569
570 570
576 576
578 578
4015 579
1610 582
1190 583
585 585
586 586
591 591
599 599
4053 600
4234 601
5132 602
603 603
979 605
4374 606
607 607
608 608
610 610
2896 612
615 615
620 620
621 621
622 622
78 623
2748 624
579 625
4651 626
3519 627
631 631
632 632
3819 633
4410 634
636 636
3085 637
2159 639
5093 641
132 643
644 644
6075 645
648 648
650 650
652 652
4483 654
3784 655
690 658
3939 664
4557 666
667 667
5769 668
5876 671
642 673
674 674
359 675
676 676
677 677
6655 683
6225 684
687 687
688 688
1644 689
693 693
697 697
471 698
699 699
702 702
705 705
708 708
4140 709
2915 711
712 712
713 713
715 715
2162 716
2052 717
720 720
721 721
6039 722
723 723
2896 725
776 726
3345 728
729 729
730 730
732 732
1059 733
734 734
2490 736
102 737
739 739
3297 740
741 741
4739 742
3223 744
4623 746
6652 748
750 750
4326 751
754 754
6302 757
758 758
761 761
4217 763
764 764
767 767
2199 770
771 771
1285 772
773 773
776 776
5970 777
782 782
783 783
786 786
788 788
789 789
5929 798
1371 800
4481 801
802 802
2692 803
5395 804
805 805
807 807
808 808
6791 809
5022 811
6654 813
816 816
1611 817
818 818
819 819
4853 821
5497 823
1584 824
829 829
831 831
4420 832
836 836
839 839
841 841
843 843
846 846
847 847
3042 850
3477 851
5679 852
6038 853
857 857
860 860
6179 861
864 864
6180 865
4490 868
869 869
873 873
875 875
734 876
4900 879
880 880
882 882
884 884
6305 886
6216 888
891 891
892 892
895 895
6161 897
900 900
901 901
903 903
904 904
5188 905
3694 907
435 912
1548 913
914 914
916 916
919 919
1366 920
923 923
924 924
1614 925
927 927
932 932
933 933
3939 935
936 936
937 937
6008 938
944 944
945 945
950 950
952 952
3089 953
955 955
957 957
958 958
6568 960
965 965
5648 969
970 970
972 972
973 973
6737 974
975 975
978 978
979 979
980 980
1175 981
6655 983
987 987
988 988
423 989
2020 990
991 991
2663 992
993 993
995 995
968 999
1907 1000
1001 1001
4046 1002
1004 1004
1005 1005
1006 1006
1174 1007
6493 1009
1010 1010
4055 1011
6225 1012
1013 1013
1014 1014
2539 1016
6291 1017
1018 1018
1022 1022
1023 1023
6806 1024
2122 1026
1027 1027
411 1030
1033 1033
6434 1035
1036 1036
1037 1037
6140 1040
57 1041
3895 1043
1045 1045
2851 1046
1047 1047
1048 1048
1049 1049
3577 1050
1828 1051
3804 1053
6018 1054
1055 1055
4584 1059
1062 1062
1063 1063
1064 1064
1068 1068
1071 1071
1945 1072
1073 1073
1077 1077
4623 1079
5400 1080
2794 1083
4623 1088
5276 1089
1090 1090
1091 1091
1093 1093
4651 1097
1098 1098
1100 1100
1101 1101
1103 1103
1813 1104
3395 1106
1107 1107
1108 1108
1111 1111
1112 1112
3758 1113
1083 1116
1118 1118
798 1120
1121 1121
1122 1122
2646 1123
2965 1127
1128 1128
1129 1129
1132 1132
1133 1133
1893 1134
1135 1135
1136 1136
1137 1137
2043 1138
1139 1139
1140 1140
1141 1141
4988 1143
1145 1145
6156 1146
1147 1147
3894 1149
1153 1153
1159 1159
6415 1160
1161 1161
1162 1162
1163 1163
1164 1164
2896 1165
763 1167
1168 1168
1169 1169
4107 1172
1173 1173
4222 1174
4866 1175
1914 1177
1178 1178
3004 1179
2365 1180
1182 1182
627 1183
1184 1184
1185 1185
1187 1187
1188 1188
1190 1190
1219 1191
5022 1192
6008 1193
1195 1195
2050 1198
1200 1200
103 1201
1202 1202
2837 1203
1208 1208
1214 1214
5928 1215
1223 1223
684 1226
1227 1227
4389 1228
5073 1231
3814 1232
1349 1235
1236 1236
1239 1239
1240 1240
1243 1243
1245 1245
4269 1250
1251 1251
6180 1252
6044 1253
1254 1254
1255 1255
3684 1258
3612 1259
1261 1261
1916 1264
1265 1265
1270 1270
6366 1271
67 1272
1275 1275
5442 1276
1277 1277
1278 1278
1279 1279
1280 1280
1283 1283
1289 1289
1291 1291
1292 1292
1293 1293
2663 1294
823 1297
1299 1299
1302 1302
3132 1303
1221 1304
5389 1305
2690 1307
649 1308
1311 1311
5583 1312
709 1313
4954 1314
5861 1320
1323 1323
6654 1324
1327 1327
5472 1330
1331 1331
2006 1338
5968 1339
1340 1340
1342 1342
1345 1345
23 1348
2170 1349
1007 1351
1353 1353
6340 1355
1356 1356
5539 1358
1359 1359
1363 1363
1368 1368
1369 1369
1371 1371
1377 1377
2510 1378
1379 1379
1380 1380
3039 1383
5617 1384
1386 1386
1387 1387
1390 1390
1391 1391
6168 1392
3074 1393
1396 1396
1399 1399
4867 1401
1402 1402
1403 1403
5672 1405
1407 1407
1409 1409
5783 1413
1418 1418
1419 1419
1673 1420
1421 1421
3844 1422
655 1423
1424 1424
1426 1426
1429 1429
842 1430
936 1433
1434 1434
1233 1436
5543 1438
1439 1439
1440 1440
3278 1444
1445 1445
973 1446
1449 1449
1451 1451
1452 1452
2957 1453
1454 1454
5471 1455
1458 1458
1459 1459
1460 1460
1461 1461
824 1462
1779 1463
1464 1464
5641 1467
3127 1469
4968 1473
2745 1477
1478 1478
1480 1480
1481 1481
3144 1482
1483 1483
1485 1485
1486 1486
1488 1488
1490 1490
6366 1491
2393 1495
1496 1496
1498 1498
1499 1499
1503 1503
1505 1505
1506 1506
5146 1507
1508 1508
285 1511
6366 1512
1514 1514
1515 1515
4623 1517
1520 1520
5947 1521
1523 1523
1524 1524
5734 1525
1526 1526
1528 1528
1529 1529
2657 1530
1534 1534
1535 1535
1537 1537
1538 1538
1539 1539
1541 1541
1542 1542
1545 1545
1546 1546
1548 1548
4386 1550
1554 1554
1556 1556
1557 1557
5990 1560
1561 1561
4528 1563
1836 1566
1567 1567
1568 1568
1939 1570
1571 1571
1572 1572
1573 1573
1576 1576
6446 1577
1578 1578
1579 1579
3863 1580
2617 1583
1586 1586
1452 1587
1588 1588
1591 1591
1593 1593
1595 1595
1598 1598
1600 1600
4985 1601
1603 1603
3027 1605
6583 1606
1609 1609
3907 1610
1611 1611
739 1612
1614 1614
1615 1615
6869 1617
1618 1618
1619 1619
3085 1620
2059 1621
1622 1622
973 1623
1039 1624
1625 1625
1627 1627
1628 1628
359 1630
5093 1633
1634 1634
1233 1636
1637 1637
1638 1638
1595 1640
1414 1643
1647 1647
1649 1649
1652 1652
3032 1653
1106 1654
2248 1655
1656 1656
1657 1657
1779 1658
324 1659
1660 1660
1661 1661
1662 1662
1663 1663
826 1665
1669 1669
1670 1670
1673 1673
5746 1674
1677 1677
1678 1678
1680 1680
1683 1683
1684 1684
1687 1687
1689 1689
5572 1690
1695 1695
2086 1697
4571 1698
1700 1700
1704 1704
1708 1708
1709 1709
1710 1710
1711 1711
1714 1714
201 1719
1720 1720
4559 1723
3642 1726
1727 1727
1729 1729
1730 1730
443 1733
2235 1735
1737 1737
1741 1741
1743 1743
1745 1745
1746 1746
1748 1748
1749 1749
5002 1751
1753 1753
1755 1755
1756 1756
709 1757
4360 1759
1760 1760
1761 1761
1764 1764
1769 1769
6018 1772
1726 1775
2691 1778
1780 1780
1782 1782
3958 1783
1784 1784
4574 1786
1788 1788
6493 1789
2143 1794
1795 1795
1796 1796
1799 1799
1800 1800
5962 1801
1285 1802
1468 1813
1814 1814
6140 1817
1821 1821
2484 1822
1823 1823
1826 1826
5408 1828
1830 1830
1831 1831
1832 1832
1833 1833
4096 1834
3744 1836
1839 1839
3946 1842
177 1843
5617 1845
3713 1847
6066 1849
1850 1850
1852 1852
1854 1854
1855 1855
1856 1856
1857 1857
2851 1859
1860 1860
1861 1861
1862 1862
1863 1863
1864 1864
1867 1867
4968 1869
1870 1870
4878 1871
1874 1874
1875 1875
1876 1876
1878 1878
3824 1879
1880 1880
1883 1883
4957 1884
1886 1886
5199 1887
1644 1890
1094 1895
1896 1896
1897 1897
1898 1898
1900 1900
2507 1903
1904 1904
5572 1906
1 1907
5246 1911
1912 1912
1311 1913
1914 1914
6180 1915
1916 1916
1918 1918
1919 1919
3120 1922
2647 1923
1924 1924
1925 1925
6789 1926
1927 1927
1928 1928
1195 1931
1932 1932
1933 1933
1934 1934
5748 1935
1938 1938
5539 1939
1940 1940
1479 1941
1942 1942
1943 1943
6859 1944
1949 1949
2393 1950
1956 1956
5502 1958
5834 1960
1961 1961
1962 1962
2026 1963
1968 1968
479 1969
6583 1971
1972 1972
5232 1974
1195 1975
1976 1976
1977 1977
3842 1978
3784 1979
1983 1983
2930 1986
2490 1987
1988 1988
2052 1989
1993 1993
3841 1994
5308 1996
4396 1997
1999 1999
4120 2000
6268 2003
2005 2005
2007 2007
2289 2008
5946 2010
2011 2011
2012 2012
5336 2013
2017 2017
3525 2018
2019 2019
2020 2020
2022 2022
2027 2027
2031 2031
2035 2035
4280 2037
3546 2041
4190 2042
2044 2044
2046 2046
2049 2049
2896 2051
2052 2052
2054 2054
2204 2055
2325 2056
2737 2057
5838 2058
1278 2060
2061 2061
3889 2062
2067 2067
1039 2069
1700 2073
2031 2075
6078 2078
1796 2079
2080 2080
2341 2082
4886 2083
2084 2084
2086 2086
2087 2087
2089 2089
3495 2090
2092 2092
822 2093
2094 2094
2095 2095
2105 2099
247 2100
2101 2101
2104 2104
6245 2105
2109 2109
5989 2112
5632 2113
2114 2114
2954 2115
2116 2116
2118 2118
3989 2119
3014 2120
2122 2122
2124 2124
170 2125
4655 2126
2127 2127
2128 2128
2129 2129
2130 2130
933 2131
3459 2134
2135 2135
2136 2136
3340 2137
2140 2140
2965 2142
2144 2144
4731 2146
5314 2147
2150 2150
807 2151
2152 2152
1296 2154
5397 2156
356 2158
4627 2159
2721 2162
2163 2163
2164 2164
6157 2165
293 2166
2167 2167
103 2169
2172 2172
2746 2174
2175 2175
3830 2176
2177 2177
2035 2178
5019 2181
6759 2183
4571 2187
2000 2189
2193 2193
3171 2194
5117 2195
2197 2197
4268 2198
4307 2200
4867 2201
2204 2204
2205 2205
2206 2206
2207 2207
3314 2208
2209 2209
2210 2210
1500 2212
2213 2213
1855 2214
2215 2215
2216 2216
973 2217
5838 2218
2220 2220
2221 2221
1618 2222
2229 2229
5074 2230
2231 2231
2232 2232
2233 2233
2235 2235
2238 2238
2239 2239
2240 2240
5666 2241
4651 2242
2745 2243
2244 2244
3219 2246
4322 2247
2250 2250
2252 2252
1564 2253
2254 2254
2256 2256
6094 2257
2113 2258
2261 2261
1285 2262
2263 2263
956 2264
6177 2266
1440 2267
5174 2268
1700 2271
2272 2272
2274 2274
2278 2278
2279 2279
2280 2280
2282 2282
1588 2285
2286 2286
2288 2288
2289 2289
1393 2291
2292 2292
2294 2294
2295 2295
5249 2297
2233 2298
2299 2299
1119 2301
247 2304
2305 2305
2306 2306
2308 2308
1890 2309
2311 2311
2312 2312
4627 2313
2315 2315
2317 2317
2318 2318
4623 2319
2321 2321
4046 2323
2324 2324
4303 2325
1045 2326
2525 2331
2896 2332
4860 2335
6125 2336
5041 2337
2953 2338
2340 2340
2342 2342
6730 2345
2209 2349
1220 2350
2351 2351
2352 2352
4651 2353
2490 2355
4382 2356
2357 2357
1201 2360
2362 2362
2365 2365
2367 2367
2657 2369
2375 2375
4709 2377
2378 2378
2383 2383
6302 2384
2385 2385
729 2386
2388 2388
2389 2389
2390 2390
2393 2393
2395 2395
3284 2396
2397 2397
4177 2399
2400 2400
2401 2401
5371 2403
2405 2405
3940 2407
1513 2410
3018 2411
2413 2413
1943 2415
3955 2421
2423 2423
4320 2424
2425 2425
2427 2427
1531 2430
2431 2431
2432 2432
2434 2434
2435 2435
3128 2436
2437 2437
2440 2440
2441 2441
2444 2444
2448 2448
2449 2449
5180 2450
2236 2452
2456 2456
2457 2457
2464 2464
2465 2465
2466 2466
2467 2467
2468 2468
2470 2470
2471 2471
2475 2475
4361 2481
2484 2484
2485 2485
3940 2487
2490 2490
3466 2493
457 2494
2497 2497
2498 2498
2499 2499
2500 2500
2506 2506
2507 2507
2509 2509
2511 2511
304 2512
5046 2513
2514 2514
2517 2517
2519 2519
6366 2520
473 2521
2523 2523
4964 2525
3418 2530
2533 2533
5065 2535
2536 2536
2537 2537
3873 2538
6743 2540
2544 2544
2545 2545
2550 2550
2248 2552
6443 2553
2954 2555
2558 2558
2559 2559
2560 2560
6720 2564
1646 2565
2567 2567
2568 2568
2573 2573
2575 2575
2576 2576
6867 2578
3438 2580
578 2582
4324 2583
2584 2584
2585 2585
5617 2588
2423 2590
3661 2591
2593 2593
2594 2594
2595 2595
2596 2596
2598 2598
2600 2600
2602 2602
5672 2605
4007 2606
2608 2608
2610 2610
1811 2614
4620 2615
163 2620
3940 2622
2623 2623
2624 2624
6549 2625
2629 2629
2630 2630
2632 2632
2634 2634
2636 2636
933 2637
2639 2639
2643 2643
3502 2644
2646 2646
2648 2648
2650 2650
2652 2652
2654 2654
2658 2658
2612 2659
1223 2661
2378 2662
2665 2665
3904 2666
5188 2667
3021 2668
4575 2671
2675 2675
2676 2676
2677 2677
2684 2684
2685 2685
6308 2686
2687 2687
2688 2688
2689 2689
2691 2691
6048 2692
6557 2693
1022 2694
4651 2695
3258 2696
4820 2698
2699 2699
2700 2700
2701 2701
3763 2702
2705 2705
2707 2707
1420 2708
5386 2710
6513 2713
2715 2715
2718 2718
2719 2719
2721 2721
2722 2722
3533 2724
48 2725
2727 2727
2733 2733
3965 2736
2939 2737
3533 2738
2740 2740
2744 2744
6701 2745
5272 2747
3784 2749
3339 2751
4433 2752
3609 2753
2754 2754
2755 2755
2851 2757
3085 2762
2763 2763
2764 2764
2765 2765
2465 2766
793 2767
3401 2770
6364 2771
2775 2775
2609 2777
2780 2780
5699 2781
2783 2783
2206 2789
3804 2790
2572 2791
2792 2792
2793 2793
2794 2794
2795 2795
2796 2796
2797 2797
2799 2799
2804 2804
2807 2807
2808 2808
2811 2811
3939 2812
2460 2813
2814 2814
2815 2815
2648 2816
1567 2817
2818 2818
2819 2819
2822 2822
2824 2824
2825 2825
2826 2826
2829 2829
2831 2831
4476 2836
2743 2837
2839 2839
2841 2841
2842 2842
2843 2843
2844 2844
2845 2845
2846 2846
4651 2847
2848 2848
6128 2851
3287 2854
2855 2855
1156 2856
6058 2858
1289 2859
2865 2865
1391 2866
2868 2868
2006 2869
2874 2874
2877 2877
3427 2878
945 2879
2880 2880
2881 2881
1513 2882
3151 2883
5542 2884
2887 2887
5358 2888
2099 2889
6210 2890
2892 2892
2895 2895
5246 2896
2897 2897
2898 2898
3939 2900
2903 2903
2904 2904
2905 2905
6548 2907
2406 2908
2910 2910
2912 2912
2913 2913
2914 2914
2917 2917
2103 2919
4867 2922
1932 2923
3608 2925
2926 2926
2927 2927
2929 2929
2525 2930
2932 2932
2663 2933
1894 2935
1233 2936
1119 2937
2941 2941
2942 2942
1772 2945
2928 2946
709 2947
1656 2949
2950 2950
4185 2960
2962 2962
2963 2963
3804 2964
5880 2966
2967 2967
398 2969
3466 2970
2977 2977
2982 2982
3434 2983
2984 2984
2989 2989
2992 2992
2993 2993
2994 2994
6601 2997
2998 2998
5173 2999
3000 3000
3001 3001
1885 3002
3003 3003
3004 3004
3006 3006
3007 3007
2248 3010
3012 3012
3014 3014
5395 3015
3016 3016
739 3019
3022 3022
3023 3023
2143 3025
3026 3026
1108 3028
3029 3029
5486 3031
3032 3032
4105 3033
3035 3035
3036 3036
3037 3037
3039 3039
3712 3040
3042 3042
3043 3043
3044 3044
3045 3045
3046 3046
2928 3048
871 3049
3050 3050
3688 3052
3053 3053
5396 3054
3055 3055
3056 3056
6008 3057
3059 3059
3062 3062
3063 3063
3064 3064
1525 3067
4885 3068
3069 3069
6645 3074
3144 3076
3077 3077
2887 3078
898 3079
815 3080
6198 3082
1731 3086
3087 3087
3088 3088
3090 3090
4973 3091
4438 3092
3093 3093
5002 3095
3096 3096
3098 3098
3099 3099
3104 3104
3107 3107
3109 3109
3111 3111
3112 3112
3115 3115
3116 3116
4867 3117
3118 3118
3120 3120
6344 3123
3125 3125
4910 3128
3130 3130
3131 3131
5250 3132
3133 3133
3134 3134
3136 3136
2588 3138
3139 3139
4349 3142
5596 3144
5096 3147
5250 3148
2031 3149
3150 3150
3152 3152
3153 3153
3155 3155
467 3158
6269 3159
3163 3163
5545 3167
3168 3168
3169 3169
3171 3171
3172 3172
4651 3173
3175 3175
3177 3177
3178 3178
5061 3179
3180 3180
3182 3182
3183 3183
5698 3187
3190 3190
6759 3192
3193 3193
3194 3194
3195 3195
968 3196
5497 3198
3201 3201
4533 3202
3204 3204
6530 3206
3207 3207
245 3210
4060 3212
3213 3213
3216 3216
3217 3217
879 3218
3219 3219
4571 3220
3223 3223
3225 3225
3228 3228
3229 3229
6058 3232
3234 3234
3235 3235
3237 3237
5482 3239
6376 3240
3241 3241
3243 3243
3246 3246
6557 3248
3249 3249
3251 3251
3252 3252
3640 3253
3254 3254
3255 3255
4023 3261
4571 3262
4554 3265
3266 3266
3267 3267
4024 3272
2765 3274
3277 3277
3278 3278
3280 3280
3281 3281
4424 3282
3283 3283
3284 3284
4222 3287
3292 3292
1414 3293
3019 3294
1420 3299
3302 3302
3305 3305
4876 3307
505 3308
655 3311
3314 3314
3316 3316
3317 3317
3319 3319
3320 3320
3321 3321
3323 3323
3325 3325
5967 3326
2954 3327
3329 3329
6509 3330
2376 3331
3308 3332
3333 3333
3334 3334
3335 3335
3340 3340
5497 3341
3344 3344
5967 3345
3348 3348
3349 3349
3354 3354
3355 3355
6366 3356
3358 3358
3359 3359
3361 3361
3362 3362
3367 3367
3368 3368
6366 3369
3371 3371
3687 3372
3373 3373
3609 3375
3376 3376
1551 3377
3380 3380
768 3382
6710 3383
3388 3388
3389 3389
5765 3390
3391 3391
3392 3392
3393 3393
5908 3395
4679 3399
1360 3401
4223 3403
3407 3407
5535 3408
4036 3409
3861 3410
3411 3411
3612 3413
3414 3414
3417 3417
5398 3421
2896 3422
3423 3423
6266 3424
3425 3425
741 3427
4408 3428
3429 3429
3661 3430
3431 3431
2609 3432
6884 3434
1259 3436
6578 3437
103 3438
3439 3439
3735 3440
3442 3442
2907 3443
3444 3444
3445 3445
3447 3447
2803 3451
2622 3454
3456 3456
3457 3457
6682 3458
6032 3459
3460 3460
3764 3464
3465 3465
2473 3469
3472 3472
3642 3475
3477 3477
3479 3479
98 3483
4867 3484
3485 3485
3487 3487
3488 3488
3490 3490
3493 3493
1414 3494
3495 3495
3497 3497
3505 3505
1914 3507
3509 3509
3511 3511
5500 3514
3516 3516
3518 3518
5121 3520
3521 3521
3692 3525
3530 3530
3533 3533
979 3534
5246 3535
1645 3538
3139 3541
3543 3543
3546 3546
3547 3547
3548 3548
3549 3549
4833 3550
100 3551
684 3552
3735 3553
3554 3554
3335 3558
5887 3559
3560 3560
2069 3561
4784 3563
6153 3564
3565 3565
3566 3566
3568 3568
4237 3571
4986 3572
3576 3576
3577 3577
3579 3579
3583 3583
3584 3584
3586 3586
3588 3588
5967 3589
3590 3590
6484 3591
1560 3592
3595 3595
3596 3596
824 3597
6743 3600
3601 3601
3777 3602
1230 3604
3609 3609
3901 3610
1893 3612
3613 3613
1653 3617
4788 3618
4885 3619
3621 3621
3954 3624
88 3627
611 3628
3629 3629
1296 3630
3631 3631
5497 3632
3633 3633
958 3634
126 3635
3637 3637
3638 3638
3947 3639
3939 3642
3643 3643
1113 3644
1219 3645
3649 3649
2341 3651
111 3652
3653 3653
3655 3655
3798 3660
3661 3661
5123 3663
3664 3664
425 3666
5542 3667
3132 3668
3784 3669
6153 3671
3672 3672
3673 3673
3773 3674
4128 3677
4028 3678
1588 3682
3683 3683
3687 3687
1623 3690
3680 3691
3694 3694
3695 3695
4234 3696
2291 3698
4026 3701
3702 3702
3703 3703
3704 3704
3705 3705
3706 3706
3707 3707
3717 3717
3718 3718
3719 3719
3962 3720
3723 3723
3724 3724
3727 3727
3728 3728
3730 3730
3782 3732
3734 3734
3735 3735
4499 3737
3738 3738
3739 3739
1595 3742
5876 3743
4813 3745
5473 3746
3747 3747
3750 3750
2896 3751
3753 3753
3754 3754
3756 3756
3759 3759
3864 3764
2311 3765
3766 3766
3767 3767
3769 3769
3799 3771
455 3772
3773 3773
3776 3776
3777 3777
4510 3779
2558 3780
4832 3781
3782 3782
3785 3785
4212 3786
3788 3788
3789 3789
1772 3790
2093 3792
3793 3793
4065 3797
3798 3798
3799 3799
5912 3800
4463 3805
3806 3806
428 3810
3811 3811
3812 3812
3813 3813
5747 3815
3816 3816
1588 3817
3818 3818
3821 3821
3824 3824
3776 3825
3826 3826
6786 3827
3828 3828
3829 3829
1423 3831
3833 3833
3835 3835
3839 3839
573 3841
3843 3843
3845 3845
3846 3846
3847 3847
3848 3848
3850 3850
3851 3851
1617 3852
4450 3853
3855 3855
3856 3856
3858 3858
3861 3861
3864 3864
3691 3866
3867 3867
3868 3868
2849 3869
3870 3870
4571 3872
3922 3873
3874 3874
2091 3875
5389 3876
3877 3877
4048 3881
3882 3882
3883 3883
3884 3884
3886 3886
3888 3888
3889 3889
4094 3890
3891 3891
3892 3892
3895 3895
3648 3896
3786 3897
3899 3899
3678 3900
4382 3901
3902 3902
4049 3903
3906 3906
5763 3907
3908 3908
3909 3909
3911 3911
2510 3912
4650 3913
4091 3915
1588 3919
4885 3920
3922 3922
73 3924
3925 3925
3926 3926
3927 3927
3929 3929
928 3930
3025 3931
3932 3932
6536 3935
3936 3936
3339 3937
3941 3941
3040 3942
3553 3948
3952 3952
3953 3953
3954 3954
3956 3956
1082 3958
3918 3959
3566 3960
2609 3961
3962 3962
6680 3964
3965 3965
3967 3967
5153 3968
3229 3969
2510 3970
5385 3973
3682 3974
3976 3976
3979 3979
3980 3980
4069 3981
3731 3982
2640 3984
3989 3989
3990 3990
3991 3991
3876 3992
3040 3993
3996 3996
4001 4001
3680 4003
4866 4005
4006 4006
2197 4007
4008 4008
3935 4009
4010 4010
4012 4012
4013 4013
4016 4016
4019 4019
4020 4020
4021 4021
4022 4022
4023 4023
2563 4025
4053 4027
4028 4028
4029 4029
2166 4030
4032 4032
4033 4033
3756 4034
3908 4035
4036 4036
4037 4037
4038 4038
4039 4039
4610 4041
4042 4042
4044 4044
4045 4045
4048 4048
5034 4050
4052 4052
724 4053
4054 4054
5796 4056
4058 4058
4067 4067
4071 4071
1588 4072
4073 4073
4074 4074
6180 4075
4076 4076
4077 4077
3433 4078
3704 4080
4082 4082
6680 4083
4084 4084
4108 4087
4091 4091
4092 4092
4093 4093
4094 4094
1064 4095
4096 4096
16 4099
4100 4100
4101 4101
1153 4107
4110 4110
2663 4113
4114 4114
4115 4115
3716 4116
4119 4119
4182 4121
4123 4123
4124 4124
4125 4125
4126 4126
4127 4127
4343 4130
4217 4133
4134 4134
6824 4135
5541 4140
5502 4141
4142 4142
2279 4143
2914 4145
4889 4147
4148 4148
4149 4149
4150 4150
2825 4154
4155 4155
4157 4157
4158 4158
4160 4160
4161 4161
5283 4162
4166 4166
4167 4167
4168 4168
979 4173
4174 4174
4176 4176
4177 4177
4771 4178
682 4185
4186 4186
4187 4187
4192 4192
169 4193
4198 4198
4363 4199
6780 4202
4203 4203
4205 4205
4206 4206
4210 4210
2984 4214
4217 4217
4651 4218
4221 4221
491 4222
5785 4226
6449 4227
4230 4230
6592 4233
5811 4234
2315 4235
4237 4237
4238 4238
4240 4240
4241 4241
4242 4242
4244 4244
4246 4246
4247 4247
4254 4254
56 4255
4257 4257
3712 4261
4262 4262
1582 4263
1756 4265
4267 4267
5200 4270
191 4271
2208 4274
758 4276
4277 4277
6573 4278
4752 4280
4138 4281
4282 4282
5 4283
4285 4285
3989 4286
6858 4288
3981 4289
4291 4291
4294 4294
4297 4297
3161 4298
4299 4299
2067 4300
4346 4301
4302 4302
5771 4303
4305 4305
4306 4306
1174 4307
4308 4308
4311 4311
4314 4314
4317 4317
4321 4321
4322 4322
6882 4326
4328 4328
4329 4329
4335 4335
4337 4337
4338 4338
3642 4339
4340 4340
4091 4343
4344 4344
2647 4346
5254 4351
4352 4352
4354 4354
5768 4355
4356 4356
4357 4357
4358 4358
2869 4364
6882 4365
2929 4367
4749 4369
4283 4370
4371 4371
4372 4372
4490 4373
4374 4374
627 4376
1951 4379
2325 4382
4222 4383
1192 4385
4386 4386
4388 4388
4389 4389
4391 4391
4392 4392
4393 4393
2393 4395
4396 4396
3420 4399
4718 4403
4405 4405
4132 4406
4407 4407
5482 4408
5096 4409
4412 4412
678 4413
2896 4414
4417 4417
3841 4418
2563 4419
4423 4423
4425 4425
4428 4428
2184 4429
1201 4430
3437 4440
4442 4442
4443 4443
6460 4445
2517 4450
6493 4451
4452 4452
4437 4453
857 4454
4458 4458
4459 4459
4461 4461
4675 4462
4465 4465
4469 4469
4470 4470
196 4473
4478 4478
4481 4481
1614 4482
2175 4483
4132 4484
4485 4485
4486 4486
4490 4490
4493 4493
4494 4494
4495 4495
4497 4497
6578 4501
124 4502
4503 4503
4504 4504
4506 4506
3311 4510
247 4514
2383 4515
567 4516
3076 4517
4691 4520
1691 4521
3921 4525
4136 4526
4527 4527
4651 4529
4530 4530
4533 4533
4788 4534
5664 4537
4538 4538
3939 4541
4543 4543
4545 4545
2206 4546
4173 4547
4548 4548
4530 4549
4550 4550
4552 4552
1809 4553
3698 4555
6156 4559
941 4560
4562 4562
1276 4563
4566 4566
4568 4568
553 4569
2915 4570
4572 4572
4573 4573
5250 4575
4577 4577
3863 4579
2254 4581
4582 4582
4382 4583
4586 4586
5663 4591
829 4592
4593 4593
4900 4597
4604 4604
2556 4605
4607 4607
3549 4614
4615 4615
1887 4617
180 4618
5799 4620
4621 4621
4622 4622
4624 4624
4628 4628
5928 4629
4636 4636
46 4637
6266 4638
4639 4639
4641 4641
1244 4642
1513 4645
4646 4646
3852 4648
4649 4649
4650 4650
496 4651
259 4652
4653 4653
2690 4654
2393 4655
359 4657
1614 4659
5358 4662
4664 4664
2588 4665
5769 4667
4668 4668
6156 4670
4672 4672
4677 4677
4686 4678
5082 4679
2954 4681
4682 4682
4109 4684
4685 4685
4687 4687
4688 4688
4689 4689
4693 4693
4696 4696
4697 4697
4698 4698
4699 4699
5495 4700
2341 4702
2393 4704
4705 4705
50 4707
4709 4709
4711 4711
4713 4713
958 4714
4716 4716
6573 4718
3860 4719
5769 4720
579 4721
4722 4722
1817 4723
2304 4724
4725 4725
1798 4727
4728 4728
4729 4729
4730 4730
655 4732
4734 4734
4736 4736
4737 4737
4738 4738
3992 4741
504 4742
4744 4744
4746 4746
4747 4747
4751 4751
4752 4752
4754 4754
4755 4755
4756 4756
3194 4758
4762 4762
4763 4763
4764 4764
4765 4765
1011 4767
5265 4768
4770 4770
4530 4772
5264 4778
4786 4786
3278 4787
2988 4788
4789 4789
5504 4790
4793 4793
3069 4794
2992 4796
4797 4797
4702 4798
1360 4803
4922 4804
567 4805
5438 4806
4807 4807
4808 4808
863 4810
5991 4812
3685 4813
4814 4814
4817 4817
4623 4819
4820 4820
5276 4823
5251 4825
6368 4827
4828 4828
5810 4829
4830 4830
4831 4831
4832 4832
4836 4836
4837 4837
6849 4838
4839 4839
6799 4841
4842 4842
1163 4844
149 4849
1197 4853
4854 4854
4855 4855
4856 4856
6066 4857
4858 4858
2114 4859
4860 4860
4863 4863
4868 4868
2499 4869
4871 4871
4874 4874
980 4875
4878 4878
5326 4880
4881 4881
1100 4882
4883 4883
5353 4885
6097 4887
6066 4888
4889 4889
5482 4890
4892 4892
4893 4893
3713 4895
4571 4896
4897 4897
4899 4899
4900 4900
4798 4902
6583 4904
4905 4905
4907 4907
4653 4909
4910 4910
4912 4912
4913 4913
4915 4915
4916 4916
2694 4920
4921 4921
4922 4922
2457 4924
6862 4925
1279 4928
4930 4930
3023 4932
4933 4933
4935 4935
4936 4936
5617 4938
4941 4941
3784 4942
4943 4943
2619 4944
1396 4946
2899 4949
4950 4950
4951 4951
6759 4952
4953 4953
2350 4954
4956 4956
3942 4957
4958 4958
4962 4962
4963 4963
6066 4965
4982 4966
4968 4968
4132 4969
500 4970
2761 4971
4973 4973
4975 4975
2393 4977
4978 4978
2947 4979
4982 4982
4985 4985
4987 4987
4989 4989
4991 4991
4992 4992
4334 4994
1424 4995
4997 4997
5160 4999
5353 5000
3420 5002
5005 5005
1513 5006
5007 5007
5008 5008
910 5009
1979 5010
4623 5012
2851 5014
3134 5017
5018 5018
4150 5020
5022 5022
3808 5024
3672 5027
5028 5028
1018 5033
5034 5034
4521 5035
3907 5038
403 5039
5041 5041
568 5042
5045 5045
5047 5047
5050 5050
5051 5051
5053 5053
5054 5054
5056 5056
1646 5057
5058 5058
4004 5063
4423 5067
5069 5069
5073 5073
5074 5074
5076 5076
4894 5077
5078 5078
5080 5080
5081 5081
5059 5083
849 5084
5086 5086
3170 5087
1115 5089
5090 5090
205 5091
5093 5093
5094 5094
5180 5096
5993 5097
1219 5098
5100 5100
5101 5101
6057 5102
649 5104
1007 5106
5107 5107
4890 5108
6036 5109
5110 5110
4766 5111
3849 5112
5113 5113
5116 5116
5117 5117
1632 5118
5119 5119
5120 5120
5122 5122
6434 5123
5124 5124
5125 5125
6854 5126
5130 5130
1823 5131
5136 5136
5138 5138
601 5141
5142 5142
5143 5143
5144 5144
5146 5146
5584 5149
985 5151
492 5152
5156 5156
6312 5157
5158 5158
1195 5159
5099 5160
5163 5163
3232 5164
453 5165
5166 5166
5168 5168
2490 5169
6488 5173
5174 5174
5176 5176
5178 5178
5179 5179
542 5183
5185 5185
34 5186
5765 5187
5188 5188
5189 5189
4309 5190
4516 5191
5192 5192
5193 5193
5195 5195
5196 5196
5197 5197
5198 5198
4750 5199
5200 5200
5202 5202
5204 5204
6312 5207
5208 5208
5211 5211
314 5214
5215 5215
5219 5219
5220 5220
5225 5225
4571 5228
5231 5231
5232 5232
5234 5234
5235 5235
5239 5239
1360 5240
3133 5242
5244 5244
5472 5248
5250 5250
5251 5251
5252 5252
5255 5255
5256 5256
5617 5258
5259 5259
5261 5261
5262 5262
6040 5266
5269 5269
5271 5271
5275 5275
5276 5276
1466 5277
5282 5282
5287 5287
6486 5291
5292 5292
182 5294
5295 5295
5245 5296
5297 5297
5298 5298
5300 5300
5302 5302
5303 5303
2609 5305
5306 5306
2609 5307
2510 5313
1106 5318
5321 5321
4063 5322
5323 5323
5324 5324
1466 5326
5329 5329
5330 5330
5332 5332
5333 5333
6408 5334
5337 5337
5339 5339
5341 5341
5542 5342
151 5343
237 5344
2939 5347
5348 5348
5349 5349
3477 5351
5353 5353
412 5360
6343 5364
1900 5366
3479 5367
5371 5371
5374 5374
5377 5377
5378 5378
5381 5381
6537 5382
6652 5384
5385 5385
5699 5386
5387 5387
5390 5390
6125 5391
5393 5393
5396 5396
4820 5397
5247 5399
6459 5400
5879 5401
2855 5403
5405 5405
5406 5406
5407 5407
3413 5408
5410 5410
5411 5411
3853 5412
5414 5414
5353 5415
5416 5416
4309 5422
5005 5423
4378 5426
5429 5429
5430 5430
2896 5431
4187 5433
5437 5437
5438 5438
5441 5441
5148 5442
5443 5443
249 5444
5445 5445
270 5448
5452 5452
5453 5453
6538 5455
5460 5460
956 5461
847 5462
5511 5463
5464 5464
6513 5465
501 5466
5468 5468
3294 5469
5470 5470
5472 5472
3947 5473
5474 5474
3047 5478
5480 5480
567 5481
5483 5483
5484 5484
2896 5485
5486 5486
5487 5487
5488 5488
5489 5489
5494 5494
4668 5495
5496 5496
5497 5497
5499 5499
5501 5501
6078 5502
3218 5505
5506 5506
6432 5507
5508 5508
5463 5511
5514 5514
4902 5515
4602 5516
5517 5517
5519 5519
5522 5522
5523 5523
1895 5524
6821 5525
5526 5526
5529 5529
5532 5532
6136 5533
5534 5534
5536 5536
3576 5538
4155 5539
5540 5540
5542 5542
5543 5543
4217 5544
5546 5546
5549 5549
5550 5550
5551 5551
3885 5552
739 5553
3413 5554
4521 5556
5082 5559
5560 5560
5563 5563
2393 5565
5567 5567
5569 5569
5573 5573
3837 5575
3436 5577
5579 5579
5765 5580
5581 5581
505 5582
5583 5583
4759 5587
5590 5590
5594 5594
5595 5595
5596 5596
945 5597
5598 5598
5765 5599
1932 5600
5601 5601
5602 5602
199 5604
973 5606
2257 5608
1066 5609
5610 5610
1480 5612
2412 5613
1894 5614
405 5615
655 5616
5887 5617
5619 5619
6408 5621
5622 5622
5624 5624
5625 5625
4053 5626
5627 5627
4146 5629
5630 5630
5631 5631
5632 5632
1700 5633
5635 5635
684 5637
5640 5640
5641 5641
4354 5643
5645 5645
5646 5646
5648 5648
5654 5654
4571 5655
5659 5659
1431 5662
755 5663
5664 5664
5665 5665
5666 5666
5667 5667
3302 5668
5669 5669
3804 5672
2632 5673
5674 5674
5675 5675
5677 5677
5678 5678
5679 5679
2609 5680
4136 5681
5683 5683
5684 5684
3000 5686
2379 5688
2357 5690
5691 5691
1219 5693
4053 5694
5697 5697
5698 5698
2928 5699
5967 5700
2667 5701
5702 5702
822 5703
5705 5705
5706 5706
5707 5707
6848 5708
5709 5709
5714 5714
5610 5716
5717 5717
5720 5720
5721 5721
6153 5723
5724 5724
6127 5726
5727 5727
1173 5728
5209 5730
1302 5732
5734 5734
2608 5738
4900 5739
5740 5740
5741 5741
5742 5742
443 5743
3901 5744
5745 5745
5746 5746
5750 5750
5751 5751
5753 5753
5754 5754
4307 5761
5762 5762
5765 5765
5845 5766
5767 5767
5034 5773
4269 5774
5775 5775
4651 5776
5777 5777
5778 5778
5780 5780
5783 5783
5785 5785
5789 5789
5791 5791
956 5792
5793 5793
6642 5796
5799 5799
5800 5800
5802 5802
4424 5803
1883 5804
5806 5806
5807 5807
6513 5811
5812 5812
5813 5813
1194 5816
6008 5817
5820 5820
3434 5822
5823 5823
428 5824
2553 5825
4606 5826
5828 5828
5829 5829
6180 5830
5834 5834
5838 5838
3479 5839
5840 5840
3583 5842
5845 5845
1374 5846
4711 5847
5848 5848
5497 5850
5851 5851
5852 5852
4759 5854
5855 5855
4046 5858
5862 5862
3420 5864
5865 5865
4212 5866
739 5867
2092 5868
5869 5869
2891 5871
5872 5872
4927 5873
5875 5875
5876 5876
5878 5878
5879 5879
5880 5880
5881 5881
5882 5882
2746 5884
5886 5886
5887 5887
3235 5888
5896 5896
1588 5898
5899 5899
5901 5901
5902 5902
5904 5904
1589 5905
4594 5906
6579 5908
5910 5910
4569 5912
955 5914
5915 5915
4156 5916
923 5920
5482 5921
5923 5923
1996 5924
5927 5927
2344 5929
5932 5932
5933 5933
5936 5936
5939 5939
5944 5944
3554 5946
3861 5948
5949 5949
5950 5950
5951 5951
5952 5952
5953 5953
4078 5955
947 5956
842 5957
5959 5959
5961 5961
2379 5965
4683 5968
5969 5969
2357 5970
3999 5971
3305 5974
262 5975
4961 5976
5977 5977
5978 5978
2515 5979
5980 5980
5981 5981
5982 5982
5985 5985
5986 5986
5987 5987
5988 5988
5989 5989
5991 5991
5993 5993
5994 5994
950 5995
5093 5997
2892 6000
6002 6002
6005 6005
6006 6006
1476 6008
4132 6009
4423 6011
3989 6013
6113 6017
6344 6019
6023 6023
6024 6024
2493 6027
6029 6029
6030 6030
2052 6034
6268 6037
5908 6038
6039 6039
6042 6042
6045 6045
6589 6048
2588 6049
6052 6052
6054 6054
6055 6055
6056 6056
355 6057
6059 6059
4571 6060
3758 6061
6062 6062
2174 6063
6064 6064
2369 6065
6066 6066
5617 6070
3514 6071
6072 6072
5233 6073
1007 6075
6076 6076
6077 6077
6078 6078
6079 6079
6081 6081
6083 6083
6084 6084
6086 6086
2393 6088
6090 6090
6044 6091
6759 6093
6095 6095
5419 6096
6611 6097
3170 6101
647 6102
777 6106
6107 6107
6108 6108
5799 6109
6110 6110
432 6112
5302 6113
1995 6114
6117 6117
1410 6118
3607 6120
6121 6121
3040 6122
1233 6123
6125 6125
3939 6129
6130 6130
787 6133
6135 6135
6136 6136
4105 6141
6142 6142
6143 6143
1283 6146
6147 6147
6148 6148
6808 6151
2550 6152
6153 6153
6154 6154
6159 6159
6160 6160
6161 6161
5549 6162
6163 6163
847 6165
923 6166
6168 6168
6169 6169
6170 6170
6172 6172
5810 6173
4004 6174
6175 6175
2896 6176
3549 6178
6179 6179
6180 6180
2365 6181
6185 6185
6187 6187
6191 6191
6193 6193
6195 6195
4664 6196
6366 6197
4128 6199
6200 6200
1756 6207
4051 6208
6209 6209
6210 6210
1756 6211
6212 6212
4606 6217
5482 6218
4691 6219
6366 6221
6224 6224
6225 6225
5467 6226
6227 6227
6229 6229
6231 6231
5121 6232
6235 6235
2331 6236
6238 6238
6240 6240
2939 6241
3942 6242
6243 6243
4752 6244
6246 6246
6247 6247
6248 6248
6249 6249
1957 6254
6251 6255
6257 6257
1197 6260
6261 6261
6263 6263
6264 6264
1593 6266
6267 6267
2383 6268
532 6270
6271 6271
6273 6273
761 6274
6276 6276
6278 6278
804 6280
6281 6281
6282 6282
6486 6284
6285 6285
5193 6286
6288 6288
5909 6291
24 6294
6295 6295
3861 6297
6125 6299
6302 6302
6303 6303
5497 6304
6305 6305
3478 6306
6307 6307
6309 6309
6311 6311
2325 6312
887 6313
6315 6315
6316 6316
6317 6317
2378 6322
6323 6323
6326 6326
4900 6328
2193 6329
6095 6331
6332 6332
1219 6333
6334 6334
3955 6336
6337 6337
6338 6338
6340 6340
6341 6341
6346 6346
6349 6349
6350 6350
3021 6352
2417 6354
667 6355
3917 6359
6360 6360
4340 6361
6363 6363
6365 6365
6368 6368
6370 6370
6374 6374
6375 6375
6381 6381
1705 6382
6383 6383
6388 6388
6389 6389
4046 6391
6392 6392
2866 6394
66 6395
6398 6398
6402 6402
4890 6404
4013 6405
6406 6406
1957 6407
6410 6410
2383 6411
4077 6414
2184 6416
6417 6417
6418 6418
6420 6420
6422 6422
6423 6423
6425 6425
786 6428
5091 6432
6434 6434
6435 6435
6438 6438
6626 6441
6444 6444
5864 6445
6446 6446
6448 6448
4410 6449
3778 6450
6125 6456
6460 6460
2498 6461
1223 6463
6464 6464
6466 6466
6467 6467
6473 6473
6475 6475
6477 6477
6479 6479
6482 6482
5419 6485
5250 6486
1968 6487
6489 6489
3431 6493
2510 6494
6499 6499
3950 6502
3007 6503
4053 6506
6508 6508
6510 6510
4623 6511
4651 6515
6516 6516
5276 6521
2233 6522
6526 6526
6527 6527
5481 6528
6529 6529
6530 6530
6533 6533
6537 6537
6538 6538
5880 6541
3712 6543
6546 6546
979 6548
6551 6551
6720 6553
2136 6554
2813 6555
6557 6557
6559 6559
6560 6560
6561 6561
5005 6563
55 6564
6566 6566
6567 6567
6829 6570
6571 6571
6572 6572
6573 6573
6574 6574
6577 6577
6578 6578
5240 6579
3784 6580
5804 6581
6366 6583
359 6585
6587 6587
3151 6590
6591 6591
6595 6595
6597 6597
6598 6598
6599 6599
6600 6600
6602 6602
6603 6603
6605 6605
6606 6606
6780 6610
6613 6613
6157 6615
6617 6617
3420 6619
6620 6620
6623 6623
6625 6625
6626 6626
4053 6627
6630 6630
6631 6631
6633 6633
6637 6637
6638 6638
6639 6639
6641 6641
4156 6642
6643 6643
6644 6644
6411 6645
2427 6646
4773 6647
5408 6649
6650 6650
5332 6651
6657 6657
6410 6658
6659 6659
6660 6660
6663 6663
154 6664
6665 6665
6666 6666
4463 6667
3383 6669
6788 6677
6678 6678
6680 6680
4651 6681
6683 6683
956 6684
5595 6685
1957 6686
6688 6688
4053 6690
6693 6693
6694 6694
1414 6697
6106 6701
3654 6702
6704 6704
6706 6706
6707 6707
2303 6710
6711 6711
6713 6713
6714 6714
3860 6716
6719 6719
6721 6721
6724 6724
6727 6727
5627 6728
6731 6731
6733 6733
1519 6735
6739 6739
3396 6740
3630 6742
1953 6743
5804 6745
6750 6750
3022 6752
5809 6753
6754 6754
1614 6755
3335 6756
3291 6757
6758 6758
973 6760
6350 6765
6766 6766
6767 6767
6774 6774
6780 6780
6781 6781
6784 6784
6785 6785
2257 6786
406 6787
6788 6788
6791 6791
6793 6793
4237 6794
4424 6795
6797 6797
6800 6800
6804 6804
6807 6807
6808 6808
6809 6809
6817 6817
5499 6818
6823 6823
6824 6824
6827 6827
6829 6829
6830 6830
6831 6831
6832 6832
6834 6834
5093 6835
2896 6836
6838 6838
6839 6839
4605 6840
6842 6842
4247 6843
6844 6844
6614 6845
5146 6846
6848 6848
4025 6849
5880 6851
1119 6852
6854 6854
6856 6856
6433 6857
6260 6858
6859 6859
6862 6862
6865 6865
1520 6866
2947 6871
6872 6872
6874 6874
6268 6875
1972 6876
6878 6878
6880 6880
1743 6883
6418 6884
650 6887
6889 6889
