3629 3629
3626 3626
3861 3861
3843 3843
3773 3773
117 117
348 348
408 408
3530 3530
5535 5535
18 18
407 407
3628 3628
3702 3702
3854 3854
409 409
17 17
81 81
2783 2783
330 330
2811 2811
2797 2797
2816 2816
76 76
3521 3521
2815 2815
5601 5601
410 410
1907 1907
3499 3499
3650 3650
63 63
5508 5508
3554 3554
276 276
22 22
36 36
3552 3552
294 294
44 44
3926 3926
6271 6271
119 119
3547 3547
23 23
65 65
3753 3753
5659 5659
113 113
439 439
3548 3548
279 279
3560 3560
5510 5510
5750 5750
5367 5367
3056 3056
2817 2817
3829 3829
3543 3543
6257 6257
321 321
3826 3826
3590 3590
3703 3703
3789 3789
3824 3824
24 24
3855 3855
351 351
3932 3932
64 64
35 35
3930 3930
3621 3621
3821 3821
432 432
3823 3823
138 138
3541 3541
83 83
5536 5536
3833 3833
315 315
5840 5840
37 37
3777 3777
356 356
3576 3576
3949 3949
435 435
6276 6276
429 429
5640 5640
3633 3633
189 189
2780 2780
3856 3856
354 354
5517 5517
347 347
3579 3579
3599 3599
5603 5603
312 312
3799 3799
85 85
70 70
5724 5724
73 73
5610 5610
323 323
3705 3705
130 130
3740 3740
327 327
3584 3584
191 191
3643 3643
246 246
5589 5589
2787 2787
3653 3653
5590 5590
3638 3638
5845 5845
3602 3602
3798 3798
128 128
3601 3601
3620 3620
2795 2795
6248 6248
6240 6240
338 338
29 29
6264 6264
3637 3637
104 104
421 421
6275 6275
5831 5831
2791 2791
3634 3634
4 4
6247 6247
146 146
2808 2808
94 94
5708 5708
2046 2046
51 51
3613 3613
3571 3571
2 2
5720 5720
456 456
6237 6237
2289 2289
3566 3566
2127 2127
5596 5596
6238 6238
5651 5651
5458 5458
2130 2130
5512 5512
415 415
2803 2803
5613 5613
123 123
3517 3517
5753 5753
2214 2214
122 122
245 245
6231 6231
5579 5579
5625 5625
2381 2381
5829 5829
5443 5443
3568 3568
3757 3757
1 1
2152 2152
124 124
6056 6056
2388 2388
2052 2052
2000 2000
5464 5464
5746 5746
5453 5453
2177 2177
1992 1992
5452 5452
5828 5828
6073 6073
2378 2378
2150 2150
2775 2775
5654 5654
5641 5641
6059 6059
5541 5541
5674 5674
2274 2274
2490 2490
6058 6058
6054 6054
5634 5634
3518 3518
2511 2511
6055 6055
2118 2118
3667 3667
2167 2167
5838 5838
2189 2189
155 155
5525 5525
6072 6072
2294 2294
2164 2164
5751 5751
62 62
6076 6076
5522 5522
2175 2175
6077 6077
2375 2375
5959 5959
5538 5538
5540 5540
5698 5698
2400 2400
6045 6045
6064 6064
6062 6062
5543 5543
3573 3573
2493 2493
5523 5523
1993 1993
7 7
5697 5697
2598 2598
6042 6042
2062 2062
2389 2389
2007 2007
5627 5627
5834 5834
2061 2061
5648 5648
6084 6084
5542 5542
3910 3910
2377 2377
2499 2499
5472 5472
2084 2084
2497 2497
5933 5933
2011 2011
2180 2180
5949 5949
2124 2124
2480 2480
5717 5717
2186 2186
5936 5936
2213 2213
5551 5551
5932 5932
2278 2278
2385 2385
6082 6082
2080 2080
5939 5939
5966 5966
1983 1983
5539 5539
1984 1984
2193 2193
5619 5619
2471 2471
2596 2596
2470 2470
2239 2239
5665 5665
2221 2221
377 377
260 260
147 147
5938 5938
2500 2500
3881 3881
2395 2395
6086 6086
5686 5686
2255 2255
3648 3648
148 148
3795 3795
5581 5581
2256 2256
2506 2506
5499 5499
2475 2475
2254 2254
3906 3906
2030 2030
6090 6090
2613 2613
5496 5496
2514 2514
2210 2210
2393 2393
6095 6095
3045 3045
3884 3884
6143 6143
6130 6130
2086 2086
6142 6142
6147 6147
3706 3706
2199 2199
2623 2623
3672 3672
3878 3878
2094 2094
295 295
5553 5553
4005 4005
2204 2204
5969 5969
5855 5855
5866 5866
5528 5528
5745 5745
5978 5978
258 258
5865 5865
5977 5977
2600 2600
5646 5646
282 282
2035 2035
5447 5447
2220 2220
5962 5962
2588 2588
5677 5677
2624 2624
6110 6110
6160 6160
6117 6117
5483 5483
380 380
2401 2401
5986 5986
2036 2036
5981 5981
2195 2195
4019 4019
2231 2231
5980 5980
5475 5475
6136 6136
5532 5532
6159 6159
2516 2516
3868 3868
3687 3687
2517 2517
6107 6107
5915 5915
4021 4021
2700 2700
5709 5709
2633 2633
6029 6029
2272 2272
5869 5869
3941 3941
5872 5872
2565 2565
2701 2701
5527 5527
2397 2397
5643 5643
2252 2252
5706 5706
401 401
6161 6161
2250 2250
5663 5663
6175 6175
6157 6157
174 174
6139 6139
4028 4028
5569 5569
158 158
6154 6154
2685 2685
2630 2630
5549 5549
448 448
4003 4003
5988 5988
5486 5486
2639 2639
4050 4050
309 309
5902 5902
6119 6119
6124 6124
2022 2022
6163 6163
5993 5993
2715 2715
2686 2686
2519 2519
2636 2636
2342 2342
2523 2523
2215 2215
3818 3818
197 197
2182 2182
5534 5534
505 505
2216 2216
2031 2031
2566 2566
512 512
507 507
2643 2643
3967 3967
2407 2407
4071 4071
2282 2282
3962 3962
6000 6000
376 376
5743 5743
296 296
5991 5991
2087 2087
5997 5997
374 374
2707 2707
3840 3840
540 540
6172 6172
5802 5802
4066 4066
3990 3990
2703 2703
3955 3955
5572 5572
6170 6170
5567 5567
3991 3991
2302 2302
3050 3050
6006 6006
472 472
2684 2684
4048 4048
2543 2543
533 533
5989 5989
2457 2457
3685 3685
368 368
2713 2713
4042 4042
6889 6889
3864 3864
5876 5876
4045 4045
4036 4036
2018 2018
2743 2743
4018 4018
464 464
4006 4006
3985 3985
5609 5609
4032 4032
2279 2279
538 538
2652 2652
2432 2432
3953 3953
5702 5702
3493 3493
4039 4039
2431 2431
5233 5233
2295 2295
2297 2297
2560 2560
2558 2558
2544 2544
3888 3888
3691 3691
2415 2415
2534 2534
1778 1778
2099 2099
5762 5762
468 468
6010 6010
5440 5440
3782 3782
4037 4037
2567 2567
2677 2677
2296 2296
3738 3738
2421 2421
5897 5897
3899 3899
2089 2089
2103 2103
2537 2537
6024 6024
3690 3690
2107 2107
6023 6023
2230 2230
529 529
269 269
3870 3870
578 578
5886 5886
5880 5880
3437 3437
5910 5910
1766 1766
2572 2572
396 396
2112 2112
5783 5783
2449 2449
2104 2104
220 220
5705 5705
2427 2427
3979 3979
5807 5807
163 163
3694 3694
2536 2536
560 560
5393 5393
3978 3978
2111 2111
6225 6225
2109 2109
5403 5403
2463 2463
6185 6185
3361 3361
2308 2308
6224 6224
2316 2316
5777 5777
5767 5767
1938 1938
2646 2646
1943 1943
3735 3735
492 492
5768 5768
4015 4015
179 179
4013 4013
5791 5791
5785 5785
2348 2348
5406 5406
2676 2676
3362 3362
3338 3338
2662 2662
2305 2305
490 490
153 153
5812 5812
2576 2576
2722 2722
214 214
226 226
3695 3695
6187 6187
2541 2541
2663 2663
5811 5811
2306 2306
2311 2311
2448 2448
5387 5387
3358 3358
2244 2244
5923 5923
2674 2674
537 537
3812 3812
2425 2425
558 558
3365 3365
3439 3439
3344 3344
6196 6196
5780 5780
3781 3781
2727 2727
2351 2351
2330 2330
2467 2467
5395 5395
2468 2468
2324 2324
3892 3892
3900 3900
550 550
6200 6200
3810 3810
544 544
5878 5878
5385 5385
3367 3367
3340 3340
6179 6179
4012 4012
2435 2435
5909 5909
300 300
3283 3283
3682 3682
3316 3316
5799 5799
5813 5813
3317 3317
270 270
2286 2286
1924 1924
2444 2444
5901 5901
2352 2352
6227 6227
5411 5411
217 217
3368 3368
2718 2718
5782 5782
2318 2318
5381 5381
3349 3349
3269 3269
3228 3228
255 255
3348 3348
5907 5907
3318 3318
2321 2321
3275 3275
3373 3373
2340 2340
5219 5219
5410 5410
5801 5801
3442 3442
5928 5928
1933 1933
5080 5080
3281 3281
3372 3372
3683 3683
225 225
3274 3274
1940 1940
556 556
5113 5113
3225 3225
390 390
3255 3255
1937 1937
3813 3813
6207 6207
3718 3718
5081 5081
5890 5890
5379 5379
3297 3297
5056 5056
6817 6817
3223 3223
2719 2719
6832 6832
3391 3391
6191 6191
3407 3407
3266 3266
3237 3237
3204 3204
3250 3250
6610 6610
2731 2731
6842 6842
3243 3243
6334 6334
5416 5416
2728 2728
5927 5927
5899 5899
3249 3249
487 487
1949 1949
6839 6839
5158 5158
6844 6844
3371 3371
3445 3445
5202 5202
6731 6731
1918 1918
5378 5378
6804 6804
3246 3246
3252 3252
5196 5196
5058 5058
6793 6793
3447 3447
6791 6791
3207 3207
3251 3251
524 524
3334 3334
6602 6602
3325 3325
6598 6598
5130 5130
6771 6771
3417 3417
3376 3376
6830 6830
3335 3335
3766 3766
5073 5073
5050 5050
3219 3219
6603 6603
5059 5059
5074 5074
3415 3415
2746 2746
5079 5079
6750 6750
5800 5800
5211 5211
6856 6856
5205 5205
271 271
5072 5072
3333 3333
6778 6778
5067 5067
5198 5198
5197 5197
6599 6599
3449 3449
3728 3728
6762 6762
5075 5075
3723 3723
1588 1588
5192 5192
1355 1355
3394 3394
3401 3401
1942 1942
5078 5078
5156 5156
3436 3436
3200 3200
5043 5043
6760 6760
5069 5069
6797 6797
6754 6754
6868 6868
6774 6774
6862 6862
6860 6860
5027 5027
1855 1855
1939 1939
215 215
6713 6713
6784 6784
1356 1356
6756 6756
3198 3198
6785 6785
4915 4915
1609 1609
1358 1358
5045 5045
6357 6357
1886 1886
5028 5028
6758 6758
6859 6859
6866 6866
1741 1741
6788 6788
3201 3201
3413 3413
5037 5037
3388 3388
3393 3393
5020 5020
4873 4873
6789 6789
252 252
1850 1850
5128 5128
5036 5036
1968 1968
6724 6724
5039 5039
3234 3234
3190 3190
1559 1559
5374 5374
1561 1561
6718 6718
6857 6857
1856 1856
5370 5370
3423 3423
3235 3235
2989 2989
6591 6591
776 776
6678 6678
3233 3233
6704 6704
5090 5090
4912 4912
1831 1831
6710 6710
3177 3177
1977 1977
4916 4916
1853 1853
4917 4917
1585 1585
1593 1593
6800 6800
3001 3001
1689 1689
1498 1498
1833 1833
4836 4836
1353 1353
6586 6586
3460 3460
2873 2873
6865 6865
5152 5152
6597 6597
3182 3182
6824 6824
3196 3196
6630 6630
6801 6801
5343 5343
6574 6574
6721 6721
6282 6282
6719 6719
6595 6595
5292 5292
3385 3385
302 302
4978 4978
4650 4650
1687 1687
1611 1611
6446 6446
1164 1164
3003 3003
6605 6605
4764 4764
3194 3194
3389 3389
3183 3183
6662 6662
2994 2994
3386 3386
6663 6663
3195 3195
1587 1587
2977 2977
1976 1976
1163 1163
5332 5332
6444 6444
6660 6660
6643 6643
5221 5221
6767 6767
773 773
1832 1832
3495 3495
1875 1875
1878 1878
6578 6578
5215 5215
4901 4901
6644 6644
5084 5084
4125 4125
5083 5083
5291 5291
1625 1625
6449 6449
1567 1567
177 177
5122 5122
6626 6626
1140 1140
4831 4831
6666 6666
4830 4830
2855 2855
930 930
2895 2895
4644 4644
4744 4744
4543 4543
4481 4481
3000 3000
1608 1608
1591 1591
3078 3078
3004 3004
6706 6706
5208 5208
5086 5086
1277 1277
1258 1258
2822 2822
1546 1546
5297 5297
1874 1874
4124 4124
4267 4267
3112 3112
1570 1570
384 384
2898 2898
6499 6499
1661 1661
3216 3216
2942 2942
4264 4264
6532 6532
2897 2897
4736 4736
4550 4550
6438 6438
4881 4881
1541 1541
1534 1534
6437 6437
4606 4606
1393 1393
423 423
4623 4623
5290 5290
2892 2892
4328 4328
4878 4878
1578 1578
4713 4713
1342 1342
1506 1506
1515 1515
4794 4794
4889 4889
4909 4909
5153 5153
1579 1579
253 253
3120 3120
1363 1363
6502 6502
4685 4685
6638 6638
3067 3067
5136 5136
3497 3497
2853 2853
1279 1279
693 693
4321 4321
4757 4757
4337 4337
4837 4837
4163 4163
6642 6642
3073 3073
1628 1628
4892 4892
4488 4488
1860 1860
4546 4546
4545 4545
4490 4490
6530 6530
5100 5100
5331 5331
4262 4262
6533 6533
1390 1390
4424 4424
1387 1387
4799 4799
3688 3688
4425 4425
1601 1601
6633 6633
5125 5125
6388 6388
6538 6538
6693 6693
1843 1843
6559 6559
5110 5110
1137 1137
6557 6557
4790 4790
4986 4986
842 842
4058 4058
4729 4729
5349 5349
3115 3115
1576 1576
1600 1600
4449 4449
3090 3090
1730 1730
699 699
6561 6561
1037 1037
5178 5178
1402 1402
1299 1299
771 771
6527 6527
4552 4552
1573 1573
4083 4083
1787 1787
3098 3098
4987 4987
845 845
4746 4746
3121 3121
6389 6389
4982 4982
1867 1867
1505 1505
4634 4634
1823 1823
636 636
2910 2910
4992 4992
4405 4405
3107 3107
4907 4907
4502 4502
1379 1379
5179 5179
6588 6588
1000 1000
4389 4389
4689 4689
1681 1681
1568 1568
4808 4808
1168 1168
5249 5249
4258 4258
6551 6551
4953 4953
5251 5251
6315 6315
5101 5101
1709 1709
788 788
6373 6373
6525 6525
4486 4486
1788 1788
881 881
4417 4417
4730 4730
1712 1712
996 996
4166 4166
4387 4387
4340 4340
815 815
5186 5186
6526 6526
1669 1669
6349 6349
6563 6563
1129 1129
2912 2912
6489 6489
4863 4863
570 570
1170 1170
1023 1023
6874 6874
1481 1481
2913 2913
4856 4856
6513 6513
4489 4489
1121 1121
1619 1619
1720 1720
4593 4593
4537 4537
1311 1311
6516 6516
1169 1169
1700 1700
4922 4922
1227 1227
5256 5256
4458 4458
6360 6360
4738 4738
839 839
6281 6281
1545 1545
5120 5120
4153 4153
4478 4478
1824 1824
210 210
718 718
4935 4935
4820 4820
6509 6509
6383 6383
705 705
1025 1025
1449 1449
791 791
6423 6423
6508 6508
787 787
4932 4932
1255 1255
916 916
831 831
4396 4396
3109 3109
3155 3155
4604 4604
4119 4119
4334 4334
1033 1033
4564 4564
4827 4827
4123 4123
1334 1334
6368 6368
1327 1327
936 936
1795 1795
933 933
1646 1646
4997 4997
5189 5189
1780 1780
4284 4284
1684 1684
4538 4538
4714 4714
4740 4740
778 778
4454 4454
3142 3142
6317 6317
1864 1864
256 256
4814 4814
830 830
4335 4335
995 995
1499 1499
1409 1409
1796 1796
1761 1761
3500 3500
4290 4290
1275 1275
1717 1717
808 808
4084 4084
1863 1863
3511 3511
3023 3023
6294 6294
1133 1133
1136 1136
4958 4958
4712 4712
4846 4846
4989 4989
1782 1782
4639 4639
4607 4607
3137 3137
4737 4737
891 891
723 723
3108 3108
1660 1660
750 750
3063 3063
919 919
1704 1704
4227 4227
1614 1614
4391 4391
943 943
4114 4114
1461 1461
4091 4091
4910 4910
846 846
5348 5348
860 860
4156 4156
1010 1010
4277 4277
6332 6332
4331 4331
6467 6467
1821 1821
4503 4503
1004 1004
249 249
3130 3130
4930 4930
3502 3502
1014 1014
2929 2929
6309 6309
3116 3116
1027 1027
1798 1798
1862 1862
4991 4991
988 988
6376 6376
4648 4648
923 923
1634 1634
4467 4467
1167 1167
4641 4641
914 914
3144 3144
987 987
4087 4087
4663 4663
4377 4377
676 676
2949 2949
1497 1497
4934 4934
4493 4493
1188 1188
6370 6370
6512 6512
6429 6429
4664 4664
993 993
4240 4240
1359 1359
4333 4333
4354 4354
3094 3094
900 900
2825 2825
4804 4804
4711 4711
4868 4868
2831 2831
4839 4839
884 884
858 858
4528 4528
2858 2858
968 968
1649 1649
3944 3944
2926 2926
1147 1147
3088 3088
632 632
4470 4470
4251 4251
1220 1220
1737 1737
6573 6573
4494 4494
2844 2844
978 978
2826 2826
1657 1657
6872 6872
1251 1251
944 944
761 761
4433 4433
970 970
1145 1145
1203 1203
4963 4963
4961 4961
897 897
5287 5287
633 633
4224 4224
2833 2833
975 975
1045 1045
4155 4155
4237 4237
4928 4928
1046 1046
3076 3076
4631 4631
1125 1125
721 721
4962 4962
4637 4637
1323 1323
4431 4431
2829 2829
4381 4381
4696 4696
4443 4443
3037 3037
3150 3150
5203 5203
4461 4461
1069 1069
3026 3026
3129 3129
1496 1496
4966 4966
1291 1291
912 912
6566 6566
4210 4210
958 958
955 955
1270 1270
2932 2932
6567 6567
4950 4950
4586 4586
5324 5324
4571 4571
1293 1293
3125 3125
924 924
904 904
4734 4734
1044 1044
926 926
4310 4310
823 823
4282 4282
6288 6288
1064 1064
4238 4238
863 863
3014 3014
1478 1478
902 902
4956 4956
4725 4725
6410 6410
932 932
1755 1755
4562 4562
903 903
4436 4436
4747 4747
4628 4628
4392 4392
4573 4573
1112 1112
5266 5266
4568 4568
1369 1369
3039 3039
5265 5265
4672 4672
1454 1454
905 905
1202 1202
6554 6554
873 873
6546 6546
4597 4597
1265 1265
3029 3029
4941 4941
4951 4951
4936 4936
2845 2845
1113 1113
1153 1153
6475 6475
4724 4724
6302 6302
901 901
2846 2846
1190 1190
1368 1368
6303 6303
4797 4797
4968 4968
5225 5225
1526 1526
1184 1184
1071 1071
1091 1091
1490 1490
4582 4582
621 621
2840 2840
1108 1108
1090 1090
875 875
1103 1103
1098 1098
