1 1
2 2
4 4
7 7
3919 9
3976 10
4280 12
3707 14
1463 15
17 17
18 18
3189 19
812 20
22 22
23 23
24 24
29 29
1313 30
3455 31
35 35
36 36
37 37
979 40
4424 42
489 43
44 44
704 46
2280 48
51 51
3117 53
3626 57
3220 60
62 62
63 63
64 64
65 65
3553 67
1009 68
70 70
689 72
73 73
2750 74
76 76
4537 78
827 79
81 81
4737 82
83 83
85 85
2661 88
763 90
94 94
3599 97
2761 98
3605 99
104 104
5083 106
2979 109
859 110
5942 112
113 113
1272 115
2453 116
117 117
119 119
122 122
123 123
124 124
1102 126
3627 127
128 128
1253 129
130 130
1508 131
1405 132
2724 134
138 138
100 140
609 141
2179 143
689 144
146 146
147 147
148 148
2037 150
5494 151
153 153
155 155
3108 156
158 158
163 163
3574 166
2743 167
1883 169
2747 173
174 174
3512 176
177 177
179 179
3764 180
2698 182
475 183
2254 186
189 189
191 191
6740 193
2724 194
2392 195
197 197
3043 200
650 203
1043 204
3032 206
820 207
966 209
210 210
1555 212
485 213
214 214
215 215
217 217
1539 218
3215 219
220 220
5031 222
2714 224
225 225
226 226
2383 229
759 230
231 231
910 234
3017 235
3241 236
2919 244
245 245
246 246
4102 248
249 249
3409 250
2040 251
252 252
253 253
3626 254
255 255
256 256
6174 257
258 258
2304 259
260 260
336 262
1485 264
4619 265
624 266
269 269
270 270
271 271
5000 274
1612 275
276 276
2481 277
279 279
282 282
764 288
289 289
3339 293
294 294
295 295
296 296
2422 298
2418 299
300 300
1120 301
302 302
3163 306
969 307
309 309
3160 311
312 312
1633 313
61 314
315 315
2127 316
447 318
321 321
322 322
323 323
325 325
3853 326
327 327
330 330
3135 334
5180 335
2376 336
338 338
1916 342
769 346
347 347
348 348
351 351
354 354
3067 355
356 356
4726 357
3468 358
1030 361
2676 367
368 368
5016 369
3095 370
1098 372
2532 373
374 374
376 376
377 377
380 380
5209 381
834 383
384 384
1218 385
863 386
2217 388
820 389
390 390
798 391
487 392
1131 393
165 395
396 396
3278 397
2056 398
401 401
844 406
407 407
408 408
409 409
410 410
415 415
6759 416
3198 418
963 419
421 421
423 423
1801 428
429 429
432 432
435 435
503 437
5684 438
439 439
6758 440
3347 441
2846 442
3208 443
171 444
941 446
3203 447
448 448
786 450
1732 454
1425 455
456 456
1145 457
987 459
2726 460
3131 462
1251 463
464 464
468 468
767 471
472 472
3470 477
1120 478
2422 479
98 481
1407 482
1413 486
487 487
1938 488
490 490
492 492
647 493
59 497
3055 500
503 503
505 505
507 507
2060 508
1436 509
822 511
512 512
6079 516
180 520
1728 521
3301 522
3135 523
524 524
1732 525
529 529
2800 531
1980 532
533 533
537 537
538 538
2081 539
540 540
544 544
2009 547
2205 549
550 550
3056 552
556 556
557 557
558 558
560 560
573 562
178 564
5184 568
570 570
543 573
5259 576
578 578
3648 580
3110 584
585 585
586 586
587 587
1865 588
1214 589
5520 590
591 591
3646 597
598 598
4234 601
603 603
2198 604
979 605
979 606
607 607
608 608
610 610
4436 615
895 620
621 621
3541 624
101 625
11 628
632 632
633 633
636 636
640 640
1711 641
2332 642
3522 643
356 644
5083 645
2186 647
648 648
834 651
652 652
3032 653
1682 655
638 657
658 658
659 659
1787 661
3255 663
253 666
738 667
1504 668
669 669
671 671
674 674
6614 675
676 676
761 678
2640 681
1385 682
1771 690
2000 692
693 693
3163 694
2401 696
2846 697
2085 698
699 699
3287 700
978 701
704 704
705 705
192 708
339 709
3694 713
3182 716
718 718
721 721
723 723
726 726
3265 728
730 730
6698 731
732 732
3466 736
1427 737
738 738
2137 739
741 741
742 742
1496 743
5083 745
1436 746
750 750
2453 751
754 754
760 760
761 761
2460 762
2283 763
764 764
771 771
6129 772
773 773
280 774
776 776
1460 777
778 778
681 779
782 782
783 783
787 787
788 788
6735 789
791 791
1973 795
3344 796
862 797
12 798
137 799
135 804
805 805
627 806
808 808
2032 810
496 813
815 815
3240 816
818 818
83 821
823 823
451 824
830 830
831 831
1261 835
2910 836
839 839
1420 840
842 842
845 845
846 846
2179 854
2289 857
858 858
860 860
863 863
2957 865
4490 868
1615 869
873 873
1480 874
875 875
6710 879
1524 880
881 881
1087 882
884 884
3095 887
891 891
6320 894
895 895
1338 896
897 897
2447 898
900 900
901 901
902 902
903 903
904 904
905 905
525 906
746 909
342 911
912 912
2388 913
914 914
916 916
919 919
923 923
924 924
926 926
1277 928
930 930
932 932
933 933
2085 934
936 936
1539 939
943 943
944 944
70 945
3220 951
5007 952
955 955
1332 956
657 957
958 958
1249 959
1168 961
482 964
5600 965
968 968
970 970
3940 971
1871 972
171 973
975 975
6299 976
6781 977
978 978
2639 981
987 987
988 988
500 989
2217 992
993 993
171 994
995 995
996 996
1000 1000
5844 1001
1004 1004
1438 1005
2817 1006
70 1007
657 1008
1010 1010
526 1011
1014 1014
3031 1015
729 1017
1023 1023
1025 1025
1027 1027
1096 1029
1033 1033
11 1034
5885 1036
1037 1037
2879 1039
1278 1041
671 1043
1044 1044
1045 1045
1046 1046
1645 1050
2381 1051
1845 1053
2216 1056
3541 1058
4080 1060
2602 1062
1027 1063
1064 1064
1069 1069
2393 1070
1071 1071
4604 1073
403 1074
566 1075
2816 1076
887 1077
1902 1081
4520 1083
1028 1086
848 1087
3599 1088
1090 1090
1091 1091
228 1092
2805 1093
1098 1098
455 1099
1092 1100
3376 1101
2212 1102
1103 1103
1012 1104
1108 1108
356 1111
1112 1112
1113 1113
812 1119
1121 1121
3850 1122
1280 1123
1125 1125
1520 1128
1129 1129
3100 1131
2015 1132
1133 1133
2274 1135
1136 1136
1137 1137
3411 1138
1140 1140
6478 1144
1145 1145
1147 1147
1691 1148
1259 1149
1320 1150
2418 1151
908 1152
1153 1153
892 1161
1163 1163
1164 1164
1167 1167
1168 1168
1169 1169
1170 1170
2972 1173
221 1174
1397 1175
163 1178
2679 1179
1184 1184
4807 1185
1803 1186
1188 1188
1732 1189
1190 1190
583 1193
1197 1197
1090 1201
1202 1202
1203 1203
834 1210
1236 1214
83 1215
3539 1218
1220 1220
3227 1222
671 1226
1227 1227
3463 1228
1500 1229
1221 1230
2376 1234
2170 1235
886 1238
88 1239
1243 1243
2218 1244
1199 1250
1251 1251
3370 1252
1255 1255
3573 1256
3509 1257
1258 1258
3956 1260
4449 1264
1265 1265
3470 1266
2451 1268
1270 1270
1102 1272
1275 1275
1277 1277
1279 1279
1280 1280
1281 1281
280 1282
2887 1284
2198 1286
1289 1289
1291 1291
1292 1292
1293 1293
484 1294
2410 1296
3151 1297
1299 1299
1394 1301
882 1302
2245 1304
307 1306
393 1310
1311 1311
5231 1312
119 1313
1266 1318
1362 1320
638 1321
5906 1322
1323 1323
1327 1327
2461 1331
1334 1334
171 1335
1923 1336
1632 1339
1923 1341
1342 1342
297 1343
3943 1345
2050 1346
2218 1347
3479 1349
4041 1352
1353 1353
1355 1355
1356 1356
1358 1358
1359 1359
4205 1361
1397 1362
1363 1363
1287 1365
3484 1366
3574 1367
1368 1368
1369 1369
2261 1370
3535 1372
1000 1374
1486 1377
1379 1379
306 1381
1837 1386
1387 1387
272 1389
1390 1390
1393 1393
1383 1396
641 1397
998 1398
171 1401
1402 1402
1516 1403
1491 1405
1011 1408
1409 1409
1417 1417
1418 1418
1007 1420
1421 1421
1422 1422
2532 1423
6174 1425
1539 1431
4247 1433
643 1436
418 1437
3785 1440
246 1447
496 1448
1449 1449
2415 1452
1454 1454
1461 1461
6691 1462
1165 1463
814 1466
2213 1468
2658 1474
1763 1476
1478 1478
761 1479
3985 1480
1481 1481
2907 1483
4604 1484
850 1486
5499 1487
1268 1489
1490 1490
950 1493
1979 1494
1496 1496
1497 1497
1498 1498
1499 1499
973 1501
1503 1503
854 1504
1505 1505
1506 1506
935 1507
871 1509
1866 1510
2453 1512
170 1513
1515 1515
784 1523
3325 1525
1526 1526
2487 1527
6310 1529
2451 1532
2111 1533
1534 1534
1535 1535
1537 1537
1367 1538
5344 1539
1541 1541
1545 1545
1546 1546
1046 1550
3167 1553
1556 1556
6467 1557
1559 1559
3209 1560
1561 1561
6647 1563
2553 1564
862 1566
1567 1567
1568 1568
1570 1570
1101 1572
1573 1573
1972 1575
1576 1576
1578 1578
1579 1579
433 1581
459 1584
1585 1585
1587 1587
1588 1588
1679 1589
1591 1591
1877 1592
1593 1593
2886 1594
2318 1598
1600 1600
1601 1601
3220 1604
2023 1605
3220 1606
3619 1607
1608 1608
1609 1609
1611 1611
366 1613
1614 1614
2137 1615
1284 1617
1619 1619
1365 1620
2217 1623
1625 1625
3258 1626
1628 1628
201 1630
1395 1633
1634 1634
1638 1638
3408 1639
2187 1642
1882 1643
2198 1644
1646 1646
1559 1647
1649 1649
3601 1652
2793 1653
1174 1654
2630 1655
1657 1657
3053 1658
1660 1660
1661 1661
3445 1665
3208 1666
3158 1667
1602 1668
1669 1669
1674 1674
1677 1677
1742 1679
1681 1681
2562 1682
1684 1684
1687 1687
3397 1688
1689 1689
2970 1691
48 1694
5007 1699
1700 1700
477 1701
1704 1704
2127 1705
3541 1706
1571 1708
1709 1709
1712 1712
1717 1717
1720 1720
4716 1721
3215 1723
3953 1724
2248 1728
1730 1730
1189 1732
1782 1734
4265 1735
1737 1737
2019 1739
1741 1741
854 1742
220 1745
1748 1748
1749 1749
4749 1751
6028 1752
1753 1753
1755 1755
6207 1756
1758 1758
2538 1759
1760 1760
1761 1761
3061 1762
1338 1764
1766 1766
1467 1775
3532 1776
1778 1778
1780 1780
6634 1781
1782 1782
2716 1786
1787 1787
1788 1788
3603 1790
1795 1795
1796 1796
1798 1798
1866 1802
3160 1803
1095 1804
2899 1806
2345 1807
3028 1811
2420 1812
2841 1813
1814 1814
1006 1815
1711 1817
5791 1820
1821 1821
1823 1823
1824 1824
502 1826
1083 1828
1859 1829
1831 1831
1832 1832
1833 1833
2973 1835
1923 1836
946 1837
1838 1838
3416 1841
1843 1843
2549 1845
2217 1848
2306 1849
1850 1850
1853 1853
1855 1855
1856 1856
1036 1857
1860 1860
2658 1861
1862 1862
1863 1863
1864 1864
6782 1865
1867 1867
683 1868
14 1871
3084 1873
1874 1874
1875 1875
1876 1876
1644 1877
1878 1878
1880 1880
412 1883
3275 1885
1886 1886
5695 1887
2283 1895
1904 1904
1907 1907
2960 1914
1491 1915
1456 1916
2704 1917
1918 1918
3148 1919
762 1922
1924 1924
3543 1925
2188 1926
2762 1928
3164 1929
1240 1932
1933 1933
1466 1935
2956 1936
1937 1937
1938 1938
1939 1939
1940 1940
1942 1942
1943 1943
2726 1948
1949 1949
6515 1950
4379 1951
2673 1952
3819 1955
906 1960
112 1962
6129 1963
1405 1964
882 1966
1968 1968
3220 1971
671 1972
1923 1975
1976 1976
1977 1977
6416 1978
306 1980
671 1981
1983 1983
1984 1984
736 1987
1467 1989
1992 1992
1993 1993
3436 1994
2503 1995
2000 2000
3304 2001
1282 2002
2737 2003
1484 2004
1334 2005
4102 2006
2007 2007
2453 2008
2011 2011
4445 2012
3363 2013
537 2014
1171 2015
1499 2017
2018 2018
1711 2019
3536 2021
2022 2022
5638 2024
5259 2027
2030 2030
2031 2031
1607 2033
200 2034
2035 2035
2036 2036
851 2037
1711 2039
3541 2042
2046 2046
3258 2047
1679 2048
657 2050
2042 2051
2052 2052
2443 2055
962 2059
3379 2060
2061 2061
2062 2062
1984 2063
1742 2065
1867 2067
1087 2068
1370 2072
1642 2074
834 2077
2080 2080
2084 2084
2086 2086
2087 2087
2089 2089
2750 2090
3457 2092
2094 2094
2099 2099
2103 2103
2104 2104
6095 2106
2107 2107
2109 2109
2832 2110
2111 2111
2112 2112
11 2117
2118 2118
2127 2121
2124 2124
2127 2127
2840 2128
2129 2129
2130 2130
2127 2131
233 2132
1283 2137
496 2139
438 2140
280 2143
1283 2144
812 2148
2150 2150
769 2151
2152 2152
990 2155
2879 2162
965 2163
2164 2164
2209 2165
2167 2167
6426 2171
2175 2175
2177 2177
2180 2180
2182 2182
815 2184
1394 2185
2186 2186
362 2187
2189 2189
1634 2190
4449 2191
2193 2193
2195 2195
2171 2197
1644 2198
2199 2199
885 2200
3200 2202
2204 2204
2854 2205
308 2206
1215 2208
2210 2210
3240 2211
2868 2212
2213 2213
2214 2214
2215 2215
2216 2216
2066 2217
2026 2218
2220 2220
2221 2221
2450 2222
301 2223
2151 2224
4830 2225
2230 2230
2231 2231
504 2232
2239 2239
2453 2242
2244 2244
3219 2246
2250 2250
2659 2251
2252 2252
4805 2253
2254 2254
2255 2255
2256 2256
6112 2258
1141 2259
2726 2260
2288 2261
6129 2262
1585 2263
6174 2265
2025 2266
23 2268
95 2269
2272 2272
2274 2274
3648 2275
2685 2276
2278 2278
2279 2279
1754 2280
2970 2281
2282 2282
2821 2284
439 2285
2286 2286
895 2287
957 2288
2289 2289
5333 2292
3561 2293
2294 2294
2295 2295
2296 2296
2297 2297
2729 2300
5230 2301
2302 2302
1875 2303
2305 2305
2306 2306
2308 2308
1101 2309
2311 2311
761 2315
2316 2316
2523 2317
2318 2318
2321 2321
2324 2324
3261 2325
2330 2330
1770 2331
419 2334
3735 2335
2750 2337
1133 2338
2340 2340
2342 2342
3258 2343
1426 2344
5632 2346
2348 2348
2054 2349
2351 2351
2352 2352
1845 2353
144 2354
1239 2357
2414 2358
1278 2360
3032 2361
3278 2363
2907 2365
4381 2369
344 2370
2375 2375
2377 2377
2378 2378
588 2380
2381 2381
2385 2385
675 2386
2388 2388
2389 2389
2012 2390
6084 2392
2393 2393
2395 2395
2397 2397
2400 2400
2401 2401
3413 2402
1791 2403
1074 2404
2170 2405
3370 2406
2407 2407
1109 2411
942 2412
1284 2413
2415 2415
1555 2417
3016 2418
2451 2420
2421 2421
2425 2425
2427 2427
2431 2431
2432 2432
5968 2433
2435 2435
3288 2437
5171 2439
2244 2440
3323 2441
2902 2443
2444 2444
2448 2448
2449 2449
83 2450
362 2453
4080 2455
2457 2457
4346 2458
5864 2460
2463 2463
1225 2464
2467 2467
2468 2468
2470 2470
2471 2471
1127 2474
2475 2475
1032 2477
2603 2478
2480 2480
2066 2481
3605 2483
2117 2488
2490 2490
1678 2492
2493 2493
2497 2497
2499 2499
2500 2500
2708 2503
1017 2505
2506 2506
645 2507
2511 2511
2657 2513
2514 2514
2516 2516
2517 2517
2519 2519
2523 2523
2730 2524
2287 2526
2192 2527
2534 2534
2536 2536
2537 2537
2541 2541
2543 2543
2544 2544
6124 2546
439 2549
2558 2558
2560 2560
719 2562
3138 2563
906 2564
2565 2565
2566 2566
2567 2567
42 2571
2572 2572
2576 2576
3512 2580
2588 2588
3507 2593
75 2594
2596 2596
2598 2598
2821 2599
2600 2600
2110 2604
2453 2605
781 2608
2868 2611
3202 2612
2613 2613
1916 2614
3119 2615
1599 2618
2623 2623
2624 2624
2245 2627
2630 2630
2633 2633
6439 2635
2636 2636
2453 2638
2639 2639
1742 2640
2127 2641
1639 2642
2643 2643
487 2644
2825 2645
2646 2646
984 2649
769 2651
2652 2652
336 2653
2740 2656
2662 2662
2663 2663
3396 2666
1902 2668
265 2672
2674 2674
2676 2676
2677 2677
1911 2682
2684 2684
2685 2685
2686 2686
3046 2687
2528 2691
861 2692
2787 2695
3541 2696
212 2697
3657 2698
3657 2699
2700 2700
2701 2701
156 2702
2703 2703
11 2704
2707 2707
4411 2709
2713 2713
2715 2715
2550 2716
2718 2718
2719 2719
2722 2722
942 2724
2727 2727
2728 2728
2731 2731
597 2735
272 2736
5332 2739
421 2740
2743 2743
2616 2744
3093 2745
2746 2746
3016 2748
5218 2749
2670 2752
3254 2753
1949 2756
305 2760
1111 2762
2733 2765
878 2768
5123 2771
4350 2773
4160 2774
2775 2775
2780 2780
2359 2781
2783 2783
2912 2786
2787 2787
2604 2788
2791 2791
3484 2792
3201 2793
4791 2794
2795 2795
2797 2797
1466 2799
3541 2802
2803 2803
308 2804
2808 2808
1913 2809
2811 2811
2000 2813
2815 2815
2816 2816
2817 2817
4503 2819
4280 2820
3600 2821
2822 2822
625 2824
2825 2825
2826 2826
2829 2829
2831 2831
2833 2833
5623 2839
2840 2840
2844 2844
2845 2845
2846 2846
3388 2848
1868 2850
2853 2853
2855 2855
1440 2856
2858 2858
2109 2861
2865 2865
2868 2868
2873 2873
2877 2877
2960 2878
1771 2879
2881 2881
1436 2882
1436 2883
2884 2884
2886 2886
2889 2889
3943 2890
616 2891
2892 2892
2895 2895
2897 2897
2898 2898
567 2899
2298 2902
2846 2903
2833 2904
2052 2905
3003 2906
1006 2908
3009 2909
2910 2910
2912 2912
2913 2913
1259 2917
2926 2926
1498 2927
2929 2929
2932 2932
1501 2935
1923 2936
4080 2937
3135 2939
2942 2942
2627 2943
2726 2944
2949 2949
805 2950
3200 2951
6055 2955
2556 2957
1609 2960
2198 2961
2962 2962
3541 2964
2966 2966
387 2967
239 2968
1777 2970
2971 2971
1162 2972
2973 2973
6229 2975
2977 2977
3755 2980
1905 2986
3648 2988
2989 2989
1436 2990
3000 2992
5330 2993
2994 2994
3000 3000
3001 3001
1729 3002
3003 3003
3004 3004
3006 3006
3457 3007
199 3009
3012 3012
3014 3014
156 3016
1329 3018
407 3020
3023 3023
3026 3026
3029 3029
1308 3033
3036 3036
3037 3037
3039 3039
3043 3043
3045 3045
158 3046
1232 3047
3050 3050
4449 3053
3056 3056
4147 3057
822 3058
319 3061
3062 3062
3063 3063
3067 3067
5357 3068
2062 3069
3073 3073
2427 3074
3076 3076
3078 3078
3401 3082
357 3083
6608 3084
3088 3088
3090 3090
2364 3091
3094 3094
3098 3098
1478 3099
1614 3101
2724 3102
3131 3104
3548 3106
3107 3107
3108 3108
3109 3109
2156 3111
3112 3112
3115 3115
3116 3116
3120 3120
3121 3121
1070 3123
764 3124
3125 3125
3129 3129
3130 3130
3135 3135
919 3136
3137 3137
1006 3139
3142 3142
2145 3143
3144 3144
11 3145
3548 3147
2596 3148
2667 3149
3150 3150
805 3152
2453 3154
3155 3155
1308 3157
2912 3159
3294 3161
3004 3162
2418 3164
3506 3165
3168 3168
3169 3169
5913 3171
2817 3172
2787 3173
1993 3176
3177 3177
1919 3178
5548 3179
2515 3180
1701 3181
3182 3182
3183 3183
3541 3184
4588 3186
1436 3187
3099 3188
3190 3190
2750 3191
3194 3194
3195 3195
3196 3196
3198 3198
3200 3200
3201 3201
3255 3203
3204 3204
3207 3207
3532 3214
3216 3216
3646 3218
3219 3219
2042 3220
2702 3221
3223 3223
4687 3224
3225 3225
3651 3227
3228 3228
3442 3229
3304 3230
3545 3231
1086 3232
3233 3233
3234 3234
3235 3235
3237 3237
3399 3238
3216 3239
3575 3241
3243 3243
3246 3246
3249 3249
3250 3250
3251 3251
3252 3252
3667 3253
3255 3255
3532 3257
3638 3259
2919 3264
3522 3265
3266 3266
1565 3268
3269 3269
363 3270
1003 3272
3274 3274
3275 3275
3442 3277
3401 3278
3281 3281
3283 3283
3508 3284
3603 3285
3485 3289
3764 3290
3297 3297
3605 3299
3292 3300
3327 3301
883 3308
2600 3310
477 3312
3344 3314
3501 3315
3316 3316
3317 3317
3318 3318
815 3320
4318 3322
6841 3323
1533 3324
3325 3325
1735 3326
3574 3328
3507 3330
3333 3333
3334 3334
3335 3335
3577 3337
3338 3338
2298 3339
3340 3340
3331 3343
3344 3344
3646 3346
3436 3347
3348 3348
3349 3349
3111 3350
3455 3351
1218 3352
537 3354
440 3355
3220 3356
3358 3358
2519 3359
3590 3360
3361 3361
3362 3362
3365 3365
3367 3367
3368 3368
3432 3369
1298 3370
3371 3371
3372 3372
3373 3373
3512 3374
3376 3376
186 3377
3361 3380
1681 3381
3644 3382
3238 3384
3385 3385
3386 3386
3590 3387
3388 3388
3389 3389
3391 3391
3393 3393
3394 3394
3354 3395
3609 3396
3344 3397
1349 3399
3058 3400
3401 3401
580 3404
3407 3407
3519 3408
1916 3411
3413 3413
3415 3415
3417 3417
3553 3418
6061 3419
3277 3420
3409 3422
3423 3423
1513 3427
1899 3428
3469 3429
2248 3430
3620 3431
3561 3433
3436 3436
3437 3437
3439 3439
3626 3441
3442 3442
743 3444
3445 3445
3447 3447
3449 3449
3323 3452
3555 3453
3348 3456
3609 3457
3460 3460
919 3461
886 3462
3603 3467
813 3468
3627 3469
3441 3470
798 3471
2698 3472
170 3473
3051 3475
2298 3478
3620 3479
1247 3480
1394 3481
3462 3483
3469 3484
3493 3493
3573 3494
3495 3495
3605 3496
3497 3497
2959 3498
3499 3499
3500 3500
3394 3501
3502 3502
3511 3511
3599 3512
728 3513
2903 3516
3517 3517
3518 3518
3521 3521
3633 3523
3530 3530
6291 3531
3553 3533
4280 3534
3322 3535
3541 3536
1701 3537
3143 3538
3111 3539
1617 3540
3541 3541
3543 3543
3547 3547
3548 3548
743 3549
3552 3552
342 3553
3554 3554
822 3555
3603 3557
3560 3560
2217 3564
1502 3565
3566 3566
1841 3567
3568 3568
4381 3570
3571 3571
3573 3573
2556 3574
3409 3575
3576 3576
4234 3577
5297 3578
3579 3579
3584 3584
3590 3590
3571 3592
1991 3594
3233 3595
3284 3596
3599 3599
3601 3601
3602 3602
4671 3605
3620 3606
3590 3608
3457 3609
3413 3612
3613 3613
3616 3616
3620 3620
3621 3621
3519 3623
3626 3626
2195 3627
3628 3628
3629 3629
3633 3633
3634 3634
4671 3635
3411 3636
3637 3637
3638 3638
3667 3640
3301 3641
2580 3642
3643 3643
1091 3646
3549 3647
3648 3648
3618 3649
3650 3650
3653 3653
3512 3654
3288 3656
3470 3658
3411 3661
6434 3664
3667 3667
3574 3668
254 3669
3261 3670
2787 3671
3672 3672
6410 3679
6026 3680
3682 3682
3683 3683
3685 3685
3687 3687
3688 3688
3690 3690
3691 3691
6771 3692
3541 3693
3694 3694
3695 3695
6266 3696
6764 3697
3702 3702
3703 3703
3705 3705
3706 3706
4604 3707
1436 3711
1079 3715
2910 3716
3842 3717
3718 3718
3723 3723
5331 3725
5034 3726
6499 3727
3728 3728
5506 3733
6231 3734
3735 3735
5412 3737
3738 3738
3740 3740
5545 3742
3161 3743
5961 3746
3774 3749
717 3752
3753 3753
6033 3756
3757 3757
3878 3758
3380 3759
4825 3762
342 3764
3766 3766
6375 3769
4812 3772
3773 3773
2084 3774
4663 3776
3777 3777
6430 3779
2726 3780
3781 3781
3782 3782
5608 3784
5548 3788
3789 3789
5357 3791
863 3792
3795 3795
3798 3798
3799 3799
4724 3801
4515 3805
6175 3806
6813 3807
5086 3808
3810 3810
1455 3811
3812 3812
3813 3813
4200 3814
6367 3815
3818 3818
6651 3819
3821 3821
3823 3823
3824 3824
1287 3825
3826 3826
2889 3828
3829 3829
3833 3833
5833 3834
798 3835
2248 3839
3840 3840
3843 3843
6741 3844
4439 3847
6117 3850
3854 3854
3855 3855
3856 3856
419 3859
3861 3861
5319 3863
3864 3864
3816 3866
3868 3868
3870 3870
467 3873
5637 3877
3878 3878
3881 3881
6115 3882
3883 3883
3884 3884
2809 3886
3888 3888
5872 3889
6333 3890
3892 3892
2821 3894
3899 3899
3900 3900
2012 3902
4196 3903
3906 3906
6169 3909
3910 3910
641 3913
2760 3914
3531 3916
5272 3923
3870 3925
3926 3926
2975 3927
3930 3930
5857 3931
3932 3932
6361 3938
2159 3940
3941 3941
933 3942
39 3943
3944 3944
6072 3947
3949 3949
5019 3950
1311 3951
3953 3953
3954 3954
3955 3955
6620 3958
593 3959
3962 3962
995 3963
2331 3964
5478 3966
3967 3967
1899 3969
2481 3970
2749 3971
5432 3975
3978 3978
3979 3979
6327 3980
3735 3981
6779 3982
4389 3984
3985 3985
3171 3987
3990 3990
3991 3991
5777 3995
2460 3998
3921 4000
6136 4001
4003 4003
1887 4004
4005 4005
4006 4006
6132 4011
4012 4012
4013 4013
4791 4014
4015 4015
6708 4017
4018 4018
4019 4019
4021 4021
3910 4022
980 4026
5511 4027
4028 4028
940 4029
4032 4032
2998 4033
5976 4034
4035 4035
4036 4036
4037 4037
4039 4039
1614 4040
4042 4042
3220 4043
4045 4045
4048 4048
4050 4050
4490 4052
4058 4058
4200 4059
5552 4061
4066 4066
1184 4067
5382 4068
3980 4070
4071 4071
4074 4074
4076 4076
4077 4077
4082 4082
4083 4083
4084 4084
719 4085
4087 4087
4080 4088
4091 4091
4093 4093
1099 4094
1079 4098
4101 4101
471 4104
6359 4105
6492 4106
3485 4107
3963 4108
5143 4109
4110 4110
4114 4114
2708 4115
4116 4116
4117 4117
5643 4118
4119 4119
4123 4123
4124 4124
4125 4125
529 4128
2191 4131
6377 4132
1063 4133
4134 4134
6544 4138
171 4139
235 4143
1498 4147
4148 4148
4149 4149
4843 4150
4153 4153
4155 4155
4156 4156
4157 4157
4158 4158
4161 4161
4163 4163
6488 4165
4166 4166
4168 4168
3735 4169
4170 4170
6328 4171
2878 4172
4177 4177
5629 4178
4111 4179
5087 4180
4186 4186
4187 4187
5039 4188
4192 4192
3875 4194
4198 4198
4201 4201
4202 4202
4206 4206
5547 4207
1057 4208
4210 4210
5910 4211
4868 4213
4671 4214
4210 4217
5165 4219
3053 4223
4224 4224
4225 4225
4226 4226
4227 4227
1279 4229
4230 4230
3677 4233
4234 4234
4237 4237
4238 4238
4240 4240
4241 4241
4242 4242
1603 4244
1074 4246
1929 4247
4248 4248
1425 4249
4832 4250
4251 4251
5696 4254
4257 4257
4258 4258
4061 4259
4262 4262
496 4263
4264 4264
3202 4265
4267 4267
1163 4268
4270 4270
5172 4271
4277 4277
3255 4278
1308 4281
4282 4282
4284 4284
3894 4287
6652 4288
1148 4289
4290 4290
4291 4291
4293 4293
4294 4294
5554 4298
4299 4299
4300 4300
4080 4301
4302 4302
281 4303
5520 4304
4305 4305
4101 4308
4310 4310
988 4311
1602 4313
6505 4314
5910 4320
4321 4321
3016 4322
4675 4324
6668 4325
3050 4326
331 4327
4328 4328
4180 4329
4331 4331
1330 4332
4333 4333
4334 4334
4335 4335
4337 4337
5906 4339
4340 4340
5395 4343
1279 4346
4354 4354
6702 4355
3411 4362
5833 4364
5861 4365
2054 4367
4350 4369
2211 4371
4377 4377
3478 4378
6762 4379
625 4380
4381 4381
1082 4384
4387 4387
6242 4388
4389 4389
4391 4391
4392 4392
6103 4393
5273 4395
4396 4396
4199 4399
3976 4401
5516 4404
4405 4405
684 4409
2461 4411
5899 4412
4413 4413
1228 4414
6320 4415
4417 4417
5498 4418
6472 4419
4424 4424
4425 4425
3663 4427
443 4430
4431 4431
4433 4433
2909 4434
6696 4435
4436 4436
2069 4439
6215 4441
4443 4443
3046 4445
5486 4446
4449 4449
1899 4450
3541 4451
5724 4452
4454 4454
4693 4455
758 4457
4458 4458
4461 4461
6243 4463
1828 4464
4467 4467
5777 4468
6626 4469
4470 4470
3424 4474
2825 4476
4478 4478
4481 4481
3008 4482
4960 4483
4109 4484
4486 4486
4488 4488
4489 4489
4490 4490
4970 4492
4493 4493
4494 4494
5138 4495
4502 4502
4503 4503
4156 4506
5629 4510
6842 4515
3076 4517
4080 4518
5984 4525
919 4527
4528 4528
4245 4531
6762 4533
1537 4534
471 4535
4537 4537
4538 4538
1547 4540
3541 4542
4543 4543
4545 4545
4546 4546
5098 4547
3290 4549
4550 4550
4552 4552
4245 4555
1860 4556
5461 4558
4819 4559
4562 4562
4564 4564
1158 4567
4568 4568
3270 4569
4571 4571
4573 4573
3110 4574
1102 4576
5528 4577
1149 4580
4582 4582
4435 4585
4586 4586
4312 4589
3815 4590
4593 4593
4597 4597
5687 4598
872 4601
4604 4604
2570 4605
4606 4606
4607 4607
5544 4610
3223 4611
6007 4612
4331 4613
3677 4616
1239 4620
4623 4623
1099 4624
5322 4625
4628 4628
4631 4631
3814 4632
4634 4634
4637 4637
4639 4639
4641 4641
4773 4642
6776 4643
4644 4644
6371 4645
6293 4647
4648 4648
4650 4650
6555 4656
3878 4657
2091 4658
4663 4663
4664 4664
3721 4668
1857 4669
6511 4670
4672 4672
4677 4677
5531 4679
4120 4680
4928 4681
4682 4682
4683 4683
4685 4685
654 4687
4688 4688
4689 4689
4696 4696
2112 4707
6302 4710
4711 4711
4712 4712
4713 4713
4714 4714
189 4716
6736 4721
5093 4723
4724 4724
4725 4725
4917 4727
6041 4728
4729 4729
4730 4730
4379 4731
458 4732
4734 4734
4736 4736
4737 4737
4738 4738
3412 4739
4740 4740
4744 4744
2355 4745
4746 4746
4747 4747
4752 4752
4754 4754
1932 4756
4757 4757
4708 4759
3507 4760
4762 4762
4763 4763
4764 4764
4770 4770
1179 4774
332 4779
4130 4781
4788 4788
4790 4790
4793 4793
4794 4794
2420 4795
4797 4797
4799 4799
3220 4800
2686 4802
4804 4804
3471 4807
4808 4808
2205 4810
4645 4811
3288 4812
4814 4814
6359 4816
4820 4820
1559 4824
6483 4825
4827 4827
6110 4828
439 4829
4830 4830
4831 4831
1079 4834
4003 4835
4836 4836
4837 4837
4882 4838
4839 4839
6871 4840
4846 4846
4899 4848
4849 4849
3067 4850
331 4851
5603 4852
4856 4856
3220 4857
6168 4858
1882 4862
4863 4863
3182 4865
4868 4868
5663 4870
6437 4871
4873 4873
4874 4874
503 4875
5614 4877
4878 4878
4881 4881
4889 4889
4892 4892
3911 4894
4899 4899
4901 4901
3076 4903
738 4905
4907 4907
4909 4909
4910 4910
4808 4911
4912 4912
4915 4915
4916 4916
4917 4917
6294 4918
3468 4919
4922 4922
331 4923
216 4925
4857 4926
6200 4927
4928 4928
5244 4929
4930 4930
4932 4932
4934 4934
4935 4935
4936 4936
6764 4938
5148 4939
2107 4940
4941 4941
4256 4942
4114 4943
4508 4945
6478 4947
6376 4948
4950 4950
4951 4951
4508 4952
4953 4953
3478 4954
4956 4956
4958 4958
6416 4960
4961 4961
4962 4962
4963 4963
4966 4966
4968 4968
6532 4969
3287 4970
820 4971
4975 4975
4976 4976
2787 4977
4978 4978
4982 4982
4840 4984
6085 4985
4986 4986
4987 4987
4989 4989
4991 4991
4992 4992
5216 4996
4997 4997
6702 4998
5086 5000
6270 5004
5005 5005
1175 5008
5009 5009
2928 5015
5396 5016
2211 5019
5020 5020
511 5023
5027 5027
5028 5028
2204 5034
5036 5036
5037 5037
5039 5039
471 5040
3016 5042
5043 5043
5045 5045
5050 5050
5056 5056
5058 5058
5059 5059
5984 5066
5067 5067
3661 5068
5069 5069
1308 5070
5072 5072
5073 5073
5074 5074
5075 5075
5078 5078
5079 5079
5080 5080
5081 5081
5083 5083
5084 5084
5934 5085
5086 5086
5090 5090
761 5091
2867 5092
4854 5093
6209 5097
5100 5100
5101 5101
4501 5103
5199 5104
5107 5107
5117 5108
5110 5110
3677 5111
5264 5112
5113 5113
5167 5117
5120 5120
5122 5122
718 5123
5125 5125
6838 5126
5128 5128
5130 5130
5136 5136
4708 5137
5138 5138
11 5140
5141 5141
1754 5143
3974 5147
4735 5148
873 5150
5152 5152
5153 5153
5156 5156
5157 5157
5158 5158
5838 5159
4901 5160
1684 5164
6488 5165
2990 5173
6721 5174
6265 5175
4413 5176
5178 5178
5179 5179
1215 5180
6756 5182
5186 5186
5937 5187
5188 5188
5189 5189
4473 5191
5192 5192
419 5194
4190 5195
5196 5196
5197 5197
5198 5198
5202 5202
5203 5203
5205 5205
5208 5208
1436 5209
5211 5211
3040 5213
5215 5215
6760 5216
5420 5217
5219 5219
5220 5220
5221 5221
2912 5222
5225 5225
305 5229
472 5231
2062 5232
5233 5233
5781 5235
4766 5236
4687 5239
2218 5246
4490 5248
5249 5249
5251 5251
5190 5253
4475 5254
3809 5255
5256 5256
6702 5257
2218 5260
3093 5262
3938 5263
5265 5265
5266 5266
4783 5268
5269 5269
1923 5278
5281 5281
4162 5283
6278 5285
5287 5287
5838 5288
5290 5290
5291 5291
5292 5292
5297 5297
5298 5298
5819 5299
5300 5300
5303 5303
5304 5304
2504 5307
3569 5308
4413 5316
4953 5322
5634 5323
5324 5324
5327 5327
5331 5331
5332 5332
5138 5333
419 5335
1464 5339
5341 5341
360 5342
5343 5343
5348 5348
5349 5349
5891 5352
5353 5353
4409 5354
6416 5359
1488 5360
3898 5364
5076 5366
5367 5367
5370 5370
6207 5371
5374 5374
6445 5375
5378 5378
5379 5379
5381 5381
6339 5382
5385 5385
5387 5387
3764 5390
4256 5391
5393 5393
3220 5394
5395 5395
5403 5403
5036 5405
5406 5406
5410 5410
5411 5411
5416 5416
6007 5418
3525 5419
1476 5422
3939 5424
5906 5425
4893 5426
3856 5428
1928 5429
1139 5430
4411 5433
5440 5440
871 5441
5443 5443
6434 5445
5447 5447
6226 5449
5452 5452
5453 5453
1742 5454
2254 5455
5910 5456
4080 5457
5458 5458
3414 5463
5464 5464
3677 5467
6081 5470
5472 5472
5475 5475
6608 5478
6541 5479
5483 5483
5486 5486
6645 5488
6327 5489
85 5494
5496 5496
5499 5499
5547 5501
6772 5504
5508 5508
5510 5510
5512 5512
829 5514
5517 5517
1932 5521
5522 5522
5523 5523
5525 5525
5527 5527
5528 5528
3157 5529
6115 5531
5532 5532
229 5533
5534 5534
5535 5535
5536 5536
6205 5537
5538 5538
5539 5539
5540 5540
5541 5541
5542 5542
5543 5543
6447 5545
4381 5548
5549 5549
5551 5551
5553 5553
6341 5563
5567 5567
5569 5569
6735 5570
5486 5571
5572 5572
5906 5574
5579 5579
5581 5581
718 5584
4882 5585
6562 5586
5589 5589
5590 5590
4990 5591
455 5592
5596 5596
6733 5597
3117 5599
5601 5601
2981 5602
5603 5603
6608 5608
5609 5609
5610 5610
5613 5613
5619 5619
640 5624
5625 5625
5627 5627
439 5633
5634 5634
3685 5636
5640 5640
5641 5641
5643 5643
5203 5644
5646 5646
5648 5648
5651 5651
5654 5654
4990 5656
6702 5658
5659 5659
5663 5663
5665 5665
5289 5671
6320 5672
5674 5674
6013 5676
5677 5677
3911 5678
4069 5683
2298 5685
5686 5686
2298 5689
4569 5696
5697 5697
5698 5698
5702 5702
5705 5705
5706 5706
5464 5707
5708 5708
5709 5709
3485 5713
5999 5715
5717 5717
4080 5718
3627 5719
5720 5720
4917 5721
5724 5724
5835 5726
1125 5727
1777 5730
414 5731
1280 5732
1007 5733
1365 5738
5743 5743
6776 5744
5745 5745
5746 5746
1504 5748
3028 5749
5750 5750
5751 5751
6582 5752
5753 5753
342 5756
6158 5758
2263 5760
5762 5762
6764 5766
5767 5767
5768 5768
1607 5769
5707 5773
1128 5775
2453 5776
5777 5777
4092 5778
5780 5780
5782 5782
5783 5783
5785 5785
4726 5786
4406 5788
5791 5791
5799 5799
5800 5800
5801 5801
5802 5802
4726 5803
197 5806
5807 5807
5811 5811
5812 5812
5813 5813
809 5817
5137 5818
1803 5822
5828 5828
5829 5829
5831 5831
5834 5834
6094 5836
4837 5837
5838 5838
4413 5839
5840 5840
5591 5843
5559 5844
5845 5845
2446 5847
5553 5851
5855 5855
5421 5856
6562 5857
3258 5859
995 5862
806 5863
5865 5865
5866 5866
1822 5868
5869 5869
5872 5872
1484 5873
5876 5876
4084 5877
5878 5878
5880 5880
78 5881
6694 5882
78 5883
1929 5885
5886 5886
2543 5888
5890 5890
4080 5892
5897 5897
5899 5899
5901 5901
5902 5902
3488 5903
508 5905
5907 5907
1155 5908
5909 5909
5910 5910
3580 5911
1499 5913
50 5914
5915 5915
448 5919
6877 5920
5923 5923
1852 5924
149 5926
5927 5927
5928 5928
2173 5929
5932 5932
5933 5933
5367 5935
5936 5936
4078 5937
5938 5938
5939 5939
2641 5940
5944 5944
6122 5946
5415 5947
1882 5948
5949 5949
1512 5956
5959 5959
5962 5962
4207 5964
5966 5966
5969 5969
5824 5970
5906 5971
5410 5973
4287 5975
5977 5977
5978 5978
5796 5979
5980 5980
5981 5981
6163 5985
5986 5986
5521 5987
5988 5988
5989 5989
5991 5991
5993 5993
5997 5997
6000 6000
4169 6002
2865 6004
1670 6005
6006 6006
6010 6010
3878 6013
5755 6016
2355 6017
6023 6023
6024 6024
6742 6026
6029 6029
4495 6032
3740 6033
375 6035
3639 6040
6042 6042
6045 6045
6532 6046
5603 6050
3762 6051
3805 6052
6054 6054
6055 6055
6056 6056
6058 6058
6059 6059
3048 6060
6062 6062
6064 6064
4109 6065
2170 6069
6776 6071
6072 6072
6073 6073
6123 6074
6076 6076
6077 6077
2687 6081
6082 6082
6084 6084
6086 6086
1278 6087
4453 6089
6090 6090
812 6092
6095 6095
3636 6096
3131 6104
5438 6105
6107 6107
1564 6109
6110 6110
2245 6115
6117 6117
6119 6119
3920 6120
6124 6124
3411 6125
4501 6126
6130 6130
6136 6136
6139 6139
4432 6141
6142 6142
6143 6143
4378 6145
6147 6147
6194 6151
6154 6154
5461 6156
6157 6157
6159 6159
6160 6160
6161 6161
4796 6162
6163 6163
4426 6166
4901 6168
6170 6170
6172 6172
1070 6173
6175 6175
3541 6176
1429 6177
6179 6179
4706 6184
6185 6185
6187 6187
5536 6189
6191 6191
4882 6194
6196 6196
1739 6198
1228 6199
6200 6200
4745 6205
6207 6207
6713 6209
6859 6210
4381 6211
1920 6213
3605 6219
6224 6224
6225 6225
6227 6227
5511 6230
6231 6231
3053 6233
6237 6237
6238 6238
6240 6240
4515 6241
516 6242
1096 6243
5754 6244
4411 6245
6246 6246
6247 6247
6248 6248
3016 6256
6257 6257
2770 6259
4600 6262
6264 6264
6295 6269
6271 6271
5092 6272
6410 6273
6275 6275
6276 6276
6281 6281
6282 6282
5971 6283
3541 6284
3159 6287
6288 6288
6294 6294
2879 6296
6734 6298
6302 6302
6303 6303
4378 6306
5757 6308
6309 6309
509 6314
6315 6315
6317 6317
6319 6319
4415 6320
6322 6322
6323 6323
6667 6325
6326 6326
6327 6327
3287 6330
6332 6332
6334 6334
5175 6335
6337 6337
6338 6338
5382 6339
6340 6340
6346 6346
6349 6349
763 6350
3287 6351
4277 6353
6026 6355
4123 6356
6357 6357
6842 6358
6360 6360
4172 6361
6363 6363
6365 6365
6368 6368
6370 6370
1505 6372
6373 6373
5367 6375
6376 6376
6383 6383
6388 6388
6389 6389
1025 6396
6094 6397
1007 6398
6402 6402
4193 6404
6406 6406
3458 6408
6410 6410
4858 6411
6415 6415
6418 6418
6423 6423
6696 6425
3927 6426
6428 6428
6429 6429
6431 6431
3809 6435
1837 6436
6437 6437
6438 6438
6735 6439
5317 6442
4100 6443
6444 6444
6446 6446
6449 6449
5984 6451
4882 6453
5264 6457
834 6458
4819 6462
4857 6463
6086 6465
5045 6466
6467 6467
6104 6468
5795 6469
5709 6473
6283 6474
6475 6475
2884 6476
5511 6479
3688 6480
588 6481
6482 6482
5105 6483
4200 6485
6486 6486
5755 6488
6489 6489
5572 6491
3220 6497
212 6498
6499 6499
6502 6502
6507 6507
6508 6508
6509 6509
6367 6511
6512 6512
6513 6513
1425 6514
6516 6516
715 6523
6525 6525
6526 6526
6527 6527
6530 6530
5982 6531
6532 6532
6533 6533
3016 6535
6856 6537
6538 6538
2368 6540
1954 6542
4444 6544
5404 6545
6546 6546
5115 6548
6700 6549
2750 6550
6551 6551
2936 6553
6554 6554
5649 6555
6557 6557
6559 6559
6561 6561
6563 6563
6566 6566
6567 6567
1966 6571
6573 6573
6574 6574
6578 6578
529 6582
3974 6583
6586 6586
6588 6588
5214 6589
6591 6591
5947 6594
6595 6595
4230 6596
6597 6597
6598 6598
6599 6599
6602 6602
6603 6603
6605 6605
6784 6609
6610 6610
1153 6611
2993 6613
5209 6614
6835 6615
4610 6616
6007 6618
5722 6621
5835 6622
6792 6623
2127 6624
2104 6625
6626 6626
6630 6630
6633 6633
6614 6634
4245 6636
6638 6638
6642 6642
6643 6643
6644 6644
2817 6646
4010 6649
6689 6650
6359 6652
2061 6655
5017 6656
872 6658
5810 6659
6660 6660
6662 6662
6663 6663
6666 6666
4948 6667
647 6669
1614 6674
6678 6678
4245 6687
6688 6688
1089 6691
6693 6693
6609 6694
6518 6696
6194 6697
6704 6704
4984 6705
6706 6706
5253 6709
6710 6710
6713 6713
6608 6716
4007 6717
6718 6718
6719 6719
4647 6720
6721 6721
6724 6724
6731 6731
6488 6736
6363 6739
4537 6740
3459 6743
4950 6744
3541 6749
6750 6750
5958 6751
4547 6752
6754 6754
6756 6756
6758 6758
6760 6760
6762 6762
5461 6763
4829 6764
6767 6767
2198 6769
6771 6771
3401 6773
6774 6774
5810 6776
6778 6778
3394 6782
6784 6784
6785 6785
5997 6787
6788 6788
6789 6789
4920 6790
6791 6791
6793 6793
2482 6794
4245 6795
6797 6797
1230 6799
6800 6800
6801 6801
6804 6804
5086 6805
6453 6807
5076 6814
6817 6817
283 6819
2050 6821
6824 6824
1954 6826
59 6828
6830 6830
6832 6832
3541 6836
5395 6838
6839 6839
6842 6842
3815 6843
6844 6844
103 6845
4080 6846
4138 6851
4490 6854
1715 6855
6856 6856
6857 6857
6614 6858
6859 6859
6860 6860
6862 6862
357 6863
6865 6865
6866 6866
6868 6868
4976 6871
6872 6872
6874 6874
2236 6878
1079 6886
6889 6889
