12 12
113 113
359 359
15 15
8 8
112 112
239 239
138 138
111 111
2797 2797
117 117
2811 2811
2793 2793
242 242
2796 2796
2815 2815
2799 2799
17 17
340 340
3629 3629
2818 2818
2817 2817
40 40
343 343
45 45
46 46
3847 3847
3843 3843
245 245
192 192
2783 2783
3530 3530
351 351
82 82
190 190
6257 6257
3633 3633
119 119
26 26
1907 1907
2136 2136
2780 2780
3753 3753
2268 2268
6276 6276
6275 6275
409 409
435 435
227 227
3534 3534
408 408
354 354
81 81
442 442
3531 3531
3739 3739
27 27
6271 6271
3621 3621
70 70
3055 3055
3855 3855
3640 3640
3806 3806
407 407
2140 2140
65 65
3929 3929
3560 3560
64 64
3936 3936
2055 2055
2130 2130
3838 3838
73 73
337 337
3638 3638
3747 3747
3643 3643
3701 3701
2046 2046
109 109
436 436
5602 5602
2795 2795
459 459
157 157
3588 3588
355 355
6267 6267
3925 3925
3576 3576
2127 2127
3620 3620
3788 3788
23 23
3549 3549
5600 5600
2801 2801
3592 3592
6256 6256
36 36
189 189
3053 3053
3554 3554
2129 2129
2798 2798
3637 3637
2177 2177
3543 3543
6249 6249
3793 3793
3649 3649
3823 3823
311 311
51 51
2163 2163
3825 3825
323 323
92 92
312 312
3547 3547
314 314
2135 2135
3933 3933
432 432
2808 2808
438 438
6248 6248
322 322
313 313
315 315
429 429
330 330
3652 3652
94 94
320 320
3634 3634
1905 1905
325 325
6264 6264
29 29
3069 3069
5750 5750
3608 3608
3932 3932
3597 3597
3586 3586
3926 3926
2246 2246
3577 3577
231 231
2178 2178
5460 5460
3829 3829
356 356
5583 5583
3821 3821
2369 2369
3606 3606
2276 2276
5840 5840
439 439
232 232
3579 3579
4 4
1999 1999
5507 5507
3584 3584
2164 2164
2294 2294
2118 2118
2167 2167
3617 3617
2274 2274
321 321
3833 3833
5590 5590
2214 2214
421 421
5511 5511
338 338
2005 2005
3583 3583
5640 5640
3516 3516
2 2
3666 3666
122 122
1993 1993
7 7
5625 5625
3653 3653
2076 2076
100 100
2480 2480
3601 3601
5517 5517
289 289
104 104
128 128
2261 2261
5630 5630
2388 2388
5659 5659
3791 3791
1983 1983
346 346
3604 3604
2378 2378
2124 2124
3566 3566
5445 5445
2052 2052
5536 5536
3565 3565
5580 5580
2385 2385
5636 5636
2367 2367
3517 3517
3570 3570
5458 5458
5837 5837
2377 2377
2292 2292
2482 2482
2499 2499
6238 6238
5829 5829
3613 3613
2173 2173
147 147
2362 2362
2390 2390
3612 3612
2775 2775
2498 2498
235 235
260 260
5708 5708
2497 2497
2395 2395
2011 2011
377 377
5835 5835
380 380
5820 5820
1 1
135 135
5462 5462
5453 5453
2150 2150
2500 2500
415 415
2470 2470
2475 2475
2492 2492
381 381
5838 5838
3568 3568
5844 5844
3567 3567
2357 2357
2365 2365
5839 5839
5512 5512
5825 5825
6231 6231
393 393
3667 3667
2078 2078
5635 5635
2393 2393
5472 5472
3704 3704
5452 5452
376 376
5751 5751
5851 5851
2471 2471
5959 5959
6055 6055
5634 5634
2204 2204
2505 2505
6069 6069
2180 2180
6054 6054
450 450
5932 5932
5627 5627
6056 6056
5823 5823
5834 5834
5522 5522
6059 6059
2267 2267
148 148
2175 2175
5949 5949
2506 2506
5933 5933
5468 5468
158 158
2152 2152
3910 3910
2084 2084
401 401
3163 3163
6235 6235
5966 5966
5939 5939
2027 2027
5746 5746
2238 2238
5637 5637
2081 2081
5641 5641
2030 2030
2221 2221
5523 5523
6077 6077
374 374
2594 2594
5542 5542
507 507
2144 2144
5619 5619
2061 2061
2614 2614
2405 2405
2037 2037
5935 5935
2278 2278
6078 6078
2401 2401
62 62
2616 2616
6045 6045
258 258
485 485
448 448
2067 2067
2600 2600
6064 6064
1778 1778
2588 2588
2280 2280
512 512
2595 2595
5529 5529
2170 2170
511 511
468 468
2631 2631
2601 2601
2220 2220
2613 2613
2602 2602
564 564
369 369
196 196
6084 6084
464 464
469 469
5501 5501
3648 3648
368 368
6082 6082
5938 5938
2239 2239
2240 2240
5489 5489
479 479
567 567
2397 2397
2623 2623
3493 3493
2596 2596
466 466
295 295
5697 5697
2254 2254
2624 2624
576 576
5499 5499
505 505
61 61
5554 5554
3046 3046
2517 2517
2513 2513
2172 2172
2210 2210
2509 2509
478 478
533 533
5528 5528
3647 3647
2516 2516
164 164
500 500
3045 3045
367 367
2627 2627
2255 2255
3672 3672
6083 6083
2086 2086
2507 2507
2629 2629
3706 3706
503 503
5862 5862
205 205
2245 2245
2120 2120
5717 5717
2519 2519
538 538
2636 2636
1766 1766
5539 5539
269 269
6090 6090
165 165
2682 2682
2639 2639
537 537
5497 5497
5978 5978
2018 2018
2685 2685
5677 5677
2092 2092
529 529
2211 2211
220 220
6143 6143
3707 3707
3673 3673
6095 6095
6142 6142
2523 2523
221 221
2515 2515
226 226
2284 2284
515 515
3490 3490
5977 5977
179 179
300 300
3818 3818
518 518
498 498
6130 6130
5983 5983
5706 5706
2553 2553
560 560
199 199
2035 2035
5985 5985
3882 3882
546 546
3906 3906
6029 6029
2216 2216
5981 5981
490 490
178 178
2215 2215
5553 5553
2643 2643
544 544
5742 5742
2441 2441
2342 2342
2282 2282
5980 5980
6147 6147
5979 5979
2112 2112
2457 2457
333 333
559 559
548 548
387 387
550 550
3840 3840
2299 2299
2644 2644
5581 5581
2652 2652
2116 2116
3868 3868
5869 5869
2197 2197
5872 5872
492 492
386 386
5915 5915
2432 2432
2705 2705
2014 2014
225 225
395 395
487 487
5684 5684
3049 3049
545 545
3670 3670
5733 5733
2036 2036
2231 2231
5987 5987
3877 3877
6880 6880
2534 2534
5745 5745
255 255
1988 1988
2675 2675
2558 2558
2544 2544
309 309
3959 3959
2302 2302
2648 2648
3954 3954
2560 2560
5988 5988
2431 2431
2295 2295
296 296
6000 6000
3955 3955
6117 6117
5995 5995
2422 2422
4010 4010
4001 4001
5994 5994
5802 5802
2654 2654
3996 3996
2070 2070
2109 2109
2550 2550
163 163
5239 5239
5679 5679
2676 2676
3867 3867
4052 4052
206 206
3952 3952
2662 2662
390 390
3953 3953
2182 2182
4062 4062
2665 2665
3437 3437
2545 2545
1924 1924
2296 2296
4022 4022
5487 5487
2701 2701
398 398
4071 4071
3708 3708
5991 5991
2456 2456
2573 2573
5446 5446
2671 2671
2449 2449
2427 2427
271 271
3767 3767
5235 5235
6011 6011
2536 2536
5548 5548
2572 2572
2657 2657
2423 2423
2288 2288
5902 5902
6005 6005
5494 5494
4033 4033
5646 5646
2694 2694
5236 5236
2663 2663
5480 5480
4034 4034
5481 5481
2022 2022
3338 3338
5996 5996
4008 4008
3359 3359
4044 4044
6884 6884
2575 2575
3355 3355
3360 3360
3362 3362
2425 2425
6159 6159
3888 3888
5569 5569
6039 6039
2713 2713
298 298
2317 2317
3361 3361
2448 2448
2467 2467
2576 2576
4035 4035
5531 5531
4032 4032
2101 2101
6160 6160
2468 2468
5806 5806
6115 6115
4039 4039
3870 3870
2253 2253
2103 2103
2715 2715
3316 3316
4012 4012
3716 3716
5549 5549
3782 3782
153 153
4006 4006
1925 1925
6116 6116
1927 1927
2754 2754
3358 3358
2464 2464
2326 2326
2465 2465
3892 3892
2308 2308
2429 2429
2235 2235
3781 3781
2435 2435
3694 3694
5532 5532
5447 5447
4036 4036
5709 5709
5484 5484
3365 3365
3785 3785
3346 3346
6024 6024
6119 6119
3307 3307
5232 5232
3979 3979
5765 5765
3280 3280
5778 5778
5807 5807
2444 2444
3340 3340
2344 2344
2348 2348
5663 5663
5550 5550
3439 3439
5567 5567
3981 3981
4018 4018
3717 3717
3281 3281
3366 3366
2305 2305
3691 3691
3275 3275
1928 1928
3267 3267
3368 3368
3229 3229
3228 3228
6162 6162
3273 3273
5882 5882
3269 3269
3278 3278
3274 3274
5796 5796
3255 3255
3372 3372
3225 3225
5388 5388
2733 2733
1919 1919
6168 6168
2104 2104
3695 3695
3442 3442
3682 3682
3373 3373
3445 3445
5609 5609
150 150
6175 6175
5689 5689
252 252
3223 3223
3348 3348
5812 5812
3266 3266
3718 3718
1949 1949
3253 3253
5811 5811
2306 2306
3371 3371
5783 5783
3243 3243
2350 2350
2351 2351
1938 1938
3249 3249
3244 3244
5573 5573
5767 5767
3367 3367
162 162
3213 3213
3443 3443
3683 3683
5897 5897
5740 5740
6161 6161
3305 3305
3421 3421
5794 5794
2722 2722
3237 3237
5910 5910
2324 2324
5813 5813
3251 3251
3447 3447
5775 5775
3349 3349
3254 3254
1929 1929
3810 3810
3407 3407
3302 3302
3246 3246
3766 3766
3219 3219
3330 3330
3405 3405
4807 4807
2286 2286
3241 3241
5387 5387
5801 5801
1932 1932
6163 6163
3444 3444
3207 3207
3452 3452
2206 2206
2355 2355
2727 2727
1727 1727
3204 3204
5922 5922
5393 5393
3238 3238
3329 3329
3417 3417
2352 2352
3380 3380
1586 1586
208 208
3812 3812
399 399
1951 1951
3719 3719
5886 5886
1681 1681
3411 3411
3381 3381
3402 3402
3393 3393
5782 5782
1556 1556
1972 1972
302 302
3333 3333
6838 6838
1937 1937
3414 3414
1311 1311
1620 1620
2762 2762
1588 1588
3399 3399
1611 1611
3429 3429
5705 5705
1700 1700
3326 3326
1618 1618
3335 3335
1712 1712
2763 2763
3392 3392
1940 1940
5929 5929
5410 5410
5881 5881
5385 5385
1628 1628
3759 3759
1554 1554
1939 1939
1958 1958
5702 5702
1738 1738
1561 1561
1677 1677
1619 1619
1625 1625
6195 6195
6193 6193
2718 2718
3431 3431
3242 3242
211 211
2764 2764
6737 6737
6225 6225
5406 5406
6834 6834
1557 1557
210 210
400 400
5879 5879
3201 3201
1656 1656
2318 2318
1942 1942
6832 6832
1709 1709
1741 1741
3465 3465
3423 3423
6758 6758
2873 2873
2728 2728
788 788
1653 1653
1553 1553
3190 3190
1661 1661
2719 2719
3664 3664
1708 1708
1749 1749
6754 6754
6224 6224
3396 3396
5927 5927
1379 1379
1652 1652
1699 1699
2738 2738
5887 5887
1707 1707
1568 1568
1649 1649
1724 1724
3387 3387
3457 3457
1918 1918
3164 3164
391 391
2744 2744
3389 3389
6778 6778
6794 6794
3425 3425
1720 1720
1377 1377
3234 3234
6713 6713
3323 3323
6839 6839
1974 1974
1660 1660
1593 1593
1977 1977
6770 6770
1976 1976
6718 6718
3388 3388
3295 3295
2753 2753
789 789
6808 6808
6727 6727
1912 1912
6600 6600
3195 3195
6750 6750
6715 6715
829 829
1704 1704
6841 6841
3384 3384
6688 6688
1687 1687
1689 1689
3196 3196
6704 6704
6196 6196
3944 3944
6598 6598
3386 3386
6801 6801
1591 1591
3216 3216
6230 6230
6791 6791
1722 1722
3194 3194
6842 6842
6797 6797
6768 6768
1546 1546
6844 6844
6179 6179
1615 1615
1748 1748
1669 1669
1688 1688
6756 6756
1703 1703
6714 6714
425 425
3385 3385
6807 6807
1746 1746
6848 6848
6603 6603
1573 1573
6809 6809
1745 1745
6829 6829
1567 1567
1595 1595
1600 1600
6606 6606
6827 6827
6739 6739
6694 6694
5381 5381
2766 2766
1692 1692
1579 1579
5379 5379
6602 6602
1578 1578
1608 1608
253 253
177 177
1219 1219
3769 3769
1391 1391
6850 6850
1633 1633
6599 6599
1916 1916
6784 6784
3193 3193
6731 6731
3319 3319
1390 1390
6595 6595
1670 1670
6793 6793
6625 6625
1634 1634
6209 6209
6662 6662
6691 6691
2746 2746
3477 3477
6665 6665
3177 3177
798 798
2910 2910
6725 6725
1913 1913
5409 5409
632 632
924 924
2829 2829
6227 6227
1392 1392
6609 6609
1426 1426
3079 3079
5429 5429
1683 1683
6788 6788
1730 1730
1323 1323
384 384
6785 6785
1564 1564
6859 6859
720 720
1140 1140
1227 1227
3178 3178
926 926
1914 1914
6823 6823
1603 1603
801 801
721 721
6767 6767
1684 1684
830 830
933 933
936 936
6657 6657
6659 6659
1743 1743
1481 1481
1345 1345
676 676
1735 1735
678 678
6666 6666
1200 1200
1359 1359
1638 1638
5117 5117
4314 4314
4688 4688
5168 5168
1485 1485
6865 6865
802 802
3012 3012
5051 5051
1251 1251
6721 6721
1037 1037
1387 1387
3197 3197
3179 3179
923 923
2892 2892
1139 1139
6613 6613
665 665
1787 1787
2912 2912
1488 1488
2911 2911
5110 5110
5091 5091
1162 1162
1824 1824
2846 2846
1137 1137
6631 6631
1188 1188
3180 3180
2821 2821
1363 1363
1647 1647
1486 1486
4836 4836
921 921
6605 6605
824 824
1482 1482
652 652
6638 6638
916 916
1499 1499
844 844
1637 1637
841 841
5441 5441
5086 5086
685 685
988 988
1449 1449
846 846
1393 1393
1225 1225
6719 6719
6591 6591
1515 1515
5179 5179
1208 1208
900 900
5174 5174
6639 6639
5056 5056
1327 1327
2834 2834
5158 5158
5090 5090
972 972
5089 5089
3509 3509
831 831
5205 5205
6592 6592
1330 1330
1334 1334
1026 1026
4805 4805
1832 1832
1035 1035
5377 5377
1451 1451
1121 1121
1506 1506
1003 1003
4412 4412
4687 4687
5437 5437
919 919
2848 2848
1265 1265
5083 5083
3115 3115
1462 1462
4849 4849
2831 2831
4644 4644
3112 3112
1456 1456
6309 6309
4799 4799
5202 5202
1129 1129
903 903
1850 1850
1831 1831
3148 3148
3099 3099
3734 3734
2913 2913
5130 5130
782 782
4164 4164
1120 1120
615 615
1386 1386
5113 5113
811 811
1483 1483
5015 5015
6585 6585
2819 2819
1231 1231
5188 5188
6633 6633
6644 6644
1498 1498
1223 1223
1414 1414
1161 1161
3500 3500
5378 5378
5093 5093
1337 1337
981 981
2822 2822
413 413
1062 1062
3168 3168
1445 1445
1023 1023
987 987
6388 6388
1126 1126
1004 1004
3022 3022
3511 3511
5193 5193
5198 5198
2824 2824
1782 1782
2926 2926
4153 4153
6587 6587
1163 1163
970 970
980 980
5122 5122
4405 4405
1541 1541
4058 4058
4762 4762
3107 3107
5251 5251
3136 3136
897 897
4958 4958
5250 5250
1133 1133
4953 4953
1001 1001
1475 1475
6529 6529
855 855
5067 5067
1788 1788
599 599
1245 1245
781 781
1278 1278
991 991
5211 5211
1135 1135
5176 5176
4806 4806
1780 1780
5244 5244
3020 3020
4332 4332
1136 1136
3171 3171
6389 6389
1458 1458
5197 5197
1459 1459
1526 1526
974 974
3137 3137
5220 5220
1461 1461
968 968
3108 3108
995 995
4374 4374
1000 1000
1255 1255
973 973
2927 2927
996 996
3021 3021
791 791
1275 1275
1010 1010
1904 1904
1737 1737
1254 1254
901 901
1396 1396
5066 5066
4820 4820
4425 4425
1399 1399
4143 4143
881 881
5119 5119
860 860
1203 1203
1018 1018
4548 4548
2984 2984
5252 5252
3109 3109
999 999
965 965
1795 1795
249 249
1264 1264
3085 3085
1022 1022
3090 3090
1021 1021
808 808
1065 1065
902 902
5078 5078
1479 1479
4343 4343
5041 5041
5072 5072
4424 4424
2890 2890
5259 5259
1128 1128
4150 4150
958 958
2986 2986
6368 6368
952 952
3081 3081
2920 2920
833 833
5120 5120
6334 6334
2925 2925
5069 5069
6533 6533
1045 1045
979 979
1304 1304
3023 3023
3096 3096
904 904
5082 5082
4166 4166
4299 4299
4553 4553
4962 4962
3139 3139
1860 1860
4552 4552
3120 3120
6588 6588
3118 3118
943 943
4167 4167
1369 1369
4956 4956
1496 1496
4624 4624
1192 1192
4284 4284
3144 3144
5125 5125
1460 1460
1049 1049
2898 2898
6473 6473
1881 1881
4963 4963
3130 3130
1147 1147
957 957
1525 1525
905 905
3088 3088
6381 6381
1191 1191
4114 4114
4621 4621
1862 1862
1153 1153
6370 6370
6300 6300
1758 1758
2820 2820
1014 1014
882 882
702 702
1243 1243
1029 1029
693 693
1796 1796
2982 2982
4729 4729
4277 4277
4900 4900
1027 1027
5075 5075
5311 5311
912 912
4566 4566
5101 5101
6383 6383
4734 4734
1173 1173
1178 1178
2855 2855
6570 6570
3129 3129
1048 1048
4481 4481
4713 4713
1382 1382
3152 3152
1171 1171
3116 3116
1825 1825
937 937
4073 4073
4666 4666
4372 4372
3076 3076
697 697
4538 4538
1106 1106
1342 1342
5314 5314
3125 3125
6510 6510
2826 2826
4174 4174
2856 2856
6282 6282
4389 4389
1349 1349
6560 6560
4546 4546
4337 4337
1090 1090
955 955
1540 1540
3150 3150
1257 1257
4321 4321
2840 2840
6566 6566
2877 2877
850 850
4334 4334
4335 4335
1409 1409
6508 6508
5100 5100
4485 4485
1239 1239
1112 1112
4664 4664
4607 4607
4486 4486
5204 5204
5144 5144
5142 5142
778 778
5136 5136
4458 4458
4712 4712
4868 4868
1493 1493
4449 4449
2949 2949
4602 4602
767 767
4357 4357
3479 3479
1111 1111
1093 1093
1530 1530
3029 3029
6559 6559
1091 1091
4730 4730
4757 4757
2941 2941
4636 4636
1047 1047
4668 4668
4711 4711
6432 6432
6569 6569
4336 4336
871 871
1044 1044
4358 4358
847 847
4747 4747
4459 4459
4593 4593
2881 2881
884 884
4333 4333
4148 4148
1180 1180
6527 6527
3063 3063
6410 6410
4493 4493
4565 4565
710 710
5291 5291
1073 1073
2844 2844
6288 6288
4568 4568
1799 1799
2963 2963
4149 4149
2887 2887
2962 2962
873 873
4831 4831
4903 4903
1839 1839
4854 4854
6526 6526
5225 5225
4340 4340
2838 2838
1055 1055
1240 1240
6872 6872
4746 4746
5143 5143
4634 4634
1185 1185
945 945
1454 1454
4873 4873
3471 3471
1478 1478
1108 1108
869 869
760 760
1806 1806
4933 4933
2958 2958
4814 4814
4571 4571
1115 1115
4973 4973
4386 4386
875 875
4844 4844
1759 1759
4562 4562
1371 1371
4846 4846
946 946
4931 4931
4992 4992
4454 4454
4494 4494
950 950
4506 4506
4637 4637
947 947
6281 6281
1368 1368
1464 1464
4262 4262
2842 2842
5139 5139
6286 6286
726 726
4950 4950
4883 4883
1074 1074
621 621
6285 6285
1755 1755
2998 2998
4930 4930
6477 6477
1466 1466
932 932
4941 4941
4991 4991
1098 1098
6479 6479
6439 6439
4310 4310
839 839
6349 6349
4297 4297
6280 6280
4586 4586
4124 4124
3006 3006
4582 4582
4443 4443
4176 4176
4653 4653
4615 4615
6302 6302
4575 4575
4396 4396
6319 6319
5266 5266
5323 5323
4503 4503
4110 4110
4776 4776
4473 4473
6516 6516
4198 4198
6303 6303
4765 4765
3505 3505
1235 1235
1236 1236
4238 4238
4470 4470
1101 1101
4989 4989
4465 4465
4628 4628
4379 4379
4985 4985
5360 5360
4463 4463
4516 4516
4431 4431
4951 4951
5275 5275
4240 4240
4841 4841
5324 5324
4237 4237
1270 1270
4210 4210
5297 5297
