648 0
1 1
2 2
17 3
4 4
7 7
8 8
1433 10
1836 11
12 12
15 15
17 17
2190 18
23 23
26 26
27 27
29 29
2521 33
179 34
36 36
3458 39
40 40
2612 41
842 43
45 45
46 46
1548 50
51 51
2012 59
1776 60
61 61
62 62
64 64
65 65
2436 66
2055 67
70 70
73 73
2592 78
81 81
82 82
697 85
1480 86
2233 89
92 92
94 94
1228 97
1852 99
100 100
677 103
104 104
3521 105
2614 108
109 109
111 111
112 112
113 113
1768 114
117 117
119 119
122 122
124 124
128 128
1806 129
1871 134
135 135
138 138
2845 139
1884 141
2631 144
3384 146
147 147
148 148
150 150
151 151
153 153
157 157
158 158
292 160
162 162
163 163
164 164
165 165
1443 172
2716 173
174 174
177 177
178 178
179 179
105 188
189 189
190 190
192 192
196 196
199 199
910 200
2227 202
205 205
206 206
208 208
341 209
210 210
211 211
3296 213
214 214
215 215
217 217
220 220
221 221
508 222
2541 224
225 225
226 226
227 227
3588 230
231 231
232 232
235 235
239 239
242 242
1313 243
245 245
1898 246
249 249
1848 251
252 252
253 253
255 255
506 257
258 258
260 260
3651 263
3629 264
1685 265
1015 268
269 269
271 271
1052 273
2269 274
2794 276
3535 277
2584 279
305 282
284 284
289 289
1436 291
3488 294
295 295
296 296
291 297
298 298
3442 299
300 300
3488 301
302 302
2332 304
309 309
2205 310
311 311
312 312
313 313
314 314
315 315
3565 317
320 320
321 321
322 322
323 323
3280 324
325 325
583 326
805 329
330 330
3651 332
333 333
414 334
483 335
337 337
338 338
340 340
226 342
343 343
346 346
2584 348
3093 349
1685 350
351 351
297 352
354 354
355 355
356 356
1791 357
359 359
825 362
2775 363
367 367
368 368
369 369
1138 370
2519 372
374 374
376 376
377 377
380 380
381 381
384 384
386 386
387 387
278 388
1228 389
390 390
391 391
393 393
395 395
2352 396
398 398
399 399
400 400
401 401
954 402
2611 403
407 407
408 408
409 409
515 410
413 413
415 415
2328 418
421 421
425 425
429 429
179 431
432 432
2157 434
435 435
436 436
438 438
439 439
1728 440
441 441
442 442
1768 444
120 446
1095 447
448 448
450 450
451 451
456 456
1879 458
459 459
964 461
348 462
464 464
466 466
269 467
468 468
469 469
340 470
1013 472
714 473
478 478
479 479
1072 481
482 482
485 485
487 487
488 488
489 489
490 490
3133 491
492 492
637 493
602 494
2808 495
498 498
1397 499
500 500
3410 501
1637 502
503 503
505 505
507 507
511 511
512 512
3456 514
515 515
1251 516
518 518
3663 519
2645 521
815 524
529 529
533 533
537 537
538 538
539 539
1632 540
825 541
840 542
544 544
545 545
546 546
548 548
2392 549
550 550
981 552
3296 553
556 556
558 558
559 559
560 560
2875 562
564 564
45 565
3456 566
567 567
570 570
870 571
1768 575
576 576
1321 580
581 581
583 583
585 585
586 586
587 587
1994 589
2017 591
593 593
594 594
598 598
599 599
2954 600
602 602
603 603
606 606
607 607
608 608
610 610
2641 612
615 615
2183 616
2419 617
621 621
622 622
1110 623
3564 626
62 630
632 632
1955 633
636 636
3 637
641 641
3651 642
457 643
644 644
2069 645
2419 646
648 648
652 652
941 653
556 659
1025 661
2265 662
1013 663
870 664
665 665
667 667
669 669
2499 673
674 674
48 675
676 676
678 678
1374 680
685 685
688 688
2902 689
693 693
2328 694
697 697
699 699
700 700
702 702
704 704
708 708
709 709
710 710
2547 711
712 712
713 713
3182 716
720 720
721 721
1251 722
723 723
88 724
726 726
1560 729
3485 730
734 734
112 736
741 741
426 742
743 743
1704 745
750 750
3019 752
754 754
758 758
759 759
760 760
761 761
2805 762
764 764
842 765
2508 766
767 767
3019 770
771 771
773 773
2052 774
980 775
776 776
684 777
778 778
245 779
1679 780
781 781
782 782
786 786
788 788
789 789
791 791
798 798
1275 799
1371 800
801 801
802 802
804 804
805 805
441 807
808 808
811 811
1082 816
819 819
2049 822
1414 823
824 824
834 825
2139 828
829 829
830 830
831 831
2747 832
833 833
2244 838
839 839
3546 840
841 841
1469 842
1930 843
844 844
846 846
847 847
586 848
850 850
3214 854
855 855
3549 856
860 860
1930 861
868 868
869 869
871 871
873 873
875 875
3084 877
2732 878
759 880
881 881
882 882
884 884
599 888
891 891
897 897
900 900
901 901
902 902
903 903
904 904
905 905
2403 906
67 911
912 912
2771 913
651 915
916 916
2803 917
919 919
921 921
923 923
924 924
2132 925
926 926
2312 927
892 928
2491 930
932 932
933 933
3008 934
936 936
937 937
1155 938
2692 942
943 943
2135 944
945 945
946 946
947 947
3054 948
950 950
952 952
2815 953
750 954
955 955
957 957
958 958
2867 959
3491 961
1560 962
1424 963
965 965
968 968
970 970
972 972
973 973
974 974
1387 975
979 979
980 980
981 981
3659 985
987 987
988 988
991 991
2733 993
1685 994
995 995
996 996
2879 997
999 999
1000 1000
1001 1001
1003 1003
1004 1004
2163 1005
2004 1006
486 1008
1685 1009
1010 1010
1093 1011
1014 1014
3624 1015
2436 1017
1018 1018
3440 1019
1021 1021
1022 1022
1023 1023
1026 1026
1027 1027
1994 1028
1029 1029
2510 1030
1035 1035
1037 1037
2034 1039
1044 1044
1045 1045
1047 1047
1048 1048
1049 1049
475 1050
853 1051
327 1052
1055 1055
653 1056
1751 1057
3491 1058
1062 1062
1065 1065
439 1066
3626 1072
1073 1073
1074 1074
3067 1075
1685 1081
2775 1083
2155 1085
366 1087
1090 1090
1091 1091
1093 1093
1098 1098
2834 1099
1102 1100
1101 1101
1414 1105
1106 1106
1108 1108
2547 1110
1111 1111
1112 1112
1115 1115
3133 1118
1768 1119
1120 1120
1121 1121
715 1124
2629 1125
1126 1126
3039 1127
1128 1128
1129 1129
410 1131
1133 1133
3354 1134
1135 1135
1136 1136
1137 1137
1139 1139
1140 1140
281 1144
1147 1147
1187 1149
1153 1153
1228 1154
19 1155
3188 1156
2157 1157
1416 1159
1161 1161
1162 1162
1163 1163
1164 1164
591 1169
1171 1171
1173 1173
1130 1175
3611 1177
1178 1178
698 1179
1180 1180
3669 1183
2232 1184
1185 1185
1251 1187
1188 1188
1190 1190
1191 1191
1192 1192
2029 1195
39 1196
1200 1200
1203 1203
1664 1204
2038 1206
1208 1208
681 1209
1214 1214
1215 1215
3472 1218
1219 1219
1221 1221
1223 1223
1225 1225
1227 1227
539 1230
1231 1231
2372 1233
1235 1235
1236 1236
1239 1239
1240 1240
2156 1241
1243 1243
825 1244
1245 1245
1174 1250
1251 1251
1254 1254
1255 1255
1257 1257
814 1259
1041 1260
3299 1261
1264 1264
1265 1265
1270 1270
934 1271
2722 1272
3564 1273
637 1274
1275 1275
1217 1276
1277 1277
1278 1278
1279 1279
1280 1280
1362 1284
3535 1285
1289 1289
1291 1291
1292 1292
1293 1293
65 1299
3 1302
2679 1303
1304 1304
3164 1307
3491 1308
1311 1311
320 1312
1679 1313
1323 1323
1685 1325
1327 1327
1330 1330
1773 1331
3455 1332
1334 1334
1337 1337
3296 1339
1340 1340
2673 1341
1342 1342
1345 1345
3512 1348
1349 1349
1162 1350
1312 1351
1353 1353
2682 1354
1355 1355
1356 1356
1358 1358
1359 1359
2515 1360
1363 1363
1685 1365
1368 1368
1369 1369
1371 1371
1377 1377
3435 1378
1379 1379
1380 1380
1382 1382
806 1385
1386 1386
1387 1387
1390 1390
1391 1391
1392 1392
1393 1393
2050 1394
1814 1395
1396 1396
1399 1399
1402 1402
1403 1403
1409 1409
916 1411
1414 1414
204 1416
1417 1417
1418 1418
1419 1419
3152 1420
2797 1421
2370 1422
306 1423
1426 1426
2805 1427
3231 1428
1429 1429
3658 1431
2751 1433
1434 1434
1438 1438
1440 1440
1515 1442
1445 1445
3322 1446
1862 1447
1449 1449
1451 1451
1454 1454
1456 1456
1458 1458
1459 1459
1460 1460
1461 1461
1462 1462
1464 1464
1466 1466
1492 1468
930 1471
1475 1475
657 1477
1478 1478
1479 1479
2799 1480
1481 1481
1482 1482
1483 1483
1485 1485
1486 1486
2128 1487
1488 1488
179 1490
1946 1492
1493 1493
1496 1496
1498 1498
1499 1499
279 1500
1503 1503
1506 1506
1514 1514
1515 1515
2291 1518
2933 1520
3542 1524
1525 1525
1526 1526
1530 1530
3500 1531
227 1534
1535 1535
803 1536
1537 1537
1538 1538
3546 1539
1540 1540
1541 1541
2840 1543
127 1544
1545 1545
1546 1546
2794 1548
2328 1550
116 1552
1553 1553
1554 1554
1409 1555
1556 1556
1557 1557
1063 1559
1561 1561
3542 1562
1564 1564
1567 1567
1568 1568
3518 1570
1573 1573
1069 1574
681 1577
1578 1578
1579 1579
567 1584
3221 1585
1586 1586
3472 1587
1588 1588
1003 1590
1591 1591
3349 1592
1593 1593
1595 1595
2479 1596
2127 1598
1600 1600
1603 1603
2716 1605
2878 1607
1608 1608
1611 1611
2429 1614
1615 1615
3121 1617
1618 1618
1619 1619
1620 1620
1776 1621
3322 1623
1039 1624
1625 1625
1628 1628
2282 1629
1633 1633
1634 1634
1637 1637
1638 1638
1411 1645
1647 1647
1649 1649
1652 1652
1653 1653
1420 1654
2794 1655
1656 1656
1660 1660
1661 1661
108 1662
421 1663
1827 1666
863 1667
2033 1668
1669 1669
1670 1670
882 1671
3669 1675
1677 1677
2624 1678
1275 1679
1681 1681
1683 1683
1684 1684
1687 1687
1688 1688
1689 1689
1692 1692
944 1695
722 1696
1699 1699
1700 1700
884 1701
1703 1703
1704 1704
1707 1707
1708 1708
1709 1709
2199 1710
2049 1711
1712 1712
3309 1719
1720 1720
145 1721
1722 1722
2679 1723
1724 1724
1727 1727
3054 1729
1730 1730
3347 1731
1735 1735
1737 1737
1738 1738
3204 1739
1741 1741
834 1742
1743 1743
1745 1745
1746 1746
170 1747
1748 1748
1749 1749
2515 1750
1339 1751
1753 1753
1755 1755
1756 1756
1758 1758
1759 1759
1760 1760
1766 1766
2673 1768
2383 1771
2614 1773
2406 1775
1778 1778
3005 1779
1780 1780
1782 1782
1383 1786
1787 1787
1788 1788
1795 1795
1796 1796
1798 1798
1799 1799
1800 1800
2054 1801
1228 1802
1806 1806
78 1809
1595 1812
1814 1814
3171 1815
3446 1816
3485 1821
103 1823
1824 1824
1825 1825
1826 1826
1575 1827
1831 1831
1832 1832
1833 1833
2677 1837
1838 1838
1839 1839
3455 1840
1077 1841
1843 1843
3322 1848
1850 1850
1852 1852
1854 1854
1855 1855
1856 1856
1857 1857
1860 1860
1862 1862
1863 1863
1864 1864
1867 1867
1228 1869
1876 1876
3663 1877
1878 1878
1880 1880
1881 1881
1883 1883
2598 1886
1357 1888
631 1890
3304 1893
2603 1895
1896 1896
1897 1897
1898 1898
1903 1903
1904 1904
1905 1905
1907 1907
1461 1908
633 1910
1912 1912
1913 1913
1914 1914
1916 1916
1918 1918
1919 1919
3482 1922
1924 1924
1925 1925
1927 1927
1928 1928
1929 1929
1932 1932
3313 1934
1937 1937
1938 1938
1939 1939
1940 1940
1942 1942
3629 1943
1313 1945
1955 1948
1949 1949
1951 1951
2679 1952
1958 1958
73 1962
1228 1964
1293 1968
1969 1969
1972 1972
1974 1974
1976 1976
1977 1977
3626 1978
331 1980
1983 1983
492 1987
1988 1988
362 1989
1993 1993
3331 1996
1864 1997
1999 1999
1189 2000
3318 2001
734 2003
3159 2004
2005 2005
1651 2007
3565 2008
2011 2011
2012 2012
1158 2013
2014 2014
2018 2018
1363 2019
3476 2021
2022 2022
0 2023
2027 2027
3296 2029
2030 2030
2087 2031
2525 2034
2035 2035
2036 2036
2037 2037
1087 2039
1364 2041
2046 2046
3317 2049
2052 2052
331 2053
2055 2055
3317 2056
3355 2057
2673 2058
2061 2061
2174 2062
3607 2063
2067 2067
2070 2070
1537 2072
2020 2075
2076 2076
2078 2078
35 2079
2081 2081
2947 2082
2084 2084
2086 2086
2771 2087
3175 2089
2092 2092
1071 2094
1476 2096
3596 2098
2488 2100
2101 2101
1228 2102
2103 2103
2104 2104
1331 2105
2109 2109
2112 2112
3299 2113
2116 2116
2118 2118
2120 2120
2124 2124
2127 2127
3667 2128
2129 2129
2130 2130
1414 2133
2135 2135
2136 2136
1395 2137
1520 2138
2140 2140
2144 2144
2157 2149
2150 2150
2152 2152
3192 2154
2406 2159
2163 2163
2164 2164
2826 2165
3182 2166
2167 2167
2170 2170
2813 2171
2172 2172
2173 2173
3407 2174
2175 2175
2177 2177
2178 2178
2371 2179
2180 2180
1302 2181
2182 2182
1465 2189
3632 2190
2051 2192
2193 2193
2197 2197
3663 2198
354 2199
3472 2200
2204 2204
2206 2206
2207 2207
1480 2209
2210 2210
2211 2211
2214 2214
2215 2215
2216 2216
3556 2217
2220 2220
2221 2221
1559 2222
1773 2224
2224 2227
167 2228
14 2229
2230 2230
2231 2231
1828 2233
2235 2235
2238 2238
2239 2239
2240 2240
2942 2241
3536 2242
333 2244
2245 2245
2246 2246
1990 2247
123 2248
1664 2252
2253 2253
2254 2254
2255 2255
1215 2258
986 2260
2261 2261
1842 2265
2267 2267
2268 2268
914 2270
2845 2273
2274 2274
2276 2276
2278 2278
2279 2279
2280 2280
2282 2282
2284 2284
2286 2286
3456 2287
2288 2288
2292 2292
3446 2293
2294 2294
2295 2295
2296 2296
354 2298
2299 2299
2302 2302
2305 2305
2306 2306
2308 2308
2673 2310
3456 2311
2312 2312
1791 2313
2317 2317
2318 2318
2321 2321
2324 2324
2326 2326
2383 2327
2139 2329
2088 2330
1888 2333
3084 2336
972 2338
2340 2340
2342 2342
1775 2343
2344 2344
66 2346
2348 2348
2350 2350
2351 2351
2352 2352
2355 2355
2357 2357
1959 2360
378 2361
2362 2362
2365 2365
1451 2366
2367 2367
2695 2368
2369 2369
495 2371
2377 2377
2378 2378
1064 2381
3375 2382
2436 2383
1675 2384
2385 2385
2388 2388
1125 2389
2390 2390
2393 2393
2395 2395
2397 2397
1363 2400
2401 2401
3466 2403
2202 2404
2405 2405
647 2407
2679 2409
2729 2412
2913 2416
293 2421
2422 2422
2423 2423
2425 2425
2427 2427
2800 2428
2429 2429
2431 2431
2432 2432
2435 2435
1654 2440
2441 2441
2444 2444
2448 2448
2449 2449
1667 2450
67 2452
2275 2454
1679 2455
2456 2456
2457 2457
3629 2459
3616 2461
179 2463
2464 2464
2465 2465
2467 2467
2468 2468
2470 2470
2471 2471
1770 2472
1345 2474
2475 2475
1779 2478
397 2479
2480 2480
2482 2482
2029 2483
319 2488
3610 2489
2492 2492
2068 2493
2351 2494
2497 2497
2498 2498
2499 2499
2500 2500
2505 2505
2506 2506
2507 2507
2509 2509
3327 2512
2513 2513
2515 2515
2516 2516
2517 2517
439 2518
2519 2519
1785 2521
2523 2523
3440 2529
1769 2530
2847 2532
2534 2534
2331 2535
2536 2536
2984 2537
2544 2544
2545 2545
2550 2550
2553 2553
3501 2556
2558 2558
2560 2560
1595 2564
1015 2565
312 2567
2840 2571
2572 2572
2573 2573
2575 2575
2576 2576
3351 2577
3544 2579
875 2580
3012 2583
1646 2584
2588 2588
2834 2591
2594 2594
2595 2595
2596 2596
2598 2598
2600 2600
2601 2601
2602 2602
398 2606
72 2612
2613 2613
2614 2614
2616 2616
2623 2623
2624 2624
1383 2626
2627 2627
2629 2629
2631 2631
916 2633
2636 2636
3565 2638
2639 2639
2643 2643
2644 2644
2648 2648
853 2650
2652 2652
2654 2654
457 2655
2657 2657
3158 2658
2525 2660
1228 2661
2662 2662
2663 2663
2665 2665
3482 2666
2671 2671
291 2672
2675 2675
2676 2676
273 2677
3525 2678
3356 2679
2682 2682
1652 2684
2685 2685
2017 2689
120 2692
2694 2694
423 2697
1871 2698
2701 2701
2703 2703
2705 2705
2707 2707
3158 2708
332 2712
2713 2713
2715 2715
3659 2717
2718 2718
2719 2719
2722 2722
3231 2723
2727 2727
2728 2728
2875 2729
3348 2731
1930 2732
2733 2733
2711 2735
2738 2738
203 2739
2740 2740
3596 2742
1869 2743
2744 2744
2746 2746
2411 2747
2442 2748
1599 2750
10 2751
3108 2752
2753 2753
2754 2754
2762 2762
2763 2763
2764 2764
2766 2766
3441 2767
3128 2771
3565 2772
2268 2774
2775 2775
864 2776
2780 2780
2479 2781
2783 2783
2789 2785
2242 2792
2793 2793
1145 2794
2795 2795
2796 2796
2797 2797
2798 2798
2799 2799
2801 2801
3210 2803
2646 2806
2808 2808
2811 2811
3231 2812
791 2814
2815 2815
3462 2816
2817 2817
2818 2818
2819 2819
2820 2820
2821 2821
2822 2822
1567 2823
2824 2824
315 2825
2826 2826
2829 2829
2831 2831
3171 2832
442 2833
2834 2834
3296 2835
1759 2836
2838 2838
520 2839
2840 2840
2842 2842
2137 2843
2844 2844
2846 2846
3564 2847
2848 2848
213 2849
362 2850
667 2851
2099 2852
2853 2853
2855 2855
2856 2856
1871 2858
2859 2859
1414 2862
2865 2865
2866 2866
2873 2873
2877 2877
2631 2879
2881 2881
2884 2884
2887 2887
2890 2890
2892 2892
1765 2896
2897 2897
2898 2898
2899 2899
1685 2901
2903 2903
2904 2904
2905 2905
2907 2907
2910 2910
2911 2911
2912 2912
2913 2913
3456 2915
1295 2917
2794 2919
2920 2920
2925 2925
2926 2926
2927 2927
2711 2929
1828 2930
2932 2932
3501 2933
2132 2934
1429 2939
2941 2941
2942 2942
2943 2943
3240 2945
300 2948
2949 2949
414 2951
2952 2952
2944 2953
570 2954
2955 2955
2711 2956
306 2957
2958 2958
864 2960
3240 2961
2962 2962
2963 2963
2965 2965
1821 2966
2327 2969
2971 2971
1195 2975
2729 2976
2977 2977
2980 2980
2981 2981
2982 2982
2984 2984
2986 2986
2989 2989
2915 2992
2993 2993
2994 2994
3146 2995
3214 2996
2998 2998
3000 3000
3001 3001
3003 3003
3004 3004
2794 3005
3006 3006
2591 3007
925 3008
3609 3010
3012 3012
1815 3013
3014 3014
934 3015
1728 3016
2383 3019
3020 3020
3021 3021
3022 3022
3023 3023
1679 3025
3046 3028
3029 3029
3032 3032
2419 3033
3034 3034
3036 3036
3037 3037
2404 3038
3039 3039
834 3040
3452 3041
3042 3042
3043 3043
3044 3044
3045 3045
3046 3046
3049 3049
3050 3050
3649 3051
2049 3052
3053 3053
3055 3055
2718 3059
740 3061
3063 3063
3064 3064
3067 3067
2004 3068
3069 3069
2029 3070
1222 3072
3076 3076
3079 3079
3512 3080
3081 3081
458 3082
3085 3085
3088 3088
306 3089
3090 3090
3096 3096
1606 3097
3099 3099
1130 3100
1228 3105
907 3106
3107 3107
3108 3108
3109 3109
3112 3112
2315 3113
3115 3115
3116 3116
3118 3118
1685 3119
3120 3120
2478 3121
3125 3125
718 3128
3129 3129
3130 3130
2661 3132
3135 3135
3136 3136
3137 3137
3139 3139
1955 3140
2492 3142
1150 3143
3144 3144
2206 3147
3148 3148
2146 3149
3150 3150
3152 3152
2687 3153
2679 3154
1233 3160
1215 3161
3163 3163
3164 3164
1691 3166
3168 3168
3169 3169
3171 3171
3456 3172
1328 3173
292 3175
3177 3177
3178 3178
3179 3179
3180 3180
1732 3181
3491 3184
3512 3188
3190 3190
3193 3193
3194 3194
3195 3195
3196 3196
3197 3197
2132 3199
3201 3201
2005 3202
684 3203
3204 3204
2947 3205
3207 3207
1560 3209
3213 3213
3257 3215
3216 3216
1525 3217
3219 3219
2679 3220
3133 3221
3223 3223
3225 3225
1186 3227
3228 3228
3229 3229
3234 3234
336 3235
3237 3237
3238 3238
3241 3241
3242 3242
3243 3243
3244 3244
3246 3246
815 3247
3249 3249
3251 3251
3253 3253
3254 3254
3255 3255
1697 3256
2453 3258
3630 3263
1832 3264
3266 3266
3267 3267
3269 3269
3559 3271
3273 3273
3274 3274
3275 3275
1236 3277
3278 3278
3280 3280
3281 3281
1228 3282
1256 3286
3457 3293
3419 3294
3295 3295
3419 3299
1685 3300
3302 3302
2137 3303
3305 3305
3307 3307
2716 3309
3268 3312
1587 3313
3316 3316
1675 3318
3319 3319
3631 3321
3310 3322
3323 3323
3326 3326
3455 3328
3329 3329
3330 3330
2275 3331
2269 3332
3333 3333
3335 3335
3338 3338
3340 3340
120 3341
332 3342
2720 3343
3095 3345
3346 3346
2840 3347
3348 3348
3349 3349
3250 3352
3355 3355
1697 3356
3358 3358
3359 3359
3360 3360
3361 3361
3362 3362
3489 3363
3365 3365
3366 3366
3367 3367
3368 3368
1274 3369
3371 3371
3372 3372
3373 3373
1685 3374
1547 3379
3380 3380
3381 3381
3263 3382
3384 3384
3385 3385
3386 3386
3387 3387
3388 3388
3389 3389
1118 3391
3392 3392
3393 3393
3396 3396
3399 3399
3402 3402
3405 3405
3377 3406
3407 3407
3570 3408
3411 3411
378 3412
2721 3413
3414 3414
3257 3415
3417 3417
3663 3419
1414 3420
3421 3421
3512 3422
3423 3423
3425 3425
3627 3428
3429 3429
2137 3430
3431 3431
3501 3434
3318 3436
3437 3437
3472 3438
3439 3439
403 3440
3442 3442
3443 3443
3444 3444
3445 3445
3447 3447
3452 3452
3456 3453
1560 3455
3457 3457
3538 3459
3465 3465
3471 3471
2474 3473
2757 3475
3477 3477
3479 3479
2761 3483
1852 3485
1768 3486
3487 3487
3488 3488
3490 3490
3493 3493
3495 3495
3497 3497
3198 3499
3500 3500
2606 3502
3597 3503
3505 3505
1525 3506
3485 3508
3509 3509
3511 3511
1376 3513
2102 3514
3516 3516
3517 3517
1557 3518
2578 3522
2973 3527
3530 3530
3531 3531
491 3533
3534 3534
1081 3535
3410 3537
3552 3539
491 3542
3543 3543
840 3546
3547 3547
3549 3549
1256 3551
3554 3554
3631 3555
956 3556
1436 3558
119 3559
3560 3560
3440 3562
626 3564
3565 3565
3566 3566
3567 3567
3568 3568
3570 3570
3670 3572
2640 3575
3576 3576
3577 3577
3579 3579
3583 3583
3584 3584
3586 3586
3588 3588
3564 3589
2164 3590
3592 3592
1487 3593
3597 3597
43 3600
3601 3601
3602 3602
2690 3603
3604 3604
3646 3605
3606 3606
3608 3608
2939 3611
3612 3612
3613 3613
3617 3617
3620 3620
3621 3621
1228 3624
1595 3628
3629 3629
3546 3631
3633 3633
3634 3634
3637 3637
3638 3638
3640 3640
1682 3642
3643 3643
3477 3645
2137 3646
3647 3647
3648 3648
3649 3649
3652 3652
3653 3653
3559 3659
3648 3660
3246 3661
3664 3664
3666 3666
3667 3667
3670 3670
1228 3671
3672 3672
3673 3673
247 3674
4842 3679
3682 3682
3683 3683
4433 3685
4776 3688
3857 3690
3691 3691
3694 3694
3695 3695
6732 3698
3701 3701
4070 3702
3704 3704
3933 3705
3706 3706
3707 3707
3708 3708
5020 3709
4762 3710
5806 3712
5818 3715
3716 3716
3717 3717
3718 3718
3719 3719
4514 3720
4565 3724
3981 3731
5071 3732
5302 3733
3734 3734
5018 3735
6654 3736
3739 3739
4382 3741
3901 3744
6016 3746
3747 3747
4461 3750
3965 3752
3753 3753
4310 3754
5683 3755
5385 3757
6668 3758
3759 3759
4870 3760
6058 3763
5083 3764
3766 3766
3767 3767
4310 3768
3769 3769
6061 3774
5194 3776
3767 3778
5905 3779
3781 3781
3782 3782
3785 3785
5081 3786
3788 3788
4697 3789
3791 3791
4893 3792
3793 3793
4939 3795
5505 3796
5989 3798
4333 3799
4468 3800
4077 3801
5975 3802
5663 3804
3806 3806
5515 3808
5645 3809
3810 3810
5826 3811
3812 3812
3813 3813
4857 3817
3818 3818
3821 3821
5540 3822
3823 3823
3824 3824
3825 3825
3826 3826
3828 3828
3829 3829
4946 3832
3833 3833
6017 3837
3838 3838
5016 3839
3840 3840
3843 3843
5123 3846
3847 3847
3942 3848
6026 3849
5184 3852
6410 3854
3855 3855
6270 3859
5497 3861
6026 3865
3867 3867
3868 3868
3870 3870
5071 3871
4982 3874
4474 3875
5740 3876
3877 3877
6251 3880
5206 3881
3882 3882
4192 3883
3822 3884
3995 3886
5995 3887
3888 3888
6224 3889
3892 3892
6108 3896
5233 3899
6626 3901
5817 3904
3906 3906
4350 3907
3910 3910
3724 3911
5726 3914
4163 3915
5413 3916
5038 3917
5938 3918
4034 3922
6621 3924
3925 3925
3926 3926
3929 3929
3932 3932
3933 3933
5806 3934
3936 3936
5678 3937
6566 3943
3944 3944
4150 3946
6491 3948
5128 3949
6256 3950
3952 3952
3953 3953
3954 3954
3955 3955
4504 3956
3959 3959
4509 3960
6690 3961
6696 3964
5325 3968
6583 3970
3838 3972
6654 3974
6878 3978
3979 3979
6133 3980
3981 3981
6594 3982
4893 3988
6224 3990
3996 3996
4001 4001
4448 4005
4006 4006
5314 4007
4008 4008
5803 4009
4010 4010
4012 4012
4540 4013
4014 4014
4018 4018
4037 4019
4696 4020
4022 4022
6691 4026
5520 4027
6594 4028
4032 4032
4033 4033
4034 4034
4035 4035
4036 4036
6235 4038
4039 4039
3786 4042
4044 4044
6736 4046
5020 4047
5783 4051
4052 4052
4526 4053
5106 4054
5810 4056
4058 4058
4062 4062
6129 4064
4675 4065
4241 4067
5163 4070
4071 4071
4073 4073
5097 4076
4077 4077
5028 4083
5746 4091
4092 4092
4093 4093
6802 4094
6488 4095
6129 4098
4100 4100
4114 4101
6308 4105
6094 4106
6235 4107
5377 4108
4110 4110
4114 4114
4752 4116
6594 4117
6030 4119
5931 4120
5493 4121
4801 4122
4123 4123
4124 4124
4752 4125
4127 4127
6619 4128
4131 4131
5050 4133
4711 4135
5916 4140
4141 4141
4143 4143
4148 4148
4149 4149
4150 4150
5071 4151
4153 4153
6690 4154
4155 4155
4157 4157
4158 4158
3680 4159
4488 4160
4161 4161
3949 4163
4164 4164
4166 4166
4167 4167
6296 4170
4824 4171
5941 4172
4823 4173
4174 4174
4176 4176
5354 4179
5034 4183
4186 4186
4632 4187
6172 4192
5473 4193
6685 4195
4014 4197
4198 4198
6868 4199
4543 4201
5600 4202
4029 4204
5194 4205
4206 4206
4315 4207
4210 4210
4211 4211
6878 4212
4315 4214
5421 4219
5554 4222
4731 4223
5445 4224
6670 4225
4653 4226
4270 4227
4901 4229
4230 4230
6734 4232
5811 4234
4237 4237
4238 4238
4240 4240
4241 4241
4241 4242
4243 4243
6264 4244
3715 4245
4854 4246
3731 4247
5675 4248
4251 4251
6690 4253
6785 4254
4257 4257
4262 4262
3705 4271
5264 4272
4075 4273
5275 4274
4277 4277
4617 4278
5115 4280
5384 4283
4284 4284
6644 4285
6709 4286
3740 4287
3866 4288
6533 4290
4870 4292
4294 4294
6745 4295
4297 4297
4299 4299
6447 4304
5234 4306
4308 4308
5931 4309
4310 4310
4114 4311
4314 4314
3692 4315
5463 4316
5116 4317
3904 4319
4321 4321
4697 4328
5883 4331
4332 4332
4333 4333
4334 4334
4335 4335
4336 4336
4337 4337
4340 4340
5147 4342
4343 4343
4882 4346
6192 4347
3944 4352
6038 4356
4357 4357
4358 4358
4844 4363
4718 4365
4122 4370
3745 4371
4372 4372
6854 4373
4374 4374
6658 4378
4379 4379
6737 4381
5561 4382
3745 4383
4386 4386
4389 4389
4429 4394
4396 4396
5591 4399
5711 4403
5686 4404
4405 4405
5173 4407
4596 4408
4154 4409
4412 4412
6884 4413
3820 4415
4761 4418
5002 4420
6026 4421
4424 4424
4425 4425
6732 4426
6296 4427
4092 4428
6343 4429
4431 4431
6490 4433
5180 4435
6076 4437
4200 4438
6650 4439
3836 4441
4443 4443
6081 4445
6149 4446
4449 4449
6813 4451
6060 4452
4454 4454
4458 4458
4459 4459
6326 4462
4463 4463
4465 4465
4470 4470
5139 4472
4473 4473
4225 4476
6129 4479
6724 4480
4481 4481
4485 4485
4486 4486
6439 4487
6190 4488
6398 4489
5472 4490
4806 4492
4493 4493
4494 4494
4075 4496
4849 4497
4416 4498
4514 4499
5282 4500
4503 4503
4459 4505
4506 4506
6177 4515
4516 4516
4903 4517
5034 4519
4217 4527
5858 4528
6654 4529
5039 4530
6129 4531
5664 4537
4538 4538
4084 4543
6170 4545
4546 4546
4782 4547
4548 4548
5732 4549
6868 4551
4552 4552
4553 4553
5540 4561
4562 4562
6679 4563
3863 4564
4565 4565
4566 4566
5227 4567
4568 4568
6658 4569
4571 4571
4773 4574
4575 4575
5975 4577
6757 4581
4582 4582
5991 4585
4586 4586
4561 4587
6594 4588
4593 4593
4416 4595
4070 4598
5242 4599
6364 4601
4602 4602
6110 4606
4607 4607
5621 4610
4615 4615
5025 4617
4247 4618
4849 4619
4621 4621
4624 4624
4628 4628
4221 4629
5964 4633
4634 4634
4636 4636
4637 4637
5868 4638
5619 4639
3886 4641
4644 4644
5232 4646
4976 4651
4006 4652
4653 4653
6500 4661
4708 4663
4664 4664
4666 4666
4468 4667
4668 4668
3811 4669
5694 4670
4154 4671
6813 4676
4677 4677
4679 4679
5433 4680
4682 4682
3764 4683
4685 4685
4687 4687
4688 4688
5535 4689
5783 4692
3811 4694
4697 4697
4698 4698
4699 4699
4870 4704
4749 4705
4707 4707
4709 4709
4711 4711
4712 4712
4713 4713
4714 4714
4716 4716
4314 4718
5923 4720
5740 4721
4725 4725
4690 4726
4729 4729
4730 4730
4307 4731
4387 4733
4734 4734
3692 4736
5808 4742
5071 4743
4744 4744
4746 4746
4747 4747
6636 4748
6842 4752
4756 4756
4757 4757
6720 4759
6017 4760
4762 4762
4763 4763
4765 4765
3761 4767
6828 4769
4770 4770
4772 4772
5758 4773
4776 4776
6230 4782
4786 4786
3745 4790
5303 4792
4793 4793
6073 4794
6584 4796
4797 4797
3740 4798
4799 4799
5361 4801
4159 4802
5173 4804
4805 4805
4806 4806
4807 4807
4334 4808
4901 4810
6795 4811
4814 4814
4396 4816
4817 4817
6094 4818
6654 4819
4820 4820
6324 4821
6435 4826
4827 4827
6110 4828
4831 4831
4143 4832
6623 4833
6129 4834
4750 4835
4836 4836
5494 4837
6630 4839
4841 4841
4844 4844
4504 4845
4846 4846
4161 4848
4849 4849
3988 4850
5742 4853
4854 4854
5689 4855
4334 4856
4653 4863
5678 4865
4868 4868
4284 4869
4873 4873
4874 4874
4875 4875
6827 4878
6274 4880
4382 4881
4883 4883
6583 4886
4887 4887
6066 4890
4322 4893
4556 4894
6654 4896
6729 4897
5694 4898
4900 4900
6768 4901
5000 4902
4903 4903
6231 4905
6680 4906
4907 4907
4910 4910
6718 4911
5041 4912
4913 4913
4915 4915
4978 4918
4075 4919
6361 4920
6130 4921
5173 4922
6720 4923
4284 4928
4930 4930
4931 4931
4839 4932
4933 4933
5179 4934
5483 4936
6734 4937
6583 4938
4941 4941
4284 4946
3833 4947
4950 4950
4951 4951
5806 4952
4953 4953
5071 4955
4956 4956
4249 4957
4958 4958
5070 4960
5848 4961
4962 4962
4963 4963
6532 4969
6038 4970
4973 4973
4975 4975
4978 4978
5810 4979
5789 4980
4982 4982
4985 4985
4989 4989
4188 4990
4991 4991
4992 4992
6583 4993
6636 4998
3727 5000
6107 5002
5848 5003
6478 5004
5007 5007
5707 5008
6736 5010
3940 5012
5012 5014
5015 5015
5469 5016
4247 5018
5627 5019
5104 5021
4762 5024
3966 5025
5465 5026
3739 5027
4401 5028
6094 5030
4047 5031
5540 5033
6436 5034
4364 5035
6358 5036
4607 5038
5020 5040
5041 5041
4323 5043
5092 5044
6594 5046
5051 5051
5473 5052
5509 5053
4663 5054
5056 5056
4580 5058
4355 5060
6455 5064
5066 5066
5067 5067
5069 5069
5783 5070
5072 5072
5073 5073
4749 5074
5075 5075
6628 5077
5078 5078
5079 5079
5051 5080
5082 5082
5083 5083
6061 5084
5086 5086
5089 5089
5090 5090
5091 5091
5093 5093
5631 5096
5377 5097
5100 5100
5101 5101
6660 5102
4147 5104
4950 5105
6358 5106
4014 5107
5110 5110
4150 5111
4895 5112
5113 5113
5187 5115
5117 5117
5119 5119
5120 5120
5122 5122
5302 5123
6613 5124
5125 5125
4373 5126
5130 5130
5078 5132
5829 5133
6134 5134
5136 5136
5042 5138
5139 5139
4234 5141
5142 5142
5143 5143
5144 5144
5166 5146
4416 5147
4397 5148
6129 5151
6358 5153
4582 5156
5913 5157
5158 5158
6690 5159
4948 5160
5199 5164
4365 5165
5168 5168
4255 5169
4432 5173
5174 5174
5176 5176
5179 5179
5433 5180
4749 5183
4336 5184
3932 5186
5188 5188
5393 5189
5330 5190
5549 5192
5193 5193
4224 5196
5197 5197
5198 5198
4201 5200
3988 5201
5202 5202
5204 5204
5205 5205
6878 5208
5211 5211
5220 5220
4324 5223
5225 5225
5389 5229
4624 5231
5232 5232
5235 5235
5236 5236
5239 5239
5135 5240
6128 5243
5244 5244
6505 5245
4402 5247
4052 5248
5469 5249
5250 5250
5251 5251
5252 5252
5869 5253
6033 5255
5259 5259
6094 5260
3756 5262
3917 5264
5778 5265
5266 5266
5829 5270
4773 5272
6583 5273
5275 5275
5636 5276
4075 5277
5134 5280
5721 5283
5291 5291
4367 5294
5295 5295
6868 5296
5297 5297
5880 5298
5801 5300
4921 5302
6440 5303
5304 5304
4075 5309
5311 5311
5314 5314
5316 5316
5689 5321
4640 5322
5323 5323
5324 5324
6291 5325
5327 5327
6134 5328
5329 5329
3858 5330
6058 5332
5138 5333
4397 5335
3708 5336
5339 5339
5341 5341
6350 5342
5343 5343
4365 5344
6384 5346
5349 5349
6521 5351
5820 5352
5353 5353
3914 5357
5360 5360
5362 5362
4733 5364
5880 5366
6418 5367
6710 5368
3918 5371
4582 5374
4066 5375
5377 5377
5378 5378
5379 5379
5829 5380
5381 5381
5147 5383
5385 5385
5387 5387
5388 5388
6585 5389
4013 5391
5393 5393
4753 5394
3863 5397
6553 5398
3741 5399
6390 5401
3883 5404
5406 5406
6327 5408
5409 5409
5410 5410
6595 5411
5530 5412
6594 5415
5264 5419
6455 5421
3850 5423
6621 5424
5773 5426
5429 5429
5437 5437
6040 5438
6572 5440
5441 5441
6026 5442
4161 5443
5445 5445
5446 5446
5447 5447
5917 5448
5806 5449
4881 5451
5452 5452
5453 5453
4873 5456
5458 5458
5460 5460
5462 5462
5817 5466
5468 5468
4604 5469
5428 5471
5472 5472
5173 5473
4604 5474
3810 5475
5359 5476
4295 5479
5480 5480
5481 5481
5484 5484
4582 5486
5487 5487
5489 5489
6618 5492
4950 5493
5494 5494
4435 5495
5497 5497
6359 5498
5499 5499
5501 5501
5238 5503
5507 5507
3795 5510
5511 5511
5512 5512
4313 5513
6169 5515
6845 5516
5517 5517
5522 5522
5523 5523
4913 5524
5453 5525
3776 5526
6585 5527
5528 5528
5529 5529
6376 5530
5531 5531
5532 5532
5645 5534
4989 5535
5536 5536
6800 5538
5539 5539
5621 5540
6178 5541
5542 5542
4119 5543
5012 5545
5548 5548
5549 5549
5550 5550
6509 5551
4842 5552
5553 5553
5554 5554
6654 5556
5806 5558
4268 5560
5495 5561
5302 5563
5923 5564
6094 5565
5567 5567
4201 5568
5569 5569
6439 5570
5401 5571
5573 5573
6743 5578
5580 5580
5581 5581
5583 5583
6357 5584
5190 5585
5806 5587
5590 5590
3799 5594
5801 5596
6536 5598
5600 5600
5602 5602
3981 5603
6583 5608
5609 5609
5703 5611
3688 5613
6743 5615
5619 5619
3833 5620
5038 5621
5071 5623
3870 5624
5625 5625
5627 5627
5630 5630
5634 5634
5635 5635
5636 5636
5637 5637
5975 5638
5640 5640
5641 5641
6491 5643
5042 5645
5646 5646
4432 5647
5702 5648
5883 5651
5797 5652
5325 5653
4794 5654
4075 5655
5659 5659
6583 5661
3772 5662
5663 5663
6316 5667
6165 5668
4243 5669
5783 5671
3833 5674
6585 5675
4111 5676
5677 5677
5679 5679
3904 5682
5684 5684
4010 5686
4163 5687
6129 5688
5689 5689
6845 5690
4459 5691
4767 5695
4772 5696
5697 5697
4753 5700
5702 5702
6524 5703
5705 5705
5706 5706
5708 5708
5709 5709
5325 5710
4707 5711
5408 5713
5806 5714
5716 5716
5717 5717
4855 5721
4571 5724
5807 5725
3688 5726
4047 5727
5516 5729
6795 5730
6734 5731
5733 5733
5441 5736
6171 5739
5740 5740
5742 5742
5745 5745
5746 5746
3744 5748
5750 5750
5751 5751
4069 5753
5754 5754
5678 5756
6668 5758
6828 5759
6082 5760
5649 5763
5765 5765
5767 5767
5334 5768
6594 5771
5212 5773
5775 5775
5777 5777
5778 5778
4839 5780
5782 5782
5783 5783
4226 5785
3784 5786
5071 5787
4606 5788
3711 5789
5683 5790
5794 5794
5923 5795
5796 5796
6806 5797
6616 5800
5801 5801
5802 5802
5806 5806
5807 5807
6583 5810
5811 5811
5812 5812
5813 5813
5814 5814
6813 5815
6296 5816
5820 5820
6094 5822
5823 5823
5825 5825
5829 5829
6013 5831
5834 5834
5835 5835
5071 5836
5837 5837
5838 5838
5839 5839
5840 5840
6098 5842
5844 5844
6825 5847
5127 5849
4238 5850
5851 5851
4448 5852
6059 5855
4753 5859
6665 5860
5862 5862
4070 5864
5521 5865
5020 5867
5869 5869
6654 5871
5872 5872
5701 5873
5823 5875
5656 5876
4697 5878
5879 5879
5881 5881
5882 5882
5377 5884
5975 5885
5886 5886
5887 5887
5890 5890
4842 5893
4382 5894
6271 5896
5897 5897
5514 5899
5656 5900
4290 5901
5902 5902
6610 5907
5262 5908
6658 5909
5910 5910
5645 5913
6509 5914
5915 5915
6074 5918
6355 5919
5310 5921
5922 5922
5234 5923
6567 5924
5927 5927
3764 5928
5929 5929
4947 5931
5932 5932
5933 5933
4739 5934
5935 5935
5872 5936
5806 5937
5938 5938
5939 5939
5806 5940
5346 5941
5883 5942
5387 5944
5638 5946
5949 5949
3765 5953
4234 5954
6736 5955
4607 5957
3755 5958
5959 5959
4055 5961
3792 5962
5806 5963
5966 5966
5314 5970
5977 5977
5978 5978
5979 5979
5980 5980
5981 5981
5983 5983
6459 5984
5985 5985
5987 5987
5988 5988
3941 5989
4122 5990
5991 5991
5806 5992
4108 5993
5994 5994
5995 5995
5996 5996
5601 5997
4009 5998
6000 6000
6005 6005
6690 6007
4722 6008
6011 6011
6471 6017
4315 6020
6024 6024
4340 6026
6660 6027
6029 6029
6813 6031
5806 6034
3833 6036
6459 6037
6039 6039
6045 6045
6074 6046
6583 6049
5561 6050
6054 6054
6055 6055
6056 6056
6059 6059
6064 6064
5277 6066
4142 6067
6069 6069
5976 6072
5233 6073
4238 6074
4705 6075
6650 6076
6077 6077
6078 6078
5168 6081
6082 6082
6083 6083
6084 6084
3947 6086
4920 6087
4870 6088
4632 6089
6090 6090
5191 6091
5806 6093
6095 6095
5199 6096
4431 6102
6711 6103
4988 6104
5627 6105
4070 6107
5560 6108
6331 6111
5245 6114
6115 6115
6116 6116
6117 6117
6119 6119
4105 6120
4903 6121
6690 6123
6715 6127
6594 6128
6130 6130
6181 6132
4147 6133
6829 6135
4001 6136
4791 6138
5897 6139
5042 6140
6142 6142
6143 6143
4060 6144
6658 6145
6147 6147
5180 6149
5054 6154
5466 6158
6159 6159
6160 6160
6161 6161
6162 6162
6163 6163
6165 6165
3965 6166
4902 6167
6168 6168
5885 6169
6185 6170
6663 6172
6175 6175
6658 6177
6179 6179
5663 6180
5622 6181
4258 6184
4382 6186
5989 6187
6193 6193
6195 6195
6196 6196
4075 6199
5510 6200
4921 6201
6472 6203
4652 6205
6209 6209
4879 6210
5669 6211
6654 6221
6224 6224
6225 6225
6227 6227
4029 6228
3763 6229
6230 6230
6231 6231
6235 6235
6238 6238
6324 6242
5450 6243
5580 6244
6248 6248
6249 6249
4261 6251
3794 6255
6256 6256
6257 6257
5337 6261
6264 6264
4588 6265
6783 6266
6267 6267
6459 6268
6271 6271
6275 6275
6276 6276
6435 6277
6280 6280
6281 6281
6282 6282
6285 6285
6286 6286
6705 6287
6288 6288
3676 6291
5585 6293
4954 6296
6074 6299
6300 6300
6302 6302
6303 6303
6658 6306
6609 6307
6309 6309
4990 6312
6315 6315
6316 6316
6317 6317
6319 6319
4903 6322
4711 6323
6326 6326
5011 6327
5571 6328
6781 6330
6334 6334
5810 6339
6341 6341
6049 6344
6349 6349
6819 6351
5515 6353
4985 6356
3875 6359
6360 6360
6365 6365
4386 6366
6367 6367
6368 6368
6370 6370
5181 6374
5178 6376
4070 6380
6381 6381
6383 6383
4217 6384
5555 6385
6388 6388
6389 6389
6235 6390
6392 6392
5332 6396
5071 6397
6402 6402
6573 6405
5295 6408
6410 6410
4731 6411
6412 6412
4492 6414
6420 6420
4402 6422
6423 6423
5076 6424
6426 6426
5810 6427
4226 6430
6431 6431
6432 6432
5359 6435
6438 6438
6439 6439
5214 6442
6443 6443
6444 6444
6446 6446
5985 6448
3811 6452
6129 6453
5071 6454
3815 6455
5334 6456
5582 6457
6460 6460
6464 6464
6467 6467
6468 6468
6715 6471
6473 6473
4469 6475
6477 6477
6479 6479
5049 6481
6170 6482
4214 6484
6486 6486
6499 6499
6235 6505
6502 6507
6508 6508
6510 6510
5679 6511
5332 6512
6594 6513
6516 6516
6878 6517
5547 6518
6050 6519
6808 6522
5591 6524
6526 6526
6527 6527
6529 6529
6074 6532
6533 6533
5017 6538
5071 6542
6066 6545
4823 6548
4604 6554
5242 6555
5806 6558
6559 6559
6560 6560
5654 6561
4402 6564
6566 6566
5944 6567
6569 6569
6570 6570
5751 6571
3798 6574
5975 6576
5264 6577
6415 6578
4842 6581
4913 6582
6585 6585
6587 6587
6588 6588
5275 6589
6690 6590
6591 6591
6592 6592
4160 6593
5299 6594
6595 6595
4911 6597
6598 6598
6599 6599
6600 6600
6129 6601
6602 6602
6603 6603
6583 6604
6605 6605
6606 6606
4406 6608
6609 6609
5377 6610
5463 6611
6613 6613
4241 6617
5493 6618
6743 6622
4628 6623
6625 6625
4172 6626
5160 6628
5801 6630
6631 6631
6633 6633
6279 6634
4791 6637
6638 6638
6639 6639
6129 6640
6644 6644
4069 6645
5627 6648
6329 6649
6425 6650
6766 6651
6308 6652
4731 6653
6583 6654
6657 6657
6245 6658
6659 6659
5311 6660
6662 6662
6726 6663
6329 6664
6665 6665
6666 6666
3745 6667
6583 6672
5975 6674
5698 6679
4235 6681
4508 6686
6688 6688
4409 6689
5829 6690
6691 6691
6694 6694
5895 6701
6828 6703
6704 6704
5107 6708
4504 6709
6346 6710
6713 6713
6714 6714
6715 6715
6718 6718
6719 6719
6721 6721
5530 6723
6725 6725
6727 6727
4813 6728
3854 6729
6731 6731
3939 6736
6737 6737
6739 6739
5751 6743
5076 6746
6129 6747
6750 6750
5020 6751
6754 6754
6756 6756
6758 6758
5788 6759
6654 6764
6767 6767
6768 6768
4842 6769
6770 6770
5619 6774
4401 6775
5520 6776
6778 6778
6030 6780
6784 6784
6785 6785
6717 6787
6788 6788
4147 6789
6791 6791
6793 6793
6794 6794
4596 6795
6797 6797
6801 6801
4258 6803
6807 6807
6808 6808
6809 6809
4075 6811
3965 6812
4075 6813
4960 6815
6268 6816
4500 6819
5195 6821
6823 6823
4161 6824
6724 6825
6827 6827
6768 6828
6829 6829
5834 6830
6832 6832
4406 6833
6834 6834
4310 6835
6813 6836
6838 6838
6839 6839
6841 6841
6842 6842
6844 6844
6472 6846
6848 6848
6338 6849
6850 6850
6621 6851
4052 6854
4960 6855
4818 6858
6859 6859
5214 6860
6232 6862
6865 6865
4273 6866
4177 6868
5016 6869
5810 6871
6872 6872
4010 6876
6724 6878
6880 6880
5353 6881
6488 6882
6884 6884
5783 6885
6129 6886
6264 6889
