1998 1998
2133 2133
2139 2139
2137 2137
2198 2198
2004 2004
2074 2074
2136 2136
2289 2289
2055 2055
2057 2057
2179 2179
2001 2001
2381 2381
2058 2058
2276 2276
2043 2043
2054 2054
2152 2152
2003 2003
2372 2372
2772 2772
2400 2400
2149 2149
2776 2776
5640 5640
2292 2292
2153 2153
2384 2384
2006 2006
2045 2045
2511 2511
2150 2150
2129 2129
2044 2044
5511 5511
5535 5535
2051 2051
2770 2770
5601 5601
2052 2052
2042 2042
2383 2383
2002 2002
5611 5611
2388 2388
2061 2061
2481 2481
2193 2193
2168 2168
2387 2387
2386 2386
5505 5505
2213 2213
2607 2607
5510 5510
2278 2278
2007 2007
1995 1995
2194 2194
2774 2774
2593 2593
5724 5724
3789 3789
3928 3928
2261 2261
2084 2084
1992 1992
3822 3822
328 328
3576 3576
1989 1989
5621 5621
2285 2285
227 227
408 408
36 36
5503 5503
3533 3533
1994 1994
3537 3537
5737 5737
3748 3748
3824 3824
3546 3546
3528 3528
26 26
2370 2370
3548 3548
3827 3827
2375 2375
1984 1984
410 410
2389 2389
3833 3833
238 238
3937 3937
5464 5464
3529 3529
37 37
3820 3820
237 237
2597 2597
340 340
3854 3854
2367 2367
3829 3829
3774 3774
2119 2119
3053 3053
2596 2596
3831 3831
41 41
2382 2382
2237 2237
1991 1991
5368 5368
239 239
5536 5536
5624 5624
25 25
18 18
276 276
2497 2497
3936 3936
30 30
2124 2124
236 236
2485 2485
3550 3550
1990 1990
2258 2258
3586 3586
3554 3554
2498 2498
17 17
312 312
5630 5630
434 434
1983 1983
3056 3056
3048 3048
5736 5736
5454 5454
293 293
418 418
3070 3070
43 43
3801 3801
343 343
311 311
3524 3524
1993 1993
244 244
3913 3913
31 31
5950 5950
327 327
2496 2496
34 34
3800 3800
317 317
292 292
5674 5674
48 48
1906 1906
5829 5829
27 27
3741 3741
3845 3845
3594 3594
3848 3848
6250 6250
429 429
3578 3578
5847 5847
3863 3863
5651 5651
3859 3859
5848 5848
3803 3803
3595 3595
2499 2499
3925 3925
310 310
439 439
432 432
228 228
2363 2363
341 341
3861 3861
315 315
2470 2470
339 339
353 353
3555 3555
44 44
6248 6248
3930 3930
81 81
3946 3946
5753 5753
318 318
3552 3552
277 277
3596 3596
279 279
32 32
3756 3756
2362 2362
2210 2210
5650 5650
5593 5593
5514 5514
5616 5616
3773 3773
119 119
49 49
3603 3603
3600 3600
6267 6267
2239 2239
5516 5516
3622 3622
3553 3553
3841 3841
436 436
3847 3847
3579 3579
3601 3601
325 325
280 280
5952 5952
231 231
3754 3754
5635 5635
3702 3702
5943 5943
2610 2610
82 82
2395 2395
229 229
3777 3777
2617 2617
2613 2613
3609 3609
5721 5721
5955 5955
2200 2200
86 86
2594 2594
5719 5719
5835 5835
63 63
5625 5625
6233 6233
5525 5525
2486 2486
67 67
5751 5751
2472 2472
3752 3752
52 52
5515 5515
2095 2095
5623 5623
2475 2475
116 116
5522 5522
3564 3564
2240 2240
5820 5820
6066 6066
359 359
2166 2166
2783 2783
3851 3851
3853 3853
5655 5655
64 64
5836 5836
2474 2474
11 11
5958 5958
2590 2590
2514 2514
3611 3611
2256 2256
2374 2374
74 74
3631 3631
138 138
261 261
6067 6067
456 456
6057 6057
5673 5673
2266 2266
5466 5466
5838 5838
2364 2364
6068 6068
5827 5827
90 90
100 100
126 126
2255 2255
6054 6054
5626 5626
6058 6058
8 8
2581 2581
5544 5544
2584 2584
2484 2484
3632 3632
141 141
93 93
2114 2114
2787 2787
2504 2504
57 57
2585 2585
5545 5545
2621 2621
5586 5586
3700 3700
5587 5587
3565 3565
2600 2600
2223 2223
5946 5946
94 94
3521 3521
2115 2115
5851 5851
5834 5834
2254 2254
3612 3612
5954 5954
2394 2394
2396 2396
3703 3703
2393 2393
191 191
2197 2197
2181 2181
143 143
3568 3568
3628 3628
5948 5948
2123 2123
2477 2477
5641 5641
2204 2204
5945 5945
5822 5822
2126 2126
2793 2793
232 232
5966 5966
5930 5930
2085 2085
3856 3856
5538 5538
6235 6235
2810 2810
5540 5540
3519 3519
2036 2036
6062 6062
5944 5944
6075 6075
15 15
5934 5934
2029 2029
6077 6077
5619 5619
10 10
3705 3705
5964 5964
2113 2113
6072 6072
156 156
5857 5857
2632 2632
2625 2625
2287 2287
5963 5963
3621 3621
128 128
5853 5853
55 55
5632 5632
266 266
5698 5698
6045 6045
5443 5443
2038 2038
2619 2619
421 421
5665 5665
3618 3618
5648 5648
3515 3515
6051 6051
6079 6079
5529 5529
5666 5666
5468 5468
2288 2288
3669 3669
6046 6046
2205 2205
5467 5467
5489 5489
2401 2401
3757 3757
5488 5488
2509 2509
5501 5501
6085 6085
5741 5741
2031 2031
1985 1985
5499 5499
5686 5686
5539 5539
2087 2087
1987 1987
2280 2280
2700 2700
144 144
3052 3052
2220 2220
5718 5718
2217 2217
2705 2705
2681 2681
3656 3656
2092 2092
2564 2564
2701 2701
2250 2250
2517 2517
2013 2013
5681 5681
2639 2639
155 155
2683 2683
3704 3704
2636 2636
5867 5867
2635 2635
267 267
2014 2014
5976 5976
157 157
5965 5965
2685 2685
3518 3518
2022 2022
5497 5497
2524 2524
2182 2182
2017 2017
2071 2071
2715 2715
2523 2523
2072 2072
5986 5986
5866 5866
6080 6080
6025 6025
5496 5496
2233 2233
5726 5726
5852 5852
2704 2704
5692 5692
5985 5985
5694 5694
2073 2073
2569 2569
6103 6103
2279 2279
2457 2457
2441 2441
2650 2650
5745 5745
2432 2432
5982 5982
6102 6102
5555 5555
2526 2526
2033 2033
2272 2272
5981 5981
103 103
6090 6090
6088 6088
145 145
6013 6013
2688 2688
3668 3668
7 7
2684 2684
2652 2652
2712 2712
6101 6101
2016 2016
5574 5574
2019 2019
6146 6146
6147 6147
2089 2089
2216 2216
2656 2656
2667 2667
3908 3908
2743 2743
5714 5714
3646 3646
2066 2066
5869 5869
2020 2020
2299 2299
6130 6130
6159 6159
5734 5734
5485 5485
2542 2542
5871 5871
2758 2758
5743 5743
6131 6131
2709 2709
260 260
3794 3794
136 136
5712 5712
2533 2533
5803 5803
5493 5493
5679 5679
2567 2567
2535 2535
377 377
2550 2550
406 406
3795 3795
2648 2648
5484 5484
5988 5988
392 392
5918 5918
2573 2573
2647 2647
5556 5556
5760 5760
2147 2147
2759 2759
5893 5893
5527 5527
2241 2241
6112 6112
6163 6163
2428 2428
2100 2100
3706 3706
2436 2436
5763 5763
5664 5664
2433 2433
2456 2456
2678 2678
2689 2689
2646 2646
2654 2654
5994 5994
6110 6110
3673 3673
6031 6031
2332 2332
2671 2671
2460 2460
2420 2420
5533 5533
2733 2733
5663 5663
5483 5483
6019 6019
2208 2208
2554 2554
6136 6136
2579 2579
2108 2108
5997 5997
5991 5991
6034 6034
5804 5804
6005 6005
2206 2206
5806 5806
5793 5793
5474 5474
2559 2559
2300 2300
2672 2672
2537 2537
5876 5876
2740 2740
0 0
161 161
5783 5783
5761 5761
6169 6169
6108 6108
3045 3045
6170 6170
6219 6219
5762 5762
2345 2345
2110 2110
3163 3163
363 363
6172 6172
6137 6137
149 149
6139 6139
6022 6022
5889 5889
3881 3881
5479 5479
393 393
2529 2529
6220 6220
6009 6009
2427 2427
2737 2737
6039 6039
5689 5689
3894 3894
5807 5807
374 374
5571 5571
5764 5764
6154 6154
6153 6153
2563 2563
2423 2423
5767 5767
365 365
5992 5992
3770 3770
2723 2723
5778 5778
2437 2437
2434 2434
2317 2317
6177 6177
3707 3707
362 362
2760 2760
5772 5772
517 517
6155 6155
1935 1935
5486 5486
5740 5740
2722 2722
401 401
6037 6037
2725 2725
3807 3807
2308 2308
5560 5560
5572 5572
166 166
6124 6124
2346 2346
5777 5777
5568 5568
5564 5564
2312 2312
6023 6023
5787 5787
6038 6038
5695 5695
2541 2541
3670 3670
3003 3003
3709 3709
5920 5920
5790 5790
5563 5563
5809 5809
3895 3895
2103 2103
3002 3002
5552 5552
1766 1766
2316 2316
1943 1943
198 198
2738 2738
3816 3816
1854 1854
5475 5475
6363 6363
4244 4244
2461 2461
3001 3001
2418 2418
2945 2945
2468 2468
6364 6364
5567 5567
2244 2244
1891 1891
2467 2467
2726 2726
1858 1858
269 269
5405 5405
1919 1919
2448 2448
6194 6194
6455 6455
2438 2438
5880 5880
2989 2989
4261 4261
3004 3004
5769 5769
5773 5773
2426 2426
388 388
5908 5908
2996 2996
1357 1357
5339 5339
5788 5788
178 178
485 485
5886 5886
2944 2944
533 533
3691 3691
504 504
2306 2306
5811 5811
5816 5816
5799 5799
5341 5341
3710 3710
2425 2425
258 258
5302 5302
4262 4262
6461 6461
1827 1827
3693 3693
5789 5789
4246 4246
6218 6218
2286 2286
5393 5393
1936 1936
3678 3678
3884 3884
448 448
2942 2942
1961 1961
1942 1942
2451 2451
5390 5390
5350 5350
5383 5383
5391 5391
199 199
2874 2874
2939 2939
6421 6421
396 396
5813 5813
4242 4242
773 773
4263 4263
5420 5420
4754 4754
5387 5387
2769 2769
1356 1356
6401 6401
1949 1949
4241 4241
2768 2768
1851 1851
6435 6435
5384 5384
1962 1962
5702 5702
2243 2243
5240 5240
2324 2324
3050 3050
475 475
1944 1944
6360 6360
5878 5878
6433 6433
6434 6434
6453 6453
3732 3732
5800 5800
6185 6185
1975 1975
5923 5923
2310 2310
3782 3782
2321 2321
6187 6187
5349 5349
1939 1939
6755 6755
5406 5406
3738 3738
6422 6422
6446 6446
169 169
2728 2728
6439 6439
2979 2979
2895 2895
369 369
4247 4247
2938 2938
3938 3938
168 168
2736 2736
360 360
2976 2976
2984 2984
5782 5782
1440 1440
505 505
1261 1261
6764 6764
387 387
468 468
715 715
1902 1902
2974 2974
1593 1593
6406 6406
1281 1281
1952 1952
2948 2948
784 784
777 777
5439 5439
1826 1826
6365 6365
714 714
1965 1965
1839 1839
2336 2336
3781 3781
2338 2338
308 308
2333 2333
6765 6765
2964 2964
6837 6837
1614 1614
1946 1946
3796 3796
1445 1445
2935 2935
1883 1883
1609 1609
2334 2334
6397 6397
1913 1913
6444 6444
204 204
1918 1918
2873 2873
1571 1571
1444 1444
754 754
6754 6754
2978 2978
5400 5400
1576 1576
5318 5318
5888 5888
2934 2934
1589 1589
5928 5928
5317 5317
2967 2967
1556 1556
2941 2941
1625 1625
5899 5899
739 739
1966 1966
1567 1567
6739 6739
760 760
1876 1876
509 509
2897 2897
5382 5382
2352 2352
1613 1613
2354 2354
6440 6440
3680 3680
4168 4168
1505 1505
6701 6701
5896 5896
4912 4912
1568 1568
5315 5315
1616 1616
1603 1603
1933 1933
6707 6707
2898 2898
1566 1566
1600 1600
759 759
1914 1914
5438 5438
1283 1283
1435 1435
2982 2982
6208 6208
1612 1612
6744 6744
495 495
2963 2963
1877 1877
1980 1980
4913 4913
1695 1695
5891 5891
2960 2960
6710 6710
1978 1978
1977 1977
1901 1901
6658 6658
2962 2962
6663 6663
6675 6675
1579 1579
6640 6640
1702 1702
6665 6665
5927 5927
270 270
6652 6652
6698 6698
1573 1573
3888 3888
790 790
6212 6212
1904 1904
1948 1948
6656 6656
4763 4763
6660 6660
1834 1834
4914 4914
1700 1700
1597 1597
6697 6697
1752 1752
4074 4074
6354 6354
6886 6886
6678 6678
1912 1912
3737 3737
1549 1549
6646 6646
6671 6671
1628 1628
1626 1626
1744 1744
5380 5380
1723 1723
6200 6200
202 202
5344 5344
201 201
3726 3726
4873 4873
6634 6634
182 182
3965 3965
1595 1595
2752 2752
6666 6666
6751 6751
6182 6182
6229 6229
4977 4977
6747 6747
1879 1879
6690 6690
6631 6631
5345 5345
6645 6645
1388 1388
1599 1599
5314 5314
6614 6614
5409 5409
1561 1561
5297 5297
6669 6669
1619 1619
1601 1601
5288 5288
1686 1686
1443 1443
6650 6650
6638 6638
3341 3341
4854 4854
1688 1688
3962 3962
6745 6745
6355 6355
1699 1699
6718 6718
6839 6839
1690 1690
6190 6190
1647 1647
4916 4916
1742 1742
2970 2970
6227 6227
1284 1284
4892 4892
1598 1598
1692 1692
3958 3958
6706 6706
1623 1623
6637 6637
4918 4918
1621 1621
514 514
3875 3875
5435 5435
1652 1652
6816 6816
6424 6424
2906 2906
1552 1552
4779 4779
4077 4077
4073 4073
1660 1660
1542 1542
6611 6611
1910 1910
1585 1585
5289 5289
6192 6192
1558 1558
6683 6683
4228 4228
4075 4075
3874 3874
6644 6644
4013 4013
1726 1726
5287 5287
5906 5906
4085 4085
1663 1663
6717 6717
1650 1650
1649 1649
4850 4850
1664 1664
1557 1557
4084 4084
4082 4082
6395 6395
3695 3695
3337 3337
4056 4056
1541 1541
4307 4307
3340 3340
4187 4187
2908 2908
1588 1588
4096 4096
6623 6623
6682 6682
1696 1696
4780 4780
6817 6817
6628 6628
6502 6502
1622 1622
3271 3271
1578 1578
6834 6834
1418 1418
6749 6749
6620 6620
1833 1833
4186 4186
1407 1407
4807 4807
6699 6699
4070 4070
1749 1749
530 530
5052 5052
481 481
1627 1627
6809 6809
6479 6479
3406 3406
3078 3078
6626 6626
3283 3283
5158 5158
3278 3278
1286 1286
4080 4080
1569 1569
1711 1711
3289 3289
5056 5056
6832 6832
1643 1643
2894 2894
1314 1314
3229 3229
4189 4189
4170 4170
5239 5239
1410 1410
1684 1684
4777 4777
3357 3357
4111 4111
764 764
3267 3267
1393 1393
3006 3006
4154 4154
6599 6599
1543 1543
6317 6317
4908 4908
4826 4826
1680 1680
6282 6282
5326 5326
1662 1662
6314 6314
3316 3316
3255 3255
734 734
5024 5024
1661 1661
3282 3282
3301 3301
1708 1708
3171 3171
1422 1422
5195 5195
1391 1391
5160 5160
5059 5059
2969 2969
6315 6315
3280 3280
3068 3068
5051 5051
4900 4900
1428 1428
6330 6330
1406 1406
1195 1195
723 723
3062 3062
3292 3292
4185 4185
3420 3420
3060 3060
5028 5028
6485 6485
3318 3318
5018 5018
3290 3290
3279 3279
6812 6812
6323 6323
1900 1900
3363 3363
3168 3168
1408 1408
736 736
5312 5312
4872 4872
2931 2931
5335 5335
5347 5347
4061 4061
6730 6730
4224 4224
6598 6598
5292 5292
3223 3223
3243 3243
6396 6396
3226 3226
2953 2953
1638 1638
4110 4110
6804 6804
4078 4078
1635 1635
6603 6603
943 943
5226 5226
4112 4112
1657 1657
6807 6807
4136 4136
3247 3247
6792 6792
1236 1236
5017 5017
3347 3347
557 557
3067 3067
4132 4132
3214 3214
6844 6844
3211 3211
6481 6481
6727 6727
3348 3348
1387 1387
1759 1759
1747 1747
5196 5196
6830 6830
3264 3264
1409 1409
5063 5063
3212 3212
3314 3314
3262 3262
788 788
561 561
4883 4883
4767 4767
6769 6769
3440 3440
3369 3369
5029 5029
1874 1874
558 558
3298 3298
1429 1429
4736 4736
5156 5156
895 895
5198 5198
1583 1583
3073 3073
769 769
6811 6811
4881 4881
3371 3371
6482 6482
4058 4058
6606 6606
5041 5041
3254 3254
5072 5072
1737 1737
3442 3442
1683 1683
1634 1634
5155 5155
5053 5053
5199 5199
6774 6774
4896 4896
3241 3241
3063 3063
2868 2868
749 749
1351 1351
1731 1731
6274 6274
553 553
6313 6313
4816 4816
545 545
4194 4194
6499 6499
4818 4818
6795 6795
730 730
3327 3327
4197 4197
929 929
689 689
483 483
688 688
642 642
6785 6785
6724 6724
3367 3367
4778 4778
4306 4306
4901 4901
4728 4728
5043 5043
1245 1245
4127 4127
1396 1396
1419 1419
1397 1397
1830 1830
5039 5039
4744 4744
5054 5054
668 668
599 599
1637 1637
3495 3495
684 684
6845 6845
3506 3506
6487 6487
214 214
2867 2867
1416 1416
3435 3435
3201 3201
1386 1386
5295 5295
6604 6604
3043 3043
3220 3220
3231 3231
6865 6865
5074 5074
4126 4126
3252 3252
1255 1255
652 652
4682 4682
6863 6863
5078 5078
6725 6725
1538 1538
3248 3248
551 551
6488 6488
5092 5092
6500 6500
6836 6836
5211 5211
6426 6426
1717 1717
5032 5032
4151 4151
3064 3064
1672 1672
3039 3039
6695 6695
4740 4740
4196 4196
2819 2819
5034 5034
5213 5213
6857 6857
4725 4725
5081 5081
5124 5124
686 686
4775 4775
6575 6575
1311 1311
570 570
658 658
3331 3331
1510 1510
4428 4428
6859 6859
6350 6350
3041 3041
6332 6332
6723 6723
4683 4683
2997 2997
6616 6616
1508 1508
4651 4651
6864 6864
6617 6617
4429 4429
6827 6827
4097 4097
6618 6618
4882 4882
3203 3203
3038 3038
6581 6581
2862 2862
2871 2871
4086 4086
3198 3198
3330 3330
5374 5374
163 163
1190 1190
6281 6281
6856 6856
3375 3375
1244 1244
4862 4862
572 572
878 878
724 724
927 927
3391 3391
571 571
653 653
5014 5014
6735 6735
6601 6601
1670 1670
3033 3033
1352 1352
1814 1814
4697 4697
6861 6861
6787 6787
1214 1214
6783 6783
6835 6835
1758 1758
4135 4135
5271 5271
4737 4737
659 659
5193 5193
4192 4192
1754 1754
4652 4652
1755 1755
1331 1331
2866 2866
3202 3202
6867 6867
3207 3207
3035 3035
5093 5093
4342 4342
6470 6470
4212 4212
6828 6828
4139 4139
5270 5270
4878 4878
4979 4979
4341 4341
4753 4753
701 701
4406 4406
6597 6597
2893 2893
4809 4809
6596 6596
1200 1200
4705 4705
6393 6393
1673 1673
6579 6579
752 752
1215 1215
3445 3445
3769 3769
1164 1164
4710 4710
594 594
5040 5040
6826 6826
1669 1669
3079 3079
3395 3395
1268 1268
4367 4367
4223 4223
4821 4821
1213 1213
5163 5163
153 153
4145 4145
4790 4790
5080 5080
6722 6722
5125 5125
5038 5038
4751 4751
4404 4404
4889 4889
3037 3037
5378 5378
5375 5375
1165 1165
4894 4894
3036 3036
1199 1199
3892 3892
6567 6567
693 693
5278 5278
3400 3400
4701 4701
5281 5281
3029 3029
3077 3077
3382 3382
4217 4217
4215 4215
4709 4709
6564 6564
3378 3378
6457 6457
618 618
3423 3423
4898 4898
6565 6565
4685 4685
4276 4276
6800 6800
4233 4233
729 729
5192 5192
4380 4380
3466 3466
2830 2830
3425 3425
4806 4806
4232 4232
4814 4814
4174 4174
635 635
3145 3145
6605 6605
648 648
2857 2857
5085 5085
4231 4231
6562 6562
3195 3195
3447 3447
4093 4093
6339 6339
1402 1402
5272 5272
4897 4897
641 641
2876 2876
4122 4122
4689 4689
6585 6585
3205 3205
3411 3411
5117 5117
5145 5145
4680 4680
6869 6869
4221 4221
4706 4706
4277 4277
3142 3142
6571 6571
4402 4402
2845 2845
3026 3026
2951 2951
4405 4405
3235 3235
3453 3453
3468 3468
3451 3451
4166 4166
1223 1223
4090 4090
5111 5111
4364 4364
4234 4234
614 614
3724 3724
6574 6574
1305 1305
6568 6568
4366 4366
422 422
2885 2885
5119 5119
4953 4953
6291 6291
3127 3127
4804 4804
6592 6592
5234 5234
4150 4150
6391 6391
4302 4302
5116 5116
624 624
1768 1768
3460 3460
4987 4987
6338 6338
5144 5144
3143 3143
4785 4785
5045 5045
6547 6547
1202 1202
3177 3177
5146 5146
215 215
3182 3182
3417 3417
6347 6347
2858 2858
918 918
3476 3476
3410 3410
4344 4344
6523 6523
4299 4299
3682 3682
4426 4426
4922 4922
3760 3760
3504 3504
3135 3135
3234 3234
5037 5037
4240 4240
2883 2883
3008 3008
4704 4704
5099 5099
636 636
3429 3429
4116 4116
6308 6308
3427 3427
6876 6876
4812 4812
941 941
923 923
4921 4921
1327 1327
5148 5148
6381 6381
171 171
4407 4407
4271 4271
4238 4238
4961 4961
3183 3183
5179 5179
922 922
5354 5354
3206 3206
305 305
4957 4957
5107 5107
5178 5178
4959 4959
1303 1303
2881 2881
603 603
1769 1769
4329 4329
1897 1897
1326 1326
2831 2831
4962 4962
650 650
6586 6586
674 674
4377 4377
1140 1140
6385 6385
4198 4198
880 880
6573 6573
829 829
6525 6525
3172 3172
6580 6580
4328 4328
4688 4688
4691 4691
921 921
4964 4964
860 860
6302 6302
3184 3184
2823 2823
590 590
6304 6304
4646 4646
5143 5143
3470 3470
5266 5266
4717 4717
1201 1201
2832 2832
6587 6587
4282 4282
620 620
6542 6542
1130 1130
3404 3404
812 812
6878 6878
5225 5225
4784 4784
5265 5265
4722 4722
4757 4757
4952 4952
4123 4123
300 300
6537 6537
3216 3216
4674 4674
6543 6543
936 936
3334 3334
3507 3507
4747 4747
1137 1137
1809 1809
2915 2915
6522 6522
6468 6468
676 676
830 830
4398 4398
3188 3188
3500 3500
400 400
1515 1515
1203 1203
6371 6371
5333 5333
4956 4956
3158 3158
747 747
5172 5172
4014 4014
654 654
4411 4411
5262 5262
1488 1488
4623 4623
6369 6369
1811 1811
1275 1275
751 751
677 677
3293 3293
1324 1324
1129 1129
4750 4750
3511 3511
1122 1122
794 794
4960 4960
6875 6875
4687 4687
6292 6292
1161 1161
5261 5261
3814 3814
6532 6532
6376 6376
1487 1487
5183 5183
1323 1323
4923 4923
4412 4412
6529 6529
831 831
463 463
6544 6544
1132 1132
1789 1789
4955 4955
2912 2912
1795 1795
6514 6514
6286 6286
863 863
3320 3320
6383 6383
4399 4399
6295 6295
2918 2918
3191 3191
4546 4546
4327 4327
6534 6534
4545 4545
4104 4104
1864 1864
4354 4354
663 663
1124 1124
1881 1881
2829 2829
3086 3086
6388 6388
1791 1791
5247 5247
1532 1532
6389 6389
4730 4730
840 840
1057 1057
4622 4622
1787 1787
445 445
5244 5244
4606 4606
4968 4968
720 720
6475 6475
5256 5256
3120 3120
802 802
3766 3766
4121 4121
844 844
4836 4836
5251 5251
4288 4288
4675 4675
1227 1227
2917 2917
1822 1822
303 303
4621 4621
1448 1448
1449 1449
4926 4926
4567 4567
1453 1453
3099 3099
3090 3090
1784 1784
1821 1821
6296 6296
424 424
841 841
1297 1297
4564 4564
783 783
657 657
6559 6559
1781 1781
4543 4543
4420 4420
1019 1019
857 857
4544 4544
1212 1212
3110 3110
6530 6530
767 767
4419 4419
843 843
4576 4576
1018 1018
4715 4715
1121 1121
1241 1241
1792 1792
1162 1162
3112 3112
1893 1893
3108 3108
1055 1055
1056 1056
6541 6541
4447 4447
1048 1048
1205 1205
6285 6285
4565 4565
2910 2910
1123 1123
6510 6510
2880 2880
4694 4694
253 253
5189 5189
1189 1189
5200 5200
5138 5138
5255 5255
211 211
3764 3764
4577 4577
1265 1265
6538 6538
4733 4733
3106 3106
1524 1524
1011 1011
1002 1002
3472 3472
1369 1369
4391 4391
1128 1128
3155 3155
992 992
1274 1274
4335 4335
1535 1535
4460 4460
1044 1044
1894 1894
4352 4352
2825 2825
4353 4353
913 913
4842 4842
3141 3141
3098 3098
5201 5201
937 937
721 721
5002 5002
4619 4619
3139 3139
4316 4316
4638 4638
3091 3091
4388 4388
4550 4550
6560 6560
6288 6288
2927 2927
1316 1316
1010 1010
1020 1020
4639 4639
934 934
3689 3689
1177 1177
4386 4386
1169 1169
1802 1802
1370 1370
1178 1178
1067 1067
4578 4578
6374 6374
4746 4746
3157 3157
4999 4999
4985 4985
4317 4317
1125 1125
4390 4390
766 766
1112 1112
2836 2836
1006 1006
4446 4446
6520 6520
1014 1014
4389 4389
3104 3104
6512 6512
1145 1145
4843 4843
1160 1160
1033 1033
987 987
1519 1519
883 883
1480 1480
6299 6299
4338 4338
955 955
765 765
4971 4971
4503 4503
1799 1799
4615 4615
1063 1063
1518 1518
4340 4340
1375 1375
1078 1078
1064 1064
3115 3115
3016 3016
4336 4336
1039 1039
1003 1003
254 254
4443 4443
1175 1175
176 176
4458 4458
4431 4431
4935 4935
1013 1013
4444 4444
6557 6557
4387 4387
1798 1798
884 884
2824 2824
3150 3150
6871 6871
4940 4940
4668 4668
1073 1073
4641 4641
1040 1040
3140 3140
385 385
4847 4847
384 384
3105 3105
4575 4575
1114 1114
1521 1521
4632 4632
4536 4536
6518 6518
1460 1460
4392 4392
1174 1174
1168 1168
834 834
909 909
4484 4484
412 412
983 983
2914 2914
981 981
4992 4992
882 882
4479 4479
3134 3134
1008 1008
6873 6873
4657 4657
1075 1075
4607 4607
990 990
4597 4597
5001 5001
1167 1167
1182 1182
4513 4513
4432 4432
4663 4663
4361 4361
971 971
956 956
898 898
875 875
976 976
4533 4533
6504 6504
4337 4337
4467 4467
4514 4514
899 899
1032 1032
1071 1071
1159 1159
4320 4320
3093 3093
4369 4369
1187 1187
836 836
3475 3475
4360 4360
1105 1105
3137 3137
4573 4573
4310 4310
1093 1093
4393 4393
1458 1458
4465 4465
1465 1465
985 985
4655 4655
4522 4522
4919 4919
4359 4359
975 975
4471 4471
877 877
3130 3130
1031 1031
4357 4357
4527 4527
4440 4440
2913 2913
4322 4322
1142 1142
5136 5136
6550 6550
870 870
837 837
4553 4553
1080 1080
4941 4941
848 848
4552 4552
4441 4441
6872 6872
4492 4492
1103 1103
960 960
3083 3083
1248 1248
973 973
4519 4519
4528 4528
4628 4628
4530 4530
1249 1249
1455 1455
1144 1144
3133 3133
4801 4801
968 968
1042 1042
4325 4325
1141 1141
1456 1456
1263 1263
4297 4297
1118 1118
3096 3096
1077 1077
4537 4537
4451 4451
945 945
1464 1464
1094 1094
6546 6546
4462 4462
1478 1478
957 957
4654 4654
901 901
854 854
4950 4950
1468 1468
4452 4452
1367 1367
1446 1446
952 952
3082 3082
1076 1076
1091 1091
4988 4988
4493 4493
1183 1183
3128 3128
1322 1322
906 906
4930 4930
905 905
4936 4936
903 903
4437 4437
4583 4583
4580 4580
1454 1454
4582 4582
