0 0
5564 5
4981 6
7 7
8 8
5373 9
10 10
11 11
15 15
3261 16
17 17
18 18
4623 22
2305 24
25 25
26 26
27 27
30 30
31 31
32 32
6335 33
34 34
36 36
37 37
5698 39
942 40
41 41
43 43
44 44
48 48
49 49
52 52
6052 54
55 55
5857 56
57 57
1848 60
63 63
64 64
6658 66
67 67
2322 69
770 72
3352 73
74 74
2201 75
1917 77
4718 78
81 81
82 82
3873 83
1810 84
2519 85
86 86
90 90
2044 91
863 92
93 93
94 94
100 100
6565 101
103 103
3837 108
5768 109
112 112
2214 113
1247 114
4610 115
116 116
119 119
120 120
122 122
123 123
126 126
128 128
3826 130
4135 131
5224 132
136 136
6640 137
138 138
394 139
141 141
143 143
144 144
145 145
3376 146
149 149
3706 150
4892 151
153 153
155 155
156 156
157 157
6537 158
780 159
3175 160
161 161
163 163
6180 165
166 166
5007 167
168 168
169 169
2411 170
171 171
176 176
178 178
4909 179
2674 181
182 182
6174 183
6716 184
6323 185
4331 188
191 191
198 198
199 199
201 201
202 202
204 204
132 207
581 208
209 209
210 210
211 211
214 214
215 215
3282 217
218 218
2214 220
222 222
4380 223
1027 224
227 227
228 228
229 229
1934 230
231 231
232 232
1797 234
236 236
237 237
238 238
239 239
244 244
6821 250
3620 252
253 253
254 254
494 256
2161 257
258 258
3202 259
260 260
261 261
1308 262
1316 263
266 266
267 267
235 268
269 269
270 270
1753 271
3374 272
5840 274
426 275
276 276
277 277
279 279
280 280
2813 281
2606 283
2470 284
285 285
3124 288
292 292
293 293
6153 295
297 297
1850 298
300 300
4135 301
302 302
303 303
305 305
2651 307
308 308
6660 309
310 310
311 311
312 312
553 313
315 315
2121 316
317 317
318 318
6640 319
2214 323
6003 324
325 325
327 327
328 328
2822 330
5721 335
4887 337
339 339
340 340
341 341
1916 342
343 343
3735 344
2394 345
6825 346
351 351
353 353
5076 354
359 359
360 360
362 362
363 363
365 365
1753 367
369 369
3374 370
5708 372
4498 373
374 374
377 377
5581 380
3031 382
384 384
385 385
387 387
388 388
389 389
5411 390
392 392
393 393
396 396
6826 397
400 400
401 401
3847 403
406 406
993 407
408 408
3414 409
410 410
412 412
4840 413
1588 415
5731 416
1860 417
418 418
5585 420
421 421
422 422
3073 423
424 424
1800 425
4131 428
429 429
432 432
434 434
436 436
5611 437
5939 438
439 439
441 441
4757 442
445 445
446 446
447 447
448 448
449 449
6036 450
452 452
5611 455
456 456
3778 457
463 463
464 464
466 466
2831 467
468 468
470 470
4668 472
473 473
475 475
6682 476
480 480
481 481
2431 482
483 483
3282 484
485 485
4609 494
495 495
4558 496
498 498
6830 500
5253 502
504 504
505 505
507 507
508 508
509 509
1506 512
514 514
515 515
517 517
5863 518
3276 519
2069 521
3731 523
524 524
525 525
529 529
530 530
531 531
533 533
534 534
2849 536
537 537
538 538
542 542
544 544
545 545
5639 547
551 551
553 553
5786 554
5305 555
6323 556
557 557
558 558
3225 559
560 560
561 561
563 563
566 566
569 569
570 570
571 571
572 572
1672 574
5634 576
4453 579
580 580
217 581
586 586
590 590
591 591
3627 592
594 594
5066 597
599 599
2633 601
5166 602
603 603
6411 604
755 605
949 609
5542 610
614 614
2214 615
618 618
6198 619
620 620
5542 621
5590 622
624 624
1130 625
6568 626
6845 630
68 633
635 635
636 636
1858 638
5442 639
641 641
642 642
648 648
1267 649
650 650
652 652
653 653
654 654
4025 655
657 657
658 658
659 659
6596 662
663 663
3236 664
6820 666
5979 667
668 668
674 674
6277 675
676 676
677 677
4371 679
6883 680
683 683
684 684
3176 685
686 686
688 688
689 689
292 690
6853 691
693 693
4658 694
6710 695
3202 696
2116 699
441 700
701 701
3706 702
5602 704
980 708
342 713
714 714
715 715
717 717
718 718
584 719
720 720
721 721
443 722
723 723
724 724
965 726
729 729
730 730
909 733
734 734
736 736
739 739
2714 741
2287 742
747 747
6008 748
749 749
751 751
752 752
753 753
754 754
1251 755
758 758
759 759
760 760
1807 761
764 764
765 765
766 766
767 767
769 769
771 771
5661 772
773 773
4892 776
777 777
2214 778
240 779
4413 781
1353 782
783 783
784 784
788 788
1380 789
790 790
1290 792
2959 793
794 794
6668 795
5730 797
2838 798
774 799
802 802
803 803
5488 807
812 812
817 817
818 818
5933 824
961 826
1070 828
829 829
830 830
831 831
5054 832
834 834
836 836
837 837
5612 838
840 840
841 841
4053 842
843 843
844 844
706 845
5487 846
848 848
6080 852
6611 853
854 854
2214 855
4321 856
857 857
4229 858
5363 859
860 860
1015 861
5305 862
863 863
789 864
2157 865
1100 869
870 870
5879 871
6410 872
1086 873
875 875
877 877
878 878
880 880
882 882
883 883
884 884
5305 885
6594 886
6718 888
6789 889
5821 890
895 895
3825 896
4757 897
898 898
899 899
6366 900
901 901
981 902
903 903
905 905
906 906
3143 907
909 909
942 911
913 913
5384 914
5842 916
918 918
520 919
4704 920
921 921
922 922
923 923
4892 926
927 927
929 929
4757 932
4849 933
934 934
936 936
937 937
5576 939
941 941
943 943
945 945
4254 946
952 952
1194 954
955 955
956 956
957 957
4892 958
960 960
98 962
2622 963
2606 967
968 968
971 971
973 973
6084 974
975 975
976 976
1868 977
981 981
983 983
2460 984
985 985
276 986
987 987
483 989
990 990
992 992
9 994
5901 995
5255 997
5586 998
608 1001
1002 1002
1003 1003
5581 1005
1006 1006
500 1007
1008 1008
1010 1010
1011 1011
1013 1013
1014 1014
769 1015
4655 1016
1018 1018
1019 1019
1020 1020
781 1022
480 1027
705 1028
6856 1030
1031 1031
1032 1032
1033 1033
4245 1034
3135 1035
5901 1037
6507 1038
1039 1039
1040 1040
1042 1042
6723 1043
1044 1044
6417 1047
1048 1048
4887 1049
4147 1051
444 1053
1868 1054
1055 1055
1056 1056
1057 1057
4625 1060
4091 1062
1063 1063
1064 1064
1067 1067
123 1069
1071 1071
1073 1073
5495 1074
1075 1075
1076 1076
1077 1077
1078 1078
1080 1080
2928 1081
2735 1084
4281 1086
1091 1091
864 1092
1093 1093
1094 1094
3043 1096
5096 1100
1103 1103
1105 1105
2511 1106
63 1108
1851 1109
1404 1110
1112 1112
6061 1113
1114 1114
601 1115
2069 1116
1118 1118
6137 1119
1121 1121
1122 1122
1123 1123
1124 1124
1125 1125
6188 1126
4920 1127
1128 1128
1129 1129
1130 1130
3072 1131
1132 1132
901 1136
1137 1137
2713 1139
1140 1140
1141 1141
1142 1142
1144 1144
1145 1145
6746 1151
982 1157
3681 1158
1159 1159
1160 1160
1161 1161
1162 1162
1164 1164
1165 1165
6668 1166
1167 1167
1168 1168
1169 1169
2325 1170
5427 1172
4224 1173
1174 1174
1175 1175
3282 1176
1177 1177
1178 1178
1818 1181
1182 1182
1183 1183
5345 1186
1187 1187
1189 1189
1190 1190
4907 1192
1195 1195
2710 1196
4435 1197
1199 1199
1200 1200
1201 1201
1202 1202
1203 1203
1205 1205
2641 1206
3438 1207
1212 1212
1213 1213
1214 1214
1215 1215
427 1216
526 1217
2161 1218
4776 1220
6867 1222
1223 1223
2756 1224
5400 1226
1227 1227
6041 1233
4091 1235
1236 1236
6762 1238
1553 1239
5602 1240
1241 1241
2893 1242
1244 1244
1245 1245
1248 1248
1249 1249
1255 1255
6180 1257
2724 1258
1261 1261
1263 1263
1265 1265
2806 1267
1268 1268
1626 1271
1274 1274
1275 1275
1279 1279
872 1280
1281 1281
1283 1283
1284 1284
1286 1286
4588 1287
1288 1288
3194 1289
5989 1292
5224 1294
1297 1297
3760 1298
3256 1301
1522 1302
1303 1303
4701 1304
1305 1305
5479 1309
6080 1310
1311 1311
1314 1314
1316 1316
6536 1317
5623 1318
345 1319
248 1321
1322 1322
1323 1323
1324 1324
1326 1326
1327 1327
1493 1328
1634 1329
1331 1331
5848 1334
1651 1335
5178 1339
755 1340
5692 1344
6231 1345
2959 1346
5530 1350
1351 1351
1352 1352
1356 1356
1357 1357
5539 1358
3954 1361
1739 1363
946 1364
2551 1365
1367 1367
1369 1369
1370 1370
1598 1373
1375 1375
6084 1377
1463 1378
1801 1382
1386 1386
1387 1387
1388 1388
1753 1390
1391 1391
2798 1392
1393 1393
4736 1395
1396 1396
1397 1397
1198 1398
4996 1401
1402 1402
5395 1403
1406 1406
1407 1407
1408 1408
1409 1409
1410 1410
1589 1413
5432 1415
1416 1416
1418 1418
1419 1419
5835 1420
1422 1422
755 1426
1428 1428
1429 1429
1234 1432
1433 1433
1435 1435
1440 1440
1442 1442
1443 1443
1444 1444
1445 1445
1446 1446
1448 1448
1449 1449
2506 1451
5347 1452
1453 1453
1454 1454
1455 1455
1456 1456
826 1457
1458 1458
1460 1460
3235 1461
1778 1462
250 1463
1464 1464
1465 1465
4053 1466
1468 1468
6362 1470
5201 1471
6201 1474
1478 1478
1480 1480
5901 1481
4892 1482
1487 1487
1488 1488
2743 1491
2196 1494
6682 1495
5677 1496
1498 1498
1218 1500
5586 1504
1505 1505
6550 1507
1508 1508
2615 1509
1510 1510
6107 1511
5947 1513
6188 1514
1515 1515
1882 1517
1518 1518
1519 1519
1521 1521
5604 1523
1524 1524
83 1525
823 1526
809 1527
2340 1528
5753 1531
1532 1532
2184 1533
1535 1535
1536 1536
1537 1537
1538 1538
1541 1541
1542 1542
1543 1543
5108 1544
1545 1545
1549 1549
3011 1551
1552 1552
2431 1553
2514 1555
1556 1556
1557 1557
1558 1558
962 1560
1561 1561
2664 1563
2501 1565
1566 1566
1567 1567
1568 1568
1569 1569
2305 1570
1571 1571
1573 1573
6818 1574
3094 1575
1576 1576
1578 1578
1579 1579
2296 1580
1583 1583
1585 1585
1769 1587
1588 1588
1589 1589
1593 1593
1595 1595
1597 1597
1598 1598
1599 1599
1600 1600
1601 1601
1603 1603
5135 1607
1609 1609
1612 1612
1613 1613
1614 1614
1616 1616
2542 1617
1548 1618
1619 1619
1621 1621
1622 1622
1623 1623
1625 1625
1626 1626
1627 1627
1628 1628
4555 1630
3496 1631
1634 1634
1635 1635
6099 1636
1637 1637
1638 1638
5973 1639
1643 1643
2411 1645
4761 1646
1647 1647
1649 1649
1650 1650
1652 1652
5968 1655
344 1656
1657 1657
4140 1658
1660 1660
1661 1661
1662 1662
1663 1663
1664 1664
1669 1669
1670 1670
1672 1672
1673 1673
2801 1676
4757 1677
1680 1680
2214 1681
1683 1683
1684 1684
1686 1686
1688 1688
2677 1689
1690 1690
1692 1692
1695 1695
1696 1696
4024 1697
1699 1699
1700 1700
1702 1702
1708 1708
1769 1710
1711 1711
5512 1712
4419 1713
5639 1716
1717 1717
3473 1721
1723 1723
718 1724
1726 1726
5979 1727
6198 1728
301 1729
3896 1730
1731 1731
2631 1733
2018 1734
2201 1736
1737 1737
6530 1738
1267 1740
1742 1742
1744 1744
2214 1746
1747 1747
1749 1749
1752 1752
1754 1754
1755 1755
3086 1756
5455 1757
1758 1758
1759 1759
1761 1761
1186 1762
1766 1766
909 1767
1768 1768
1769 1769
1770 1770
6670 1773
3250 1779
6613 1780
1781 1781
5753 1782
1784 1784
1787 1787
1789 1789
1794 1790
1791 1791
1792 1792
2529 1793
1795 1795
33 1797
1798 1798
1799 1799
5835 1801
1802 1802
6785 1804
233 1805
1809 1809
1811 1811
1814 1814
6562 1818
2716 1820
1821 1821
1822 1822
4892 1824
1826 1826
1827 1827
1830 1830
775 1831
1833 1833
1834 1834
1839 1839
6861 1842
1493 1848
3808 1850
1851 1851
1854 1854
1753 1856
4259 1857
1858 1858
5694 1859
3776 1860
6067 1862
1864 1864
3690 1865
780 1866
5901 1867
956 1869
1874 1874
1876 1876
1877 1877
1879 1879
2381 1880
1881 1881
1883 1883
3397 1886
1891 1891
1893 1893
1894 1894
1897 1897
2636 1898
1900 1900
1901 1901
1902 1902
1904 1904
1906 1906
1753 1907
1910 1910
1912 1912
1913 1913
1914 1914
1456 1916
1918 1918
1919 1919
4283 1920
5278 1921
5960 1923
1696 1928
230 1929
6674 1930
2214 1932
1933 1933
1063 1934
1935 1935
1936 1936
5411 1938
1939 1939
4542 1941
1942 1942
1943 1943
1944 1944
462 1945
1946 1946
956 1947
1948 1948
1949 1949
4992 1951
1952 1952
6667 1955
1961 1961
1962 1962
3775 1964
1965 1965
1966 1966
5768 1968
1975 1975
360 1976
1977 1977
1978 1978
2725 1979
1980 1980
6668 1982
1983 1983
1984 1984
1985 1985
1987 1987
1989 1989
1990 1990
1991 1991
1992 1992
1993 1993
1994 1994
1995 1995
1998 1998
6750 1999
6476 2000
2001 2001
2002 2002
2003 2003
2004 2004
2006 2006
2007 2007
1512 2008
1658 2012
2013 2013
2014 2014
2016 2016
2017 2017
5237 2018
2019 2019
2020 2020
2022 2022
211 2023
6076 2025
3145 2026
2214 2027
2029 2029
2031 2031
2269 2032
2033 2033
5746 2035
2036 2036
3829 2037
2038 2038
6242 2039
2042 2042
2043 2043
2044 2044
2045 2045
5512 2046
5029 2048
268 2049
2051 2051
2052 2052
2054 2054
2055 2055
2057 2057
2058 2058
2061 2061
482 2063
5432 2065
2066 2066
2759 2069
2071 2071
2072 2072
2073 2073
2074 2074
2896 2077
5502 2078
6113 2079
6180 2081
2084 2084
2085 2085
2087 2087
5677 2088
2089 2089
2092 2092
5113 2093
2095 2095
2193 2098
2248 2099
2100 2100
5901 2101
2103 2103
3740 2107
2108 2108
2110 2110
5138 2112
2113 2113
2114 2114
2115 2115
2902 2116
6555 2117
2118 2118
2119 2119
2123 2123
2124 2124
2126 2126
3861 2127
5113 2128
2129 2129
2133 2133
2136 2136
2137 2137
2139 2139
3953 2140
4539 2141
2132 2142
5960 2143
2147 2147
2149 2149
2150 2150
2152 2152
2153 2153
584 2154
5462 2155
2563 2157
1313 2158
6375 2159
226 2160
3352 2161
5009 2162
2166 2166
5090 2167
2168 2168
6180 2170
144 2171
4849 2172
2809 2173
5746 2178
2179 2179
1753 2180
2181 2181
2182 2182
1078 2185
2193 2193
2194 2194
3627 2195
1879 2196
2197 2197
2198 2198
2200 2200
2204 2204
2205 2205
2206 2206
2208 2208
2210 2210
512 2212
2213 2213
1938 2214
4284 2215
2216 2216
2217 2217
2218 2218
5520 2219
2220 2220
5381 2221
2223 2223
4775 2225
4655 2226
6586 2227
5411 2231
2013 2232
2233 2233
1375 2234
3629 2235
2237 2237
684 2238
2239 2239
2240 2240
2241 2241
1119 2242
2243 2243
2244 2244
2250 2250
5645 2252
2254 2254
2255 2255
2256 2256
2258 2258
5426 2260
2261 2261
6080 2265
2266 2266
6313 2270
1665 2271
2272 2272
5901 2274
4096 2275
2276 2276
2278 2278
2279 2279
2280 2280
4217 2282
2285 2285
2286 2286
2287 2287
2288 2288
2289 2289
1179 2290
6045 2291
2292 2292
2530 2298
2299 2299
2300 2300
2214 2302
4530 2304
5005 2305
2306 2306
2308 2308
2310 2310
3334 2311
2312 2312
3040 2313
5478 2314
2316 2316
2317 2317
6863 2320
2321 2321
2324 2324
4711 2330
2332 2332
2333 2333
2334 2334
2336 2336
2338 2338
2928 2343
2345 2345
2346 2346
812 2347
3811 2348
1215 2350
4485 2351
2352 2352
444 2353
2354 2354
568 2355
5840 2357
2362 2362
2363 2363
2364 2364
2367 2367
2370 2370
2372 2372
79 2373
2374 2374
2375 2375
4245 2376
4709 2377
4132 2380
2381 2381
2382 2382
2383 2383
2384 2384
2385 2385
2386 2386
2387 2387
2388 2388
2389 2389
1658 2392
2393 2393
2394 2394
2395 2395
2396 2396
2400 2400
2401 2401
221 2402
6180 2405
6019 2409
6245 2412
1011 2416
2418 2418
563 2419
2420 2420
2423 2423
2425 2425
2426 2426
2427 2427
2428 2428
1080 2431
2432 2432
2433 2433
2434 2434
2436 2436
2437 2437
2438 2438
1395 2440
2441 2441
5604 2442
4998 2445
1431 2447
2448 2448
1876 2449
2451 2451
2540 2452
2456 2456
2457 2457
353 2458
1205 2459
2460 2460
2461 2461
2200 2462
2467 2467
2468 2468
2470 2470
2472 2472
2474 2474
2475 2475
2477 2477
2481 2481
2484 2484
2485 2485
2486 2486
1953 2487
589 2488
6109 2490
4068 2495
2496 2496
2497 2497
2498 2498
2499 2499
2504 2504
5450 2505
2509 2509
2511 2511
797 2512
2514 2514
5677 2515
2517 2517
1848 2520
964 2522
2523 2523
2524 2524
5954 2525
2526 2526
2529 2529
1887 2531
2533 2533
1608 2534
2535 2535
2537 2537
1356 2540
2541 2541
2542 2542
6075 2545
1428 2546
2547 2547
2550 2550
2554 2554
5606 2556
2571 2558
2559 2559
4692 2562
2563 2563
2564 2564
5793 2565
2567 2567
2569 2569
5154 2571
2573 2573
3101 2574
6323 2578
2579 2579
1691 2580
2581 2581
2015 2583
2584 2584
2585 2585
980 2586
2599 2587
2590 2590
2593 2593
2594 2594
2596 2596
2597 2597
3519 2598
6743 2599
2600 2600
5879 2602
2607 2607
2610 2610
2613 2613
2617 2617
2619 2619
2621 2621
2261 2622
2811 2623
2625 2625
3010 2626
833 2627
2998 2629
2034 2631
2632 2632
1239 2633
2635 2635
2636 2636
316 2637
2639 2639
746 2640
4645 2641
6802 2642
2646 2646
2647 2647
2648 2648
2650 2650
2652 2652
2654 2654
6492 2655
2656 2656
2824 2658
5979 2663
2842 2665
30 2666
2667 2667
4411 2670
2671 2671
2672 2672
4498 2673
5602 2676
2678 2678
444 2679
1848 2680
2681 2681
3570 2682
2683 2683
2684 2684
2685 2685
1607 2686
1778 2687
2688 2688
2689 2689
781 2694
4456 2696
4692 2697
521 2699
2700 2700
2701 2701
4188 2702
2704 2704
2705 2705
2106 2707
2709 2709
2055 2711
2712 2712
3900 2713
2715 2715
1305 2716
1762 2720
2722 2722
2723 2723
990 2724
2725 2725
2726 2726
2728 2728
2376 2730
6187 2731
2733 2733
2736 2736
2737 2737
2738 2738
2740 2740
517 2742
2743 2743
5790 2745
2214 2746
109 2748
2752 2752
2758 2758
2759 2759
2760 2760
5722 2761
4994 2765
2768 2768
2769 2769
2770 2770
2772 2772
1255 2773
2774 2774
2776 2776
4380 2778
6372 2781
2783 2783
3466 2784
2787 2787
2095 2788
2793 2793
2794 2794
2795 2795
4782 2796
2799 2799
3682 2800
2805 2805
6290 2806
2807 2807
2808 2808
3681 2809
2810 2810
2811 2811
2672 2812
5054 2813
2814 2814
2815 2815
2817 2817
948 2818
2819 2819
5244 2821
752 2822
2823 2823
2824 2824
2825 2825
2829 2829
2830 2830
2831 2831
2832 2832
4892 2833
2836 2836
1163 2840
6127 2843
2214 2844
2845 2845
88 2847
2650 2856
2857 2857
2858 2858
3399 2861
2862 2862
2626 2864
2866 2866
2867 2867
2868 2868
1605 2869
2871 2871
2873 2873
2874 2874
950 2875
2876 2876
5947 2877
2599 2878
6410 2879
2880 2880
2881 2881
2883 2883
2885 2885
1278 2890
2893 2893
2894 2894
2895 2895
2897 2897
2898 2898
1883 2902
2905 2905
2906 2906
2908 2908
2910 2910
3706 2911
2912 2912
2913 2913
2914 2914
2915 2915
2064 2916
2917 2917
2918 2918
1103 2919
4507 2921
6462 2922
2927 2927
2931 2931
6462 2933
2934 2934
2935 2935
2938 2938
2939 2939
2941 2941
2942 2942
2944 2944
2945 2945
2948 2948
2842 2949
2951 2951
2953 2953
4670 2957
5634 2958
2960 2960
25 2961
2962 2962
2963 2963
2964 2964
109 2966
2967 2967
2969 2969
2970 2970
5113 2971
137 2973
2974 2974
5093 2975
2976 2976
5602 2977
2978 2978
2979 2979
2982 2982
2984 2984
5707 2985
6180 2986
3815 2988
2989 2989
319 2990
1317 2995
2996 2996
2997 2997
2189 2999
3001 3001
3002 3002
3003 3003
3004 3004
349 3005
3006 3006
3008 3008
565 3009
6485 3010
6113 3012
5614 3015
3016 3016
123 3017
6757 3018
5909 3019
330 3021
6640 3025
3026 3026
1635 3027
6151 3028
3029 3029
1015 3031
3033 3033
3629 3034
3035 3035
3036 3036
3037 3037
3038 3038
3039 3039
1317 3040
3041 3041
3043 3043
5979 3044
3045 3045
3048 3048
6280 3049
3050 3050
5783 3051
3052 3052
3053 3053
3056 3056
3058 3058
3060 3060
6299 3061
3062 3062
3063 3063
3064 3064
3067 3067
3068 3068
3070 3070
1361 3071
3073 3073
3618 3074
3077 3077
3078 3078
3079 3079
815 3080
2507 3081
3082 3082
3083 3083
3086 3086
3090 3090
3091 3091
5473 3092
3093 3093
5012 3095
3096 3096
3098 3098
3099 3099
3452 3100
89 3101
1283 3102
2116 3103
3104 3104
3105 3105
3106 3106
3108 3108
3110 3110
3112 3112
1353 3113
3115 3115
5901 3116
4996 3119
3120 3120
2262 3122
3127 3127
3128 3128
3355 3129
3130 3130
2854 3131
5463 3132
3133 3133
3134 3134
3135 3135
2953 3136
3137 3137
3139 3139
3140 3140
3141 3141
3142 3142
3143 3143
3145 3145
3150 3150
3155 3155
3157 3157
3158 3158
1504 3159
2483 3161
3564 3162
3163 3163
611 3164
2717 3167
3168 3168
3171 3171
3172 3172
1915 3173
3177 3177
772 3181
3182 3182
3183 3183
3184 3184
463 3185
3188 3188
553 3189
4935 3190
3191 3191
6141 3192
259 3193
5487 3194
3195 3195
3198 3198
3201 3201
3202 3202
3203 3203
3205 3205
3206 3206
3207 3207
1945 3208
3705 3209
3211 3211
3212 3212
3214 3214
5485 3215
3216 3216
5436 3218
3220 3220
5160 3221
1374 3222
3223 3223
3226 3226
3229 3229
3231 3231
3234 3234
3235 3235
2871 3236
2172 3238
992 3239
83 3240
3241 3241
3243 3243
755 3246
3247 3247
3248 3248
3343 3250
5901 3251
3252 3252
3254 3254
3255 3255
2772 3256
6182 3259
4891 3260
5160 3261
3262 3262
3264 3264
3267 3267
2874 3270
3271 3271
1768 3272
6862 3273
1576 3275
4020 3276
3278 3278
3279 3279
3280 3280
3282 3282
3283 3283
3289 3289
3290 3290
998 3291
3292 3292
3293 3293
2508 3296
5818 3297
3298 3298
3301 3301
6734 3312
3314 3314
3316 3316
3318 3318
3320 3320
5979 3323
114 3324
3327 3327
2507 3329
3330 3330
3331 3331
3334 3334
3614 3336
3337 3337
5446 3339
3340 3340
3341 3341
3250 3343
3383 3344
4421 3345
3347 3347
3348 3348
6397 3353
3357 3357
2663 3360
3363 3363
952 3366
3367 3367
3369 3369
361 3370
3371 3371
4892 3372
3151 3374
3375 3375
3378 3378
4729 3380
3382 3382
3391 3391
3282 3394
3395 3395
4873 3396
1880 3397
348 3398
1620 3399
3400 3400
33 3403
3404 3404
3406 3406
2345 3409
3410 3410
3411 3411
668 3416
3417 3417
3420 3420
3423 3423
3425 3425
3427 3427
3429 3429
2748 3430
5500 3433
474 3434
3435 3435
2735 3438
5634 3439
3440 3440
3442 3442
3445 3445
3447 3447
394 3448
3451 3451
3453 3453
3186 3455
3460 3460
4336 3461
3156 3462
4890 3463
6266 3465
3466 3466
6550 3467
3468 3468
6348 3469
3470 3470
3472 3472
1629 3474
3475 3475
3476 3476
1768 3479
2551 3480
9 3484
3486 3486
1753 3487
2390 3488
3495 3495
5434 3496
5901 3497
2597 3499
3500 3500
1213 3501
3504 3504
5470 3505
3506 3506
3507 3507
1634 3508
2625 3510
3511 3511
1288 3514
3515 3515
5521 3516
3518 3518
3519 3519
3521 3521
5268 3522
3524 3524
6408 3525
4706 3526
6776 3527
3528 3528
3529 3529
1395 3531
6393 3532
3533 3533
4190 3536
3537 3537
3541 3541
422 3544
3546 3546
3548 3548
3550 3550
3552 3552
3553 3553
3554 3554
3555 3555
4655 3556
3520 3558
5403 3560
2209 3561
3564 3564
3565 3565
3568 3568
1131 3570
4674 3573
2271 3574
1744 3575
3576 3576
741 3577
3578 3578
3579 3579
2606 3581
6047 3582
4259 3583
3586 3586
3406 3587
5438 3588
1298 3589
3274 3593
3594 3594
3595 3595
3596 3596
1088 3599
3600 3600
3601 3601
3603 3603
6746 3605
3609 3609
3611 3611
3612 3612
1649 3613
4967 3614
1758 3615
3618 3618
2132 3619
3621 3621
3622 3622
4815 3624
3628 3628
5768 3629
3631 3631
3632 3632
3633 3633
4892 3634
3637 3637
3638 3638
3044 3640
3643 3643
1069 3644
3646 3646
3629 3647
6075 3650
3519 3651
5848 3653
3457 3654
3656 3656
6734 3658
5756 3661
3665 3665
2665 3666
3668 3668
3669 3669
3670 3670
3673 3673
4045 3675
3678 3678
2945 3679
3680 3680
3682 3682
3684 3684
3685 3685
4731 3688
3689 3689
3691 3691
3863 3692
3693 3693
3695 3695
5608 3697
4055 3698
6832 3699
3700 3700
3706 3701
3702 3702
3703 3703
3704 3704
3705 3705
3706 3706
3707 3707
3967 3708
3709 3709
3710 3710
3712 3712
3966 3713
4060 3715
5602 3718
2842 3719
4048 3721
3723 3723
3724 3724
3725 3725
3726 3726
3728 3728
4064 3729
3730 3730
3731 3731
3732 3732
3733 3733
4905 3734
3735 3735
3737 3737
3738 3738
3710 3740
3741 3741
4045 3744
4360 3745
4128 3747
3748 3748
3752 3752
3844 3753
3754 3754
3756 3756
3757 3757
3760 3760
5535 3763
3764 3764
2311 3765
3766 3766
880 3767
3769 3769
3770 3770
5411 3771
3773 3773
3774 3774
3820 3775
4562 3776
3777 3777
3781 3781
3782 3782
3968 3785
3926 3788
3789 3789
3903 3790
3794 3794
3795 3795
3796 3796
3797 3797
3798 3798
3800 3800
3801 3801
3803 3803
4061 3805
3807 3807
3696 3808
3811 3811
3994 3812
3814 3814
3816 3816
3820 3820
6750 3821
3822 3822
3824 3824
162 3825
5602 3826
3827 3827
3828 3828
3829 3829
3830 3830
3831 3831
5834 3832
3833 3833
6326 3836
3841 3841
4042 3842
3710 3844
3845 3845
3847 3847
3848 3848
3851 3851
3692 3852
3853 3853
3854 3854
4849 3855
3856 3856
3857 3857
3859 3859
3861 3861
1100 3862
3863 3863
3864 3864
4245 3866
3925 3870
3874 3874
3875 3875
4027 3878
3008 3880
3881 3881
3883 3883
3884 3884
3886 3886
3888 3888
4163 3891
3892 3892
4060 3893
3894 3894
3895 3895
870 3897
3901 3901
6301 3904
4053 3905
3906 3906
3908 3908
4041 3912
3913 3913
6743 3914
3775 3919
3803 3920
583 3921
2945 3922
3924 3924
3925 3925
3928 3928
3930 3930
3744 3931
3934 3934
3935 3935
3936 3936
3937 3937
3938 3938
3940 3940
3941 3941
3942 3942
4024 3943
3946 3946
4061 3949
2025 3950
5168 3952
4009 3955
3956 3956
3957 3957
3958 3958
3962 3962
3923 3964
3965 3965
3876 3968
3969 3969
4068 3970
3975 3975
3976 3976
3977 3977
4015 3978
3979 3979
3980 3980
2474 3982
3985 3985
392 3987
1823 3988
3989 3989
3698 3995
4000 4000
4001 4001
4002 4002
4004 4004
684 4006
4009 4009
4010 4010
3242 4011
4013 4013
4014 4014
4115 4015
4096 4017
5602 4019
4021 4021
4023 4023
4025 4025
4029 4029
2928 4031
4032 4032
6866 4033
2094 4034
4035 4035
4036 4036
4038 4038
4042 4042
4045 4045
4046 4046
4047 4047
4048 4048
3780 4054
3723 4055
4056 4056
3820 4057
4058 4058
4061 4061
4062 4062
4063 4063
4064 4064
4065 4065
4067 4067
4070 4070
4071 4071
3690 4072
4073 4073
4074 4074
4075 4075
4077 4077
4078 4078
4041 4079
4080 4080
1992 4081
4082 4082
4084 4084
4085 4085
4086 4086
4090 4090
4092 4092
4093 4093
4096 4096
4097 4097
4053 4102
4025 4103
4104 4104
3961 4109
4110 4110
4111 4111
4112 4112
5732 4115
4116 4116
4150 4120
4121 4121
4122 4122
4123 4123
5378 4124
4126 4126
4127 4127
3997 4129
4132 4132
3633 4134
4135 4135
4136 4136
4139 4139
780 4144
4145 4145
2214 4148
4150 4150
4151 4151
4917 4152
5249 4153
4154 4154
1987 4159
4161 4161
4166 4166
5901 4167
4168 4168
3519 4169
4170 4170
2161 4171
6707 4172
4174 4174
477 4180
3250 4182
3876 4183
4185 4185
4186 4186
4187 4187
4189 4189
4192 4192
50 4193
4194 4194
4974 4195
4196 4196
4197 4197
4198 4198
1803 4200
1353 4205
2566 4206
173 4207
3119 4208
4212 4212
649 4213
48 4214
4215 4215
2515 4216
4217 4217
4221 4221
6564 4222
4223 4223
4224 4224
4228 4228
4231 4231
4232 4232
4233 4233
4234 4234
350 4235
1020 4236
4238 4238
4240 4240
4241 4241
4242 4242
3629 4243
4244 4244
4246 4246
4247 4247
4251 4251
4252 4252
4282 4254
5864 4255
774 4256
4261 4261
4262 4262
4263 4263
5084 4264
4907 4265
4640 4266
4891 4269
4270 4270
4271 4271
4276 4276
4277 4277
5565 4279
6478 4281
4282 4282
5722 4283
6054 4285
4288 4288
6137 4292
239 4294
4297 4297
4299 4299
4302 4302
4306 4306
4307 4307
4310 4310
4414 4312
6163 4313
4314 4314
4316 4316
4317 4317
84 4318
4320 4320
5511 4321
4322 4322
1286 4324
4325 4325
1614 4326
4327 4327
4328 4328
4329 4329
4563 4330
4757 4333
4335 4335
4336 4336
4337 4337
4338 4338
4340 4340
4341 4341
4342 4342
4344 4344
2784 4347
4612 4348
1992 4349
2959 4351
4352 4352
4353 4353
4354 4354
5646 4355
4357 4357
1753 4358
4359 4359
4360 4360
4361 4361
4364 4364
4366 4366
4367 4367
4369 4369
5195 4373
5421 4376
4377 4377
3129 4379
4380 4380
2325 4382
4386 4386
4387 4387
4388 4388
4389 4389
4390 4390
4391 4391
4392 4392
4393 4393
4398 4398
4399 4399
4282 4401
4402 4402
3785 4403
4404 4404
4405 4405
4406 4406
4407 4407
5433 4409
4411 4411
4412 4412
2428 4414
780 4415
1473 4416
5080 4417
5443 4418
4419 4419
4420 4420
5792 4422
4392 4424
4426 4426
1821 4427
4428 4428
4429 4429
4431 4431
4432 4432
4437 4437
6766 4439
4440 4440
4441 4441
4443 4443
4444 4444
1658 4445
4446 4446
4447 4447
6475 4449
6721 4450
4451 4451
4452 4452
5802 4454
1747 4455
4458 4458
1456 4459
4460 4460
1456 4461
4462 4462
6708 4464
4465 4465
4467 4467
4471 4471
6652 4474
6188 4475
308 4476
3826 4478
4479 4479
1282 4483
4484 4484
5939 4485
5220 4486
333 4487
5617 4490
3970 4491
4492 4492
4493 4493
1506 4494
3600 4499
4503 4503
3368 4504
2320 4507
5912 4512
4513 4513
4514 4514
2470 4516
4519 4519
4522 4522
1812 4524
5162 4526
4527 4527
4528 4528
4530 4530
4533 4533
5473 4534
4536 4536
4537 4537
4513 4539
3010 4540
4543 4543
4544 4544
4545 4545
4546 4546
4550 4550
460 4551
4552 4552
4553 4553
4926 4558
780 4559
1858 4560
4564 4564
4565 4565
5938 4566
4567 4567
4573 4573
5164 4574
4575 4575
4576 4576
4577 4577
4578 4578
4580 4580
4420 4581
4582 4582
4583 4583
2325 4585
2825 4588
19 4592
5901 4593
4208 4594
6379 4596
4597 4597
1769 4598
4625 4600
5318 4601
5373 4603
3117 4605
4606 4606
4607 4607
6873 4608
1570 4609
3570 4611
4615 4615
2431 4617
1194 4618
4619 4619
4621 4621
4622 4622
4623 4623
2705 4624
6458 4627
4628 4628
2020 4629
3808 4631
4632 4632
985 4633
3568 4637
4638 4638
4639 4639
1336 4640
4641 4641
6403 4643
331 4645
4646 4646
4651 4651
4652 4652
4654 4654
4655 4655
4657 4657
3787 4660
4663 4663
4729 4664
4668 4668
2721 4669
4627 4670
1087 4671
5181 4672
4674 4674
4675 4675
4680 4680
4194 4681
4682 4682
4683 4683
4685 4685
5358 4686
4687 4687
4688 4688
4689 4689
4691 4691
5877 4692
4694 4694
5565 4695
1239 4696
4697 4697
6198 4700
4701 4701
4704 4704
4705 4705
4706 4706
4709 4709
4710 4710
1753 4712
4715 4715
1821 4716
4717 4717
2660 4718
4720 4720
4722 4722
6080 4723
4725 4725
2313 4726
4728 4728
5652 4729
4730 4730
2099 4731
4733 4733
4736 4736
4737 4737
6475 4738
5539 4739
4740 4740
237 4741
1428 4743
4744 4744
4746 4746
4747 4747
4750 4750
4751 4751
4753 4753
4754 4754
1807 4755
1753 4756
4757 4757
30 4758
2647 4759
4832 4760
4762 4762
4763 4763
4767 4767
4768 4768
219 4771
4775 4775
4777 4777
4778 4778
4779 4779
4780 4780
674 4782
6553 4783
4784 4784
4785 4785
4787 4787
2788 4788
6169 4789
4790 4790
6075 4791
5113 4797
4801 4801
4804 4804
4806 4806
4807 4807
4809 4809
4736 4810
4812 4812
4814 4814
2056 4815
4816 4816
1753 4817
4818 4818
4771 4819
4821 4821
3970 4822
581 4823
5798 4825
4826 4826
5411 4827
2969 4828
282 4830
5901 4831
2250 4835
4836 4836
4842 4842
4843 4843
4847 4847
1041 4849
4850 4850
2764 4853
4854 4854
1558 4857
4862 4862
399 4863
1019 4864
1609 4865
1779 4867
5308 4869
4872 4872
4873 4873
5865 4874
4072 4877
4878 4878
4497 4879
4881 4881
4882 4882
4883 4883
3250 4885
4886 4886
2380 4888
4889 4889
5007 4890
4891 4891
4892 4892
4894 4894
5380 4895
4896 4896
4897 4897
4898 4898
4900 4900
4901 4901
3843 4903
5979 4905
4908 4908
4912 4912
4913 4913
4914 4914
4916 4916
5893 4917
4918 4918
4919 4919
4921 4921
4922 4922
4923 4923
6336 4925
4926 4926
1351 4927
1804 4929
4930 4930
4935 4935
4936 4936
266 4937
3564 4938
6408 4939
4940 4940
4941 4941
6606 4948
4950 4950
3179 4951
4952 4952
4953 4953
4955 4955
4956 4956
4957 4957
4959 4959
4960 4960
4961 4961
4962 4962
4485 4963
4964 4964
2447 4966
5830 4967
4968 4968
3947 4969
4971 4971
5268 4973
4977 4977
4979 4979
2732 4980
4985 4985
4987 4987
4988 4988
1692 4990
2848 4991
4992 4992
6530 4994
2563 4996
6338 4997
4999 4999
5001 5001
5002 5002
2372 5004
4764 5005
2271 5006
5007 5007
5008 5008
4891 5011
5013 5013
5014 5014
5017 5017
5018 5018
3629 5022
5024 5024
5243 5026
6030 5027
5028 5028
5029 5029
4136 5030
5312 5031
5032 5032
5034 5034
5748 5035
5037 5037
5038 5038
5039 5039
5040 5040
5041 5041
3313 5042
5043 5043
2936 5044
5045 5045
1959 5046
3414 5047
1810 5048
5051 5051
5052 5052
5053 5053
5054 5054
5056 5056
5059 5059
5063 5063
1194 5066
3540 5068
5072 5072
5074 5074
4437 5076
4810 5077
5078 5078
5080 5080
5081 5081
947 5082
1809 5084
5085 5085
6193 5086
5564 5088
2713 5089
239 5090
5092 5092
5093 5093
4188 5094
5099 5099
993 5100
5101 5101
6370 5102
4704 5105
3684 5106
5107 5107
5111 5111
811 5115
5116 5116
5117 5117
3569 5118
5119 5119
3224 5121
1753 5122
5124 5124
5125 5125
5078 5132
4620 5135
5136 5136
6867 5137
5138 5138
5143 5143
5144 5144
5145 5145
5146 5146
5148 5148
6403 5149
789 5152
5155 5155
5156 5156
4648 5157
5158 5158
5160 5160
6550 5161
5163 5163
2681 5165
16 5169
3343 5170
973 5171
5172 5172
2855 5174
5566 5175
5178 5178
5179 5179
5183 5183
5125 5186
5188 5188
5189 5189
391 5191
5192 5192
5193 5193
5195 5195
5196 5196
5901 5197
5198 5198
5199 5199
5200 5200
5201 5201
2974 5209
5211 5211
5213 5213
600 5215
1848 5216
6397 5217
5901 5219
4091 5220
4601 5223
5225 5225
5226 5226
5229 5229
935 5230
4887 5232
5234 5234
5235 5235
3642 5237
5239 5239
5240 5240
5346 5241
5244 5244
5247 5247
5511 5250
5251 5251
76 5252
2527 5254
5255 5255
5256 5256
6638 5259
4640 5260
5261 5261
5262 5262
3258 5263
5265 5265
5266 5266
56 5268
5270 5270
5271 5271
5272 5272
1915 5274
5278 5278
5281 5281
5446 5283
5287 5287
5288 5288
5289 5289
970 5290
5292 5292
1181 5293
5295 5295
5297 5297
153 5298
5302 5302
5303 5303
923 5304
2187 5309
5312 5312
5314 5314
5315 5315
503 5316
5317 5317
5318 5318
3568 5323
4297 5324
5326 5326
2894 5331
5332 5332
5333 5333
6757 5334
5335 5335
5339 5339
725 5340
5341 5341
4757 5343
5344 5344
5345 5345
5347 5347
5349 5349
5350 5350
3408 5353
5354 5354
6257 5355
5357 5357
58 5358
6512 5361
5368 5368
5423 5370
4091 5372
6463 5373
5374 5374
5375 5375
5378 5378
5380 5380
5382 5382
5383 5383
5384 5384
6372 5386
5387 5387
1485 5388
5390 5390
5391 5391
5393 5393
1179 5394
4269 5396
5402 5398
5400 5400
6274 5404
5405 5405
5406 5406
5409 5409
3990 5411
6701 5412
5102 5414
5420 5420
848 5422
667 5429
2713 5430
137 5432
1241 5433
2813 5434
5435 5435
5438 5438
5439 5439
4701 5441
6408 5442
5443 5443
1149 5445
2383 5446
5411 5447
2505 5450
5968 5452
5454 5454
4935 5458
1636 5459
5284 5460
1298 5461
5464 5464
5466 5466
5467 5467
5468 5468
4004 5469
6460 5470
1260 5471
5474 5474
5475 5475
5476 5476
5477 5477
6640 5478
5479 5479
58 5482
5483 5483
5484 5484
5485 5485
5486 5486
5488 5488
5489 5489
3654 5490
5493 5493
5842 5495
5496 5496
5497 5497
1413 5498
5499 5499
297 5500
5501 5501
5503 5503
5505 5505
1056 5506
3978 5508
2871 5509
5510 5510
5511 5511
5514 5514
5515 5515
5516 5516
482 5518
1753 5521
5522 5522
644 5524
5525 5525
5527 5527
5529 5529
6248 5532
5533 5533
3142 5534
5535 5535
5536 5536
5538 5538
5539 5539
5540 5540
5581 5543
5544 5544
5545 5545
3650 5546
6230 5548
5552 5552
5555 5555
5556 5556
123 5557
6472 5558
6180 5559
5560 5560
6585 5561
4759 5562
5563 5563
5564 5564
4704 5565
5567 5567
5568 5568
4203 5570
5571 5571
5572 5572
305 5573
5574 5574
4683 5578
5586 5586
5587 5587
6638 5589
4563 5591
5593 5593
3990 5600
5601 5601
85 5602
1695 5603
19 5604
6759 5607
5611 5611
2945 5612
5615 5615
5616 5616
5683 5618
5619 5619
486 5620
5621 5621
5623 5623
5624 5624
5625 5625
5626 5626
4498 5628
5630 5630
5632 5632
5635 5635
1882 5639
5640 5640
5641 5641
2418 5645
5648 5648
5650 5650
5651 5651
1779 5653
4481 5654
5655 5655
4435 5656
5663 5663
5664 5664
5665 5665
5666 5666
3305 5668
961 5671
2641 5672
5673 5673
5674 5674
1973 5676
5321 5678
5679 5679
1882 5680
5681 5681
79 5682
5223 5685
5686 5686
5689 5689
3452 5690
1839 5691
5692 5692
674 5693
5694 5694
5695 5695
3847 5696
5698 5698
5702 5702
4892 5705
463 5710
5712 5712
5714 5714
4230 5717
5718 5718
5719 5719
4618 5720
5721 5721
5724 5724
5726 5726
5734 5734
2559 5735
5736 5736
5737 5737
331 5738
5740 5740
5741 5741
5379 5742
5743 5743
628 5744
5745 5745
5411 5746
6408 5749
5751 5751
5753 5753
3271 5757
310 5758
623 5759
5760 5760
5761 5761
5762 5762
5763 5763
5764 5764
5640 5765
5767 5767
5769 5769
5772 5772
5773 5773
5117 5775
5777 5777
5778 5778
5642 5779
3826 5780
5782 5782
5783 5783
176 5786
5787 5787
5788 5788
5789 5789
5790 5790
5793 5793
4053 5794
6438 5796
5799 5799
5800 5800
5142 5801
5803 5803
5804 5804
6519 5805
5806 5806
5807 5807
5809 5809
5811 5811
5813 5813
5897 5814
5816 5816
2071 5818
1697 5819
5820 5820
5822 5822
1131 5824
1542 5826
5827 5827
5829 5829
1641 5830
4808 5831
4531 5832
5012 5833
5834 5834
5835 5835
5836 5836
4892 5837
5838 5838
5532 5840
981 5842
3539 5843
4735 5844
5304 5845
2394 5846
5847 5847
5848 5848
2006 5849
5851 5851
5852 5852
5853 5853
2177 5855
5857 5857
6583 5859
5901 5862
201 5864
5866 5866
5867 5867
5869 5869
5871 5871
3954 5873
4721 5874
1620 5875
5876 5876
38 5877
5878 5878
5880 5880
4091 5882
2214 5884
5886 5886
6084 5887
5888 5888
5889 5889
5411 5890
5891 5891
5338 5892
5893 5893
5896 5896
5899 5899
2214 5901
1506 5902
3194 5903
4588 5905
5906 5906
5908 5908
2969 5909
5918 5918
5920 5920
6188 5921
5923 5923
506 5924
6478 5926
5927 5927
5928 5928
5930 5930
5934 5934
2328 5940
2742 5941
5943 5943
5944 5944
5945 5945
5946 5946
465 5947
5948 5948
5950 5950
5952 5952
5604 5953
5954 5954
5955 5955
1119 5956
3291 5957
5958 5958
2196 5960
5963 5963
5964 5964
5965 5965
5966 5966
2175 5967
5584 5968
5901 5969
3459 5970
811 5972
1170 5975
5976 5976
5981 5981
5982 5982
5985 5985
5986 5986
3990 5987
5988 5988
5991 5991
5992 5992
5994 5994
5997 5997
1402 5999
6824 6000
935 6004
6005 6005
6009 6009
6508 6011
4768 6012
6013 6013
2153 6014
1085 6016
6019 6019
6022 6022
6023 6023
4435 6024
6025 6025
4605 6028
298 6029
1938 6030
6031 6031
223 6032
3646 6033
6034 6034
1571 6035
6037 6037
6038 6038
6039 6039
2824 6040
6045 6045
6046 6046
3583 6048
5051 6050
6051 6051
2521 6052
6054 6054
6057 6057
6058 6058
855 6059
6197 6060
6062 6062
2214 6063
53 6065
6066 6066
6067 6067
6068 6068
4091 6069
6072 6072
3341 6074
6075 6075
6410 6076
6077 6077
6079 6079
6080 6080
6085 6085
972 6086
6088 6088
237 6089
6090 6090
5963 6093
6536 6094
254 6099
2264 6100
6101 6101
6102 6102
6103 6103
1955 6105
3186 6106
6108 6108
6110 6110
4007 6111
6112 6112
1800 6116
2214 6117
5737 6120
6124 6124
2099 6127
34 6128
3803 6129
6130 6130
6131 6131
6136 6136
6137 6137
6139 6139
4818 6141
4974 6144
66 6145
6146 6146
6147 6147
4446 6148
313 6151
6153 6153
6154 6154
6155 6155
1411 6157
6159 6159
1753 6160
4892 6161
6163 6163
4998 6164
98 6166
4194 6167
2470 6168
6169 6169
6170 6170
6182 6171
6172 6172
6177 6177
6182 6182
2200 6184
6185 6185
6187 6187
6190 6190
6192 6192
6194 6194
5939 6196
6200 6200
3328 6204
6208 6208
2172 6210
6212 6212
2412 6214
1522 6215
6218 6218
6219 6219
6220 6220
3940 6221
877 6222
2612 6225
6227 6227
6229 6229
6233 6233
6235 6235
869 6238
6241 6241
6247 6247
6248 6248
6250 6250
6253 6253
2681 6254
6624 6255
863 6256
360 6257
5901 6263
6264 6264
58 6266
6267 6267
6268 6268
6271 6271
6274 6274
6275 6275
3171 6276
6278 6278
933 6279
6281 6281
6282 6282
3258 6284
6285 6285
6286 6286
6288 6288
6291 6291
6292 6292
4978 6294
6295 6295
6296 6296
1389 6298
6299 6299
1085 6301
6302 6302
6304 6304
6231 6305
6308 6308
1576 6310
6439 6311
2975 6312
6313 6313
6314 6314
6315 6315
6077 6316
6317 6317
3776 6319
216 6320
6323 6323
6526 6326
6174 6328
4289 6329
6330 6330
3151 6331
6332 6332
6366 6334
198 6336
6628 6337
6338 6338
6339 6339
6347 6347
6350 6350
5548 6352
58 6353
6354 6354
6355 6355
1614 6358
6360 6360
2184 6361
6363 6363
6364 6364
6365 6365
901 6367
5865 6368
6369 6369
3858 6370
6371 6371
210 6372
6374 6374
4497 6375
6376 6376
3341 6377
2051 6379
6381 6381
6383 6383
2167 6384
6385 6385
3250 6386
659 6387
6388 6388
6389 6389
6391 6391
6393 6393
6395 6395
6396 6396
6397 6397
6852 6399
6401 6401
321 6402
6406 6406
1381 6407
2162 6410
2656 6411
3744 6412
4733 6416
4246 6417
5611 6419
6421 6421
6422 6422
6424 6424
6426 6426
4840 6428
2542 6430
5248 6431
6433 6433
6434 6434
6435 6435
5511 6438
6439 6439
6440 6440
6444 6444
6446 6446
1858 6447
6364 6451
6452 6452
6453 6453
4151 6454
6455 6455
6534 6456
6457 6457
4515 6459
6461 6461
4967 6462
960 6463
2663 6464
3261 6465
6468 6468
2359 6469
6470 6470
6475 6475
6479 6479
6481 6481
6482 6482
6485 6485
6487 6487
6488 6488
6796 6490
38 6492
3048 6494
6697 6496
6499 6499
6500 6500
4342 6501
6502 6502
6485 6503
6504 6504
914 6505
6510 6510
6512 6512
6514 6514
1620 6516
6518 6518
6080 6519
6520 6520
6522 6522
6523 6523
6525 6525
1353 6526
6529 6529
6530 6530
6532 6532
5901 6533
6534 6534
344 6535
6537 6537
6538 6538
2935 6540
6541 6541
6542 6542
6543 6543
6544 6544
6546 6546
6547 6547
6550 6550
1794 6552
6557 6557
1119 6558
6559 6559
6560 6560
6562 6562
6564 6564
6565 6565
6567 6567
6568 6568
3305 6569
5502 6570
6571 6571
6573 6573
6574 6574
6575 6575
4 6578
6579 6579
6580 6580
6581 6581
6585 6585
6586 6586
6587 6587
1364 6589
6592 6592
3785 6594
6596 6596
6597 6597
6598 6598
6599 6599
6601 6601
6603 6603
6604 6604
6605 6605
6606 6606
5581 6610
6611 6611
2458 6612
3647 6613
6614 6614
6616 6616
6617 6617
6618 6618
6620 6620
1261 6622
6623 6623
5167 6624
6626 6626
6628 6628
6631 6631
6550 6632
6634 6634
2186 6635
6637 6637
6638 6638
6640 6640
6644 6644
6645 6645
6646 6646
4521 6647
3260 6648
6650 6650
4021 6651
6652 6652
6656 6656
6658 6658
4091 6659
6660 6660
6094 6661
2325 6662
6663 6663
6665 6665
6666 6666
6669 6669
6671 6671
4453 6673
6675 6675
6678 6678
14 6680
6682 6682
6683 6683
6690 6690
6180 6694
6695 6695
3745 6696
6697 6697
6698 6698
6699 6699
5490 6700
6701 6701
1850 6704
6706 6706
6707 6707
6710 6710
5901 6713
6717 6717
6718 6718
6722 6722
6723 6723
6724 6724
6725 6725
6727 6727
5244 6728
2383 6729
6730 6730
2666 6732
6735 6735
6084 6737
6739 6739
3068 6740
1067 6742
4499 6743
6744 6744
6745 6745
6747 6747
6749 6749
6751 6751
6754 6754
6755 6755
2190 6757
3923 6758
1513 6759
5731 6761
5904 6762
331 6763
6764 6764
6765 6765
1773 6768
6769 6769
3214 6773
6774 6774
5933 6775
1134 6777
237 6779
2214 6780
6310 6781
973 6782
6783 6783
2987 6784
6785 6785
6677 6786
6787 6787
6792 6792
5487 6793
6795 6795
4136 6796
2717 6799
6800 6800
3841 6801
5171 6802
6804 6804
3399 6805
2714 6806
6807 6807
2511 6808
6809 6809
6811 6811
6812 6812
3215 6813
2069 6814
6816 6816
6817 6817
3621 6821
2646 6824
6867 6825
6826 6826
6827 6827
6828 6828
6830 6830
335 6831
6832 6832
6834 6834
6835 6835
6836 6836
6837 6837
5395 6838
6839 6839
4325 6840
4197 6842
6844 6844
6845 6845
6595 6848
5863 6849
4704 6852
6856 6856
6857 6857
6859 6859
991 6860
6861 6861
6863 6863
6864 6864
6865 6865
905 6866
6867 6867
6869 6869
2110 6870
6871 6871
6872 6872
6873 6873
6875 6875
6876 6876
3171 6877
6878 6878
365 6879
6880 6880
6881 6881
493 6882
2588 6884
2959 6885
6886 6886
6889 6889
