5511 5511
5600 5600
5508 5508
5535 5535
5598 5598
5536 5536
5840 5840
5708 5708
5659 5659
5724 5724
5517 5517
5590 5590
5721 5721
5720 5720
5624 5624
113 113
246 246
5610 5610
5630 5630
5837 5837
5464 5464
5512 5512
2046 2046
2055 2055
359 359
408 408
407 407
2289 2289
5579 5579
5952 5952
3776 3776
409 409
15 15
5596 5596
3843 3843
328 328
330 330
3643 3643
5468 5468
3851 3851
5453 5453
5959 5959
241 241
2130 2130
3861 3861
5635 5635
3739 3739
3850 3850
5613 5613
2052 2052
3754 3754
2129 2129
6257 6257
245 245
3702 3702
5674 5674
3773 3773
6238 6238
3638 3638
5939 5939
227 227
5746 5746
5641 5641
5936 5936
341 341
46 46
5933 5933
5838 5838
6264 6264
5452 5452
439 439
3705 3705
3829 3829
5648 5648
5932 5932
2177 2177
3856 3856
5834 5834
6067 6067
6066 6066
5944 5944
3576 3576
5627 5627
3925 3925
5851 5851
6276 6276
5961 5961
294 294
3633 3633
429 429
5949 5949
2007 2007
2381 2381
2793 2793
6057 6057
6231 6231
292 292
6058 6058
3806 3806
155 155
3547 3547
6059 6059
2400 2400
2797 2797
1906 1906
17 17
5966 5966
355 355
63 63
2246 2246
5368 5368
343 343
3932 3932
2490 2490
432 432
2276 2276
35 35
325 325
435 435
3703 3703
5631 5631
119 119
6267 6267
2815 2815
3922 3922
315 315
5665 5665
3828 3828
6073 6073
311 311
128 128
2783 2783
3923 3923
3926 3926
5522 5522
65 65
3833 3833
82 82
5654 5654
436 436
312 312
1999 1999
81 81
6063 6063
5540 5540
3637 3637
64 64
6054 6054
456 456
3586 3586
3667 3667
6247 6247
3848 3848
3826 3826
2044 2044
6246 6246
2791 2791
2775 2775
3824 3824
346 346
2799 2799
421 421
6062 6062
6077 6077
5698 5698
3584 3584
6064 6064
2485 2485
5499 5499
2497 2497
5489 5489
3704 3704
3579 3579
3602 3602
3634 3634
5501 5501
6045 6045
4 4
94 94
351 351
2261 2261
5666 5666
344 344
2795 2795
2389 2389
3605 3605
2124 2124
3601 3601
3516 3516
6042 6042
51 51
2480 2480
2118 2118
6082 6082
5543 5543
2498 2498
2375 2375
5741 5741
2499 2499
2152 2152
2378 2378
100 100
5523 5523
122 122
7 7
5977 5977
338 338
2362 2362
1983 1983
124 124
5528 5528
5538 5538
2470 2470
5542 5542
3518 3518
3565 3565
5551 5551
268 268
2239 2239
5716 5716
260 260
3613 3613
5986 5986
2095 2095
3771 3771
5980 5980
2193 2193
5539 5539
2395 2395
5865 5865
6090 6090
5981 5981
2500 2500
104 104
5855 5855
2278 2278
5706 5706
5985 5985
6142 6142
6102 6102
2175 2175
6027 6027
3568 3568
2514 2514
2506 2506
2598 2598
2240 2240
2181 2181
6130 6130
2027 2027
5734 5734
2205 2205
6147 6147
5717 5717
3648 3648
6121 6121
2254 2254
3163 3163
2067 2067
2401 2401
2150 2150
2280 2280
2145 2145
3706 3706
6030 6030
5915 5915
5497 5497
5869 5869
0 0
3884 3884
6110 6110
2614 2614
5988 5988
374 374
6117 6117
2600 2600
5484 5484
5679 5679
2596 2596
5902 5902
448 448
2114 2114
2613 2613
158 158
5993 5993
6108 6108
5575 5575
2221 2221
5745 5745
2284 2284
2213 2213
3567 3567
3673 3673
2610 2610
5646 5646
5793 5793
4005 4005
5994 5994
6139 6139
258 258
2623 2623
6154 6154
6005 6005
2233 2233
3906 3906
6162 6162
5714 5714
2516 2516
6119 6119
2509 2509
2272 2272
5664 5664
2517 2517
148 148
2211 2211
5991 5991
2342 2342
5783 5783
6161 6161
2035 2035
368 368
3874 3874
2210 2210
5644 5644
507 507
2299 2299
2634 2634
3487 3487
5663 5663
6040 6040
466 466
5767 5767
5778 5778
2565 2565
6039 6039
5807 5807
2639 2639
6163 6163
2302 2302
5768 5768
5777 5777
180 180
6175 6175
464 464
6880 6880
5788 5788
273 273
468 468
6024 6024
5527 5527
2092 2092
583 583
5897 5897
2566 2566
6159 6159
2036 2036
521 521
2523 2523
1766 1766
2441 2441
2457 2457
2519 2519
540 540
5812 5812
1774 1774
5775 5775
5799 5799
5813 5813
4010 4010
5794 5794
387 387
2432 2432
3965 3965
2636 2636
168 168
5801 5801
5780 5780
3963 3963
537 537
1764 1764
545 545
546 546
3962 3962
5800 5800
2705 2705
544 544
220 220
5880 5880
6889 6889
2684 2684
2296 2296
560 560
396 396
578 578
515 515
576 576
489 489
367 367
5886 5886
2701 2701
538 538
2643 2643
3692 3692
4001 4001
2297 2297
5233 5233
372 372
2295 2295
2534 2534
199 199
558 558
5494 5494
482 482
5486 5486
2644 2644
2533 2533
2715 2715
2022 2022
5239 5239
369 369
2550 2550
5782 5782
2086 2086
2031 2031
3980 3980
3687 3687
3782 3782
282 282
2560 2560
182 182
492 492
6172 6172
2567 2567
4036 4036
3873 3873
2652 2652
5549 5549
6170 6170
552 552
2456 2456
2308 2308
4065 4065
2316 2316
3888 3888
542 542
2288 2288
2317 2317
2312 2312
3717 3717
4035 4035
4048 4048
3695 3695
2537 2537
2423 2423
2348 2348
3781 3781
3870 3870
4032 4032
2305 2305
2018 2018
4014 4014
2698 2698
3694 3694
2182 2182
174 174
2017 2017
5567 5567
4013 4013
2536 2536
2250 2250
2306 2306
271 271
3899 3899
5923 5923
2448 2448
2434 2434
2675 2675
2440 2440
2324 2324
2425 2425
2089 2089
524 524
2443 2443
2352 2352
3978 3978
2340 2340
3976 3976
2689 2689
2468 2468
2429 2429
3892 3892
2676 2676
2466 2466
2435 2435
2321 2321
2279 2279
2693 2693
2662 2662
2646 2646
295 295
3900 3900
2740 2740
4071 4071
2663 2663
163 163
2444 2444
3683 3683
5899 5899
2733 2733
2209 2209
3437 3437
1943 1943
5890 5890
5896 5896
5440 5440
5927 5927
6195 6195
6224 6224
2722 2722
3368 3368
2241 2241
3811 3811
5907 5907
3367 3367
6180 6180
2738 2738
3316 3316
6754 6754
3283 3283
3287 3287
6750 6750
3365 3365
3340 3340
5387 5387
3738 3738
1938 1938
6758 6758
3766 3766
3308 3308
1919 1919
6212 6212
6739 6739
2751 2751
3267 3267
6707 6707
6713 6713
3229 3229
6839 6839
3278 3278
3269 3269
6689 6689
3735 3735
2739 2739
6683 6683
5393 5393
6179 6179
2731 2731
3439 3439
2728 2728
2718 2718
2719 2719
6630 6630
6625 6625
3292 3292
2105 2105
3237 3237
1925 1925
6712 6712
6696 6696
300 300
5406 5406
5423 5423
6663 6663
6817 6817
6209 6209
6638 6638
3718 3718
3251 3251
6610 6610
6626 6626
3249 3249
3317 3317
1977 1977
6665 6665
3241 3241
3397 3397
1620 1620
2753 2753
2746 2746
1968 1968
5381 5381
6841 6841
6780 6780
3225 3225
1628 1628
6660 6660
6611 6611
6657 6657
6807 6807
6706 6706
3372 3372
6643 6643
6666 6666
1619 1619
6650 6650
6606 6606
1614 1614
6791 6791
3223 3223
1942 1942
6644 6644
3371 3371
1633 1633
1627 1627
2104 2104
6792 6792
1951 1951
1932 1932
6599 6599
1576 1576
6602 6602
3246 3246
1690 1690
1722 1722
6731 6731
1681 1681
3442 3442
6778 6778
6633 6633
3235 3235
6859 6859
3942 3942
1912 1912
6591 6591
6827 6827
3373 3373
1683 1683
3204 3204
1913 1913
6830 6830
5410 5410
3381 3381
6856 6856
5051 5051
5219 5219
1574 1574
3391 3391
1638 1638
6866 6866
6721 6721
253 253
6853 6853
6868 6868
153 153
1699 1699
1684 1684
1730 1730
1625 1625
400 400
1600 1600
6603 6603
1591 1591
1700 1700
3445 3445
1601 1601
1585 1585
3728 3728
6809 6809
6724 6724
3325 3325
3688 3688
6848 6848
6595 6595
5081 5081
1546 1546
5158 5158
5117 5117
1748 1748
1568 1568
1652 1652
6605 6605
3447 3447
1649 1649
3207 3207
5080 5080
1311 1311
1570 1570
1657 1657
1608 1608
3234 3234
3242 3242
5152 5152
5408 5408
1688 1688
1603 1603
1637 1637
151 151
4794 4794
6767 6767
5130 5130
2873 2873
1677 1677
3414 3414
3196 3196
6592 6592
3195 3195
3201 3201
6574 6574
1745 1745
801 801
6865 6865
5378 5378
5409 5409
3333 3333
1646 1646
5116 5116
5205 5205
1674 1674
2821 2821
3217 3217
5106 5106
384 384
3168 3168
3182 3182
3059 3059
1561 1561
5097 5097
3417 3417
802 802
5128 5128
720 720
6586 6586
1660 1660
1556 1556
3405 3405
5411 5411
5193 5193
1557 1557
676 676
3190 3190
3723 3723
2917 2917
3423 3423
5370 5370
6801 6801
3120 3120
1598 1598
1554 1554
3216 3216
5197 5197
3169 3169
177 177
3118 3118
1673 1673
6585 6585
3206 3206
4114 4114
5195 5195
2895 2895
3457 3457
1916 1916
1737 1737
4762 4762
1670 1670
1850 1850
1579 1579
4622 4622
1881 1881
1832 1832
3099 3099
6334 6334
3388 3388
6561 6561
5101 5101
5198 5198
5041 5041
1323 1323
256 256
4277 4277
5053 5053
4873 4873
5292 5292
4329 4329
6587 6587
6588 6588
1795 1795
4881 4881
302 302
6800 6800
5143 5143
1712 1712
3175 3175
841 841
4458 4458
3158 3158
5056 5056
1396 1396
4709 4709
1379 1379
4058 4058
632 632
570 570
1010 1010
1129 1129
1593 1593
1791 1791
4166 4166
5100 5100
5028 5028
4918 4918
3139 3139
5122 5122
788 788
4729 4729
4167 4167
721 721
3112 3112
5074 5074
6282 6282
2910 2910
1787 1787
4689 4689
2984 2984
4932 4932
5179 5179
1830 1830
988 988
441 441
3124 3124
5027 5027
987 987
4388 4388
4609 4609
2833 2833
6537 6537
1875 1875
1784 1784
5125 5125
6529 6529
4150 4150
4317 4317
1003 1003
5047 5047
981 981
1167 1167
3177 3177
4389 4389
1595 1595
4935 4935
1037 1037
6560 6560
5023 5023
1004 1004
1799 1799
4621 4621
4153 4153
1023 1023
4730 4730
4607 4607
846 846
4412 4412
1780 1780
4865 4865
2819 2819
1798 1798
1033 1033
1000 1000
5259 5259
1006 1006
3730 3730
882 882
1161 1161
4978 4978
4314 4314
1168 1168
1390 1390
4789 4789
1393 1393
4900 4900
3116 3116
1449 1449
4970 4970
5251 5251
4386 4386
1461 1461
914 914
997 997
4962 4962
1279 1279
5186 5186
5075 5075
1122 1122
4074 4074
3132 3132
6383 6383
249 249
6373 6373
2914 2914
6444 6444
1456 1456
4449 4449
1169 1169
1121 1121
4956 4956
5124 5124
4284 4284
6573 6573
4354 4354
4424 4424
2829 2829
5086 5086
4868 4868
1353 1353
1876 1876
4934 4934
4757 4757
4337 4337
2824 2824
1140 1140
1045 1045
4308 4308
1861 1861
6446 6446
4335 4335
4116 4116
5262 5262
4125 4125
6370 6370
4808 4808
636 636
3109 3109
1248 1248
4911 4911
4687 4687
4912 4912
829 829
1460 1460
1128 1128
3131 3131
4953 4953
4958 4958
1387 1387
4344 4344
2981 2981
1704 1704
4837 4837
1382 1382
6510 6510
993 993
1409 1409
2982 2982
1021 1021
4985 4985
4688 4688
4428 4428
4143 4143
901 901
4321 4321
6389 6389
4186 4186
4793 4793
2985 2985
1874 1874
958 958
705 705
4604 4604
4913 4913
4930 4930
3090 3090
776 776
1492 1492
1227 1227
1823 1823
6874 6874
1541 1541
6533 6533
4174 4174
1337 1337
1452 1452
3104 3104
1203 1203
2897 2897
6351 6351
4372 4372
4878 4878
881 881
6368 6368
1223 1223
1005 1005
1524 1524
5208 5208
1414 1414
965 965
4746 4746
4714 4714
927 927
1518 1518
1769 1769
4300 4300
1458 1458
1265 1265
3155 3155
1044 1044
6281 6281
937 937
2994 2994
936 936
6567 6567
1125 1125
1720 1720
6438 6438
3143 3143
6557 6557
1327 1327
923 923
1200 1200
2923 2923
4340 4340
857 857
1048 1048
2920 2920
4859 4859
4322 4322
1275 1275
4814 4814
1824 1824
4285 4285
6559 6559
968 968
1369 1369
4550 4550
4124 4124
4478 4478
1497 1497
5266 5266
836 836
3135 3135
3134 3134
4543 4543
869 869
5234 5234
5283 5283
6566 6566
4871 4871
4311 4311
4391 4391
5337 5337
903 903
2898 2898
4333 4333
4358 4358
4973 4973
4454 4454
4452 4452
973 973
2831 2831
924 924
6349 6349
6527 6527
1064 1064
3511 3511
2989 2989
783 783
4470 4470
4951 4951
4552 4552
1863 1863
4198 4198
2845 2845
3023 3023
1264 1264
4299 4299
3088 3088
1018 1018
1153 1153
6526 6526
4417 4417
1539 1539
652 652
1091 1091
1241 1241
1014 1014
1864 1864
975 975
4349 4349
4493 4493
932 932
4854 4854
2826 2826
4157 4157
3077 3077
586 586
900 900
1478 1478
3137 3137
1055 1055
1173 1173
1466 1466
823 823
4486 4486
3500 3500
4537 4537
4546 4546
6489 6489
905 905
1093 1093
957 957
1464 1464
739 739
1529 1529
4744 4744
4545 4545
4839 4839
4593 4593
4294 4294
955 955
4754 4754
1107 1107
767 767
615 615
6315 6315
4443 4443
4436 4436
4966 4966
1526 1526
669 669
4176 4176
4950 4950
4711 4711
902 902
4991 4991
6288 6288
4989 4989
4492 4492
4528 4528
4297 4297
4396 4396
5323 5323
897 897
1178 1178
4712 4712
4087 4087
3036 3036
602 602
4943 4943
952 952
4571 4571
4503 4503
4267 4267
778 778
3039 3039
1112 1112
1758 1758
904 904
4997 4997
873 873
5329 5329
4628 4628
4749 4749
1898 1898
1071 1071
1175 1175
648 648
4123 4123
1896 1896
4941 4941
607 607
4631 4631
750 750
3125 3125
658 658
1141 1141
4465 4465
6479 6479
2877 2877
4148 4148
3029 3029
1184 1184
2844 2844
608 608
3026 3026
4257 4257
875 875
4517 4517
6338 6338
2967 2967
4968 4968
2839 2839
6546 6546
4728 4728
5287 5287
4874 4874
4641 4641
4940 4940
1809 1809
4463 4463
4168 4168
1755 1755
6872 6872
