0 0
4 4
7 7
1013 10
5047 12
5572 14
15 15
17 17
5199 18
769 19
6544 28
3368 29
1411 30
35 35
1145 42
3635 43
6724 44
46 46
51 51
745 52
942 55
3722 56
63 63
64 64
65 65
509 70
6514 79
81 81
82 82
6522 83
1100 86
3932 89
94 94
6660 95
5367 96
100 100
1536 101
104 104
5274 107
6887 108
1175 109
6662 112
113 113
5171 116
6402 117
119 119
3833 120
122 122
124 124
4283 125
128 128
3059 130
387 131
3794 132
6696 134
519 135
5473 140
2136 144
5514 145
5911 146
148 148
3291 149
3682 150
151 151
344 152
153 153
3888 154
155 155
818 156
168 157
158 158
2089 160
5911 162
163 163
674 167
168 168
6817 171
174 174
177 177
180 180
182 182
2382 183
5274 184
1928 185
730 189
3755 190
2938 191
659 192
3561 193
199 199
4065 200
3907 212
3347 213
214 214
215 215
3794 216
217 217
220 220
5648 222
227 227
1590 230
1631 232
1542 235
241 241
725 242
245 245
246 246
6409 247
787 248
249 249
1791 250
518 251
3667 252
253 253
256 256
258 258
2340 259
260 260
5004 261
1314 267
268 268
3062 269
271 271
273 273
5516 274
5853 275
6817 277
973 278
6414 279
282 282
462 286
844 291
292 292
294 294
295 295
3862 297
300 300
3701 301
302 302
5656 307
5128 308
311 311
312 312
2197 313
273 314
315 315
4181 317
4382 319
3581 320
4664 321
5812 322
325 325
328 328
330 330
699 333
2610 335
338 338
5916 339
4957 340
341 341
343 343
344 344
1118 345
346 346
2890 347
2908 349
2807 350
351 351
355 355
3945 358
359 359
4465 360
3810 366
367 367
368 368
369 369
672 370
372 372
5274 373
374 374
3372 376
384 384
387 387
3794 388
897 390
2959 394
396 396
990 399
400 400
2316 401
2175 402
749 404
6253 405
386 406
407 407
408 408
409 409
421 421
4920 423
2504 424
4809 427
429 429
1871 430
432 432
3429 433
3865 434
435 435
436 436
3046 438
439 439
441 441
85 442
4033 446
2877 447
448 448
456 456
2032 457
5047 459
464 464
466 466
468 468
5107 472
4679 476
580 477
1775 481
482 482
168 485
487 487
488 488
489 489
492 492
41 493
498 498
424 503
3737 504
3170 506
507 507
515 515
4248 518
5396 519
2571 520
521 521
5818 522
2583 523
524 524
1691 525
6202 528
2612 530
484 531
784 536
537 537
538 538
3667 539
540 540
542 542
544 544
545 545
546 546
3667 548
552 552
3794 555
3973 557
558 558
560 560
5929 564
6491 568
570 570
5444 571
4935 573
5431 575
576 576
38 577
578 578
1934 579
1691 580
5516 581
2288 582
583 583
4935 584
586 586
4813 594
602 602
603 603
2191 604
182 606
607 607
608 608
6390 609
610 610
5572 611
3433 614
615 615
3933 616
2924 617
2956 618
6602 621
3795 625
5818 627
5743 628
6071 629
632 632
1326 633
530 634
5066 635
636 636
3419 640
641 641
5327 644
2213 646
3713 647
648 648
652 652
1453 655
2629 656
658 658
5666 665
2172 667
669 669
5315 671
307 672
674 674
676 676
1508 677
5876 686
693 693
4036 694
696 696
4102 699
700 700
739 701
704 704
705 705
3567 711
6331 712
3661 713
714 714
3221 715
3135 716
4526 717
720 720
721 721
5537 722
2572 726
1032 730
6027 732
738 738
739 739
5783 740
6508 743
2891 746
750 750
4819 751
3135 752
754 754
758 758
759 759
760 760
480 761
5253 762
764 764
6470 765
5733 766
767 767
2631 770
771 771
773 773
2610 775
776 776
1099 777
778 778
2612 781
3230 782
783 783
1783 784
2663 785
788 788
2071 790
933 793
6637 796
801 801
802 802
5222 803
2204 805
6805 806
6632 812
5274 813
2610 814
3403 815
1096 816
35 818
2055 822
823 823
4097 824
3794 828
829 829
462 830
5274 834
2267 835
836 836
841 841
6845 845
846 846
5834 848
4935 854
857 857
3946 859
3463 865
869 869
3571 871
873 873
875 875
6447 877
1755 878
3092 879
881 881
882 882
5829 883
2775 884
2603 886
923 891
5994 893
895 895
897 897
900 900
901 901
902 902
903 903
904 904
905 905
1883 907
3743 908
1384 909
4502 912
914 914
5389 919
6522 921
923 923
924 924
3826 926
927 927
6138 930
932 932
2088 933
2275 935
936 936
937 937
6651 944
6468 945
5275 946
2612 947
1165 951
952 952
5274 953
955 955
5239 956
957 957
958 958
1249 961
5384 962
965 965
968 968
3458 969
4951 972
973 973
975 975
4935 976
981 981
987 987
988 988
6177 990
725 992
993 993
997 997
1000 1000
2986 1001
1003 1003
1004 1004
1005 1005
1006 1006
6017 1007
5035 1008
4389 1009
1010 1010
955 1011
3976 1013
1014 1014
5123 1017
1018 1018
1021 1021
2612 1022
1023 1023
1181 1025
1033 1033
3923 1035
3986 1036
1037 1037
78 1038
4448 1039
2304 1040
2734 1042
2708 1043
1044 1044
1045 1045
1048 1048
481 1051
2492 1052
4556 1054
1055 1055
5274 1058
1064 1064
3314 1065
1791 1066
2986 1067
5340 1070
1071 1071
1508 1074
35 1076
3542 1087
2015 1088
2536 1090
1091 1091
1093 1093
2663 1097
6175 1102
1107 1107
5818 1111
1112 1112
4029 1114
273 1118
1121 1121
1122 1122
4957 1124
1125 1125
1128 1128
1129 1129
259 1131
2693 1133
3213 1139
1140 1140
1141 1141
1165 1143
1153 1153
6422 1157
1543 1158
493 1160
1161 1161
1163 1163
1164 1164
933 1166
1167 1167
1168 1168
1169 1169
4083 1170
3400 1171
1173 1173
1175 1175
1178 1178
3347 1181
6026 1182
2717 1183
1184 1184
5296 1187
2826 1188
1190 1190
787 1191
3755 1192
1194 1194
1200 1200
1203 1203
6376 1208
5080 1209
1214 1214
215 1217
4248 1219
1891 1220
3667 1221
394 1222
1223 1223
5908 1224
1227 1227
3667 1230
1236 1236
5865 1240
1241 1241
1245 1245
1248 1248
1972 1249
2036 1250
1255 1255
80 1258
3189 1259
1035 1261
1264 1264
1265 1265
211 1267
5536 1269
6817 1273
1275 1275
225 1277
1279 1279
2039 1280
3379 1281
1283 1283
5450 1290
1293 1293
3794 1294
1299 1299
5274 1301
4214 1302
1193 1306
3973 1309
1311 1311
4749 1316
378 1317
268 1320
3222 1321
5497 1322
1323 1323
5274 1324
219 1325
1327 1327
1585 1330
4819 1332
4971 1333
1139 1334
2807 1335
1337 1337
6739 1338
3325 1339
6331 1340
1450 1342
4394 1344
5879 1345
4935 1346
1251 1348
5304 1349
1533 1350
1353 1353
1355 1355
1356 1356
4149 1359
1397 1360
2901 1361
1369 1369
4763 1370
4248 1371
1379 1379
2259 1380
3803 1381
1382 1382
3345 1383
6180 1384
4421 1385
1387 1387
1390 1390
1393 1393
1396 1396
5912 1398
6650 1399
725 1401
1409 1409
1414 1414
4935 1415
2304 1416
1418 1418
1419 1419
1422 1422
3240 1427
6605 1428
1928 1437
1438 1438
3205 1446
2051 1448
1449 1449
2032 1451
1452 1452
1456 1456
1458 1458
3581 1459
1460 1460
1461 1461
1464 1464
1466 1466
813 1467
5047 1472
3794 1473
2208 1474
1478 1478
2234 1480
5122 1481
1482 1482
1150 1484
4147 1488
2970 1489
1492 1492
731 1494
2030 1496
1497 1497
118 1499
521 1500
6814 1502
1503 1503
1508 1508
6105 1511
3375 1512
3003 1515
343 1516
5912 1517
1518 1518
4651 1520
764 1521
6705 1523
1524 1524
1526 1526
453 1528
1529 1529
2917 1531
5483 1534
1537 1537
1538 1538
1539 1539
1541 1541
2568 1542
6759 1543
107 1544
6313 1545
1546 1546
5466 1547
5734 1548
1554 1554
1556 1556
1557 1557
1561 1561
1568 1568
1570 1570
938 1573
1574 1574
1576 1576
6282 1577
1579 1579
1585 1585
3335 1586
1591 1591
1593 1593
1595 1595
1598 1598
1600 1600
1601 1601
2970 1602
1603 1603
3536 1604
1608 1608
4992 1609
1614 1614
134 1617
1619 1619
1620 1620
6017 1624
1625 1625
1627 1627
1628 1628
5553 1630
1633 1633
3542 1636
1637 1637
1638 1638
4529 1641
1646 1646
1649 1649
1652 1652
3843 1653
3737 1656
1657 1657
1527 1659
1660 1660
1572 1661
1811 1666
5601 1669
1670 1670
4940 1671
3942 1672
1673 1673
1674 1674
1677 1677
3517 1680
1681 1681
1683 1683
1684 1684
1688 1688
1690 1690
748 1691
729 1694
107 1698
1699 1699
1700 1700
4619 1702
1704 1704
4160 1708
4149 1709
1712 1712
6294 1714
1287 1715
1717 1717
2250 1718
6215 1719
1720 1720
1722 1722
3505 1724
5497 1726
3794 1727
1730 1730
5170 1733
519 1735
6817 1736
1737 1737
27 1743
1745 1745
1748 1748
1749 1749
6533 1753
1755 1755
1758 1758
1761 1761
1764 1764
3445 1765
1766 1766
3920 1767
5162 1768
1769 1769
360 1770
6723 1771
5279 1772
4317 1773
1774 1774
6210 1779
1780 1780
1784 1784
1787 1787
3045 1788
1791 1791
6407 1792
1795 1795
1248 1797
1798 1798
1799 1799
1326 1800
1809 1809
2664 1811
3464 1813
5833 1822
1823 1823
1824 1824
2612 1825
1826 1826
3596 1827
1830 1830
6370 1831
1832 1832
1833 1833
1929 1834
3483 1837
1838 1838
2607 1840
810 1841
1850 1850
1852 1852
1854 1854
1856 1856
3787 1857
1861 1861
1863 1863
1864 1864
6407 1866
1867 1867
6053 1868
6066 1869
1874 1874
1875 1875
1876 1876
6774 1877
3961 1879
1881 1881
1731 1882
1885 1885
6024 1886
6470 1887
6326 1888
3173 1889
3794 1894
1896 1896
1897 1897
1898 1898
515 1900
3667 1905
1906 1906
4475 1909
1912 1912
1913 1913
1916 1916
1919 1919
1897 1922
1925 1925
2095 1927
2172 1928
1929 1929
1764 1931
1932 1932
991 1933
3261 1934
2610 1935
4295 1937
1938 1938
3148 1939
2826 1940
3179 1941
1942 1942
1943 1943
5510 1944
4465 1946
6361 1949
725 1950
1951 1951
1291 1952
4051 1957
2181 1961
1968 1968
6332 1971
268 1973
1764 1975
1977 1977
2910 1981
1983 1983
4371 1992
2722 1993
5333 1998
1999 1999
1724 2005
2007 2007
3057 2010
6326 2012
2017 2017
2018 2018
5686 2019
990 2020
2022 2022
863 2024
3287 2025
5114 2026
2027 2027
2696 2028
2184 2029
5130 2030
2031 2031
6126 2034
2035 2035
2036 2036
3496 2039
2044 2044
2046 2046
2993 2047
5274 2051
2052 2052
5489 2054
2055 2055
2349 2056
1384 2058
6380 2060
903 2061
5233 2062
2790 2064
2504 2066
2067 2067
3132 2070
1097 2073
973 2077
4775 2080
4963 2084
6146 2085
2086 2086
4644 2088
2089 2089
2092 2092
2095 2095
1396 2097
107 2102
2103 2103
2104 2104
2105 2105
5106 2107
2417 2111
2144 2113
2114 2114
3142 2116
2118 2118
3937 2119
2124 2124
2129 2129
2130 2130
4733 2132
4150 2133
784 2134
3959 2138
2380 2141
2145 2145
3017 2147
2150 2150
5011 2151
2152 2152
3552 2156
5113 2164
4760 2166
5090 2167
4237 2172
5203 2174
2175 2175
5478 2176
2177 2177
1591 2178
1687 2180
2181 2181
2182 2182
533 2183
5902 2188
2403 2190
2193 2193
969 2194
5477 2196
1978 2197
6774 2198
6289 2199
2593 2200
6126 2204
2205 2205
6230 2207
2209 2209
2210 2210
2211 2211
2213 2213
1438 2214
1886 2215
2610 2216
2425 2219
2221 2221
3422 2223
1043 2224
4481 2231
2233 2233
5734 2234
4689 2236
2239 2239
2240 2240
2241 2241
107 2242
2243 2243
3925 2244
924 2245
2246 2246
2738 2247
3054 2248
3907 2249
2250 2250
6134 2251
5928 2252
2161 2253
2254 2254
4575 2257
6729 2258
6699 2259
671 2260
2261 2261
5274 2262
1898 2266
2172 2268
2272 2272
85 2274
3732 2275
2276 2276
2278 2278
2279 2279
2280 2280
5496 2281
3932 2282
2284 2284
2286 2286
3314 2287
2288 2288
2289 2289
5298 2291
2295 2295
2296 2296
2297 2297
2299 2299
2302 2302
5519 2304
2305 2305
2306 2306
3903 2307
2308 2308
4697 2311
2312 2312
2612 2315
2316 2316
2317 2317
2321 2321
2324 2324
5915 2326
1669 2327
3776 2329
4644 2330
2055 2331
2790 2332
3344 2338
514 2339
2340 2340
2342 2342
2928 2344
6468 2346
222 2347
2348 2348
3750 2350
2352 2352
2225 2355
4150 2356
4526 2359
2362 2362
725 2365
3728 2373
2375 2375
5410 2377
2378 2378
3945 2379
2381 2381
2034 2383
2389 2389
6429 2390
2395 2395
1773 2396
6404 2398
2400 2400
2401 2401
3274 2404
4188 2413
107 2414
4465 2418
4935 2420
2423 2423
6762 2424
2425 2425
3728 2426
2429 2429
2432 2432
2434 2434
2435 2435
4437 2437
2443 2438
3783 2439
2440 2440
2441 2441
1255 2442
2443 2443
2444 2444
2840 2446
573 2447
2448 2448
3921 2454
2456 2456
2457 2457
1850 2459
1431 2462
6376 2464
2466 2466
2468 2468
2470 2470
6746 2472
6845 2474
5000 2478
2380 2479
2480 2480
2485 2485
2756 2486
2490 2490
5117 2495
2497 2497
2498 2498
2499 2499
2500 2500
5274 2504
78 2505
2506 2506
6369 2507
2509 2509
6332 2510
2514 2514
2516 2516
2517 2517
2519 2519
2523 2523
5171 2528
6733 2529
2533 2533
2534 2534
2536 2536
2537 2537
6801 2540
5262 2541
1159 2542
52 2543
6476 2547
2504 2549
2550 2550
580 2552
3365 2553
4871 2559
2560 2560
2565 2565
2566 2566
2567 2567
2504 2569
4034 2576
2499 2577
580 2578
4135 2585
2612 2586
2292 2587
2663 2588
3513 2590
4651 2594
2596 2596
2598 2598
2600 2600
2864 2604
1620 2605
2610 2610
5160 2611
2613 2613
2614 2614
6213 2618
5190 2622
2623 2623
4396 2626
1185 2633
2634 2634
2636 2636
2639 2639
4973 2640
4336 2642
2643 2643
2644 2644
2646 2646
2652 2652
2662 2662
2663 2663
5800 2666
4873 2670
3614 2673
2675 2675
2676 2676
735 2678
4414 2681
182 2682
2684 2684
343 2685
2689 2689
5117 2691
2693 2693
2663 2695
1810 2697
2698 2698
2701 2701
3019 2702
4526 2704
2705 2705
6017 2708
3973 2709
2640 2712
2715 2715
2718 2718
2719 2719
2722 2722
6433 2724
2728 2728
2731 2731
2733 2733
5800 2736
2738 2738
2739 2739
2740 2740
1864 2744
2746 2746
4442 2748
4935 2749
2751 2751
2142 2752
2753 2753
5741 2754
6658 2759
4014 2760
5734 2761
4021 2765
4783 2767
2281 2769
2443 2774
2775 2775
5168 2776
2779 2779
2780 2780
1791 2781
2783 2783
1491 2787
4530 2789
2791 2791
4651 2792
2793 2793
2795 2795
4687 2796
2797 2797
2799 2799
1811 2804
5298 2806
2808 2808
3347 2809
2810 2810
2811 2811
1006 2814
2815 2815
5131 2817
2819 2819
5047 2820
2821 2821
1188 2822
315 2823
2824 2824
6205 2825
2826 2826
3111 2827
5769 2828
2829 2829
2831 2831
2833 2833
6331 2835
2839 2839
4563 2840
6376 2842
134 2843
2844 2844
2845 2845
65 2848
2944 2849
2853 2853
5188 2855
2856 2856
6817 2857
2858 2858
6678 2860
3115 2861
2862 2862
3412 2863
2865 2865
2866 2866
2868 2868
2873 2873
3973 2874
6290 2875
2877 2877
5664 2878
6758 2881
2884 2884
2885 2885
1791 2886
5117 2888
2895 2895
2897 2897
2898 2898
5239 2901
6522 2902
3516 2903
2904 2904
2905 2905
4868 2906
2909 2908
2910 2910
2914 2914
2362 2915
2917 2917
2920 2920
1002 2921
2504 2922
2923 2923
2790 2924
4562 2925
5142 2926
6817 2928
4813 2929
5400 2930
2932 2932
1165 2933
5274 2935
2514 2936
2941 2941
2942 2942
3667 2943
107 2946
1326 2949
3337 2950
5361 2951
4477 2952
6055 2955
6049 2957
2958 2958
3558 2961
2962 2962
2963 2963
2967 2967
1837 2969
990 2976
2977 2977
2981 2981
2982 2982
1249 2983
2984 2984
2985 2985
4039 2986
2989 2989
2992 2992
2994 2994
4935 2995
6511 2996
1088 2997
3000 3000
3001 3001
2828 3002
3004 3004
3006 3006
100 3007
1086 3013
4644 3014
3938 3015
4269 3019
124 3020
933 3021
6066 3022
3023 3023
2142 3024
3026 3026
3029 3029
3031 3031
3755 3034
3036 3036
3037 3037
3039 3039
725 3044
1704 3045
3220 3046
5051 3056
3973 3058
3059 3059
2318 3061
3063 3063
3064 3064
4268 3065
3067 3067
1681 3069
969 3072
6162 3073
4165 3074
3076 3076
3077 3077
659 3081
848 3082
3088 3088
1865 3089
3090 3090
2801 3092
3093 3093
356 3095
5298 3098
3099 3099
5996 3100
6364 3102
3104 3104
1080 3106
3109 3109
3112 3112
3783 3114
3116 3116
3118 3118
3120 3120
6817 3123
3124 3124
3125 3125
69 3127
3707 3129
3131 3131
3132 3132
739 3133
3134 3134
3135 3135
3152 3136
3137 3137
3139 3139
1612 3140
1314 3142
3143 3143
5478 3145
5561 3147
1609 3150
5162 3151
5262 3152
416 3153
3155 3155
3174 3157
3158 3158
5627 3159
3163 3163
1561 3166
3168 3168
3169 3169
5732 3170
4045 3172
4172 3174
3175 3175
3177 3177
1687 3178
6251 3181
3182 3182
5225 3183
1097 3184
2568 3185
5618 3188
2252 3189
3190 3190
1223 3192
900 3193
1027 3194
3195 3195
3196 3196
4132 3198
5088 3199
3201 3201
2859 3202
3204 3204
3206 3206
3207 3207
718 3210
6480 3211
1384 3215
3216 3216
3217 3217
4217 3218
5239 3222
3223 3223
2434 3224
3225 3225
745 3226
3229 3229
1320 3233
3234 3234
3235 3235
3237 3237
5853 3240
3241 3241
3242 3242
3274 3243
5274 3245
3246 3246
3249 3249
3251 3251
2112 3252
1663 3255
2837 3256
4671 3260
3267 3267
3269 3269
3204 3270
787 3271
3221 3277
3278 3278
6318 3279
6164 3280
3283 3283
3287 3287
6210 3291
3292 3292
2870 3293
3794 3297
6017 3299
3308 3308
78 3311
6553 3312
1933 3313
2917 3314
3783 3315
3316 3316
3317 3317
2830 3321
5327 3323
6669 3324
3325 3325
5274 3328
3333 3333
5720 3334
107 3336
6291 3337
3488 3338
3340 3340
511 3344
322 3346
6714 3347
900 3349
6237 3350
4854 3354
2807 3356
4677 3360
5766 3364
3365 3365
3367 3367
3368 3368
4771 3370
3371 3371
3372 3372
3373 3373
3381 3381
4573 3385
3667 3387
3388 3388
3014 3389
3391 3391
3397 3397
3789 3398
3335 3399
822 3400
5929 3402
6149 3403
3405 3405
3657 3406
722 3408
4935 3410
4848 3412
4520 3413
3414 3414
2308 3415
3417 3417
5637 3421
3423 3423
3740 3427
2739 3430
2612 3431
674 3432
1954 3434
3437 3437
3439 3439
3442 3442
4644 3444
3445 3445
3447 3447
6228 3449
3358 3452
6245 3453
3457 3457
4195 3459
5047 3467
1364 3472
3433 3476
3754 3478
6049 3480
2795 3481
4023 3482
5358 3486
3487 3487
1461 3488
1871 3489
2884 3490
3493 3493
3495 3495
2764 3496
3497 3497
3500 3500
2504 3501
3682 3503
1461 3505
335 3507
3508 3508
3667 3509
3511 3511
794 3513
5004 3514
3844 3515
3516 3516
5645 3517
3518 3518
4768 3527
5168 3529
1188 3530
3824 3532
5047 3534
725 3536
1287 3539
6076 3540
5519 3542
1925 3543
3546 3546
3547 3547
1578 3548
3565 3565
5069 3566
3567 3567
3568 3568
4237 3571
2181 3572
5340 3575
3576 3576
5243 3577
3579 3579
5131 3583
3584 3584
610 3585
3586 3586
573 3587
1293 3588
5327 3592
2492 3593
1759 3595
376 3597
4070 3600
3601 3601
3602 3602
3667 3604
3605 3605
3667 3608
6432 3610
4760 3611
1419 3612
3613 3613
3616 3616
3621 3621
1266 3623
1691 3626
3633 3633
3634 3634
3637 3637
3638 3638
6685 3639
3187 3642
3643 3643
5701 3645
3118 3646
1496 3647
3648 3648
4414 3651
1098 3652
5876 3657
730 3661
5696 3663
4248 3666
3667 3667
1491 3668
6491 3670
3179 3671
5890 3672
3673 3673
1888 3675
3707 3676
4626 3680
3683 3683
3710 3684
3687 3687
3688 3688
3723 3691
3692 3692
6545 3693
3694 3694
3695 3695
6247 3698
3745 3700
3702 3702
3703 3703
3704 3704
3705 3705
3706 3706
4530 3707
1946 3709
4691 3710
5783 3711
1982 3713
3764 3716
3717 3717
3718 3718
4684 3721
3723 3723
3964 3724
3839 3727
3728 3728
3730 3730
4065 3733
3735 3735
3781 3737
3738 3738
3739 3739
1266 3741
1328 3742
3364 3744
2243 3745
3778 3746
5274 3751
3754 3754
5445 3756
3795 3757
6094 3758
4569 3764
3766 3766
200 3767
1007 3768
448 3769
3771 3771
3773 3773
3776 3776
1015 3778
3702 3779
3781 3781
3782 3782
6774 3797
3699 3798
3799 3799
1328 3804
3768 3805
3806 3806
3717 3809
3811 3811
3812 3812
6737 3815
3810 3816
4608 3817
355 3819
5898 3820
3824 3824
3826 3826
3828 3828
3829 3829
635 3832
3833 3833
3926 3835
104 3838
3733 3842
3843 3843
3852 3847
3848 3848
3850 3850
3851 3851
682 3853
2155 3854
1353 3855
3856 3856
747 3857
2417 3859
3861 3861
4526 3862
3917 3863
3747 3868
1982 3869
3870 3870
3873 3873
3874 3874
486 3876
893 3880
3883 3883
3884 3884
3888 3888
4101 3889
5572 3891
3892 3892
3899 3899
3900 3900
5194 3904
2502 3905
3906 3906
2072 3907
3737 3911
3809 3916
2154 3917
2095 3918
1291 3919
3807 3920
3922 3922
3923 3923
3925 3925
3926 3926
3942 3931
3932 3932
2504 3934
1028 3939
4058 3940
2910 3941
3942 3942
6081 3953
3954 3954
5571 3958
2095 3959
6621 3960
3962 3962
3963 3963
3965 3965
3759 3967
104 3972
486 3973
1328 3974
3976 3976
3978 3978
3979 3979
3980 3980
1883 3981
3019 3983
3989 3989
3990 3990
1984 3991
1161 3995
3791 3998
4001 4001
5535 4002
2499 4003
4005 4005
1508 4007
4010 4010
4101 4012
4013 4013
4014 4014
3851 4016
2923 4019
490 4022
5666 4031
4032 4032
504 4034
4035 4035
4036 4036
6225 4039
6422 4042
3717 4045
3856 4047
4048 4048
5783 4051
5516 4052
3842 4054
2514 4055
4058 4058
4829 4060
3614 4063
4065 4065
4054 4066
4071 4071
1291 4072
4074 4074
4076 4076
1077 4077
6557 4079
4923 4080
4082 4082
4084 4084
4087 4087
4091 4091
4092 4092
2814 4095
6293 4099
69 4105
3735 4107
4108 4108
4114 4114
3852 4115
4116 4116
4824 4118
4123 4123
4124 4124
4125 4125
4126 4126
4127 4127
3750 4131
4134 4134
3575 4137
4143 4143
1789 4144
4148 4148
4149 4149
4150 4150
1691 4151
4153 4153
4157 4157
4158 4158
3419 4160
4161 4161
921 4162
4163 4163
4166 4166
4167 4167
4168 4168
1115 4170
4043 4173
4174 4174
4176 4176
4177 4177
2693 4179
659 4182
5262 4183
4186 4186
4273 4191
4192 4192
3583 4195
3174 4196
5899 4197
4198 4198
3981 4199
2959 4200
4202 4202
2951 4203
3323 4205
4016 4207
3581 4211
5519 4212
836 4222
3750 4223
4970 4227
2401 4232
1028 4233
3571 4237
4238 4238
4240 4240
4241 4241
5540 4242
4244 4244
6509 4247
4248 4248
6334 4250
4251 4251
2640 4252
4257 4257
4262 4262
4267 4267
6355 4272
4277 4277
6874 4282
4284 4284
4285 4285
5428 4288
2981 4290
6332 4292
4294 4294
748 4295
4297 4297
1981 4298
4299 4299
4300 4300
3542 4302
4308 4308
6087 4309
335 4310
4311 4311
5274 4312
4314 4314
4759 4315
4317 4317
4321 4321
4322 4322
4935 4323
4329 4329
5280 4331
4333 4333
134 4334
4335 4335
3809 4336
4337 4337
4338 4338
4340 4340
830 4341
3614 4342
4344 4344
2504 4345
4349 4349
3748 4350
5824 4351
4354 4354
4375 4355
1393 4356
1484 4357
4358 4358
4328 4359
2041 4360
1691 4364
1518 4367
4372 4372
1786 4375
3596 4377
6522 4378
1914 4379
1258 4380
4386 4386
1133 4387
4388 4388
4389 4389
4391 4391
1211 4394
4396 4396
5159 4397
2742 4398
1245 4399
6398 4407
4412 4412
5400 4413
4417 4417
3945 4422
4424 4424
711 4425
366 4426
2322 4427
4428 4428
2502 4432
4436 4436
6696 4437
2764 4439
3344 4440
4443 4443
4449 4449
4452 4452
4454 4454
2790 4456
4458 4458
1108 4462
4463 4463
4465 4465
580 4466
945 4469
4470 4470
964 4471
249 4473
2909 4476
4478 4478
5572 4480
1748 4481
5912 4482
58 4483
38 4484
4486 4486
2 4487
3325 4489
4492 4492
4493 4493
5348 4494
1491 4496
6689 4500
3926 4502
4503 4503
1496 4506
3240 4509
3310 4510
4973 4514
3400 4516
4517 4517
3674 4520
6031 4524
1080 4527
4528 4528
4809 4531
2288 4532
4160 4533
5035 4534
4537 4537
4543 4543
4545 4545
4546 4546
3148 4547
5837 4548
4550 4550
863 4551
4552 4552
4899 4566
4693 4570
4571 4571
1283 4572
4168 4573
2014 4574
1730 4592
4593 4593
5207 4599
1840 4600
4269 4601
4604 4604
4607 4607
4609 4609
1922 4610
3945 4616
4621 4621
4622 4622
1959 4627
4628 4628
4631 4631
6202 4632
5323 4637
3750 4639
4641 4641
2924 4645
4246 4649
3794 4651
5811 4653
3940 4657
5793 4659
1807 4663
107 4665
4214 4669
5171 4670
718 4671
5497 4674
3474 4675
3614 4676
3166 4681
4687 4687
4688 4688
4689 4689
4693 4698
4693 4700
3045 4705
4491 4706
2714 4707
1249 4708
4709 4709
4711 4711
4712 4712
4714 4714
1615 4718
2583 4719
4725 4725
5337 4726
4728 4728
4729 4729
4730 4730
4736 4736
5045 4737
2113 4738
863 4741
5426 4742
4744 4744
4746 4746
4747 4747
4749 4749
656 4750
4751 4751
4752 4752
4754 4754
3667 4755
4757 4757
3915 4759
6076 4760
4762 4762
4763 4763
4764 4764
4770 4770
1165 4771
5926 4773
2850 4780
5047 4782
4789 4789
5042 4790
4793 4793
4794 4794
2629 4797
3204 4799
6332 4800
1056 4805
4808 4808
5140 4809
5927 4811
4814 4814
4817 4817
4464 4824
5363 4825
2349 4828
2051 4829
282 4830
1883 4833
4837 4837
5004 4838
4839 4839
2015 4840
4199 4842
5304 4844
6134 4845
249 4846
725 4847
584 4852
4854 4854
6817 4857
4859 4859
6637 4860
4865 4865
219 4867
4868 4868
4871 4871
4873 4873
4874 4874
2474 4875
4878 4878
6841 4879
4881 4881
909 4882
3378 4883
6817 4886
5358 4890
776 4892
1363 4893
784 4894
2574 4895
105 4897
4900 4900
3488 4901
4903 4903
2172 4905
91 4906
4907 4907
2961 4909
5879 4910
4911 4911
4912 4912
4913 4913
4918 4918
4841 4919
1255 4921
6119 4922
3635 4925
730 4927
412 4929
4930 4930
4932 4932
4934 4934
4935 4935
5539 4936
6536 4937
4940 4940
4941 4941
4943 4943
4605 4947
4950 4950
4951 4951
3668 4952
4953 4953
2136 4954
4956 4956
5909 4957
4958 4958
1691 4960
4962 4962
5524 4965
4966 4966
4968 4968
4970 4970
4809 4972
4973 4973
5285 4974
576 4975
6817 4976
2504 4977
4978 4978
4982 4982
4985 4985
543 4986
6487 4987
3095 4988
4989 4989
273 4990
4991 4991
3794 4996
4997 4997
1163 5002
4978 5005
5007 5007
5008 5008
6433 5009
2151 5011
1491 5013
3132 5015
4935 5017
6488 5019
5104 5021
5023 5023
5027 5027
5028 5028
1380 5032
6000 5036
5041 5041
4442 5042
5811 5046
5047 5047
5051 5051
5053 5053
1505 5054
5056 5056
2837 5060
5400 5065
6278 5066
4644 5067
2629 5069
3118 5072
5074 5074
5075 5075
256 5078
5080 5080
5081 5081
4899 5082
853 5084
5086 5086
1973 5090
5304 5091
5797 5096
5097 5097
5100 5100
5101 5101
5464 5104
5106 5106
3368 5113
5116 5116
5117 5117
4268 5119
5122 5122
2229 5123
5124 5124
5125 5125
5344 5126
5128 5128
5130 5130
1978 5131
6134 5134
6785 5136
5138 5138
996 5142
5143 5143
5166 5146
896 5148
5152 5152
3499 5153
6002 5156
5158 5158
1731 5159
3496 5160
620 5164
4631 5168
2756 5173
27 5176
5178 5178
5179 5179
1680 5184
5186 5186
3581 5187
5188 5188
5189 5189
5193 5193
5195 5195
5197 5197
5198 5198
5205 5205
5208 5208
4671 5214
107 5216
5219 5219
2964 5224
869 5226
1326 5232
5233 5233
5234 5234
5235 5235
5239 5239
725 5246
4407 5247
3755 5248
2492 5249
5251 5251
6326 5257
3794 5258
5259 5259
4809 5260
5262 5262
5266 5266
4525 5268
5269 5269
3045 5270
4267 5271
973 5274
3542 5275
4248 5276
2504 5277
659 5279
5036 5280
863 5282
5283 5283
5287 5287
5292 5292
5294 5294
5295 5295
5298 5298
5300 5300
5303 5303
3109 5304
2504 5307
2803 5308
4809 5310
2068 5314
2612 5316
4389 5320
1571 5321
5323 5323
5324 5324
1644 5325
5329 5329
2419 5331
2836 5332
3548 5333
616 5335
145 5336
5337 5337
5339 5339
5617 5340
3334 5341
632 5343
2922 5344
2358 5345
5864 5346
6325 5347
5349 5349
2191 5350
3309 5353
5571 5354
848 5355
4128 5356
5357 5357
6770 5358
764 5364
3542 5365
5368 5368
5370 5370
5009 5374
5378 5378
5357 5379
5381 5381
4296 5384
5387 5387
4783 5391
5393 5393
3755 5395
5400 5397
1731 5401
4102 5403
5406 5406
5408 5408
5409 5409
5410 5410
5411 5411
6113 5412
2490 5413
2890 5415
4249 5416
5423 5423
3465 5430
6020 5433
3925 5439
5440 5440
4083 5445
3787 5448
2308 5449
6232 5451
5452 5452
5453 5453
5274 5455
848 5459
6376 5460
5047 5463
5464 5464
3505 5465
5468 5468
6326 5470
2891 5471
1097 5477
6817 5482
2594 5483
5484 5484
5486 5486
6768 5488
5489 5489
5859 5491
5494 5494
6376 5495
5497 5497
5499 5499
3862 5500
5501 5501
2331 5504
1096 5505
5508 5508
5511 5511
5512 5512
5517 5517
3091 5518
5522 5522
5523 5523
969 5524
2851 5525
1470 5526
5527 5527
5528 5528
3189 5530
3667 5531
2536 5532
5535 5535
5536 5536
5538 5538
5539 5539
5540 5540
1496 5541
5542 5542
5543 5543
1040 5548
5549 5549
5551 5551
4442 5552
5072 5555
3113 5559
1165 5565
5567 5567
3839 5568
1195 5571
2111 5574
5575 5575
5579 5579
2294 5581
2333 5586
1491 5587
4433 5588
5705 5589
5590 5590
3634 5594
3189 5595
5596 5596
5598 5598
2201 5599
5600 5600
926 5602
4259 5604
1297 5609
5610 5610
2583 5612
5613 5613
2474 5616
6817 5617
4604 5619
4150 5621
5624 5624
2717 5625
5627 5627
5513 5629
5630 5630
5631 5631
2573 5632
4148 5634
5635 5635
5734 5639
5641 5641
4354 5643
5644 5644
3839 5645
5646 5646
5648 5648
1791 5650
5612 5652
5654 5654
5445 5656
5265 5657
5659 5659
4679 5660
5663 5663
5664 5664
5665 5665
5666 5666
1326 5668
5674 5674
268 5676
6370 5677
4675 5678
5679 5679
3989 5680
3278 5681
6696 5683
3143 5686
2944 5690
3447 5691
6371 5694
4371 5696
5698 5698
5957 5702
2164 5704
5706 5706
5708 5708
1429 5712
5714 5714
5716 5716
5717 5717
698 5718
5358 5719
5720 5720
5721 5721
5724 5724
6637 5727
2020 5733
5734 5734
4880 5738
5741 5741
6708 5742
3717 5743
5745 5745
5746 5746
1679 5748
6865 5749
3754 5756
1245 5757
2924 5758
4131 5759
4951 5760
4525 5763
5767 5767
5768 5768
108 5773
5775 5775
973 5776
5777 5777
5778 5778
5780 5780
5782 5782
5783 5783
2822 5785
5788 5788
5214 5789
3458 5790
5793 5793
5794 5794
6429 5796
50 5797
5799 5799
5800 5800
5801 5801
2274 5802
2468 5806
5807 5807
107 5810
5812 5812
5813 5813
6681 5821
2612 5823
2068 5829
2318 5830
5505 5831
5834 5834
5572 5835
4313 5836
5837 5837
5838 5838
5840 5840
4506 5845
1929 5846
2213 5849
5851 5851
5855 5855
5865 5865
4165 5866
5535 5868
5869 5869
2504 5871
4311 5872
1173 5874
2612 5875
1680 5878
5880 5880
3360 5882
5993 5884
6524 5885
5886 5886
1223 5889
5890 5890
1380 5891
5896 5896
5897 5897
5899 5899
4619 5900
5902 5902
6081 5903
5907 5907
1251 5911
6275 5912
4873 5914
5915 5915
4613 5917
5497 5918
5923 5923
5927 5927
3762 5931
5932 5932
5933 5933
5936 5936
6590 5937
5939 5939
739 5942
5944 5944
6237 5946
5949 5949
5952 5952
3985 5953
3278 5955
5959 5959
543 5960
5961 5961
3064 5964
1791 5965
5966 5966
495 5967
5275 5968
1396 5971
1099 5973
1217 5975
5977 5977
3806 5978
5980 5980
5981 5981
5985 5985
5986 5986
2923 5987
5988 5988
1942 5990
5991 5991
5993 5993
5994 5994
933 5995
5265 5999
2574 6001
27 6003
4301 6004
6005 6005
275 6008
464 6013
2242 6019
6024 6024
6027 6027
2608 6028
5709 6029
6030 6030
641 6035
3794 6036
6039 6039
6040 6040
6042 6042
249 6044
6045 6045
3794 6049
1602 6050
6054 6054
6057 6057
6058 6058
6059 6059
1291 6060
6062 6062
6063 6063
6064 6064
6066 6066
6067 6067
5746 6068
1163 6069
6066 6070
6073 6073
3158 6076
6077 6077
5008 6079
1170 6080
3926 6081
6082 6082
3465 6084
5815 6085
6090 6090
4641 6091
2504 6093
3246 6095
6495 6100
4349 6101
6102 6102
3973 6104
6108 6108
6110 6110
3937 6113
3667 6115
6117 6117
6119 6119
6121 6121
1480 6122
3542 6123
5428 6125
5196 6127
6130 6130
3825 6131
6218 6132
1331 6134
6139 6139
6142 6142
2794 6145
6147 6147
6145 6149
674 6150
6154 6154
3187 6155
5811 6157
6159 6159
6161 6161
6162 6162
6163 6163
1331 6166
2403 6167
6170 6170
2392 6171
6172 6172
6332 6173
6175 6175
6179 6179
6180 6180
6737 6181
5859 6183
990 6184
5793 6186
4628 6187
1051 6189
6712 6190
4445 6193
1755 6194
6195 6195
3046 6196
6375 6197
2786 6198
6557 6208
6209 6209
2172 6210
519 6211
6212 6212
1250 6219
6817 6221
2074 6223
6224 6224
6319 6225
3839 6229
3365 6230
6231 6231
2049 6235
6696 6236
6238 6238
6240 6240
3118 6242
6095 6243
6246 6246
6247 6247
6248 6248
6332 6251
774 6252
2131 6253
6840 6254
2260 6256
6257 6257
1043 6260
6261 6261
6264 6264
1375 6266
6267 6267
3142 6269
38 6270
6724 6271
5511 6272
6275 6275
6276 6276
1953 6278
6281 6281
6282 6282
5887 6284
6288 6288
5842 6292
767 6293
1508 6295
3787 6296
5497 6299
6302 6302
3368 6303
3787 6306
4859 6310
4721 6312
2095 6314
6315 6315
6317 6317
6319 6319
6322 6322
6323 6323
2536 6324
3737 6325
3926 6326
6327 6327
5047 6328
145 6329
4188 6330
5400 6331
6332 6332
6334 6334
6338 6338
6310 6340
3408 6341
2837 6344
1491 6347
3807 6348
6349 6349
6351 6351
211 6359
6360 6360
6363 6363
2478 6364
6365 6365
6368 6368
1331 6369
6370 6370
5274 6371
4935 6372
6373 6373
6383 6383
2890 6386
1397 6387
6389 6389
6390 6390
990 6395
2504 6400
6809 6401
3967 6402
6405 6405
6406 6406
3992 6412
4115 6417
3131 6422
3642 6424
6426 6426
107 6427
6429 6429
3022 6431
6685 6433
6438 6438
464 6441
6444 6444
335 6445
6446 6446
3445 6447
6448 6448
2478 6449
4178 6457
973 6458
3787 6459
4968 6461
725 6462
4529 6463
2583 6465
3354 6468
4700 6470
6145 6471
4617 6476
2993 6477
6479 6479
5341 6485
6486 6486
1233 6487
6489 6489
5131 6491
1791 6492
1243 6497
6499 6499
3648 6503
5968 6506
6775 6507
5980 6508
134 6509
6510 6510
1341 6511
833 6514
1036 6518
2960 6520
2654 6524
6526 6526
6527 6527
912 6528
6529 6529
2851 6530
464 6532
6533 6533
6537 6537
5274 6540
830 6541
2837 6545
6546 6546
4109 6547
1356 6549
3707 6554
2585 6556
6557 6557
3029 6558
6559 6559
6560 6560
6561 6561
6020 6565
6566 6566
6567 6567
6817 6568
1224 6570
2304 6572
6573 6573
6574 6574
1440 6576
3932 6578
3166 6580
3631 6582
6585 6585
6586 6586
6587 6587
6588 6588
1071 6589
6591 6591
6592 6592
5664 6593
3185 6594
6595 6595
2908 6596
4328 6598
6599 6599
6602 6602
6603 6603
107 6604
6605 6605
6606 6606
3667 6609
6610 6610
6611 6611
34 6615
2745 6619
6806 6620
5722 6621
4628 6623
3942 6624
6625 6625
6626 6626
3364 6627
2739 6628
1755 6629
6630 6630
6633 6633
1024 6635
6638 6638
1627 6639
1496 6642
6643 6643
6644 6644
5428 6647
1250 6648
6650 6650
6657 6657
5434 6658
6280 6659
6660 6660
6663 6663
396 6664
6665 6665
6666 6666
1731 6669
268 6670
1954 6672
4928 6676
1567 6678
1163 6679
4273 6682
6683 6683
4820 6688
6689 6689
5363 6692
4562 6694
511 6695
6696 6696
107 6698
4247 6701
6228 6702
3737 6703
6706 6706
6707 6707
3688 6711
6712 6712
6713 6713
1850 6714
4830 6715
6721 6721
2646 6723
6724 6724
5080 6725
4745 6728
2837 6730
6731 6731
3085 6733
1380 6735
6739 6739
4623 6744
2731 6746
6750 6750
6754 6754
6758 6758
219 6760
6767 6767
3896 6769
3650 6771
3707 6774
3226 6777
6778 6778
6780 6780
2708 6781
2544 6785
5463 6786
6791 6791
6792 6792
846 6793
3571 6794
1886 6797
3667 6799
6800 6800
6801 6801
480 6806
6807 6807
6809 6809
1491 6811
1035 6814
1215 6816
6817 6817
6845 6818
3880 6820
6213 6821
619 6825
6827 6827
3581 6829
6830 6830
4736 6831
4733 6834
5034 6838
6839 6839
6841 6841
222 6842
6848 6848
5824 6850
6853 6853
1585 6854
6856 6856
6859 6859
4466 6864
6865 6865
6866 6866
4058 6867
6868 6868
1159 6869
6817 6871
6872 6872
1097 6873
6874 6874
6341 6875
6880 6880
725 6883
1791 6885
6889 6889
