2142 2142
2049 2049
2043 2043
2041 2041
2004 2004
2129 2129
2136 2136
2372 2372
5535 5535
5519 5519
5597 5597
5516 5516
2161 2161
5659 5659
5464 5464
2132 2132
2260 2260
5512 5512
5592 5592
1997 1997
5638 5638
2387 2387
5842 5842
2191 2191
5755 5755
2511 2511
5625 5625
5453 5453
2125 2125
5724 5724
6237 6237
2152 2152
2150 2150
3844 3844
5951 5951
2124 2124
3853 3853
3740 3740
3533 3533
3529 3529
3861 3861
5735 5735
5641 5641
5630 5630
27 27
5468 5468
5674 5674
1994 1994
3773 3773
5613 5613
5616 5616
33 33
3638 3638
409 409
408 408
3833 3833
2389 2389
5722 5722
439 439
5673 5673
1984 1984
5829 5829
3829 3829
3628 3628
3800 3800
5540 5540
5618 5618
2485 2485
30 30
420 420
2151 2151
1996 1996
349 349
5631 5631
5947 5947
2772 2772
458 458
315 315
3525 3525
279 279
3824 3824
1906 1906
5958 5958
3777 3777
5941 5941
63 63
2375 2375
3524 3524
428 428
2483 2483
3587 3587
432 432
2593 2593
355 355
5739 5739
5701 5701
126 126
228 228
3072 3072
3499 3499
344 344
6253 6253
2609 2609
2377 2377
5966 5966
2771 2771
5961 5961
2788 2788
3914 3914
5627 5627
3165 3165
341 341
5838 5838
17 17
431 431
120 120
3790 3790
5522 5522
3922 3922
443 443
5856 5856
3166 3166
98 98
77 77
6235 6235
3750 3750
2808 2808
2382 2382
2486 2486
2612 2612
2213 2213
2474 2474
2194 2194
2278 2278
94 94
64 64
3637 3637
2192 2192
71 71
5585 5585
5538 5538
5824 5824
6089 6089
101 101
3911 3911
3925 3925
2095 2095
5726 5726
2362 2362
2597 2597
327 327
2200 2200
6054 6054
2505 2505
3576 3576
5584 5584
2239 2239
6076 6076
6077 6077
2210 2210
3514 3514
3744 3744
2366 2366
241 241
5607 5607
115 115
125 125
240 240
2144 2144
429 429
6062 6062
2783 2783
5864 5864
5834 5834
3605 3605
2236 2236
6045 6045
2815 2815
122 122
2603 2603
5822 5822
6079 6079
2599 2599
2623 2623
3618 3618
6043 6043
3586 3586
2123 2123
5604 5604
6085 6085
3607 3607
6050 6050
5528 5528
3552 3552
5970 5970
2197 2197
3585 3585
3704 3704
3602 3602
2600 2600
3601 3601
2096 2096
5741 5741
3591 3591
3568 3568
3841 3841
2266 2266
5496 5496
3565 3565
3609 3609
6 6
3518 3518
6087 6087
3052 3052
5658 5658
335 335
2280 2280
2589 2589
5686 5686
6090 6090
5742 5742
2092 2092
3772 3772
2229 2229
2564 2564
2626 2626
2087 2087
1987 1987
5981 5981
2022 2022
5743 5743
5475 5475
267 267
6130 6130
6098 6098
5852 5852
7 7
2031 2031
2634 2634
2196 2196
6147 6147
3881 3881
2566 2566
5760 5760
2019 2019
3163 3163
2681 2681
2182 2182
2032 2032
2407 2407
5748 5748
3706 3706
2441 2441
5713 5713
2683 2683
2432 2432
2639 2639
6125 6125
6111 6111
5710 5710
5758 5758
2059 2059
5988 5988
2250 2250
2251 2251
2636 2636
5757 5757
2060 2060
5869 5869
2412 2412
6152 6152
6166 6166
405 405
2702 2702
5714 5714
2669 2669
2416 2416
3654 3654
3707 3707
6159 6159
2526 2526
2424 2424
5479 5479
5484 5484
2421 2421
2216 2216
5563 5563
5874 5874
5740 5740
2715 2715
4005 4005
6005 6005
6127 6127
2659 2659
2643 2643
5990 5990
2571 2571
5807 5807
5767 5767
5764 5764
2420 2420
2756 2756
5777 5777
2547 2547
6134 6134
375 375
5790 5790
2648 2648
2419 2419
2538 2538
2645 2645
2644 2644
2684 2684
2243 2243
2574 2574
6020 6020
5998 5998
2760 2760
2761 2761
2671 2671
393 393
2548 2548
3679 3679
2423 2423
2106 2106
2740 2740
5702 5702
1922 1922
2440 2440
2578 2578
2437 2437
2434 2434
5703 5703
2241 2241
378 378
5883 5883
2747 2747
5771 5771
5384 5384
2764 2764
2734 2734
3883 3883
5797 5797
2722 2722
374 374
5386 5386
2322 2322
2448 2448
2467 2467
3880 3880
5900 5900
5397 5397
5786 5786
5813 5813
2738 2738
2468 2468
2751 2751
5781 5781
2347 2347
2769 2769
295 295
3781 3781
2541 2541
3681 3681
5782 5782
2317 2317
3695 3695
1959 1959
2312 2312
2316 2316
2308 2308
3796 3796
3782 3782
4069 4069
6170 6170
3682 3682
1920 1920
3874 3874
3683 3683
3962 3962
2736 2736
5405 5405
6888 6888
248 248
386 386
5406 5406
366 366
470 470
2753 2753
2445 2445
3987 3987
2745 2745
1356 1356
498 498
387 387
363 363
2349 2349
1431 1431
448 448
1776 1776
4053 4053
2992 2992
449 449
163 163
1619 1619
558 558
168 168
6757 6757
6745 6745
2989 2989
2336 2336
270 270
1888 1888
1972 1972
6759 6759
3674 3674
5311 5311
6760 6760
6452 6452
2354 2354
6839 6839
364 364
5344 5344
2313 2313
560 560
5235 5235
5432 5432
4262 4262
4830 4830
4013 4013
507 507
6448 6448
6670 6670
4912 4912
6354 6354
3348 3348
1281 1281
6674 6674
6628 6628
5346 5346
6766 6766
6676 6676
3873 3873
6663 6663
715 715
4168 4168
792 792
6683 6683
149 149
6754 6754
1632 1632
489 489
3013 3013
6626 6626
544 544
1603 1603
6690 6690
6686 6686
6446 6446
1284 1284
521 521
5409 5409
1288 1288
1633 1633
1846 1846
6666 6666
5292 5292
1504 1504
6434 6434
6696 6696
1699 1699
6453 6453
1503 1503
6638 6638
6444 6444
6637 6637
754 754
1739 1739
1854 1854
1283 1283
683 683
5435 5435
1912 1912
6470 6470
3345 3345
2905 2905
6283 6283
3406 3406
5321 5321
3278 3278
2319 2319
3276 3276
3726 3726
1731 1731
3263 3263
3272 3272
6351 6351
3271 3271
3350 3350
1977 1977
3283 3283
3337 3337
3364 3364
3292 3292
3340 3340
1260 1260
681 681
2985 2985
5093 5093
886 886
3367 3367
1660 1660
3870 3870
720 720
5342 5342
1628 1628
5070 5070
3243 3243
1785 1785
1917 1917
3250 3250
6647 6647
3314 3314
4122 4122
1663 1663
5332 5332
1657 1657
6361 6361
6645 6645
4978 4978
4865 4865
5211 5211
4032 4032
170 170
3100 3100
285 285
5095 5095
6644 6644
6621 6621
6450 6450
1715 1715
5038 5038
6636 6636
3765 3765
1884 1884
3223 3223
758 758
4763 4763
3226 3226
1585 1585
2961 2961
5135 5135
6807 6807
5378 5378
5123 5123
4742 4742
1683 1683
4123 4123
1568 1568
5173 5173
202 202
1761 1761
466 466
1571 1571
3214 3214
5415 5415
5329 5329
674 674
2872 2872
6273 6273
3978 3978
3738 3738
5370 5370
1887 1887
3112 3112
4023 4023
3976 3976
5124 5124
5355 5355
1600 1600
3066 3066
1641 1641
2942 2942
4166 4166
398 398
5127 5127
1393 1393
796 796
4982 4982
3111 3111
4778 4778
721 721
1694 1694
5308 5308
3688 3688
639 639
759 759
6779 6779
4885 4885
6184 6184
1871 1871
5055 5055
1787 1787
1874 1874
3073 3073
6212 6212
3495 3495
5182 5182
5190 5190
6416 6416
4160 4160
1751 1751
6205 6205
1593 1593
5056 5056
5333 5333
1649 1649
1538 1538
1708 1708
3003 3003
1612 1612
2813 2813
6353 6353
1542 1542
1838 1838
5007 5007
1556 1556
5208 5208
5040 5040
6386 6386
5052 5052
4128 4128
4150 4150
3060 3060
4083 4083
1687 1687
2864 2864
1543 1543
1914 1914
5207 5207
1779 1779
1387 1387
2929 2929
1645 1645
4182 4182
5354 5354
4722 4722
5282 5282
1609 1609
5050 5050
1610 1610
1828 1828
1417 1417
6383 6383
3004 3004
1652 1652
6499 6499
603 603
1830 1830
1590 1590
3168 3168
5057 5057
1583 1583
2930 2930
887 887
4864 4864
1199 1199
4355 4355
888 888
5302 5302
6553 6553
5193 5193
4649 4649
5226 5226
1719 1719
5166 5166
4138 4138
3727 3727
6313 6313
3131 3131
788 788
1784 1784
6503 6503
4738 4738
3132 3132
4417 4417
4153 4153
2956 2956
1749 1749
4165 4165
1833 1833
4798 4798
5081 5081
5021 5021
4354 4354
4267 4267
5035 5035
4192 4192
842 842
4796 4796
4974 4974
5262 5262
5164 5164
5132 5132
1560 1560
3242 3242
5376 5376
5198 5198
3067 3067
6818 6818
1166 1166
2867 2867
2962 2962
6411 6411
5357 5357
2854 2854
635 635
1265 1265
1164 1164
6488 6488
5264 5264
6845 6845
1419 1419
1508 1508
6385 6385
5257 5257
6817 6817
684 684
5080 5080
4399 4399
693 693
3917 3917
1536 1536
3031 3031
2835 2835
1505 1505
6315 6315
3764 3764
1791 1791
4126 4126
4709 4709
1516 1516
5179 5179
1904 1904
889 889
3090 3090
4610 4610
841 841
204 204
4962 4962
5298 5298
5283 5283
4804 4804
596 596
3786 3786
6332 6332
1279 1279
3041 3041
1162 1162
3159 3159
1541 1541
1737 1737
3037 3037
385 385
5117 5117
636 636
6380 6380
1207 1207
6365 6365
6323 6323
4127 4127
4287 4287
6537 6537
3110 3110
586 586
696 696
4883 4883
4364 4364
5251 5251
2824 2824
1570 1570
2856 2856
4310 4310
3216 3216
253 253
6565 6565
3371 3371
1427 1427
806 806
5004 5004
4285 4285
4284 4284
1248 1248
573 573
5250 5250
4647 4647
4213 4213
5254 5254
3815 3815
4326 4326
1409 1409
6293 6293
1137 1137
5005 5005
1323 1323
4131 4131
6851 6851
1246 1246
4716 4716
4985 4985
6855 6855
3447 3447
6866 6866
1492 1492
6856 6856
668 668
3135 3135
301 301
6733 6733
6281 6281
4404 4404
4726 4726
3086 3086
637 637
814 814
6331 6331
1227 1227
2829 2829
4717 4717
6723 6723
4617 4617
1324 1324
1515 1515
4283 4283
4316 4316
2906 2906
938 938
4953 4953
3115 3115
1360 1360
6603 6603
3018 3018
1307 1307
4174 4174
4598 4598
4198 4198
4607 4607
6582 6582
4330 4330
817 817
1122 1122
6587 6587
6567 6567
4815 4815
6825 6825
3445 3445
4405 4405
1429 1429
6575 6575
939 939
5002 5002
2858 2858
4277 4277
4376 4376
1190 1190
6800 6800
5265 5265
4329 4329
1218 1218
3009 3009
3374 3374
4397 4397
4599 4599
4868 4868
4418 4418
6549 6549
2825 2825
1193 1193
2832 2832
4944 4944
810 810
4512 4512
1817 1817
1808 1808
5143 5143
4296 4296
4956 4956
1809 1809
630 630
4095 4095
4107 4107
6734 6734
4869 4869
6297 6297
4590 4590
748 748
4365 4365
4751 4751
4403 4403
1295 1295
3134 3134
4621 4621
3176 3176
928 928
742 742
3195 3195
1864 1864
6509 6509
1460 1460
4380 4380
6523 6523
6775 6775
4442 4442
1348 1348
653 653
4984 4984
4480 4480
4934 4934
4583 4583
1061 1061
4377 4377
5296 5296
2828 2828
4570 4570
4927 4927
1124 1124
4475 4475
2841 2841
723 723
6559 6559
1130 1130
1125 1125
1109 1109
1893 1893
1131 1131
3507 3507
3182 3182
4808 4808
1500 1500
690 690
4372 4372
962 962
3177 3177
2875 2875
4146 4146
4604 4604
6292 6292
3460 3460
4968 4968
4941 4941
1091 1091
3332 3332
6557 6557
4097 4097
4501 4501
4581 4581
4459 4459
4642 4642
1121 1121
1057 1057
966 966
898 898
4550 4550
2831 2831
4489 4489
4238 4238
4240 4240
899 899
2968 2968
1073 1073
857 857
4575 4575
1458 1458
6298 6298
1361 1361
4556 4556
730 730
617 617
661 661
3092 3092
1155 1155
1051 1051
4443 4443
3378 3378
3423 3423
3386 3386
4567 4567
4492 4492
4935 4935
4470 4470
4992 4992
4452 4452
4441 4441
901 901
4457 4457
4571 4571
838 838
967 967
5000 5000
917 917
4391 4391
4232 4232
4700 4700
4493 4493
4573 4573
4998 4998
616 616
3209 3209
1099 1099
1369 1369
4694 4694
5225 5225
6876 6876
4525 4525
1083 1083
1011 1011
4102 4102
4299 4299
4639 4639
4453 4453
1456 1456
869 869
1152 1152
1181 1181
4783 4783
722 722
4438 4438
767 767
795 795
3156 3156
1075 1075
4431 4431
1478 1478
1093 1093
1501 1501
4103 4103
1013 1013
3129 3129
1014 1014
1095 1095
1513 1513
1008 1008
4361 4361
4359 4359
3006 3006
4503 4503
1019 1019
4627 4627
1103 1103
1518 1518
903 903
1468 1468
1477 1477
6527 6527
1055 1055
6410 6410
728 728
6505 6505
1033 1033
6520 6520
3133 3133
1010 1010
1074 1074
6430 6430
3500 3500
3080 3080
4370 4370
4360 4360
4335 4335
882 882
4653 4653
4461 4461
6343 6343
4215 4215
4293 4293
783 783
984 984
5281 5281
4588 4588
6425 6425
4505 4505
3511 3511
1203 1203
973 973
955 955
4671 4671
1040 1040
3155 3155
1141 1141
977 977
1327 1327
1187 1187
