6052 0
87 3
1254 5
6 6
7 7
5699 9
5779 11
4343 12
2383 14
2467 15
17 17
1820 18
5604 19
3002 21
1570 24
27 27
1691 28
27 29
30 30
318 32
33 33
4527 35
6517 36
5156 37
3921 38
4475 41
4351 42
2039 43
505 45
1094 47
6877 50
4920 52
1641 53
4150 56
1931 57
2300 59
6284 60
5618 61
63 63
64 64
3533 67
1104 69
71 71
1335 75
77 77
6422 80
4084 81
4737 82
5710 89
5118 91
1006 92
94 94
461 95
1569 96
3522 97
98 98
5678 100
101 101
6251 102
2039 105
106 106
3614 107
688 108
3472 109
2933 114
115 115
2790 116
5720 118
120 120
122 122
125 125
126 126
5239 129
3516 130
6279 131
5200 134
2333 137
1042 141
2379 142
6539 145
149 149
4320 155
105 157
14 160
1012 161
163 163
3266 164
168 168
4798 169
170 170
6493 171
1217 173
6459 175
2032 178
2614 180
188 181
521 182
1442 183
2875 185
5404 187
4042 189
6507 191
6480 194
6419 195
3384 196
6250 198
202 202
3221 203
204 204
6874 208
5225 210
719 212
6390 213
6332 216
6675 218
4496 219
4853 221
3982 222
2714 224
2327 226
1534 227
228 228
5552 229
5427 231
3981 232
440 234
4197 236
1138 237
5544 238
240 240
241 241
4565 244
248 248
5239 249
793 250
253 253
3470 254
5400 259
1949 261
3331 262
267 267
3031 269
270 270
3921 272
6650 273
5094 275
945 276
3463 277
279 279
3094 283
2295 284
285 285
2263 288
2461 291
6323 292
491 293
6261 294
295 295
734 296
301 301
302 302
90 303
5229 305
5077 307
6718 309
6527 310
4356 312
4990 313
315 315
5761 318
3505 321
327 327
3968 329
2140 330
5482 331
2429 333
4525 334
335 335
401 338
1634 340
341 341
344 344
4911 346
349 349
5123 354
355 355
3397 359
2446 360
1361 361
363 363
364 364
2790 365
366 366
374 374
375 375
4359 377
378 378
2240 381
385 385
386 386
387 387
2295 391
514 392
393 393
2222 396
398 398
5453 401
3578 402
2118 404
405 405
1487 406
408 408
409 409
5254 411
170 414
6634 419
420 420
2880 421
1128 424
6480 426
428 428
429 429
246 430
431 431
432 432
198 434
439 439
188 440
4859 441
443 443
448 448
449 449
4343 451
1165 452
453 453
3352 455
5235 456
458 458
4343 459
460 460
3822 461
466 466
6033 467
6874 469
470 470
6192 473
723 475
3401 477
6438 478
5920 480
346 482
6298 486
489 489
2895 492
6039 493
6572 494
498 498
4551 499
5208 504
4850 505
507 507
510 510
2468 513
5301 514
410 515
516 516
645 517
5034 519
185 520
521 521
1410 526
866 528
4952 530
719 532
5265 533
3350 535
1447 536
5778 537
538 538
5892 541
542 542
1466 543
544 544
6356 545
6111 549
1036 553
3044 555
3326 556
558 558
1850 559
560 560
5301 566
1025 568
992 569
6283 572
573 573
1393 577
247 578
5372 579
4944 582
583 584
586 586
27 587
4888 589
6637 594
5056 595
596 596
3142 597
4916 598
5913 599
4493 602
603 603
5104 607
2413 611
616 616
617 617
5542 621
683 625
513 626
5779 627
630 630
869 633
635 635
636 636
637 637
639 639
1456 640
6637 641
6756 644
3412 645
5103 646
5372 647
6645 648
6851 649
3423 652
653 653
5720 658
2612 659
661 661
5063 663
668 668
344 671
674 674
5725 675
4198 676
5648 677
68 679
5286 680
681 681
683 683
684 684
2020 686
3038 687
4021 688
690 690
3292 691
693 693
5732 695
696 696
4861 698
1543 699
4175 701
6420 702
427 703
4685 705
2628 706
3325 713
715 715
6554 716
752 718
1957 719
720 720
721 721
722 722
723 723
2051 725
728 728
730 730
5228 733
2057 734
1152 737
742 742
748 748
2790 751
4463 752
362 753
754 754
940 756
758 758
759 759
2156 763
1236 764
168 766
767 767
6387 768
1838 773
1679 774
5567 775
783 783
6828 784
1947 785
27 786
2970 787
788 788
3040 790
3705 791
792 792
795 795
796 796
2706 797
5046 800
2988 802
3981 803
806 806
5288 809
810 810
2790 812
1367 813
814 814
817 817
6325 821
3235 823
2295 824
4408 828
3039 830
2428 834
2334 837
838 838
3143 840
841 841
842 842
3650 844
1913 845
356 846
2060 849
852 852
6858 854
857 857
3618 860
6257 863
3942 866
2295 868
869 869
2151 872
6112 876
882 882
4181 885
886 886
887 887
888 888
889 889
1027 891
898 898
899 899
2295 900
901 901
669 902
903 903
3470 906
3483 908
3170 913
6357 914
651 915
990 916
917 917
4040 918
5212 919
4408 920
2969 921
4039 923
1127 924
3516 926
928 928
4543 936
6286 937
938 938
939 939
3327 941
2390 950
2928 951
955 955
3516 958
120 959
694 961
962 962
966 966
967 967
5914 969
973 973
977 977
6574 978
4853 981
6596 983
984 984
2334 985
4227 986
6147 987
835 990
105 991
3713 998
5239 1000
1008 1008
439 1009
1010 1010
1011 1011
6228 1012
1013 1013
1014 1014
3287 1015
2383 1017
1019 1019
259 1024
392 1031
1033 1033
5551 1035
848 1038
5357 1039
1040 1040
6758 1047
1051 1051
6351 1052
1055 1055
5253 1056
1057 1057
2504 1058
971 1059
1061 1061
2470 1062
1306 1064
5407 1068
1073 1073
1074 1074
1075 1075
2223 1076
5436 1080
2794 1082
1083 1083
510 1084
2069 1087
3628 1090
1091 1091
5218 1092
1093 1093
1095 1095
3981 1096
474 1097
1099 1099
6125 1100
1103 1103
3340 1106
2960 1107
5272 1108
1109 1109
118 1112
956 1119
2032 1120
1121 1121
1122 1122
4853 1123
1124 1124
1125 1125
5526 1126
3982 1127
362 1128
1864 1129
1130 1130
1131 1131
3240 1133
1137 1137
6761 1138
3629 1139
2318 1140
1141 1141
653 1143
3030 1144
6344 1146
6243 1149
3264 1150
1123 1151
1152 1152
1155 1155
3412 1156
659 1158
6068 1160
1162 1162
2970 1163
1164 1164
1166 1166
1830 1169
3616 1170
5427 1172
1341 1176
1904 1178
4155 1180
1181 1181
4284 1182
5153 1184
1187 1187
3470 1189
1190 1190
1193 1193
1891 1194
1631 1195
5656 1197
6382 1198
1199 1199
4003 1201
1203 1203
1298 1206
1207 1207
5046 1208
5442 1209
4084 1214
3870 1215
1218 1218
1194 1220
6185 1225
3299 1226
1227 1227
4596 1228
2967 1236
4254 1238
4237 1239
5260 1244
4957 1245
1246 1246
1544 1247
1248 1248
2295 1253
6574 1254
6717 1255
4229 1259
1260 1260
4442 1261
4731 1264
1265 1265
1675 1266
1272 1272
408 1275
4309 1276
4354 1277
1279 1279
1281 1281
1283 1283
1284 1284
3536 1285
4463 1286
5954 1287
1288 1288
3629 1289
1295 1295
6791 1298
3516 1299
6773 1300
2552 1301
4413 1304
758 1306
1307 1307
1547 1308
4742 1309
281 1311
780 1313
2202 1315
4493 1319
1323 1323
1324 1324
458 1325
5275 1326
1327 1327
2051 1328
1786 1329
2295 1330
4349 1331
6018 1333
5339 1334
5106 1339
4631 1345
692 1346
1348 1348
741 1349
2098 1350
3551 1351
4237 1353
1356 1356
4849 1359
1360 1360
1361 1361
232 1362
1618 1363
2039 1364
956 1366
5267 1367
4849 1368
1369 1369
1466 1373
107 1378
3409 1381
341 1382
2392 1385
1387 1387
4849 1388
1393 1393
2552 1394
1814 1399
1057 1408
1409 1409
5821 1413
1691 1415
1417 1417
1419 1419
1427 1427
1429 1429
1431 1431
3098 1435
6660 1439
6398 1440
4031 1443
120 1444
4480 1447
4964 1450
2295 1451
1456 1456
1458 1458
6874 1459
1460 1460
3866 1461
2295 1462
2412 1465
1468 1468
6289 1469
2999 1470
293 1474
1477 1477
1478 1478
3920 1479
4155 1483
1395 1484
6035 1487
4465 1488
1565 1489
5186 1490
1492 1492
4815 1498
2910 1499
1500 1500
1501 1501
1503 1503
1504 1504
1505 1505
4493 1507
1508 1508
5404 1509
4691 1511
1513 1513
1515 1515
1516 1516
1518 1518
95 1521
5544 1522
2031 1523
4004 1524
6390 1525
5104 1535
1536 1536
1538 1538
5385 1539
1541 1541
1542 1542
1543 1543
1691 1547
5469 1548
2770 1549
2832 1551
5821 1555
1556 1556
6682 1558
4804 1559
1560 1560
5957 1561
2411 1562
2249 1565
4546 1567
1568 1568
1570 1570
1571 1571
6882 1573
5514 1576
1996 1577
1956 1579
2124 1581
1583 1583
4343 1584
1585 1585
2254 1586
1590 1590
1593 1593
4102 1594
2384 1599
1600 1600
4985 1601
1603 1603
5868 1605
4031 1606
1609 1609
1610 1610
1612 1612
1069 1613
1466 1614
6488 1616
6340 1617
1619 1619
3259 1621
1339 1624
1190 1625
4081 1627
1628 1628
1632 1632
1633 1633
5540 1634
5218 1635
755 1639
1947 1640
1641 1641
1757 1642
6024 1644
1645 1645
4274 1648
1649 1649
1652 1652
4601 1654
2809 1655
6758 1656
1657 1657
6192 1659
1660 1660
2049 1662
1663 1663
3922 1667
1885 1673
5869 1678
757 1679
5194 1682
1683 1683
3396 1684
2712 1685
1687 1687
5547 1689
344 1692
1694 1694
5255 1695
755 1697
4771 1698
1699 1699
2663 1700
5116 1704
956 1705
107 1706
1708 1708
2587 1710
2039 1711
602 1712
5660 1713
6294 1714
1715 1715
1719 1719
14 1720
6805 1721
4956 1722
6836 1723
3499 1725
2702 1728
1731 1731
3939 1732
2116 1733
1737 1737
1739 1739
1961 1741
19 1747
1749 1749
1751 1751
2326 1753
3962 1755
1539 1759
5188 1760
1761 1761
5703 1763
3638 1764
2356 1766
4663 1768
4871 1769
423 1772
2954 1773
799 1775
1776 1776
1779 1779
3675 1781
1784 1784
1785 1785
6354 1786
1787 1787
5829 1788
2504 1789
1791 1791
6632 1794
6859 1795
4175 1797
1737 1799
1891 1800
2935 1802
4929 1804
4723 1805
6438 1806
1808 1808
1809 1809
4040 1812
4298 1813
1751 1815
6158 1816
1817 1817
4542 1819
3864 1821
1381 1822
5917 1823
6756 1825
1828 1828
1830 1830
1833 1833
582 1834
4642 1835
6032 1837
1838 1838
122 1839
1846 1846
4920 1849
917 1851
3217 1852
1854 1854
638 1858
4848 1860
1864 1864
4345 1865
4980 1868
1871 1871
555 1872
1874 1874
4964 1877
5915 1878
2270 1880
1956 1881
1884 1884
4736 1885
6653 1886
1887 1887
1888 1888
1445 1891
1165 1892
1893 1893
125 1895
5851 1897
1937 1898
1904 1904
1906 1906
5239 1907
6828 1908
6380 1909
4527 1910
2379 1911
1912 1912
1914 1914
5321 1916
1917 1917
1920 1920
1922 1922
4464 1929
6574 1933
482 1934
462 1935
3470 1936
191 1937
2468 1941
6323 1943
3413 1944
3905 1945
3745 1946
1165 1947
2573 1949
1609 1951
3853 1953
5951 1954
1355 1956
52 1957
1959 1959
193 1961
6340 1962
5428 1968
1972 1972
1977 1977
6103 1981
3062 1983
1984 1984
3731 1986
1987 1987
5140 1989
4866 1990
695 1992
1994 1994
1996 1996
1997 1997
3147 1998
3796 2001
2004 2004
3304 2006
5235 2007
3856 2014
4099 2017
2019 2019
1197 2020
2022 2022
3129 2023
1690 2025
2031 2031
2032 2032
2571 2033
200 2034
2087 2036
2041 2041
2504 2042
2043 2043
5572 2044
5660 2045
2572 2046
5286 2047
2049 2049
6755 2050
1409 2052
6863 2053
2059 2059
2060 2060
5518 2063
1875 2068
6358 2069
4343 2070
5218 2071
4153 2072
2386 2074
2209 2079
5832 2085
4174 2086
2087 2087
2092 2092
5450 2094
2095 2095
2096 2096
4082 2099
4599 2100
598 2103
1224 2105
2106 2106
5106 2107
5190 2111
2356 2115
5068 2116
5400 2118
6103 2119
2123 2123
2124 2124
2125 2125
2026 2126
6794 2127
2129 2129
2132 2132
2136 2136
216 2138
2142 2142
2144 2144
5826 2146
2150 2150
2151 2151
2152 2152
3869 2154
6877 2156
5940 2158
2161 2161
4081 2165
5223 2166
2296 2167
377 2168
5894 2176
6858 2179
2182 2182
6104 2186
6597 2189
2190 2190
2191 2191
2192 2192
4749 2193
2194 2194
2196 2196
2197 2197
2200 2200
6040 2205
6438 2207
2019 2208
2210 2210
2213 2213
2216 2216
251 2219
3102 2224
3052 2225
3146 2227
4493 2228
2229 2229
5271 2232
1466 2234
2236 2236
6882 2237
2239 2239
2241 2241
2243 2243
1571 2244
1743 2245
6842 2247
5926 2249
2250 2250
2251 2251
455 2253
2260 2260
3294 2263
4031 2264
2266 2266
5515 2267
5646 2268
3639 2273
2278 2278
213 2279
2280 2280
5050 2282
759 2283
5999 2291
472 2292
1654 2298
1688 2300
2574 2303
5423 2305
5193 2306
2308 2308
6192 2309
3750 2311
2312 2312
2313 2313
2316 2316
2317 2317
1598 2318
2319 2319
2322 2322
3367 2324
5383 2326
6658 2327
4520 2331
4877 2332
2618 2333
2336 2336
1114 2338
2408 2341
3226 2345
2347 2347
2349 2349
3135 2350
2354 2354
2868 2355
2628 2356
3575 2359
2659 2360
3303 2361
2362 2362
3225 2365
2366 2366
6762 2367
5188 2371
2372 2372
2375 2375
2377 2377
1255 2381
2382 2382
4150 2384
1160 2386
2387 2387
2389 2389
2861 2391
107 2393
5175 2395
5902 2404
2407 2407
973 2408
1789 2409
2158 2410
2412 2412
4130 2413
1452 2415
2416 2416
5225 2417
2419 2419
2420 2420
2421 2421
2423 2423
2424 2424
2425 2425
4745 2427
1466 2429
3087 2430
2432 2432
1424 2433
2434 2434
929 2436
2437 2437
188 2438
1510 2439
2440 2440
2441 2441
4259 2442
3806 2444
2445 2445
2448 2448
1452 2452
4960 2454
3365 2455
1541 2456
456 2457
161 2459
5194 2460
4512 2462
2295 2465
43 2466
2467 2467
2468 2468
3682 2470
818 2471
5572 2472
6791 2473
2474 2474
6605 2475
775 2476
3717 2478
2483 2483
4785 2484
2485 2485
2486 2486
4053 2487
568 2490
3853 2491
1181 2493
1947 2495
5805 2496
2505 2505
2242 2510
2511 2511
387 2514
2390 2515
5777 2517
2888 2520
4399 2522
544 2523
2526 2526
4735 2527
2375 2534
4810 2535
191 2537
2538 2538
956 2539
2541 2541
6430 2542
6249 2545
2547 2547
2548 2548
1055 2550
4919 2551
1154 2554
4174 2558
5604 2559
5338 2561
3030 2562
2564 2564
2566 2566
2571 2571
2574 2574
2578 2578
6342 2579
1691 2580
3896 2584
3920 2586
2804 2587
2589 2589
6878 2591
2593 2593
4688 2596
2597 2597
2599 2599
2600 2600
3178 2601
2603 2603
2609 2609
4545 2610
4227 2611
2612 2612
250 2618
5353 2619
3038 2621
2623 2623
2642 2625
2626 2626
4103 2628
3379 2632
5186 2633
2634 2634
2636 2636
2790 2638
2639 2639
5709 2641
2643 2643
2644 2644
2645 2645
1162 2646
5710 2647
2648 2648
4998 2649
4302 2650
5575 2652
4972 2653
6298 2655
188 2656
2659 2659
2603 2660
4956 2662
4309 2666
2669 2669
2671 2671
1423 2673
3516 2675
2888 2680
2681 2681
2683 2683
2684 2684
2087 2686
530 2688
474 2695
2146 2698
3171 2700
2702 2702
4354 2705
3299 2707
6670 2709
2018 2710
3933 2711
5186 2713
4833 2714
2715 2715
3249 2719
4629 2721
2722 2722
4736 2728
276 2732
3026 2733
2734 2734
2736 2736
2738 2738
2740 2740
2323 2741
3412 2742
107 2743
2745 2745
2747 2747
58 2749
2751 2751
7 2752
2753 2753
1278 2754
4343 2755
2756 2756
234 2758
5652 2759
2760 2760
2761 2761
2764 2764
2295 2766
1931 2767
5278 2768
2769 2769
2771 2771
2772 2772
810 2773
1804 2774
3912 2777
2296 2780
2618 2781
4688 2782
2783 2783
2788 2788
4892 2791
2792 2792
4789 2793
2794 2794
2795 2795
5239 2798
2799 2799
2051 2800
2780 2801
2804 2804
1887 2805
736 2806
2808 2808
3241 2809
2811 2811
2813 2813
3321 2814
2815 2815
2006 2816
1937 2817
914 2818
4503 2819
637 2821
2824 2824
2825 2825
6888 2827
2828 2828
2829 2829
5354 2830
2831 2831
2832 2832
2835 2835
5337 2839
2841 2841
5207 2843
6405 2845
2077 2847
4903 2853
2854 2854
2856 2856
3463 2857
2858 2858
4525 2861
2864 2864
2867 2867
6293 2869
1744 2870
2872 2872
2875 2875
3202 2876
3462 2878
3631 2887
1825 2890
2175 2891
4177 2892
554 2894
651 2896
3883 2897
5808 2898
4097 2899
1950 2901
3516 2903
2905 2905
2906 2906
2726 2908
1302 2909
3650 2912
6425 2917
3470 2918
5110 2920
3536 2922
4407 2927
2929 2929
2930 2930
3571 2932
458 2933
216 2934
6554 2939
2928 2940
5406 2941
2942 2942
1298 2947
5761 2948
4916 2950
3988 2952
2013 2953
2236 2954
2950 2955
2956 2956
5629 2959
2961 2961
2962 2962
1165 2964
3170 2966
2968 2968
4307 2969
6043 2970
2333 2973
869 2975
4551 2976
2295 2980
2791 2981
2985 2985
2991 2987
2989 2989
1685 2990
2992 2992
583 2995
3003 3003
3004 3004
3006 3006
3007 3007
6125 3008
3009 3009
5400 3012
3013 3013
2741 3015
3745 3016
3018 3018
5066 3019
5100 3020
5110 3023
2967 3026
2303 3027
185 3028
3029 3029
3031 3031
3404 3033
3037 3037
701 3038
2429 3040
3041 3041
5671 3047
4244 3050
3052 3052
2327 3053
4492 3054
3723 3056
3703 3057
2869 3058
3516 3059
3060 3060
6082 3062
4747 3063
3066 3066
3067 3067
6740 3068
266 3070
1641 3071
3072 3072
3073 3073
4956 3076
5028 3077
3080 3080
4575 3081
3086 3086
4317 3087
3090 3090
3092 3092
6653 3093
1673 3096
5298 3098
4543 3099
3100 3100
2659 3101
5571 3103
14 3104
3110 3110
3111 3111
3112 3112
3115 3115
1950 3119
182 3121
5894 3122
458 3123
4691 3124
5286 3126
3129 3129
3131 3131
3132 3132
3133 3133
3134 3134
3135 3135
4359 3139
3170 3147
1454 3149
5619 3150
5218 3151
1145 3152
3155 3155
3156 3156
3095 3157
3159 3159
3422 3160
4298 3161
3163 3163
3165 3165
3166 3166
3168 3168
14 3175
3176 3176
3177 3177
3182 3182
6062 3183
6106 3186
5646 3193
5526 3194
3195 3195
4159 3196
4097 3197
5578 3200
27 3202
3317 3204
6404 3207
3638 3208
3209 3209
50 3211
6438 3213
3214 3214
3216 3216
1937 3217
5385 3218
4872 3220
6133 3221
3223 3223
3226 3226
4543 3227
6486 3228
2112 3229
1864 3234
1544 3239
275 3240
4238 3241
3242 3242
3243 3243
5665 3247
3250 3250
3078 3254
121 3262
3263 3263
3631 3264
1942 3265
3040 3267
6635 3270
3271 3271
3272 3272
3276 3276
3161 3277
3278 3278
3283 3283
2087 3284
5404 3286
1283 3287
660 3291
3292 3292
3939 3293
6517 3299
1326 3302
1891 3305
1152 3306
4343 3307
1927 3308
5835 3313
3314 3314
6791 3315
5489 3317
6805 3319
5699 3322
5498 3327
219 3328
5503 3331
3332 3332
2254 3335
3337 3337
3340 3340
6858 3341
5029 3343
3345 3345
759 3346
3348 3348
3350 3350
3982 3352
3745 3354
1595 3358
27 3360
4907 3361
6278 3362
4583 3363
3364 3364
5897 3365
3367 3367
5304 3368
1757 3370
3371 3371
3374 3374
5228 3375
3378 3378
80 3379
4907 3380
4866 3383
3386 3386
2950 3396
2032 3402
3406 3406
6433 3411
1399 3413
5814 3414
6306 3419
2649 3420
3877 3421
3423 3423
3408 3427
4408 3428
2331 3430
5526 3431
6106 3437
3533 3440
3225 3443
3445 3445
3447 3447
2502 3450
566 3453
1152 3454
1956 3456
2434 3457
655 3458
3460 3460
5572 3461
5711 3462
2316 3464
2032 3471
489 3472
274 3473
2871 3476
1641 3480
2985 3483
2068 3485
3535 3486
1461 3488
6509 3489
3495 3495
3499 3499
3500 3500
4190 3501
3055 3502
932 3503
1461 3505
3507 3507
2642 3510
3511 3511
3514 3514
140 3517
3518 3518
6353 3519
6404 3520
2266 3521
3524 3524
3525 3525
3529 3529
1359 3530
5696 3531
1467 3532
3533 3533
2549 3535
1165 3536
5739 3537
4937 3541
2541 3551
3552 3552
2116 3555
2079 3561
3565 3565
3568 3568
532 3575
3576 3576
4282 3579
3585 3585
3586 3586
3587 3587
5280 3588
27 3590
3591 3591
3816 3593
6435 3596
1347 3599
3601 3601
3602 3602
3605 3605
3607 3607
3609 3609
695 3612
6665 3613
2155 3615
1961 3616
3618 3618
2429 3621
3186 3623
2159 3624
5660 3625
3470 3626
3628 3628
1287 3629
3208 3630
3201 3631
3516 3634
3637 3637
3638 3638
853 3644
990 3646
6017 3650
2003 3652
1825 3653
3654 3654
3909 3655
5761 3660
5357 3661
5189 3670
1826 3673
3674 3674
2199 3676
3679 3679
2649 3680
3681 3681
3682 3682
3683 3683
3352 3685
3688 3688
2691 3690
3778 3692
3695 3695
3696 3696
1947 3697
3698 3698
4343 3701
3704 3704
3706 3706
3707 3707
4453 3709
5024 3710
3713 3713
3720 3720
3721 3721
3723 3723
3395 3724
3726 3726
3727 3727
3601 3728
3730 3730
2018 3732
3733 3733
833 3734
1789 3736
3738 3738
3740 3740
52 3741
3277 3743
3744 3744
775 3746
2295 3747
6018 3748
3750 3750
4326 3752
805 3753
5516 3755
2293 3758
3764 3764
3765 3765
4628 3766
3516 3771
3772 3772
3773 3773
2254 3776
3777 3777
5553 3779
3781 3781
3782 3782
6720 3784
3786 3786
4359 3789
3790 3790
199 3795
3796 3796
2198 3797
5673 3798
3516 3799
3800 3800
5456 3801
6888 3802
2933 3804
1937 3810
3811 3811
3815 3815
1688 3816
5646 3818
6586 3819
3824 3824
6317 3828
3829 3829
5277 3831
3833 3833
2032 3835
3841 3841
3844 3844
2084 3845
4684 3846
168 3847
2720 3849
6733 3852
3853 3853
1857 3854
27 3855
4960 3859
2158 3860
3861 3861
56 3862
3864 3864
3866 3866
1278 3868
3869 3869
3870 3870
3873 3873
3874 3874
3027 3877
3880 3880
3881 3881
3883 3883
2758 3885
1024 3886
6710 3888
5056 3889
3891 3891
1055 3892
4796 3894
299 3896
3898 3898
6602 3900
2669 3903
1718 3904
3911 3911
253 3912
2244 3913
3914 3914
2835 3916
3917 3917
3922 3922
3925 3925
2969 3927
4846 3929
3931 3931
211 3935
6122 3939
2345 3940
3440 3941
4018 3944
2966 3949
247 3950
4907 3952
1927 3954
2156 3956
2293 3957
3962 3962
3965 3965
6674 3968
3969 3969
915 3970
2000 3971
932 3972
4691 3975
3976 3976
2408 3977
3978 3978
3979 3979
6538 3982
3983 3983
3726 3985
3987 3987
3988 3988
3989 3989
5953 3991
463 3992
1931 3993
2040 3996
4214 3998
2192 3999
3499 4004
4005 4005
2780 4006
4009 4009
4010 4010
2295 4011
4013 4013
498 4014
4751 4015
3170 4017
3456 4018
6066 4020
244 4021
4023 4023
5973 4024
4103 4025
6332 4031
4032 4032
2107 4034
3002 4038
6592 4039
578 4042
2928 4043
4048 4048
2295 4052
4053 4053
3804 4056
5994 4060
2113 4065
1170 4066
4069 4069
4071 4071
880 4073
3986 4074
4612 4080
463 4081
4083 4083
2092 4084
4531 4086
5286 4089
6574 4093
4095 4095
1673 4096
4097 4097
4102 4102
4103 4103
1138 4104
4626 4105
4107 4107
5702 4110
4771 4113
1379 4116
3078 4118
4309 4120
4122 4122
4123 4123
4126 4126
4127 4127
4128 4128
3897 4130
4131 4131
3863 4133
793 4136
4138 4138
6574 4142
6637 4143
4146 4146
2172 4149
4150 4150
6032 4152
4153 4153
3691 4159
4160 4160
2731 4163
4165 4165
4166 4166
4168 4168
553 4170
4927 4171
2985 4172
4174 4174
2674 4175
1255 4176
1612 4179
5620 4180
666 4181
4182 4182
4613 4185
1937 4187
4791 4188
4189 4189
4192 4192
50 4193
3161 4197
4198 4198
6877 4199
352 4200
4495 4201
6374 4203
2254 4205
4372 4206
100 4207
423 4208
5660 4209
869 4212
4213 4213
6849 4214
4215 4215
1165 4216
2924 4218
299 4222
3853 4229
4232 4232
1092 4234
891 4237
4238 4238
4240 4240
2639 4241
4246 4246
6331 4248
1529 4250
991 4254
2666 4255
774 4256
3275 4258
4262 4262
5871 4263
4267 4267
6256 4269
3311 4272
4277 4277
5206 4282
4283 4283
4284 4284
4285 4285
6048 4286
4287 4287
577 4288
2923 4290
4724 4291
4293 4293
2865 4294
4296 4296
4727 4298
4299 4299
4956 4300
3412 4302
4601 4307
4956 4308
4310 4310
4316 4316
2960 4320
3452 4321
2266 4322
3470 4323
200 4324
5671 4325
4326 4326
1216 4327
244 4328
4329 4329
4330 4330
3516 4333
4067 4334
4335 4335
2811 4338
3222 4346
2670 4349
3146 4351
4354 4354
4355 4355
4359 4359
4360 4360
4361 4361
483 4362
4364 4364
4365 4365
209 4366
4286 4367
4370 4370
168 4371
4372 4372
2295 4373
4376 4376
4377 4377
4380 4380
5567 4387
4391 4391
5699 4394
4397 4397
3969 4398
4399 4399
4403 4403
4404 4404
4405 4405
2443 4411
6039 4412
2991 4415
2772 4416
4417 4417
4418 4418
4431 4431
3624 4432
1613 4433
1302 4434
1395 4435
4446 4437
4438 4438
2702 4439
3128 4440
4441 4441
4442 4442
4443 4443
3422 4445
6145 4449
1165 4451
4452 4452
4453 4453
5952 4454
4457 4457
6360 4458
4459 4459
3075 4460
4461 4461
872 4463
17 4464
1569 4466
4470 4470
2075 4474
4475 4475
6164 4477
4480 4480
4445 4485
2003 4487
4911 4488
4489 4489
4492 4492
4493 4493
2296 4494
5976 4495
6836 4496
5304 4497
4522 4499
4501 4501
4503 4503
4562 4504
4505 4505
2320 4507
4512 4512
2295 4516
4956 4517
5913 4520
4474 4523
4525 4525
4691 4527
1391 4528
917 4534
349 4535
4120 4540
1216 4541
6332 4542
3516 4548
4550 4550
2864 4552
6098 4553
2693 4555
4556 4556
2341 4557
2919 4561
1743 4562
5665 4565
4567 4567
4601 4569
4570 4570
4571 4571
4573 4573
4575 4575
1343 4576
120 4578
5899 4580
4581 4581
3121 4582
4583 4583
99 4585
4570 4587
4588 4588
4590 4590
2517 4592
1772 4594
4498 4595
2841 4597
4598 4598
4599 4599
3661 4601
5228 4602
4604 4604
1937 4606
4607 4607
4610 4610
5998 4614
3163 4615
4617 4617
2960 4618
6881 4620
4621 4621
6579 4622
3886 4623
4120 4626
4627 4627
2247 4629
120 4632
4639 4639
5260 4640
6110 4641
4642 4642
2355 4646
4647 4647
2724 4648
4649 4649
4653 4653
5810 4655
2455 4656
1381 4658
3276 4660
4040 4661
4671 4671
4738 4675
107 4676
5646 4677
3448 4681
5294 4682
2206 4683
1949 4685
2941 4687
676 4688
4940 4689
3030 4692
4250 4693
4694 4694
1278 4696
5046 4699
4700 4700
448 4701
5620 4702
1549 4703
3921 4708
4709 4709
2468 4710
120 4715
4716 4716
4717 4717
3462 4718
4384 4719
6236 4721
4722 4722
4726 4726
2327 4731
3452 4734
3230 4735
2490 4736
4738 4738
5099 4739
5040 4741
4742 4742
882 4744
6216 4749
4728 4750
4751 4751
27 4755
776 4757
1346 4759
4761 4761
4763 4763
6563 4764
4097 4765
3862 4766
287 4769
6306 4772
300 4776
2790 4777
4778 4778
4779 4779
4783 4783
5112 4784
2504 4785
2548 4788
3680 4792
4796 4796
4798 4798
2928 4800
510 4801
4804 4804
4808 4808
5194 4809
4709 4814
4815 4815
4396 4816
3583 4821
216 4822
2835 4826
2184 4828
4830 4830
5526 4841
4360 4842
2953 4844
6760 4847
3134 4848
741 4849
2323 4851
1578 4856
2391 4860
1857 4863
4864 4864
4865 4865
6491 4866
4868 4868
4869 4869
472 4871
2504 4872
2342 4878
1586 4879
2924 4880
2985 4881
4883 4883
5257 4884
4885 4885
2478 4889
4081 4891
776 4892
2266 4893
123 4894
2366 4899
5034 4900
238 4902
4956 4903
4408 4904
1287 4907
4912 4912
98 4913
991 4917
5514 4921
1216 4923
4927 4927
5049 4928
1837 4929
5110 4932
4934 4934
4935 4935
4941 4941
4944 4944
4952 4945
3030 4947
2032 4949
5709 4951
4953 4953
5474 4954
4956 4956
4599 4957
6616 4960
448 4961
4962 4962
589 4965
1538 4966
4968 4968
5112 4972
4150 4973
4974 4974
2326 4975
2928 4977
4978 4978
4351 4980
4982 4982
4984 4984
4985 4985
6487 4987
4992 4992
4542 4993
5148 4994
231 4995
4998 4998
5000 5000
5002 5002
2776 5003
5004 5004
5005 5005
5007 5007
1455 5009
6015 5010
4343 5015
2209 5016
2606 5019
1113 5020
5021 5021
2568 5024
6354 5029
38 5030
4104 5031
1407 5034
5035 5035
5038 5038
5040 5040
5463 5047
5050 5050
2152 5051
5052 5052
2312 5053
6285 5054
5055 5055
5056 5056
5057 5057
3240 5058
1622 5062
3779 5064
5652 5068
5070 5070
6318 5071
2283 5072
2295 5073
4749 5074
5271 5077
5080 5080
5081 5081
741 5082
27 5084
4862 5087
3409 5088
5093 5093
5095 5095
227 5100
3780 5102
6517 5104
1544 5105
3516 5110
3921 5112
6215 5113
5156 5116
5117 5117
2606 5118
5452 5119
4907 5120
5123 5123
5124 5124
4039 5125
2295 5126
5127 5127
1357 5128
5132 5132
2654 5134
5135 5135
2071 5137
5333 5138
3862 5140
5143 5143
1524 5145
4596 5147
5056 5149
5158 5152
3548 5153
3455 5154
4165 5157
2039 5160
4493 5161
6634 5162
6653 5163
5164 5164
5166 5166
2341 5167
1174 5170
228 5172
5173 5173
2790 5177
441 5178
5179 5179
5847 5180
5182 5182
3225 5185
6602 5186
2818 5189
5190 5190
5193 5193
961 5194
5551 5196
5198 5198
1243 5202
5207 5207
5208 5208
377 5210
5211 5211
5065 5214
2044 5215
6627 5218
5050 5221
6682 5224
5225 5225
5226 5226
2586 5228
3203 5229
1326 5232
2958 5233
5235 5235
5241 5241
1931 5242
3222 5246
568 5247
2295 5248
5250 5250
5251 5251
5254 5254
5257 5257
5450 5261
5262 5262
5264 5264
5265 5265
4973 5268
1853 5269
1197 5271
3866 5272
6836 5277
5278 5278
1594 5279
6324 5280
5281 5281
5282 5282
5283 5283
1639 5285
1569 5286
4150 5288
2040 5291
5292 5292
3822 5293
5296 5296
6491 5297
5298 5298
2236 5299
366 5301
5302 5302
6602 5304
5308 5308
1128 5309
5311 5311
6667 5318
4291 5319
5321 5321
1469 5325
2408 5326
3629 5327
1992 5328
5329 5329
5332 5332
5333 5333
352 5335
6796 5337
2051 5340
5342 5342
5344 5344
5346 5346
838 5347
6291 5350
4875 5351
2747 5352
4663 5353
5354 5354
5355 5355
5357 5357
6684 5358
3482 5364
3101 5366
5370 5370
6606 5374
4407 5375
5376 5376
5378 5378
6250 5383
5384 5384
5386 5386
5066 5390
6405 5393
6284 5394
4485 5395
5397 5397
2612 5400
6353 5401
5883 5402
6010 5403
5405 5405
5406 5406
4480 5407
43 5408
5409 5409
2107 5413
5415 5415
2229 5416
5976 5419
2382 5424
1143 5425
2227 5426
5592 5428
5879 5429
5660 5431
5432 5432
91 5434
5435 5435
3787 5438
440 5439
6425 5442
35 5443
3516 5447
1082 5448
4178 5449
5551 5450
6364 5452
5453 5453
3982 5463
5464 5464
4364 5466
5468 5468
2709 5469
2628 5471
1001 5472
6216 5473
2350 5474
5475 5475
5479 5479
1137 5481
6583 5482
5484 5484
5792 5485
594 5488
6256 5489
5466 5490
4031 5491
2504 5492
5496 5496
3267 5497
3630 5498
3243 5499
700 5501
2959 5503
4866 5504
5262 5505
5106 5508
427 5509
6553 5511
5512 5512
4937 5513
495 5515
5516 5516
230 5518
5519 5519
5522 5522
4172 5524
3039 5527
5528 5528
2577 5532
5535 5535
5538 5538
5540 5540
2326 5543
5344 5544
6125 5545
2478 5547
6434 5551
4222 5554
2370 5557
2503 5560
600 5561
793 5562
5563 5563
4524 5564
2928 5565
5175 5566
1468 5568
1232 5570
1035 5572
3743 5575
4048 5576
1378 5577
3516 5579
1012 5582
5584 5584
5585 5585
227 5590
1260 5591
5592 5592
3516 5594
5597 5597
1717 5601
5604 5604
5607 5607
1324 5608
5070 5609
3752 5611
5613 5613
4363 5615
5616 5616
6684 5617
5618 5618
1812 5620
3545 5621
5625 5625
5627 5627
5630 5630
5631 5631
2067 5634
5638 5638
5641 5641
6065 5642
6653 5652
89 5653
1087 5656
5658 5658
5659 5659
4493 5661
3976 5664
2795 5666
6758 5667
3230 5671
5673 5673
5674 5674
2225 5675
2568 5676
3911 5678
2974 5681
6232 5682
4445 5684
5686 5686
869 5687
2913 5698
5286 5700
5701 5701
5702 5702
5703 5703
5125 5704
6650 5707
5710 5710
5713 5713
5714 5714
6612 5718
915 5719
4871 5720
229 5721
5722 5722
5724 5724
5726 5726
246 5728
301 5729
3408 5731
1531 5733
3039 5734
5735 5735
30 5737
5739 5739
5740 5740
5741 5741
5742 5742
5743 5743
5748 5748
2419 5749
1739 5751
3096 5753
5755 5755
5757 5757
5758 5758
3419 5759
5760 5760
5054 5763
5764 5764
5767 5767
1943 5768
4792 5770
5771 5771
2790 5772
2743 5775
2924 5776
5777 5777
5781 5781
5782 5782
5786 5786
5790 5790
5736 5791
1950 5792
3717 5793
5797 5797
2685 5800
562 5803
913 5804
5807 5807
2858 5808
5813 5813
107 5815
5218 5818
4980 5819
193 5820
879 5821
5822 5822
5824 5824
134 5826
27 5828
5829 5829
2721 5831
5834 5834
6191 5835
3516 5837
5838 5838
5842 5842
4741 5843
653 5849
2490 5851
5852 5852
5856 5856
120 5858
5286 5859
554 5860
2041 5861
5864 5864
237 5867
5869 5869
5874 5874
5112 5877
3759 5879
5261 5880
5663 5882
5883 5883
6054 5886
6456 5888
2634 5893
5620 5895
5291 5897
5900 5900
855 5901
1571 5904
5279 5905
352 5906
6525 5908
401 5910
1218 5911
1857 5917
6858 5918
480 5920
1260 5925
5758 5926
1256 5937
4485 5938
5941 5941
2621 5942
6567 5944
4215 5946
5947 5947
4945 5948
1881 5950
5951 5951
6527 5957
5958 5958
5961 5961
5745 5964
5966 5966
5970 5970
1274 5973
6102 5975
848 5976
5981 5981
5988 5988
946 5989
5990 5990
1595 5994
5998 5998
2735 6000
2151 6002
6005 6005
3193 6006
3174 6007
5209 6013
5112 6015
1704 6018
6020 6020
427 6021
5652 6024
1152 6025
6616 6026
6508 6029
4866 6032
5586 6034
6267 6039
1402 6041
6043 6043
6045 6045
6509 6047
1906 6048
6493 6049
6050 6050
6054 6054
1201 6056
6062 6062
1524 6064
2242 6070
253 6071
6435 6072
3170 6075
6076 6076
6077 6077
6079 6079
3909 6080
4833 6083
6085 6085
6087 6087
6089 6089
6090 6090
5239 6091
5056 6092
2717 6094
836 6096
6098 6098
6232 6100
566 6101
5390 6103
6759 6106
6111 6111
6723 6113
2326 6117
4407 6119
6125 6125
6127 6127
1701 6129
6130 6130
6134 6134
4789 6136
2647 6138
1939 6139
5742 6140
5223 6145
6332 6146
6147 6147
6152 6152
2866 6153
3621 6154
6791 6156
886 6157
6159 6159
3516 6161
1478 6163
10 6165
6166 6166
6167 6167
6170 6170
1864 6172
2051 6173
4453 6174
2504 6176
2505 6177
2295 6181
4408 6183
6184 6184
3856 6185
5154 6188
1994 6189
4488 6190
5209 6194
3380 6196
5042 6198
5935 6199
5662 6200
6205 6205
6212 6212
1955 6214
718 6215
5866 6219
458 6221
2823 6223
52 6228
4530 6229
4343 6230
2921 6234
6235 6235
6628 6236
6237 6237
6332 6239
1015 6242
6434 6243
6247 6247
6248 6248
4408 6251
6253 6253
6254 6254
6352 6255
4629 6256
6257 6257
6258 6258
5578 6259
5056 6262
5254 6266
3841 6270
4074 6271
6273 6273
5404 6274
6275 6275
2296 6276
1683 6278
1373 6279
6281 6281
3064 6282
6283 6283
2468 6284
6866 6286
18 6290
6292 6292
6293 6293
5005 6294
4828 6295
6297 6297
6298 6298
27 6307
6439 6308
6653 6310
5113 6311
6313 6313
4680 6314
6315 6315
5327 6319
6791 6320
4956 6322
6323 6323
3832 6324
3866 6326
482 6330
6331 6331
6332 6332
1278 6334
6771 6337
2984 6338
5829 6340
6343 6343
1033 6345
4220 6347
4603 6348
6384 6350
6351 6351
6353 6353
6354 6354
2959 6355
1267 6359
1387 6360
6361 6361
5662 6362
6739 6363
6584 6364
6365 6365
1927 6370
3675 6372
4329 6374
2468 6378
6380 6380
6383 6383
6385 6385
6386 6386
6781 6387
5515 6390
6103 6396
2790 6401
5431 6404
3457 6405
4689 6406
4238 6407
3717 6409
6410 6410
6411 6411
1170 6414
3795 6415
6416 6416
364 6419
3366 6420
1167 6422
2903 6423
4448 6424
6425 6425
27 6428
1287 6429
6430 6430
6434 6434
6448 6435
4751 6437
3894 6442
6444 6444
6446 6446
6448 6448
6878 6449
6450 6450
6452 6452
6453 6453
5272 6455
3611 6459
4612 6461
27 6464
6470 6470
2041 6473
2656 6475
5861 6476
352 6478
5834 6479
3635 6480
2040 6486
6488 6488
4748 6490
2443 6491
116 6493
1869 6497
6499 6499
4248 6502
6503 6503
6505 6505
3193 6508
6509 6509
1012 6511
769 6517
1056 6519
6520 6520
6523 6523
2786 6525
2254 6526
6527 6527
2356 6534
6032 6535
2175 6536
6537 6537
5854 6540
6385 6541
6549 6549
5050 6551
4493 6552
6553 6553
5474 6554
378 6556
6557 6557
6559 6559
4439 6564
6565 6565
6567 6567
6493 6568
2950 6571
4609 6572
6405 6573
6575 6575
4917 6581
6582 6582
6684 6583
3555 6584
6587 6587
1015 6589
2833 6591
4205 6592
2878 6593
630 6594
5958 6596
5736 6597
3321 6598
3667 6602
6603 6603
659 6611
2644 6617
1560 6619
3218 6620
6621 6621
2067 6625
6626 6626
6628 6628
4738 6631
6636 6636
6637 6637
6638 6638
4846 6639
3132 6643
6644 6644
6645 6645
6647 6647
2184 6648
5715 6649
752 6653
5296 6655
2229 6658
3499 6660
6663 6663
131 6664
2288 6665
6666 6666
2184 6667
3030 6668
5031 6669
6670 6670
1947 6672
349 6673
6674 6674
6101 6675
6676 6676
2347 6679
671 6680
3117 6682
6683 6683
3909 6685
6686 6686
427 6687
2023 6688
6690 6690
5526 6694
2079 6695
6696 6696
4535 6699
6298 6700
6219 6708
3888 6710
300 6715
6723 6723
251 6726
4276 6728
6682 6730
1276 6732
6733 6733
6734 6734
4542 6738
1565 6742
6745 6745
2443 6746
6754 6754
543 6755
1825 6756
6757 6757
6759 6759
6760 6760
2161 6761
1789 6764
6766 6766
2335 6768
2945 6769
4639 6774
6775 6775
6779 6779
2051 6782
2817 6783
27 6784
3913 6785
2045 6786
1727 6791
4237 6793
1868 6796
6800 6800
5646 6801
4031 6802
1805 6803
3623 6805
4217 6806
6807 6807
1040 6808
2523 6809
6204 6811
6243 6814
6817 6817
6818 6818
3496 6819
5286 6820
793 6821
1185 6823
6825 6825
2723 6826
2729 6828
1561 6834
3750 6835
1719 6837
6839 6839
1032 6842
6845 6845
349 6847
4076 6848
6851 6851
2295 6854
6855 6855
6856 6856
3284 6857
1036 6860
4064 6864
6866 6866
5218 6867
279 6868
6493 6871
107 6873
6876 6876
6330 6878
1216 6879
777 6881
6888 6888
507 6889
