2074 2074
2141 2141
2262 2262
2490 2490
2291 2291
2246 2246
2294 2294
2386 2386
2580 2580
2161 2161
2375 2375
2045 2045
2382 2382
1997 1997
2152 2152
2777 2777
2367 2367
2479 2479
2499 2499
2389 2389
2175 2175
2005 2005
2052 2052
2496 2496
2150 2150
2358 2358
2193 2193
2775 2775
2168 2168
2213 2213
2377 2377
2261 2261
2362 2362
2470 2470
2395 2395
2083 2083
2475 2475
2471 2471
2278 2278
2180 2180
2084 2084
2393 2393
2605 2605
2176 2176
1983 1983
2472 2472
2285 2285
1984 1984
2484 2484
2592 2592
1993 1993
2506 2506
2210 2210
1996 1996
2079 2079
359 359
2596 2596
110 110
2239 2239
9 9
2590 2590
2613 2613
245 245
2587 2587
2080 2080
2583 2583
241 241
455 455
2094 2094
2223 2223
2255 2255
2585 2585
5840 5840
2204 2204
2600 2600
2205 2205
2517 2517
265 265
2254 2254
5724 5724
2121 2121
2280 2280
2564 2564
2092 2092
5833 5833
2086 2086
2622 2622
2815 2815
2519 2519
5464 5464
2568 2568
2036 2036
266 266
2226 2226
2524 2524
5611 5611
2523 2523
5720 5720
3622 3622
339 339
3703 3703
4 4
5466 5466
2182 2182
2629 2629
2022 2022
2442 2442
3516 3516
2626 2626
5443 5443
3702 3702
2639 2639
2457 2457
3625 3625
2681 2681
3623 3623
2185 2185
233 233
2432 2432
3165 3165
6068 6068
2023 2023
125 125
5641 5641
5958 5958
5614 5614
2795 2795
234 234
2526 2526
2016 2016
2567 2567
436 436
2233 2233
2642 2642
237 237
410 410
3667 3667
2114 2114
2550 2550
3746 3746
267 267
6276 6276
6277 6277
5618 5618
5673 5673
456 456
3630 3630
2558 2558
347 347
3704 3704
331 331
2065 2065
408 408
6077 6077
5522 5522
6062 6062
5451 5451
128 128
2551 2551
6055 6055
5834 5834
3541 3541
5932 5932
2018 2018
2424 2424
5540 5540
2287 2287
2234 2234
5715 5715
2216 2216
353 353
2685 2685
6064 6064
3550 3550
5967 5967
5452 5452
3523 3523
439 439
2111 2111
5635 5635
379 379
2428 2428
2099 2099
6264 6264
2272 2272
5648 5648
5499 5499
3643 3643
3648 3648
3163 3163
2203 2203
2646 2646
2342 2342
2419 2419
5529 5529
2449 2449
3851 3851
2423 2423
2528 2528
31 31
2447 2447
3800 3800
2427 2427
30 30
3853 3853
409 409
5471 5471
6248 6248
227 227
3845 3845
26 26
374 374
268 268
2676 2676
2300 2300
2693 2693
2690 2690
2461 2461
2295 2295
2298 2298
2536 2536
360 360
2579 2579
2425 2425
2102 2102
258 258
2468 2468
2430 2430
2705 2705
449 449
238 238
372 372
2448 2448
2467 2467
2230 2230
582 582
3547 3547
2546 2546
2312 2312
2241 2241
5973 5973
5605 5605
2297 2297
3774 3774
534 534
2701 2701
370 370
2435 2435
2317 2317
1430 1430
2250 2250
317 317
2208 2208
538 538
1766 1766
2308 2308
1938 1938
5977 5977
1884 1884
448 448
2706 2706
1935 1935
515 515
1851 1851
6025 6025
2992 2992
3883 3883
464 464
2577 2577
2306 2306
2445 2445
16 16
2758 2758
507 507
2663 2673
1855 1855
537 537
2742 2742
161 161
1272 1272
3002 3002
5484 5484
2988 2988
2563 2563
526 526
244 244
2703 2703
1853 1853
1854 1854
6090 6090
3406 3406
495 495
362 362
5981 5981
6103 6103
3524 3524
433 433
5855 5855
3895 3895
5533 5533
6143 6143
2944 2944
1878 1878
404 404
492 492
716 716
740 740
3353 3353
3884 3884
577 577
5713 5713
1833 1833
549 549
2995 2995
5534 5534
3865 3865
6146 6146
1876 1876
3874 3874
6164 6164
3004 3004
1445 1445
401 401
5734 5734
481 481
580 580
3351 3351
545 545
754 754
174 174
1831 1831
1503 1503
6162 6162
3994 3994
773 773
3001 3001
2356 2356
1418 1418
1506 1506
2740 2740
324 324
1942 1942
5571 5571
2942 2942
2897 2897
1888 1888
2333 2333
1874 1874
5740 5740
1444 1444
714 714
6159 6159
6880 6880
2733 2733
6882 6882
6160 6160
3310 3310
1356 1356
269 269
202 202
6172 6172
5744 5744
2760 2760
2750 2750
1537 1537
3005 3005
3249 3249
3274 3274
6175 6175
1393 1393
1394 1394
1505 1505
2737 2737
2723 2723
4024 4024
6003 6003
3250 3250
770 770
1904 1904
1419 1419
1977 1977
366 366
3271 3271
3304 3304
1762 1762
2318 2318
2954 2954
3278 3278
3268 3268
3247 3247
3990 3990
6000 6000
5873 5873
2720 2720
4021 4021
5988 5988
1342 1342
3811 3811
394 394
3283 3283
1962 1962
5914 5914
1596 1596
6174 6174
3342 3342
4044 4044
1917 1917
4036 4036
2726 2726
1729 1729
3246 3246
777 777
2334 2334
1913 1913
3251 3251
1952 1952
3316 3316
6019 6019
1625 1625
4041 4041
6020 6020
5493 5493
3242 3242
6124 6124
3290 3290
1310 1310
3281 3281
5527 5527
3368 3368
3988 3988
5758 5758
3248 3248
4035 4035
4066 4066
1829 1829
788 788
1410 1410
1687 1687
3234 3234
1721 1721
3346 3346
1730 1730
3371 3371
634 634
3343 3343
3979 3979
1614 1614
1699 1699
5759 5759
3782 3782
5793 5793
3317 3317
3257 3257
3367 3367
3225 3225
771 771
248 248
3888 3888
1390 1390
6024 6024
1600 1600
628 628
1607 1607
3212 3212
1406 1406
1912 1912
1387 1387
1921 1921
1750 1750
1628 1628
5783 5783
1639 1639
1693 1693
3660 3660
3201 3201
2745 2745
6016 6016
1538 1538
1900 1900
1598 1598
1568 1568
1663 1663
3417 3417
1409 1409
3203 3203
3649 3649
1601 1601
1543 1543
2960 2960
1740 1740
4913 4913
1672 1672
1731 1731
3447 3447
163 163
3216 3216
1703 1703
5311 5311
1737 1737
1666 1666
603 603
3445 3445
1714 1714
1645 1645
3718 3718
1551 1551
2961 2961
4912 4912
639 639
1964 1964
1579 1579
5775 5775
4831 4831
627 627
3207 3207
1684 1684
1682 1682
1556 1556
3451 3451
3036 3036
3408 3408
2892 2892
1697 1697
5813 5813
1674 1674
141 141
612 612
5812 5812
1660 1660
637 637
3033 3033
5293 5293
1649 1649
1812 1812
3462 3462
4262 4262
6283 6283
652 652
1586 1586
1842 1842
1435 1435
3039 3039
2864 2864
6212 6212
3378 3378
3423 3423
5800 5800
1190 1190
1588 1588
1652 1652
878 878
3385 3385
3382 3382
3456 3456
5353 5353
3327 3327
6350 6350
1646 1646
4058 4058
6188 6188
1558 1558
6450 6450
4918 4918
1763 1763
3426 3426
1166 1166
661 661
5317 5317
1417 1417
6228 6228
3183 3183
1671 1671
604 604
668 668
3176 3176
6807 6807
3199 3199
674 674
3454 3454
6192 6192
1814 1814
6189 6189
3195 3195
3736 3736
3030 3030
1425 1425
3196 3196
6444 6444
3037 3037
5337 5337
658 658
1270 1270
3190 3190
648 648
6751 6751
2889 2889
669 669
3177 3177
1498 1498
1222 1222
1554 1554
1130 1130
943 943
5352 5352
3188 3188
6353 6353
1163 1163
3687 3687
1723 1723
5339 5339
1421 1421
5154 5154
1227 1227
3147 3147
1129 1129
5408 5408
4982 4982
5923 5923
4873 4873
6761 6761
6750 6750
3186 3186
2912 2912
1864 1864
3766 3766
901 901
1277 1277
921 921
6663 6663
1223 1223
6830 6830
841 841
1534 1534
6806 6806
1294 1294
970 970
1018 1018
5080 5080
3473 3473
1055 1055
3170 3170
1153 1153
5099 5099
2883 2883
4073 4073
5020 5020
987 987
984 984
691 691
1309 1309
3169 3169
3112 3112
927 927
1460 1460
5436 5436
940 940
923 923
1121 1121
2934 2934
1449 1449
618 618
4725 4725
1057 1057
6765 6765
4723 4723
1152 1152
5053 5053
5285 5285
646 646
6640 6640
1811 1811
663 663
6713 6713
1532 1532
4798 4798
6814 6814
5211 5211
4123 4123
1178 1178
1148 1148
5198 5198
4850 4850
6365 6365
1516 1516
5095 5095
903 903
1370 1370
6467 6467
6317 6317
6827 6827
6730 6730
570 570
5210 5210
6826 6826
5024 5024
3738 3738
1125 1125
1369 1369
6824 6824
5056 5056
6859 6859
711 711
3476 3476
4299 4299
5021 5021
742 742
1299 1299
1348 1348
5180 5180
6424 6424
3109 3109
919 919
1160 1160
905 905
4077 4077
6650 6650
4085 4085
4417 4417
4155 4155
5086 5086
4826 4826
3097 3097
4168 4168
6644 6644
1458 1458
973 973
1821 1821
4687 4687
944 944
3495 3495
5150 5150
5925 5925
4763 4763
4184 4184
1201 1201
617 617
1000 1000
902 902
4705 4705
1067 1067
6748 6748
6348 6348
5374 5374
898 898
6682 6682
834 834
1336 1336
3159 3159
747 747
3012 3012
693 693
1033 1033
1465 1465
1098 1098
1780 1780
6498 6498
3099 3099
4091 4091
1783 1783
1329 1329
2870 2870
1093 1093
6602 6602
1003 1003
3063 3063
6603 6603
1788 1788
5129 5129
1091 1091
968 968
846 846
6865 6865
899 899
2830 2830
1101 1101
4227 4227
5221 5221
1481 1481
5229 5229
983 983
308 308
1327 1327
3066 3066
676 676
904 904
6724 6724
304 304
6478 6478
5117 5117
5215 5215
4252 4252
873 873
1795 1795
3511 3511
1303 1303
6341 6341
955 955
4762 4762
4276 4276
6734 6734
4137 4137
1109 1109
1323 1323
2832 2832
1173 1173
1464 1464
1032 1032
2825 2825
2831 2831
3090 3090
1023 1023
4458 4458
2876 2876
4884 4884
1468 1468
5143 5143
6484 6484
1168 1168
4457 4457
654 654
6281 6281
1834 1834
884 884
3086 3086
6695 6695
3029 3029
1796 1796
1781 1781
992 992
1218 1218
4174 4174
882 882
957 957
952 952
1071 1071
722 722
4389 4389
1014 1014
6541 6541
1184 1184
3139 3139
1154 1154
3504 3504
1263 1263
1784 1784
721 721
1478 1478
1042 1042
1009 1009
4956 4956
948 948
1181 1181
4618 4618
831 831
253 253
6593 6593
1365 1365
6293 6293
4448 4448
3026 3026
2884 2884
1338 1338
4387 4387
1265 1265
6323 6323
5103 5103
3150 3150
4135 4135
1495 1495
1008 1008
801 801
4444 4444
3015 3015
4443 4443
4686 4686
4621 4621
4718 4718
4238 4238
4934 4934
1755 1755
3151 3151
1214 1214
1229 1229
2914 2914
1094 1094
3155 3155
2834 2834
875 875
3500 3500
4441 4441
6529 6529
4962 4962
4607 4607
5102 5102
4404 4404
6302 6302
1782 1782
4615 4615
274 274
4573 4573
4953 4953
4747 4747
937 937
2826 2826
6876 6876
1075 1075
1211 1211
1446 1446
1805 1805
4538 4538
4637 4637
749 749
4452 4452
2932 2932
4619 4619
6546 6546
4638 4638
4973 4973
4320 4320
4192 4192
6549 6549
4746 4746
5225 5225
4571 4571
4499 4499
4950 4950
4998 4998
4966 4966
4661 4661
4503 4503
4405 4405
4546 4546
4193 4193
385 385
4165 4165
4552 4552
4528 4528
6555 6555
4519 4519
6286 6286
4550 4550
4432 4432
6514 6514
4352 4352
