275 2
4 4
9 9
627 11
3044 13
2098 14
16 16
1198 18
2860 19
2305 24
26 26
3571 27
30 30
31 31
2621 33
3529 34
2863 36
199 37
1744 38
1754 39
2975 45
3359 46
2249 47
50 50
2294 51
816 56
525 57
2729 59
1326 61
64 64
65 65
3182 70
71 71
73 73
1457 77
78 78
1935 81
92 92
94 94
3277 95
3509 98
2248 99
663 103
2820 104
110 110
1999 111
3297 114
1148 115
2964 116
1497 118
464 119
1767 121
749 122
156 123
367 124
125 125
236 126
128 128
2088 129
776 130
1783 131
1332 132
246 136
141 141
152 152
3538 153
161 161
163 163
1595 164
3083 165
1448 166
1167 169
1446 171
174 174
2756 176
1390 177
2342 180
2262 184
1779 189
1814 191
2492 194
1284 199
3540 200
202 202
2461 203
1362 204
209 209
210 210
537 211
1555 212
213 213
214 214
215 215
2953 218
872 221
1728 223
1793 224
713 226
227 227
233 233
234 234
3093 235
2276 236
237 237
238 238
16 240
241 241
244 244
245 245
830 246
3411 247
248 248
1000 249
253 253
1481 257
258 258
2304 259
2580 262
265 265
266 266
267 267
268 268
269 269
2506 271
274 274
279 279
1073 282
1019 286
1470 287
973 290
294 294
167 295
302 302
2503 303
304 304
305 305
307 307
308 308
1433 309
310 310
312 312
1961 313
315 315
317 317
3529 321
322 322
2294 323
324 324
325 325
331 331
790 332
692 336
339 339
1516 342
2830 344
347 347
1516 349
3239 350
353 353
644 356
359 359
360 360
362 362
364 364
365 365
366 366
367 367
3487 368
3673 369
370 370
372 372
374 374
2593 375
2137 377
379 379
2843 382
379 383
385 385
3122 389
2385 393
394 394
2056 398
401 401
2234 402
404 404
35 406
3389 407
408 408
409 409
410 410
874 412
3153 416
3064 419
3577 420
1663 421
1154 424
1074 426
427 427
429 429
1632 430
1124 431
433 433
158 435
436 436
437 437
635 438
439 439
443 443
749 447
448 448
449 449
1203 452
455 455
456 456
3162 458
3417 460
48 462
464 464
1131 465
3175 469
470 470
2549 474
1519 475
656 477
481 481
398 485
272 486
1098 488
1571 489
2606 491
492 492
493 493
2305 494
495 495
499 499
2732 500
2693 502
3010 504
507 507
1425 508
515 515
2755 516
1801 519
815 521
694 522
2610 524
526 526
2896 531
2527 532
534 534
1260 535
2692 536
537 537
538 538
2700 540
2071 543
544 544
545 545
3634 546
549 549
2260 551
2250 552
558 558
570 570
2546 574
3614 575
577 577
580 580
582 582
1505 583
615 585
586 586
1089 588
1374 589
1981 591
1332 592
401 598
3150 599
21 602
603 603
604 604
591 606
1660 608
612 612
2053 614
617 617
618 618
1184 619
3474 622
3446 626
627 627
628 628
629 629
958 632
634 634
1326 635
637 637
639 639
1196 642
1611 644
646 646
2975 647
648 648
942 649
652 652
653 653
654 654
2445 655
2659 657
658 658
1627 659
661 661
449 662
663 663
3119 666
3281 667
668 668
669 669
2724 671
673 673
674 674
775 675
676 676
2359 681
565 683
1295 686
199 688
2166 689
1710 690
691 691
693 693
1240 697
3068 699
783 705
917 706
3009 707
2873 708
711 711
134 713
714 714
716 716
1801 718
692 719
721 721
722 722
1407 723
379 725
1698 727
1583 728
2856 729
1512 731
1872 735
740 740
742 742
1526 743
885 744
747 747
749 749
754 754
1817 757
2830 759
3083 760
1015 766
767 767
770 770
771 771
773 773
776 776
777 777
1098 778
2133 779
1563 781
779 782
783 783
2370 784
580 787
788 788
864 789
168 791
250 794
801 801
2283 805
1633 807
809 809
1324 813
2549 814
2349 815
1080 816
483 819
186 820
2088 824
364 825
3112 826
1394 827
831 831
834 834
2119 835
689 838
839 839
99 840
841 841
21 843
1667 844
846 846
3161 847
3393 853
2130 855
2634 858
1267 859
3135 860
3272 861
1357 864
2435 865
2978 867
3474 868
1930 870
2690 871
873 873
1305 874
875 875
2737 876
878 878
1407 879
882 882
787 883
884 884
1970 885
582 889
3241 894
898 898
899 899
901 901
902 902
903 903
904 904
905 905
1395 911
914 914
483 916
919 919
921 921
923 923
1824 926
927 927
2404 928
1698 931
484 933
1237 935
937 937
940 940
943 943
944 944
3261 946
948 948
952 952
2471 954
955 955
957 957
2546 959
2941 960
3193 964
1075 966
968 968
2296 969
970 970
3112 971
1615 972
973 973
287 980
1507 982
983 983
984 984
3540 986
987 987
2321 988
398 989
992 992
2500 995
2792 999
1000 1000
772 1002
1003 1003
2294 1005
3483 1006
671 1007
1008 1008
1009 1009
215 1010
416 1012
1014 1014
3618 1015
1018 1018
1023 1023
3552 1024
2549 1030
2953 1031
1032 1032
1033 1033
2506 1037
447 1038
686 1039
1690 1040
2564 1041
1042 1042
2227 1049
366 1051
3614 1053
1055 1055
927 1056
1057 1057
1203 1058
283 1064
212 1066
1067 1067
3277 1068
156 1069
1071 1071
1075 1075
3396 1077
2552 1081
967 1083
3128 1087
3567 1090
1091 1091
1388 1092
1093 1093
1094 1094
1871 1096
3162 1097
1098 1098
315 1099
520 1100
1101 1101
3103 1102
1073 1103
635 1104
2809 1108
1109 1109
1928 1111
516 1113
1314 1118
1121 1121
1125 1125
1384 1126
1129 1129
1130 1130
2911 1135
1137 1137
1138 1138
2542 1145
5602 1147
1148 1148
1559 1149
2013 1150
1152 1152
1153 1153
1154 1154
2296 1155
448 1158
2548 1159
1160 1160
1163 1163
1164 1164
107 1165
1166 1166
2151 1167
1168 1168
2529 1169
382 1170
2475 1172
1173 1173
2208 1174
504 1175
3202 1177
1178 1178
1181 1181
1184 1184
1190 1190
145 1193
3277 1197
1201 1201
862 1204
593 1205
2495 1206
3619 1209
1211 1211
3614 1213
1214 1214
1218 1218
1048 1220
2995 1221
1222 1222
1223 1223
1286 1224
1227 1227
1229 1229
2329 1230
799 1232
16 1233
2782 1234
3424 1235
1611 1239
2746 1240
480 1241
2489 1242
3614 1247
1239 1252
856 1253
2652 1258
152 1261
1262 1262
1263 1263
1265 1265
315 1266
2640 1269
1270 1270
1272 1272
873 1274
1275 1275
1277 1277
2268 1278
1279 1279
1605 1281
1339 1283
2517 1284
3004 1285
2304 1286
2822 1289
1739 1292
3600 1293
1294 1294
2408 1296
1299 1299
1035 1302
1303 1303
565 1305
1309 1309
1310 1310
1311 1311
3563 1322
1323 1323
513 1324
1327 1327
1329 1329
219 1332
1336 1336
1338 1338
3491 1340
1342 1342
3151 1346
1348 1348
698 1352
4 1353
1356 1356
932 1358
1360 1360
3505 1361
2412 1362
1365 1365
2800 1366
1369 1369
1370 1370
1579 1371
1819 1376
775 1377
1407 1380
275 1382
1158 1383
2510 1384
1387 1387
2752 1388
661 1389
1390 1390
1044 1391
1393 1393
1394 1394
1363 1395
3374 1396
1559 1397
1335 1401
1236 1402
865 1405
1406 1406
1130 1408
1409 1409
1410 1410
2994 1411
2927 1413
3056 1416
1417 1417
1418 1418
1419 1419
1421 1421
3485 1422
973 1423
2325 1424
1425 1425
1427 1427
1428 1428
1430 1430
230 1431
3258 1432
1435 1435
904 1438
447 1439
2166 1441
1444 1444
1445 1445
1446 1446
1449 1449
2597 1450
3380 1451
1708 1456
1458 1458
398 1459
1460 1460
438 1461
3380 1462
1464 1464
1465 1465
1540 1466
1468 1468
3202 1469
2574 1470
375 1474
1478 1478
1481 1481
324 1486
1039 1487
2756 1494
1495 1495
2127 1496
1038 1497
1498 1498
1503 1503
1505 1505
1506 1506
2483 1511
2379 1512
2878 1513
1169 1515
1516 1516
3655 1518
821 1519
1850 1520
1860 1526
473 1527
1532 1532
1534 1534
1537 1537
1538 1538
789 1539
2088 1540
3346 1542
1543 1543
1793 1545
1390 1546
580 1547
2004 1548
1551 1551
2268 1553
1554 1554
1556 1556
1711 1557
1558 1558
3189 1559
2733 1561
1601 1563
1297 1565
1568 1568
859 1569
2355 1570
1264 1571
1074 1574
381 1576
1847 1577
118 1578
1579 1579
1693 1580
2942 1582
1357 1584
2260 1585
1586 1586
1588 1588
315 1589
1358 1591
1596 1596
1598 1598
1600 1600
1601 1601
666 1604
1607 1607
2884 1611
1614 1614
354 1615
1407 1617
1430 1618
2690 1620
2680 1623
3277 1624
1625 1625
3586 1626
1628 1628
582 1630
2975 1633
957 1634
1970 1636
884 1637
1639 1639
3371 1641
1765 1643
339 1644
1645 1645
1646 1646
1649 1649
1652 1652
489 1654
1660 1657
3146 1658
1660 1660
2412 1662
1663 1663
186 1665
1666 1666
73 1669
1671 1671
1672 1672
1674 1674
1678 1678
2331 1680
1682 1682
1684 1684
3095 1685
1444 1686
1687 1687
2151 1689
3340 1690
250 1691
375 1692
1693 1693
1697 1697
1699 1699
1700 1700
1731 1702
1703 1703
3613 1704
3393 1706
752 1708
3019 1711
1714 1714
1516 1715
1721 1721
1824 1722
1723 1723
1334 1724
3563 1726
1314 1728
1729 1729
1730 1730
1731 1731
954 1733
1737 1737
1539 1739
1740 1740
3012 1741
2200 1744
3036 1745
1750 1750
1755 1755
484 1757
1762 1762
1763 1763
1766 1766
325 1771
842 1779
1780 1780
1781 1781
1782 1782
1783 1783
1784 1784
1928 1787
1788 1788
152 1793
2782 1794
1795 1795
1796 1796
1799 1799
3345 1801
483 1804
1805 1805
775 1808
1811 1811
1812 1812
3128 1813
1814 1814
3651 1816
2486 1817
1821 1821
3151 1822
246 1827
1829 1829
1357 1830
1831 1831
1833 1833
1834 1834
2781 1835
1169 1837
3111 1838
122 1839
1301 1840
792 1841
1842 1842
1640 1848
594 1849
1851 1851
1149 1852
1853 1853
1854 1854
1855 1855
1860 1860
1853 1861
1337 1862
3487 1863
1864 1864
612 1865
1954 1869
3542 1871
1874 1874
1801 1875
1876 1876
2597 1877
1878 1878
1884 1884
2610 1885
1888 1888
229 1891
230 1893
2680 1894
377 1897
500 1898
1900 1900
1904 1904
1907 1907
103 1909
1339 1910
2946 1911
1912 1912
1913 1913
2043 1914
1917 1917
1921 1921
3033 1926
1935 1935
1096 1937
1938 1938
3493 1939
2379 1941
1942 1942
3287 1946
1954 1947
377 1949
3650 1951
1952 1952
3376 1953
3652 1955
381 1956
1930 1957
814 1959
1962 1962
2262 1963
1964 1964
862 1970
1213 1971
656 1972
2115 1975
1977 1977
1093 1978
1427 1979
3411 1981
1983 1983
1984 1984
2331 1986
2472 1990
562 1991
1993 1993
3188 1994
598 1995
1996 1996
1997 1997
730 1998
1555 2000
684 2004
2005 2005
751 2008
1970 2009
2892 2010
1327 2011
2351 2012
2016 2016
3631 2017
2018 2018
1955 2020
2022 2022
2023 2023
842 2025
125 2026
2208 2029
325 2031
1644 2034
2130 2035
2036 2036
1706 2038
3103 2041
3294 2043
2045 2045
522 2047
2052 2052
909 2058
939 2059
443 2060
2744 2061
2065 2065
3133 2068
2074 2074
2470 2076
2079 2079
2080 2080
735 2082
2083 2083
2084 2084
2086 2086
351 2087
1691 2091
2092 2092
2094 2094
3340 2096
1997 2098
2099 2099
3515 2100
2102 2102
2111 2111
138 2112
2114 2114
1793 2119
2470 2120
2121 2121
1422 2128
2129 2129
614 2133
4205 2134
3506 2136
2242 2139
2141 2141
520 2144
1871 2147
2272 2149
2150 2150
2152 2152
1990 2155
2161 2161
910 2162
315 2165
921 2166
2168 2168
3083 2170
3308 2171
1928 2172
2175 2175
2176 2176
242 2178
2964 2179
2180 2180
695 2181
2182 2182
6 2184
2185 2185
486 2190
2969 2191
2193 2193
1100 2194
2756 2196
1559 2197
3140 2200
3535 2201
1763 2202
2203 2203
2204 2204
2205 2205
1404 2207
2208 2208
2210 2210
2213 2213
2216 2216
647 2221
2223 2223
2208 2224
2226 2226
2056 2227
2230 2230
2294 2231
1612 2232
2233 2233
2234 2234
2015 2235
749 2237
1116 2238
2239 2239
1193 2240
2241 2241
326 2243
1346 2245
2246 2246
3016 2248
2250 2250
2254 2254
2255 2255
2494 2258
2346 2260
2261 2261
2262 2262
3344 2263
261 2266
3333 2268
2272 2272
1546 2274
2867 2276
2278 2278
3483 2279
2280 2280
1827 2281
279 2283
2285 2285
2287 2287
2288 2288
857 2289
3097 2290
2291 2291
2294 2294
2295 2295
2297 2297
2298 2298
2300 2300
1865 2301
2831 2305
2306 2306
2308 2308
3035 2309
1472 2310
872 2311
2312 2312
2777 2314
1563 2315
2317 2317
2318 2318
3268 2320
2638 2323
2130 2326
3383 2327
1509 2328
3199 2329
1892 2330
1706 2332
2333 2333
2334 2334
1248 2335
2988 2336
2342 2342
3336 2343
3650 2350
2356 2356
2358 2358
2362 2362
2723 2363
2367 2367
156 2370
3393 2371
2375 2375
2377 2377
3251 2378
2549 2379
1175 2381
2382 2382
2222 2383
796 2384
1739 2385
2386 2386
2776 2387
2389 2389
2393 2393
2395 2395
1040 2396
1074 2402
2211 2404
1723 2408
1952 2409
225 2411
2419 2419
2423 2423
2424 2424
2425 2425
2427 2427
2428 2428
2430 2430
2432 2432
2435 2435
1804 2438
2272 2439
2786 2440
2442 2442
300 2443
2445 2445
2211 2446
2447 2447
2448 2448
2449 2449
299 2450
2319 2452
618 2454
1928 2456
2457 2457
2678 2460
2461 2461
2467 2467
2468 2468
137 2469
2470 2470
2471 2471
2472 2472
2475 2475
814 2476
2113 2477
2479 2479
3421 2480
2484 2484
1970 2488
2490 2490
2946 2495
2496 2496
2499 2499
3237 2500
245 2503
1039 2505
2506 2506
398 2507
1239 2510
3025 2512
3099 2515
2517 2517
2519 2519
2946 2520
2523 2523
2524 2524
2526 2526
1807 2527
2528 2528
1837 2529
551 2535
2536 2536
2546 2546
2855 2549
2550 2550
2551 2551
452 2554
584 2556
2558 2558
1390 2560
1682 2562
2563 2563
2564 2564
2567 2567
2568 2568
3371 2570
722 2571
524 2573
2577 2577
1505 2578
2579 2579
2580 2580
2583 2583
2585 2585
2587 2587
3503 2588
5361 2589
2590 2590
2568 2591
2592 2592
2596 2596
2600 2600
2558 2602
749 2603
2605 2605
365 2607
1239 2608
2646 2611
1627 2612
2613 2613
2946 2615
3025 2617
3047 2619
3565 2620
701 2621
2622 2622
3371 2623
2626 2626
2629 2629
1074 2631
1941 2638
2639 2639
2642 2642
2550 2643
2646 2646
2429 2647
1308 2649
2471 2652
188 2656
1343 2658
2015 2659
749 2660
2408 2661
1824 2662
3443 2663
237 2664
310 2667
1727 2669
2663 2673
1824 2675
2676 2676
3297 2679
2922 2680
2681 2681
2685 2685
2690 2690
912 2691
2938 2692
2693 2693
543 2694
1082 2698
2036 2700
2701 2701
2412 2702
2703 2703
2705 2705
2706 2706
1196 2710
1207 2717
2720 2720
1638 2722
2723 2723
2726 2726
156 2729
319 2730
2733 2733
3056 2734
3209 2735
2737 2737
2740 2740
2399 2741
2742 2742
2022 2743
2745 2745
2130 2746
2750 2750
2383 2751
2758 2758
2760 2760
3333 2762
3474 2766
2775 2775
2777 2777
2781 2781
2362 2785
2705 2788
3614 2791
2795 2795
839 2797
2088 2798
1222 2802
2573 2803
3189 2810
3371 2811
1444 2812
2815 2815
2964 2816
2817 2817
2819 2819
3612 2824
2825 2825
2826 2826
2830 2830
2831 2831
2832 2832
2834 2834
2307 2835
1357 2838
512 2840
3531 2841
3175 2842
2621 2849
3427 2851
1780 2855
3500 2858
2822 2859
2583 2861
1255 2863
2864 2864
748 2869
2870 2870
1818 2875
2876 2876
3068 2878
2883 2883
2884 2884
2618 2886
2889 2889
2892 2892
1067 2893
1357 2895
2897 2897
2017 2898
915 2901
2905 2905
2912 2912
2914 2914
726 2920
1211 2921
2504 2922
5932 2923
1384 2925
2294 2926
2927 2927
3641 2928
2932 2932
2934 2934
3614 2937
2551 2940
2942 2942
2944 2944
2325 2952
2954 2954
991 2955
1938 2958
2960 2960
2961 2961
2270 2962
3026 2967
2208 2975
1580 2976
3474 2980
1478 2984
2988 2988
3643 2989
1278 2991
2992 2992
1595 2993
3566 2994
2995 2995
2672 2996
3445 2998
983 2999
3001 3001
3002 3002
44 3003
3004 3004
3005 3005
1014 3006
307 3007
315 3008
3012 3012
3015 3015
726 3023
3026 3026
3029 3029
3030 3030
3033 3033
3036 3036
3037 3037
3039 3039
3151 3040
2765 3045
887 3047
927 3050
835 3052
713 3053
759 3054
313 3055
2506 3059
2527 3061
1355 3062
3063 3063
2843 3064
3066 3066
2878 3068
3070 3070
276 3072
2535 3074
219 3075
1824 3076
2966 3077
283 3080
2882 3083
3086 3086
1801 3087
973 3089
3090 3090
3009 3091
1420 3092
2098 3093
3097 3097
3099 3099
1779 3100
1589 3101
430 3102
449 3103
1326 3104
430 3106
3109 3109
1260 3111
3112 3112
2097 3118
2573 3121
1283 3124
3169 3125
1970 3126
2597 3127
2031 3128
138 3131
681 3132
2172 3134
3287 3135
3194 3136
2087 3137
731 3138
3139 3139
957 3140
758 3142
151 3144
3147 3147
3150 3150
3151 3151
1114 3152
3155 3155
673 3156
2135 3158
3159 3159
1039 3161
725 3162
3163 3163
3165 3165
2934 3168
3169 3169
3170 3170
3172 3172
3176 3176
3177 3177
3333 3178
1595 3179
264 3180
518 3182
3183 3183
2549 3184
3186 3186
3188 3188
3190 3190
1469 3194
3195 3195
3196 3196
3199 3199
3201 3201
3203 3203
1284 3204
3207 3207
3212 3212
2351 3213
2663 3215
3216 3216
375 3217
3233 3218
3225 3225
3269 3228
989 3229
532 3230
2672 3231
3422 3232
3234 3234
1333 3236
3487 3237
1674 3238
861 3240
3242 3242
3240 3243
3668 3245
3246 3246
3247 3247
3248 3248
3249 3249
3250 3250
3251 3251
3609 3254
3257 3257
6 3260
219 3262
2781 3265
3444 3266
971 3267
3268 3268
3271 3271
3274 3274
3278 3278
3610 3279
3281 3281
3283 3283
1955 3288
3290 3290
3669 3293
840 3296
1774 3298
2913 3301
3304 3304
3442 3305
2489 3306
3596 3308
3458 3309
3310 3310
3316 3316
3317 3317
3626 3318
1839 3319
3422 3320
3511 3321
1165 3322
129 3323
375 3325
3327 3327
2242 3328
3367 3329
3605 3330
3202 3337
2403 3340
2964 3341
3342 3342
3343 3343
3346 3346
441 3347
2039 3348
635 3349
3351 3351
3353 3353
2191 3355
1332 3356
2519 3359
3577 3362
3367 3367
3368 3368
2563 3369
3371 3371
3345 3374
2408 3375
3378 3378
3516 3381
3382 3382
1654 3383
3281 3384
3385 3385
3447 3386
3471 3390
2810 3396
3398 3398
3308 3402
3019 3403
3406 3406
3408 3408
3524 3409
440 3411
2221 3412
3503 3414
3417 3417
3612 3418
129 3422
3423 3423
3426 3426
3614 3429
3189 3430
2242 3434
845 3437
2031 3440
554 3441
3445 3445
3447 3447
3451 3451
3323 3452
3454 3454
3186 3455
3456 3456
1466 3457
749 3459
3462 3462
2549 3463
2088 3465
3484 3469
3473 3473
3519 3474
1444 3475
3476 3476
496 3480
2054 3483
3239 3484
3614 3486
3530 3488
1588 3491
2231 3493
3495 3495
3650 3496
1390 3497
2169 3498
3500 3500
270 3502
3504 3504
3378 3506
3583 3508
3655 3510
3511 3511
1269 3512
163 3514
3516 3516
3553 3517
1557 3518
3523 3523
3524 3524
2552 3528
3339 3531
1818 3532
2068 3533
3471 3534
2991 3535
3258 3536
3103 3538
3541 3541
3256 3544
3545 3545
3547 3547
3550 3550
449 3552
1006 3553
515 3555
3559 3559
3362 3560
3563 3563
3565 3565
3566 3566
3568 3568
33 3569
2941 3570
1749 3571
1396 3575
3576 3576
3577 3577
3578 3578
3579 3579
3580 3580
3287 3581
3582 3582
1692 3583
2321 3584
3016 3585
1906 3594
1961 3595
3600 3600
3601 3601
3602 3602
3603 3603
872 3605
3297 3606
3638 3609
3613 3613
3384 3614
3339 3615
981 3618
817 3619
3224 3620
3622 3622
3623 3623
3625 3625
3469 3627
3630 3630
1970 3632
3251 3634
3499 3636
3637 3637
3641 3641
3643 3643
2525 3646
3648 3648
3649 3649
3650 3650
793 3651
3654 3654
3655 3655
156 3657
3660 3660
3447 3661
488 3662
740 3665
3277 3666
3667 3667
3627 3671
1098 3672
6729 3676
6274 3677
5939 3678
4719 3679
4555 3680
4475 3681
4428 3684
5905 3685
6873 3686
3687 3687
5726 3688
4396 3689
5307 3690
3995 3691
5072 3692
3707 3694
5254 3696
4828 3699
6565 3700
3702 3702
3703 3703
3704 3704
5534 3705
4921 3707
6395 3709
6101 3710
4192 3712
5490 3714
3718 3718
4352 3719
6153 3721
3723 3723
6002 3724
6317 3725
4564 3726
5333 3727
3728 3728
4625 3729
3688 3735
3736 3736
3737 3737
3738 3738
6368 3739
4405 3740
6538 3741
3746 3746
6145 3750
6049 3751
6140 3754
4875 3758
5238 3761
6312 3763
3766 3766
6772 3767
6024 3768
5945 3770
3687 3771
4405 3773
3774 3774
4157 3776
3782 3782
3690 3783
5731 3785
5406 3788
5375 3789
3971 3790
5252 3791
6037 3797
4004 3798
3800 3800
6582 3802
5286 3803
5492 3804
6378 3807
4885 3808
5910 3810
3811 3811
4622 3816
6348 3820
4097 3822
5313 3824
6246 3826
6360 3829
4771 3831
5568 3836
5066 3837
3840 3840
3841 3841
3898 3842
3772 3844
3845 3845
4071 3846
6086 3847
6712 3848
3851 3851
3853 3853
4660 3854
4228 3857
4415 3860
3810 3862
6620 3863
6229 3864
3865 3865
4843 3869
3750 3870
3874 3874
4867 3878
6028 3879
3883 3883
3884 3884
3888 3888
3990 3889
5496 3891
4767 3893
3873 3894
3895 3895
4585 3896
6287 3901
5750 3902
6072 3908
6787 3909
4686 3912
4107 3915
6197 3919
5464 3921
3764 3922
6257 3923
3750 3925
4127 3927
3699 3929
3932 3932
6245 3933
6608 3934
6308 3935
3936 3936
5618 3938
3944 3944
6124 3946
5728 3947
6696 3948
6878 3951
4963 3952
5939 3953
6319 3954
3873 3955
3957 3957
6678 3960
3962 3962
5769 3966
3969 3969
6154 3973
4190 3974
5192 3976
6347 3977
6724 3978
3979 3979
5333 3980
4997 3981
3984 3984
6818 3985
3988 3988
5319 3989
3990 3990
3994 3994
5767 3995
5457 3997
4700 3998
4025 3999
4100 4002
3716 4006
5515 4008
3990 4012
5818 4013
4131 4014
4537 4015
6808 4017
5751 4018
6263 4019
4021 4021
4024 4024
5833 4025
3690 4027
4175 4030
6146 4031
4035 4035
4036 4036
5602 4037
4041 4041
4044 4044
4476 4047
4403 4049
4051 4051
3810 4053
3781 4054
4742 4055
3736 4057
4058 4058
5358 4060
4066 4066
5743 4070
4386 4072
4073 4073
5714 4075
3990 4076
4077 4077
4456 4079
6650 4082
5131 4083
4085 4085
3990 4087
6822 4088
4091 4091
4286 4096
6300 4100
5031 4104
4947 4106
3990 4108
5871 4113
6246 4114
6410 4116
4804 4118
5932 4119
5168 4122
4123 4123
4581 4128
6004 4129
4324 4133
4135 4135
4137 4137
6856 4139
5515 4141
3798 4142
5929 4144
5603 4147
4973 4150
4828 4152
4856 4153
4155 4155
6064 4158
3898 4159
6835 4162
4165 4165
6057 4166
4168 4168
6518 4170
4927 4171
6380 4172
4174 4174
4331 4175
4021 4177
5436 4179
5490 4180
5905 4182
6003 4183
4184 4184
5527 4186
4276 4188
5253 4189
4192 4192
4193 4193
5538 4198
4848 4205
6495 4209
5515 4211
4120 4213
6470 4214
6031 4216
4324 4217
6493 4218
3862 4219
4842 4221
5601 4224
5375 4225
4227 4227
4753 4228
4901 4229
4289 4232
5400 4234
4205 4237
4238 4238
6264 4244
3957 4245
4649 4246
6438 4249
4789 4251
4252 4252
3773 4256
5197 4257
4134 4258
4262 4262
4218 4263
4530 4264
6353 4267
4583 4268
4469 4269
4529 4273
3778 4274
4276 4276
4718 4278
5906 4281
6437 4282
5864 4283
4284 4284
5538 4285
5035 4288
4293 4293
4294 4294
6585 4295
3763 4298
4299 4299
3690 4304
4958 4305
5497 4309
6637 4310
3990 4311
4313 4313
3744 4317
4320 4320
4424 4321
5619 4324
6821 4325
6106 4326
5286 4327
4940 4328
4950 4329
6153 4330
4401 4331
5555 4334
3706 4337
5179 4338
4086 4339
5703 4344
5663 4346
5968 4349
3886 4351
4352 4352
4045 4354
6695 4356
5977 4358
5357 4359
6398 4360
5914 4365
3800 4366
5450 4367
6251 4368
4285 4372
6438 4375
4650 4376
4618 4377
4772 4378
5804 4379
5874 4380
6758 4384
4387 4387
6785 4388
4389 4389
3920 4390
6495 4394
6156 4395
5625 4396
3844 4400
4917 4401
4718 4403
4404 4404
4405 4405
4060 4408
5962 4411
5477 4414
5171 4415
4417 4417
4456 4419
5912 4421
5458 4424
4733 4426
4432 4432
4998 4433
3990 4436
4441 4441
4004 4442
4443 4443
4444 4444
3759 4445
6628 4446
6879 4447
4448 4448
5321 4449
4452 4452
4621 4454
5369 4455
4457 4457
4458 4458
4771 4460
6273 4461
3755 4462
6222 4466
5101 4467
5621 4468
6479 4469
6253 4471
5358 4472
4848 4474
4588 4475
5876 4476
5401 4477
6481 4479
3990 4481
6146 4483
4871 4488
5183 4492
5146 4493
3960 4494
6156 4498
4499 4499
6530 4500
4742 4501
4164 4502
4503 4503
6565 4505
6029 4506
3997 4507
6314 4512
6411 4515
4600 4518
4519 4519
6667 4520
4947 4521
4040 4524
4528 4528
6612 4531
4686 4532
6769 4533
5038 4534
6395 4535
4538 4538
6826 4539
6359 4540
4327 4541
6146 4542
6558 4544
4546 4546
5709 4547
5959 4548
4550 4550
6847 4551
4552 4552
4456 4557
5358 4559
6334 4562
6584 4565
3880 4567
6791 4568
5732 4569
4587 4570
4571 4571
4573 4573
5239 4575
6318 4576
4349 4577
5945 4578
4947 4581
6036 4584
6246 4586
4587 4587
6156 4595
5632 4597
4213 4599
6822 4600
4227 4604
6530 4606
4607 4607
6873 4608
5466 4610
4615 4615
3762 4616
4618 4618
4619 4619
5973 4620
4621 4621
5457 4625
5218 4626
3780 4627
6725 4628
6201 4629
5945 4632
6222 4633
4637 4637
4638 4638
4664 4641
5171 4645
4447 4647
5775 4651
5121 4656
6506 4659
4661 4661
6156 4670
6107 4672
3989 4675
4386 4676
6314 4680
4686 4686
4687 4687
4947 4692
4592 4693
3945 4695
6357 4697
4282 4698
4705 4705
5635 4707
4526 4708
4709 4709
4542 4710
4958 4712
6644 4713
6124 4715
4718 4718
4691 4722
4723 4723
4693 4724
4725 4725
5833 4726
6703 4727
5732 4731
4651 4732
5621 4733
4321 4734
4449 4738
4450 4739
5665 4740
6124 4743
6605 4744
4746 4746
4747 4747
6005 4750
4463 4751
6826 4753
6848 4756
4105 4758
4760 4760
4762 4762
4763 4763
3810 4766
6887 4768
6003 4769
6246 4770
4819 4771
6729 4772
6821 4773
5921 4774
6808 4775
6259 4779
5129 4781
5709 4782
5833 4783
6754 4786
4282 4789
4307 4790
6117 4793
3990 4794
6342 4795
6818 4796
4798 4798
4799 4799
5702 4802
3737 4804
6200 4806
6360 4814
5625 4816
4444 4818
3736 4819
4456 4822
5326 4825
4826 4826
5039 4828
4831 4831
6517 4832
4479 4834
4233 4835
4495 4836
6209 4837
4415 4840
6469 4843
5253 4845
5239 4846
5382 4847
5769 4848
4879 4849
4850 4850
3920 4851
4213 4852
6586 4854
4994 4856
5835 4860
6786 4861
4899 4864
5501 4865
5806 4869
5366 4871
4873 4873
5410 4879
4686 4880
4002 4881
4884 4884
4060 4888
6031 4890
5928 4897
6156 4898
6774 4899
5557 4901
3843 4903
5446 4906
6805 4910
4912 4912
4913 4913
4683 4916
6295 4917
4918 4918
4184 4920
5488 4921
5826 4922
4031 4923
6348 4926
6077 4930
4638 4933
4934 4934
5952 4936
6251 4938
4767 4939
6342 4942
3990 4943
3835 4944
3920 4945
3865 4947
5909 4948
4950 4950
6608 4952
4953 4953
6325 4954
4956 4956
4831 4958
4962 4962
6402 4963
4966 4966
4867 4967
5564 4969
3847 4970
6404 4971
4973 4973
5691 4978
6796 4980
4982 4982
5736 4983
4288 4984
6861 4986
5888 4988
6365 4989
6696 4990
4012 4991
4926 4996
6433 4997
4998 4998
5643 4999
3790 5000
6786 5001
4899 5003
4165 5004
4978 5005
4144 5006
5255 5008
4212 5009
5945 5010
5318 5011
4212 5016
4066 5018
5020 5020
5021 5021
5725 5022
5024 5024
5939 5026
3990 5027
6660 5028
4136 5030
5573 5032
4563 5033
6765 5034
5103 5035
6169 5036
6395 5040
4302 5045
4165 5052
5053 5053
4013 5054
4111 5055
5056 5056
5443 5058
6103 5059
5436 5062
4718 5063
6293 5064
4382 5066
6643 5067
3932 5069
5513 5070
5416 5072
3755 5073
5079 5075
5440 5078
5080 5080
4145 5081
6017 5083
5086 5086
3920 5087
5747 5088
5400 5089
6276 5090
4638 5091
6035 5093
5095 5095
4827 5097
5099 5099
5102 5102
5103 5103
4402 5104
6049 5105
3931 5112
3723 5116
5117 5117
5269 5119
4456 5121
3687 5122
4562 5125
6308 5127
3980 5128
5129 5129
5357 5131
4477 5132
5199 5135
5838 5137
5358 5139
3810 5140
5652 5141
3990 5142
5143 5143
6476 5145
6156 5147
5957 5148
6786 5149
5150 5150
4597 5153
5154 5154
6031 5155
3869 5156
6650 5157
4878 5158
4159 5160
6499 5163
6538 5164
5440 5166
5533 5172
5627 5173
5410 5174
4175 5175
5180 5180
4435 5183
6602 5186
4623 5188
5375 5189
5127 5190
6466 5192
4168 5193
4445 5195
4082 5196
6160 5197
5198 5198
4003 5199
6229 5201
3990 5203
5210 5210
5211 5211
4682 5212
5012 5213
5318 5214
5215 5215
5714 5216
4614 5218
6246 5219
5221 5221
6825 5222
5732 5223
4996 5224
5225 5225
5229 5229
6234 5230
6635 5236
5366 5244
5028 5249
5239 5250
5053 5251
5961 5255
3789 5256
6059 5259
5167 5263
4021 5265
4176 5268
6434 5271
6251 5274
6863 5278
5701 5279
5985 5284
5285 5285
5293 5293
5450 5294
5769 5295
4634 5296
6423 5300
5760 5301
3968 5306
5363 5310
5311 5311
6873 5313
6104 5316
5317 5317
4652 5319
4686 5320
4533 5321
4497 5327
5422 5328
4987 5329
4227 5332
4618 5333
6858 5336
5337 5337
5339 5339
4360 5342
5400 5347
3845 5349
5352 5352
5353 5353
3844 5354
4179 5356
5899 5357
4809 5359
5927 5361
5809 5363
4352 5365
6451 5368
5725 5371
5374 5374
4021 5375
4991 5377
5630 5378
6788 5379
5930 5380
3820 5382
4192 5383
6372 5386
5944 5387
5271 5390
5888 5391
4916 5393
5617 5395
5314 5396
4796 5397
3721 5398
4615 5399
5954 5400
6390 5405
5408 5408
6470 5413
5354 5414
3790 5415
4773 5417
5927 5421
4764 5423
4615 5424
6222 5425
5039 5426
6202 5431
6601 5432
5416 5434
5436 5436
6499 5438
5443 5443
3809 5450
5451 5451
5452 5452
5247 5453
4642 5454
5171 5455
6822 5457
4424 5458
4352 5462
5464 5464
5939 5465
5466 5466
5945 5467
6151 5469
5471 5471
6275 5472
5720 5475
4415 5482
5775 5483
5484 5484
5477 5485
4177 5486
4648 5488
6032 5489
6232 5491
5493 5493
5707 5495
5405 5496
5499 5499
6670 5501
6535 5504
5675 5505
5245 5506
4849 5507
3795 5510
5440 5512
5209 5518
4192 5520
6142 5521
5522 5522
5977 5523
4197 5525
6066 5526
5527 5527
5529 5529
6235 5530
6143 5532
5533 5533
5534 5534
5799 5536
6045 5537
6800 5538
4297 5539
5540 5540
5932 5543
4574 5545
5249 5546
6259 5547
4572 5551
5612 5552
5601 5553
4808 5554
5776 5556
6410 5560
5964 5561
4217 5563
5827 5566
4044 5569
4552 5570
5571 5571
3756 5572
3679 5573
3843 5581
4849 5582
4143 5584
4998 5585
6608 5587
4751 5588
5688 5593
4054 5595
5290 5597
6616 5598
3856 5601
5605 5605
6807 5606
5959 5610
5611 5611
6769 5612
6637 5613
5614 5614
5106 5615
4355 5616
5617 5617
5618 5618
4648 5619
5237 5620
5926 5621
5721 5624
6050 5626
3764 5631
3990 5634
5635 5635
3877 5637
4045 5640
5641 5641
3957 5642
3990 5644
4157 5646
5648 5648
4212 5652
5012 5653
3990 5654
4528 5657
4550 5659
5921 5661
5451 5662
4053 5671
5673 5673
6330 5675
4644 5677
5721 5678
5960 5680
3816 5689
6266 5690
4171 5691
4126 5694
6748 5695
6324 5698
4142 5702
4845 5703
5122 5706
5497 5710
5317 5712
5713 5713
5715 5715
6175 5717
6004 5718
6681 5719
5720 5720
4607 5722
5724 5724
5806 5725
4500 5726
3947 5728
6539 5729
4004 5732
5876 5733
5734 5734
3681 5735
4581 5737
5740 5740
4915 5741
4648 5742
6058 5743
5744 5744
4528 5747
3954 5750
6445 5752
4003 5757
5758 5758
5759 5759
6314 5761
4618 5762
5607 5764
4451 5766
4550 5767
6853 5768
4588 5771
4889 5773
4130 5774
5775 5775
6378 5776
6842 5777
4778 5779
5783 5783
5071 5784
3845 5785
4783 5786
6124 5787
6650 5788
5571 5790
6452 5791
5793 5793
6162 5794
6029 5796
6786 5798
5800 5800
6703 5804
4453 5805
5775 5810
5812 5812
5813 5813
6511 5814
4515 5816
5510 5817
5213 5818
4146 5819
4638 5823
3763 5826
5551 5829
6807 5830
4002 5831
5833 5833
5834 5834
4843 5838
5840 5840
4520 5842
5661 5846
4126 5850
5426 5852
5855 5855
6314 5856
5012 5857
6124 5858
6772 5861
4167 5862
5915 5865
5527 5868
6683 5869
3990 5872
5873 5873
4920 5875
4921 5876
6048 5878
3734 5879
6188 5882
6117 5884
6035 5885
4198 5886
5617 5887
6456 5888
6456 5889
4827 5890
5612 5893
5927 5900
5079 5903
5421 5905
6635 5911
5914 5914
4257 5915
6131 5917
4126 5918
5490 5919
6883 5921
5923 5923
4097 5924
5925 5925
5421 5927
5709 5929
4901 5930
4692 5931
5932 5932
4244 5935
5003 5939
6174 5943
6124 5945
3920 5948
6246 5949
4480 5950
4621 5952
6086 5953
5945 5955
5958 5958
4831 5959
4247 5961
3948 5962
5384 5964
5493 5965
5967 5967
6637 5968
4958 5969
5254 5970
5973 5973
5720 5974
5977 5977
6276 5978
5774 5979
5981 5981
6101 5982
3883 5986
5988 5988
3920 5992
4905 5994
4272 5998
6000 6000
4446 6002
6003 6003
6234 6004
5657 6005
3967 6006
5127 6008
3677 6011
6865 6013
6016 6016
3789 6017
6577 6018
6019 6019
6020 6020
3748 6021
6024 6024
6025 6025
4592 6027
4386 6031
6127 6033
5929 6036
5390 6037
5751 6038
4760 6040
6247 6041
6439 6052
6456 6053
4198 6054
6055 6055
6231 6056
5576 6057
5855 6059
6062 6062
3990 6063
6064 6064
5617 6065
6068 6068
4696 6069
3990 6073
4126 6074
5804 6075
6768 6076
6077 6077
4356 6079
4177 6082
4807 6084
4927 6089
6090 6090
6608 6093
5379 6095
5878 6102
6103 6103
6693 6107
5196 6113
5084 6114
6059 6117
5199 6118
4804 6119
6705 6120
3990 6121
6124 6124
6476 6126
5939 6128
3978 6133
4050 6136
4921 6140
5895 6141
5197 6142
6143 6143
4060 6144
6146 6146
5416 6148
4897 6149
6861 6155
5171 6156
5408 6157
3897 6158
6159 6159
6160 6160
5977 6161
6162 6162
6164 6164
4784 6166
5564 6167
6317 6171
6172 6172
6174 6174
6175 6175
6477 6180
4680 6184
6222 6186
6188 6188
6189 6189
4488 6190
6170 6191
6192 6192
4382 6195
4963 6196
5093 6198
4739 6205
5358 6207
4958 6209
5410 6210
6212 6212
4238 6213
6657 6215
6151 6216
3804 6221
3990 6224
4638 6226
6228 6228
4227 6229
5709 6230
4910 6231
4446 6235
4648 6236
4158 6238
4060 6239
6579 6242
5733 6245
4831 6246
5540 6247
6248 6248
3920 6250
4456 6251
6050 6253
4367 6256
4096 6261
5915 6263
6264 6264
3790 6266
5702 6271
6028 6274
6276 6276
6277 6277
4796 6278
6281 6281
6283 6283
6146 6284
4077 6285
6286 6286
5536 6287
5652 6289
6416 6290
4964 6291
6293 6293
4978 6294
6860 6295
3731 6296
4626 6297
6302 6302
5888 6304
5732 6306
4392 6309
4388 6311
6444 6315
6317 6317
4217 6318
4321 6319
5171 6320
6563 6322
6323 6323
4310 6325
4618 6327
3837 6328
3815 6329
3733 6330
6632 6336
4227 6337
4989 6338
5402 6340
6341 6341
6786 6345
6348 6348
6246 6349
6350 6350
4060 6352
6353 6353
5070 6355
6281 6360
5127 6361
6527 6363
5909 6364
6365 6365
4867 6366
5515 6367
4827 6368
3954 6370
3807 6371
4920 6375
6684 6379
4618 6381
6162 6386
6282 6388
6389 6389
6586 6390
4638 6392
3810 6393
6751 6395
4360 6398
5121 6400
5772 6401
6632 6403
5399 6405
5009 6410
4223 6411
4468 6416
6879 6421
6424 6424
5636 6425
5119 6430
6338 6435
4828 6436
4537 6437
5709 6438
4552 6439
4500 6442
6444 6444
3732 6445
4889 6448
5575 6449
6450 6450
5471 6456
6241 6459
4926 6463
4353 6465
6467 6467
3968 6468
5271 6471
5501 6473
4006 6476
6478 6478
3856 6482
6255 6483
6484 6484
6246 6489
5386 6492
6251 6497
6498 6498
6473 6499
5267 6501
6689 6502
4650 6504
6590 6506
6084 6508
4247 6509
5265 6510
4724 6512
6514 6514
6201 6517
6593 6520
4268 6523
6592 6526
6844 6527
6529 6529
5525 6530
3800 6531
5197 6533
5471 6534
5631 6535
3905 6536
4631 6538
4398 6539
6541 6541
6478 6544
6546 6546
6549 6549
4240 6553
6555 6555
4137 6556
6842 6557
4198 6559
6288 6560
3988 6564
3932 6566
6856 6568
4074 6569
6108 6571
5393 6573
4680 6575
6311 6576
6251 6583
5298 6584
5561 6585
6593 6593
5690 6594
3844 6596
6035 6600
6602 6602
6603 6603
6462 6604
4500 6605
5890 6610
6018 6611
5363 6612
5831 6614
5652 6615
5244 6617
6126 6620
4672 6623
4559 6624
4827 6625
4969 6627
5042 6628
6742 6634
5842 6635
4469 6636
4212 6637
4198 6638
6640 6640
6644 6644
5909 6645
5318 6648
6650 6650
4434 6651
5302 6653
4569 6658
6215 6661
5271 6662
6663 6663
5399 6666
5318 6667
3849 6668
6131 6675
5093 6678
6031 6681
6682 6682
5527 6683
4217 6685
6748 6686
5525 6689
6070 6694
6695 6695
6348 6698
5157 6703
4821 6707
4469 6708
6361 6709
5473 6710
6410 6712
6713 6713
6477 6714
4227 6715
5170 6717
5131 6718
6794 6719
6156 6720
5945 6722
3809 6723
6724 6724
6146 6726
5318 6728
6730 6730
4044 6731
6851 6732
6878 6733
6734 6734
5891 6735
4524 6742
6748 6748
6031 6749
6750 6750
6751 6751
4510 6754
4370 6757
5973 6759
5382 6760
6761 6761
3699 6762
5171 6763
6682 6764
6765 6765
3951 6766
5689 6768
6703 6769
5774 6770
5131 6771
6481 6773
6696 6774
6117 6780
3737 6781
3690 6782
6487 6783
4466 6786
5933 6788
6317 6795
5713 6796
4456 6802
4980 6804
6806 6806
6807 6807
4529 6811
6814 6814
4088 6815
5332 6819
5121 6820
4183 6823
6824 6824
6739 6825
6826 6826
6827 6827
6830 6830
3699 6832
5747 6834
4307 6835
4867 6836
6663 6839
5112 6840
6710 6842
3914 6843
6594 6845
4551 6847
4817 6848
6470 6849
5229 6850
6275 6854
6049 6856
6772 6857
6859 6859
4274 6860
5663 6862
6865 6865
5994 6866
4583 6868
6856 6871
6876 6876
6558 6879
6880 6880
6881 6881
6882 6882
4098 6886
5223 6887
4599 6888
