5262 2
6 6
6611 7
3661 10
1828 14
1668 16
6242 17
2568 19
4613 21
6148 24
1600 26
1668 28
1718 31
5369 32
5255 35
2222 36
5782 37
4647 38
3365 40
4255 42
677 45
2046 46
5954 48
4320 50
1827 55
5807 58
6275 59
3788 61
3601 64
3846 65
1774 66
5042 67
140 70
90 72
342 73
5373 75
718 78
2772 79
2643 81
6463 84
1196 86
2510 88
5955 89
1145 90
5165 98
2742 105
4703 108
4355 111
5762 112
107 116
1493 117
1032 118
6248 119
5010 120
375 123
4206 124
3350 125
3612 126
1010 128
3825 131
2273 133
5450 138
4916 140
6682 142
2152 143
377 144
718 145
4837 148
6527 149
1827 152
5035 154
6261 160
6557 161
4262 163
5709 164
1950 167
2738 168
458 171
6633 177
4246 180
2034 182
4594 183
2045 187
5563 189
4355 192
6021 198
5218 199
1173 200
2975 202
1929 204
4687 206
4530 209
1978 210
1937 211
2577 212
1524 213
2372 214
5807 215
3794 216
3344 218
5569 220
3808 224
3733 225
4621 227
4185 233
1107 239
2279 240
3384 242
1976 245
3628 247
1700 249
5994 253
5838 262
1165 265
6742 266
6298 272
5466 281
4813 283
6714 284
161 286
756 287
897 289
3736 290
295 295
5182 301
1261 309
4937 310
5567 311
6733 314
387 315
440 318
2993 321
2839 324
3106 341
2490 343
6505 344
3716 346
6517 348
5444 350
2016 353
6148 354
1713 358
1399 360
220 367
736 369
4824 377
6463 379
2568 381
6493 383
3717 384
715 386
586 387
458 388
2519 390
5178 393
3007 401
4185 405
5932 407
439 408
2866 409
5732 412
5124 413
1204 416
5162 419
5493 424
2790 427
6331 428
482 432
6021 434
4389 438
3833 439
3661 441
107 444
2866 448
43 449
4687 451
4369 454
857 456
690 457
4687 459
4389 464
5223 467
30 468
3271 470
99 471
155 472
4545 473
3904 477
5124 478
1291 479
2055 480
3716 482
3826 488
5568 489
2266 491
5374 492
2034 498
5739 499
6491 500
5106 504
3638 505
5517 506
3637 507
2055 510
4336 511
4496 513
1913 516
2392 520
3957 522
6287 523
3511 525
877 528
4355 530
3374 532
4500 533
5019 536
1291 539
1402 540
5490 541
2815 543
2241 544
5468 545
4281 547
116 555
6714 556
4285 560
5344 561
3030 562
4013 563
458 569
4086 572
2504 575
3359 576
2288 580
4355 581
4837 585
5709 587
6001 590
5170 591
2924 592
2105 594
4475 596
4135 600
1270 601
2241 603
4217 604
3365 605
3246 607
4530 609
6257 610
327 611
6136 616
3563 617
1397 619
1251 621
6714 622
2499 628
3011 629
1711 633
6329 636
639 639
6842 640
5500 642
646 646
2270 649
1990 653
4249 654
1827 658
6492 660
6436 662
6215 663
3944 669
5613 671
6855 673
295 674
5666 676
2209 677
1295 684
6105 686
1497 688
1150 689
1666 690
2799 691
4773 692
693 693
115 694
3796 699
1314 700
6588 704
3314 705
1957 706
3030 707
6029 710
3095 719
3637 721
3745 722
1143 724
4044 726
1861 729
2270 736
2893 737
1718 740
4387 746
2045 747
1984 748
5260 753
4493 754
756 756
3482 757
6306 759
1395 763
2252 766
2377 773
4044 776
1928 782
3627 785
4364 788
1851 789
2577 790
6684 798
5419 799
6711 803
4184 806
90 807
2944 808
6759 811
5745 814
4317 815
3260 817
3284 818
6490 820
4133 821
3659 822
6714 824
3181 827
4710 828
6076 835
985 837
5855 839
3866 842
809 845
3365 851
6519 852
5784 853
2942 857
6684 859
2222 860
3496 861
6684 862
1750 866
1644 869
2300 872
2576 875
4046 877
6722 878
4937 887
6764 894
5932 897
4620 900
5932 904
5951 905
5755 906
4347 908
5260 909
376 912
981 914
3463 915
1801 917
5342 919
2772 920
5492 924
3826 926
2983 931
2357 933
6786 934
4283 939
5287 944
2742 946
4355 947
2466 949
1291 950
5117 952
6463 953
6039 957
6463 960
1682 961
6134 962
2261 963
2824 964
897 965
1283 966
513 973
5928 975
2924 976
3240 978
903 979
6357 981
5853 984
985 985
5443 986
4338 987
5233 988
4465 989
5613 990
6600 991
458 992
5248 996
5550 1001
4851 1002
4837 1004
5122 1005
440 1006
3093 1007
2984 1008
6039 1010
4883 1013
1660 1014
1810 1016
6257 1017
4739 1018
3240 1029
973 1030
386 1031
2147 1039
4172 1041
2427 1042
5343 1045
3245 1046
1759 1048
4355 1049
1994 1051
1320 1052
694 1054
1125 1055
5419 1056
4184 1057
1033 1065
6492 1066
4549 1068
7 1069
1195 1072
6684 1078
4859 1080
1254 1083
3365 1089
4610 1091
1190 1093
6668 1094
3683 1098
5734 1101
4860 1103
161 1104
3323 1111
2731 1114
3816 1116
2510 1119
3365 1121
3118 1123
6666 1125
2866 1129
4855 1130
1773 1132
4613 1134
5233 1136
3728 1137
2380 1143
6117 1147
6527 1148
6257 1149
1596 1152
1569 1154
6479 1155
6198 1159
1466 1160
2760 1163
2504 1165
553 1167
2821 1170
6157 1172
5189 1173
4992 1184
6576 1187
3979 1190
848 1195
2300 1197
3932 1198
17 1199
6616 1200
3379 1205
1548 1207
6332 1210
2504 1213
1978 1214
5344 1215
344 1220
4792 1222
4389 1223
3767 1224
2685 1225
5094 1226
1652 1227
2734 1229
5124 1231
3460 1233
6453 1234
3412 1238
5447 1240
5965 1244
3699 1245
1249 1249
5958 1250
249 1253
5255 1255
1291 1257
2522 1260
3904 1266
5671 1268
1667 1280
3670 1283
2134 1284
4745 1286
3567 1288
5376 1289
4429 1290
5603 1292
5171 1294
502 1295
6742 1297
3365 1312
5374 1314
2202 1315
6492 1317
4687 1323
4218 1325
4291 1326
6444 1327
474 1328
458 1332
1009 1333
5373 1335
4360 1339
903 1340
3103 1342
5061 1345
5314 1351
3365 1354
4465 1364
5538 1369
3904 1370
1700 1372
116 1378
2815 1381
2209 1382
4626 1383
3330 1388
3389 1391
6714 1392
543 1393
70 1395
4603 1398
1105 1400
2266 1402
903 1403
1030 1405
3766 1406
6298 1413
5535 1418
4613 1425
903 1426
5107 1431
1033 1434
3715 1437
2738 1439
4092 1440
2865 1442
2772 1443
2996 1444
3247 1445
458 1446
4458 1449
6714 1451
2511 1456
555 1457
195 1460
1825 1461
4992 1465
161 1470
4217 1476
4184 1480
5539 1483
2732 1488
5162 1489
6458 1491
1291 1493
5365 1497
1955 1500
997 1506
5380 1509
3914 1511
6332 1512
4848 1513
2499 1517
701 1522
2279 1524
1611 1526
4791 1529
311 1531
4621 1534
5010 1536
5567 1537
5468 1538
6714 1540
5631 1542
259 1543
45 1548
6610 1554
4993 1556
4883 1557
1810 1558
3350 1560
6016 1563
2022 1564
1297 1565
3661 1571
2568 1576
5753 1579
1810 1581
2833 1591
4501 1593
1727 1595
3563 1602
4283 1605
2772 1606
2752 1607
3683 1608
327 1613
5321 1615
5645 1616
6326 1620
5107 1622
458 1623
5094 1624
3979 1625
5994 1628
2612 1631
6422 1632
3352 1638
2927 1646
4493 1652
869 1654
3004 1660
2023 1661
6490 1665
161 1666
4948 1667
5148 1671
6119 1673
374 1675
5019 1678
3937 1680
5345 1682
6573 1684
4351 1685
2094 1689
481 1690
6675 1692
4801 1694
4272 1697
725 1699
6085 1700
1701 1701
1733 1703
6332 1706
3809 1708
2804 1710
5406 1713
4999 1715
3062 1720
5653 1721
5171 1723
2892 1725
2112 1730
4369 1732
4047 1733
5169 1734
3728 1737
1260 1740
2134 1747
3212 1750
5500 1752
1415 1754
5567 1755
1886 1759
6714 1760
2697 1762
3245 1765
848 1766
1899 1772
5010 1776
5609 1777
376 1778
3637 1784
6851 1785
1786 1786
5376 1787
4590 1798
3728 1799
2779 1801
703 1802
3865 1803
5877 1807
4130 1808
1812 1812
457 1813
3904 1816
1456 1817
6733 1821
6492 1822
6059 1824
5759 1826
944 1830
2172 1831
3246 1832
3482 1834
4982 1838
4835 1841
877 1842
4184 1846
1850 1850
864 1851
2945 1852
6032 1853
3064 1854
368 1855
4124 1856
1385 1857
3245 1859
1611 1860
1390 1863
1335 1865
6610 1867
2247 1871
5425 1872
120 1873
4939 1874
1773 1875
5344 1877
5206 1880
4740 1883
2786 1885
6257 1886
2984 1887
5582 1888
4096 1891
458 1894
1539 1895
139 1899
6332 1902
1291 1905
1850 1907
6215 1909
1025 1910
1558 1911
2709 1914
3536 1915
1382 1918
2196 1924
5770 1926
3943 1928
83 1930
5447 1932
5466 1935
5755 1936
4792 1937
3516 1938
581 1941
6087 1942
6853 1943
1667 1946
343 1949
5373 1950
6525 1951
6684 1954
1033 1958
4457 1960
3728 1963
6786 1965
6003 1966
3637 1967
2772 1971
182 1972
6877 1976
5752 1978
3030 1979
1980 1980
2804 1981
3865 1982
2742 1984
2772 1985
555 1989
4489 1992
5698 1997
3009 1998
368 1999
4340 2000
43 2004
2942 2007
4968 2008
2960 2010
6633 2011
4849 2012
3866 2014
806 2015
2790 2016
5070 2018
4195 2019
4968 2022
3359 2027
1713 2028
2116 2029
104 2035
2051 2040
6729 2041
838 2043
6332 2045
3143 2048
115 2050
5344 2057
111 2061
4837 2062
3601 2064
458 2066
2062 2067
4687 2070
4313 2071
624 2072
259 2074
4474 2075
1291 2076
4992 2079
2357 2086
2711 2089
6039 2091
2814 2092
4618 2094
125 2096
1783 2098
4206 2101
407 2104
6729 2105
5333 2107
4086 2108
5797 2109
1254 2114
72 2116
835 2119
1291 2120
1713 2131
1105 2133
6781 2136
806 2137
1718 2141
4322 2156
5210 2166
3323 2172
1856 2174
3905 2175
3245 2176
1745 2177
1850 2180
6324 2181
6282 2182
6827 2183
3031 2184
6104 2186
30 2188
50 2189
1246 2194
6463 2195
3247 2198
6185 2206
5124 2207
2116 2208
4817 2214
2706 2218
3619 2221
1280 2225
6786 2226
1006 2240
2317 2241
752 2243
2039 2244
3092 2247
1565 2249
4418 2251
5206 2252
6714 2253
961 2254
3102 2255
3217 2256
3538 2258
4846 2262
3911 2263
1810 2264
2775 2270
5660 2271
2691 2272
2498 2278
700 2279
6039 2280
377 2283
1261 2287
3120 2288
2942 2289
1713 2290
2268 2295
692 2299
3764 2300
6633 2302
3637 2324
4465 2325
3031 2327
5789 2331
121 2332
614 2333
428 2335
5260 2337
52 2340
2347 2347
3616 2348
3290 2350
2540 2354
419 2356
6870 2360
237 2367
4530 2370
161 2371
6527 2372
5522 2375
6549 2376
4443 2377
4408 2379
2504 2380
2574 2386
161 2387
6389 2389
6376 2391
155 2395
1713 2398
3965 2401
4150 2411
4742 2413
5171 2414
3030 2419
1291 2422
4687 2425
4049 2429
2651 2438
5733 2440
6148 2443
3846 2444
3699 2445
2613 2447
1135 2448
200 2449
1810 2455
1055 2456
857 2457
2924 2458
2862 2459
5124 2465
4562 2467
2960 2471
1700 2473
4387 2476
3411 2477
1027 2478
1718 2479
6045 2482
2273 2486
3108 2487
2489 2489
1883 2490
6048 2492
4185 2493
440 2496
6445 2497
5837 2500
713 2503
1624 2508
6394 2510
1291 2515
5569 2516
3638 2517
4507 2518
2519 2519
1624 2522
4787 2524
2304 2526
3334 2529
1552 2532
3062 2533
1111 2536
1978 2537
43 2542
1541 2543
397 2546
3588 2547
4165 2548
1723 2549
6267 2550
439 2552
5655 2554
6032 2559
1942 2567
200 2568
3908 2575
6623 2576
3849 2577
725 2581
5768 2585
4355 2586
2792 2588
2250 2590
4023 2591
2241 2596
2499 2600
3365 2601
3044 2602
6355 2604
6332 2605
269 2606
3515 2609
4433 2610
2105 2613
5380 2615
1033 2616
2617 2617
614 2618
3331 2619
5152 2622
1556 2623
5555 2626
4799 2629
500 2631
2093 2632
3661 2634
714 2635
5672 2641
1766 2643
4869 2649
299 2652
3865 2653
5755 2654
2110 2655
2738 2656
5434 2658
4217 2660
3271 2677
3030 2681
3365 2682
161 2683
2447 2685
1377 2687
6205 2690
1778 2691
3933 2692
502 2693
3287 2699
3001 2701
4221 2702
50 2703
3648 2705
5989 2707
1929 2711
1909 2714
5029 2716
2939 2721
4325 2725
1990 2726
234 2729
3819 2731
2647 2733
5070 2736
199 2738
3033 2740
1338 2742
4359 2745
5547 2748
4440 2752
536 2758
1539 2759
1573 2761
6841 2762
3983 2769
1810 2772
2452 2773
5489 2779
120 2782
4493 2783
2839 2784
3383 2785
2402 2789
513 2792
4533 2794
5932 2797
6714 2798
1950 2800
4832 2803
5239 2807
1978 2810
1556 2811
419 2813
3064 2815
3006 2819
5720 2821
1927 2822
5774 2823
498 2824
5788 2826
1524 2829
4883 2831
6026 2832
3683 2833
2635 2835
6324 2840
4377 2841
4087 2844
4824 2845
6848 2846
3733 2848
4351 2850
1176 2851
2039 2854
5550 2855
458 2857
5376 2859
4995 2860
5293 2865
1148 2869
6650 2873
5068 2879
5671 2882
1169 2892
2152 2894
6493 2896
107 2897
5374 2898
458 2901
2407 2906
1508 2908
3436 2910
4297 2911
6327 2915
3728 2916
6030 2923
1291 2925
4837 2926
6573 2927
3130 2929
5068 2930
4218 2933
427 2935
3146 2936
2266 2938
1810 2946
6725 2951
3417 2959
6877 2960
3096 2967
2912 2972
2116 2975
3756 2976
5010 2978
5855 2981
2790 2983
1978 2984
1291 2986
6494 2991
3496 2992
6492 2995
2996 2996
1143 2997
2169 3000
1632 3007
1222 3008
3925 3009
5571 3012
4724 3013
458 3015
1082 3016
374 3018
1137 3020
3025 3025
1464 3028
1556 3029
5855 3036
4935 3040
2169 3043
1381 3046
4937 3047
6332 3048
2504 3050
6133 3053
6658 3054
4227 3055
3317 3058
368 3059
161 3060
3030 3061
2112 3062
4709 3063
895 3065
639 3066
2803 3067
6215 3068
1489 3070
4837 3076
1215 3077
1184 3080
1816 3083
3006 3090
394 3092
6306 3093
14 3094
4340 3095
2205 3096
4110 3099
6695 3102
2168 3103
3180 3104
2191 3106
2752 3107
6120 3111
3323 3113
897 3116
5652 3118
16 3120
2960 3121
3245 3122
4218 3123
5835 3128
1830 3130
1187 3133
5195 3134
2760 3136
6205 3140
3603 3141
552 3142
555 3145
6781 3150
6742 3151
3422 3153
2023 3156
14 3161
3906 3163
1014 3168
6426 3169
6556 3176
5783 3177
581 3178
5630 3181
5742 3189
6714 3193
6714 3194
6359 3195
1713 3199
6504 3201
2731 3206
1713 3207
5010 3214
302 3216
5891 3217
6448 3221
1556 3223
760 3226
6445 3227
617 3232
5492 3238
4218 3239
2254 3241
5207 3243
1441 3247
3359 3251
5010 3257
2742 3270
1995 3274
14 3277
4091 3281
2045 3286
5016 3287
1982 3291
6045 3295
1750 3300
6851 3304
3240 3305
4687 3307
4545 3308
125 3311
3340 3314
6113 3319
631 3321
3323 3323
6505 3325
6463 3328
4620 3329
1543 3331
1814 3334
6760 3336
4133 3339
5671 3341
3342 3342
5791 3344
6653 3347
766 3348
5134 3350
6257 3354
0 3355
2790 3356
5010 3357
5794 3358
4620 3361
52 3362
3637 3367
2891 3368
6463 3369
302 3385
4883 3386
3846 3388
5550 3389
4446 3391
2898 3396
4153 3398
1385 3401
838 3403
3823 3407
4663 3408
2924 3410
5077 3411
5059 3413
1529 3418
3095 3422
1713 3428
1588 3429
6759 3431
5671 3435
3104 3436
169 3437
5219 3439
2413 3441
540 3442
5539 3443
4702 3448
6814 3449
4237 3452
3102 3453
5653 3455
3699 3456
882 3457
6045 3458
1170 3460
1929 3461
6384 3462
6860 3464
2839 3466
6463 3469
4569 3472
543 3473
3814 3475
5260 3481
72 3483
3369 3484
3847 3485
2991 3491
2772 3492
1569 3494
5837 3497
439 3498
6714 3505
2440 3506
1291 3509
5124 3513
5248 3516
1810 3520
4763 3529
5042 3533
2586 3534
1588 3536
1539 3540
6479 3542
1810 3557
3703 3562
458 3564
3102 3567
5522 3568
5794 3571
3651 3575
2241 3576
4998 3577
4772 3578
4201 3579
2752 3580
4618 3582
6633 3584
718 3588
6366 3589
5195 3592
14 3595
4212 3596
6366 3598
1653 3601
1291 3604
1933 3615
1314 3616
6814 3622
4739 3623
6332 3625
6463 3627
3374 3629
3826 3634
1309 3635
66 3636
2241 3637
5567 3642
4493 3643
3365 3645
1291 3647
5393 3648
14 3650
6492 3651
5208 3655
3096 3658
1442 3660
1096 3661
838 3663
3452 3667
368 3672
1962 3673
5210 3676
5774 3678
6502 3679
6576 3684
701 3689
2984 3691
2443 3692
2720 3695
1558 3697
1929 3698
4465 3699
4687 3701
5106 3710
2706 3712
4180 3714
3565 3715
6605 3723
155 3724
3284 3727
2941 3728
6546 3731
2710 3732
6257 3733
5255 3735
6139 3738
113 3739
2527 3741
5171 3742
6479 3746
5574 3748
3561 3750
107 3751
443 3752
805 3753
3733 3756
5444 3760
1982 3761
5683 3764
430 3765
6855 3766
3826 3771
3613 3774
6463 3775
3776 3776
5094 3778
2813 3782
5473 3786
4259 3796
5344 3797
3680 3798
4530 3800
4592 3815
6463 3820
5342 3822
4714 3826
985 3827
1387 3829
3942 3833
3030 3834
5539 3838
869 3839
6616 3841
105 3844
6287 3845
2765 3847
3849 3849
3344 3852
2685 3856
2454 3859
3681 3863
6733 3864
3865 3865
2025 3870
2996 3871
4601 3873
436 3874
439 3875
2244 3877
4752 3886
2060 3892
1295 3894
6229 3896
3202 3898
3543 3899
4233 3904
3651 3905
4750 3906
3791 3914
6492 3921
3676 3922
3055 3923
4371 3925
2192 3927
1872 3928
4647 3931
1929 3933
6786 3934
1831 3935
6696 3937
3094 3939
1048 3941
4135 3942
1169 3944
3357 3946
4153 3947
1420 3948
5376 3953
5134 3960
5769 3975
4739 3979
3870 3981
4194 3984
1592 3986
5703 3987
2915 3989
4006 3991
5567 3995
2000 3999
4859 4004
6661 4007
4820 4010
6714 4011
5099 4013
6015 4016
5550 4020
3980 4021
4413 4026
4919 4027
5235 4031
4493 4032
3683 4037
4497 4039
2499 4041
6717 4045
3994 4047
3420 4048
1468 4049
6714 4052
2261 4055
6742 4058
1569 4059
5519 4061
4048 4062
6488 4065
107 4068
1946 4069
3497 4076
6463 4079
5546 4082
4225 4083
642 4085
878 4086
2772 4090
4921 4093
2790 4098
3657 4099
6209 4101
2636 4103
4185 4104
422 4106
2984 4110
363 4112
3485 4115
1173 4118
4262 4123
2492 4125
2752 4127
5308 4128
3290 4131
38 4132
4248 4133
1145 4134
4750 4138
458 4139
1291 4140
1033 4141
2996 4151
4465 4152
4824 4153
4206 4155
1291 4156
1734 4159
4617 4160
1978 4161
6658 4162
6714 4164
1761 4171
3365 4173
6039 4176
4180 4180
5611 4185
5170 4186
236 4188
1181 4189
2888 4190
5239 4192
5604 4197
1565 4200
4469 4201
5941 4203
933 4205
4851 4209
3903 4210
1033 4211
4354 4214
5660 4220
4426 4221
299 4222
299 4224
5725 4226
5010 4228
4233 4233
120 4236
3571 4237
1713 4239
3508 4242
3055 4248
6851 4255
1810 4260
1143 4261
6759 4265
806 4269
5042 4270
4317 4271
6103 4276
5354 4278
3365 4280
4555 4281
6134 4283
6644 4285
3744 4287
4126 4289
5855 4290
299 4291
5373 4292
3846 4294
4802 4295
2416 4303
2116 4307
4837 4308
4434 4310
1510 4312
887 4313
2772 4319
711 4320
6662 4322
3511 4323
3055 4324
3226 4326
521 4328
2500 4333
3252 4334
878 4339
3064 4340
6851 4341
5260 4342
2083 4348
5256 4349
4233 4350
4549 4352
2985 4354
2043 4356
2910 4357
5393 4359
1615 4360
2155 4363
5567 4364
4530 4366
1260 4370
4096 4371
3728 4372
2865 4375
1422 4382
3434 4386
4042 4387
6045 4389
1539 4399
4738 4400
2023 4402
6434 4407
3937 4411
1125 4412
2790 4416
2577 4421
1713 4422
1291 4423
3943 4424
4425 4425
2015 4433
70 4435
671 4437
563 4438
740 4444
1377 4445
404 4448
6491 4449
2038 4451
701 4453
4045 4455
2247 4457
4883 4459
2862 4462
1504 4464
1096 4465
6786 4466
1250 4469
5088 4470
6045 4472
4402 4476
2790 4479
6714 4490
1014 4493
5145 4495
3323 4497
1961 4504
1291 4506
4016 4508
1810 4511
3352 4514
6714 4516
4394 4518
1841 4523
4524 4524
3344 4525
5162 4526
6153 4528
1203 4529
2790 4531
1816 4532
4175 4535
6814 4546
4846 4547
4087 4548
2116 4552
5070 4555
1810 4557
6248 4560
2724 4564
6381 4565
1525 4569
4768 4570
6257 4572
302 4573
4185 4580
3460 4581
2103 4582
5519 4583
2155 4585
1713 4591
4289 4592
3826 4593
695 4597
4355 4602
6257 4604
2924 4605
5783 4607
727 4612
5998 4614
2775 4615
5412 4617
2151 4622
5384 4628
5569 4637
1825 4638
3314 4639
1631 4641
4048 4646
2110 4647
5301 4649
4006 4650
3303 4654
6677 4662
6288 4663
2893 4667
2752 4668
4929 4673
6711 4675
6332 4676
6205 4680
6675 4683
2093 4684
1713 4686
4947 4692
2772 4695
5550 4696
2412 4697
3055 4698
131 4700
4702 4702
6805 4703
1023 4705
4507 4706
6298 4708
773 4709
6610 4712
3899 4713
5447 4714
5450 4716
4475 4717
4437 4724
2475 4728
2891 4729
1251 4734
115 4735
3296 4738
2092 4742
3354 4745
6616 4746
437 4750
1151 4751
343 4754
6731 4757
5807 4759
6851 4761
5158 4762
6714 4765
2156 4768
6610 4770
474 4774
6557 4778
5419 4784
1250 4788
6584 4790
2568 4791
6215 4796
4799 4799
5678 4802
4328 4804
2022 4805
6422 4810
2984 4815
4194 4818
3424 4820
6600 4821
3365 4823
3777 4826
368 4827
6633 4831
5023 4832
2790 4834
3406 4835
3012 4836
4742 4838
1291 4841
5062 4842
2815 4843
6476 4844
5171 4847
1595 4849
2186 4850
3485 4853
2316 4854
6505 4859
5760 4865
4313 4868
6332 4872
5494 4874
2456 4875
3365 4876
2738 4881
2404 4883
1176 4885
2413 4889
6731 4892
457 4897
6340 4900
4707 4902
3543 4903
5492 4905
6387 4906
2809 4911
1369 4912
3508 4914
4883 4918
2563 4919
1063 4921
5815 4924
120 4925
6463 4926
3915 4929
3728 4934
3070 4937
1497 4940
6298 4944
4531 4945
2501 4947
6714 4949
4834 4952
1539 4954
2996 4955
6633 4958
2772 4959
3495 4962
1493 4963
4217 4964
4919 4965
5468 4966
973 4967
3865 4969
5444 4976
4479 4977
4828 4981
3840 4985
5820 4986
5782 4989
3630 4990
2772 4993
273 4994
5736 4998
1052 4999
5456 5002
4884 5003
6105 5009
5010 5010
1922 5012
5151 5013
6001 5014
269 5019
4465 5020
5076 5021
5620 5025
1082 5028
5428 5029
4613 5031
2416 5033
4120 5035
5671 5037
692 5038
440 5040
3637 5041
4859 5045
5725 5050
4689 5052
3979 5054
5056 5056
5206 5058
1291 5061
1548 5063
4217 5066
5958 5068
2288 5070
6109 5075
140 5076
715 5077
1927 5079
5567 5080
1937 5081
2095 5086
4531 5087
73 5090
3497 5097
3365 5098
4398 5099
4621 5100
6243 5107
107 5108
6490 5109
632 5110
3365 5115
3096 5116
14 5118
1810 5121
3789 5123
6031 5124
1718 5129
1816 5137
5294 5145
310 5148
120 5149
565 5152
3246 5153
2944 5154
5265 5156
1174 5158
5162 5162
759 5163
3064 5165
3453 5178
4372 5179
722 5181
4789 5183
6140 5184
3365 5187
2212 5189
6714 5191
3840 5193
1727 5195
6324 5196
1880 5200
5550 5202
4837 5203
3065 5206
5976 5207
308 5212
6298 5213
3848 5215
115 5218
6610 5219
3483 5221
3346 5223
6463 5224
3240 5232
857 5235
5500 5240
5170 5241
2813 5242
3836 5244
50 5245
4919 5246
6714 5248
3284 5252
722 5257
2447 5272
2504 5273
903 5276
4787 5278
4262 5281
1871 5283
5571 5284
3030 5289
3844 5290
4185 5293
4389 5295
933 5296
5104 5297
4722 5298
2511 5302
1611 5304
553 5306
4867 5307
2790 5310
131 5311
6229 5315
5206 5317
1525 5318
2731 5321
6162 5327
4869 5328
1291 5330
5019 5332
4682 5333
2710 5335
4626 5336
5338 5338
2756 5341
6848 5343
422 5345
2407 5346
3365 5351
2760 5353
4821 5354
1259 5355
6774 5357
1291 5362
116 5363
1306 5364
348 5365
5665 5368
830 5374
1196 5376
342 5379
5709 5381
6463 5382
727 5383
6277 5385
2110 5386
4457 5390
5431 5392
1558 5394
5062 5396
4721 5398
2015 5401
5118 5407
3333 5410
3766 5412
3714 5417
6077 5423
2449 5427
5492 5429
2992 5434
2421 5435
2057 5436
1493 5437
3450 5439
4057 5444
407 5447
2318 5448
5563 5452
4251 5453
787 5456
973 5461
5010 5467
5958 5469
5062 5476
5305 5478
6714 5481
5167 5485
1468 5489
2772 5491
236 5495
6622 5496
6445 5498
297 5500
876 5501
4379 5505
5917 5506
3978 5508
1080 5515
1569 5520
1438 5521
46 5523
72 5524
6032 5525
2568 5528
6706 5529
3763 5530
2431 5532
4493 5538
1291 5541
115 5545
1524 5547
5629 5549
5709 5550
4742 5555
5171 5556
4530 5557
5713 5560
3911 5563
6731 5569
0 5570
1339 5572
2255 5573
4633 5574
4866 5575
3365 5580
5801 5581
70 5584
6773 5587
4621 5590
2790 5593
4285 5596
2051 5608
6633 5610
2944 5611
2924 5614
6038 5615
5419 5618
6781 5619
4040 5620
16 5621
6714 5622
2996 5623
2739 5624
5807 5629
1014 5630
6040 5632
552 5643
3776 5646
1196 5647
884 5648
1539 5652
585 5654
2605 5661
5994 5663
1968 5665
3511 5670
91 5678
2772 5682
5034 5683
6714 5684
1851 5685
5083 5687
2749 5690
4883 5691
3365 5693
911 5697
2033 5698
340 5704
3986 5707
5206 5712
6545 5714
2578 5715
107 5719
4813 5721
2093 5727
6435 5728
5182 5729
1322 5730
6708 5732
3965 5734
5337 5741
4317 5742
6410 5743
2790 5744
1417 5745
5976 5751
2031 5753
722 5756
6026 5767
6853 5768
1754 5771
4968 5772
5815 5776
6376 5778
4922 5781
6599 5782
5976 5785
5194 5786
2996 5787
5989 5790
5794 5794
5162 5795
1291 5796
3092 5797
4412 5799
3030 5803
1165 5806
510 5808
3690 5809
3259 5811
3495 5813
3030 5817
423 5819
4194 5822
90 5824
4297 5825
1493 5828
1258 5831
5207 5834
2331 5835
5671 5838
2890 5840
5355 5843
2470 5844
2268 5845
4099 5849
3245 5850
4914 5853
5151 5854
1959 5856
6729 5861
3821 5862
3866 5863
4836 5864
4049 5866
4185 5867
5265 5868
6209 5872
6759 5875
4647 5877
3424 5881
4316 5883
2684 5886
5338 5892
2552 5894
4702 5895
6332 5898
4594 5900
5855 5901
5376 5903
1082 5904
4837 5907
2486 5909
3496 5910
6205 5912
3237 5915
1291 5916
91 5917
5671 5918
5919 5919
6583 5921
4048 5922
5124 5927
2670 5928
5019 5930
2891 5939
353 5948
6633 5949
4924 5952
2318 5953
4523 5960
5434 5962
6786 5963
510 5964
6404 5972
4921 5974
3359 5977
302 5981
1420 5982
1260 5990
6786 5992
1390 5993
5195 5994
3699 6000
2395 6002
5369 6003
887 6007
6001 6009
5116 6010
1291 6011
2552 6014
6048 6017
3417 6018
1810 6019
3300 6021
6257 6024
5758 6026
5550 6029
4714 6030
4465 6032
5344 6037
4317 6038
3217 6042
5539 6044
5755 6046
2147 6047
0 6052
4364 6053
6877 6055
2944 6056
293 6058
6059 6059
2303 6062
5663 6066
23 6068
105 6072
3245 6074
2055 6076
4493 6077
2992 6079
4768 6080
6714 6081
1292 6082
116 6085
4479 6093
2134 6098
2772 6100
5808 6102
4010 6103
6104 6104
4859 6105
5344 6112
3543 6121
4084 6122
684 6125
2118 6126
6695 6127
4479 6137
926 6142
377 6145
5251 6147
4504 6148
1837 6151
5335 6153
1700 6156
3680 6158
5343 6161
3452 6162
4750 6163
3350 6166
6714 6168
343 6170
3030 6171
2004 6177
1291 6178
200 6179
2772 6183
1600 6187
2873 6190
3308 6192
971 6193
2790 6197
2625 6198
1107 6200
5106 6201
5171 6204
6490 6206
4124 6209
6444 6212
2809 6214
1410 6215
3638 6216
6332 6218
3030 6220
4218 6221
6858 6226
5782 6227
1929 6235
6877 6237
5397 6238
926 6240
6257 6243
3365 6244
6633 6246
6773 6250
1810 6251
4270 6257
287 6259
806 6260
120 6262
5901 6263
520 6271
3277 6273
5380 6274
73 6276
1875 6277
1387 6281
4086 6283
1290 6287
1539 6291
6077 6294
4812 6296
5931 6298
6806 6306
1262 6308
2103 6309
0 6311
2773 6313
6205 6314
6405 6317
1700 6320
5768 6323
5891 6327
1470 6328
6242 6330
2600 6332
3365 6333
4728 6337
2256 6338
5206 6343
3899 6349
1484 6351
5655 6352
6148 6354
6219 6357
2568 6358
6523 6360
1984 6361
6163 6363
2421 6364
3826 6368
1111 6370
2110 6372
4359 6381
2815 6382
4883 6383
1754 6386
5985 6388
645 6389
1524 6390
4496 6394
6237 6396
1558 6400
4968 6401
1493 6402
6636 6405
5782 6406
2815 6407
3096 6409
1811 6412
1494 6415
6457 6416
1493 6428
2221 6429
1990 6430
515 6435
376 6438
5272 6440
1653 6444
2452 6445
5255 6448
3636 6451
2996 6454
1616 6455
4745 6459
1381 6460
6463 6463
2747 6468
1810 6474
5452 6476
298 6477
3849 6478
2051 6481
5479 6485
2186 6487
6610 6489
6058 6491
2110 6492
6332 6494
2813 6506
4618 6507
5419 6519
3365 6521
2742 6523
3143 6524
6714 6528
2307 6529
3699 6530
3723 6534
1588 6537
6153 6538
4409 6539
2626 6541
4340 6549
3613 6551
793 6553
2499 6555
6800 6559
6633 6561
1611 6566
244 6573
1959 6575
6837 6577
1295 6578
6140 6581
3013 6582
18 6585
4426 6586
6549 6590
5855 6591
4389 6592
4563 6593
6193 6594
1880 6597
2091 6599
677 6600
3299 6606
4297 6607
1033 6608
6668 6616
3791 6617
510 6619
1497 6620
2413 6622
2209 6628
2519 6630
1489 6634
6363 6636
4569 6637
1291 6642
6269 6648
4023 6650
5958 6653
933 6655
5010 6656
5636 6659
1783 6664
1525 6667
3870 6670
269 6675
5577 6677
4291 6678
893 6684
2970 6686
6040 6689
1215 6695
6298 6700
423 6702
2162 6703
5709 6704
2522 6709
6327 6710
2477 6711
6610 6713
5208 6718
5010 6722
6435 6724
1320 6728
805 6729
1810 6730
5569 6731
6851 6732
3613 6734
2813 6736
1810 6738
3542 6739
1489 6742
2487 6743
5443 6746
5739 6751
107 6753
3825 6756
2407 6757
1669 6758
4185 6761
1240 6767
1622 6768
1929 6771
6806 6772
2790 6773
5517 6775
5444 6776
2155 6777
4317 6783
1993 6785
6786 6786
5261 6787
997 6788
6003 6792
2993 6793
3030 6795
4351 6798
1291 6799
560 6800
1291 6801
1810 6802
440 6803
1077 6804
4739 6805
4338 6809
5171 6811
6366 6813
2699 6814
94 6816
2238 6819
4493 6822
1783 6825
1764 6830
3496 6831
5567 6834
377 6835
6237 6837
4647 6840
933 6841
6725 6842
5260 6846
1267 6851
1373 6853
5317 6855
107 6856
3892 6859
2000 6865
2263 6869
3944 6874
3247 6875
2975 6876
4485 6881
5400 6882
3117 6883
