0.413157 0 0 0.0416252 0.0953599 2.12944 201
0.0631166 3 0 0.00123381 0.00819881 2.12944 201
0.0861867 1 0 0.00092353 0.0049389 2.12944 201
0.10816 0 0 0.00084017 0.00470831 2.12944 201
0.129327 0 0 0.000798501 0.00461863 2.12944 201
0.154623 0 0 0.000732592 0.00421568 2.12944 201
0.184172 0 0 0.000701784 0.00413724 2.12944 201
0.207551 0 0 0.000654481 0.00365167 2.12944 201
0.237695 0 0 0.000615541 0.00348961 2.12944 201
0.263544 0 0 0.000605898 0.00333038 2.12944 201
0.296306 0 0 0.000587892 0.0034271 2.12944 201
0.332789 0 0 0.00057486 0.00358709 2.12944 201
0.354074 0 0 0.000553335 0.0035317 2.12944 201
