0.394467 0 0 0.0599809 0.295093 2.0836 202
0.0357063 1 0 0.00135053 0.0122316 2.0836 202
0.0672936 0 0 0.00122577 0.011951 2.0836 202
0.0944908 1 0 0.000947804 0.0121745 2.0836 202
0.116732 0 0 0.000883636 0.010861 2.0836 202
0.138366 0 0 0.000839588 0.00997043 2.0836 202
0.159302 0 0 0.000819936 0.00968132 2.0836 202
0.180599 0 0 0.000796215 0.00916718 2.0836 202
0.201002 0 0 0.000755681 0.00753244 2.0836 202
0.222239 0 0 0.000733278 0.00706755 2.0836 202
0.242712 0 0 0.000727623 0.00712429 2.0836 202
0.263054 0 0 0.000724573 0.00711447 2.0836 202
0.284665 0 0 0.000685302 0.00723718 2.0836 202
0.31202 0 0 0.000645554 0.00729066 2.0836 202
0.333818 0 0 0.000615197 0.00737468 2.0836 202
0.363687 0 0 0.000596156 0.00741131 2.0836 202
0.389854 0 0 0.000588639 0.00753367 2.0836 202
0.413198 0 0 0.000586611 0.00757976 2.0836 202
