0.397989 0 0 0.0176234 0.0481323 2.01348 202
0.042007 1 0 0.000632149 0.00369066 2.01348 202
0.0708596 0 0 0.000591816 0.00342511 2.01348 202
0.0935497 0 0 0.000487988 0.00296018 2.01348 202
0.114148 0 0 0.00045384 0.00275986 2.01348 202
0.139647 0 0 0.000415518 0.00267443 2.01348 202
0.161571 0 0 0.000403685 0.00268636 2.01348 202
0.194841 0 0 0.000385701 0.00262217 2.01348 202
0.229333 0 0 0.000372907 0.00258706 2.01348 202
0.255831 0 0 0.00036629 0.0025752 2.01348 202
0.292464 0 0 0.000369927 0.0026146 2.01348 202
