0.403354 0 0 0.227381 0.485665 2.33989 204
0.0490713 5 0 0.00228256 0.0156506 2.33989 204
0.0732439 1 0 0.00190017 0.0146332 2.33989 204
0.102497 1 0 0.00175913 0.0135415 2.33989 204
0.125051 0 0 0.00172824 0.0132207 2.33989 204
0.14689 0 0 0.00168107 0.0135664 2.33989 204
0.167944 0 0 0.00164584 0.0136971 2.33989 204
0.188709 0 0 0.00162517 0.013866 2.33989 204
0.209565 0 0 0.00158804 0.0136439 2.33989 204
0.230181 0 0 0.00157904 0.0137063 2.33989 204
0.252195 0 0 0.00152073 0.0134213 2.33989 204
0.275595 0 0 0.00146817 0.0133744 2.33989 204
0.299528 0 0 0.00142043 0.0135574 2.33989 204
0.321112 0 0 0.00140131 0.0136082 2.33989 204
0.343625 0 0 0.00139372 0.0136556 2.33989 204
0.367115 0 0 0.00137364 0.0137632 2.33989 204
0.394729 0 0 0.00135934 0.0138097 2.33989 204
0.417657 0 0 0.00133894 0.0137697 2.33989 204
0.446594 0 0 0.00131577 0.0139262 2.33989 204
0.470668 0 0 0.00128208 0.0137947 2.33989 204
0.493084 0 0 0.00126074 0.0136675 2.33989 204
0.515054 0 0 0.00125519 0.0136486 2.33989 204
