0.424419 0 0 0.233125 0.465305 2.383 209
0.074962 10 0 0.0093056 0.0920367 2.383 209
0.102978 3 0 0.00645213 0.0440552 2.383 209
0.128045 1 0 0.00624121 0.042602 2.383 209
0.15255 1 0 0.00613156 0.0420887 2.383 209
0.17777 1 0 0.00610245 0.0417132 2.383 209
0.202551 1 0 0.00611543 0.0415612 2.383 209
0.225613 0 0 0.00614099 0.0415205 2.383 209
0.24892 0 0 0.00616365 0.0415368 2.383 209
0.271994 0 0 0.00618087 0.0413692 2.383 209
0.294916 0 0 0.00618984 0.0412324 2.383 209
0.318059 0 0 0.00619441 0.0412623 2.383 209
0.341329 0 0 0.00620778 0.0416242 2.383 209
0.365681 0 0 0.00622137 0.0416695 2.383 209
0.388252 0 0 0.00626396 0.0422972 2.383 209
0.411709 0 0 0.0062714 0.0421557 2.383 209
0.437211 1 0 0.00624403 0.0424602 2.383 209
0.462462 0 0 0.00625551 0.0425747 2.383 209
0.4854 0 0 0.00625226 0.042588 2.383 209
0.507597 0 0 0.00625181 0.0425988 2.383 209
0.529811 0 0 0.00626568 0.0428224 2.383 209
0.551817 0 0 0.006267 0.0427555 2.383 209
0.574535 0 0 0.00627434 0.0427701 2.383 209
0.600172 1 0 0.00624495 0.0426634 2.383 209
0.628007 0 0 0.00624262 0.0425887 2.383 209
0.655047 1 0 0.00621035 0.0423658 2.383 209
0.678792 0 0 0.0062078 0.0422706 2.383 209
0.701822 0 0 0.00620804 0.042247 2.383 209
0.735377 0 0 0.00620142 0.0422472 2.383 209
0.765018 0 0 0.00619131 0.0421785 2.383 209
0.794764 0 0 0.00618413 0.0421319 2.383 209
0.82489 0 0 0.00617746 0.0417683 2.383 209
0.849833 0 0 0.00617062 0.0415473 2.383 209
0.873126 0 0 0.00615733 0.0414093 2.383 209
0.896851 0 0 0.00614823 0.0413339 2.383 209
0.919773 0 0 0.00614751 0.0413788 2.383 209
0.943204 0 0 0.00614568 0.0413609 2.383 209
0.965985 0 0 0.00614011 0.0413349 2.383 209
0.988864 0 0 0.00613435 0.0413419 2.383 209
1.01238 0 0 0.00613794 0.0412132 2.383 209
1.03691 0 0 0.00612055 0.0410215 2.383 209
1.06345 0 0 0.00609863 0.040946 2.383 209
1.08631 0 0 0.00609365 0.0408895 2.383 209
1.10903 0 0 0.00609217 0.0408817 2.383 209
1.13259 0 0 0.00609061 0.040905 2.383 209
1.15524 0 0 0.00608961 0.0409294 2.383 209
