0.408174 0 0 0.426153 0.933265 2.22478 201
0.0446087 3 0 0.0804322 0.3869 2.22478 201
0.0904064 14 0 0.0747032 0.327561 2.22478 201
0.1193 5 0 0.0749021 0.328026 2.22478 201
0.144767 3 0 0.0750326 0.327695 2.22478 201
0.167545 1 0 0.07514 0.328111 2.22478 201
0.191753 1 0 0.075268 0.328276 2.22478 201
0.217155 1 0 0.0753394 0.328691 2.22478 201
0.240441 1 0 0.0754262 0.328297 2.22478 201
0.263338 1 0 0.0755189 0.327923 2.22478 201
0.286382 1 0 0.0756046 0.327938 2.22478 201
0.309882 1 0 0.0756994 0.327973 2.22478 201
0.334458 1 0 0.0757832 0.327985 2.22478 201
0.357018 1 0 0.0758574 0.327714 2.22478 201
0.379626 1 0 0.0759003 0.327472 2.22478 201
0.402584 1 0 0.0759247 0.327407 2.22478 201
0.426671 1 0 0.0759571 0.327369 2.22478 201
0.449589 1 0 0.0759962 0.327294 2.22478 201
0.473327 1 0 0.076016 0.327253 2.22478 201
0.497067 1 0 0.0760547 0.327099 2.22478 201
0.519956 0 0 0.0760816 0.327145 2.22478 201
0.541632 0 0 0.0760939 0.327121 2.22478 201
0.563183 0 0 0.0760993 0.327107 2.22478 201
0.58458 0 0 0.0761048 0.327069 2.22478 201
0.607182 0 0 0.0761026 0.327031 2.22478 201
0.628792 0 0 0.0761078 0.327065 2.22478 201
0.650039 0 0 0.0761333 0.327204 2.22478 201
0.671955 0 0 0.0761479 0.327328 2.22478 201
0.693552 0 0 0.0761441 0.327334 2.22478 201
0.714211 0 0 0.076154 0.327513 2.22478 201
0.735472 0 0 0.0761666 0.327391 2.22478 201
0.758 0 0 0.0761812 0.32737 2.22478 201
0.778665 0 0 0.0762011 0.327192 2.22478 201
0.800944 0 0 0.0762188 0.327559 2.22478 201
0.822738 0 0 0.0762295 0.327552 2.22478 201
0.843836 0 0 0.076228 0.327419 2.22478 201
0.865788 0 0 0.0762337 0.327427 2.22478 201
0.887159 0 0 0.0762321 0.327558 2.22478 201
0.910071 0 0 0.0762332 0.327456 2.22478 201
0.931083 0 0 0.0762326 0.327371 2.22478 201
0.952683 0 0 0.0762388 0.327382 2.22478 201
0.9759 1 0 0.076251 0.326678 2.22478 201
1.00388 0 0 0.0762672 0.326609 2.22478 201
1.02582 0 0 0.0762807 0.326495 2.22478 201
1.04795 0 0 0.0762983 0.326331 2.22478 201
1.07063 0 0 0.0763053 0.326231 2.22478 201
1.0927 0 0 0.0763107 0.32611 2.22478 201
1.11603 0 0 0.0763248 0.326062 2.22478 201
1.13704 0 0 0.0763372 0.326018 2.22478 201
1.15903 0 0 0.0763399 0.3261 2.22478 201
1.18135 0 0 0.0763561 0.326153 2.22478 201
1.20296 0 0 0.0763645 0.326159 2.22478 201
1.22429 0 0 0.0763708 0.326145 2.22478 201
1.24499 0 0 0.0763703 0.326141 2.22478 201
1.26633 0 0 0.0763735 0.326139 2.22478 201
1.28745 0 0 0.0763793 0.326137 2.22478 201
1.30826 0 0 0.0763682 0.326135 2.22478 201
1.32974 0 0 0.0763704 0.326134 2.22478 201
1.35105 0 0 0.0763668 0.326134 2.22478 201
1.37273 0 0 0.0763595 0.326133 2.22478 201
1.39365 0 0 0.0763672 0.326132 2.22478 201
1.41495 0 0 0.0763666 0.326132 2.22478 201
1.45519 1 0 0.0763719 0.325489 2.22478 201
1.47764 0 0 0.0763856 0.325577 2.22478 201
1.50014 0 0 0.0763938 0.325533 2.22478 201
1.52226 0 0 0.0764011 0.325552 2.22478 201
1.54365 0 0 0.0764123 0.325573 2.22478 201
1.56636 0 0 0.0764175 0.325609 2.22478 201
1.58896 0 0 0.076426 0.325643 2.22478 201
1.6116 0 0 0.0764329 0.325587 2.22478 201
1.63318 0 0 0.0764431 0.3257 2.22478 201
1.65472 0 0 0.0764549 0.325767 2.22478 201
1.67659 0 0 0.0764631 0.325775 2.22478 201
1.69805 0 0 0.076469 0.325762 2.22478 201
1.71938 0 0 0.0764713 0.325819 2.22478 201
1.74064 0 0 0.0764695 0.325825 2.22478 201
1.77308 1 0 0.076476 0.325007 2.22478 201
1.79709 1 0 0.0764678 0.324704 2.22478 201
1.81922 0 0 0.0764711 0.324684 2.22478 201
1.84082 0 0 0.076473 0.324668 2.22478 201
1.86286 0 0 0.0764702 0.324683 2.22478 201
1.88481 0 0 0.0764732 0.324665 2.22478 201
1.90633 0 0 0.0764857 0.324707 2.22478 201
1.92763 0 0 0.0764958 0.324816 2.22478 201
1.94895 0 0 0.0765002 0.32484 2.22478 201
1.9704 0 0 0.0764993 0.324876 2.22478 201
1.9936 1 0 0.0765063 0.324291 2.22478 201
2.01707 0 0 0.0764996 0.323855 2.22478 201
2.04016 0 0 0.0765002 0.323794 2.22478 201
2.06271 0 0 0.0765016 0.323778 2.22478 201
2.0843 0 0 0.0765019 0.323728 2.22478 201
2.10622 0 0 0.0764991 0.323654 2.22478 201
2.12829 0 0 0.0764976 0.323639 2.22478 201
2.15067 0 0 0.0764962 0.323564 2.22478 201
2.17194 0 0 0.0764972 0.323515 2.22478 201
2.19346 0 0 0.076497 0.323463 2.22478 201
2.21491 0 0 0.0764994 0.323468 2.22478 201
2.23625 0 0 0.0765003 0.323454 2.22478 201
2.25795 0 0 0.0765052 0.323483 2.22478 201
2.28121 0 0 0.0765072 0.323482 2.22478 201
2.30265 0 0 0.0765066 0.323469 2.22478 201
