0.39573 0 0 0.249248 0.510481 2.38114 204
0.0530034 11 0 0.00372885 0.0249753 2.38114 204
0.0773147 1 0 0.00347289 0.0236993 2.38114 204
0.101104 1 0 0.00345285 0.0230176 2.38114 204
0.123005 0 0 0.00346191 0.0224553 2.38114 204
0.144068 0 0 0.00346762 0.0217886 2.38114 204
0.166854 1 0 0.00335581 0.0206675 2.38114 204
0.188719 0 0 0.00333482 0.0198983 2.38114 204
0.215841 0 0 0.00329845 0.0183541 2.38114 204
0.236404 0 0 0.00328881 0.0184511 2.38114 204
0.257191 0 0 0.00327238 0.0187287 2.38114 204
0.290506 1 0 0.00314693 0.0186725 2.38114 204
0.312615 0 0 0.00311914 0.0187683 2.38114 204
0.333274 0 0 0.00307619 0.0187899 2.38114 204
0.355381 0 0 0.00305798 0.018875 2.38114 204
0.395663 1 0 0.00297306 0.0189042 2.38114 204
0.41755 0 0 0.00295539 0.0189535 2.38114 204
0.439825 0 0 0.00294197 0.0189759 2.38114 204
0.465383 0 0 0.0029041 0.0188105 2.38114 204
0.48838 0 0 0.00288556 0.0189361 2.38114 204
0.51031 0 0 0.00285518 0.0189155 2.38114 204
0.532385 0 0 0.00283853 0.0188886 2.38114 204
0.553441 0 0 0.00282694 0.0189598 2.38114 204
0.574775 0 0 0.00281497 0.0190177 2.38114 204
0.600261 0 0 0.00280151 0.0188509 2.38114 204
