0.44623 0 0 0.111979 0.288098 2.00079 216
0.0633872 7 0 0.00441627 0.0299745 2.00079 216
0.0928363 2 0 0.00368908 0.0233586 2.00079 216
0.118297 1 0 0.003499 0.0232452 2.00079 216
0.1436 1 0 0.00343782 0.0234147 2.00079 216
0.166656 0 0 0.00343165 0.0234667 2.00079 216
0.189568 0 0 0.00342878 0.0236824 2.00079 216
0.211734 0 0 0.0034552 0.0241115 2.00079 216
0.236396 0 0 0.00348442 0.0243316 2.00079 216
0.259727 0 0 0.00351064 0.0246338 2.00079 216
0.282104 0 0 0.00350859 0.0248537 2.00079 216
0.304795 0 0 0.00349869 0.0247126 2.00079 216
0.327951 0 0 0.00349422 0.0250021 2.00079 216
0.350547 0 0 0.00349565 0.0250678 2.00079 216
0.37345 0 0 0.00347644 0.0249982 2.00079 216
0.396553 0 0 0.00346688 0.0249061 2.00079 216
0.421871 1 0 0.00339498 0.0248096 2.00079 216
0.451403 0 0 0.00337783 0.0248392 2.00079 216
0.477487 1 0 0.00332321 0.0249895 2.00079 216
0.501572 0 0 0.00330311 0.0250314 2.00079 216
0.524907 0 0 0.00328675 0.0249925 2.00079 216
0.547001 0 0 0.00326446 0.0246739 2.00079 216
0.570212 0 0 0.00324839 0.0245904 2.00079 216
0.59498 0 0 0.00323343 0.0247946 2.00079 216
0.620136 0 0 0.00322657 0.0250686 2.00079 216
0.644488 0 0 0.00320943 0.0249749 2.00079 216
0.676134 0 0 0.00320543 0.0251865 2.00079 216
0.700375 0 0 0.00318774 0.0253269 2.00079 216
0.729822 0 0 0.0031723 0.0261976 2.00079 216
0.753205 0 0 0.00316253 0.0266362 2.00079 216
0.776265 0 0 0.00315698 0.0270342 2.00079 216
0.800134 0 0 0.00315356 0.0273099 2.00079 216
0.824281 0 0 0.00314783 0.0273759 2.00079 216
0.85212 0 0 0.00314646 0.0274123 2.00079 216
0.878786 0 0 0.00314279 0.0274022 2.00079 216
