0.442041 0 0 0.0405456 0.11346 1.97943 217
0.0581861 3 0 0.00156722 0.00829988 1.97943 217
0.0839205 1 0 0.0012806 0.00844302 1.97943 217
0.10814 0 0 0.00119086 0.00829251 1.97943 217
0.131227 0 0 0.00113757 0.00837086 1.97943 217
0.154476 0 0 0.00110903 0.00843719 1.97943 217
0.179139 0 0 0.00108636 0.0083562 1.97943 217
0.202391 0 0 0.0010592 0.00779169 1.97943 217
0.225601 0 0 0.00104925 0.00773492 1.97943 217
0.249421 0 0 0.00100123 0.00781697 1.97943 217
0.28415 0 0 0.000949164 0.00787594 1.97943 217
0.313094 0 0 0.000904304 0.00792714 1.97943 217
0.349923 0 0 0.000874215 0.00810953 1.97943 217
0.373994 0 0 0.000853759 0.00822085 1.97943 217
0.403041 0 0 0.000841743 0.00825398 1.97943 217
