0.420333 0 0 0.20973 0.466325 2.22243 211
0.0398738 4 0 0.00217344 0.0142247 2.22243 211
0.0681391 1 0 0.00181347 0.0145576 2.22243 211
0.0933011 1 0 0.0017086 0.0152386 2.22243 211
0.115953 0 0 0.00168187 0.0156448 2.22243 211
0.138524 0 0 0.00165762 0.0158621 2.22243 211
0.161068 0 0 0.0016223 0.0156574 2.22243 211
0.184979 0 0 0.00162852 0.0158965 2.22243 211
0.208135 0 0 0.0016254 0.0162364 2.22243 211
0.230403 0 0 0.00162995 0.0167746 2.22243 211
0.25264 0 0 0.00162986 0.017224 2.22243 211
0.275053 0 0 0.00159504 0.0173992 2.22243 211
0.30293 0 0 0.00155949 0.0175332 2.22243 211
0.327003 0 0 0.00152677 0.0175925 2.22243 211
0.353341 0 0 0.00152195 0.0177407 2.22243 211
0.377043 0 0 0.00150289 0.0178175 2.22243 211
0.407529 0 0 0.00148255 0.0179763 2.22243 211
0.437065 0 0 0.00146361 0.018032 2.22243 211
0.461497 0 0 0.00145383 0.0181041 2.22243 211
