0.452826 0 0 0.215626 0.427979 2.23288 217
0.0413979 3 0 0.00934508 0.0507966 2.23288 217
0.0708546 3 0 0.00860832 0.0510276 2.23288 217
0.0968477 1 0 0.0085957 0.05139 2.23288 217
0.122409 1 0 0.0086206 0.0522933 2.23288 217
0.147606 1 0 0.00866396 0.0527748 2.23288 217
0.171483 0 0 0.00868431 0.0530194 2.23288 217
0.195757 0 0 0.00872281 0.0529836 2.23288 217
0.219567 0 0 0.00873752 0.0529539 2.23288 217
0.243912 0 0 0.00875151 0.0529369 2.23288 217
0.26869 0 0 0.00878079 0.0529559 2.23288 217
0.292138 0 0 0.00882162 0.0530011 2.23288 217
0.315356 0 0 0.00882831 0.0530252 2.23288 217
0.338031 0 0 0.00883139 0.053068 2.23288 217
0.360735 0 0 0.00882946 0.0530886 2.23288 217
0.384414 0 0 0.00882194 0.0531077 2.23288 217
0.409198 0 0 0.00881576 0.0531222 2.23288 217
0.433401 0 0 0.00880896 0.0530886 2.23288 217
0.457962 0 0 0.00880325 0.0532292 2.23288 217
0.482029 0 0 0.00879623 0.0532103 2.23288 217
0.504976 0 0 0.00878607 0.0533315 2.23288 217
0.528642 0 0 0.00877762 0.0532957 2.23288 217
0.551366 0 0 0.00877191 0.0533135 2.23288 217
0.577133 1 0 0.00868982 0.0541039 2.23288 217
0.608668 0 0 0.00866498 0.0541012 2.23288 217
0.632355 0 0 0.00864321 0.0541397 2.23288 217
0.655504 0 0 0.00862067 0.0541865 2.23288 217
0.681044 1 0 0.00856463 0.0553067 2.23288 217
0.710765 0 0 0.00854277 0.0553721 2.23288 217
0.736866 0 0 0.00852645 0.0553374 2.23288 217
0.760762 0 0 0.00851581 0.0554313 2.23288 217
0.784133 0 0 0.00850796 0.0554872 2.23288 217
0.807603 0 0 0.00850257 0.0555417 2.23288 217
0.830291 0 0 0.00849455 0.0556204 2.23288 217
0.854683 0 0 0.00848867 0.0555805 2.23288 217
0.877483 0 0 0.00848518 0.0556368 2.23288 217
0.90259 1 0 0.00846578 0.0567476 2.23288 217
0.930297 0 0 0.00846213 0.0567531 2.23288 217
0.954449 0 0 0.00845485 0.0567891 2.23288 217
0.978627 0 0 0.00844039 0.0568184 2.23288 217
1.002 0 0 0.00843011 0.0568476 2.23288 217
1.02573 0 0 0.00842626 0.0575658 2.23288 217
1.0531 0 0 0.00842251 0.0577759 2.23288 217
1.07699 0 0 0.00843439 0.0587197 2.23288 217
1.10063 0 0 0.00844231 0.0592296 2.23288 217
1.12442 0 0 0.00844503 0.059743 2.23288 217
1.14825 0 0 0.00844483 0.0598028 2.23288 217
1.17226 0 0 0.00845815 0.0606025 2.23288 217
1.19656 0 0 0.00846269 0.0605422 2.23288 217
1.22085 0 0 0.00847031 0.0606611 2.23288 217
1.24417 0 0 0.00847187 0.0609999 2.23288 217
1.26787 0 0 0.00846995 0.0612476 2.23288 217
1.29174 0 0 0.00847117 0.0613211 2.23288 217
1.31523 0 0 0.00847212 0.0613323 2.23288 217
1.33903 0 0 0.00846909 0.0613165 2.23288 217
1.36241 0 0 0.00846824 0.061275 2.23288 217
1.3859 0 0 0.00846962 0.0612717 2.23288 217
1.40953 0 0 0.00847605 0.0618214 2.23288 217
1.43999 0 0 0.00846121 0.0608875 2.23288 217
1.46377 0 0 0.00845852 0.060183 2.23288 217
1.48721 0 0 0.00845561 0.0600473 2.23288 217
1.51071 0 0 0.00845929 0.0599685 2.23288 217
1.53409 0 0 0.00846382 0.0599763 2.23288 217
1.55746 0 0 0.00846398 0.0600657 2.23288 217
1.58094 0 0 0.0084653 0.0600856 2.23288 217
1.60698 0 0 0.00846916 0.060191 2.23288 217
1.64011 0 0 0.0084603 0.060249 2.23288 217
1.66387 0 0 0.00845724 0.0601742 2.23288 217
1.68841 0 0 0.00845573 0.0600202 2.23288 217
1.71185 0 0 0.00845339 0.0598571 2.23288 217
1.73666 0 0 0.00845258 0.0597592 2.23288 217
1.76014 0 0 0.00845047 0.0597141 2.23288 217
1.78385 0 0 0.00844829 0.0597641 2.23288 217
1.80833 0 0 0.00844243 0.0598001 2.23288 217
1.83176 0 0 0.00843735 0.0598682 2.23288 217
