0.438026 0 0 0.210291 0.438465 2.18396 216
0.0540976 1 0 0.265629 0.528284 2.18396 216
0.0919289 9 0 0.264622 0.524393 2.18396 216
0.123596 6 0 0.264736 0.523567 2.18396 216
0.150576 3 0 0.264832 0.523141 2.18396 216
0.175994 1 0 0.264943 0.522805 2.18396 216
0.200419 1 0 0.26499 0.522568 2.18396 216
0.224701 1 0 0.265034 0.522464 2.18396 216
0.250139 1 0 0.265083 0.522463 2.18396 216
0.273763 1 0 0.265096 0.522489 2.18396 216
0.298155 1 0 0.265103 0.522417 2.18396 216
0.321761 1 0 0.265118 0.522374 2.18396 216
0.34515 1 0 0.265137 0.522303 2.18396 216
0.368485 1 0 0.265146 0.522247 2.18396 216
0.392901 1 0 0.265163 0.522186 2.18396 216
0.415652 0 0 0.265176 0.522162 2.18396 216
0.437894 0 0 0.265183 0.522115 2.18396 216
0.460021 0 0 0.265183 0.522036 2.18396 216
0.483185 0 0 0.265185 0.521986 2.18396 216
0.505711 0 0 0.265194 0.521967 2.18396 216
0.530687 0 0 0.265206 0.521954 2.18396 216
0.561122 0 0 0.265217 0.521921 2.18396 216
0.582768 0 0 0.265253 0.521937 2.18396 216
0.605695 0 0 0.265267 0.521896 2.18396 216
0.628131 0 0 0.265285 0.521861 2.18396 216
0.650019 0 0 0.265306 0.52181 2.18396 216
0.672286 0 0 0.265331 0.521751 2.18396 216
0.694221 0 0 0.26536 0.521719 2.18396 216
0.71631 0 0 0.265389 0.5217 2.18396 216
0.739525 0 0 0.265414 0.521647 2.18396 216
0.763271 0 0 0.26544 0.521623 2.18396 216
0.785757 0 0 0.26546 0.521637 2.18396 216
0.8095 1 0 0.265494 0.521631 2.18396 216
0.831655 0 0 0.265508 0.52162 2.18396 216
0.854631 0 0 0.265524 0.521619 2.18396 216
0.877442 0 0 0.265532 0.521618 2.18396 216
0.900466 0 0 0.26554 0.521604 2.18396 216
0.924208 0 0 0.265543 0.521604 2.18396 216
0.94587 0 0 0.265566 0.521642 2.18396 216
0.968167 0 0 0.265575 0.521658 2.18396 216
0.990169 0 0 0.265583 0.521663 2.18396 216
1.01222 0 0 0.265588 0.521659 2.18396 216
1.03328 0 0 0.265589 0.521655 2.18396 216
1.05552 0 0 0.265597 0.521652 2.18396 216
1.07742 0 0 0.265609 0.52165 2.18396 216
1.09974 0 0 0.265614 0.521654 2.18396 216
1.12184 0 0 0.265625 0.521655 2.18396 216
1.14397 0 0 0.265637 0.521641 2.18396 216
1.16653 0 0 0.265644 0.521647 2.18396 216
1.18803 0 0 0.26566 0.521644 2.18396 216
1.21014 0 0 0.265661 0.521637 2.18396 216
1.23148 0 0 0.265666 0.521635 2.18396 216
1.25471 0 0 0.265667 0.521627 2.18396 216
1.27739 0 0 0.26567 0.521626 2.18396 216
1.3001 0 0 0.265671 0.521627 2.18396 216
1.32214 0 0 0.265669 0.521639 2.18396 216
1.34417 0 0 0.265675 0.521634 2.18396 216
1.36622 0 0 0.265688 0.521628 2.18396 216
1.3885 0 0 0.265696 0.521627 2.18396 216
1.41036 0 0 0.2657 0.521627 2.18396 216
1.43463 1 0 0.26571 0.521455 2.18396 216
1.46292 0 0 0.265717 0.521462 2.18396 216
1.48589 0 0 0.265721 0.521458 2.18396 216
1.50761 0 0 0.265734 0.521464 2.18396 216
1.52962 0 0 0.265754 0.52148 2.18396 216
1.55114 0 0 0.265755 0.521468 2.18396 216
1.57326 0 0 0.265759 0.52146 2.18396 216
1.59772 1 0 0.265766 0.521308 2.18396 216
1.62016 0 0 0.265778 0.52133 2.18396 216
1.65106 0 0 0.265784 0.521295 2.18396 216
1.67307 0 0 0.265785 0.521301 2.18396 216
1.69479 0 0 0.265789 0.521302 2.18396 216
1.71736 0 0 0.265793 0.521296 2.18396 216
1.74511 1 0 0.265796 0.521169 2.18396 216
1.76958 0 0 0.265805 0.521158 2.18396 216
1.7923 0 0 0.265816 0.52119 2.18396 216
1.81551 0 0 0.265815 0.521186 2.18396 216
1.83831 0 0 0.265817 0.521195 2.18396 216
1.86111 0 0 0.265821 0.521219 2.18396 216
1.88353 0 0 0.265829 0.5212 2.18396 216
1.90644 0 0 0.265836 0.521185 2.18396 216
1.92904 0 0 0.265842 0.521188 2.18396 216
1.95165 0 0 0.26584 0.52119 2.18396 216
1.97481 0 0 0.265841 0.5212 2.18396 216
1.99782 0 0 0.265843 0.521196 2.18396 216
2.02007 0 0 0.265846 0.521202 2.18396 216
2.05257 1 0 0.265847 0.521167 2.18396 216
2.07693 1 0 0.265845 0.52121 2.18396 216
2.09884 0 0 0.265851 0.521249 2.18396 216
2.12132 0 0 0.265857 0.521278 2.18396 216
2.1445 0 0 0.265866 0.521317 2.18396 216
2.1668 0 0 0.265874 0.521331 2.18396 216
2.19002 0 0 0.265875 0.521352 2.18396 216
2.21281 0 0 0.265876 0.521378 2.18396 216
2.23547 0 0 0.265876 0.521448 2.18396 216
2.25733 0 0 0.265875 0.521491 2.18396 216
2.28085 1 0 0.265875 0.521534 2.18396 216
2.31119 0 0 0.265875 0.521475 2.18396 216
2.33543 0 0 0.265876 0.521343 2.18396 216
2.35857 0 0 0.265878 0.521249 2.18396 216
2.38107 0 0 0.26588 0.52116 2.18396 216
