0.437137 0 0 0.217158 0.45818 2.24876 216
0.0804332 14 0 0.00394928 0.0232972 2.24876 216
0.106215 1 0 0.00374171 0.0223038 2.24876 216
0.131079 1 0 0.0037432 0.0220003 2.24876 216
0.1542 0 0 0.00375778 0.0218284 2.24876 216
0.177273 0 0 0.00377115 0.0217298 2.24876 216
0.200927 0 0 0.00379272 0.0217242 2.24876 216
0.224763 0 0 0.00380784 0.0217162 2.24876 216
0.247757 0 0 0.00382175 0.0216473 2.24876 216
0.270999 0 0 0.00383496 0.0216399 2.24876 216
0.293397 0 0 0.0038549 0.0215654 2.24876 216
0.316503 0 0 0.00389815 0.0216212 2.24876 216
0.338777 0 0 0.00393173 0.0216721 2.24876 216
0.361077 0 0 0.00395897 0.0217615 2.24876 216
0.383375 0 0 0.00396089 0.0218143 2.24876 216
0.405666 0 0 0.00396826 0.021785 2.24876 216
0.429128 0 0 0.00397556 0.0218448 2.24876 216
0.46448 1 0 0.00394147 0.0218752 2.24876 216
0.487969 0 0 0.00393804 0.0218564 2.24876 216
0.513278 1 0 0.00388359 0.0218306 2.24876 216
0.539956 0 0 0.00386265 0.0217649 2.24876 216
0.564997 0 0 0.00382643 0.021711 2.24876 216
0.589375 0 0 0.00380859 0.02183 2.24876 216
0.614183 0 0 0.00380012 0.02204 2.24876 216
0.637438 0 0 0.00379954 0.0220083 2.24876 216
0.661009 0 0 0.00380971 0.0219627 2.24876 216
0.684231 0 0 0.00381161 0.0220393 2.24876 216
0.707367 0 0 0.00379157 0.0220453 2.24876 216
0.73705 0 0 0.00379003 0.0219497 2.24876 216
0.762296 0 0 0.00377946 0.0218293 2.24876 216
0.794131 0 0 0.00377649 0.0218519 2.24876 216
0.817366 0 0 0.00377767 0.0219996 2.24876 216
0.842258 0 0 0.0037782 0.022393 2.24876 216
0.871935 0 0 0.00377079 0.022327 2.24876 216
0.89544 0 0 0.00376694 0.0222083 2.24876 216
0.918816 0 0 0.00376762 0.0221956 2.24876 216
