0.397917 0 0 0.115189 0.298201 2.23421 205
0.0500659 3 0 0.00492849 0.0337524 2.23421 205
0.0791297 3 0 0.00423815 0.0324541 2.23421 205
0.105526 1 0 0.00408298 0.0303213 2.23421 205
0.128871 0 0 0.00404903 0.0289709 2.23421 205
0.152121 0 0 0.00403305 0.0284508 2.23421 205
0.17573 0 0 0.00402904 0.0277972 2.23421 205
0.203883 0 0 0.00402649 0.0270239 2.23421 205
0.228552 0 0 0.0040511 0.0273122 2.23421 205
0.251323 0 0 0.00403969 0.0267721 2.23421 205
0.274889 0 0 0.00404783 0.0271429 2.23421 205
0.298425 0 0 0.00402085 0.0273311 2.23421 205
0.328026 0 0 0.00399176 0.0275026 2.23421 205
0.351368 0 0 0.00397513 0.0276169 2.23421 205
0.37592 0 0 0.0039578 0.027818 2.23421 205
0.405044 0 0 0.00394421 0.0278773 2.23421 205
0.428675 0 0 0.00393589 0.0279569 2.23421 205
0.45302 0 0 0.00392739 0.0284669 2.23421 205
0.483386 0 0 0.00393494 0.0287732 2.23421 205
0.512933 0 0 0.00392868 0.0291305 2.23421 205
0.536166 0 0 0.00391247 0.0294978 2.23421 205
0.559427 0 0 0.00390321 0.0297842 2.23421 205
0.582691 0 0 0.0038912 0.0299742 2.23421 205
0.606104 0 0 0.00388227 0.0300793 2.23421 205
0.630713 0 0 0.00387277 0.0300497 2.23421 205
0.661001 0 0 0.00386972 0.0300544 2.23421 205
