0.405129 0 0 0.0634497 0.177238 2.1715 207
0.0603763 3 0 0.00134453 0.0081406 2.1715 207
0.0845296 0 0 0.00117117 0.00799146 2.1715 207
0.110124 1 0 0.000982017 0.00789173 2.1715 207
0.132638 0 0 0.000932125 0.00773411 2.1715 207
0.155106 0 0 0.000895912 0.00769068 2.1715 207
0.178534 0 0 0.000861864 0.00774013 2.1715 207
0.201678 0 0 0.000835132 0.00764132 2.1715 207
0.225903 0 0 0.000771759 0.00765011 2.1715 207
0.255937 0 0 0.000701896 0.0076749 2.1715 207
0.279227 0 0 0.000680835 0.00767257 2.1715 207
0.302424 0 0 0.000647531 0.00773937 2.1715 207
0.332153 0 0 0.000626518 0.00774122 2.1715 207
0.356037 0 0 0.000602013 0.00745248 2.1715 207
