0.394604 0 0 0.0987358 0.158141 2.21512 204
0.0609777 3 0 0.0120381 0.108165 2.21512 204
0.092136 3 0 0.0116454 0.111599 2.21512 204
0.115797 1 0 0.0116252 0.111981 2.21512 204
0.140118 1 0 0.0115552 0.112532 2.21512 204
0.162589 0 0 0.0115664 0.112935 2.21512 204
0.192034 0 0 0.0115617 0.113436 2.21512 204
0.215167 0 0 0.0115927 0.113757 2.21512 204
0.236565 0 0 0.0116166 0.114046 2.21512 204
0.25861 0 0 0.0115855 0.113662 2.21512 204
0.28018 0 0 0.0115653 0.113995 2.21512 204
0.301759 0 0 0.0115577 0.113781 2.21512 204
0.323123 0 0 0.011553 0.114079 2.21512 204
0.345401 0 0 0.011548 0.113955 2.21512 204
0.369079 0 0 0.0115408 0.114276 2.21512 204
0.397163 0 0 0.0115358 0.114292 2.21512 204
0.420496 0 0 0.0115339 0.114301 2.21512 204
0.4434 0 0 0.0115286 0.114615 2.21512 204
0.465484 0 0 0.01152 0.114689 2.21512 204
0.491432 0 0 0.0115171 0.114632 2.21512 204
0.512787 0 0 0.0115201 0.114623 2.21512 204
0.535516 0 0 0.0115295 0.114643 2.21512 204
0.558673 0 0 0.0115198 0.114597 2.21512 204
0.580948 0 0 0.0115162 0.114607 2.21512 204
0.602927 0 0 0.011515 0.114606 2.21512 204
0.624486 0 0 0.0115153 0.114608 2.21512 204
0.645866 0 0 0.0115163 0.114607 2.21512 204
0.667901 0 0 0.0115153 0.114603 2.21512 204
0.69006 0 0 0.0115134 0.114701 2.21512 204
0.717989 0 0 0.0114953 0.114873 2.21512 204
0.740868 0 0 0.0114932 0.114854 2.21512 204
0.764263 0 0 0.0114914 0.114814 2.21512 204
0.785657 0 0 0.0114914 0.114753 2.21512 204
0.808227 0 0 0.0114916 0.114711 2.21512 204
0.836058 0 0 0.0114904 0.114659 2.21512 204
0.866427 0 0 0.0114918 0.114562 2.21512 204
0.889354 0 0 0.0114863 0.11455 2.21512 204
0.912635 0 0 0.011485 0.114493 2.21512 204
0.936702 0 0 0.0114865 0.114524 2.21512 204
0.960669 0 0 0.0114858 0.114487 2.21512 204
0.988992 0 0 0.0114854 0.114481 2.21512 204
1.02106 0 0 0.0114868 0.11475 2.21512 204
1.04503 0 0 0.0114887 0.114895 2.21512 204
1.06755 0 0 0.0114904 0.114906 2.21512 204
1.09075 0 0 0.0114947 0.115038 2.21512 204
1.11299 0 0 0.0114987 0.115064 2.21512 204
1.13505 0 0 0.0115054 0.11494 2.21512 204
1.15758 0 0 0.011507 0.114903 2.21512 204
1.18097 0 0 0.0115064 0.1149 2.21512 204
1.20328 0 0 0.0115065 0.114914 2.21512 204
1.22583 0 0 0.0115063 0.115024 2.21512 204
1.24832 0 0 0.011511 0.115604 2.21512 204
1.27488 0 0 0.0115225 0.116193 2.21512 204
1.29719 0 0 0.0115354 0.11664 2.21512 204
1.32055 0 0 0.0115448 0.116947 2.21512 204
1.34262 0 0 0.0115537 0.11719 2.21512 204
1.36455 0 0 0.0115549 0.117326 2.21512 204
1.38702 0 0 0.0115575 0.117397 2.21512 204
1.40898 0 0 0.0115588 0.117434 2.21512 204
1.43085 0 0 0.0115587 0.117452 2.21512 204
1.45346 0 0 0.01156 0.117475 2.21512 204
1.47643 0 0 0.0115608 0.117504 2.21512 204
1.49878 0 0 0.0115605 0.117526 2.21512 204
1.52162 0 0 0.0115595 0.117552 2.21512 204
1.54493 0 0 0.0115583 0.117526 2.21512 204
1.56837 0 0 0.0115569 0.117543 2.21512 204
1.59221 0 0 0.011557 0.117599 2.21512 204
1.61565 0 0 0.0115555 0.117645 2.21512 204
1.63848 0 0 0.0115537 0.117681 2.21512 204
1.66079 0 0 0.0115518 0.117716 2.21512 204
1.6829 0 0 0.0115504 0.117746 2.21512 204
1.70524 0 0 0.0115492 0.117787 2.21512 204
1.72793 0 0 0.0115488 0.117813 2.21512 204
