0.37777 0 0 0.0441555 0.118042 2.17266 200
0.0460302 3 0 0.000970914 0.00592763 2.17266 200
0.0682554 0 0 0.000864139 0.00556785 2.17266 200
0.0892953 0 0 0.000743335 0.00508813 2.17266 200
0.110694 0 0 0.000738731 0.00521453 2.17266 200
0.131495 0 0 0.000714658 0.00533725 2.17266 200
0.15379 0 0 0.000651613 0.00513252 2.17266 200
0.176589 0 0 0.000591485 0.00498916 2.17266 200
0.201603 0 0 0.000543467 0.00454215 2.17266 200
0.229672 0 0 0.00052583 0.00383968 2.17266 200
0.251853 0 0 0.000506544 0.00345018 2.17266 200
0.277168 0 0 0.000491046 0.00311404 2.17266 200
0.299085 0 0 0.000482676 0.00295334 2.17266 200
