0.408996 0 0 0.20717 0.532842 2.42325 200
0.0648356 12 0 0.00510481 0.0313371 2.42325 200
0.092682 3 0 0.00464032 0.0293209 2.42325 200
0.117757 1 0 0.00462634 0.0290669 2.42325 200
0.142104 1 0 0.00463909 0.0287077 2.42325 200
0.165216 0 0 0.00465007 0.0283887 2.42325 200
0.188091 0 0 0.0046733 0.0283139 2.42325 200
0.211619 0 0 0.00468539 0.0282776 2.42325 200
0.236794 1 0 0.00461928 0.0282826 2.42325 200
0.259766 0 0 0.00459478 0.0281803 2.42325 200
0.282359 0 0 0.0045935 0.0285368 2.42325 200
0.304207 0 0 0.00459863 0.0286424 2.42325 200
0.326374 0 0 0.00462304 0.0286994 2.42325 200
0.349654 0 0 0.00460531 0.0286112 2.42325 200
0.372912 0 0 0.00460146 0.0285061 2.42325 200
0.39532 0 0 0.0045822 0.0286957 2.42325 200
0.418571 0 0 0.00456713 0.0285135 2.42325 200
0.440595 0 0 0.00454579 0.02851 2.42325 200
0.462837 0 0 0.00452821 0.028533 2.42325 200
0.485235 0 0 0.00452034 0.0284916 2.42325 200
0.508121 0 0 0.00452069 0.0285557 2.42325 200
0.530085 0 0 0.00453069 0.0284049 2.42325 200
0.552938 0 0 0.00452849 0.0285009 2.42325 200
0.574708 0 0 0.0045298 0.0283842 2.42325 200
0.596994 0 0 0.00453119 0.0283603 2.42325 200
0.618891 0 0 0.00452114 0.0281418 2.42325 200
0.640653 0 0 0.00451925 0.0281043 2.42325 200
0.663191 0 0 0.00450198 0.0282594 2.42325 200
0.685195 0 0 0.00452278 0.028578 2.42325 200
0.708098 0 0 0.00451075 0.0282148 2.42325 200
0.7318 0 0 0.00452085 0.0283638 2.42325 200
0.756149 1 0 0.00446738 0.0284502 2.42325 200
0.778968 0 0 0.00445035 0.0283272 2.42325 200
0.802111 0 0 0.00441631 0.0284808 2.42325 200
0.824517 0 0 0.00440741 0.0284329 2.42325 200
0.850132 0 0 0.00438076 0.0284953 2.42325 200
0.873459 0 0 0.00438042 0.0284667 2.42325 200
0.895318 0 0 0.00436082 0.0284669 2.42325 200
0.91713 0 0 0.00434724 0.0284832 2.42325 200
0.93902 0 0 0.00434577 0.0284693 2.42325 200
0.96079 0 0 0.00433508 0.0284906 2.42325 200
0.982643 0 0 0.00433243 0.0284761 2.42325 200
1.00508 0 0 0.0043228 0.0284863 2.42325 200
1.02688 0 0 0.0043124 0.0284866 2.42325 200
1.04869 0 0 0.0043047 0.0284836 2.42325 200
1.07123 0 0 0.00430004 0.028483 2.42325 200
1.09292 0 0 0.00429517 0.0284825 2.42325 200
1.11468 0 0 0.0042879 0.028484 2.42325 200
1.1364 0 0 0.00427864 0.0284846 2.42325 200
1.15893 0 0 0.00427528 0.0284865 2.42325 200
1.18074 0 0 0.00427063 0.0284913 2.42325 200
1.20504 1 0 0.00423752 0.0287239 2.42325 200
1.23376 0 0 0.00423645 0.028803 2.42325 200
1.26056 0 0 0.00421168 0.0290146 2.42325 200
1.28626 0 0 0.00421102 0.0292818 2.42325 200
1.30901 0 0 0.00420295 0.0296843 2.42325 200
1.33174 0 0 0.00420364 0.0300719 2.42325 200
1.35435 0 0 0.00420344 0.0301048 2.42325 200
1.37788 0 0 0.00419922 0.0302115 2.42325 200
1.40565 0 0 0.00419614 0.0301796 2.42325 200
1.43495 0 0 0.00419591 0.0304235 2.42325 200
1.4584 0 0 0.00418964 0.0305035 2.42325 200
1.48213 0 0 0.00418621 0.0304407 2.42325 200
