0.417773 0 0 0.211249 0.431683 2.40078 210
0.06099 8 0 0.00790343 0.0467 2.40078 210
0.090639 3 0 0.00730089 0.0429701 2.40078 210
0.11725 1 0 0.00722171 0.0416884 2.40078 210
0.143027 1 0 0.00718254 0.0413315 2.40078 210
0.168769 1 0 0.00714466 0.0421421 2.40078 210
0.194355 1 0 0.00710619 0.0417868 2.40078 210
0.218504 0 0 0.00711172 0.0417173 2.40078 210
0.242638 0 0 0.00710776 0.0417823 2.40078 210
0.267741 0 0 0.00710912 0.0420702 2.40078 210
0.292299 0 0 0.00712388 0.0418466 2.40078 210
0.317458 0 0 0.00714269 0.041709 2.40078 210
0.341983 0 0 0.00718092 0.0416722 2.40078 210
0.36694 0 0 0.00720069 0.0416929 2.40078 210
0.391758 0 0 0.00722201 0.0416976 2.40078 210
0.416304 0 0 0.00724328 0.0416996 2.40078 210
0.44013 0 0 0.00725481 0.0416739 2.40078 210
0.464566 0 0 0.00725786 0.0416617 2.40078 210
0.488275 0 0 0.0072567 0.041417 2.40078 210
0.511532 0 0 0.00724719 0.0400224 2.40078 210
0.534733 0 0 0.00725136 0.0401678 2.40078 210
0.560642 0 0 0.00726071 0.0399227 2.40078 210
0.584488 0 0 0.00727837 0.0398912 2.40078 210
0.609027 0 0 0.00729129 0.0398747 2.40078 210
0.632907 0 0 0.00730625 0.0398806 2.40078 210
0.657339 0 0 0.00730889 0.0398705 2.40078 210
0.681753 0 0 0.0073136 0.0398789 2.40078 210
0.706008 0 0 0.00731479 0.0398702 2.40078 210
0.7296 0 0 0.00731407 0.0398789 2.40078 210
0.753506 0 0 0.00731856 0.039862 2.40078 210
0.776912 0 0 0.00732407 0.0398814 2.40078 210
0.800994 0 0 0.00732715 0.0398648 2.40078 210
0.825113 0 0 0.00733615 0.0398843 2.40078 210
0.849123 0 0 0.00733357 0.0398751 2.40078 210
0.87494 1 0 0.00728118 0.0400314 2.40078 210
0.900316 0 0 0.0072756 0.0400983 2.40078 210
0.924487 0 0 0.00726899 0.0400178 2.40078 210
0.948644 0 0 0.00727574 0.0401196 2.40078 210
0.972109 0 0 0.00726636 0.0401184 2.40078 210
0.996443 0 0 0.00726618 0.0401475 2.40078 210
1.01978 0 0 0.00724381 0.0400885 2.40078 210
1.04401 0 0 0.00723617 0.0401147 2.40078 210
1.06721 0 0 0.00722821 0.0401189 2.40078 210
1.09102 0 0 0.00721768 0.0401461 2.40078 210
1.11606 0 0 0.00721431 0.040175 2.40078 210
1.13933 0 0 0.00719944 0.0402138 2.40078 210
1.16522 0 0 0.00720509 0.040238 2.40078 210
1.1965 0 0 0.00719997 0.0402552 2.40078 210
1.23075 1 0 0.00714274 0.0403949 2.40078 210
1.25569 0 0 0.00712663 0.0403505 2.40078 210
1.27886 0 0 0.00708972 0.0403728 2.40078 210
1.30343 0 0 0.00707561 0.0403192 2.40078 210
1.32759 0 0 0.00706081 0.0403682 2.40078 210
1.35336 1 0 0.00701699 0.0404177 2.40078 210
1.38775 0 0 0.00699722 0.0404222 2.40078 210
1.41247 0 0 0.00698661 0.0403946 2.40078 210
1.43852 1 0 0.0069579 0.0403956 2.40078 210
1.46968 0 0 0.00694064 0.0395851 2.40078 210
1.49415 0 0 0.00692768 0.0399389 2.40078 210
1.51899 0 0 0.00691285 0.0399526 2.40078 210
1.54307 0 0 0.0068958 0.0399517 2.40078 210
1.56713 0 0 0.00687771 0.0399847 2.40078 210
1.59234 0 0 0.00686982 0.0399982 2.40078 210
1.61712 0 0 0.00686144 0.0396582 2.40078 210
1.64798 0 0 0.00685777 0.0393018 2.40078 210
1.67245 0 0 0.00684126 0.0391091 2.40078 210
1.69695 0 0 0.00684414 0.0393145 2.40078 210
1.72151 0 0 0.00683867 0.0394036 2.40078 210
1.74688 0 0 0.00683946 0.0392729 2.40078 210
1.7717 0 0 0.00684185 0.0391125 2.40078 210
1.80195 0 0 0.00682534 0.0391046 2.40078 210
1.8262 0 0 0.00681545 0.0391375 2.40078 210
1.85041 0 0 0.00680937 0.0391886 2.40078 210
1.87445 0 0 0.00680727 0.0392007 2.40078 210
1.89889 0 0 0.00680715 0.0392623 2.40078 210
1.923 0 0 0.0068113 0.0391656 2.40078 210
1.94692 0 0 0.00681109 0.0393216 2.40078 210
1.97211 0 0 0.00680597 0.0394667 2.40078 210
1.99641 0 0 0.00680339 0.0395623 2.40078 210
2.02127 0 0 0.00679651 0.0397479 2.40078 210
2.0456 0 0 0.00679191 0.0398595 2.40078 210
2.07002 0 0 0.00679281 0.0402744 2.40078 210
2.09423 0 0 0.00679234 0.0406053 2.40078 210
2.11865 0 0 0.00679314 0.0408615 2.40078 210
2.14285 0 0 0.00679684 0.0410658 2.40078 210
2.16727 0 0 0.00679915 0.0412216 2.40078 210
2.19215 0 0 0.00680228 0.0413242 2.40078 210
