0.394609 0 0 0.232776 0.469767 2.32815 204
0.0389757 3 0 0.061919 0.174725 2.32815 204
0.0916321 13 0 0.0581203 0.193272 2.32815 204
0.125413 6 0 0.0582849 0.205553 2.32815 204
0.152478 3 0 0.0583458 0.209951 2.32815 204
0.176828 1 0 0.0583823 0.213575 2.32815 204
0.205758 3 0 0.0584376 0.21828 2.32815 204
0.234349 1 0 0.0585049 0.221611 2.32815 204
0.258587 1 0 0.0585475 0.223762 2.32815 204
0.282776 1 0 0.0586094 0.227134 2.32815 204
0.307387 1 0 0.0586217 0.229255 2.32815 204
0.332368 1 0 0.0586607 0.230702 2.32815 204
0.35661 1 0 0.0586927 0.231529 2.32815 204
0.380902 1 0 0.0587141 0.232106 2.32815 204
0.404949 1 0 0.0587564 0.232965 2.32815 204
0.428884 1 0 0.0587826 0.233579 2.32815 204
0.453195 1 0 0.0588087 0.234886 2.32815 204
0.477984 1 0 0.0588271 0.234692 2.32815 204
0.50332 1 0 0.0588553 0.234569 2.32815 204
0.527864 1 0 0.0588811 0.234635 2.32815 204
0.552265 1 0 0.0589061 0.234493 2.32815 204
0.575853 0 0 0.0589199 0.234775 2.32815 204
0.599413 0 0 0.0589358 0.23471 2.32815 204
0.622399 0 0 0.0589449 0.234686 2.32815 204
0.647763 1 0 0.0589574 0.234894 2.32815 204
0.671 0 0 0.0589738 0.234994 2.32815 204
0.693612 0 0 0.0589916 0.234984 2.32815 204
0.718006 1 0 0.0589747 0.231918 2.32815 204
0.742588 1 0 0.058956 0.228328 2.32815 204
0.76718 1 0 0.058934 0.223401 2.32815 204
0.791794 1 0 0.0589183 0.218218 2.32815 204
0.816754 1 0 0.0589317 0.216882 2.32815 204
0.840187 0 0 0.058936 0.216522 2.32815 204
0.863131 0 0 0.0589366 0.217445 2.32815 204
0.886181 0 0 0.0589458 0.217711 2.32815 204
0.910401 0 0 0.058951 0.218015 2.32815 204
0.933248 0 0 0.058963 0.218471 2.32815 204
0.956796 0 0 0.0589722 0.218859 2.32815 204
0.980391 0 0 0.0589848 0.218968 2.32815 204
1.00368 0 0 0.0590055 0.218863 2.32815 204
1.02725 0 0 0.0590136 0.219223 2.32815 204
1.05001 0 0 0.0590272 0.219758 2.32815 204
1.07292 0 0 0.0590374 0.220107 2.32815 204
1.0961 0 0 0.0590458 0.221249 2.32815 204
1.11909 0 0 0.059061 0.223702 2.32815 204
1.14209 0 0 0.0590699 0.223805 2.32815 204
1.16535 0 0 0.0590835 0.223939 2.32815 204
1.18821 0 0 0.0591026 0.224027 2.32815 204
1.21147 0 0 0.059118 0.224116 2.32815 204
1.23513 0 0 0.0591244 0.224139 2.32815 204
1.25774 0 0 0.0591325 0.224124 2.32815 204
1.28083 0 0 0.0591376 0.224113 2.32815 204
1.30578 0 0 0.059142 0.224109 2.32815 204
1.32862 0 0 0.0591452 0.224014 2.32815 204
1.35135 0 0 0.0591465 0.223956 2.32815 204
1.37438 0 0 0.0591512 0.223929 2.32815 204
1.3975 0 0 0.0591571 0.22394 2.32815 204
1.42146 0 0 0.0591588 0.223916 2.32815 204
1.4453 0 0 0.0591604 0.223811 2.32815 204
1.46844 0 0 0.0591637 0.223713 2.32815 204
1.49372 1 0 0.0591793 0.224228 2.32815 204
1.52321 0 0 0.0591726 0.224165 2.32815 204
1.54693 0 0 0.0591763 0.224212 2.32815 204
1.57253 1 0 0.0591939 0.22539 2.32815 204
1.60219 0 0 0.0591948 0.224856 2.32815 204
1.62505 0 0 0.0591974 0.224552 2.32815 204
1.64781 0 0 0.0592092 0.224632 2.32815 204
1.67054 0 0 0.0592209 0.224669 2.32815 204
1.69318 0 0 0.0592247 0.224666 2.32815 204
1.71581 0 0 0.0592297 0.224679 2.32815 204
1.7384 0 0 0.0592397 0.224644 2.32815 204
1.76155 0 0 0.0592468 0.224676 2.32815 204
1.78377 0 0 0.0592503 0.224714 2.32815 204
1.80725 0 0 0.0592511 0.2247 2.32815 204
1.8299 0 0 0.0592521 0.224691 2.32815 204
1.85458 1 0 0.0592678 0.225243 2.32815 204
1.88391 1 0 0.0592663 0.225622 2.32815 204
1.90653 0 0 0.0592709 0.22582 2.32815 204
1.9294 0 0 0.0592712 0.225808 2.32815 204
1.95315 0 0 0.0592766 0.225755 2.32815 204
1.97684 0 0 0.0592835 0.225593 2.32815 204
1.99977 0 0 0.0592896 0.225461 2.32815 204
2.02263 0 0 0.0592956 0.225376 2.32815 204
2.04574 0 0 0.0592997 0.22533 2.32815 204
2.06847 0 0 0.0593007 0.225315 2.32815 204
2.09113 0 0 0.0592998 0.225305 2.32815 204
2.1139 0 0 0.059297 0.2253 2.32815 204
2.13757 0 0 0.0592935 0.225269 2.32815 204
2.16152 0 0 0.0592951 0.225242 2.32815 204
2.18426 0 0 0.0592957 0.225228 2.32815 204
2.20687 0 0 0.0592991 0.225219 2.32815 204
2.22996 0 0 0.0592992 0.225212 2.32815 204
2.25474 0 0 0.0593016 0.225204 2.32815 204
2.27827 0 0 0.0593027 0.225198 2.32815 204
2.30108 0 0 0.0593051 0.225197 2.32815 204
2.32396 0 0 0.0593072 0.225212 2.32815 204
2.34648 0 0 0.0593093 0.225222 2.32815 204
2.3693 0 0 0.0593142 0.225233 2.32815 204
2.39201 0 0 0.0593161 0.225232 2.32815 204
2.41559 0 0 0.0593159 0.225217 2.32815 204
2.43836 0 0 0.0593144 0.225208 2.32815 204
