0.392986 0 0 0.197251 0.465356 2.43551 202
0.0577788 11 0 0.00300753 0.0223345 2.43551 202
0.0841309 1 0 0.00278506 0.0188939 2.43551 202
0.107006 0 0 0.0027843 0.0176546 2.43551 202
0.130176 0 0 0.00280161 0.0168651 2.43551 202
0.152575 0 0 0.00287004 0.0163802 2.43551 202
0.175414 0 0 0.00291392 0.0163873 2.43551 202
0.200101 0 0 0.00294677 0.0163737 2.43551 202
0.227832 0 0 0.00296932 0.0163893 2.43551 202
0.250105 0 0 0.00298604 0.0165536 2.43551 202
0.272406 0 0 0.00302206 0.0165536 2.43551 202
0.295081 0 0 0.00304721 0.0165871 2.43551 202
0.317852 0 0 0.00309226 0.0165143 2.43551 202
0.340748 0 0 0.00311651 0.016562 2.43551 202
0.363149 0 0 0.00315644 0.0169043 2.43551 202
0.386148 0 0 0.00316958 0.0170987 2.43551 202
0.409965 1 0 0.00313724 0.0173981 2.43551 202
0.439283 1 0 0.00308139 0.0176135 2.43551 202
0.461376 0 0 0.00307084 0.01771 2.43551 202
0.482907 0 0 0.00306606 0.0178653 2.43551 202
0.506078 0 0 0.00305391 0.0178836 2.43551 202
0.530256 0 0 0.00299382 0.0177887 2.43551 202
0.559477 0 0 0.00292647 0.0175571 2.43551 202
0.582219 0 0 0.00287727 0.0173031 2.43551 202
0.606569 0 0 0.00284605 0.0171487 2.43551 202
0.629736 0 0 0.00280499 0.0169485 2.43551 202
0.653579 0 0 0.00276983 0.016732 2.43551 202
0.67667 0 0 0.00274294 0.0167342 2.43551 202
0.706932 0 0 0.00271421 0.0167736 2.43551 202
0.729549 0 0 0.00267735 0.0168056 2.43551 202
0.751737 0 0 0.00265131 0.0167498 2.43551 202
0.775039 0 0 0.0026209 0.0165326 2.43551 202
0.799036 0 0 0.00259755 0.0162969 2.43551 202
0.821104 0 0 0.00258253 0.0161388 2.43551 202
