0.409177 0 0 0.126743 0.298614 2.38389 209
0.0685652 11 0 0.00336525 0.01991 2.38389 209
0.0936261 1 0 0.00321452 0.016154 2.38389 209
0.117104 0 0 0.00319 0.0168293 2.38389 209
0.139874 0 0 0.00319666 0.0174144 2.38389 209
0.163435 0 0 0.00322834 0.0182144 2.38389 209
0.188952 0 0 0.00325434 0.0189231 2.38389 209
0.211325 0 0 0.00330268 0.0198398 2.38389 209
0.23326 0 0 0.00331324 0.0201765 2.38389 209
0.255821 0 0 0.00334807 0.0203258 2.38389 209
0.278167 0 0 0.00336573 0.0203158 2.38389 209
0.300622 0 0 0.00337411 0.0203708 2.38389 209
0.322466 0 0 0.00339252 0.0202386 2.38389 209
0.347674 1 0 0.00331124 0.020116 2.38389 209
0.371624 0 0 0.00329736 0.0199284 2.38389 209
0.395411 0 0 0.00323341 0.0198579 2.38389 209
0.419384 0 0 0.00320592 0.0197704 2.38389 209
0.443215 0 0 0.00315219 0.0197373 2.38389 209
0.473211 0 0 0.00311195 0.0194725 2.38389 209
0.496098 0 0 0.00308592 0.0193799 2.38389 209
0.519957 0 0 0.00305388 0.0196264 2.38389 209
0.549873 0 0 0.00303158 0.0196176 2.38389 209
0.579389 0 0 0.00300877 0.0195369 2.38389 209
0.610234 0 0 0.00298502 0.0192797 2.38389 209
0.633767 0 0 0.00295993 0.0191214 2.38389 209
0.656006 0 0 0.00294753 0.0192467 2.38389 209
0.678853 0 0 0.00293094 0.0192126 2.38389 209
0.701575 0 0 0.00291916 0.0191164 2.38389 209
0.725972 0 0 0.00290598 0.0189774 2.38389 209
