0.408675 0 0 0.0489266 0.144674 2.23372 210
0.0411896 3 0 0.001367 0.00837817 2.23372 210
0.0650526 0 0 0.00117723 0.0076234 2.23372 210
0.0966821 1 0 0.000910253 0.00668808 2.23372 210
0.118918 0 0 0.000815127 0.00615047 2.23372 210
0.141312 0 0 0.000775921 0.00607481 2.23372 210
0.164374 0 0 0.00074975 0.00587288 2.23372 210
0.187462 0 0 0.000726554 0.00581253 2.23372 210
0.210649 0 0 0.000670912 0.00583199 2.23372 210
0.236116 0 0 0.000617367 0.00585728 2.23372 210
0.259323 0 0 0.000562006 0.00558191 2.23372 210
0.282503 0 0 0.000525192 0.00447818 2.23372 210
0.310342 0 0 0.000514736 0.00409845 2.23372 210
0.33491 0 0 0.000510704 0.00410294 2.23372 210
0.357763 0 0 0.000501014 0.00409684 2.23372 210
0.380883 0 0 0.000494939 0.00409094 2.23372 210
