0.423962 0 0 0.179193 0.394248 2.39042 210
0.0494563 3 0 0.00731686 0.0702371 2.39042 210
0.0761555 2 0 0.00715326 0.0708861 2.39042 210
0.100531 1 0 0.0071408 0.0719941 2.39042 210
0.124819 1 0 0.00714032 0.0722939 2.39042 210
0.147923 0 0 0.00716342 0.0728002 2.39042 210
0.171971 0 0 0.00715868 0.0725512 2.39042 210
0.194631 0 0 0.00715286 0.0723432 2.39042 210
0.217555 0 0 0.00714979 0.0722473 2.39042 210
0.240748 0 0 0.00712071 0.0716783 2.39042 210
0.263039 0 0 0.00709373 0.0716136 2.39042 210
0.284737 0 0 0.00711199 0.0721363 2.39042 210
0.307504 0 0 0.00713413 0.0723759 2.39042 210
0.329821 0 0 0.00718722 0.073328 2.39042 210
0.351548 0 0 0.00718322 0.072956 2.39042 210
0.373287 0 0 0.00721659 0.0732933 2.39042 210
0.396131 0 0 0.00721076 0.0731307 2.39042 210
0.421739 1 0 0.00716013 0.0727832 2.39042 210
0.451982 0 0 0.0071546 0.0728196 2.39042 210
0.474354 0 0 0.00715218 0.0727955 2.39042 210
0.497173 0 0 0.00712629 0.0726517 2.39042 210
0.525037 0 0 0.00711499 0.0726585 2.39042 210
0.549681 0 0 0.00710714 0.07276 2.39042 210
0.572394 0 0 0.00710199 0.0727764 2.39042 210
0.595123 0 0 0.00708529 0.0724508 2.39042 210
0.624058 0 0 0.00707609 0.0722967 2.39042 210
0.653322 0 0 0.00706442 0.072037 2.39042 210
0.676287 0 0 0.00707106 0.072169 2.39042 210
0.699265 0 0 0.00708479 0.0724818 2.39042 210
0.721754 0 0 0.00708658 0.0724037 2.39042 210
0.744996 0 0 0.00709074 0.0723669 2.39042 210
0.767938 0 0 0.0070958 0.0722772 2.39042 210
0.790745 0 0 0.00710377 0.072295 2.39042 210
0.813747 0 0 0.00711497 0.0723349 2.39042 210
0.835987 0 0 0.00711836 0.0723192 2.39042 210
0.8585 0 0 0.00712562 0.0721454 2.39042 210
0.881817 0 0 0.00710883 0.0720262 2.39042 210
0.911393 0 0 0.00711006 0.0723076 2.39042 210
0.938309 0 0 0.00710557 0.0723846 2.39042 210
0.963838 0 0 0.00711399 0.0728061 2.39042 210
0.99393 0 0 0.00712583 0.0730527 2.39042 210
1.01637 0 0 0.00713672 0.0732136 2.39042 210
1.03959 0 0 0.00715178 0.0732434 2.39042 210
1.06834 0 0 0.00712886 0.0726239 2.39042 210
1.0923 0 0 0.0071222 0.0725228 2.39042 210
1.11595 0 0 0.00711361 0.0722205 2.39042 210
