0.429644 0 0 0.0575193 0.279053 2.2651 214
0.0598034 1 0 0.00172471 0.0312028 2.2651 214
0.087108 0 0 0.00125474 0.0194861 2.2651 214
0.113198 1 0 0.000960767 0.0193956 2.2651 214
0.138021 0 0 0.000921949 0.0193262 2.2651 214
0.161723 0 0 0.000891878 0.0193381 2.2651 214
0.185661 0 0 0.000878415 0.0193616 2.2651 214
0.209215 0 0 0.000873439 0.0193555 2.2651 214
0.232508 0 0 0.000881493 0.0192759 2.2651 214
0.255789 0 0 0.000873977 0.0193588 2.2651 214
0.27986 0 0 0.00087491 0.0193371 2.2651 214
0.304719 0 0 0.000859101 0.0204748 2.2651 214
0.335327 0 0 0.000853314 0.0208208 2.2651 214
0.360713 0 0 0.000842818 0.0218455 2.2651 214
0.38548 0 0 0.000837228 0.02196 2.2651 214
0.409804 0 0 0.000832096 0.0228049 2.2651 214
0.439052 0 0 0.000826019 0.0230532 2.2651 214
0.46936 0 0 0.000802463 0.0216707 2.2651 214
0.496512 0 0 0.000770372 0.0207463 2.2651 214
0.521643 0 0 0.000753671 0.0202152 2.2651 214
0.547174 0 0 0.000743142 0.019849 2.2651 214
