0.418958 0 0 0.0208276 0.0509559 2.22352 209
0.0357222 1 0 0.000774914 0.0059349 2.22352 209
0.0620916 0 0 0.000703352 0.00527654 2.22352 209
0.0861012 1 0 0.000488842 0.00315907 2.22352 209
0.108401 0 0 0.000466317 0.00328824 2.22352 209
0.136131 0 0 0.000429748 0.00330585 2.22352 209
0.158465 0 0 0.000417416 0.00354829 2.22352 209
0.180912 0 0 0.000414998 0.00342057 2.22352 209
0.219444 0 0 0.000399865 0.00338592 2.22352 209
0.254509 0 0 0.000388145 0.00335317 2.22352 209
0.289006 0 0 0.000381773 0.00330728 2.22352 209
0.322697 0 0 0.000384032 0.00329497 2.22352 209
0.347055 0 0 0.0003779 0.00321658 2.22352 209
