0.414571 0 0 0.19396 0.432002 2.45925 207
0.045201 4 0 0.00253062 0.0133862 2.45925 207
0.0704555 1 0 0.00193916 0.0127587 2.45925 207
0.0944656 1 0 0.00169869 0.0119038 2.45925 207
0.117035 0 0 0.00160753 0.0114293 2.45925 207
0.140041 0 0 0.00149462 0.0113805 2.45925 207
0.161868 0 0 0.00139612 0.0112298 2.45925 207
0.18431 0 0 0.00132661 0.0112338 2.45925 207
0.207069 0 0 0.00128144 0.0112478 2.45925 207
0.229342 0 0 0.00122302 0.0112623 2.45925 207
0.251049 0 0 0.00116997 0.0111952 2.45925 207
0.272743 0 0 0.00112306 0.0109407 2.45925 207
0.294231 0 0 0.00108746 0.0107055 2.45925 207
0.316087 0 0 0.00105326 0.010261 2.45925 207
0.337961 0 0 0.00104847 0.0104765 2.45925 207
0.360415 0 0 0.0010345 0.0103387 2.45925 207
0.381708 0 0 0.00102559 0.0103132 2.45925 207
0.412904 0 0 0.000984751 0.0102784 2.45925 207
0.435517 0 0 0.00094087 0.0103116 2.45925 207
0.457691 0 0 0.00089851 0.0104244 2.45925 207
0.482701 0 0 0.000871596 0.0105742 2.45925 207
0.50725 0 0 0.000859723 0.011134 2.45925 207
0.537463 0 0 0.000843941 0.0115552 2.45925 207
0.560061 0 0 0.000833527 0.0119763 2.45925 207
0.582355 0 0 0.000826234 0.0121818 2.45925 207
0.605023 0 0 0.00082642 0.0125781 2.45925 207
