0.426898 0 0 0.223726 0.5006 2.51667 214
0.0503697 3 0 0.15895 0.471791 2.51667 214
0.0912445 9 0 0.124793 0.40603 2.51667 214
0.118064 2 0 0.124712 0.40585 2.51667 214
0.14289 1 0 0.124655 0.4045 2.51667 214
0.168355 1 0 0.124599 0.403681 2.51667 214
0.193155 1 0 0.124535 0.402674 2.51667 214
0.217425 0 0 0.124505 0.402064 2.51667 214
0.241734 0 0 0.124457 0.40191 2.51667 214
0.265205 0 0 0.124424 0.40212 2.51667 214
0.297676 0 0 0.12438 0.402102 2.51667 214
0.321814 0 0 0.124363 0.402153 2.51667 214
0.346262 0 0 0.124367 0.4024 2.51667 214
0.3691 0 0 0.124371 0.402397 2.51667 214
0.391724 0 0 0.124372 0.402357 2.51667 214
0.415307 0 0 0.124374 0.40234 2.51667 214
0.438264 0 0 0.124372 0.402216 2.51667 214
0.460963 0 0 0.124374 0.402245 2.51667 214
0.485567 0 0 0.124373 0.402201 2.51667 214
0.508736 0 0 0.124374 0.402197 2.51667 214
0.532357 0 0 0.124373 0.402189 2.51667 214
0.556397 0 0 0.124376 0.402158 2.51667 214
0.58149 1 0 0.124373 0.401971 2.51667 214
0.604937 0 0 0.124395 0.40205 2.51667 214
0.628097 0 0 0.124389 0.402239 2.51667 214
0.651766 0 0 0.12439 0.402056 2.51667 214
0.675582 0 0 0.124385 0.402131 2.51667 214
0.698169 0 0 0.124388 0.402294 2.51667 214
0.723184 1 0 0.124393 0.402018 2.51667 214
0.747569 0 0 0.124403 0.401972 2.51667 214
0.770672 0 0 0.124406 0.401939 2.51667 214
0.794715 0 0 0.124402 0.401917 2.51667 214
0.822332 1 0 0.124401 0.401742 2.51667 214
0.846715 0 0 0.124412 0.40157 2.51667 214
0.870627 0 0 0.124419 0.401447 2.51667 214
0.894293 0 0 0.124422 0.401435 2.51667 214
0.91817 0 0 0.12442 0.401436 2.51667 214
0.94166 0 0 0.12442 0.401437 2.51667 214
0.964769 0 0 0.124423 0.401439 2.51667 214
0.987963 0 0 0.124425 0.40144 2.51667 214
1.01151 0 0 0.124426 0.401432 2.51667 214
1.03613 0 0 0.124429 0.401416 2.51667 214
1.05945 0 0 0.124433 0.401367 2.51667 214
1.08397 0 0 0.124438 0.401352 2.51667 214
1.10742 0 0 0.124444 0.401347 2.51667 214
1.14314 1 0 0.124452 0.401386 2.51667 214
1.16785 0 0 0.124451 0.401445 2.51667 214
1.19202 0 0 0.124457 0.401537 2.51667 214
1.21518 0 0 0.124471 0.401439 2.51667 214
1.2389 0 0 0.124475 0.401321 2.51667 214
1.26863 0 0 0.124483 0.401365 2.51667 214
1.29232 0 0 0.124484 0.401369 2.51667 214
1.31662 0 0 0.124483 0.400997 2.51667 214
1.34116 0 0 0.124479 0.400808 2.51667 214
1.36534 0 0 0.124476 0.400608 2.51667 214
1.39046 0 0 0.12448 0.400418 2.51667 214
1.41464 0 0 0.12449 0.400316 2.51667 214
1.43913 0 0 0.124502 0.400195 2.51667 214
1.46388 0 0 0.124503 0.400178 2.51667 214
1.48899 0 0 0.124504 0.400162 2.51667 214
1.51427 0 0 0.124503 0.400139 2.51667 214
1.53793 0 0 0.124504 0.400052 2.51667 214
1.56721 0 0 0.124505 0.400024 2.51667 214
1.59326 0 0 0.12451 0.399997 2.51667 214
1.61753 0 0 0.124517 0.399923 2.51667 214
1.64199 0 0 0.124516 0.399879 2.51667 214
1.66636 0 0 0.124515 0.399847 2.51667 214
1.69052 0 0 0.124516 0.399774 2.51667 214
1.71477 0 0 0.124517 0.399727 2.51667 214
1.73861 0 0 0.124516 0.399693 2.51667 214
1.76212 0 0 0.124513 0.399668 2.51667 214
