0.431751 0 0 0.205099 0.419409 2.42037 213
0.0552682 1 0 0.284836 0.401426 2.42037 213
0.105362 15 0 0.257049 0.447593 2.42037 213
0.142201 8 0 0.257779 0.466067 2.42037 213
0.176258 7 0 0.258155 0.466612 2.42037 213
0.204743 3 0 0.25825 0.465232 2.42037 213
0.229626 1 0 0.258171 0.462495 2.42037 213
0.255201 1 0 0.258 0.459276 2.42037 213
0.280688 1 0 0.257797 0.455411 2.42037 213
0.305652 1 0 0.25763 0.452247 2.42037 213
0.33114 1 0 0.257477 0.448524 2.42037 213
0.35599 1 0 0.257333 0.444236 2.42037 213
0.380422 1 0 0.25723 0.440745 2.42037 213
0.404932 1 0 0.257111 0.437484 2.42037 213
0.431976 1 0 0.25699 0.43474 2.42037 213
0.45721 1 0 0.25686 0.432163 2.42037 213
0.482058 1 0 0.256744 0.430314 2.42037 213
0.50716 1 0 0.25666 0.42863 2.42037 213
0.532117 1 0 0.256591 0.426831 2.42037 213
0.558039 1 0 0.25651 0.425579 2.42037 213
0.583006 1 0 0.256437 0.423854 2.42037 213
0.607907 1 0 0.256356 0.421292 2.42037 213
0.632393 1 0 0.256299 0.419134 2.42037 213
0.65729 1 0 0.256276 0.417557 2.42037 213
0.682716 1 0 0.256237 0.416326 2.42037 213
0.707469 1 0 0.256198 0.415231 2.42037 213
0.732242 1 0 0.256164 0.414032 2.42037 213
0.757633 1 0 0.256121 0.413046 2.42037 213
0.782724 1 0 0.256062 0.411931 2.42037 213
0.807922 1 0 0.256017 0.410748 2.42037 213
0.832501 1 0 0.25597 0.409825 2.42037 213
0.85783 1 0 0.25592 0.408939 2.42037 213
0.883055 1 0 0.255865 0.407607 2.42037 213
0.907575 1 0 0.255829 0.406656 2.42037 213
0.932113 1 0 0.25582 0.405602 2.42037 213
0.957552 1 0 0.255816 0.404754 2.42037 213
0.983198 1 0 0.255821 0.404257 2.42037 213
1.00846 1 0 0.255813 0.403242 2.42037 213
1.03594 1 0 0.255799 0.402252 2.42037 213
1.06189 1 0 0.255768 0.401296 2.42037 213
1.08713 1 0 0.255717 0.40119 2.42037 213
1.11215 1 0 0.255698 0.4012 2.42037 213
1.13704 1 0 0.255669 0.401176 2.42037 213
1.16181 1 0 0.255644 0.401173 2.42037 213
1.1862 1 0 0.255621 0.40123 2.42037 213
1.21071 1 0 0.2556 0.401232 2.42037 213
1.23533 1 0 0.255584 0.401243 2.42037 213
1.26106 1 0 0.255573 0.401235 2.42037 213
1.28623 1 0 0.255551 0.401223 2.42037 213
1.31095 1 0 0.255552 0.401218 2.42037 213
1.33657 1 0 0.255542 0.401208 2.42037 213
1.36267 1 0 0.255525 0.401218 2.42037 213
1.38799 1 0 0.255508 0.401222 2.42037 213
1.41328 1 0 0.255489 0.401288 2.42037 213
1.43891 1 0 0.255466 0.401286 2.42037 213
1.46338 1 0 0.255474 0.401285 2.42037 213
1.48776 1 0 0.255485 0.401283 2.42037 213
1.51088 0 0 0.255479 0.401283 2.42037 213
1.5356 1 0 0.255481 0.401282 2.42037 213
1.56109 0 0 0.255474 0.40128 2.42037 213
1.5856 0 0 0.255475 0.401281 2.42037 213
1.6099 0 0 0.255467 0.401286 2.42037 213
1.63591 0 0 0.255471 0.401287 2.42037 213
1.65999 0 0 0.255474 0.401288 2.42037 213
1.68342 0 0 0.255486 0.401288 2.42037 213
1.70733 0 0 0.255499 0.401288 2.42037 213
1.73031 0 0 0.255513 0.401288 2.42037 213
1.75362 0 0 0.255525 0.401275 2.42037 213
1.77681 0 0 0.255532 0.401274 2.42037 213
1.80105 0 0 0.255536 0.401274 2.42037 213
1.82414 0 0 0.255542 0.40128 2.42037 213
1.8472 0 0 0.255538 0.401295 2.42037 213
1.87038 0 0 0.255538 0.40129 2.42037 213
1.89541 1 0 0.255555 0.401525 2.42037 213
1.92454 1 0 0.255575 0.401523 2.42037 213
1.94925 0 0 0.255584 0.401446 2.42037 213
1.97363 0 0 0.255596 0.401445 2.42037 213
1.99732 0 0 0.255608 0.401432 2.42037 213
2.02044 0 0 0.255623 0.40144 2.42037 213
2.04385 0 0 0.255635 0.401379 2.42037 213
2.06695 0 0 0.255648 0.401379 2.42037 213
2.09011 0 0 0.255663 0.401435 2.42037 213
2.11446 0 0 0.255673 0.401402 2.42037 213
2.1382 0 0 0.25568 0.401396 2.42037 213
2.16122 0 0 0.255685 0.401395 2.42037 213
2.18454 0 0 0.255684 0.401376 2.42037 213
2.20943 1 0 0.255697 0.401622 2.42037 213
2.23472 1 0 0.255698 0.401539 2.42037 213
2.26229 0 0 0.255702 0.401534 2.42037 213
2.28935 0 0 0.255707 0.401565 2.42037 213
2.31293 0 0 0.25571 0.401537 2.42037 213
2.33636 0 0 0.255715 0.401532 2.42037 213
2.35982 0 0 0.255722 0.401533 2.42037 213
2.38289 0 0 0.255736 0.401534 2.42037 213
2.4069 0 0 0.255749 0.401549 2.42037 213
2.43097 0 0 0.255761 0.401552 2.42037 213
2.45405 0 0 0.255763 0.401564 2.42037 213
2.47728 0 0 0.255765 0.401559 2.42037 213
2.50152 0 0 0.255769 0.401553 2.42037 213
2.52561 0 0 0.255783 0.401544 2.42037 213
2.54924 0 0 0.255796 0.401542 2.42037 213
