0.431697 0 0 0.21087 0.461007 2.5136 214
0.0811403 14 0 0.00326314 0.0204404 2.5136 214
0.106975 1 0 0.00286984 0.0169054 2.5136 214
0.132315 1 0 0.00286396 0.0166915 2.5136 214
0.155738 0 0 0.00289272 0.0168317 2.5136 214
0.178945 0 0 0.00294708 0.0170944 2.5136 214
0.202917 0 0 0.00300649 0.0177874 2.5136 214
0.226083 0 0 0.00304365 0.01826 2.5136 214
0.249842 0 0 0.00307169 0.0184558 2.5136 214
0.2754 1 0 0.00300655 0.0182712 2.5136 214
0.305065 0 0 0.00300573 0.0186225 2.5136 214
0.328745 0 0 0.00298375 0.0184317 2.5136 214
0.352938 0 0 0.00299291 0.0186096 2.5136 214
0.376766 0 0 0.0029819 0.0185165 2.5136 214
0.409678 1 0 0.0029208 0.0187543 2.5136 214
0.433755 0 0 0.00291336 0.0187591 2.5136 214
0.457156 0 0 0.00287171 0.0190617 2.5136 214
0.486318 0 0 0.00283312 0.0194931 2.5136 214
0.509975 0 0 0.00280386 0.0194568 2.5136 214
0.533266 0 0 0.00278314 0.0196491 2.5136 214
0.557709 0 0 0.00275866 0.0201031 2.5136 214
0.587033 0 0 0.0027389 0.0202405 2.5136 214
0.610511 0 0 0.00271197 0.0204029 2.5136 214
0.637617 0 0 0.0026871 0.0202766 2.5136 214
0.661623 0 0 0.00267636 0.0205349 2.5136 214
0.692657 0 0 0.00265713 0.0205922 2.5136 214
0.717005 0 0 0.00264311 0.0207091 2.5136 214
0.740409 0 0 0.00263652 0.0208911 2.5136 214
0.763785 0 0 0.00262971 0.0209847 2.5136 214
