0.42617 0 0 0.13653 0.322233 2.07626 213
0.0525631 8 0 0.00476898 0.0250983 2.07626 213
0.078871 1 0 0.00417126 0.0247671 2.07626 213
0.10453 1 0 0.00394291 0.0246802 2.07626 213
0.129056 1 0 0.00381508 0.0244619 2.07626 213
0.151852 0 0 0.00377347 0.0246915 2.07626 213
0.174826 0 0 0.00374926 0.0251642 2.07626 213
0.1975 0 0 0.00372123 0.02549 2.07626 213
0.220647 0 0 0.00370234 0.0256758 2.07626 213
0.243337 0 0 0.00368571 0.0257155 2.07626 213
0.266952 0 0 0.0036581 0.0256827 2.07626 213
0.28882 0 0 0.00361074 0.0252264 2.07626 213
0.310945 0 0 0.00354732 0.0253983 2.07626 213
0.333011 0 0 0.0035097 0.0251733 2.07626 213
0.355088 0 0 0.00347827 0.0252477 2.07626 213
0.377567 0 0 0.00346232 0.0252688 2.07626 213
0.400489 0 0 0.00344357 0.0253941 2.07626 213
0.42307 0 0 0.00344284 0.0254817 2.07626 213
0.446281 0 0 0.00339945 0.0256567 2.07626 213
0.479257 1 0 0.00334223 0.0260357 2.07626 213
0.50482 0 0 0.00331589 0.0260816 2.07626 213
0.528366 0 0 0.00328644 0.0267891 2.07626 213
0.555436 0 0 0.00325731 0.0267579 2.07626 213
0.58126 0 0 0.00324028 0.0272009 2.07626 213
0.607431 0 0 0.00321693 0.0270393 2.07626 213
0.635192 0 0 0.00319866 0.0273067 2.07626 213
0.664641 0 0 0.00317875 0.0275232 2.07626 213
0.68918 0 0 0.00317085 0.0277642 2.07626 213
0.712817 0 0 0.00317358 0.0280576 2.07626 213
0.737655 0 0 0.00317623 0.0284213 2.07626 213
0.766339 0 0 0.00316562 0.0285365 2.07626 213
0.792035 0 0 0.00315353 0.0286163 2.07626 213
0.815608 0 0 0.00314936 0.0286892 2.07626 213
