0.43835 0 0 0.036441 0.114591 1.95507 216
0.0435564 2 0 0.00159048 0.0116406 1.95507 216
0.0701332 0 0 0.00123625 0.00663177 1.95507 216
0.0959947 1 0 0.000946795 0.00602556 1.95507 216
0.120088 0 0 0.000895688 0.00606279 1.95507 216
0.144452 0 0 0.000844349 0.00605539 1.95507 216
0.167981 0 0 0.000821323 0.00603891 1.95507 216
0.193089 0 0 0.000811328 0.00606991 1.95507 216
0.223906 0 0 0.000751082 0.00568796 1.95507 216
0.251421 0 0 0.000733849 0.0056309 1.95507 216
0.276708 0 0 0.000688829 0.00540534 1.95507 216
0.301803 0 0 0.000651906 0.00531039 1.95507 216
0.328113 0 0 0.000626284 0.00522245 1.95507 216
0.356218 0 0 0.000609343 0.00468518 1.95507 216
