0.423325 0 0 0.179938 0.419831 2.1088 213
0.0618865 8 0 0.00471717 0.0317152 2.1088 213
0.0893165 2 0 0.00416819 0.0304261 2.1088 213
0.11392 1 0 0.00401647 0.030278 2.1088 213
0.137856 0 0 0.00396399 0.0301486 2.1088 213
0.161608 0 0 0.00392704 0.0302748 2.1088 213
0.185687 0 0 0.00391659 0.0305474 2.1088 213
0.208338 0 0 0.00391642 0.0305165 2.1088 213
0.230868 0 0 0.00391513 0.0305435 2.1088 213
0.253703 0 0 0.0039245 0.0306418 2.1088 213
0.278267 1 0 0.00382321 0.0301842 2.1088 213
0.307076 0 0 0.00379008 0.03006 2.1088 213
0.329859 0 0 0.00377659 0.0297744 2.1088 213
0.352366 0 0 0.00378742 0.0297113 2.1088 213
0.375941 0 0 0.00379233 0.0299212 2.1088 213
0.401222 1 0 0.00374471 0.0303808 2.1088 213
0.4307 0 0 0.00372429 0.03039 2.1088 213
0.454459 0 0 0.00371223 0.0305316 2.1088 213
0.478258 0 0 0.00370204 0.0305526 2.1088 213
0.501399 0 0 0.00369554 0.0304855 2.1088 213
0.525595 0 0 0.00369605 0.0305291 2.1088 213
0.549132 0 0 0.00369586 0.0305538 2.1088 213
0.572875 0 0 0.00367565 0.0310057 2.1088 213
0.599637 0 0 0.0036624 0.0308775 2.1088 213
0.623864 0 0 0.00364852 0.030955 2.1088 213
0.647393 0 0 0.00364245 0.0310172 2.1088 213
0.671164 0 0 0.00363583 0.0309618 2.1088 213
0.694718 0 0 0.00362912 0.0308712 2.1088 213
0.718579 0 0 0.00362897 0.030995 2.1088 213
0.74755 0 0 0.00362213 0.0311537 2.1088 213
0.771809 0 0 0.0036172 0.0313855 2.1088 213
0.795808 0 0 0.00360227 0.0312464 2.1088 213
0.81929 0 0 0.00359071 0.0312787 2.1088 213
0.842323 0 0 0.00358199 0.0313223 2.1088 213
0.865989 0 0 0.00357455 0.0313795 2.1088 213
