0.413669 0 0 0.0755791 0.332937 1.99111 210
0.055163 2 0 0.00179932 0.017928 1.99111 210
0.0810797 1 0 0.00157582 0.017926 1.99111 210
0.10684 1 0 0.001386 0.0171487 1.99111 210
0.130204 0 0 0.00134926 0.0171334 1.99111 210
0.153577 0 0 0.00131642 0.0170727 1.99111 210
0.176254 0 0 0.00129005 0.0174216 1.99111 210
0.198696 0 0 0.0012582 0.0165324 1.99111 210
0.221071 0 0 0.00124488 0.0166885 1.99111 210
0.244231 0 0 0.00122513 0.0160102 1.99111 210
0.267542 0 0 0.00116805 0.0160929 1.99111 210
0.291626 0 0 0.00114021 0.0151607 1.99111 210
0.3147 0 0 0.00109835 0.0136561 1.99111 210
0.338154 0 0 0.00108004 0.0130589 1.99111 210
0.362315 0 0 0.00106038 0.0120962 1.99111 210
0.385838 0 0 0.00104498 0.0114737 1.99111 210
0.408986 0 0 0.00103631 0.0114794 1.99111 210
0.432253 0 0 0.000993679 0.0119771 1.99111 210
0.456105 0 0 0.000982807 0.0120326 1.99111 210
0.480251 0 0 0.000943515 0.0124275 1.99111 210
0.504719 0 0 0.000934609 0.012488 1.99111 210
0.528452 0 0 0.000919714 0.0128599 1.99111 210
0.554903 0 0 0.000889987 0.0131443 1.99111 210
0.579018 0 0 0.000843993 0.0133377 1.99111 210
0.602343 0 0 0.000812477 0.0136929 1.99111 210
0.626052 0 0 0.000787956 0.0142621 1.99111 210
0.649133 0 0 0.000766168 0.014456 1.99111 210
0.672184 0 0 0.000755716 0.0145389 1.99111 210
