0.426413 0 0 0.210448 0.473137 2.18557 213
0.0431098 5 0 0.00303785 0.0202702 2.18557 213
0.0693474 1 0 0.00240913 0.0181652 2.18557 213
0.0950757 1 0 0.00230169 0.0183351 2.18557 213
0.118559 0 0 0.00227315 0.0182394 2.18557 213
0.141926 0 0 0.00226272 0.0182222 2.18557 213
0.165104 0 0 0.00226012 0.0180407 2.18557 213
0.189897 0 0 0.00226484 0.017737 2.18557 213
0.217037 0 0 0.0022766 0.0175593 2.18557 213
0.239309 0 0 0.00231079 0.0176036 2.18557 213
0.262441 0 0 0.0022808 0.0173981 2.18557 213
0.286195 0 0 0.00225841 0.0171727 2.18557 213
0.313483 0 0 0.00223677 0.0171113 2.18557 213
0.339752 0 0 0.00223041 0.0171745 2.18557 213
0.362754 0 0 0.0022274 0.017164 2.18557 213
0.386142 0 0 0.00219888 0.0172332 2.18557 213
0.411784 0 0 0.00217251 0.0175139 2.18557 213
0.435228 0 0 0.00215081 0.0174962 2.18557 213
0.458556 0 0 0.00214521 0.0175016 2.18557 213
0.482279 0 0 0.00214453 0.0175161 2.18557 213
0.506826 0 0 0.00213867 0.0176013 2.18557 213
0.533291 0 0 0.0021296 0.01775 2.18557 213
0.557445 0 0 0.00211743 0.0178572 2.18557 213
0.58179 0 0 0.00210178 0.017886 2.18557 213
0.605456 0 0 0.00208855 0.0179044 2.18557 213
0.629191 0 0 0.00207176 0.0178254 2.18557 213
0.653272 0 0 0.00205564 0.0178144 2.18557 213
0.678945 0 0 0.00204782 0.017892 2.18557 213
0.702457 0 0 0.00204465 0.0179488 2.18557 213
