0.463184 0 0 0.201065 0.407083 2.20463 222
0.0710198 5 0 0.00891725 0.0692852 2.20463 222
0.103415 3 0 0.0082696 0.0698128 2.20463 222
0.132187 1 0 0.00814495 0.0686633 2.20463 222
0.159948 1 0 0.00810522 0.0670281 2.20463 222
0.188671 1 0 0.00809607 0.0677401 2.20463 222
0.216824 1 0 0.00812446 0.0684002 2.20463 222
0.242873 0 0 0.00813521 0.0682871 2.20463 222
0.269081 0 0 0.0081411 0.0681611 2.20463 222
0.294752 0 0 0.0081337 0.0678476 2.20463 222
0.319784 0 0 0.00814046 0.067937 2.20463 222
0.345319 0 0 0.00815693 0.0678666 2.20463 222
0.370097 0 0 0.00818846 0.0677698 2.20463 222
0.395768 0 0 0.00820821 0.0678161 2.20463 222
0.421558 0 0 0.00825189 0.0678973 2.20463 222
0.447613 0 0 0.00826682 0.0677796 2.20463 222
0.472454 0 0 0.00829019 0.0679294 2.20463 222
0.497277 0 0 0.00829391 0.0677945 2.20463 222
0.522795 0 0 0.00830372 0.0678578 2.20463 222
0.5478 0 0 0.00832496 0.0679165 2.20463 222
0.573459 0 0 0.00832142 0.0678465 2.20463 222
0.598441 0 0 0.00833154 0.0678687 2.20463 222
0.623165 0 0 0.00833001 0.067713 2.20463 222
0.654492 1 0 0.00827829 0.0683436 2.20463 222
0.692402 1 0 0.00820965 0.0687012 2.20463 222
0.719595 0 0 0.00819808 0.0686337 2.20463 222
0.745212 0 0 0.00818767 0.0686575 2.20463 222
0.771097 0 0 0.00818397 0.06862 2.20463 222
0.796083 0 0 0.00817937 0.0686127 2.20463 222
0.821931 0 0 0.00816697 0.0686104 2.20463 222
0.847593 0 0 0.00816781 0.0686103 2.20463 222
0.883822 1 0 0.00814258 0.0688564 2.20463 222
0.910064 0 0 0.00812023 0.0688149 2.20463 222
0.936495 0 0 0.00811558 0.068787 2.20463 222
0.96405 0 0 0.00810269 0.0689696 2.20463 222
0.990912 0 0 0.00809152 0.068588 2.20463 222
1.02048 0 0 0.00808494 0.0686936 2.20463 222
1.04609 0 0 0.00807838 0.06868 2.20463 222
1.07296 0 0 0.00806819 0.0686799 2.20463 222
1.09913 0 0 0.00806381 0.0686739 2.20463 222
1.12503 0 0 0.00805786 0.0686662 2.20463 222
1.15112 0 0 0.00805738 0.0685507 2.20463 222
1.18064 0 0 0.00805078 0.068267 2.20463 222
1.21278 0 0 0.0080326 0.0682667 2.20463 222
1.23985 0 0 0.00802417 0.0681897 2.20463 222
1.2658 0 0 0.00801183 0.0679981 2.20463 222
1.29251 0 0 0.00800513 0.0677435 2.20463 222
1.31825 0 0 0.00800828 0.0675257 2.20463 222
1.34521 0 0 0.0080061 0.0674647 2.20463 222
1.37176 0 0 0.00800363 0.0673965 2.20463 222
1.39867 0 0 0.00800068 0.0674728 2.20463 222
1.42543 0 0 0.0079999 0.0675223 2.20463 222
1.45254 0 0 0.00799832 0.0675332 2.20463 222
1.4791 0 0 0.00799628 0.0675179 2.20463 222
1.50464 0 0 0.00799849 0.0675202 2.20463 222
1.53023 0 0 0.00799858 0.0675224 2.20463 222
1.55628 0 0 0.00800736 0.0675463 2.20463 222
1.58855 0 0 0.00798945 0.0680826 2.20463 222
1.61435 0 0 0.00798726 0.0681185 2.20463 222
1.64103 0 0 0.007989 0.0682255 2.20463 222
1.6666 0 0 0.00798095 0.067993 2.20463 222
1.69277 0 0 0.00797609 0.067763 2.20463 222
1.71972 0 0 0.00797268 0.0674664 2.20463 222
1.74648 0 0 0.00797135 0.0672764 2.20463 222
1.77252 0 0 0.00797066 0.0671422 2.20463 222
