0.427935 0 0 0.411526 0.911168 2.0865 214
0.0487853 3 0 0.264565 0.904127 2.0865 214
0.0921463 11 0 0.246908 0.776204 2.0865 214
0.125919 6 0 0.246625 0.77584 2.0865 214
0.154031 3 0 0.246524 0.775757 2.0865 214
0.180358 1 0 0.246472 0.775653 2.0865 214
0.209445 3 0 0.246429 0.775638 2.0865 214
0.235014 1 0 0.246359 0.775615 2.0865 214
0.260206 1 0 0.246329 0.775613 2.0865 214
0.285748 1 0 0.246316 0.775613 2.0865 214
0.311153 1 0 0.246285 0.775622 2.0865 214
0.337389 1 0 0.246268 0.775618 2.0865 214
0.364951 1 0 0.24625 0.775623 2.0865 214
0.390304 1 0 0.246241 0.775621 2.0865 214
0.415459 1 0 0.246226 0.77562 2.0865 214
0.441068 1 0 0.246212 0.775621 2.0865 214
0.466563 1 0 0.246213 0.775622 2.0865 214
0.492203 1 0 0.246205 0.775621 2.0865 214
0.517904 1 0 0.246207 0.775621 2.0865 214
0.544515 1 0 0.2462 0.775617 2.0865 214
0.570297 1 0 0.246199 0.775614 2.0865 214
0.596508 1 0 0.246203 0.775611 2.0865 214
0.620282 0 0 0.246207 0.77561 2.0865 214
0.64408 0 0 0.246208 0.775609 2.0865 214
0.670095 0 0 0.246203 0.775608 2.0865 214
0.699457 0 0 0.246202 0.775608 2.0865 214
0.724029 0 0 0.246203 0.775607 2.0865 214
0.748267 0 0 0.246204 0.775606 2.0865 214
0.773132 0 0 0.246205 0.775605 2.0865 214
0.796994 0 0 0.246203 0.775604 2.0865 214
0.821896 0 0 0.246204 0.775604 2.0865 214
0.845615 0 0 0.246202 0.775601 2.0865 214
0.869814 0 0 0.246195 0.775604 2.0865 214
0.892778 0 0 0.246187 0.775603 2.0865 214
0.916514 0 0 0.246192 0.775603 2.0865 214
0.940339 0 0 0.246197 0.775603 2.0865 214
0.963479 0 0 0.246203 0.775601 2.0865 214
0.987392 0 0 0.246211 0.775601 2.0865 214
1.01132 0 0 0.246217 0.7756 2.0865 214
1.03534 0 0 0.246216 0.7756 2.0865 214
1.06043 0 0 0.246221 0.775599 2.0865 214
1.0845 0 0 0.24623 0.775599 2.0865 214
1.10746 0 0 0.246238 0.775598 2.0865 214
1.13137 0 0 0.246237 0.775597 2.0865 214
1.1562 0 0 0.246237 0.775597 2.0865 214
1.18148 0 0 0.246237 0.775598 2.0865 214
1.20514 0 0 0.246243 0.775599 2.0865 214
1.23014 0 0 0.246244 0.7756 2.0865 214
1.25387 0 0 0.246248 0.775601 2.0865 214
1.27892 0 0 0.246246 0.775601 2.0865 214
1.30299 0 0 0.246246 0.775602 2.0865 214
1.33049 1 0 0.246244 0.775542 2.0865 214
1.35936 0 0 0.246239 0.775536 2.0865 214
1.38244 0 0 0.246237 0.775532 2.0865 214
1.40642 0 0 0.246238 0.775532 2.0865 214
1.43146 0 0 0.246237 0.775533 2.0865 214
1.45489 0 0 0.246239 0.775533 2.0865 214
1.47895 0 0 0.246236 0.775533 2.0865 214
1.51198 1 0 0.246237 0.775354 2.0865 214
1.54315 0 0 0.246236 0.775389 2.0865 214
1.56799 0 0 0.246239 0.775393 2.0865 214
1.59167 0 0 0.24624 0.775395 2.0865 214
1.61603 0 0 0.246241 0.775397 2.0865 214
1.64096 0 0 0.246238 0.775398 2.0865 214
1.66425 0 0 0.246231 0.775401 2.0865 214
1.68827 0 0 0.246223 0.775402 2.0865 214
1.71255 0 0 0.246221 0.775403 2.0865 214
1.73631 0 0 0.246219 0.775404 2.0865 214
1.7601 0 0 0.246219 0.775404 2.0865 214
1.78501 0 0 0.246217 0.775405 2.0865 214
1.8099 0 0 0.246215 0.775406 2.0865 214
1.83472 0 0 0.246217 0.775407 2.0865 214
1.85863 0 0 0.246218 0.775407 2.0865 214
1.88226 0 0 0.246217 0.775408 2.0865 214
1.90749 0 0 0.246219 0.775423 2.0865 214
1.93222 0 0 0.24622 0.775424 2.0865 214
1.96497 1 0 0.24622 0.775156 2.0865 214
1.98923 0 0 0.246219 0.775171 2.0865 214
2.01345 0 0 0.24622 0.77518 2.0865 214
2.03784 0 0 0.246219 0.775184 2.0865 214
2.06233 0 0 0.246217 0.775188 2.0865 214
2.08709 0 0 0.246216 0.77519 2.0865 214
2.11129 0 0 0.246213 0.775191 2.0865 214
2.14732 1 0 0.246214 0.775072 2.0865 214
2.17751 1 0 0.246215 0.775018 2.0865 214
2.20165 0 0 0.246214 0.775009 2.0865 214
2.22538 0 0 0.246218 0.775004 2.0865 214
2.24923 0 0 0.246218 0.775 2.0865 214
2.27445 0 0 0.246215 0.774998 2.0865 214
2.29895 0 0 0.246213 0.774995 2.0865 214
2.32326 0 0 0.246215 0.774994 2.0865 214
2.34778 0 0 0.246217 0.774994 2.0865 214
2.37186 0 0 0.246217 0.774996 2.0865 214
2.39565 0 0 0.246217 0.774998 2.0865 214
2.42012 0 0 0.246214 0.775 2.0865 214
2.44378 0 0 0.246214 0.775001 2.0865 214
2.47068 0 0 0.24621 0.775003 2.0865 214
2.49989 0 0 0.246212 0.775004 2.0865 214
2.52761 0 0 0.246211 0.775006 2.0865 214
2.55191 0 0 0.246208 0.775007 2.0865 214
2.57634 0 0 0.246208 0.775008 2.0865 214
