0.423573 0 0 0.21486 0.496233 2.20644 214
0.0644078 9 0 0.00362443 0.0276448 2.20644 214
0.0911149 1 0 0.00338474 0.0267638 2.20644 214
0.116767 1 0 0.0032856 0.0260352 2.20644 214
0.141053 0 0 0.00324018 0.0252365 2.20644 214
0.164068 0 0 0.00320482 0.0245034 2.20644 214
0.18727 0 0 0.00320471 0.0248457 2.20644 214
0.210232 0 0 0.00319118 0.0247707 2.20644 214
0.233332 0 0 0.00318488 0.0247326 2.20644 214
0.256881 0 0 0.0031967 0.0250277 2.20644 214
0.279981 0 0 0.0031914 0.0249431 2.20644 214
0.303073 0 0 0.00319219 0.0250911 2.20644 214
0.326234 0 0 0.00317866 0.024988 2.20644 214
0.349769 0 0 0.0031849 0.0251908 2.20644 214
0.374812 0 0 0.00317573 0.0251237 2.20644 214
0.400503 1 0 0.00310343 0.0250354 2.20644 214
0.429563 0 0 0.00306238 0.0250752 2.20644 214
0.459062 0 0 0.00304309 0.0251967 2.20644 214
0.482392 0 0 0.00302267 0.0251551 2.20644 214
0.511508 0 0 0.0030134 0.0252793 2.20644 214
0.535356 0 0 0.00298814 0.0252127 2.20644 214
0.56006 0 0 0.00295336 0.0247746 2.20644 214
0.583941 0 0 0.00293694 0.0246879 2.20644 214
0.608273 0 0 0.00293435 0.024718 2.20644 214
0.632714 0 0 0.0028878 0.0244122 2.20644 214
0.662586 0 0 0.00284579 0.024097 2.20644 214
0.686502 0 0 0.00281826 0.0238032 2.20644 214
0.710397 0 0 0.00280141 0.0236525 2.20644 214
0.734586 0 0 0.00278797 0.0236481 2.20644 214
0.759547 0 0 0.00277265 0.0234619 2.20644 214
0.793926 0 0 0.00277009 0.0235636 2.20644 214
0.818237 0 0 0.00276442 0.0236176 2.20644 214
0.843597 0 0 0.00275998 0.0235685 2.20644 214
0.873528 0 0 0.00276277 0.0237219 2.20644 214
0.89743 0 0 0.00276636 0.0238326 2.20644 214
0.921157 0 0 0.00277032 0.0236904 2.20644 214
0.944971 0 0 0.00276445 0.0235895 2.20644 214
0.968752 0 0 0.00276022 0.0235995 2.20644 214
0.993591 0 0 0.00275667 0.0235953 2.20644 214
1.0221 0 0 0.00274388 0.0234883 2.20644 214
