0.410197 0 0 0.118031 0.275968 2.11295 210
0.0580626 8 0 0.00173381 0.0134781 2.11295 210
0.0826056 1 0 0.00153239 0.0105371 2.11295 210
0.105773 0 0 0.00146761 0.00957618 2.11295 210
0.127986 0 0 0.00141983 0.00812084 2.11295 210
0.151221 0 0 0.00138177 0.00812138 2.11295 210
0.174606 0 0 0.001305 0.00768388 2.11295 210
0.196791 0 0 0.00123619 0.00804831 2.11295 210
0.219717 0 0 0.00119653 0.00816095 2.11295 210
0.241301 0 0 0.00116491 0.00817538 2.11295 210
0.263126 0 0 0.00113398 0.00816392 2.11295 210
0.285748 0 0 0.00107792 0.00775777 2.11295 210
0.311881 0 0 0.00104913 0.00778957 2.11295 210
0.334719 0 0 0.000992879 0.00778675 2.11295 210
0.357991 0 0 0.000943428 0.00773931 2.11295 210
0.379831 0 0 0.000913008 0.00769776 2.11295 210
0.402423 0 0 0.000878702 0.00770824 2.11295 210
0.431028 0 0 0.000844492 0.00772171 2.11295 210
0.453217 0 0 0.000823935 0.00774266 2.11295 210
0.48441 0 0 0.000800698 0.00758064 2.11295 210
