0.416226 0 0 0.0465963 0.13055 1.98598 209
0.0339983 3 0 0.00137097 0.00924415 1.98598 209
0.0621183 0 0 0.00129627 0.00847389 1.98598 209
0.0860049 1 0 0.00104505 0.00784783 1.98598 209
0.108119 0 0 0.00099312 0.00773167 1.98598 209
0.13004 0 0 0.000962895 0.00778766 1.98598 209
0.152591 0 0 0.000950511 0.0078166 1.98598 209
0.174441 0 0 0.000939041 0.00788602 1.98598 209
0.212873 0 0 0.000894177 0.00794089 1.98598 209
0.238502 0 0 0.000855291 0.00797034 1.98598 209
0.263866 0 0 0.000844817 0.00790318 1.98598 209
0.286453 0 0 0.000831863 0.00807029 1.98598 209
0.309757 0 0 0.000823844 0.00823644 1.98598 209
0.336889 0 0 0.000811901 0.00791259 1.98598 209
