0.428705 0 0 0.187323 0.419455 2.15756 212
0.0504853 9 0 0.00247653 0.0130126 2.15756 212
0.0810143 1 0 0.0021158 0.0119576 2.15756 212
0.104991 0 0 0.00202945 0.0108433 2.15756 212
0.127489 0 0 0.00193353 0.00972333 2.15756 212
0.150411 0 0 0.00190429 0.00968259 2.15756 212
0.174358 0 0 0.00189449 0.00981714 2.15756 212
0.196242 0 0 0.00189112 0.0100896 2.15756 212
0.218036 0 0 0.00186583 0.0100413 2.15756 212
0.243287 1 0 0.00175968 0.0101264 2.15756 212
0.275043 0 0 0.00173557 0.0103282 2.15756 212
0.299215 0 0 0.00167024 0.0104708 2.15756 212
0.325645 0 0 0.00165209 0.0107192 2.15756 212
0.348371 0 0 0.00163913 0.0109398 2.15756 212
0.373152 0 0 0.00159882 0.0109567 2.15756 212
0.402915 0 0 0.00156711 0.010886 2.15756 212
0.427634 0 0 0.00154836 0.0110031 2.15756 212
0.450744 0 0 0.00152844 0.0110555 2.15756 212
0.474359 0 0 0.00150587 0.0111475 2.15756 212
0.502089 0 0 0.00148674 0.0111228 2.15756 212
