0.420087 0 0 0.0789205 0.343712 2.00478 209
0.0406358 2 0 0.00126093 0.00935226 2.00478 209
0.0644144 0 0 0.00114961 0.00939761 2.00478 209
0.0884561 1 0 0.000955765 0.00713142 2.00478 209
0.110978 0 0 0.000927514 0.00699132 2.00478 209
0.132909 0 0 0.000897913 0.00658714 2.00478 209
0.155424 0 0 0.000876809 0.0061143 2.00478 209
0.176742 0 0 0.000853566 0.00622301 2.00478 209
0.199682 0 0 0.000835777 0.00571827 2.00478 209
0.225069 0 0 0.0008252 0.00589655 2.00478 209
0.247709 0 0 0.000817758 0.0056667 2.00478 209
0.270858 0 0 0.000764451 0.00506801 2.00478 209
0.301836 0 0 0.000736822 0.00439805 2.00478 209
0.323868 0 0 0.000724471 0.00444351 2.00478 209
0.346212 0 0 0.000715098 0.00436807 2.00478 209
0.369089 0 0 0.000679126 0.00430427 2.00478 209
0.396004 0 0 0.000636406 0.0040567 2.00478 209
0.42076 0 0 0.000588598 0.00379832 2.00478 209
0.443544 0 0 0.000557272 0.00372346 2.00478 209
0.465907 0 0 0.000548985 0.00364923 2.00478 209
0.487988 0 0 0.000537848 0.00349402 2.00478 209
