0.43226 0 0 0.0307946 0.0588999 1.97161 210
0.0588676 1 0 0.000829431 0.00564987 1.97161 210
0.0835531 0 0 0.000815047 0.00556167 1.97161 210
0.111218 0 0 0.000732953 0.00495816 1.97161 210
0.131533 0 0 0.000678671 0.00483917 1.97161 210
0.161915 0 0 0.00063062 0.00460449 1.97161 210
0.185992 0 0 0.00059776 0.00457438 1.97161 210
0.214921 0 0 0.000567779 0.00442588 1.97161 210
0.242873 0 0 0.000557547 0.00401781 1.97161 210
0.267861 0 0 0.000535207 0.00389532 1.97161 210
0.290394 0 0 0.000517308 0.00383859 1.97161 210
0.318275 0 0 0.000503007 0.00382288 1.97161 210
0.343711 0 0 0.000499362 0.00382227 1.97161 210
