0.45166 0 0 0.205428 0.531644 2.22736 212
0.0723151 14 0 0.00323103 0.0169647 2.22736 212
0.101458 3 0 0.00280544 0.016729 2.22736 212
0.12612 1 0 0.00276913 0.0164382 2.22736 212
0.149219 0 0 0.00277367 0.0162845 2.22736 212
0.171618 0 0 0.00280547 0.016034 2.22736 212
0.194034 0 0 0.0028224 0.0171946 2.22736 212
0.216866 0 0 0.0028147 0.0164 2.22736 212
0.240636 0 0 0.00282308 0.0173009 2.22736 212
0.263765 0 0 0.00281006 0.0164419 2.22736 212
0.287148 0 0 0.00281672 0.0171432 2.22736 212
0.310168 0 0 0.00280992 0.0164701 2.22736 212
0.332435 0 0 0.00280517 0.0170411 2.22736 212
0.354676 0 0 0.0027975 0.0166002 2.22736 212
0.376689 0 0 0.00279509 0.0171055 2.22736 212
0.398726 0 0 0.00279065 0.0169461 2.22736 212
0.421578 0 0 0.00279238 0.0178339 2.22736 212
0.444595 0 0 0.00278026 0.0174854 2.22736 212
0.466784 0 0 0.00278594 0.0185074 2.22736 212
0.489847 0 0 0.00277216 0.0176253 2.22736 212
0.512394 0 0 0.00277244 0.0183071 2.22736 212
0.535643 0 0 0.00276861 0.0179933 2.22736 212
0.559266 0 0 0.00276936 0.0185751 2.22736 212
0.583011 0 0 0.00276797 0.0182784 2.22736 212
0.608645 1 0 0.00267409 0.0177326 2.22736 212
0.637111 0 0 0.0026474 0.0176385 2.22736 212
0.659874 0 0 0.00262281 0.0179988 2.22736 212
0.681907 0 0 0.00261601 0.018144 2.22736 212
0.704448 0 0 0.00260015 0.0181403 2.22736 212
0.727829 0 0 0.00260273 0.0185864 2.22736 212
0.751359 0 0 0.00257952 0.0182668 2.22736 212
0.773791 0 0 0.0025705 0.0186714 2.22736 212
0.796172 0 0 0.00255206 0.0182703 2.22736 212
0.818958 0 0 0.00254417 0.0185976 2.22736 212
0.842308 0 0 0.00253173 0.0186801 2.22736 212
0.865544 0 0 0.00251711 0.0186042 2.22736 212
0.8879 0 0 0.00250138 0.0186215 2.22736 212
0.910079 0 0 0.0024839 0.0185786 2.22736 212
0.932244 0 0 0.00246799 0.0184244 2.22736 212
0.955412 0 0 0.00245207 0.0184082 2.22736 212
0.979665 0 0 0.00243452 0.0186892 2.22736 212
1.00269 0 0 0.00242915 0.0188451 2.22736 212
1.02618 0 0 0.00240025 0.0188253 2.22736 212
1.04959 0 0 0.00240623 0.0185512 2.22736 212
1.07256 0 0 0.00239049 0.0188294 2.22736 212
1.09498 0 0 0.00237818 0.0180492 2.22736 212
1.11703 0 0 0.00236609 0.0186943 2.22736 212
1.13931 0 0 0.00235686 0.0179401 2.22736 212
1.16222 0 0 0.00234653 0.018607 2.22736 212
1.1857 0 0 0.00233054 0.0182173 2.22736 212
1.21817 1 0 0.00226123 0.0178739 2.22736 212
1.2485 0 0 0.00223101 0.0176678 2.22736 212
1.27229 0 0 0.00220204 0.0177635 2.22736 212
1.2953 0 0 0.00218636 0.0176124 2.22736 212
1.3183 0 0 0.00215811 0.017685 2.22736 212
1.34155 0 0 0.00214998 0.0176374 2.22736 212
1.36452 0 0 0.00213908 0.0176368 2.22736 212
1.38792 0 0 0.00210277 0.0174176 2.22736 212
1.41843 0 0 0.00206668 0.0174331 2.22736 212
1.44232 0 0 0.00203227 0.0174784 2.22736 212
1.4663 0 0 0.00200694 0.0174833 2.22736 212
1.49616 0 0 0.00197676 0.017123 2.22736 212
1.52538 0 0 0.00195496 0.0167179 2.22736 212
