0.42926 0 0 0.222961 0.445566 2.27142 213
0.0612088 11 0 0.00516622 0.0336999 2.27142 213
0.0864047 1 0 0.00490094 0.0309584 2.27142 213
0.114344 1 0 0.00484222 0.0297236 2.27142 213
0.138524 1 0 0.00484085 0.0299454 2.27142 213
0.16124 0 0 0.00486052 0.0301495 2.27142 213
0.18319 0 0 0.00490389 0.0302751 2.27142 213
0.205196 0 0 0.00491581 0.0301775 2.27142 213
0.227119 0 0 0.00493322 0.0300813 2.27142 213
0.249382 0 0 0.00493852 0.0297264 2.27142 213
0.272377 0 0 0.0049691 0.030247 2.27142 213
0.296192 0 0 0.00497612 0.0303307 2.27142 213
0.31903 0 0 0.00498045 0.0306462 2.27142 213
0.341011 0 0 0.00498777 0.0305202 2.27142 213
0.362994 0 0 0.00498838 0.0306044 2.27142 213
0.385057 0 0 0.00497925 0.0304194 2.27142 213
0.409703 1 0 0.00489312 0.030094 2.27142 213
0.438511 0 0 0.00486591 0.0300523 2.27142 213
0.461686 0 0 0.00483157 0.0299855 2.27142 213
0.483613 0 0 0.00480308 0.0300452 2.27142 213
0.505629 0 0 0.00479765 0.0300635 2.27142 213
0.528622 0 0 0.00478336 0.0299955 2.27142 213
0.551579 0 0 0.00479232 0.0299044 2.27142 213
0.574606 0 0 0.00478223 0.0298775 2.27142 213
0.597254 0 0 0.00478333 0.0297719 2.27142 213
0.620104 0 0 0.00477546 0.0297377 2.27142 213
0.652485 1 0 0.00473061 0.0296167 2.27142 213
0.676124 0 0 0.00473995 0.0296179 2.27142 213
0.700558 1 0 0.00472816 0.0298003 2.27142 213
0.723643 0 0 0.00472292 0.0297612 2.27142 213
0.746443 0 0 0.00472663 0.0299136 2.27142 213
0.769221 0 0 0.00473123 0.0301219 2.27142 213
0.791953 0 0 0.0047273 0.0302412 2.27142 213
0.814922 0 0 0.00472667 0.0302579 2.27142 213
0.837541 0 0 0.00472485 0.0302589 2.27142 213
0.860645 0 0 0.00472528 0.0305489 2.27142 213
0.886672 0 0 0.00471372 0.0307222 2.27142 213
0.912702 0 0 0.00470745 0.0306401 2.27142 213
0.935355 0 0 0.00470949 0.0307419 2.27142 213
0.95902 0 0 0.00469962 0.0310579 2.27142 213
0.9833 0 0 0.00469636 0.0310739 2.27142 213
1.0071 0 0 0.00468704 0.0310321 2.27142 213
1.03144 0 0 0.00468506 0.0310339 2.27142 213
1.05446 0 0 0.00468881 0.0310317 2.27142 213
1.07841 0 0 0.00469635 0.0311336 2.27142 213
1.1022 0 0 0.00468488 0.0311096 2.27142 213
1.12561 0 0 0.00468416 0.0312416 2.27142 213
1.14881 0 0 0.00468515 0.031426 2.27142 213
1.17228 0 0 0.00467103 0.0315435 2.27142 213
1.19855 0 0 0.00466247 0.0316288 2.27142 213
1.22184 0 0 0.00465313 0.0316789 2.27142 213
1.24505 0 0 0.00464872 0.0316923 2.27142 213
1.26923 0 0 0.00464619 0.031704 2.27142 213
1.29297 0 0 0.00464212 0.0317102 2.27142 213
1.31652 0 0 0.00463841 0.0317271 2.27142 213
1.34069 0 0 0.00463631 0.0317581 2.27142 213
1.36375 0 0 0.00463448 0.0317701 2.27142 213
1.38645 0 0 0.00463125 0.0317876 2.27142 213
1.40926 0 0 0.00462943 0.0317995 2.27142 213
