0.417425 0 0 0.192626 0.371034 2.09996 212
0.0571001 1 0 0.0714687 0.188616 2.09996 212
0.0974164 11 0 0.066261 0.198597 2.09996 212
0.128478 6 0 0.0661703 0.204307 2.09996 212
0.15489 3 0 0.06614 0.209456 2.09996 212
0.17999 1 0 0.0661318 0.215243 2.09996 212
0.204275 1 0 0.0661193 0.218409 2.09996 212
0.227287 1 0 0.0661306 0.220844 2.09996 212
0.250912 1 0 0.0661293 0.223219 2.09996 212
0.274165 1 0 0.0661174 0.224899 2.09996 212
0.296969 1 0 0.0661112 0.225809 2.09996 212
0.319607 1 0 0.0661185 0.226372 2.09996 212
0.342469 1 0 0.0661139 0.227001 2.09996 212
0.365279 1 0 0.0660958 0.226952 2.09996 212
0.388015 1 0 0.0660857 0.228615 2.09996 212
0.410889 1 0 0.0660852 0.229727 2.09996 212
0.433641 1 0 0.066086 0.230517 2.09996 212
0.457208 1 0 0.0660785 0.229942 2.09996 212
0.479704 0 0 0.0660804 0.230092 2.09996 212
0.507817 0 0 0.0660868 0.230228 2.09996 212
0.530503 0 0 0.0660939 0.230663 2.09996 212
0.552832 0 0 0.0660905 0.230641 2.09996 212
0.574825 0 0 0.0660939 0.23085 2.09996 212
0.596166 0 0 0.0660989 0.230963 2.09996 212
0.617657 0 0 0.0661066 0.23085 2.09996 212
0.639491 0 0 0.0661145 0.230895 2.09996 212
0.662172 0 0 0.0661133 0.230823 2.09996 212
0.683309 0 0 0.0660924 0.23076 2.09996 212
0.704959 0 0 0.066088 0.230737 2.09996 212
0.728643 1 0 0.0660914 0.230299 2.09996 212
0.751821 0 0 0.0660852 0.229781 2.09996 212
0.77376 0 0 0.0660807 0.229934 2.09996 212
0.794788 0 0 0.066079 0.229926 2.09996 212
0.816883 0 0 0.066086 0.229993 2.09996 212
0.838072 0 0 0.0661008 0.230426 2.09996 212
0.859605 0 0 0.0660998 0.230477 2.09996 212
0.881735 0 0 0.0661047 0.230552 2.09996 212
0.903006 0 0 0.066107 0.230656 2.09996 212
0.924414 0 0 0.0661051 0.230956 2.09996 212
0.945644 0 0 0.0661102 0.231376 2.09996 212
0.966876 0 0 0.0661255 0.231908 2.09996 212
0.988193 0 0 0.0661261 0.232094 2.09996 212
1.0094 0 0 0.0661264 0.232023 2.09996 212
1.03086 0 0 0.0661216 0.231922 2.09996 212
1.05217 0 0 0.0661226 0.232058 2.09996 212
1.07355 0 0 0.0661267 0.232849 2.09996 212
1.09497 0 0 0.0661202 0.232827 2.09996 212
1.11613 0 0 0.0661165 0.232583 2.09996 212
1.13758 0 0 0.0661113 0.233125 2.09996 212
1.15886 0 0 0.0661102 0.233305 2.09996 212
1.17952 0 0 0.0661033 0.233273 2.09996 212
1.20078 0 0 0.0661025 0.233472 2.09996 212
1.22132 0 0 0.0660909 0.233526 2.09996 212
1.2427 0 0 0.0660925 0.23376 2.09996 212
1.26641 1 0 0.0661017 0.232195 2.09996 212
1.28825 0 0 0.0660963 0.231593 2.09996 212
1.31289 0 0 0.0660944 0.231594 2.09996 212
1.33491 0 0 0.0661011 0.231622 2.09996 212
1.35717 0 0 0.0661056 0.23163 2.09996 212
1.37778 0 0 0.0661083 0.231591 2.09996 212
1.39903 0 0 0.0661114 0.231577 2.09996 212
1.41965 0 0 0.0661113 0.231563 2.09996 212
1.44117 0 0 0.0661217 0.231577 2.09996 212
1.46245 0 0 0.0661247 0.23157 2.09996 212
1.48374 0 0 0.0661247 0.231566 2.09996 212
1.50495 0 0 0.0661232 0.231563 2.09996 212
1.52621 0 0 0.0661198 0.231544 2.09996 212
1.54746 0 0 0.0661195 0.231553 2.09996 212
1.56878 0 0 0.0661183 0.23156 2.09996 212
1.59006 0 0 0.0661155 0.231566 2.09996 212
1.6114 0 0 0.0661193 0.23157 2.09996 212
1.63371 0 0 0.0661201 0.231573 2.09996 212
1.6555 0 0 0.0661181 0.231576 2.09996 212
1.67661 0 0 0.0661165 0.231582 2.09996 212
1.69833 0 0 0.066108 0.23161 2.09996 212
1.72037 0 0 0.0661044 0.231601 2.09996 212
1.74438 1 0 0.0661134 0.230153 2.09996 212
1.7729 0 0 0.0661166 0.230145 2.09996 212
1.79461 0 0 0.0661099 0.229835 2.09996 212
1.81784 0 0 0.0661071 0.229797 2.09996 212
1.84134 1 0 0.066114 0.228737 2.09996 212
1.86977 1 0 0.0660909 0.22793 2.09996 212
1.89185 0 0 0.0660772 0.226673 2.09996 212
1.91433 0 0 0.0660703 0.225726 2.09996 212
1.9367 0 0 0.0660594 0.225113 2.09996 212
1.95834 0 0 0.0660418 0.223923 2.09996 212
1.97985 0 0 0.066038 0.223667 2.09996 212
2.00126 0 0 0.0660374 0.22363 2.09996 212
2.0233 0 0 0.0660324 0.223709 2.09996 212
2.04483 0 0 0.0660325 0.223805 2.09996 212
2.06616 0 0 0.066033 0.224034 2.09996 212
2.08772 0 0 0.0660316 0.224083 2.09996 212
2.11061 0 0 0.0660345 0.223874 2.09996 212
2.13308 0 0 0.0660367 0.223051 2.09996 212
2.15452 0 0 0.0660374 0.222797 2.09996 212
2.17611 0 0 0.0660404 0.222626 2.09996 212
2.19747 0 0 0.066038 0.22264 2.09996 212
2.21946 0 0 0.0660368 0.222647 2.09996 212
2.24081 0 0 0.0660361 0.222748 2.09996 212
2.26215 0 0 0.0660304 0.22241 2.09996 212
2.28759 0 0 0.0660243 0.222146 2.09996 212
