0.423626 0 0 0.227044 0.466571 2.24738 212
0.0517623 8 0 0.00305205 0.0149221 2.24738 212
0.0766742 1 0 0.00297636 0.0147439 2.24738 212
0.100439 1 0 0.00298241 0.0151955 2.24738 212
0.123017 0 0 0.00301382 0.0154506 2.24738 212
0.144521 0 0 0.00307097 0.0160385 2.24738 212
0.166403 0 0 0.00310034 0.0164475 2.24738 212
0.188341 0 0 0.00314054 0.0169873 2.24738 212
0.209941 0 0 0.00316232 0.0172661 2.24738 212
0.231882 0 0 0.00318793 0.0174167 2.24738 212
0.257038 1 0 0.00309251 0.0171267 2.24738 212
0.280715 0 0 0.00307086 0.0171872 2.24738 212
0.302479 0 0 0.00306201 0.0174163 2.24738 212
0.324695 0 0 0.00306206 0.0175388 2.24738 212
0.34623 0 0 0.00304567 0.017576 2.24738 212
0.370598 1 0 0.00295261 0.0172091 2.24738 212
0.39942 0 0 0.00291853 0.0170296 2.24738 212
0.422452 0 0 0.00285403 0.0168181 2.24738 212
0.446624 0 0 0.00281385 0.016686 2.24738 212
0.470338 0 0 0.00276982 0.0167785 2.24738 212
0.493674 0 0 0.00274244 0.0168679 2.24738 212
0.516553 0 0 0.00271998 0.0169269 2.24738 212
0.538951 0 0 0.00269645 0.0168704 2.24738 212
0.56251 0 0 0.00267665 0.0168309 2.24738 212
0.588129 0 0 0.00266669 0.0170735 2.24738 212
0.615117 0 0 0.00265285 0.0171469 2.24738 212
0.643591 0 0 0.00264558 0.0175965 2.24738 212
