0.425867 0 0 0.122865 0.314589 2.11323 212
0.0550914 9 0 0.00318501 0.019907 2.11323 212
0.0839247 1 0 0.00273762 0.013184 2.11323 212
0.108698 1 0 0.0026269 0.0133288 2.11323 212
0.131385 0 0 0.00261141 0.013583 2.11323 212
0.153145 0 0 0.00262636 0.0140794 2.11323 212
0.175316 0 0 0.00262287 0.0140478 2.11323 212
0.198305 0 0 0.00261461 0.0140943 2.11323 212
0.220367 0 0 0.00262339 0.014251 2.11323 212
0.242553 0 0 0.00260632 0.0140564 2.11323 212
0.26434 0 0 0.00259923 0.0142241 2.11323 212
0.28661 0 0 0.00259789 0.0141322 2.11323 212
0.309793 0 0 0.0026054 0.0143572 2.11323 212
0.332045 0 0 0.00261466 0.0147323 2.11323 212
0.354858 0 0 0.00260908 0.0150723 2.11323 212
0.377257 0 0 0.00260257 0.0151014 2.11323 212
0.409549 1 0 0.00252375 0.0148833 2.11323 212
0.432717 0 0 0.002508 0.0150467 2.11323 212
0.459533 1 0 0.00244121 0.0151056 2.11323 212
0.482796 0 0 0.002423 0.0150921 2.11323 212
0.50663 0 0 0.00239803 0.0151751 2.11323 212
0.529892 0 0 0.00238295 0.0149449 2.11323 212
0.557372 0 0 0.00233262 0.0141781 2.11323 212
0.583726 0 0 0.00231387 0.0140647 2.11323 212
0.609013 0 0 0.00229241 0.0141221 2.11323 212
0.632656 0 0 0.00228063 0.0143286 2.11323 212
0.660257 0 0 0.002268 0.0144631 2.11323 212
0.685187 0 0 0.00225843 0.0145051 2.11323 212
0.70861 0 0 0.00225807 0.0145038 2.11323 212
0.732196 0 0 0.0022558 0.0144464 2.11323 212
