0.409821 0 0 0.0304796 0.0955533 1.99204 206
0.0616488 3 0 0.00118335 0.00852602 1.99204 206
0.0840725 0 0 0.00110322 0.00819458 1.99204 206
0.108238 1 0 0.000945561 0.00734226 1.99204 206
0.130125 0 0 0.00091357 0.00703357 1.99204 206
0.151394 0 0 0.000898573 0.00711618 1.99204 206
0.172498 0 0 0.000881631 0.0068742 1.99204 206
0.193213 0 0 0.000878988 0.00713368 1.99204 206
0.214725 0 0 0.000831087 0.00683543 1.99204 206
0.236353 0 0 0.000794722 0.007056 1.99204 206
0.265551 0 0 0.000771345 0.0071706 1.99204 206
0.293246 0 0 0.000762844 0.00723217 1.99204 206
0.315386 0 0 0.000758553 0.00729993 1.99204 206
