0.411552 0 0 0.204359 0.438231 2.21262 209
0.0697469 4 0 0.00538596 0.0304127 2.21262 209
0.0976433 1 0 0.00523072 0.0315241 2.21262 209
0.120592 1 0 0.00524201 0.0317474 2.21262 209
0.143661 1 0 0.00530482 0.0321732 2.21262 209
0.165084 0 0 0.00535082 0.0325031 2.21262 209
0.186388 0 0 0.00539475 0.0326671 2.21262 209
0.207673 0 0 0.00544612 0.0328044 2.21262 209
0.229332 0 0 0.0055359 0.0329109 2.21262 209
0.251138 0 0 0.00558673 0.0326368 2.21262 209
0.271949 0 0 0.00563207 0.0327717 2.21262 209
0.292268 0 0 0.00566966 0.0326076 2.21262 209
0.313417 0 0 0.00569323 0.0326896 2.21262 209
0.336149 1 0 0.00559337 0.0314097 2.21262 209
0.364161 0 0 0.00557878 0.0312587 2.21262 209
0.387277 1 0 0.00548543 0.0304425 2.21262 209
0.412052 0 0 0.00546562 0.0300672 2.21262 209
0.433111 0 0 0.00545337 0.0298038 2.21262 209
0.454224 0 0 0.00542311 0.0292676 2.21262 209
0.476571 0 0 0.00540788 0.0289478 2.21262 209
0.49782 0 0 0.00539378 0.0288739 2.21262 209
0.519571 0 0 0.00538157 0.0289379 2.21262 209
0.54076 0 0 0.00538318 0.0288628 2.21262 209
0.562258 0 0 0.00534371 0.0287779 2.21262 209
0.584226 0 0 0.00532686 0.0288559 2.21262 209
0.608877 0 0 0.00530279 0.0288038 2.21262 209
0.63062 0 0 0.00528655 0.0287518 2.21262 209
0.653059 0 0 0.00527618 0.0288913 2.21262 209
0.677175 0 0 0.00525829 0.0287602 2.21262 209
0.700823 0 0 0.00524103 0.0288626 2.21262 209
0.722336 0 0 0.00523651 0.0289888 2.21262 209
0.743248 0 0 0.00522976 0.0290949 2.21262 209
0.764381 0 0 0.0052313 0.029179 2.21262 209
0.786133 0 0 0.00523784 0.0291953 2.21262 209
0.807407 0 0 0.00525063 0.0293817 2.21262 209
0.833064 0 0 0.00524728 0.0292814 2.21262 209
0.855663 0 0 0.00524698 0.0291569 2.21262 209
0.876998 0 0 0.00525136 0.0290724 2.21262 209
