0.41468 0 0 0.0746385 0.317766 2.01841 208
0.0435726 1 0 0.00214185 0.022808 2.01841 208
0.0687073 1 0 0.00169247 0.0221347 2.01841 208
0.092891 1 0 0.00143348 0.0226211 2.01841 208
0.115242 0 0 0.00137268 0.0223525 2.01841 208
0.137494 0 0 0.00133338 0.0218648 2.01841 208
0.160394 0 0 0.00130411 0.0217578 2.01841 208
0.183111 0 0 0.00125977 0.0216557 2.01841 208
0.204659 0 0 0.00123706 0.0217304 2.01841 208
0.226852 0 0 0.00122166 0.0208509 2.01841 208
0.249701 0 0 0.00121567 0.0209657 2.01841 208
0.271889 0 0 0.00121152 0.0210111 2.01841 208
0.294512 0 0 0.00120455 0.0209579 2.01841 208
0.317175 0 0 0.0011849 0.021032 2.01841 208
0.345492 0 0 0.00116514 0.0207911 2.01841 208
0.370706 0 0 0.00115452 0.0203524 2.01841 208
0.393113 0 0 0.0011391 0.0193073 2.01841 208
0.416751 0 0 0.00112639 0.0192725 2.01841 208
0.442302 0 0 0.00112363 0.0191631 2.01841 208
0.465012 0 0 0.00111918 0.0190251 2.01841 208
0.488187 0 0 0.00110147 0.0188701 2.01841 208
0.514347 0 0 0.00106746 0.0185621 2.01841 208
0.536418 0 0 0.00104321 0.0186264 2.01841 208
0.559164 0 0 0.00102402 0.0187452 2.01841 208
0.581516 0 0 0.00101249 0.0188331 2.01841 208
0.603523 0 0 0.00100693 0.0188845 2.01841 208
0.625904 0 0 0.00100242 0.0187904 2.01841 208
