0.413639 0 0 0.196688 0.432958 2.24 207
0.0432774 4 0 0.00181675 0.0106169 2.24 207
0.0680804 1 0 0.00142264 0.00948137 2.24 207
0.0894891 0 0 0.00128989 0.0093686 2.24 207
0.111558 0 0 0.0012729 0.00936838 2.24 207
0.133806 0 0 0.00118137 0.00927987 2.24 207
0.157207 0 0 0.00112421 0.00924662 2.24 207
0.178639 0 0 0.00108979 0.00907586 2.24 207
0.199735 0 0 0.00106384 0.00888091 2.24 207
0.228673 0 0 0.00105384 0.00877767 2.24 207
0.251738 0 0 0.0010092 0.00842706 2.24 207
0.275155 0 0 0.000956426 0.00863576 2.24 207
0.298161 0 0 0.000934161 0.00874124 2.24 207
0.3205 0 0 0.000906861 0.00899725 2.24 207
0.342815 0 0 0.000884499 0.00919955 2.24 207
0.370507 0 0 0.000847245 0.00890543 2.24 207
0.396861 0 0 0.000825779 0.00877692 2.24 207
0.420166 0 0 0.000814535 0.00873442 2.24 207
