0.44772 0 0 0.23127 0.374257 2.28262 214
0.0685933 12 0 0.00577812 0.0359368 2.28262 214
0.0967634 3 0 0.00519734 0.0332256 2.28262 214
0.121698 1 0 0.0051061 0.0317956 2.28262 214
0.14636 1 0 0.00510339 0.0308087 2.28262 214
0.169811 0 0 0.00510126 0.0299886 2.28262 214
0.194068 0 0 0.00510633 0.0295145 2.28262 214
0.217114 0 0 0.00511713 0.0289837 2.28262 214
0.240292 0 0 0.00513909 0.029046 2.28262 214
0.265045 1 0 0.00507469 0.0291551 2.28262 214
0.289237 0 0 0.00508004 0.029486 2.28262 214
0.311755 0 0 0.00508869 0.0295769 2.28262 214
0.334561 0 0 0.00508438 0.0292894 2.28262 214
0.357245 0 0 0.00507231 0.0282261 2.28262 214
0.380082 0 0 0.00506664 0.0283676 2.28262 214
0.405714 0 0 0.00506507 0.0281254 2.28262 214
0.427885 0 0 0.00506962 0.0282654 2.28262 214
0.451192 0 0 0.0050607 0.0282087 2.28262 214
0.473825 0 0 0.00506026 0.0282954 2.28262 214
0.496933 0 0 0.00505913 0.028329 2.28262 214
0.519042 0 0 0.00505617 0.028359 2.28262 214
0.543474 1 0 0.00497849 0.0285622 2.28262 214
0.567953 0 0 0.00497504 0.0285764 2.28262 214
0.599015 1 0 0.00490862 0.0287197 2.28262 214
0.622942 0 0 0.00490434 0.0286877 2.28262 214
0.646495 0 0 0.00489715 0.0287 2.28262 214
0.669263 0 0 0.00486522 0.0290267 2.28262 214
0.694335 0 0 0.00485265 0.0290885 2.28262 214
0.717391 0 0 0.00484625 0.0291207 2.28262 214
0.740655 0 0 0.00483102 0.0291588 2.28262 214
0.768538 0 0 0.00482471 0.0293161 2.28262 214
0.791587 0 0 0.004821 0.029387 2.28262 214
0.814216 0 0 0.00481203 0.0294198 2.28262 214
0.836899 0 0 0.00480661 0.0294335 2.28262 214
0.859875 0 0 0.00479725 0.0295093 2.28262 214
0.88365 0 0 0.00478001 0.0294763 2.28262 214
0.908645 0 0 0.00477111 0.0296725 2.28262 214
0.932172 0 0 0.00476341 0.0297555 2.28262 214
0.95516 0 0 0.00476112 0.0299776 2.28262 214
0.978058 0 0 0.00475615 0.029984 2.28262 214
1.00585 0 0 0.0047473 0.0300153 2.28262 214
1.02886 0 0 0.00473731 0.0299772 2.28262 214
1.0515 0 0 0.00472797 0.0299425 2.28262 214
1.07825 0 0 0.00473515 0.0301706 2.28262 214
1.10548 0 0 0.00472307 0.0299798 2.28262 214
1.12954 0 0 0.00470469 0.0297896 2.28262 214
1.15265 0 0 0.00468987 0.0297107 2.28262 214
1.17576 0 0 0.00467472 0.0298326 2.28262 214
1.19983 0 0 0.00466504 0.0299671 2.28262 214
1.22266 0 0 0.0046605 0.0302756 2.28262 214
1.24543 0 0 0.00465256 0.0305687 2.28262 214
1.26818 0 0 0.00464958 0.0309482 2.28262 214
1.29167 0 0 0.00464604 0.0310657 2.28262 214
1.3159 0 0 0.00464213 0.0311405 2.28262 214
1.33986 0 0 0.00463871 0.0311681 2.28262 214
1.36311 0 0 0.00463367 0.0311816 2.28262 214
1.38646 0 0 0.0046302 0.0311895 2.28262 214
1.40964 0 0 0.00462888 0.0311891 2.28262 214
1.43227 0 0 0.00462706 0.0311882 2.28262 214
1.45532 0 0 0.00462439 0.0311886 2.28262 214
