0.418576 0 0 0.200164 0.457626 2.17163 209
0.0565699 1 0 0.0885339 0.260498 2.17163 209
0.0933187 9 0 0.0841691 0.248602 2.17163 209
0.120696 3 0 0.0841516 0.249207 2.17163 209
0.153077 3 0 0.0841509 0.249165 2.17163 209
0.177486 1 0 0.084158 0.249149 2.17163 209
0.202084 1 0 0.0841655 0.249163 2.17163 209
0.225737 1 0 0.0841518 0.249148 2.17163 209
0.24978 1 0 0.0841475 0.24915 2.17163 209
0.273557 1 0 0.0841293 0.249171 2.17163 209
0.29822 1 0 0.0841106 0.249175 2.17163 209
0.322197 1 0 0.084102 0.249172 2.17163 209
0.347023 1 0 0.0840926 0.249175 2.17163 209
0.370962 1 0 0.0840845 0.24915 2.17163 209
0.395424 1 0 0.084091 0.249116 2.17163 209
0.420211 1 0 0.0840894 0.249121 2.17163 209
0.444477 1 0 0.084091 0.249099 2.17163 209
0.468081 1 0 0.0840983 0.24909 2.17163 209
0.492806 1 0 0.0840967 0.249079 2.17163 209
0.516992 1 0 0.0841018 0.249064 2.17163 209
0.541552 1 0 0.084109 0.249065 2.17163 209
0.564536 0 0 0.0841176 0.249065 2.17163 209
0.587061 0 0 0.0841328 0.249067 2.17163 209
0.609234 0 0 0.084138 0.249068 2.17163 209
0.631213 0 0 0.0841408 0.24907 2.17163 209
0.653153 0 0 0.0841503 0.249071 2.17163 209
0.675223 0 0 0.0841519 0.249073 2.17163 209
0.69761 0 0 0.0841485 0.249075 2.17163 209
0.720662 0 0 0.0841477 0.249076 2.17163 209
0.743273 0 0 0.0841417 0.249078 2.17163 209
0.767071 0 0 0.0841433 0.24908 2.17163 209
0.789748 0 0 0.0841489 0.249081 2.17163 209
0.812711 0 0 0.0841562 0.249083 2.17163 209
0.835006 0 0 0.0841574 0.249085 2.17163 209
0.85696 0 0 0.0841601 0.249087 2.17163 209
0.879335 0 0 0.084168 0.249088 2.17163 209
0.901542 0 0 0.0841631 0.249117 2.17163 209
0.923685 0 0 0.0841496 0.249211 2.17163 209
0.945931 0 0 0.0841434 0.249244 2.17163 209
0.96825 0 0 0.0841355 0.249481 2.17163 209
0.991497 0 0 0.0841362 0.24943 2.17163 209
1.01346 0 0 0.0841365 0.249409 2.17163 209
1.03513 0 0 0.0841334 0.249384 2.17163 209
1.05764 0 0 0.0841388 0.249377 2.17163 209
1.07944 0 0 0.0841413 0.249375 2.17163 209
1.10198 0 0 0.084142 0.249388 2.17163 209
1.12774 1 0 0.0841496 0.249871 2.17163 209
1.1601 0 0 0.084152 0.249862 2.17163 209
1.1828 0 0 0.0841562 0.249861 2.17163 209
1.20509 0 0 0.0841571 0.249859 2.17163 209
1.22765 0 0 0.0841599 0.249862 2.17163 209
1.24909 0 0 0.0841607 0.249863 2.17163 209
1.27471 1 0 0.0841694 0.25046 2.17163 209
1.30471 0 0 0.0841706 0.250448 2.17163 209
1.32736 0 0 0.084168 0.250439 2.17163 209
1.35015 0 0 0.0841725 0.250435 2.17163 209
1.37334 0 0 0.0841705 0.250372 2.17163 209
1.39842 1 0 0.0841697 0.251234 2.17163 209
1.42983 0 0 0.0841648 0.251614 2.17163 209
1.45186 0 0 0.0841621 0.251466 2.17163 209
1.47378 0 0 0.0841624 0.251175 2.17163 209
1.4961 0 0 0.0841669 0.25117 2.17163 209
1.51932 0 0 0.0841714 0.251164 2.17163 209
1.5417 0 0 0.0841721 0.251165 2.17163 209
1.56384 0 0 0.0841742 0.251154 2.17163 209
1.58615 0 0 0.0841749 0.251149 2.17163 209
1.60825 0 0 0.0841746 0.251146 2.17163 209
1.6303 0 0 0.0841763 0.251144 2.17163 209
1.6523 0 0 0.0841772 0.251142 2.17163 209
1.67644 1 0 0.0841806 0.251513 2.17163 209
1.70133 0 0 0.0841752 0.251603 2.17163 209
1.72514 0 0 0.0841759 0.251612 2.17163 209
1.74955 0 0 0.0841777 0.251636 2.17163 209
1.77149 0 0 0.0841804 0.251654 2.17163 209
1.79405 0 0 0.0841793 0.251666 2.17163 209
1.81607 0 0 0.0841771 0.251713 2.17163 209
1.839 0 0 0.0841776 0.251727 2.17163 209
1.862 0 0 0.0841748 0.251735 2.17163 209
1.88499 0 0 0.0841757 0.251768 2.17163 209
1.90769 0 0 0.0841746 0.251762 2.17163 209
1.93005 0 0 0.0841746 0.251739 2.17163 209
1.95253 0 0 0.0841748 0.25173 2.17163 209
1.97541 0 0 0.0841793 0.251906 2.17163 209
2.00765 0 0 0.0841751 0.251929 2.17163 209
2.02954 0 0 0.0841705 0.252232 2.17163 209
2.05151 0 0 0.0841763 0.252427 2.17163 209
2.07349 0 0 0.0841768 0.252561 2.17163 209
2.09649 0 0 0.084174 0.252789 2.17163 209
2.11925 0 0 0.084174 0.252876 2.17163 209
2.14172 0 0 0.0841769 0.252967 2.17163 209
2.16373 0 0 0.0841783 0.253051 2.17163 209
2.18622 0 0 0.0841788 0.253015 2.17163 209
2.2093 0 0 0.0841801 0.252965 2.17163 209
2.23175 0 0 0.0841806 0.252943 2.17163 209
2.25393 0 0 0.0841822 0.252927 2.17163 209
2.27689 0 0 0.0841821 0.252909 2.17163 209
2.29975 0 0 0.0841822 0.252888 2.17163 209
2.32394 0 0 0.0841819 0.252879 2.17163 209
2.34693 0 0 0.0841825 0.252876 2.17163 209
2.36927 0 0 0.0841828 0.252876 2.17163 209
2.39142 0 0 0.0841835 0.252876 2.17163 209
