0.400242 0 0 0.227681 0.450681 2.28847 206
0.0714123 12 0 0.00337901 0.0199839 2.28847 206
0.0948883 1 0 0.00320401 0.0172107 2.28847 206
0.118031 1 0 0.00310953 0.0145479 2.28847 206
0.140745 1 0 0.00308726 0.0156228 2.28847 206
0.161692 0 0 0.00309239 0.0161304 2.28847 206
0.183128 0 0 0.00310435 0.0163908 2.28847 206
0.205099 0 0 0.00312774 0.0165874 2.28847 206
0.227645 0 0 0.00314641 0.0168798 2.28847 206
0.249309 0 0 0.00314749 0.0170774 2.28847 206
0.269968 0 0 0.00316288 0.0175472 2.28847 206
0.290271 0 0 0.00318442 0.0176654 2.28847 206
0.310577 0 0 0.00317573 0.0177975 2.28847 206
0.331851 0 0 0.00319523 0.0179825 2.28847 206
0.353329 0 0 0.00318791 0.0180383 2.28847 206
0.373662 0 0 0.00320815 0.0182608 2.28847 206
0.393987 0 0 0.00320297 0.0183374 2.28847 206
0.414293 0 0 0.00322135 0.0184901 2.28847 206
0.435036 0 0 0.00321503 0.0185626 2.28847 206
0.455681 0 0 0.00323072 0.0186033 2.28847 206
0.47706 0 0 0.00321914 0.0186849 2.28847 206
0.498358 0 0 0.00322699 0.0186988 2.28847 206
0.521419 1 0 0.00317091 0.0187011 2.28847 206
0.549834 1 0 0.00309722 0.0188119 2.28847 206
0.571295 0 0 0.00307397 0.0188845 2.28847 206
0.598077 1 0 0.00300962 0.0191432 2.28847 206
0.623055 0 0 0.00297732 0.0191065 2.28847 206
0.6447 0 0 0.0029293 0.0191068 2.28847 206
0.678281 0 0 0.00289244 0.0189839 2.28847 206
0.700954 0 0 0.00286446 0.0189004 2.28847 206
0.722278 0 0 0.00283815 0.0188587 2.28847 206
0.744477 0 0 0.00281485 0.0188523 2.28847 206
0.766242 0 0 0.00279685 0.018772 2.28847 206
0.788008 0 0 0.00277682 0.0187862 2.28847 206
0.811903 0 0 0.00274521 0.0187957 2.28847 206
0.834651 0 0 0.00271318 0.0187508 2.28847 206
0.857228 0 0 0.00268968 0.0187369 2.28847 206
0.880104 0 0 0.00267405 0.0186845 2.28847 206
0.901934 0 0 0.0026581 0.018563 2.28847 206
0.923388 0 0 0.00264096 0.0184685 2.28847 206
0.95115 0 0 0.00263119 0.0184492 2.28847 206
