0.406172 0 0 0.111266 0.260615 2.32447 208
0.058692 5 0 0.0032588 0.0179082 2.32447 208
0.0838564 1 0 0.00270349 0.0148634 2.32447 208
0.116528 1 0 0.00250071 0.0137939 2.32447 208
0.138777 0 0 0.0024289 0.0133516 2.32447 208
0.161982 0 0 0.00238507 0.0129283 2.32447 208
0.184488 0 0 0.00234501 0.0126989 2.32447 208
0.206314 0 0 0.00229474 0.0121703 2.32447 208
0.228251 0 0 0.00225407 0.0117311 2.32447 208
0.250078 0 0 0.0022064 0.0118197 2.32447 208
0.272922 0 0 0.00217555 0.0116386 2.32447 208
0.294744 0 0 0.0021434 0.0114906 2.32447 208
0.316227 0 0 0.00211107 0.0113409 2.32447 208
0.337912 0 0 0.00208618 0.011212 2.32447 208
0.359952 0 0 0.00206784 0.0111018 2.32447 208
0.383521 0 0 0.00201048 0.0105765 2.32447 208
0.410303 0 0 0.00194006 0.00997098 2.32447 208
0.433176 0 0 0.00189531 0.00987907 2.32447 208
0.455799 0 0 0.00185244 0.00956041 2.32447 208
0.478261 0 0 0.00182177 0.00952837 2.32447 208
0.500902 0 0 0.00177205 0.00959947 2.32447 208
0.527827 0 0 0.0017372 0.00944279 2.32447 208
0.551685 0 0 0.00171294 0.00950902 2.32447 208
0.576133 0 0 0.00169186 0.00972598 2.32447 208
0.608563 0 0 0.0016693 0.0096309 2.32447 208
