0.41418 0 0 0.0662865 0.154027 2.24374 211
0.0475853 2 0 0.00145378 0.00907962 2.24374 211
0.0718081 1 0 0.00102699 0.00590266 2.24374 211
0.0969561 1 0 0.000769786 0.00479702 2.24374 211
0.118243 0 0 0.000729374 0.00460377 2.24374 211
0.140904 0 0 0.000710008 0.00458083 2.24374 211
0.184767 0 0 0.000650329 0.00456108 2.24374 211
0.209766 0 0 0.000591874 0.00449397 2.24374 211
0.233932 0 0 0.000552561 0.00430676 2.24374 211
0.273614 0 0 0.000528718 0.00402446 2.24374 211
0.30493 0 0 0.00052059 0.00399869 2.24374 211
