0.435133 0 0 0.179689 0.422429 2.42245 214
0.0512166 3 0 0.00718816 0.0359539 2.42245 214
0.0813601 3 0 0.00612862 0.0348196 2.42245 214
0.107389 1 0 0.00608246 0.0355989 2.42245 214
0.132869 1 0 0.00611916 0.0363219 2.42245 214
0.158429 1 0 0.0061793 0.0370403 2.42245 214
0.183127 0 0 0.00621904 0.0373331 2.42245 214
0.206764 0 0 0.0062496 0.0374954 2.42245 214
0.230698 0 0 0.00628359 0.0377665 2.42245 214
0.254446 0 0 0.00634145 0.0380061 2.42245 214
0.279655 0 0 0.00634772 0.0380542 2.42245 214
0.303109 0 0 0.0063649 0.0381371 2.42245 214
0.327682 0 0 0.00637806 0.0380543 2.42245 214
0.35087 0 0 0.00639475 0.0379887 2.42245 214
0.37443 0 0 0.00641138 0.0379664 2.42245 214
0.397554 0 0 0.00641487 0.0378653 2.42245 214
0.421291 0 0 0.00643513 0.0378302 2.42245 214
0.45057 0 0 0.00644278 0.0376699 2.42245 214
0.474266 0 0 0.00645284 0.0377009 2.42245 214
0.497772 0 0 0.00646521 0.0376963 2.42245 214
0.543232 1 0 0.00637148 0.0373152 2.42245 214
0.566991 0 0 0.00633047 0.0371272 2.42245 214
0.591583 0 0 0.00632546 0.0371558 2.42245 214
0.615301 0 0 0.00631966 0.0370659 2.42245 214
0.638903 0 0 0.00632095 0.0370714 2.42245 214
0.662957 0 0 0.0063223 0.037034 2.42245 214
0.687123 0 0 0.00631734 0.0370293 2.42245 214
0.71435 1 0 0.00625743 0.0369265 2.42245 214
0.742478 0 0 0.00621026 0.0369492 2.42245 214
0.767569 0 0 0.00618845 0.0370755 2.42245 214
0.791908 0 0 0.00616971 0.0371447 2.42245 214
0.815713 0 0 0.0061579 0.0370961 2.42245 214
0.840595 0 0 0.00614405 0.0370305 2.42245 214
0.865355 0 0 0.0061154 0.0371119 2.42245 214
0.890975 0 0 0.00610369 0.0372722 2.42245 214
0.916001 0 0 0.00610986 0.0375508 2.42245 214
0.940992 0 0 0.00610693 0.0379541 2.42245 214
0.966197 0 0 0.00611111 0.0385977 2.42245 214
0.996451 0 0 0.00608662 0.0389064 2.42245 214
1.0218 0 0 0.00607437 0.0389934 2.42245 214
1.05239 0 0 0.0060619 0.039063 2.42245 214
1.07691 0 0 0.00605865 0.0390976 2.42245 214
1.10123 0 0 0.0060565 0.0391273 2.42245 214
1.12582 0 0 0.00605111 0.0392194 2.42245 214
1.1505 0 0 0.00605575 0.0391618 2.42245 214
1.17452 0 0 0.00605301 0.0390614 2.42245 214
1.19893 0 0 0.00604459 0.0390959 2.42245 214
1.2233 0 0 0.00604236 0.0391398 2.42245 214
1.24831 0 0 0.00603788 0.0391894 2.42245 214
1.28129 0 0 0.00603987 0.0393798 2.42245 214
