0.428811 0 0 0.0667329 0.305033 2.35117 213
0.0580731 1 0 0.00165775 0.016827 2.35117 213
0.0846147 1 0 0.00136918 0.0174489 2.35117 213
0.11016 1 0 0.00123117 0.0178791 2.35117 213
0.134521 0 0 0.00123595 0.0184844 2.35117 213
0.157779 0 0 0.00119299 0.0184171 2.35117 213
0.182367 0 0 0.00115602 0.01835 2.35117 213
0.2052 0 0 0.00113778 0.0183668 2.35117 213
0.229745 0 0 0.00112898 0.0182917 2.35117 213
0.254052 0 0 0.00110876 0.0188662 2.35117 213
0.27971 0 0 0.00109039 0.0189102 2.35117 213
0.303889 0 0 0.00107997 0.0189444 2.35117 213
0.329392 0 0 0.00107228 0.0188764 2.35117 213
0.353878 0 0 0.00106704 0.0188146 2.35117 213
0.377226 0 0 0.00106687 0.0188829 2.35117 213
0.401152 0 0 0.00106349 0.0188322 2.35117 213
0.425761 0 0 0.00105868 0.0195189 2.35117 213
0.456137 0 0 0.0010526 0.0196979 2.35117 213
0.484819 0 0 0.00104926 0.0202291 2.35117 213
0.518631 0 0 0.00104045 0.0207298 2.35117 213
0.542413 0 0 0.00102477 0.0211602 2.35117 213
0.567919 0 0 0.00101151 0.0216546 2.35117 213
0.592872 0 0 0.00100415 0.0220736 2.35117 213
0.617117 0 0 0.000997499 0.0226395 2.35117 213
0.640859 0 0 0.000989901 0.0227525 2.35117 213
0.66506 0 0 0.000983377 0.022763 2.35117 213
0.689972 0 0 0.00098191 0.0227957 2.35117 213
