0.422312 0 0 0.0249836 0.0693165 2.22828 211
0.0467485 1 0 0.00108996 0.0077922 2.22828 211
0.0705288 0 0 0.000937253 0.00713769 2.22828 211
0.095539 1 0 0.000712505 0.00634784 2.22828 211
0.11773 0 0 0.000654398 0.00505098 2.22828 211
0.140058 0 0 0.000619209 0.00491523 2.22828 211
0.161975 0 0 0.000604598 0.00508079 2.22828 211
0.183976 0 0 0.000589916 0.00485427 2.22828 211
0.20793 0 0 0.000585688 0.0049455 2.22828 211
0.231604 0 0 0.000549141 0.00491712 2.22828 211
0.272145 0 0 0.000508276 0.00489324 2.22828 211
0.300387 0 0 0.000478642 0.00490522 2.22828 211
0.336134 0 0 0.000456155 0.00474843 2.22828 211
0.368235 0 0 0.000442529 0.00470346 2.22828 211
