0.434387 0 0 0.22529 0.48047 2.51056 215
0.0661608 3 0 0.0207644 0.115218 2.51056 215
0.102155 6 0 0.0188406 0.114242 2.51056 215
0.128036 1 0 0.0186626 0.113728 2.51056 215
0.153331 1 0 0.0185369 0.112246 2.51056 215
0.179961 1 0 0.018457 0.111945 2.51056 215
0.206143 1 0 0.0183927 0.111967 2.51056 215
0.229962 0 0 0.0183573 0.111998 2.51056 215
0.253643 0 0 0.018341 0.11201 2.51056 215
0.277202 0 0 0.0183381 0.112021 2.51056 215
0.300464 0 0 0.0183442 0.112023 2.51056 215
0.324239 0 0 0.0183556 0.112033 2.51056 215
0.347594 0 0 0.0183587 0.11213 2.51056 215
0.371425 0 0 0.0183582 0.112117 2.51056 215
0.396064 0 0 0.0183482 0.112133 2.51056 215
0.419347 0 0 0.0183403 0.112159 2.51056 215
0.443659 0 0 0.0183385 0.112174 2.51056 215
0.466775 0 0 0.0183464 0.112189 2.51056 215
0.490442 0 0 0.0183464 0.112214 2.51056 215
0.514213 0 0 0.0183498 0.112224 2.51056 215
0.539339 1 0 0.0183373 0.112133 2.51056 215
0.568907 0 0 0.0183214 0.112166 2.51056 215
0.59279 0 0 0.0183196 0.112182 2.51056 215
0.618907 0 0 0.0183176 0.1122 2.51056 215
0.643713 0 0 0.018316 0.112213 2.51056 215
0.672865 0 0 0.0183169 0.112229 2.51056 215
0.69774 1 0 0.0182991 0.112031 2.51056 215
0.72258 0 0 0.0182959 0.112049 2.51056 215
0.746245 0 0 0.0182875 0.112031 2.51056 215
0.768853 0 0 0.0182791 0.112063 2.51056 215
0.792266 0 0 0.0182735 0.112072 2.51056 215
0.819587 1 0 0.0182674 0.111808 2.51056 215
0.843809 0 0 0.0182632 0.111838 2.51056 215
0.867823 0 0 0.0182529 0.111852 2.51056 215
0.891232 0 0 0.018251 0.111908 2.51056 215
0.91487 0 0 0.0182515 0.111931 2.51056 215
0.939068 0 0 0.0182458 0.111928 2.51056 215
0.962583 0 0 0.0182391 0.111847 2.51056 215
0.993497 0 0 0.018236 0.111744 2.51056 215
1.01803 0 0 0.0182384 0.111724 2.51056 215
1.04125 0 0 0.0182354 0.11173 2.51056 215
1.06503 0 0 0.0182291 0.11174 2.51056 215
1.08912 0 0 0.0182214 0.112071 2.51056 215
1.11288 0 0 0.0182145 0.112102 2.51056 215
1.1362 0 0 0.0182161 0.112368 2.51056 215
1.15959 0 0 0.0182171 0.112418 2.51056 215
1.18283 0 0 0.0182172 0.112421 2.51056 215
1.21478 0 0 0.0182217 0.112363 2.51056 215
1.23853 0 0 0.0182217 0.111854 2.51056 215
1.26194 0 0 0.0182188 0.111128 2.51056 215
1.28588 0 0 0.0182026 0.108955 2.51056 215
1.3092 0 0 0.0181983 0.108561 2.51056 215
1.33251 0 0 0.0181937 0.107732 2.51056 215
1.35568 0 0 0.0181941 0.107637 2.51056 215
1.37894 0 0 0.0181916 0.107604 2.51056 215
1.4024 0 0 0.0181924 0.107719 2.51056 215
1.42559 0 0 0.0181895 0.107741 2.51056 215
1.44986 0 0 0.01818 0.107812 2.51056 215
1.47434 0 0 0.0181613 0.108078 2.51056 215
1.49824 0 0 0.0181532 0.108159 2.51056 215
1.52353 0 0 0.0181483 0.108125 2.51056 215
1.54699 0 0 0.0181461 0.108074 2.51056 215
1.57055 0 0 0.0181458 0.108061 2.51056 215
1.59458 0 0 0.0181564 0.108139 2.51056 215
1.62343 0 0 0.0181572 0.108235 2.51056 215
1.64719 0 0 0.0181593 0.108301 2.51056 215
1.67147 0 0 0.0181596 0.108318 2.51056 215
1.69514 0 0 0.0181593 0.108345 2.51056 215
1.71842 0 0 0.0181592 0.108348 2.51056 215
1.74204 0 0 0.0181542 0.10831 2.51056 215
1.76627 0 0 0.0181493 0.108273 2.51056 215
1.79064 0 0 0.0181431 0.10822 2.51056 215
1.81455 0 0 0.018136 0.108146 2.51056 215
1.84037 0 0 0.0181301 0.10808 2.51056 215
1.86427 0 0 0.0181259 0.108046 2.51056 215
1.88744 0 0 0.0181226 0.107995 2.51056 215
