0.414103 0 0 0.24639 0.519292 2.46846 209
0.0818826 12 0 0.12462 0.384593 2.46846 209
0.131981 18 0 0.076726 0.246811 2.46846 209
0.162704 5 0 0.0765383 0.248752 2.46846 209
0.18957 3 0 0.0764507 0.250344 2.46846 209
0.213205 1 0 0.0763998 0.250027 2.46846 209
0.239601 3 0 0.0763863 0.250376 2.46846 209
0.262938 1 0 0.0763822 0.250795 2.46846 209
0.286234 1 0 0.0763605 0.251306 2.46846 209
0.309832 1 0 0.0763664 0.251755 2.46846 209
0.333179 1 0 0.0763478 0.251969 2.46846 209
0.356507 1 0 0.0763361 0.25242 2.46846 209
0.379833 1 0 0.07633 0.252599 2.46846 209
0.403914 1 0 0.0763252 0.252955 2.46846 209
0.427979 1 0 0.0763168 0.253275 2.46846 209
0.450504 0 0 0.0763054 0.253462 2.46846 209
0.472448 0 0 0.0762851 0.253746 2.46846 209
0.494511 0 0 0.0762875 0.253965 2.46846 209
0.517394 0 0 0.0762765 0.254095 2.46846 209
0.539877 0 0 0.0762601 0.254206 2.46846 209
0.561393 0 0 0.0762513 0.254462 2.46846 209
0.583815 0 0 0.0762524 0.254724 2.46846 209
0.608088 1 0 0.0762757 0.254928 2.46846 209
0.634534 0 0 0.0762872 0.254945 2.46846 209
0.659333 0 0 0.0762941 0.254904 2.46846 209
0.682264 0 0 0.0763032 0.254967 2.46846 209
0.704 0 0 0.0763203 0.254994 2.46846 209
0.725946 0 0 0.0763207 0.25501 2.46846 209
0.747767 0 0 0.0763284 0.255033 2.46846 209
0.769145 0 0 0.0763181 0.255142 2.46846 209
0.790949 0 0 0.0763242 0.255249 2.46846 209
0.812693 0 0 0.0763083 0.255145 2.46846 209
0.83432 0 0 0.0763151 0.255197 2.46846 209
0.856719 0 0 0.0763148 0.255181 2.46846 209
0.877814 0 0 0.0763199 0.255177 2.46846 209
0.899749 0 0 0.0763264 0.255247 2.46846 209
0.924105 1 0 0.0763403 0.255349 2.46846 209
0.951965 0 0 0.0763482 0.255307 2.46846 209
0.975098 0 0 0.0763742 0.255315 2.46846 209
0.997268 0 0 0.0763806 0.255283 2.46846 209
1.01894 0 0 0.0763963 0.255445 2.46846 209
1.04178 0 0 0.076409 0.255362 2.46846 209
1.06376 0 0 0.076407 0.255384 2.46846 209
1.08539 0 0 0.0764071 0.255353 2.46846 209
1.10665 0 0 0.0764021 0.255372 2.46846 209
1.12874 0 0 0.0764066 0.255418 2.46846 209
1.15061 0 0 0.0764066 0.255537 2.46846 209
1.17503 1 0 0.0764146 0.25611 2.46846 209
1.2013 0 0 0.0764316 0.256892 2.46846 209
1.22351 0 0 0.0764236 0.256538 2.46846 209
1.24539 0 0 0.0764247 0.256392 2.46846 209
1.2674 0 0 0.0764382 0.256591 2.46846 209
1.292 1 0 0.0764501 0.257465 2.46846 209
1.33124 1 0 0.0764426 0.257991 2.46846 209
1.35376 0 0 0.0764475 0.259204 2.46846 209
1.37563 0 0 0.0764524 0.259403 2.46846 209
1.39758 0 0 0.0764501 0.259506 2.46846 209
1.42026 0 0 0.0764487 0.259611 2.46846 209
1.44237 0 0 0.0764451 0.259558 2.46846 209
1.46438 0 0 0.0764504 0.259438 2.46846 209
1.48812 1 0 0.0764602 0.260375 2.46846 209
1.52063 1 0 0.0764384 0.259874 2.46846 209
1.54297 0 0 0.076425 0.259835 2.46846 209
1.56478 0 0 0.0764138 0.259946 2.46846 209
1.58674 0 0 0.0764046 0.259922 2.46846 209
1.60853 0 0 0.076401 0.259997 2.46846 209
1.63036 0 0 0.076404 0.26008 2.46846 209
1.65225 0 0 0.076391 0.259774 2.46846 209
1.67411 0 0 0.0763825 0.259364 2.46846 209
1.69589 0 0 0.0763823 0.259421 2.46846 209
1.71865 0 0 0.0763798 0.259467 2.46846 209
1.7409 0 0 0.0763804 0.259564 2.46846 209
1.76268 0 0 0.0763788 0.259615 2.46846 209
1.78466 0 0 0.0763787 0.259591 2.46846 209
1.80856 1 0 0.0763834 0.260267 2.46846 209
1.83522 1 0 0.0763605 0.259016 2.46846 209
1.85781 0 0 0.0763594 0.25853 2.46846 209
1.88014 0 0 0.0763538 0.257731 2.46846 209
1.90325 0 0 0.0763624 0.257442 2.46846 209
1.92543 0 0 0.0763792 0.257517 2.46846 209
1.94734 0 0 0.076385 0.257699 2.46846 209
1.9692 0 0 0.0763892 0.257818 2.46846 209
1.9916 0 0 0.0763908 0.25805 2.46846 209
2.01373 0 0 0.0763863 0.258067 2.46846 209
2.03581 0 0 0.0763817 0.258042 2.46846 209
2.05811 0 0 0.0763799 0.257939 2.46846 209
2.08062 0 0 0.0763808 0.257945 2.46846 209
2.10315 0 0 0.0763769 0.257906 2.46846 209
2.12536 0 0 0.0763745 0.257906 2.46846 209
2.14723 0 0 0.0763731 0.257908 2.46846 209
2.16912 0 0 0.0763741 0.257904 2.46846 209
2.19099 0 0 0.0763715 0.257901 2.46846 209
2.21282 0 0 0.0763709 0.257898 2.46846 209
2.2347 0 0 0.0763702 0.257895 2.46846 209
2.25683 0 0 0.0763711 0.258144 2.46846 209
2.28625 0 0 0.076356 0.258047 2.46846 209
2.30871 0 0 0.0763567 0.257999 2.46846 209
2.33094 0 0 0.0763601 0.258069 2.46846 209
2.35287 0 0 0.076351 0.258046 2.46846 209
2.37626 0 0 0.0763475 0.258084 2.46846 209
2.40644 0 0 0.0763439 0.258105 2.46846 209
