0.435503 0 0 0.224494 0.472757 2.53176 214
0.0416324 3 0 0.00525226 0.0265395 2.53176 214
0.0728396 3 0 0.00487235 0.027215 2.53176 214
0.0995499 1 0 0.00486771 0.0281945 2.53176 214
0.123589 0 0 0.00490796 0.028807 2.53176 214
0.147127 0 0 0.00496036 0.0293587 2.53176 214
0.171629 0 0 0.00497565 0.0298208 2.53176 214
0.19505 0 0 0.00500006 0.029894 2.53176 214
0.218214 0 0 0.00501194 0.0299666 2.53176 214
0.242538 0 0 0.005029 0.0300067 2.53176 214
0.265862 0 0 0.00501096 0.0298708 2.53176 214
0.290527 0 0 0.00501481 0.030198 2.53176 214
0.315012 0 0 0.00501738 0.0301363 2.53176 214
0.339058 0 0 0.00501854 0.0305729 2.53176 214
0.362112 0 0 0.00501287 0.030429 2.53176 214
0.386263 0 0 0.0050069 0.03056 2.53176 214
0.409188 0 0 0.00499635 0.030434 2.53176 214
0.432171 0 0 0.00499289 0.0305214 2.53176 214
0.455184 0 0 0.0049878 0.0305354 2.53176 214
0.47829 0 0 0.00498724 0.0306247 2.53176 214
0.502618 0 0 0.00498171 0.0305524 2.53176 214
0.528867 1 0 0.00489618 0.0304502 2.53176 214
0.571535 1 0 0.00480926 0.0303445 2.53176 214
0.60487 0 0 0.00473901 0.0301678 2.53176 214
0.632602 0 0 0.00470162 0.0300114 2.53176 214
0.656294 0 0 0.00468904 0.029971 2.53176 214
0.680643 0 0 0.00467176 0.0299539 2.53176 214
0.704702 0 0 0.0046627 0.0299137 2.53176 214
0.727949 0 0 0.00463692 0.0298453 2.53176 214
0.752664 0 0 0.00462021 0.0298392 2.53176 214
0.776718 0 0 0.00459209 0.029912 2.53176 214
0.801839 0 0 0.00457586 0.0301099 2.53176 214
0.82842 0 0 0.00456611 0.0303223 2.53176 214
0.8556 0 0 0.0045502 0.0304421 2.53176 214
0.8864 0 0 0.00453768 0.0307021 2.53176 214
0.917159 0 0 0.00451511 0.0310222 2.53176 214
0.941132 0 0 0.00450339 0.031302 2.53176 214
0.965087 0 0 0.00448869 0.0315824 2.53176 214
0.989554 0 0 0.00447625 0.0316673 2.53176 214
1.01582 0 0 0.00446515 0.0318853 2.53176 214
1.04081 0 0 0.00445911 0.0322311 2.53176 214
