0.444284 0 0 0.108894 0.288981 2.00177 213
0.0537548 6 0 0.00411282 0.0219639 2.00177 213
0.0798472 1 0 0.00339233 0.0188233 2.00177 213
0.109601 2 0 0.00301347 0.0158931 2.00177 213
0.135433 1 0 0.00284114 0.0152366 2.00177 213
0.158391 0 0 0.00274143 0.014943 2.00177 213
0.181682 0 0 0.00267647 0.0145851 2.00177 213
0.204698 0 0 0.00261032 0.0142459 2.00177 213
0.228195 0 0 0.00257286 0.0142997 2.00177 213
0.25106 0 0 0.00256081 0.0142183 2.00177 213
0.273049 0 0 0.00253492 0.0142102 2.00177 213
0.29518 0 0 0.00250025 0.0142055 2.00177 213
0.318046 0 0 0.00247829 0.0142042 2.00177 213
0.340619 0 0 0.00247836 0.0141901 2.00177 213
0.364703 0 0 0.00242587 0.0143532 2.00177 213
0.39227 0 0 0.0023875 0.0146294 2.00177 213
0.417447 0 0 0.00236572 0.0147051 2.00177 213
0.439935 0 0 0.00234311 0.0147247 2.00177 213
0.463419 0 0 0.00231892 0.0149667 2.00177 213
0.486906 0 0 0.00228535 0.0150147 2.00177 213
0.510515 0 0 0.00226343 0.0151538 2.00177 213
0.540208 0 0 0.00224468 0.0151698 2.00177 213
0.566241 0 0 0.00221542 0.0148942 2.00177 213
0.589406 0 0 0.00219575 0.0146799 2.00177 213
0.612772 0 0 0.00217768 0.0146081 2.00177 213
0.63678 0 0 0.00216323 0.0145198 2.00177 213
0.659862 0 0 0.00215196 0.0144295 2.00177 213
0.682737 0 0 0.00214213 0.0143972 2.00177 213
