0.42104 0 0 0.0291837 0.081513 1.92124 211
0.0470135 2 0 0.00147593 0.0108247 1.92124 211
0.0746137 0 0 0.00121242 0.0092068 1.92124 211
0.10136 1 0 0.0010487 0.00860548 1.92124 211
0.124125 0 0 0.00101865 0.00840476 1.92124 211
0.147858 0 0 0.00101017 0.00838073 1.92124 211
0.172003 0 0 0.000964514 0.00859446 1.92124 211
0.198808 0 0 0.000954065 0.00862417 1.92124 211
0.221751 0 0 0.00095158 0.00861303 1.92124 211
0.246575 0 0 0.000951711 0.00860414 1.92124 211
0.271139 0 0 0.000916558 0.00887401 1.92124 211
0.300508 0 0 0.000888527 0.00906876 1.92124 211
0.325593 0 0 0.000879882 0.00903241 1.92124 211
0.349137 0 0 0.00087884 0.00903653 1.92124 211
0.373279 0 0 0.000868976 0.0091496 1.92124 211
0.39797 0 0 0.000860026 0.00922333 1.92124 211
