0.426471 0 0 0.194657 0.439651 2.08179 212
0.0675955 9 0 0.00434709 0.0247667 2.08179 212
0.0936066 1 0 0.00406631 0.0264285 2.08179 212
0.120521 1 0 0.00399152 0.0270466 2.08179 212
0.146749 1 0 0.00393672 0.0276352 2.08179 212
0.172854 1 0 0.00390654 0.0279288 2.08179 212
0.197035 0 0 0.00391521 0.0286585 2.08179 212
0.221442 0 0 0.00394341 0.0293331 2.08179 212
0.244853 0 0 0.00395188 0.0297335 2.08179 212
0.269904 0 0 0.00395781 0.0298976 2.08179 212
0.294113 0 0 0.00397187 0.0300523 2.08179 212
0.317248 0 0 0.00398437 0.0298649 2.08179 212
0.341239 0 0 0.00399788 0.0299503 2.08179 212
0.36384 0 0 0.00401895 0.0298168 2.08179 212
0.386797 0 0 0.00402397 0.0296691 2.08179 212
0.41105 0 0 0.00403854 0.0295901 2.08179 212
0.434796 0 0 0.00404063 0.0295922 2.08179 212
0.459925 1 0 0.00395051 0.0289501 2.08179 212
0.489895 0 0 0.00394745 0.028893 2.08179 212
0.520849 1 0 0.00385097 0.0287028 2.08179 212
0.544309 0 0 0.0038237 0.0286477 2.08179 212
0.568164 0 0 0.00381539 0.0286128 2.08179 212
0.59218 0 0 0.00375063 0.0286873 2.08179 212
0.622612 0 0 0.00372537 0.0286842 2.08179 212
0.652428 0 0 0.00369551 0.0290981 2.08179 212
0.678839 0 0 0.00367389 0.0291822 2.08179 212
0.702616 0 0 0.00365089 0.0293916 2.08179 212
0.732741 0 0 0.00364795 0.0298059 2.08179 212
0.756396 0 0 0.00364738 0.0303065 2.08179 212
0.77965 0 0 0.00365895 0.0306038 2.08179 212
0.80293 0 0 0.00367231 0.0309055 2.08179 212
0.826279 0 0 0.00369139 0.0311342 2.08179 212
0.84983 0 0 0.00371315 0.0312581 2.08179 212
0.873489 0 0 0.00374186 0.0316646 2.08179 212
0.896833 0 0 0.00375838 0.0319189 2.08179 212
0.921415 0 0 0.00377778 0.0324176 2.08179 212
0.944743 0 0 0.00378351 0.0323997 2.08179 212
0.968077 0 0 0.00378386 0.0323398 2.08179 212
0.991616 0 0 0.00379036 0.0322655 2.08179 212
1.02143 0 0 0.00377777 0.0321394 2.08179 212
