0.4288 0 0 0.102087 0.282331 2.32048 213
0.0393075 3 0 0.00295005 0.0385056 2.32048 213
0.0669036 1 0 0.00251162 0.0359292 2.32048 213
0.0926312 1 0 0.00237518 0.0362961 2.32048 213
0.117195 0 0 0.00231444 0.0359266 2.32048 213
0.14167 0 0 0.00226876 0.0358154 2.32048 213
0.165514 0 0 0.002164 0.0330144 2.32048 213
0.188927 0 0 0.00221196 0.0358411 2.32048 213
0.213723 0 0 0.00216425 0.0346469 2.32048 213
0.238016 0 0 0.00212758 0.0345747 2.32048 213
0.261433 0 0 0.00211479 0.0347604 2.32048 213
0.284688 0 0 0.00207638 0.0345414 2.32048 213
0.308081 0 0 0.00207451 0.0347269 2.32048 213
0.332469 0 0 0.0020445 0.0345854 2.32048 213
0.356554 0 0 0.00202674 0.034558 2.32048 213
0.379964 0 0 0.0020135 0.0345522 2.32048 213
0.403516 0 0 0.00200323 0.0345482 2.32048 213
0.427784 0 0 0.00199781 0.0344957 2.32048 213
0.451183 0 0 0.00199289 0.0345808 2.32048 213
0.475904 0 0 0.00198406 0.0344623 2.32048 213
0.500356 0 0 0.00198057 0.034508 2.32048 213
0.533582 0 0 0.00194517 0.0345935 2.32048 213
0.557204 0 0 0.00192503 0.0345185 2.32048 213
0.581475 0 0 0.00192075 0.0344511 2.32048 213
0.606298 0 0 0.0018854 0.0345863 2.32048 213
0.63628 0 0 0.00187047 0.0344461 2.32048 213
0.665612 0 0 0.0018609 0.0343558 2.32048 213
0.69006 0 0 0.00185858 0.0343162 2.32048 213
0.715282 0 0 0.00184039 0.0343914 2.32048 213
0.745092 0 0 0.00182218 0.0341037 2.32048 213
0.770419 0 0 0.00180848 0.0336644 2.32048 213
0.796047 0 0 0.00179744 0.0336276 2.32048 213
0.821446 0 0 0.00176929 0.0328499 2.32048 213
0.845908 0 0 0.00175853 0.032817 2.32048 213
0.870448 0 0 0.00175129 0.0328817 2.32048 213
0.895618 0 0 0.00174614 0.0329532 2.32048 213
0.920096 0 0 0.00174421 0.0331238 2.32048 213
