0.441536 0 0 0.0510047 0.149751 2.034 212
0.0576448 3 0 0.00128631 0.00987852 2.034 212
0.0839637 1 0 0.00110318 0.00971817 2.034 212
0.107726 0 0 0.00101054 0.0102464 2.034 212
0.131783 0 0 0.0010068 0.010081 2.034 212
0.155319 0 0 0.00089998 0.00976042 2.034 212
0.194707 0 0 0.000906161 0.00992941 2.034 212
0.219617 0 0 0.000859262 0.00991224 2.034 212
0.248982 0 0 0.000822658 0.00992491 2.034 212
0.274978 0 0 0.000815567 0.00994631 2.034 212
0.299206 0 0 0.000804835 0.00998626 2.034 212
0.32875 0 0 0.000793426 0.00999563 2.034 212
0.353475 0 0 0.000783899 0.0099644 2.034 212
