0.424415 0 0 0.207148 0.461617 2.16325 212
0.0486713 4 0 0.00441014 0.0268692 2.16325 212
0.0769703 2 0 0.00359652 0.0262503 2.16325 212
0.102744 1 0 0.00343636 0.0256262 2.16325 212
0.126591 0 0 0.0033784 0.0254589 2.16325 212
0.150251 0 0 0.0032969 0.0253031 2.16325 212
0.173452 0 0 0.00324935 0.0248618 2.16325 212
0.198548 0 0 0.00322812 0.025108 2.16325 212
0.222065 0 0 0.0031941 0.0250883 2.16325 212
0.244981 0 0 0.00315919 0.0247639 2.16325 212
0.267961 0 0 0.003123 0.0241178 2.16325 212
0.290844 0 0 0.00308933 0.0239884 2.16325 212
0.314689 0 0 0.00305972 0.0233978 2.16325 212
0.33869 0 0 0.00299861 0.0229333 2.16325 212
0.365612 0 0 0.00295082 0.0222109 2.16325 212
0.389706 0 0 0.00292212 0.0220969 2.16325 212
0.42292 0 0 0.00289778 0.0223213 2.16325 212
0.448449 0 0 0.00288983 0.0228103 2.16325 212
0.473725 0 0 0.00288318 0.0233873 2.16325 212
0.503095 0 0 0.00286453 0.023508 2.16325 212
0.527452 0 0 0.00285957 0.0239605 2.16325 212
0.551966 0 0 0.00284984 0.0242305 2.16325 212
0.576315 0 0 0.002835 0.024451 2.16325 212
0.600787 0 0 0.00282008 0.0246958 2.16325 212
0.624876 0 0 0.00280433 0.0246753 2.16325 212
0.648747 0 0 0.00279841 0.0249284 2.16325 212
0.67246 0 0 0.00279874 0.0253712 2.16325 212
0.695966 0 0 0.00279648 0.0256299 2.16325 212
0.71964 0 0 0.00280521 0.0260932 2.16325 212
0.743206 0 0 0.00281154 0.0264561 2.16325 212
0.767138 0 0 0.00282234 0.0270913 2.16325 212
0.791426 0 0 0.00282613 0.0270929 2.16325 212
0.815425 0 0 0.00281292 0.0269793 2.16325 212
0.839091 0 0 0.00280172 0.0269733 2.16325 212
0.862762 0 0 0.00279453 0.0269777 2.16325 212
