0.426876 0 0 0.218535 0.488204 2.1396 213
0.0554214 3 0 0.154267 0.359711 2.1396 213
0.100459 9 0 0.137366 0.294798 2.1396 213
0.132609 5 0 0.137178 0.293086 2.1396 213
0.161091 3 0 0.13715 0.29268 2.1396 213
0.186452 1 0 0.137129 0.292501 2.1396 213
0.21195 1 0 0.137078 0.292203 2.1396 213
0.237515 1 0 0.137058 0.291643 2.1396 213
0.264257 1 0 0.137048 0.291178 2.1396 213
0.289891 1 0 0.137021 0.291081 2.1396 213
0.315785 1 0 0.137011 0.290783 2.1396 213
0.341453 1 0 0.137016 0.290564 2.1396 213
0.367246 1 0 0.137015 0.290456 2.1396 213
0.393385 1 0 0.137011 0.290413 2.1396 213
0.419453 1 0 0.137005 0.290376 2.1396 213
0.444157 0 0 0.136992 0.290384 2.1396 213
0.468999 0 0 0.136968 0.290401 2.1396 213
0.493896 0 0 0.13696 0.29041 2.1396 213
0.517866 0 0 0.136951 0.290417 2.1396 213
0.544868 0 0 0.136938 0.290424 2.1396 213
0.569614 0 0 0.136927 0.29043 2.1396 213
0.593729 0 0 0.136916 0.290436 2.1396 213
0.617568 0 0 0.136903 0.290442 2.1396 213
0.641276 0 0 0.136895 0.290453 2.1396 213
0.665363 0 0 0.136889 0.290458 2.1396 213
0.68963 0 0 0.13688 0.290463 2.1396 213
0.713572 0 0 0.13688 0.290468 2.1396 213
0.737377 0 0 0.13688 0.290473 2.1396 213
0.761173 0 0 0.136875 0.290478 2.1396 213
0.787387 1 0 0.136873 0.290469 2.1396 213
0.817917 0 0 0.136866 0.290468 2.1396 213
0.841946 0 0 0.136867 0.290473 2.1396 213
0.866542 0 0 0.136858 0.290479 2.1396 213
0.891612 0 0 0.136844 0.290485 2.1396 213
0.915742 0 0 0.136836 0.29049 2.1396 213
0.939897 0 0 0.136832 0.290495 2.1396 213
0.964419 0 0 0.136831 0.290498 2.1396 213
0.989215 0 0 0.136834 0.290502 2.1396 213
1.01367 0 0 0.136833 0.290505 2.1396 213
1.03813 0 0 0.13683 0.290507 2.1396 213
1.06217 0 0 0.136831 0.290509 2.1396 213
1.08956 1 0 0.136835 0.29028 2.1396 213
1.12064 0 0 0.136825 0.290279 2.1396 213
1.14586 0 0 0.136816 0.29027 2.1396 213
1.17123 0 0 0.136808 0.290252 2.1396 213
1.19604 0 0 0.136807 0.290244 2.1396 213
1.22016 0 0 0.136799 0.290236 2.1396 213
1.24491 0 0 0.136791 0.290229 2.1396 213
1.26963 0 0 0.136788 0.290222 2.1396 213
1.29425 0 0 0.136779 0.290216 2.1396 213
1.31866 0 0 0.136773 0.290211 2.1396 213
1.34376 0 0 0.136763 0.290207 2.1396 213
1.36804 0 0 0.136755 0.290203 2.1396 213
1.39328 0 0 0.136749 0.290199 2.1396 213
1.41812 0 0 0.136747 0.290196 2.1396 213
1.44299 0 0 0.136741 0.290193 2.1396 213
1.4673 0 0 0.136739 0.290191 2.1396 213
1.49215 0 0 0.136736 0.290188 2.1396 213
1.51594 0 0 0.136733 0.290186 2.1396 213
1.54 0 0 0.136732 0.290184 2.1396 213
1.56394 0 0 0.136733 0.290183 2.1396 213
1.58829 0 0 0.136731 0.290181 2.1396 213
1.61389 0 0 0.13673 0.290179 2.1396 213
1.64936 1 0 0.13673 0.289917 2.1396 213
1.68009 0 0 0.136714 0.289731 2.1396 213
1.70496 0 0 0.136717 0.289727 2.1396 213
1.72977 0 0 0.136713 0.289756 2.1396 213
1.75463 0 0 0.136707 0.289755 2.1396 213
1.7802 0 0 0.1367 0.289756 2.1396 213
1.80537 0 0 0.136696 0.289757 2.1396 213
1.82959 0 0 0.136692 0.289757 2.1396 213
1.86222 1 0 0.136693 0.289532 2.1396 213
1.88666 0 0 0.136676 0.289536 2.1396 213
1.9106 0 0 0.136665 0.289604 2.1396 213
1.93454 0 0 0.136648 0.289616 2.1396 213
1.9583 0 0 0.136635 0.289539 2.1396 213
1.98265 0 0 0.136627 0.289527 2.1396 213
2.00724 0 0 0.136624 0.289512 2.1396 213
2.03171 0 0 0.136622 0.28949 2.1396 213
2.05627 0 0 0.136617 0.289462 2.1396 213
2.08017 0 0 0.136613 0.289424 2.1396 213
2.10442 0 0 0.136611 0.289403 2.1396 213
2.12821 0 0 0.136612 0.289401 2.1396 213
2.15202 0 0 0.136612 0.289402 2.1396 213
2.17694 0 0 0.136611 0.289369 2.1396 213
2.20712 0 0 0.136612 0.289409 2.1396 213
2.23204 0 0 0.136615 0.289395 2.1396 213
2.25585 0 0 0.136615 0.289376 2.1396 213
2.28017 0 0 0.136616 0.289409 2.1396 213
2.30439 0 0 0.136614 0.289476 2.1396 213
2.32885 0 0 0.136613 0.289434 2.1396 213
2.35309 0 0 0.136612 0.289461 2.1396 213
2.3778 0 0 0.136611 0.289494 2.1396 213
2.40284 0 0 0.136614 0.289507 2.1396 213
2.42823 0 0 0.136615 0.289475 2.1396 213
2.45269 0 0 0.136616 0.289365 2.1396 213
2.47699 0 0 0.136618 0.289343 2.1396 213
2.50885 0 0 0.136622 0.289318 2.1396 213
2.53891 0 0 0.13663 0.289385 2.1396 213
2.5629 0 0 0.136632 0.289401 2.1396 213
2.5875 0 0 0.13663 0.289399 2.1396 213
