0.41935 0 0 0.22094 0.480341 2.15978 209
0.0578479 11 0 0.00457537 0.0234405 2.15978 209
0.0846748 1 0 0.00428544 0.0220765 2.15978 209
0.109235 1 0 0.00425899 0.0214081 2.15978 209
0.132261 0 0 0.0043022 0.0212547 2.15978 209
0.155311 0 0 0.00433721 0.0217775 2.15978 209
0.178229 0 0 0.00436865 0.0222117 2.15978 209
0.201054 0 0 0.004393 0.0225024 2.15978 209
0.226966 1 0 0.00432992 0.0223566 2.15978 209
0.257606 0 0 0.00432488 0.0223987 2.15978 209
0.279773 0 0 0.0043187 0.0224787 2.15978 209
0.301884 0 0 0.00435757 0.0226612 2.15978 209
0.325434 0 0 0.00435715 0.022496 2.15978 209
0.350528 1 0 0.00427055 0.0220876 2.15978 209
0.374401 0 0 0.00425719 0.0220207 2.15978 209
0.406429 1 0 0.00419788 0.0220727 2.15978 209
0.42951 0 0 0.00418102 0.0219819 2.15978 209
0.452468 0 0 0.00416604 0.0221307 2.15978 209
0.476013 0 0 0.00414633 0.0220304 2.15978 209
0.500762 0 0 0.00411543 0.022702 2.15978 209
0.524474 0 0 0.00410569 0.0230967 2.15978 209
0.551943 0 0 0.00408683 0.0232315 2.15978 209
0.57635 0 0 0.00405604 0.0235049 2.15978 209
0.605435 0 0 0.00404065 0.023726 2.15978 209
0.629192 0 0 0.00403334 0.0237379 2.15978 209
0.653033 0 0 0.0040212 0.0236529 2.15978 209
0.677046 0 0 0.00401544 0.0238715 2.15978 209
0.705472 0 0 0.00400596 0.0238312 2.15978 209
0.73069 0 0 0.00400455 0.0237849 2.15978 209
0.754737 0 0 0.00400715 0.0238328 2.15978 209
0.778952 0 0 0.00399861 0.023633 2.15978 209
0.802671 0 0 0.00399562 0.0238883 2.15978 209
0.826008 0 0 0.00399565 0.024087 2.15978 209
0.849422 0 0 0.00399643 0.024337 2.15978 209
0.873239 0 0 0.00399257 0.0245211 2.15978 209
