0.425432 0 0 2.08669e-06 2.15319e-06 2.04421 210
0.0379964 1 0 0.065082 0.808005 2.04421 210
0.0658345 0 0 0.0136867 0.135322 2.04421 210
0.0913924 0 0 0.0118172 0.112735 2.04421 210
0.114819 0 0 0.0102323 0.10112 2.04421 210
0.138363 0 0 0.00912528 0.101212 2.04421 210
0.164209 0 0 0.0080212 0.10961 2.04421 210
0.189667 0 0 0.00813143 0.11307 2.04421 210
0.212783 0 0 0.00787787 0.111697 2.04421 210
0.236252 0 0 0.00799238 0.107562 2.04421 210
0.259206 0 0 0.00798968 0.114296 2.04421 210
0.282235 0 0 0.0075076 0.111008 2.04421 210
0.305695 0 0 0.00668772 0.0949035 2.04421 210
0.32869 0 0 0.0064322 0.0910969 2.04421 210
0.351158 0 0 0.00623308 0.0885795 2.04421 210
0.37456 0 0 0.00620477 0.0890049 2.04421 210
0.397239 0 0 0.00631519 0.090723 2.04421 210
0.42053 0 0 0.00635784 0.0908577 2.04421 210
0.443566 0 0 0.00648291 0.0914477 2.04421 210
0.466307 0 0 0.0067353 0.0924618 2.04421 210
0.488817 0 0 0.00699239 0.094038 2.04421 210
0.511417 0 0 0.00719544 0.0972506 2.04421 210
0.534745 0 0 0.00737965 0.103146 2.04421 210
0.557977 0 0 0.00749237 0.10699 2.04421 210
0.580986 0 0 0.00755779 0.109164 2.04421 210
0.603789 0 0 0.00759898 0.110395 2.04421 210
0.626848 0 0 0.00762436 0.111091 2.04421 210
0.649559 0 0 0.0076388 0.111463 2.04421 210
