0.442935 0 0 0.030735 0.0531176 2.1111 209
0.0372112 2 0 0.0012718 0.0106997 2.1111 209
0.0722708 0 0 0.00106816 0.00839108 2.1111 209
0.0964015 1 0 0.000879172 0.0065775 2.1111 209
0.119135 0 0 0.000854683 0.00635863 2.1111 209
0.14503 0 0 0.000799445 0.00616899 2.1111 209
0.169979 0 0 0.00077988 0.00620093 2.1111 209
0.1936 0 0 0.000771786 0.00598882 2.1111 209
0.218633 0 0 0.000741802 0.00608371 2.1111 209
0.246913 0 0 0.000730278 0.00608695 2.1111 209
0.270425 0 0 0.000705866 0.00617949 2.1111 209
0.293037 0 0 0.000693831 0.00620206 2.1111 209
0.318469 0 0 0.000681774 0.00627088 2.1111 209
0.347625 0 0 0.000671625 0.00632157 2.1111 209
0.376063 0 0 0.000671416 0.00633708 2.1111 209
