0.411611 0 0 0.185618 0.406579 2.28167 207
0.0602687 10 0 0.00253975 0.0143767 2.28167 207
0.0851487 1 0 0.00222173 0.0141191 2.28167 207
0.108229 0 0 0.00213336 0.0135908 2.28167 207
0.130051 0 0 0.00205351 0.013105 2.28167 207
0.153235 0 0 0.00199573 0.0129955 2.28167 207
0.175156 0 0 0.00194339 0.0128323 2.28167 207
0.196781 0 0 0.0019294 0.0138567 2.28167 207
0.218747 0 0 0.0018876 0.0132412 2.28167 207
0.240725 0 0 0.00185231 0.0129487 2.28167 207
0.262889 0 0 0.00183461 0.0125542 2.28167 207
0.286882 1 0 0.0017342 0.0121225 2.28167 207
0.313663 0 0 0.00170191 0.0120739 2.28167 207
0.33796 0 0 0.00162106 0.0121475 2.28167 207
0.360841 0 0 0.00155638 0.011939 2.28167 207
0.383392 0 0 0.00150568 0.0118997 2.28167 207
0.405749 0 0 0.00143198 0.0116427 2.28167 207
0.428249 0 0 0.00138498 0.0113963 2.28167 207
0.450761 0 0 0.0013446 0.0111058 2.28167 207
0.473402 0 0 0.00130553 0.0109239 2.28167 207
0.495404 0 0 0.00127303 0.0106851 2.28167 207
0.516903 0 0 0.00125107 0.0106526 2.28167 207
0.538303 0 0 0.00123559 0.0106562 2.28167 207
0.560233 0 0 0.00123054 0.0106649 2.28167 207
0.583226 0 0 0.00119489 0.0110082 2.28167 207
0.606781 0 0 0.00116202 0.0113701 2.28167 207
0.629667 0 0 0.00113976 0.0113239 2.28167 207
0.655729 0 0 0.00111968 0.0114572 2.28167 207
0.685069 0 0 0.00109139 0.0112934 2.28167 207
