0.438872 0 0 0.0659372 0.326965 2.1131 212
0.0571117 1 0 0.00165728 0.0178987 2.1131 212
0.0811139 0 0 0.00146431 0.0143939 2.1131 212
0.106422 1 0 0.00118643 0.0123712 2.1131 212
0.129496 0 0 0.00111846 0.0129717 2.1131 212
0.152475 0 0 0.00105104 0.0129421 2.1131 212
0.174662 0 0 0.000987351 0.0130987 2.1131 212
0.197751 0 0 0.000956579 0.0131191 2.1131 212
0.221075 0 0 0.000920069 0.0131408 2.1131 212
0.244045 0 0 0.000882705 0.0130794 2.1131 212
0.266461 0 0 0.000854353 0.0131498 2.1131 212
0.288971 0 0 0.000848115 0.0130461 2.1131 212
0.311614 0 0 0.000841846 0.0130662 2.1131 212
0.333867 0 0 0.000837669 0.0130465 2.1131 212
0.357296 0 0 0.000816142 0.013482 2.1131 212
0.385774 0 0 0.000795907 0.0142188 2.1131 212
0.409092 0 0 0.000776069 0.0150941 2.1131 212
0.432848 0 0 0.000763089 0.015211 2.1131 212
0.455661 0 0 0.000757439 0.015139 2.1131 212
0.487781 0 0 0.000753798 0.0156122 2.1131 212
0.511399 0 0 0.000744546 0.0158138 2.1131 212
0.53461 0 0 0.000722016 0.0157592 2.1131 212
0.558238 0 0 0.000708063 0.0162366 2.1131 212
0.581894 0 0 0.000696112 0.0162313 2.1131 212
0.605638 0 0 0.000683253 0.0159947 2.1131 212
0.628966 0 0 0.00066476 0.0149973 2.1131 212
0.652367 0 0 0.000649138 0.0139807 2.1131 212
0.675285 0 0 0.000635481 0.0129645 2.1131 212
0.698256 0 0 0.000614462 0.0109566 2.1131 212
0.721707 0 0 0.000588184 0.0108941 2.1131 212
0.746024 0 0 0.000576274 0.0109577 2.1131 212
0.769933 0 0 0.000573371 0.0108795 2.1131 212
0.794045 0 0 0.000571161 0.0108115 2.1131 212
