0.415104 0 0 0.0494042 0.101974 2.22681 207
0.0550552 2 0 0.000930068 0.00706677 2.22681 207
0.0784172 0 0 0.00081428 0.00468306 2.22681 207
0.100232 0 0 0.000729524 0.00486532 2.22681 207
0.121407 0 0 0.000735557 0.00485142 2.22681 207
0.142446 0 0 0.00068777 0.00468291 2.22681 207
0.164136 0 0 0.000686212 0.0045944 2.22681 207
0.186269 0 0 0.000637942 0.00437438 2.22681 207
0.215033 0 0 0.000581399 0.00396644 2.22681 207
0.237904 0 0 0.000534082 0.00364027 2.22681 207
0.265216 0 0 0.00050491 0.00348954 2.22681 207
0.296875 0 0 0.000483767 0.00343305 2.22681 207
0.328161 0 0 0.000472705 0.00339285 2.22681 207
