0.418377 0 0 0.194598 0.418063 2.35458 210
0.0627672 4 0 0.00179083 0.0110408 2.35458 210
0.0872636 1 0 0.00144591 0.00975382 2.35458 210
0.110577 0 0 0.00132744 0.00893853 2.35458 210
0.1325 0 0 0.00124332 0.0085023 2.35458 210
0.154052 0 0 0.00121293 0.00787687 2.35458 210
0.175425 0 0 0.00119126 0.00829287 2.35458 210
0.196964 0 0 0.00116606 0.00804315 2.35458 210
0.21873 0 0 0.00115002 0.00816398 2.35458 210
0.240297 0 0 0.00112162 0.00809166 2.35458 210
0.261633 0 0 0.00112296 0.00805956 2.35458 210
0.283984 0 0 0.00110463 0.00802957 2.35458 210
0.306541 0 0 0.0011001 0.00801917 2.35458 210
0.32998 0 0 0.001046 0.00796597 2.35458 210
0.359123 0 0 0.000978281 0.00792626 2.35458 210
0.381383 0 0 0.000932553 0.00785355 2.35458 210
0.403792 0 0 0.00091708 0.00772669 2.35458 210
0.427287 0 0 0.000876386 0.00770508 2.35458 210
0.453807 0 0 0.000844245 0.00773312 2.35458 210
0.477864 0 0 0.00082344 0.00780954 2.35458 210
0.503981 0 0 0.000804415 0.00786414 2.35458 210
