0.421767 0 0 0.240142 0.476158 2.4406 211
0.0649579 8 0 0.00407125 0.0221972 2.4406 211
0.0903378 1 0 0.00390399 0.0218217 2.4406 211
0.114211 1 0 0.00392148 0.0215537 2.4406 211
0.136983 0 0 0.00394952 0.0214614 2.4406 211
0.159306 0 0 0.00396822 0.0213668 2.4406 211
0.182055 0 0 0.00399576 0.0213554 2.4406 211
0.20402 0 0 0.00404131 0.0213337 2.4406 211
0.228322 0 0 0.00404917 0.0213049 2.4406 211
0.252206 1 0 0.00396753 0.0211643 2.4406 211
0.274958 0 0 0.00395968 0.0206726 2.4406 211
0.298186 0 0 0.00397093 0.0208639 2.4406 211
0.330673 1 0 0.00388316 0.0208465 2.4406 211
0.353342 0 0 0.00386435 0.0206525 2.4406 211
0.376073 0 0 0.00384947 0.0205755 2.4406 211
0.398303 0 0 0.00383382 0.0198944 2.4406 211
0.42092 0 0 0.00382316 0.0194606 2.4406 211
0.453477 1 0 0.00375452 0.0191918 2.4406 211
0.476547 0 0 0.00374356 0.0189254 2.4406 211
0.499496 0 0 0.00372261 0.0189654 2.4406 211
0.522602 0 0 0.00369646 0.0190371 2.4406 211
0.549442 0 0 0.00366798 0.0191815 2.4406 211
0.576326 0 0 0.00363785 0.0191085 2.4406 211
0.598836 0 0 0.00361998 0.0191937 2.4406 211
0.621537 0 0 0.00359356 0.0191039 2.4406 211
0.643791 0 0 0.00357711 0.0190507 2.4406 211
0.666898 0 0 0.00357292 0.0190216 2.4406 211
0.689596 0 0 0.00356706 0.0190344 2.4406 211
0.71408 0 0 0.00355503 0.0188817 2.4406 211
0.736948 0 0 0.00355037 0.0188205 2.4406 211
0.760629 0 0 0.00354665 0.0189156 2.4406 211
