2797 2797
2815 2815
119 119
3743 3743
6248 6248
6276 6276
188 188
2780 2780
435 435
439 439
340 340
3638 3638
355 355
408 408
3555 3555
3821 3821
3637 3637
315 315
3636 3636
347 347
3704 3704
5838 5838
5952 5952
3596 3596
63 63
5933 5933
3806 3806
5829 5829
2606 2137
64 64
5939 5939
6062 6062
258 258
6081 6081
122 122
3648 3648
6238 6238
6130 6130
6095 6095
5635 5635
3706 3706
2499 2499
5973 5973
6059 6059
6154 6154
3673 3673
5981 5981
6151 6151
2457 2457
5991 5991
2541 2541
2432 2432
2434 2434
5986 5986
3565 3565
2470 2470
2124 2124
2280 2280
2523 2523
2501 2501
2567 2567
2506 2506
3568 3568
5855 5855
2517 2517
2572 2572
3046 3046
333 333
2296 2296
62 62
5468 5468
6039 6039
2313 2313
282 282
2317 2317
2245 2245
2321 2321
5902 5902
4816 4816
5527 5527
1393 1393
3902 3902
3738 3738
5521 5521
1168 1168
5239 5239
3979 3979
2764 2707
5923 5923
5561 5561
4013 4013
158 158
1026 1026
196 196
2182 2182
4607 4607
6797 6797
987 987
1940 1940
5304 5304
3962 3962
3883 3883
6754 6754
5333 5333
3385 3385
302 302
712 712
1040 1040
2905 2905
1460 1460
3892 3892
4058 4058
993 993
4329 4329
3241 3241
6639 6639
6666 6666
4052 4052
6693 6693
3423 3423
5355 5355
4688 4688
3329 3329
3039 3039
3965 3965
676 676
384 384
3253 3253
3112 3112
1605 1605
4262 4262
4757 4757
3201 3201
3278 3278
3766 3766
3429 3429
1458 1458
3196 3196
1687 1687
6788 6788
841 841
6615 6615
3445 3445
3695 3695
4175 4175
4493 4493
3219 3219
3245 3245
3373 3373
1323 1323
5080 5080
4192 4192
4174 4174
6591 6591
6800 6800
1625 1625
6281 6281
674 674
996 996
6856 6811
1055 1055
3216 3216
4863 4863
1505 1505
2822 2822
1675 1675
6574 6574
6533 6533
1018 1018
4956 4956
2733 2733
972 972
6315 6315
4490 4490
1977 1977
1342 1342
5079 5079
5054 5054
1489 1489
4338 4338
3004 3004
4494 4494
4953 4953
1896 1896
6592 6592
3193 3193
3177 3177
3190 3190
1044 1044
1353 1353
1269 1269
943 943
2858 2858
6360 6360
4985 4985
3029 3029
4935 4935
1755 1755
3281 3281
3223 3223
4386 4386
4677 4677
3032 3032
1176 1176
4690 4690
1164 1164
6767 6767
6838 6838
1014 1014
1010 1010
5100 5100
1787 1787
4950 4950
1660 1660
1368 1368
3125 3125
4968 4968
4396 4396
