5150 0
2180 1
6312 3
1607 5
5405 8
3401 11
375 14
6715 19
6833 20
667 23
986 25
3377 30
3953 34
2601 40
3068 41
1435 45
585 46
2926 51
3903 52
2346 55
2527 58
819 61
62 62
63 63
64 64
65 65
1916 67
5438 70
6740 71
1810 75
6022 79
2240 80
1914 83
1438 85
1484 87
1317 89
4397 93
4249 95
6852 96
2954 97
5632 100
625 101
2101 104
105 105
4249 106
2061 111
2756 112
4603 114
2499 115
119 119
1297 120
122 122
376 124
3186 128
337 136
246 138
267 141
443 145
5377 148
1451 150
819 157
158 158
3848 160
1888 161
4573 163
6029 164
1235 165
4533 175
1814 182
1375 185
6320 186
188 188
699 189
1961 193
5135 195
196 196
2939 200
2843 203
4547 206
1042 209
210 210
4913 214
778 220
1149 225
1708 226
1534 227
6434 229
2161 231
4249 233
1557 237
6517 244
6238 245
2738 246
837 250
5869 255
633 257
258 258
1573 261
3859 266
625 267
1956 269
5597 270
6380 274
4271 275
4520 276
1351 279
282 282
6587 285
5296 287
1757 290
6323 292
6796 294
295 295
432 296
5953 300
5182 301
302 302
3546 303
4061 305
3940 306
4808 307
311 311
312 312
6579 313
315 315
1269 319
4436 323
4579 327
6763 331
1675 332
333 333
2136 335
2507 337
1469 339
340 340
807 341
3126 345
669 346
347 347
1580 349
1810 350
5957 352
6668 353
355 355
4205 356
5012 357
6202 358
2537 359
3152 360
5775 362
5000 364
6692 365
5197 367
3826 368
3622 370
1896 372
2006 374
1951 375
4133 377
5182 378
85 380
1149 381
2472 382
2481 383
384 384
4128 385
3465 391
5441 395
396 396
2144 403
860 404
2318 405
3020 407
408 408
1352 409
2760 411
2465 413
805 414
5882 415
5143 418
753 424
1118 426
6668 427
5619 428
2851 431
5740 432
435 435
3385 436
4885 437
439 439
4916 443
1619 448
5401 455
5768 457
4547 459
1739 463
119 464
6380 465
2059 466
2840 471
2841 472
1527 473
406 475
2352 481
6330 482
4702 486
3363 487
2342 492
6882 493
2060 495
5635 499
5835 500
2813 502
3393 503
507 507
512 512
1114 515
3545 516
1853 521
4804 524
5353 526
6833 527
6678 529
3769 530
410 533
6668 534
5778 537
538 538
2943 539
4246 540
6252 542
2101 546
696 549
5202 550
3340 553
6199 555
556 556
70 557
4163 559
1916 561
3815 563
410 566
5929 567
2773 570
6668 571
532 573
2670 578
581 581
1834 582
585 585
586 586
3570 593
6058 594
1529 597
5632 598
6475 604
607 607
2178 608
141 609
6668 614
965 615
3898 616
5486 620
333 623
4429 624
2563 626
5159 628
6668 629
199 630
2846 632
5741 636
6162 637
6475 640
126 641
4947 643
2357 644
4552 649
652 652
5671 655
6396 656
2112 658
41 659
1803 660
662 662
2760 663
6305 667
2501 668
6631 669
4791 671
674 674
676 676
4413 678
2453 680
4894 683
4624 685
2879 686
1741 687
2442 688
4627 691
5088 694
5595 695
2904 697
3913 699
5571 700
2610 705
2541 711
712 712
3533 713
5012 719
5630 720
721 721
723 723
3463 725
4413 733
657 738
1042 742
6593 749
217 750
754 754
5819 756
998 757
5985 758
4413 761
6329 762
3546 763
2427 768
6774 770
771 771
776 776
965 778
909 781
5844 782
5930 784
1126 786
864 789
1174 796
4094 800
2431 805
3533 807
520 809
1825 810
3794 813
385 817
6292 819
2764 822
3452 823
391 824
1366 828
4313 829
5165 832
1951 838
839 839
841 841
3068 842
3193 845
2816 849
3392 850
5201 853
2923 855
2289 857
2446 858
3308 864
3663 874
4042 875
757 879
4436 881
6557 882
2984 884
212 887
4158 891
1048 892
5447 897
3747 900
4730 901
903 903
4277 905
941 906
3588 907
2670 911
1916 913
4042 914
2606 917
1565 918
1603 922
4149 924
2397 926
5251 927
981 929
1471 930
249 932
4961 933
570 936
3864 942
943 943
3743 944
4745 945
6097 947
5273 953
5083 954
957 955
6161 958
5173 961
3766 962
2056 967
961 971
972 972
3570 974
4107 977
5028 978
3178 980
3618 981
4883 983
987 987
4837 988
3104 989
1986 990
993 993
5795 994
5862 995
996 996
4623 1000
3384 1001
6008 1003
4124 1004
689 1007
1010 1010
173 1011
4009 1012
699 1013
1014 1014
1018 1018
395 1022
238 1024
343 1025
1026 1026
1100 1028
903 1033
3737 1035
2355 1039
1040 1040
887 1041
4439 1043
1044 1044
1591 1045
800 1047
708 1049
4146 1054
1055 1055
4273 1058
2359 1059
5112 1066
1565 1067
5930 1069
6032 1074
6748 1075
2339 1076
1077 1077
4691 1080
342 1082
2967 1091
3308 1092
1093 1093
6491 1096
1165 1097
5397 1100
6808 1103
3464 1107
4879 1111
155 1112
803 1116
1714 1122
5743 1123
1125 1125
5388 1126
3681 1127
6172 1129
989 1131
1194 1132
1137 1137
4729 1139
26 1140
3927 1141
5957 1144
5824 1145
4756 1147
3542 1153
2045 1154
6126 1155
4240 1158
2889 1162
4210 1163
1164 1164
1565 1166
1168 1168
155 1169
3570 1171
402 1172
92 1173
1176 1176
4511 1179
3702 1184
2501 1186
3570 1192
2031 1193
6771 1194
6479 1195
4629 1197
584 1198
889 1201
1717 1202
195 1205
1283 1207
6531 1209
4789 1214
1221 1221
6636 1222
6592 1223
1369 1227
2986 1230
3212 1232
885 1234
6446 1236
5862 1240
6668 1244
1236 1245
1708 1248
2 1254
3399 1257
5116 1258
481 1259
4509 1260
6668 1263
5077 1264
1265 1265
3691 1267
1269 1269
1275 1275
3542 1277
4335 1279
3533 1280
4954 1286
2869 1290
6714 1291
2409 1296
134 1302
3253 1304
1175 1309
6191 1311
3260 1314
5925 1315
5112 1317
1067 1318
4181 1319
1465 1320
1323 1323
3322 1328
3865 1333
3953 1334
6668 1336
6249 1340
1176 1341
1342 1342
6305 1345
3675 1346
1235 1349
6235 1350
1353 1353
4054 1355
1356 1356
2089 1357
3747 1359
5604 1362
1837 1364
1368 1368
1761 1369
4094 1371
5585 1373
6311 1380
3880 1381
2125 1385
750 1386
4982 1387
6326 1388
1856 1390
1393 1393
115 1394
6769 1395
2645 1399
5365 1402
3190 1404
6140 1407
806 1408
1409 1409
573 1415
4227 1416
4911 1418
393 1419
4155 1421
1426 1426
6329 1427
1429 1429
5123 1431
40 1434
4916 1439
5528 1440
1297 1444
5215 1447
1449 1449
6475 1450
5768 1452
1458 1458
1460 1460
27 1461
2606 1465
2095 1467
4449 1468
1479 1479
1377 1486
1489 1489
3322 1491
4569 1492
2917 1494
1669 1498
5028 1499
4587 1500
1503 1503
6452 1504
1505 1505
2444 1506
168 1508
293 1511
4587 1516
1269 1517
5530 1518
2947 1520
4249 1521
387 1523
4465 1524
3054 1525
158 1526
6534 1527
3902 1528
359 1529
3570 1530
1068 1531
227 1534
6130 1535
1266 1536
1537 1537
15 1538
6623 1545
4712 1546
4034 1548
4452 1550
6329 1551
6173 1552
4256 1555
2124 1556
1953 1557
1259 1559
4500 1562
4563 1563
4805 1564
1565 1565
2764 1567
1568 1568
4487 1571
6831 1572
4509 1573
6236 1575
2342 1579
567 1584
782 1586
1588 1588
119 1589
1916 1592
1593 1593
103 1594
6009 1599
3001 1601
637 1602
3586 1603
1605 1605
5769 1607
1611 1611
3893 1613
3151 1614
2962 1618
5143 1619
5270 1621
3743 1622
1625 1625
1628 1628
2261 1630
3289 1631
5311 1632
6647 1635
3832 1637
699 1645
2889 1646
28 1647
4335 1649
2715 1652
2941 1653
4310 1654
4624 1656
1660 1660
5584 1662
6185 1669
5080 1670
1675 1675
6161 1677
1133 1678
2232 1680
2740 1683
1687 1687
191 1688
2759 1690
1929 1692
941 1696
5973 1697
484 1700
5941 1702
5337 1703
3754 1708
2623 1712
1269 1716
5795 1718
155 1720
2603 1721
6173 1723
1139 1724
4916 1725
1187 1728
2325 1733
947 1735
138 1739
4798 1740
3954 1741
5143 1742
5112 1744
6117 1745
801 1748
1755 1755
833 1756
1760 1760
1761 1761
387 1764
4731 1769
3555 1770
4594 1772
2501 1776
4623 1778
5932 1780
5041 1784
2778 1786
1787 1787
2080 1792
1795 1795
2167 1796
5578 1797
1737 1799
1974 1800
2417 1803
1914 1804
3465 1806
2175 1807
5827 1809
4461 1811
3980 1813
262 1816
1612 1817
1366 1819
6696 1823
5526 1825
3673 1826
4093 1830
6657 1832
5986 1833
3673 1834
6668 1835
6668 1842
4837 1843
4946 1844
4312 1845
1846 1846
569 1848
1778 1850
5547 1852
6359 1854
1867 1856
1857 1857
1860 1860
2739 1861
1184 1862
1864 1864
2502 1868
713 1871
2152 1874
3542 1875
1876 1876
4533 1877
6009 1879
1998 1883
2598 1886
4364 1887
5072 1891
1603 1892
2202 1895
1896 1896
3440 1898
5905 1899
3178 1903
4143 1906
1576 1910
2427 1913
4065 1914
4533 1916
1038 1917
3567 1918
6668 1921
3680 1926
1595 1927
1727 1928
5222 1929
2923 1932
5469 1934
3893 1935
941 1936
4582 1937
5463 1939
1940 1940
5474 1951
5369 1953
4740 1955
3675 1957
997 1962
1550 1963
4672 1966
2031 1968
3708 1969
5140 1972
1977 1977
2580 1982
5631 1984
6022 1985
5555 1987
1988 1988
5143 1989
6032 1990
1467 1995
6045 2000
3124 2001
3552 2004
3953 2005
4105 2006
5614 2008
1184 2010
5553 2014
5128 2015
6623 2017
1420 2019
2724 2020
2022 2022
445 2024
3261 2025
2130 2027
6113 2029
4392 2031
2474 2032
5135 2033
2035 2035
1280 2039
3152 2041
2266 2043
119 2050
2504 2051
2052 2052
1280 2054
2953 2055
5834 2056
2061 2061
5377 2062
885 2064
3823 2067
5656 2068
4547 2070
5295 2071
5966 2072
5871 2073
3247 2079
2839 2080
5840 2086
3334 2089
4663 2091
2092 2092
3202 2095
6522 2097
244 2098
5341 2100
608 2101
6087 2102
932 2104
5794 2106
607 2109
1169 2119
800 2122
2124 2124
257 2128
2129 2129
276 2134
2606 2137
63 2139
4485 2140
1269 2143
2912 2146
4953 2150
4520 2151
2152 2152
1341 2154
3508 2156
2159 2159
6595 2163
4830 2166
2167 2167
2188 2168
3646 2169
1239 2172
1768 2175
5600 2177
2035 2178
2543 2179
1000 2180
2182 2182
3815 2183
354 2184
153 2186
4822 2187
5268 2188
1661 2189
3618 2193
715 2197
3927 2199
5925 2202
210 2205
4546 2206
354 2208
2210 2210
5354 2212
3155 2213
5072 2215
885 2219
188 2220
1000 2221
5096 2222
4128 2223
6022 2226
268 2227
5332 2229
4874 2231
4427 2232
1337 2233
6599 2234
135 2235
462 2236
6380 2237
4393 2238
5378 2239
6219 2240
2795 2241
6339 2242
6252 2243
4061 2244
2245 2245
3219 2246
2686 2250
2254 2254
4533 2258
3344 2260
4181 2262
5347 2263
126 2265
6048 2266
6305 2268
374 2270
92 2273
6767 2274
3593 2276
2278 2278
6038 2279
2280 2280
197 2282
970 2284
3414 2286
2807 2289
4439 2291
2292 2292
1896 2294
2296 2296
4856 2297
1786 2299
2188 2303
66 2304
1878 2305
937 2306
4146 2307
2308 2308
2313 2313
4427 2316
2317 2317
1140 2318
2321 2321
2324 2324
6119 2325
1503 2326
1107 2327
3647 2330
1911 2332
2409 2341
369 2348
4639 2350
2564 2356
3734 2357
1895 2359
5662 2361
4405 2362
3337 2366
3570 2369
784 2370
5778 2372
3126 2373
1265 2375
4709 2377
2067 2378
2829 2381
385 2382
228 2385
2571 2386
4897 2387
3727 2388
3488 2390
5215 2391
569 2393
2385 2395
6202 2398
248 2401
3531 2404
2840 2407
2162 2412
6732 2416
649 2417
140 2418
3924 2420
5796 2422
2648 2423
4017 2424
2425 2425
5553 2427
696 2431
2432 2432
5743 2433
2434 2434
2435 2435
327 2437
4775 2438
2868 2440
1386 2441
3950 2443
4294 2444
4885 2445
6473 2446
941 2451
2080 2452
2556 2453
2457 2457
6616 2460
50 2461
3992 2462
2465 2465
105 2466
15 2467
2468 2468
2470 2470
5607 2474
5008 2478
1431 2483
1122 2485
6002 2490
2688 2497
2499 2499
5865 2500
2501 2501
725 2504
2506 2506
1903 2507
833 2513
387 2514
2517 2517
4076 2519
2563 2520
2523 2523
6668 2524
212 2527
3004 2528
2923 2534
3932 2536
4084 2537
6151 2538
2541 2541
4731 2545
3970 2549
2550 2550
941 2555
3327 2564
2567 2567
1488 2568
1721 2571
2572 2572
6300 2575
520 2578
2417 2580
2885 2582
2247 2584
4822 2586
5464 2590
6668 2592
2596 2596
2598 2598
6027 2599
2600 2600
2601 2601
6416 2604
5614 2605
5316 2608
5954 2612
2014 2613
1194 2614
6320 2615
606 2616
6827 2621
347 2624
1780 2629
6586 2630
4639 2631
315 2636
5080 2643
118 2645
1174 2647
2648 2648
22 2651
833 2657
3220 2661
2031 2664
526 2666
3569 2670
5250 2671
1641 2673
4175 2674
367 2676
6616 2678
1949 2685
2162 2692
2869 2693
1165 2695
937 2701
2764 2707
6559 2715
699 2716
4538 2717
3249 2719
5687 2721
6431 2722
5184 2724
941 2725
6430 2726
3747 2727
2651 2729
2391 2731
2733 2733
4533 2737
3164 2738
2069 2739
2740 2740
6684 2741
5472 2744
4672 2745
2385 2747
5656 2748
400 2753
2543 2757
872 2759
5353 2760
6725 2761
5244 2778
2780 2780
6531 2788
2792 2792
2797 2797
391 2798
500 2801
2829 2808
5083 2809
3968 2810
3223 2811
1957 2813
2815 2815
3456 2817
2819 2819
3727 2821
2822 2822
692 2823
268 2824
5980 2826
4249 2828
2829 2829
3552 2830
5004 2832
2923 2833
671 2836
3322 2837
567 2838
2211 2840
1981 2841
965 2844
2563 2847
2848 2848
103 2851
5174 2855
6787 2856
2858 2858
6571 2860
4186 2864
2511 2869
5112 2870
6668 2871
6796 2872
155 2873
4703 2879
924 2884
5513 2886
4139 2888
1616 2889
1780 2890
3489 2892
2342 2895
3883 2897
2898 2898
6471 2902
3683 2904
2905 2905
3541 2906
2726 2908
1830 2910
2764 2914
3552 2915
2229 2917
941 2918
4866 2919
2923 2923
1071 2927
2230 2929
4604 2930
5125 2932
5383 2935
4700 2938
2942 2942
1349 2943
1916 2945
5856 2948
3846 2950
4690 2956
4061 2960
3923 2962
2965 2965
2967 2967
2969 2969
1430 2971
6668 2973
5635 2976
1612 2979
2981 2981
1876 2984
5051 2988
2679 2991
1087 2992
3675 2995
5795 2996
2998 2998
3004 3004
3006 3006
2909 3009
6668 3011
3012 3012
3647 3014
5070 3018
5496 3019
124 3020
1377 3021
206 3022
6599 3024
2967 3026
1375 3028
3029 3029
1339 3031
3032 3032
3570 3034
1503 3037
3039 3039
1589 3040
3708 3042
1499 3043
914 3045
3046 3046
3030 3047
5996 3049
6070 3050
1169 3052
910 3053
2461 3054
3409 3056
3634 3059
1852 3062
5549 3068
423 3073
5275 3074
2839 3077
4402 3079
2816 3080
4181 3084
667 3085
810 3086
1832 3088
6710 3092
2135 3093
5012 3095
1331 3098
4084 3099
630 3100
63 3105
5125 3109
3112 3112
4167 3116
3055 3118
775 3120
3125 3125
640 3127
247 3130
2772 3138
589 3141
2331 3142
4132 3145
4421 3146
3132 3148
2731 3149
4639 3150
5295 3151
3046 3153
753 3154
4469 3156
1346 3157
3277 3161
1042 3165
5478 3166
2241 3168
3125 3169
2630 3171
4201 3172
3727 3175
3177 3177
4634 3178
1377 3179
604 3182
5871 3184
3190 3190
1565 3192
3193 3193
3194 3194
3196 3196
6810 3199
3201 3201
6154 3202
14 3204
1203 3205
5405 3206
3216 3216
3764 3217
3219 3219
3223 3223
2180 3225
1292 3229
4735 3230
3497 3237
3384 3238
3241 3241
5095 3242
3245 3245
623 3246
4294 3249
367 3251
3548 3252
3253 3253
4822 3262
4287 3263
6668 3268
2839 3270
2211 3274
4170 3276
3278 3278
6022 3279
3413 3280
3281 3281
3522 3282
3234 3283
2868 3287
4302 3289
3780 3292
6516 3295
4312 3297
6256 3299
5753 3304
6326 3308
4641 3311
4946 3312
2197 3313
2352 3314
1137 3316
4029 3317
6009 3318
5883 3320
1477 3321
6841 3323
5941 3324
948 3325
5879 3326
3924 3327
3329 3329
3531 3330
6467 3333
2112 3334
752 3337
5430 3338
6471 3339
2543 3341
699 3343
5486 3344
2144 3345
3440 3347
1368 3349
4410 3352
5570 3355
2772 3356
6841 3358
1126 3360
212 3364
3373 3373
6050 3374
4413 3375
4182 3377
2189 3378
3465 3380
4837 3381
1929 3383
3385 3385
65 3388
3395 3391
2982 3395
2362 3396
4601 3397
4439 3398
2261 3404
2623 3405
2351 3406
2904 3407
6162 3408
1076 3409
2160 3411
21 3412
2501 3416
6622 3418
6719 3421
3423 3423
1366 3428
3429 3429
396 3430
1916 3440
2543 3441
3647 3444
3445 3445
4802 3448
5646 3452
1114 3453
4213 3457
3999 3458
5575 3461
989 3462
277 3463
4254 3472
6668 3476
4604 3478
395 3479
486 3482
3131 3483
5795 3484
3986 3485
2500 3487
5059 3489
62 3490
6022 3492
2977 3493
3495 3495
2728 3496
1413 3498
3588 3499
5168 3505
2526 3506
4604 3507
3395 3508
2943 3509
2548 3511
1341 3513
1299 3516
3325 3521
5004 3525
6816 3529
2822 3530
5249 3532
3053 3533
992 3536
420 3537
6620 3541
1174 3542
1565 3544
2167 3547
3936 3548
5796 3549
5327 3552
3555 3555
3126 3556
423 3558
1269 3559
1467 3561
569 3564
3565 3565
2994 3566
3568 3568
3788 3570
5745 3572
4050 3582
4837 3584
4954 3585
2693 3587
1623 3589
101 3591
2357 3592
3596 3596
1479 3606
455 3607
4533 3611
6589 3612
6114 3616
469 3617
4754 3618
5497 3621
5683 3628
27 3629
3669 3630
4842 3631
6620 3633
6161 3634
3636 3636
3637 3637
3638 3638
3640 3640
5466 3642
2989 3643
5009 3646
3648 3648
5112 3651
4887 3652
1115 3653
1922 3654
1266 3658
342 3661
585 3662
4569 3663
3664 3664
3673 3673
6849 3680
3686 3686
3251 3687
2178 3690
2869 3691
2113 3692
4785 3693
607 3694
3695 3695
6309 3699
1130 3700
4547 3701
3704 3704
4161 3705
3706 3706
428 3707
1114 3710
6129 3714
367 3718
4094 3719
3561 3720
5393 3724
1033 3728
47 3732
1017 3733
6305 3734
4990 3735
6813 3736
3738 3738
995 3739
4230 3740
3743 3743
2279 3744
842 3746
3747 3747
428 3750
4149 3753
3202 3755
5510 3757
1341 3761
4448 3763
3754 3765
3766 3766
3464 3768
2602 3769
4944 3772
6278 3777
41 3778
4431 3779
5102 3780
3788 3788
5366 3789
6388 3791
6475 3797
299 3798
1762 3801
1916 3805
3806 3806
6449 3810
400 3811
3125 3812
842 3815
1043 3819
3821 3821
3683 3823
2600 3824
5915 3826
1766 3828
2210 3829
5775 3831
4256 3834
4461 3836
1896 3843
1943 3848
1050 3851
3280 3854
5302 3856
1377 3858
4843 3861
6553 3862
3563 3865
606 3867
3747 3868
1341 3869
3754 3870
458 3872
611 3873
2377 3874
134 3881
1349 3882
3883 3883
3708 3887
3848 3891
3892 3892
4492 3895
3936 3896
4392 3898
3902 3902
1086 3904
1200 3906
4843 3907
1601 3908
5261 3911
6853 3915
3570 3918
4708 3921
6628 3922
1914 3925
4310 3927
4483 3928
4634 3929
5112 3931
2994 3932
5876 3933
3411 3937
3936 3941
5174 3943
1730 3944
4464 3948
1617 3950
838 3951
4729 3953
1860 3954
6620 3956
6824 3958
3085 3959
6787 3960
3962 3962
3739 3963
4096 3964
3965 3965
6539 3969
824 3972
3220 3977
4911 3978
3979 3979
6670 3981
6538 3982
4722 3985
283 3989
2926 3990
1968 3991
511 3994
6639 3996
3999 3999
3502 4004
4833 4006
4012 4012
4013 4013
1841 4016
819 4017
1061 4029
4058 4036
3219 4037
924 4039
3192 4040
1269 4041
2670 4042
2249 4046
4052 4052
4058 4058
5143 4063
6668 4064
236 4066
2484 4075
5987 4076
3457 4077
6546 4082
5726 4083
4084 4084
585 4087
2017 4093
5765 4094
3485 4095
431 4097
5910 4100
6633 4101
2760 4102
4025 4103
1557 4104
30 4105
1565 4106
5377 4108
6604 4113
4837 4114
3950 4115
1827 4116
5430 4117
380 4119
1410 4120
5377 4124
5573 4127
5356 4128
238 4133
6329 4138
40 4141
4118 4143
423 4146
3104 4152
1907 4155
3134 4157
4563 4159
3104 4162
2391 4163
4167 4167
4168 4168
5400 4170
4174 4174
4175 4175
3907 4178
5133 4180
2760 4182
5296 4183
3755 4184
3317 4185
3567 4186
6546 4187
3540 4189
277 4190
4192 4192
1067 4194
6668 4196
5604 4197
544 4198
5621 4200
1852 4201
85 4202
2172 4205
2869 4207
2762 4210
4552 4213
1477 4217
458 4218
2304 4224
4653 4226
1375 4229
2772 4235
4238 4238
4240 4240
1402 4241
3043 4242
3570 4243
1784 4244
5962 4247
4500 4248
5000 4249
1494 4250
2092 4251
6762 4254
5555 4255
4257 4257
4262 4262
5273 4263
833 4265
5631 4268
6637 4269
1306 4274
6593 4278
6022 4279
6309 4282
2202 4283
5755 4284
6644 4285
3072 4287
5755 4289
5901 4290
2444 4294
4297 4297
3896 4298
4299 4299
5865 4305
4306 4306
4310 4307
3150 4310
4124 4311
3117 4312
2079 4314
6468 4315
6022 4319
1860 4321
941 4323
1094 4325
4582 4328
4329 4329
2753 4334
2025 4336
4338 4338
4552 4341
5236 4343
4172 4344
5795 4350
3596 4352
5869 4355
472 4357
4034 4359
6310 4363
141 4366
2548 4369
2202 4370
5100 4372
2851 4375
1773 4378
4894 4380
833 4381
4270 4383
4731 4384
4386 4386
1841 4387
1455 4388
4728 4391
153 4393
4396 4396
4133 4400
2774 4401
6708 4407
920 4408
2982 4411
4412 4412
2586 4413
2679 4415
5080 4417
136 4420
6684 4422
5796 4423
158 4424
1531 4425
1255 4426
6471 4427
5753 4428
470 4429
521 4431
3327 4432
4124 4436
2472 4437
1813 4440
6027 4442
4443 4443
1565 4444
2687 4445
1283 4446
5820 4448
1914 4449
2942 4454
1387 4458
5775 4460
4533 4461
67 4464
3437 4467
1048 4468
3276 4470
3392 4472
798 4473
3413 4476
1471 4477
3416 4479
1269 4482
3488 4485
4490 4490
4691 4492
4493 4493
4494 4494
6681 4496
3943 4497
2860 4499
191 4500
1778 4502
892 4504
3992 4512
4533 4515
4332 4516
2427 4521
1565 4524
5162 4526
6668 4531
445 4535
1796 4538
5555 4540
6833 4541
1301 4544
6406 4546
3407 4548
1175 4549
3680 4555
924 4562
4077 4565
1235 4566
4571 4571
2868 4572
5981 4573
3545 4574
5952 4575
4837 4586
3068 4588
2698 4592
1045 4593
3043 4599
375 4601
4607 4607
3365 4609
1627 4613
5861 4617
2191 4618
4398 4619
6332 4620
4621 4621
2951 4623
691 4627
3766 4628
4439 4629
5709 4631
3070 4633
4135 4635
3708 4636
1198 4638
6668 4642
6420 4644
5311 4648
1511 4649
1108 4650
626 4651
5469 4652
2453 4656
1269 4659
718 4660
4663 4663
2772 4665
6476 4672
5866 4675
4677 4677
6022 4678
3399 4679
5791 4681
5534 4682
4859 4683
5303 4685
4688 4688
2092 4689
4690 4690
1680 4691
4947 4692
6305 4696
2685 4697
401 4698
2731 4700
4875 4701
6272 4702
4693 4705
4406 4706
750 4711
3568 4713
3208 4716
1565 4720
4115 4721
648 4722
6502 4724
4725 4725
1379 4727
6623 4728
5939 4729
5077 4731
1236 4733
158 4734
584 4735
3170 4738
3521 4742
2209 4745
2182 4746
4868 4750
1126 4755
2904 4756
4757 4757
4287 4761
4018 4762
4132 4766
4025 4767
344 4768
1094 4773
3322 4774
5466 4778
6668 4780
4786 4786
2249 4787
6844 4792
1067 4795
4813 4804
6410 4806
3240 4810
4814 4814
4816 4816
5521 4817
1565 4818
3201 4820
1364 4821
1603 4825
946 4828
1441 4830
3190 4833
4288 4838
4679 4841
2829 4842
5361 4843
512 4844
3254 4845
3395 4853
3679 4854
2772 4857
3902 4858
4863 4863
2593 4865
4731 4871
142 4872
4991 4874
3393 4875
3043 4878
3734 4879
1259 4881
1150 4883
702 4887
1269 4888
583 4889
776 4892
6813 4896
5400 4899
636 4900
5930 4901
6674 4902
4648 4906
3926 4907
4093 4911
3029 4912
6420 4915
4856 4916
6762 4917
4801 4920
6057 4921
3989 4922
458 4924
1737 4930
3570 4931
395 4933
4935 4935
4936 4936
4018 4940
2210 4941
1067 4942
4837 4943
198 4945
2501 4947
6680 4948
4950 4950
198 4952
4953 4953
3837 4954
4956 4956
6022 4959
5 4960
4962 4962
6475 4964
4968 4968
2580 4972
5140 4973
1714 4978
2692 4981
3126 4983
3931 4984
4985 4985
5635 4987
2092 4989
5377 4991
1017 4992
1747 4995
4018 4997
5353 5000
2202 5002
1662 5008
4115 5009
2175 5012
5383 5013
6522 5016
4791 5018
83 5019
5942 5020
135 5022
4702 5025
1139 5026
1837 5028
2443 5036
5041 5041
2738 5042
5690 5046
4690 5049
5251 5053
5054 5054
5056 5056
1943 5057
3053 5059
1486 5061
989 5063
6790 5064
3055 5068
5234 5071
3093 5072
3747 5073
5734 5074
6658 5076
5079 5079
5080 5080
1235 5082
2463 5084
5430 5089
6276 5090
228 5093
3613 5099
5100 5100
1217 5103
2818 5104
382 5106
6075 5107
5113 5113
4789 5116
5117 5117
3172 5118
5119 5119
4968 5124
5125 5125
6308 5127
6006 5130
3275 5131
4946 5133
4902 5134
1605 5135
2359 5137
3392 5139
4132 5140
5141 5141
196 5144
6252 5145
5944 5152
2764 5153
28 5156
244 5157
1269 5159
5795 5162
748 5165
2623 5166
3220 5167
4445 5168
3935 5169
3734 5174
1479 5176
6692 5177
2443 5178
1771 5184
3900 5186
2845 5189
5778 5190
4011 5191
5195 5195
3372 5197
3384 5202
5377 5203
4631 5205
6567 5206
3010 5207
700 5208
5211 5211
948 5212
5112 5213
4569 5214
6796 5215
3903 5218
5915 5219
5487 5220
1924 5221
5225 5225
385 5226
333 5229
1974 5232
5377 5233
4306 5234
5239 5239
351 5244
1618 5247
5463 5250
1911 5251
3031 5253
5353 5254
2563 5258
176 5268
3954 5269
2631 5271
1165 5274
6249 5276
6668 5278
163 5281
4842 5282
1708 5283
3787 5285
6646 5290
2485 5292
6365 5293
4246 5294
119 5295
3828 5297
3391 5298
3898 5299
5379 5302
5304 5304
1569 5305
753 5309
3463 5313
1492 5314
5575 5319
4533 5321
585 5323
5400 5325
1111 5327
3708 5330
5333 5333
3859 5335
4483 5338
1809 5339
6204 5340
5028 5341
2501 5345
5902 5348
6475 5350
3100 5353
3552 5354
5355 5355
4628 5356
6628 5357
4191 5358
3781 5360
2943 5362
530 5367
1747 5369
135 5371
5378 5378
6804 5384
6578 5385
985 5386
1292 5387
4461 5390
6097 5395
623 5397
2840 5398
2498 5406
5410 5410
68 5413
842 5414
3250 5415
2232 5416
1841 5419
4690 5424
6634 5425
4883 5427
6305 5429
1139 5430
2327 5434
732 5436
6410 5438
2674 5439
2602 5441
6082 5443
5366 5445
3182 5446
2718 5447
2593 5448
5112 5449
5387 5451
6668 5454
5199 5456
6355 5466
6668 5467
5468 5468
5472 5472
5793 5473
5350 5474
4164 5481
4936 5483
5484 5484
4829 5485
924 5487
6648 5488
14 5489
6848 5494
1309 5495
5405 5496
3924 5498
2840 5499
6812 5503
355 5505
3049 5507
2580 5513
4961 5516
5521 5521
4911 5525
5527 5527
2829 5528
4240 5529
3382 5533
3118 5534
387 5536
5869 5537
2639 5540
6661 5544
4132 5545
540 5547
4506 5550
6442 5551
821 5554
3935 5555
6813 5556
4901 5557
2406 5558
3399 5559
5153 5560
5561 5561
837 5562
4138 5567
4044 5569
2635 5570
3743 5575
2067 5579
1896 5581
4900 5584
5654 5589
5100 5590
2840 5591
3068 5592
2 5595
85 5600
2698 5603
6759 5607
1031 5613
2450 5615
4105 5616
428 5619
5895 5620
4011 5622
1914 5624
2151 5627
1381 5629
5378 5630
5635 5635
5528 5638
1269 5639
2705 5640
6605 5643
4869 5646
2525 5652
166 5655
3082 5661
2181 5665
2795 5666
4624 5667
833 5669
941 5670
3030 5671
1405 5672
1496 5677
1618 5678
1269 5680
6022 5682
3505 5684
630 5690
2543 5694
4103 5695
1914 5696
6045 5698
2772 5699
6080 5703
108 5707
3812 5708
1291 5709
5698 5710
5714 5714
3176 5715
4124 5716
353 5718
155 5720
3636 5721
4411 5726
2612 5727
2760 5731
2044 5732
4379 5739
5740 5740
5674 5741
619 5742
6479 5743
3530 5750
4356 5753
1841 5755
2225 5759
3425 5760
5333 5762
4303 5764
4746 5767
3335 5768
5656 5773
5775 5775
6110 5777
5778 5778
5783 5783
5786 5786
5793 5793
5086 5794
5795 5795
2515 5796
1603 5798
115 5800
2101 5802
1916 5804
5807 5807
3004 5809
2167 5812
5813 5813
4533 5816
2359 5818
1054 5819
1565 5822
395 5823
5549 5824
3989 5826
6827 5827
6428 5828
5829 5829
3782 5833
6479 5834
151 5837
5838 5838
1235 5839
2295 5840
5852 5842
1001 5844
6022 5846
2543 5850
5778 5851
2840 5853
1802 5854
5855 5855
3832 5856
608 5862
5004 5863
995 5865
233 5867
2508 5873
3769 5875
2580 5877
2603 5881
4471 5883
585 5884
6054 5886
6097 5887
6272 5895
4615 5896
5902 5902
5621 5906
5377 5907
840 5909
4961 5911
6396 5912
1135 5915
5726 5917
2543 5918
6129 5919
3546 5920
5923 5923
3057 5926
2501 5931
5933 5933
5935 5935
4124 5936
5939 5939
6574 5944
4837 5949
5952 5952
2953 5953
5397 5954
3163 5957
5511 5958
1864 5963
529 5966
6740 5967
5865 5969
2760 5970
5973 5973
6639 5974
3133 5976
1546 5977
1377 5979
5981 5981
1738 5982
640 5984
1041 5985
5986 5986
5991 5991
3392 5995
3393 5996
1717 5997
4412 5998
6329 5999
4018 6000
6746 6002
1693 6003
2030 6006
5853 6016
5612 6017
1565 6019
1266 6022
4916 6027
2855 6029
13 6031
398 6032
228 6035
6039 6039
3888 6040
941 6046
671 6047
5294 6048
2563 6049
6668 6051
5270 6053
6559 6054
805 6055
3950 6058
6059 6059
4822 6060
6062 6062
6066 6066
3049 6069
5008 6072
2129 6073
2543 6074
1916 6075
4930 6077
6433 6080
6081 6081
4018 6082
3061 6094
6095 6095
5068 6098
6022 6100
4672 6107
3489 6110
3622 6111
6475 6112
4859 6113
2130 6117
1881 6118
5389 6120
6633 6121
3453 6126
6130 6130
5743 6133
4509 6134
679 6138
5895 6141
2500 6142
6151 6151
3050 6153
6154 6154
6668 6155
1545 6157
2736 6158
6159 6159
5086 6162
637 6164
6725 6166
6001 6167
213 6169
2014 6170
4256 6171
3322 6173
4065 6177
6482 6185
5635 6187
3524 6189
1717 6191
1194 6195
2772 6197
667 6205
1780 6210
3570 6211
5793 6216
166 6218
4256 6220
1721 6223
801 6224
2612 6225
1236 6227
3852 6229
4879 6231
355 6235
6238 6238
2868 6243
3555 6245
5540 6247
6248 6248
5383 6250
43 6253
6270 6254
6810 6255
2069 6256
3287 6257
3337 6258
4893 6259
1961 6260
294 6261
5862 6263
1784 6264
5353 6266
6475 6268
2525 6269
5464 6271
1270 6272
6622 6273
6276 6276
1272 6277
4899 6278
708 6280
6281 6281
5 6282
6668 6283
6286 6286
4170 6289
2258 6296
2543 6299
6300 6300
6302 6302
6303 6303
6694 6307
6623 6309
1771 6312
6315 6315
3666 6316
3828 6317
158 6319
4456 6321
4824 6324
1914 6325
4864 6328
4500 6331
6332 6332
62 6334
2184 6335
2737 6341
3449 6343
4837 6349
1283 6351
4749 6357
5222 6358
6360 6360
3391 6361
1123 6362
2733 6363
619 6364
1405 6366
4874 6368
6370 6370
585 6373
3769 6375
2359 6382
6719 6384
3673 6385
4403 6386
4448 6387
6389 6389
395 6392
4132 6393
5635 6395
2631 6396
228 6398
4420 6407
1906 6410
3894 6414
5011 6417
4413 6418
6420 6420
4411 6422
2606 6424
2352 6425
1126 6428
4631 6429
3290 6430
3049 6432
6712 6433
67 6435
109 6436
669 6437
406 6439
4572 6442
3601 6444
6096 6445
1852 6448
3280 6451
969 6455
458 6458
4533 6459
6467 6467
5306 6468
4722 6471
2829 6473
677 6487
4745 6488
6568 6493
6347 6494
228 6499
63 6501
5008 6502
3967 6508
2511 6510
6546 6512
6516 6516
4017 6520
4604 6522
2840 6524
2055 6525
6577 6527
3292 6529
2543 6532
6533 6533
3893 6534
204 6535
6538 6538
3673 6541
3018 6549
4132 6553
1638 6560
5410 6566
6300 6570
6574 6574
1704 6577
3437 6578
5613 6579
2966 6581
1876 6585
2443 6586
2799 6587
1695 6589
1269 6590
6591 6591
6592 6592
6750 6595
5686 6596
4152 6597
6114 6598
6473 6600
621 6602
5755 6606
6694 6609
6615 6615
1454 6617
5389 6619
4509 6621
3648 6622
3766 6623
4874 6625
3041 6627
6645 6628
585 6633
2416 6634
4788 6636
544 6638
6639 6639
265 6643
2795 6644
4269 6645
4833 6646
2824 6650
4439 6651
2948 6652
1585 6653
3750 6658
819 6659
2834 6660
3986 6664
3263 6665
6666 6666
5842 6667
235 6670
3689 6674
3363 6675
3700 6676
1738 6678
70 6680
3095 6686
4582 6689
6693 6693
6048 6696
486 6700
1995 6701
5819 6702
5067 6704
681 6706
199 6707
3103 6710
3942 6712
6613 6714
5953 6715
2399 6716
3348 6718
2762 6719
5758 6722
6772 6723
3460 6725
6731 6731
4552 6732
16 6734
1393 6736
833 6737
2733 6739
1770 6746
612 6749
3812 6750
1123 6751
6754 6754
6193 6756
1697 6759
1420 6766
6767 6767
6635 6769
3068 6775
4915 6778
380 6780
6762 6785
6788 6788
1966 6792
644 6794
3924 6795
2502 6796
6797 6797
6800 6800
6809 6809
6856 6811
4170 6816
4160 6818
6245 6819
837 6821
4181 6822
5144 6823
6082 6824
4878 6827
6083 6828
6479 6830
3737 6831
2299 6834
6411 6835
6838 6838
2580 6840
5426 6842
4127 6850
4552 6851
600 6853
1795 6859
6866 6866
1100 6867
1351 6868
648 6869
5991 6872
278 6873
351 6874
4461 6875
1479 6884
5496 6887
460 6888
1784 6889
