5510 5510
5600 5600
3774 3774
5460 5460
5583 5583
5732 5732
5589 5589
3776 3776
5845 5845
5590 5590
5750 5750
3843 3843
5840 5840
5596 5596
5595 5595
5610 5610
5754 5754
5517 5517
5842 5842
5828 5828
5641 5641
3929 3929
5515 5515
1907 1907
3926 3926
113 113
3629 3629
5462 5462
3821 3821
3560 3560
3826 3826
3793 3793
3590 3590
3788 3788
111 111
5622 5622
3069 3069
5507 5507
6238 6238
5837 5837
1905 1905
3806 3806
442 442
3824 3824
23 23
3835 3835
22 22
5502 5502
26 26
5630 5630
3588 3588
3838 3838
3739 3739
3753 3753
8 8
3845 3845
5825 5825
6231 6231
3549 3549
45 45
2797 2797
3855 3855
3530 3530
5634 5634
330 330
5959 5959
311 311
5844 5844
46 46
3543 3543
409 409
3606 3606
3566 3566
3799 3799
34 34
321 321
3547 3547
3593 3593
29 29
3829 3829
408 408
5698 5698
3932 3932
140 140
438 438
6056 6056
5932 5932
6248 6248
6276 6276
3666 3666
6055 6055
6265 6265
323 323
356 356
6054 6054
322 322
415 415
6249 6249
3592 3592
5936 5936
6246 6246
3633 3633
6263 6263
3608 3608
289 289
3747 3747
5949 5949
85 85
6240 6240
2811 2811
5939 5939
3570 3570
3757 3757
3604 3604
6069 6069
117 117
3620 3620
5579 5579
190 190
3640 3640
435 435
5823 5823
5543 5543
5542 5542
5935 5935
347 347
3634 3634
3584 3584
337 337
3617 3617
2780 2780
6077 6077
6063 6063
6078 6078
1999 1999
3568 3568
124 124
2779 2779
5523 5523
2795 2795
6064 6064
6084 6084
5539 5539
51 51
3667 3667
3910 3910
123 123
122 122
2140 2140
62 62
5716 5716
6042 6042
3704 3704
6081 6081
5969 5969
5978 5978
3657 3657
104 104
421 421
5648 5648
61 61
5977 5977
5974 5974
5581 5581
2178 2178
105 105
2177 2177
245 245
192 192
2246 2246
2046 2046
5862 5862
5855 5855
2294 2294
4 4
5865 5865
6029 6029
2498 2498
6083 6083
6143 6143
5979 5979
6086 6086
2005 2005
5983 5983
5619 5619
5980 5980
2122 2122
2378 2378
6090 6090
3046 3046
5717 5717
2130 2130
5472 5472
6030 6030
5981 5981
6142 6142
2274 2274
5987 5987
2129 2129
2608 2608
6097 6097
2221 2221
2472 2472
2500 2500
2076 2076
3908 3908
2514 2514
3706 3706
2163 2163
5684 5684
5677 5677
2595 2595
2061 2061
5915 5915
5875 5875
2506 2506
5872 5872
5993 5993
2081 2081
2172 2172
3687 3687
5487 5487
2390 2390
6117 6117
1 1
5697 5697
6011 6011
3707 3707
2365 2365
2078 2078
5447 5447
2596 2596
2124 2124
1984 1984
3882 3882
5902 5902
5903 5903
5549 5549
2516 2516
2507 2507
2180 2180
3950 3950
147 147
2586 2586
5991 5991
6107 6107
5996 5996
2588 2588
2600 2600
2401 2401
2616 2616
3818 3818
5470 5470
2602 2602
6039 6039
5884 5884
2239 2239
3877 3877
3972 3972
2623 2623
172 172
3049 3049
6006 6006
174 174
2035 2035
2624 2624
5879 5879
4022 4022
4019 4019
2397 2397
3867 3867
2012 2012
6132 6132
6157 6157
2011 2011
6115 6115
3960 3960
6116 6116
3981 3981
2519 2519
5646 5646
6024 6024
5802 5802
3889 3889
4028 4028
4020 4020
2523 2523
4011 4011
4012 4012
2030 2030
3899 3899
6135 6135
5239 5239
3996 3996
3967 3967
3963 3963
5550 5550
4006 4006
197 197
4008 4008
4039 4039
5910 5910
4052 4052
3991 3991
3718 3718
4045 4045
4037 4037
2120 2120
2629 2629
4062 4062
4044 4044
4048 4048
5494 5494
5886 5886
3887 3887
3953 3953
333 333
5232 5232
5236 5236
5532 5532
5231 5231
2067 2067
6162 6162
4033 4033
205 205
5480 5480
3952 3952
5526 5526
6160 6160
6161 6161
3785 3785
6165 6165
3719 3719
2560 2560
308 308
3890 3890
2544 2544
2558 2558
204 204
376 376
2086 2086
196 196
395 395
2245 2245
1988 1988
220 220
2231 2231
368 368
2648 2648
2534 2534
2687 2687
3437 3437
1778 1778
3694 3694
178 178
2022 2022
3664 3664
6175 6175
2545 2545
5881 5881
5559 5559
485 485
2215 2215
3360 3360
298 298
367 367
5887 5887
2282 2282
3361 3361
2691 2691
6201 6201
3338 3338
5929 5929
2536 2536
5569 5569
5765 5765
2576 2576
3362 3362
5777 5777
2675 2675
6211 6211
5796 5796
3812 3812
2295 2295
5402 5402
6178 6178
5667 5667
5927 5927
5773 5773
6193 6193
2663 2663
2657 2657
473 473
478 478
5812 5812
3316 3316
3358 3358
5791 5791
5785 5785
3439 3439
225 225
2431 2431
255 255
5794 5794
469 469
548 548
150 150
2694 2694
3368 3368
168 168
3307 3307
3371 3371
564 564
2676 2676
5775 5775
2433 2433
3281 3281
2308 2308
3354 3354
213 213
3372 3372
6181 6181
3225 3225
3366 3366
567 567
3349 3349
6196 6196
6180 6180
3270 3270
6225 6225
3273 3273
512 512
5406 5406
576 576
3267 3267
5668 5668
516 516
6224 6224
451 451
6229 6229
2705 2705
6230 6230
2449 2449
3421 3421
3373 3373
6209 6209
3266 3266
3253 3253
3902 3902
3237 3237
2755 2755
5782 5782
2020 2020
3223 3223
6191 6191
2351 2351
2311 2311
2330 2330
3407 3407
3443 3443
3251 3251
3249 3249
5430 5430
3305 3305
3447 3447
217 217
3329 3329
2435 2435
2464 2464
3892 3892
5388 5388
3219 3219
3302 3302
3380 3380
559 559
3213 3213
3918 3918
2340 2340
2466 2466
2465 2465
3399 3399
208 208
2207 2207
2101 2101
5437 5437
2762 2762
5705 5705
3335 3335
3381 3381
3402 3402
3323 3323
3238 3238
5429 5429
2727 2727
5441 5441
2744 2744
3326 3326
2718 2718
2446 2446
4807 4807
2719 2719
3195 3195
163 163
3190 3190
5410 5410
3333 3333
4061 4061
1938 1938
3465 3465
425 425
3393 3393
3392 3392
3012 3012
2766 2766
5059 5059
2877 2877
3242 3242
3295 3295
6838 6838
3431 3431
6842 6842
3177 3177
6758 6758
6841 6841
2147 2147
4849 4849
3194 3194
271 271
3384 3384
3178 3178
5411 5411
3180 3180
5385 5385
6808 6808
1304 1304
3683 3683
5056 5056
5204 5204
4308 4308
5395 5395
3037 3037
6807 6807
2746 2746
6797 6797
2884 2884
252 252
5110 5110
1753 1753
1958 1958
6834 6834
3769 3769
1940 1940
4299 4299
3179 3179
6713 6713
1755 1755
819 819
5191 5191
6754 6754
4701 4701
4234 4234
4786 4786
391 391
6767 6767
5054 5054
3386 3386
6830 6830
3387 3387
1120 1120
6694 6694
6641 6641
3144 3144
1974 1974
693 693
1349 1349
3197 3197
3042 3042
3059 3059
6780 6780
6432 6432
6630 6630
6829 6829
6778 6778
6638 6638
1135 1135
5219 5219
6823 6823
5073 5073
6865 6865
4696 4696
1748 1748
4217 4217
1932 1932
1634 1634
1638 1638
1375 1375
6644 6644
667 667
6620 6620
5026 5026
5069 5069
6659 6659
6639 6639
6609 6609
6657 6657
726 726
6828 6828
3034 3034
1129 1129
6762 6762
6799 6799
1674 1674
1121 1121
685 685
1976 1976
5122 5122
6801 6801
1219 1219
5130 5130
6787 6787
1531 1531
4693 4693
5079 5079
4114 4114
1421 1421
1743 1743
2890 2890
6607 6607
2950 2950
6600 6600
702 702
6693 6693
6633 6633
3036 3036
6793 6793
6489 6489
1257 1257
1678 1678
601 601
1424 1424
5125 5125
6784 6784
1913 1913
5144 5144
6563 6563
1586 1586
3765 3765
1656 1656
6615 6615
970 970
730 730
804 804
912 912
1126 1126
2855 2855
6714 6714
5015 5015
4699 4699
5220 5220
4221 4221
1136 1136
5027 5027
5022 5022
1663 1663
610 610
5176 5176
652 652
1800 1800
5142 5142
5067 5067
1727 1727
253 253
901 901
593 593
1968 1968
6719 6719
805 805
1243 1243
3063 3063
1459 1459
4679 4679
1741 1741
1745 1745
4814 4814
1208 1208
6721 6721
903 903
1608 1608
1620 1620
4156 4156
1462 1462
5202 5202
3153 3153
1564 1564
6731 6731
5082 5082
5276 5276
4677 4677
632 632
2911 2911
622 622
678 678
1709 1709
1460 1460
987 987
3764 3764
988 988
4117 4117
881 881
699 699
1737 1737
743 743
897 897
1799 1799
249 249
1746 1746
2926 2926
1461 1461
6477 6477
4158 4158
5089 5089
6626 6626
750 750
833 833
3497 3497
845 845
3113 3113
6595 6595
1886 1886
846 846
6466 6466
1613 1613
5205 5205
4827 4827
1188 1188
808 808
1553 1553
697 697
4866 4866
1554 1554
1707 1707
1806 1806
856 856
4329 4329
607 607
1037 1037
3152 3152
800 800
4101 4101
4148 4148
2915 2915
807 807
2925 2925
3169 3169
4644 4644
1000 1000
1163 1163
2819 2819
1796 1796
3136 3136
5050 5050
868 868
1729 1729
980 980
720 720
1001 1001
1390 1390
1393 1393
1251 1251
4140 4140
6280 6280
1396 1396
4149 4149
6569 6569
5189 5189
1591 1591
3090 3090
3112 3112
1611 1611
3503 3503
2998 2998
1572 1572
1164 1164
781 781
4119 4119
904 904
4413 4413
1409 1409
2838 2838
3505 3505
1546 1546
1824 1824
2952 2952
1438 1438
4855 4855
6300 6300
919 919
958 958
2859 2859
4108 4108
4963 4963
1479 1479
665 665
1115 1115
1451 1451
6316 6316
1230 1230
2932 2932
2844 2844
1397 1397
2865 2865
2822 2822
4602 4602
816 816
1481 1481
3125 3125
2826 2826
3081 3081
4730 4730
4831 4831
1523 1523
6588 6588
850 850
4593 4593
1004 1004
1860 1860
1049 1049
1221 1221
1593 1593
3099 3099
3085 3085
177 177
4729 4729
840 840
1780 1780
741 741
1490 1490
1253 1253
1090 1090
6533 6533
708 708
1825 1825
4607 4607
1137 1137
4425 4425
4167 4167
995 995
5348 5348
6349 6349
4134 4134
2986 2986
1528 1528
1506 1506
6566 6566
4688 4688
6473 6473
4373 4373
4374 4374
1111 1111
3759 3759
1248 1248
1005 1005
6375 6375
1371 1371
979 979
4689 4689
6307 6307
1153 1153
923 923
4805 4805
2848 2848
3509 3509
4953 4953
4155 4155
4237 4237
6573 6573
1514 1514
4747 4747
6303 6303
2842 2842
3087 3087
4820 4820
4332 4332
3109 3109
6559 6559
4343 4343
6305 6305
926 926
1464 1464
1496 1496
932 932
6561 6561
4915 4915
2980 2980
4592 4592
4562 4562
1871 1871
6560 6560
6370 6370
1108 1108
778 778
5259 5259
6368 6368
1483 1483
5323 5323
4490 4490
873 873
1014 1014
991 991
4879 4879
3477 3477
6326 6326
4958 4958
1045 1045
3116 3116
4494 4494
1178 1178
5300 5300
6508 6508
4636 4636
1073 1073
947 947
4485 4485
4842 4842
1101 1101
6450 6450
4311 4311
847 847
6872 6872
6467 6467
4943 4943
1185 1185
4549 4549
1047 1047
4918 4918
1368 1368
6516 6516
4497 4497
6513 6513
4931 4931
4472 4472
4930 4930
4358 4358
4337 4337
4573 4573
4841 4841
4470 4470
4712 4712
4949 4949
4445 4445
4440 4440
4711 4711
