1 1
4 4
4302 6
8 8
2939 10
3390 12
4045 16
2608 18
22 22
23 23
3750 24
26 26
1764 28
29 29
1614 32
4307 33
34 34
490 35
5216 39
4141 40
2826 41
1563 42
300 43
45 45
46 46
5557 50
51 51
2915 55
765 57
1206 60
61 61
62 62
6195 67
2732 70
1995 71
6309 76
1413 79
3450 80
6785 82
5557 83
1698 84
85 85
1114 87
6856 88
6654 93
2319 95
3938 96
4007 99
2758 100
104 104
105 105
111 111
113 113
444 114
4973 115
4113 116
117 117
122 122
123 123
124 124
6163 125
3598 127
1510 128
1677 130
6541 131
5431 132
6211 135
3735 136
6656 139
140 140
444 142
147 147
150 150
151 151
3882 152
667 153
485 157
2341 159
3042 162
163 163
5176 165
168 168
5576 170
172 172
3027 173
174 174
1429 175
177 177
178 178
6567 185
190 190
192 192
196 196
197 197
1095 200
4166 202
204 204
205 205
2553 206
208 208
213 213
6144 216
217 217
220 220
2137 221
225 225
5790 230
6358 235
1783 237
4577 238
3616 241
245 245
2822 248
249 249
252 252
253 253
255 255
2183 258
3308 264
4790 269
271 271
3060 274
5072 276
6856 277
4732 278
284 284
6598 285
6818 288
289 289
5770 291
298 298
5059 299
3684 300
5029 302
6086 303
1203 304
3968 305
308 308
4284 310
311 311
1382 313
411 315
1009 319
979 320
321 321
322 322
323 323
2748 324
6425 326
1488 328
330 330
333 333
337 337
5734 340
134 341
1916 342
3773 343
342 344
5639 345
347 347
1025 348
5199 352
356 356
3938 358
294 359
367 367
368 368
4827 372
376 376
3672 380
6191 381
1133 382
4529 383
4789 386
6856 388
958 390
391 391
3103 392
5500 394
395 395
5059 398
3517 403
3459 404
6531 405
6831 406
408 408
409 409
4520 410
230 412
415 415
421 421
425 425
1962 426
544 429
2961 430
2829 432
448 434
435 435
302 436
438 438
5285 439
829 440
442 442
2571 443
1247 444
3789 447
5332 449
450 450
451 451
651 452
1610 453
3795 455
1984 457
6347 458
5029 462
846 463
1069 466
469 469
1751 471
473 473
3872 474
478 478
6642 479
3689 483
485 485
2294 488
6396 489
490 490
1906 494
6828 497
966 500
503 503
3542 504
4847 505
6374 508
6009 509
512 512
516 516
4910 519
618 521
3677 522
4954 523
4083 524
3732 528
530 530
3999 532
4215 533
5270 535
539 539
2141 541
6054 544
546 546
2617 547
548 548
5206 549
550 550
4009 555
3465 556
559 559
560 560
212 562
564 564
6578 565
567 567
1826 568
576 576
5331 577
581 581
6739 582
585 585
2341 588
6865 590
593 593
5575 595
5609 596
3886 599
5207 600
601 601
603 603
607 607
608 608
610 610
2743 612
615 615
1115 621
622 622
68 623
632 632
1528 636
1248 640
2266 641
3984 643
644 644
4122 646
652 652
2445 654
4328 661
2361 663
665 665
667 667
1602 668
5271 671
672 672
2913 673
1764 675
1862 677
678 678
4020 679
5105 680
685 685
3128 686
6452 691
4784 692
693 693
948 695
697 697
3234 698
699 699
702 702
4281 703
704 704
4571 705
708 708
4140 709
710 710
4685 711
712 712
3765 713
720 720
328 722
6865 724
726 726
730 730
4186 734
4582 736
4858 737
3401 738
1648 739
3849 740
741 741
1074 742
743 743
5770 745
4060 747
750 750
754 754
6406 755
3669 757
1027 759
761 761
6449 762
1316 765
3275 766
4286 767
5247 768
2272 771
4088 772
6361 777
778 778
781 781
2170 782
4732 785
786 786
4690 788
5926 793
4805 798
800 800
2231 801
2748 803
804 804
805 805
807 807
808 808
816 816
819 819
1678 830
833 833
651 834
839 839
840 840
6258 843
3720 844
845 845
846 846
847 847
5800 849
850 850
1434 851
3725 854
2534 855
856 856
1119 866
868 868
1615 869
3880 870
871 871
6637 872
873 873
3732 877
5861 879
1615 880
881 881
1188 886
2664 889
5090 891
1375 895
897 897
2950 898
491 899
900 900
901 901
903 903
904 904
5743 907
4742 908
5928 910
912 912
6176 915
3984 918
919 919
1206 920
923 923
924 924
926 926
932 932
933 933
504 936
6681 937
1909 939
3864 942
4226 943
2388 946
947 947
5917 949
958 958
3849 959
2747 963
1595 964
965 965
970 970
5756 972
5007 973
4728 978
979 979
980 980
2327 981
5280 983
5457 985
684 986
987 987
988 988
991 991
995 995
1000 1000
1001 1001
1004 1004
1005 1005
2049 1007
1427 1008
4354 1011
1014 1014
4388 1015
1018 1018
4461 1019
1027 1027
2251 1028
932 1029
1092 1032
19 1035
5402 1036
1037 1037
3164 1039
1429 1040
4399 1041
5347 1043
1045 1045
1272 1046
1047 1047
1049 1049
5171 1058
4063 1059
4806 1061
4340 1066
4901 1069
1073 1073
6396 1074
1786 1077
3912 1079
1625 1086
1090 1090
6849 1091
4697 1092
408 1093
328 1095
952 1097
1101 1101
3459 1102
4320 1104
1040 1106
1108 1108
212 1109
805 1110
1111 1111
5546 1114
1115 1115
3224 1119
1120 1120
1121 1121
4894 1123
1126 1126
6426 1127
3004 1128
1129 1129
5530 1134
1135 1135
1136 1136
1137 1137
4015 1138
1139 1139
3164 1145
1147 1147
6616 1148
1153 1153
743 1158
3940 1161
1163 1163
1164 1164
4152 1173
2747 1174
2327 1175
212 1176
2737 1177
1178 1178
1201 1181
1185 1185
6039 1187
1188 1188
5074 1190
5583 1191
4931 1192
4214 1193
414 1201
1272 1204
1208 1208
2525 1215
2995 1217
1219 1219
3737 1220
1221 1221
3825 1223
428 1226
1230 1230
5133 1232
3234 1234
1235 1235
4971 1237
5893 1238
1239 1239
1240 1240
2204 1241
1243 1243
1698 1244
444 1247
1248 1248
1251 1251
1253 1253
1257 1257
609 1261
3463 1263
6549 1267
3912 1269
1270 1270
5810 1271
6106 1274
201 1276
1277 1277
1278 1278
1289 1289
2733 1290
1291 1291
5806 1292
4971 1301
4651 1303
1304 1304
2962 1306
3587 1309
1191 1312
4727 1314
2807 1319
9 1328
2072 1338
4893 1339
1340 1340
3403 1342
5174 1345
1223 1346
1349 1349
2732 1351
1353 1353
1403 1354
1356 1356
1358 1358
1359 1359
729 1360
4118 1362
1368 1368
1371 1371
1375 1375
5879 1381
2647 1383
1563 1385
5627 1388
1390 1390
1393 1393
1396 1396
1397 1397
4890 1398
3218 1399
1403 1403
3108 1406
1409 1409
5879 1414
5864 1415
5072 1420
1421 1421
1424 1424
2604 1430
3136 1431
1434 1434
1418 1435
1438 1438
5707 1439
6035 1440
6856 1446
5861 1450
1451 1451
125 1458
1459 1459
1460 1460
1461 1461
1462 1462
1464 1464
5118 1465
6118 1474
1475 1475
5213 1476
1479 1479
200 1480
1481 1481
1483 1483
70 1484
3179 1485
1171 1486
2259 1487
5424 1489
1490 1490
5431 1495
1496 1496
5486 1498
1367 1501
3414 1503
1506 1506
6707 1508
1514 1514
3912 1517
1380 1519
1523 1523
3967 1526
1528 1528
4363 1529
2657 1530
1531 1531
952 1534
1535 1535
4447 1536
5861 1539
2798 1540
218 1542
1440 1543
1546 1546
2654 1548
1553 1553
1554 1554
3704 1556
2815 1560
1564 1564
2551 1565
4079 1566
1572 1572
520 1574
2748 1576
4782 1584
3321 1585
1586 1586
1591 1591
2309 1592
1593 1593
448 1597
3241 1598
6391 1599
1206 1604
2006 1605
1608 1608
1609 1609
1611 1611
1613 1613
6549 1614
3951 1615
3786 1616
6422 1617
1620 1620
183 1622
1206 1623
1107 1624
2685 1631
6617 1632
1634 1634
930 1637
1638 1638
1206 1640
5826 1644
4281 1650
4317 1654
1656 1656
1556 1657
1663 1663
6075 1667
3605 1668
736 1670
1674 1674
3031 1676
1677 1677
1678 1678
5824 1680
3381 1681
3984 1682
3859 1686
6522 1690
3822 1693
5824 1695
973 1699
205 1700
2669 1702
3133 1703
216 1705
2928 1706
1707 1707
4519 1708
1709 1709
4832 1711
1711 1714
3878 1716
3370 1723
1727 1727
3583 1728
1729 1729
2049 1733
3763 1734
593 1735
1737 1737
4670 1738
2992 1739
1741 1741
1743 1743
1745 1745
1746 1746
1747 1747
1748 1748
3008 1749
1753 1753
1755 1755
1756 1756
6602 1758
1760 1760
4886 1761
586 1764
1711 1771
2785 1772
1913 1775
6634 1776
1778 1778
2598 1779
1780 1780
1563 1783
2928 1789
5576 1795
1796 1796
1799 1799
1800 1800
6113 1801
448 1802
5012 1804
5076 1805
1806 1806
972 1808
78 1814
1317 1815
2436 1817
5961 1821
2466 1823
1824 1824
1825 1825
1224 1828
4650 1830
1831 1831
2480 1832
400 1834
4971 1840
2608 1841
1136 1843
5493 1844
1850 1850
299 1853
1855 1855
1856 1856
5058 1857
6865 1859
1860 1860
1863 1863
1867 1867
1871 1871
3291 1874
65 1878
1886 1886
1688 1890
6771 1891
1896 1896
2758 1897
4588 1898
1903 1903
1905 1905
1907 1907
3876 1908
1692 1910
2937 1911
1913 1913
5439 1914
1456 1916
1924 1924
1925 1925
5446 1929
1932 1932
1085 1935
1274 1936
6842 1937
1938 1938
1940 1940
4158 1944
4069 1946
1015 1955
3698 1957
1958 1958
57 1960
2737 1961
590 1965
1968 1968
950 1969
6106 1970
1974 1974
1976 1976
2483 1981
5822 1982
5535 1983
1984 1984
1439 1986
1988 1988
2477 1990
1467 1991
1992 1992
594 1996
1999 1999
6646 2001
3198 2002
2004 2004
2005 2005
4025 2006
2011 2011
2012 2012
3836 2015
2091 2017
2020 2020
4079 2021
2022 2022
4772 2025
6047 2029
2030 2030
2859 2031
4519 2032
374 2033
2035 2035
6044 2037
3920 2040
2046 2046
4690 2052
4565 2054
360 2055
2061 2061
488 2062
4088 2064
6856 2066
2067 2067
2820 2070
569 2073
1440 2074
2076 2076
2078 2078
2081 2081
2086 2086
6084 2088
1069 2092
6075 2094
5609 2095
4515 2097
2215 2098
2447 2100
2101 2101
5431 2102
2104 2104
355 2106
3849 2108
2109 2109
6502 2114
657 2115
3912 2117
3274 2119
2120 2120
3677 2121
2122 2122
2124 2124
2129 2129
2130 2130
1563 2132
3427 2135
6637 2137
2140 2140
1382 2146
2147 2147
448 2149
1128 2150
6708 2151
1313 2152
448 2153
3328 2158
5304 2159
6517 2162
2163 2163
4796 2165
3340 2166
4158 2167
2914 2169
2172 2172
1208 2173
2746 2174
3312 2176
2177 2177
2178 2178
2180 2180
4406 2181
3999 2182
2349 2188
3765 2191
398 2197
5395 2202
3912 2203
4221 2206
2207 2207
6637 2208
5128 2210
5656 2211
1151 2212
5543 2214
2215 2215
1716 2219
1365 2220
2221 2221
5866 2225
3864 2230
2231 2231
2013 2232
3149 2236
5603 2238
2239 2239
1007 2243
2245 2245
2246 2246
3291 2251
1513 2252
2087 2255
406 2259
5607 2261
3595 2263
2043 2266
4854 2267
4020 2268
3716 2269
5214 2270
2341 2271
5734 2273
2274 2274
1633 2276
4620 2279
2282 2282
6493 2285
880 2287
2339 2288
3938 2290
184 2293
2294 2294
2295 2295
2975 2298
2257 2301
4300 2302
5438 2304
2308 2308
2311 2311
97 2312
746 2314
5332 2316
6663 2317
4135 2318
1188 2322
5932 2326
3434 2328
2330 2330
4222 2335
2608 2339
2340 2340
3645 2344
6047 2349
2351 2351
5009 2355
4879 2357
6238 2360
1089 2361
2365 2365
811 2369
925 2373
3849 2374
2378 2378
3289 2382
4964 2383
1039 2385
1821 2387
1169 2388
2390 2390
1460 2392
6654 2393
2397 2397
3938 2398
2401 2401
5 2403
3907 2407
4559 2409
2341 2410
1698 2414
3999 2417
6553 2419
2330 2422
1617 2424
2454 2428
6699 2430
2431 2431
2433 2433
2435 2435
4185 2436
2446 2446
2449 2449
6603 2450
3123 2453
1915 2455
4281 2458
3999 2460
5164 2462
2464 2464
2465 2465
2466 2466
3436 2468
3682 2470
2472 2472
4899 2474
5679 2481
5091 2482
1988 2484
1069 2485
5639 2488
1375 2491
872 2492
5072 2493
2498 2498
1189 2499
2500 2500
4036 2501
4421 2503
2506 2506
2507 2507
2657 2513
2514 2514
950 2515
2516 2516
2519 2519
6537 2520
2345 2522
2523 2523
1291 2532
2534 2534
2536 2536
3093 2540
915 2543
2544 2544
2545 2545
2005 2547
1987 2548
6394 2549
4823 2553
2558 2558
3043 2559
2560 2560
3984 2562
5845 2564
1508 2565
5266 2567
6002 2573
2616 2575
2576 2576
3624 2577
3974 2581
2915 2584
2586 2586
4461 2587
2588 2588
5199 2589
1632 2591
2595 2595
2596 2596
6357 2597
2215 2598
983 2599
2600 2600
4141 2601
2602 2602
1927 2604
5244 2606
2608 2608
920 2615
2616 2616
2623 2623
2624 2624
1605 2626
2629 2629
3678 2633
1333 2640
6319 2641
1102 2642
6517 2644
2648 2648
5012 2656
2657 2657
5495 2659
6406 2660
5837 2662
2663 2663
2078 2665
2111 2666
5576 2669
5330 2670
2675 2675
2676 2676
6387 2677
3939 2678
5765 2682
2119 2683
6396 2685
91 2686
2687 2687
2691 2691
3756 2692
6363 2693
2694 2694
444 2695
3865 2697
2705 2705
1224 2709
6675 2711
4117 2713
2718 2718
2719 2719
1754 2722
3849 2723
3895 2724
3725 2725
2727 2727
6662 2728
4669 2732
3419 2737
6245 2739
1623 2743
2744 2744
2424 2745
2746 2746
2023 2747
2400 2748
3294 2751
2755 2755
3740 2760
4340 2761
2762 2762
5502 2763
2116 2764
5996 2765
2766 2766
4988 2767
1379 2769
4412 2775
2779 2779
2780 2780
5783 2781
925 2782
5349 2784
3598 2787
3935 2788
1382 2789
5016 2794
2795 2795
3022 2796
2797 2797
5480 2798
1083 2806
2811 2811
4672 2814
1935 2816
5709 2817
2819 2819
2822 2822
6047 2823
1585 2824
2826 2826
5516 2829
4817 2833
2838 2838
2842 2842
2844 2844
2846 2846
2848 2848
2120 2851
5300 2853
2855 2855
2859 2859
6415 2860
2884 2862
3587 2864
2865 2865
1603 2866
5880 2868
4439 2872
2877 2877
6075 2879
2884 2884
929 2887
4222 2889
2890 2890
5548 2894
3197 2899
2551 2901
2904 2904
3514 2906
3786 2910
2911 2911
2915 2915
390 2920
2925 2925
2926 2926
2932 2932
3807 2933
850 2934
448 2935
6364 2939
2941 2941
2943 2943
3595 2945
2971 2946
2437 2948
2950 2950
2447 2951
2952 2952
4742 2954
3069 2958
4784 2959
193 2963
2965 2965
5788 2969
2971 2971
2977 2977
3485 2979
2980 2980
4641 2985
2986 2986
950 2987
4112 2990
1857 2992
2993 2993
2994 2994
2998 2998
6707 3000
3004 3004
3006 3006
6326 3007
1616 3009
3012 3012
3420 3013
1102 3019
1969 3021
4333 3023
6151 3026
2491 3028
3704 3029
4510 3033
3034 3034
3036 3036
3037 3037
11 3040
3042 3042
3046 3046
439 3047
2510 3048
3049 3049
5463 3050
1456 3053
441 3054
1267 3057
3735 3058
3059 3059
3063 3063
4200 3064
1467 3065
3069 3069
4840 3075
5837 3076
341 3077
3081 3081
2343 3083
3085 3085
3087 3087
3090 3090
803 3094
3099 3099
98 3101
3019 3103
4840 3105
497 3108
3109 3109
3112 3112
3113 3113
515 3115
3116 3116
342 3118
3434 3123
2814 3124
3125 3125
3876 3126
2034 3127
2136 3129
1508 3133
3136 3136
3152 3143
3144 3144
6697 3145
2732 3147
969 3149
2998 3151
3152 3152
3153 3153
945 3156
4185 3161
5598 3163
3235 3166
3169 3169
6273 3170
3732 3174
3177 3177
3178 3178
3179 3179
3180 3180
1721 3183
3437 3186
6648 3188
2383 3189
3190 3190
1760 3193
3194 3194
3195 3195
6329 3196
3197 3197
3258 3199
1456 3206
3176 3211
3213 3213
3219 3219
4866 3221
3223 3223
3225 3225
6164 3226
3296 3228
255 3229
4281 3231
6396 3232
5845 3235
3237 3237
3238 3238
5135 3241
3242 3242
5922 3244
6819 3247
3249 3249
3251 3251
3253 3253
4354 3254
275 3264
3865 3265
3266 3266
3267 3267
2322 3269
3270 3270
6470 3271
3273 3273
5223 3280
3281 3281
5246 3285
4724 3287
657 3293
3295 3295
232 3296
3302 3302
1112 3303
4985 3304
3305 3305
3307 3307
789 3308
5390 3313
1893 3314
9 3315
3316 3316
3886 3317
3924 3318
6477 3320
4365 3321
3323 3323
6164 3324
3326 3326
3370 3328
3329 3329
3333 3333
6381 3334
3335 3335
3338 3338
2166 3339
6200 3340
5637 3344
3349 3349
3562 3353
3354 3354
1698 3356
3358 3358
3360 3360
3361 3361
3362 3362
3595 3363
3366 3366
3368 3368
3371 3371
3372 3372
3373 3373
5035 3377
3380 3380
3381 3381
2472 3383
3384 3384
3386 3386
3387 3387
5842 3391
3392 3392
3393 3393
1946 3395
4582 3398
3399 3399
3402 3402
6140 3403
4658 3404
30 3406
3407 3407
4418 3408
4906 3412
991 3413
1536 3415
3984 3416
2447 3420
3421 3421
5353 3424
6680 3430
3431 3431
3437 3437
3439 3439
57 3441
62 3442
3443 3443
6084 3444
3946 3446
3447 3447
209 3449
6131 3450
3323 3452
4858 3454
4604 3459
4158 3460
2412 3461
3465 3465
925 3467
73 3472
5537 3473
3477 3477
599 3478
6418 3479
3487 3487
3488 3488
4982 3490
3493 3493
3497 3497
3503 3503
3505 3505
4379 3507
2483 3508
3509 3509
5834 3510
969 3511
2862 3513
5865 3516
1499 3521
4766 3522
4284 3525
3530 3530
4519 3537
3308 3539
1690 3540
848 3542
3543 3543
3680 3545
5360 3546
3547 3547
542 3548
3549 3549
3750 3553
4691 3555
4440 3558
3912 3559
3560 3560
6440 3561
3566 3566
3568 3568
3570 3570
5646 3571
3577 3577
2705 3580
4259 3583
3584 3584
5461 3586
3588 3588
3590 3590
3592 3592
3593 3593
6391 3594
511 3595
3308 3600
3604 3604
3606 3606
3608 3608
3808 3609
6522 3611
6648 3612
2251 3613
5273 3614
4247 3615
3617 3617
6541 3618
3620 3620
2757 3626
1698 3627
1728 3628
3629 3629
3633 3633
3634 3634
5645 3635
1210 3637
2995 3638
3054 3639
3640 3640
3677 3641
6184 3643
856 3647
3505 3653
3657 3657
4449 3661
3069 3662
3019 3663
3664 3664
3666 3666
3667 3667
5222 3670
1698 3671
380 3672
2996 3675
3854 3676
4117 3678
3438 3681
3683 3683
4139 3686
3687 3687
1364 3688
5397 3689
4367 3690
3694 3694
4902 3696
4026 3701
3704 3704
1841 3705
3706 3706
3707 3707
3858 3708
5039 3709
6562 3712
2367 3714
1056 3716
4045 3717
3718 3718
3719 3719
971 3721
4232 3723
6393 3725
4449 3727
2590 3732
3734 3734
3911 3737
3739 3739
27 3741
3614 3742
3747 3747
3774 3749
3765 3750
6654 3751
4084 3752
3753 3753
3757 3757
3759 3759
5124 3761
3764 3764
3765 3765
1809 3766
3778 3767
3737 3768
3769 3769
3774 3774
1698 3775
3776 3776
1524 3778
3420 3779
3785 3785
4099 3786
3788 3788
5280 3792
3793 3793
4571 3794
1832 3796
3799 3799
3684 3800
3806 3806
4902 3808
6689 3810
3812 3812
3977 3817
3818 3818
3724 3819
3821 3821
3824 3824
3776 3825
3826 3826
6158 3828
3829 3829
6393 3830
3835 3835
3838 3838
646 3841
3786 3842
3843 3843
5797 3844
3845 3845
5657 3849
913 3852
3778 3854
3855 3855
3887 3858
3977 3860
3764 3864
3858 3866
3867 3867
3913 3870
3781 3873
773 3874
3877 3877
2549 3878
3977 3879
3906 3880
3882 3882
3585 3885
3887 3887
2577 3888
3889 3889
3890 3890
3958 3891
3892 3892
5039 3897
3716 3898
3899 3899
3902 3902
6122 3904
1979 3905
5657 3907
3908 3908
3910 3910
5554 3915
3607 3917
3918 3918
1698 3919
2996 3921
3896 3923
6734 3924
3976 3925
3926 3926
3929 3929
6028 3931
3932 3932
840 3933
1239 3943
2996 3946
1064 3947
3745 3948
3950 3950
3952 3952
3953 3953
3954 3954
344 3955
3956 3956
2230 3958
3918 3959
3960 3960
2887 3962
3963 3963
3962 3966
3967 3967
3972 3972
5058 3975
4737 3976
3535 3977
2573 3980
3981 3981
3836 3983
5953 3985
3345 3986
1297 3987
3685 3988
5233 3990
3991 3991
5014 3993
3996 3996
1915 3999
6478 4000
4122 4003
4006 4006
5039 4007
4008 4008
2773 4009
4011 4011
4012 4012
4093 4015
3888 4016
4034 4017
4019 4019
4020 4020
4022 4022
4028 4028
4033 4033
5806 4036
4037 4037
4832 4038
4039 4039
735 4041
4044 4044
4045 4045
4048 4048
3924 4050
4052 4052
3909 4054
3089 4056
219 4057
4061 4061
4062 4062
3798 4067
6654 4068
1141 4071
3970 4072
3164 4073
4108 4076
2786 4077
2380 4079
2996 4086
4091 4091
5205 4093
4094 4094
6359 4095
5980 4097
2422 4099
4101 4101
1682 4103
4524 4106
3786 4107
4108 4108
2091 4110
3847 4111
1975 4112
4114 4114
4117 4117
4119 4119
4123 4123
4124 4124
5841 4129
4134 4134
4159 4137
1059 4138
4140 4140
5765 4141
4148 4148
4149 4149
4155 4155
4156 4156
4849 4157
4158 4158
5312 4161
3907 4165
4167 4167
213 4169
6604 4181
4912 4198
4408 4201
6030 4202
4205 4205
4206 4206
5434 4212
4217 4217
4758 4219
4221 4221
1710 4222
1521 4227
4230 4230
4234 4234
4237 4237
2551 4239
4243 4243
6501 4245
5396 4247
4799 4251
2111 4252
765 4253
1141 4254
6045 4255
4257 4257
4258 4258
4259 4259
5029 4262
3540 4269
1801 4270
3569 4279
320 4280
2447 4281
414 4287
4294 4294
1466 4295
1265 4297
1194 4298
4299 4299
3144 4300
1375 4302
4305 4305
6047 4307
4308 4308
1914 4310
4311 4311
5854 4312
5857 4313
1698 4318
2002 4319
6113 4324
4329 4329
4720 4330
4332 4332
958 4333
5341 4334
3032 4335
4337 4337
3587 4340
4343 4343
5479 4344
1692 4349
4397 4350
6832 4353
30 4354
4752 4355
1456 4357
4358 4358
303 4360
3363 4363
4891 4367
1206 4368
1508 4371
4373 4373
4374 4374
2427 4377
500 4378
1264 4379
5354 4380
5022 4381
4386 4386
3938 4390
1723 4392
3243 4398
6406 4400
2826 4403
145 4407
4060 4408
4476 4411
1912 4412
4413 4413
1427 4417
3907 4421
6319 4424
4425 4425
3811 4426
3648 4427
2111 4429
5562 4432
4082 4435
6073 4436
4437 4437
4002 4439
4440 4440
4445 4445
3015 4447
3804 4451
2660 4455
1619 4460
5439 4461
2325 4464
4079 4466
4138 4467
4470 4470
6623 4471
4472 4472
6168 4473
4565 4476
390 4478
6047 4480
4481 4481
2543 4483
4485 4485
4486 4486
1961 4487
4490 4490
1053 4491
2941 4493
4494 4494
3574 4496
4497 4497
6765 4499
3208 4501
4503 4503
6564 4504
2422 4506
4342 4508
6393 4510
5157 4512
1039 4515
4516 4516
6322 4517
3773 4526
4772 4530
5076 4535
4537 4537
4538 4538
4122 4540
6239 4542
4543 4543
6815 4544
4547 4547
4548 4548
4549 4549
3019 4553
219 4558
3005 4561
4562 4562
591 4565
3606 4566
6704 4568
2975 4569
3308 4570
4573 4573
3308 4579
6266 4580
5847 4585
4586 4586
3938 4591
4592 4592
4593 4593
609 4594
4602 4602
5431 4605
4607 4607
5808 4610
3578 4613
4399 4614
1199 4619
3704 4621
4624 4624
3648 4627
3849 4630
4631 4631
3849 4632
28 4633
4634 4634
4636 4636
4637 4637
4223 4639
3234 4643
4644 4644
9 4645
4646 4646
737 4647
223 4648
1692 4649
4650 4650
4653 4653
3308 4654
4113 4658
3849 4661
3099 4663
4664 4664
4666 4666
4858 4667
4663 4668
1959 4671
5790 4673
4677 4677
4679 4679
6733 4680
3190 4681
2462 4684
3788 4687
4688 4688
4689 4689
3984 4692
4693 4693
4696 4696
5747 4697
4699 4699
173 4700
4701 4701
3598 4704
2318 4707
4711 4711
4712 4712
4713 4713
4714 4714
3849 4715
1008 4717
2154 4721
6509 4722
2041 4724
5775 4725
6393 4726
4303 4728
4729 4729
4730 4730
4156 4732
4607 4735
1038 4736
5045 4737
5554 4740
3849 4743
4705 4744
882 4746
4747 4747
6689 4749
3981 4751
4755 4755
4756 4756
4757 4757
2869 4758
1223 4761
4765 4765
4770 4770
865 4771
599 4772
4057 4774
6857 4775
913 4776
6548 4782
4786 4786
3482 4788
4793 4793
4797 4797
3482 4798
4805 4805
1133 4806
4807 4807
2928 4808
1770 4813
4814 4814
2401 4815
4817 4817
4820 4820
5765 4823
1866 4825
4827 4827
3886 4828
4831 4831
2759 4832
390 4839
4841 4841
4842 4842
5746 4846
4752 4848
4849 4849
3550 4850
4855 4855
5189 4856
2016 4857
4858 4858
6649 4859
4866 4866
2510 4872
2736 4873
4874 4874
4875 4875
5765 4876
3938 4877
2735 4878
4879 4879
6865 4882
4887 4887
4060 4888
4976 4890
5656 4891
776 4892
1771 4893
4146 4895
865 4896
465 4902
4905 4905
4907 4907
4910 4910
3704 4912
4915 4915
942 4916
4918 4918
2774 4920
6347 4924
4930 4930
4931 4931
4933 4933
5679 4936
4941 4941
4943 4943
4949 4949
5763 4950
4953 4953
4956 4956
4958 4958
2106 4960
4963 4963
4970 4970
5822 4972
5857 4973
4975 4975
6856 4979
4985 4985
1811 4990
4991 4991
4992 4992
545 4993
4182 5004
3977 5006
2470 5007
1524 5008
4836 5011
1316 5014
5015 5015
2939 5016
5022 5022
31 5025
5026 5026
5027 5027
485 5028
5002 5029
1718 5033
4694 5037
4091 5039
2606 5040
3924 5043
4828 5045
3854 5046
1780 5047
1698 5048
5050 5050
3695 5051
5054 5054
5056 5056
6301 5057
5059 5059
479 5061
2915 5062
404 5063
5553 5066
5067 5067
1644 5068
5069 5069
4334 5072
5073 5073
5074 5074
6225 5075
6330 5076
5079 5079
6872 5080
5082 5082
3452 5086
4158 5088
5089 5089
5090 5090
6440 5093
6537 5100
5135 5101
1247 5105
641 5106
5016 5107
4036 5109
5110 5110
5113 5113
6818 5119
5120 5120
205 5121
5122 5122
5125 5125
5130 5130
6340 5135
575 5137
5139 5139
5438 5141
5142 5142
5144 5144
1080 5145
5679 5148
3414 5149
2533 5153
1780 5154
992 5155
1820 5164
5745 5165
5168 5168
2968 5173
5176 5176
3704 5179
872 5184
3477 5187
5189 5189
5191 5191
5193 5193
290 5195
5197 5197
1093 5199
5202 5202
5204 5204
5205 5205
4180 5206
1088 5209
6251 5211
4340 5213
3589 5216
5219 5219
5220 5220
5221 5221
2069 5222
4109 5227
68 5229
5231 5231
5232 5232
5236 5236
2862 5238
5239 5239
6128 5243
1614 5244
4338 5251
2735 5254
4990 5257
5259 5259
3288 5262
2386 5265
5269 5269
4068 5273
4185 5275
5276 5276
4840 5277
163 5281
3657 5282
1095 5283
3861 5289
4317 5293
182 5294
5295 5295
6665 5299
5300 5300
3135 5302
2613 5303
5657 5308
4840 5309
4552 5311
5316 5316
1798 5317
3400 5321
3256 5322
5323 5323
5324 5324
5327 5327
496 5328
4711 5329
5330 5330
2316 5332
4527 5333
4078 5334
4537 5339
2840 5342
442 5343
5348 5348
5009 5350
333 5353
4409 5354
1380 5355
4060 5358
230 5360
2619 5361
5362 5362
3431 5367
5371 5371
2702 5375
5377 5377
3006 5378
3 5379
5381 5381
5385 5385
5879 5387
5388 5388
3053 5390
2757 5391
887 5393
5395 5395
3182 5397
1533 5399
5402 5402
5811 5403
5406 5406
4791 5408
5410 5410
5411 5411
366 5413
4096 5419
3698 5422
1469 5423
6411 5424
28 5425
3707 5428
5429 5429
5430 5430
235 5433
3291 5435
5437 5437
5441 5441
1502 5442
2901 5444
4954 5446
5447 5447
4469 5448
1831 5458
5460 5460
5462 5462
1115 5465
4464 5466
439 5467
4506 5468
5470 5470
5472 5472
4115 5475
5480 5480
4473 5481
4060 5482
5487 5487
5494 5494
204 5495
5106 5496
5502 5502
5507 5507
5510 5510
4343 5511
5515 5515
5517 5517
6403 5522
5523 5523
1292 5525
5526 5526
5137 5527
6499 5528
3819 5530
2170 5531
5532 5532
1671 5536
3473 5537
5539 5539
930 5540
2088 5541
5542 5542
5543 5543
5498 5545
3275 5546
5535 5547
5549 5549
5550 5550
6831 5551
3538 5553
299 5554
3847 5555
496 5556
497 5557
6501 5558
5559 5559
3598 5565
5569 5569
4500 5572
5904 5573
2927 5576
2488 5577
5579 5579
1403 5580
5581 5581
2771 5582
5583 5583
5589 5589
5590 5590
1751 5591
390 5594
5595 5595
5596 5596
1403 5599
5600 5600
6546 5603
3468 5605
5610 5610
2114 5611
3661 5613
5619 5619
3984 5620
5622 5622
1052 5627
5630 5630
500 5631
4976 5632
5634 5634
5572 5638
2705 5640
5641 5641
1955 5645
5646 5646
5648 5648
4909 5651
3794 5660
3861 5663
5667 5667
5668 5668
523 5674
246 5676
5677 5677
3748 5680
6865 5681
5506 5683
5684 5684
4891 5686
3540 5696
5697 5697
5698 5698
950 5700
2111 5703
2480 5704
5705 5705
5579 5706
2233 5707
6118 5713
5716 5716
5717 5717
1246 5720
6757 5722
5630 5724
2211 5728
5732 5732
2117 5734
1406 5735
6727 5736
3801 5737
1729 5740
3694 5741
872 5742
1674 5746
4158 5747
5750 5750
5754 5754
1317 5757
327 5761
3334 5762
455 5764
5765 5765
444 5766
5773 5773
6047 5774
5775 5775
5777 5777
1692 5781
5782 5782
5785 5785
2389 5789
4772 5790
5791 5791
5794 5794
5796 5796
5802 5802
4521 5808
3224 5810
4234 5811
5812 5812
88 5817
4826 5819
5823 5823
5825 5825
5828 5828
5067 5830
1251 5831
3999 5833
5837 5837
5840 5840
5842 5842
5844 5844
5845 5845
2257 5846
1586 5848
4025 5849
575 5854
5855 5855
5862 5862
5865 5865
826 5871
5872 5872
2865 5873
5875 5875
5627 5878
5879 5879
4740 5880
5881 5881
5884 5884
3628 5885
5886 5886
5887 5887
3493 5890
5902 5902
5903 5903
4622 5906
5910 5910
5915 5915
5093 5917
5927 5927
5929 5929
1613 5930
5932 5932
6880 5933
5935 5935
5936 5936
2235 5938
5939 5939
3548 5943
5645 5946
5949 5949
2585 5950
409 5952
4047 5958
5959 5959
6195 5961
5336 5964
493 5967
5645 5968
5969 5969
2593 5970
5115 5972
4703 5973
5974 5974
2447 5975
6765 5976
5977 5977
5978 5978
5979 5979
5980 5980
5981 5981
245 5982
5983 5983
3638 5985
5987 5987
6859 5990
5991 5991
5993 5993
1969 5995
5996 5996
2982 5997
3331 5998
5508 5999
1801 6002
6006 6006
1586 6010
6011 6011
2939 6017
1297 6019
6708 6020
6024 6024
1606 6028
6029 6029
6030 6030
326 6032
4672 6033
5660 6036
6039 6039
6042 6042
3725 6046
2573 6047
6589 6048
6054 6054
6055 6055
6056 6056
2862 6062
6063 6063
6064 6064
4738 6067
3648 6068
6069 6069
1053 6070
3527 6071
3612 6072
3381 6073
6077 6077
6078 6078
1692 6080
6081 6081
294 6082
6083 6083
6084 6084
1365 6085
6086 6086
6856 6088
6090 6090
3597 6091
5311 6096
6097 6097
6107 6107
5206 6111
3344 6114
6115 6115
6116 6116
6117 6117
3074 6118
4517 6121
3732 6122
2573 6127
3976 6129
3955 6130
695 6131
6132 6132
6455 6133
6135 6135
3115 6138
4858 6141
6142 6142
6143 6143
1728 6145
1943 6146
1698 6150
5308 6154
9 6156
6157 6157
6159 6159
6160 6160
6161 6161
6162 6162
6165 6165
4057 6173
6781 6174
6175 6175
915 6176
6410 6177
6178 6178
6180 6180
6181 6181
5629 6182
545 6183
4079 6186
1611 6188
4488 6190
6191 6191
5184 6192
6193 6193
6196 6196
1239 6198
1243 6199
6201 6201
2484 6204
1895 6205
1756 6207
6209 6209
6211 6211
3658 6217
6347 6221
6224 6224
6225 6225
6865 6226
6229 6229
6230 6230
6231 6231
5770 6233
4080 6234
5496 6236
3420 6237
6238 6238
3872 6239
6240 6240
4002 6243
6246 6246
6248 6248
6249 6249
5847 6252
3939 6254
2233 6256
604 6258
510 6262
6263 6263
6265 6265
5532 6267
204 6269
6276 6276
5881 6279
6280 6280
5564 6285
5896 6287
4604 6289
3842 6293
3386 6294
6860 6295
5266 6296
6413 6297
2277 6298
6300 6300
1356 6302
6303 6303
6305 6305
246 6306
6307 6307
6814 6310
6878 6312
1044 6315
6316 6316
1722 6322
6326 6326
5307 6332
5765 6333
6334 6334
6856 6339
5802 6347
6349 6349
6358 6358
3955 6359
6649 6365
3477 6367
6368 6368
3185 6369
6370 6370
319 6371
6224 6373
6375 6375
123 6376
1367 6378
4178 6382
1632 6385
743 6386
1771 6387
1467 6391
3258 6394
6417 6396
2698 6399
6402 6402
4890 6407
2193 6409
6857 6410
138 6412
2972 6414
6415 6415
3657 6416
342 6417
6420 6420
6423 6423
1893 6425
398 6426
450 6428
3299 6430
6431 6431
6432 6432
5157 6433
3828 6436
3043 6437
844 6439
3975 6440
4197 6442
3477 6443
319 6447
6450 6450
4151 6452
2151 6457
3434 6458
6460 6460
6464 6464
6466 6466
6467 6467
5426 6468
1295 6470
6473 6473
5548 6474
6477 6477
5939 6480
2341 6483
4118 6485
6489 6489
2888 6493
2720 6500
1866 6501
2348 6503
6508 6508
1519 6509
4421 6510
3193 6511
6513 6513
411 6515
6516 6516
5553 6517
5438 6518
6455 6520
2682 6521
6526 6526
4939 6527
6533 6533
6697 6536
6391 6543
5164 6544
3760 6545
1191 6548
2771 6554
5744 6555
1050 6557
6559 6559
6560 6560
6561 6561
6563 6563
6566 6566
6654 6568
6569 6569
305 6571
5801 6572
6573 6573
1545 6574
5495 6575
5970 6576
5168 6580
344 6584
1779 6585
3240 6586
2685 6587
6588 6588
3430 6593
6595 6595
5944 6597
6600 6600
3751 6604
6607 6607
6609 6609
488 6610
6615 6615
6620 6620
6510 6621
5099 6622
465 6623
6763 6624
6625 6625
6626 6626
5357 6628
1088 6629
6630 6630
6633 6633
4126 6634
1478 6635
1039 6637
6638 6638
6639 6639
6641 6641
5541 6642
6644 6644
5016 6645
5253 6649
1579 6651
6657 6657
6659 6659
2312 6663
802 6665
215 6666
5374 6669
4294 6670
4618 6673
5913 6680
1199 6685
4823 6691
3256 6692
6693 6693
6694 6694
6580 6700
4016 6703
5437 6704
4620 6705
2891 6706
1822 6709
4177 6710
6713 6713
6714 6714
2281 6717
6719 6719
4036 6720
6721 6721
648 6724
4186 6725
1716 6726
249 6727
6731 6731
3691 6734
5022 6737
545 6738
2212 6741
2857 6749
6595 6750
4610 6751
2796 6752
6754 6754
3907 6755
6758 6758
2984 6759
6762 6762
1520 6764
1215 6766
6767 6767
5979 6770
5357 6771
819 6775
5530 6777
6778 6778
6780 6780
6784 6784
4185 6785
6787 6787
2380 6788
3556 6791
6793 6793
6797 6797
6799 6799
4956 6800
6801 6801
2437 6803
4620 6804
6807 6807
6808 6808
2457 6809
1588 6811
5562 6812
4395 6813
3735 6819
1213 6820
4088 6822
6823 6823
3849 6826
6828 6828
6829 6829
6830 6830
2760 6831
6834 6834
2928 6836
6838 6838
6841 6841
6842 6842
2274 6848
4546 6850
1044 6858
105 6860
6865 6865
6697 6867
1145 6868
1206 6871
6872 6872
915 6873
6415 6876
463 6881
3535 6883
5875 6884
5783 6885
