1 1
2 2
2932 4
5112 5
3726 6
1730 8
5815 9
3071 13
2288 16
1161 19
4375 20
3738 24
26 26
5283 28
29 29
6015 30
36 36
37 37
297 39
1646 40
3885 43
44 44
6278 45
1098 46
3906 48
51 51
825 53
62 62
63 63
64 64
1878 65
6637 66
4382 67
5332 71
2588 75
76 76
2514 78
6809 79
81 81
4463 83
6538 84
404 92
94 94
5208 99
100 100
3525 101
3753 103
2035 104
112 112
113 113
1607 115
2552 116
117 117
119 119
122 122
2718 124
2522 125
555 127
128 128
130 130
6538 132
133 133
2504 137
138 138
140 140
2389 141
2257 142
363 144
6398 145
147 147
148 148
2850 149
151 151
3007 152
155 155
158 158
1452 160
1092 161
163 163
6477 164
1520 167
6106 170
174 174
4807 178
3932 179
180 180
720 184
5859 187
189 189
191 191
5144 196
3813 197
1388 200
204 204
4805 206
210 210
211 211
214 214
215 215
217 217
5313 219
220 220
4911 222
2541 224
225 225
4461 226
227 227
6519 228
231 231
3440 232
2346 233
6602 234
1961 235
239 239
241 241
242 242
244 244
245 245
249 249
5882 252
3920 253
194 256
258 258
261 261
4766 263
3902 264
269 269
270 270
271 271
3314 273
2743 277
285 285
3958 288
2903 289
942 293
295 295
6724 296
5330 298
300 300
302 302
6052 303
307 307
2542 308
309 309
1589 310
311 311
312 312
2517 315
5079 321
322 322
4793 323
325 325
2593 326
327 327
328 328
245 329
2585 332
3151 334
340 340
343 343
344 344
1769 346
347 347
351 351
5817 357
359 359
360 360
5472 362
367 367
368 368
369 369
374 374
5474 375
376 376
6030 380
382 382
1822 383
384 384
1125 385
386 386
387 387
973 388
5590 389
390 390
1808 392
393 393
396 396
6098 398
399 399
400 400
401 401
886 404
3017 405
4649 406
407 407
408 408
409 409
410 410
3083 414
5882 415
2880 421
5504 425
1325 427
429 429
432 432
4845 433
436 436
321 438
439 439
6519 441
442 442
6394 444
1386 445
448 448
798 451
456 456
3048 458
464 464
472 472
4557 476
1493 479
3953 482
6098 485
489 489
3925 498
4201 500
2883 501
6538 503
2233 504
505 505
507 507
511 511
1396 514
515 515
6480 517
2854 526
1652 527
529 529
5236 530
2504 531
533 533
4221 536
537 537
538 538
540 540
544 544
545 545
546 546
4253 547
5882 548
552 552
6420 556
6409 557
558 558
2039 559
603 560
734 561
5561 563
4664 564
4164 567
568 568
6181 569
570 570
576 576
6843 578
1541 582
6045 583
585 585
586 586
591 591
2594 592
3085 593
5159 596
5516 597
598 598
599 599
6849 600
5269 601
603 603
4065 604
5463 605
607 607
3963 608
610 610
1706 612
615 615
6038 620
6615 621
1377 622
6762 623
245 625
4696 626
3776 627
790 628
5377 632
633 633
720 634
6295 635
4187 637
640 640
5421 644
5266 646
648 648
650 650
652 652
1466 653
6576 656
1094 657
1108 662
4893 663
1652 664
6809 665
5429 667
2033 668
5720 669
1633 670
672 672
674 674
119 675
676 676
677 677
2154 681
369 684
2224 686
688 688
693 693
1803 694
2246 697
704 704
705 705
5413 706
5321 713
4197 718
720 720
721 721
723 723
726 726
729 729
4495 732
4994 739
741 741
3810 746
6039 748
532 749
750 750
754 754
758 758
759 759
5441 761
583 762
764 764
5159 765
767 767
771 771
4173 772
773 773
776 776
1038 777
778 778
825 780
496 781
4843 782
1887 787
788 788
4403 795
2692 796
6122 797
2207 798
4012 801
802 802
4317 803
808 808
5084 810
3085 811
2481 813
815 815
460 817
2056 819
4840 820
1614 823
5191 824
5504 827
1361 828
5829 829
830 830
831 831
5472 834
5128 835
839 839
841 841
494 843
5545 844
846 846
1529 848
6613 850
206 851
3982 853
4389 854
298 856
857 857
858 858
6689 860
3282 861
2504 862
4951 865
107 866
5687 869
873 873
875 875
876 876
3174 878
5084 879
880 880
881 881
882 882
884 884
2106 886
891 891
892 892
1176 896
897 897
5135 898
901 901
903 903
2797 904
905 905
2883 908
910 910
108 911
912 912
4020 915
919 919
1081 920
921 921
2285 922
923 923
871 924
6382 925
4333 926
927 927
929 929
932 932
933 933
936 936
6157 943
944 944
952 952
5556 953
955 955
1501 956
957 957
958 958
2818 962
965 965
6219 967
5272 969
970 970
973 973
975 975
978 978
981 981
108 986
987 987
988 988
2155 989
5016 990
2391 991
6180 992
2588 994
995 995
996 996
2793 997
1907 1000
667 1001
1003 1003
1004 1004
4108 1005
44 1006
4269 1007
6456 1009
1010 1010
4405 1011
1013 1013
1014 1014
872 1017
1018 1018
1023 1023
6887 1026
3753 1027
2896 1030
3143 1031
1032 1032
1033 1033
1286 1035
1036 1036
2676 1037
475 1038
1039 1039
1678 1042
1043 1043
1044 1044
1045 1045
1048 1048
1992 1049
5748 1051
1622 1052
1055 1055
1706 1058
5019 1062
2652 1064
1069 1069
3964 1074
584 1076
1077 1077
3160 1079
1524 1080
5212 1082
6598 1083
3158 1087
3048 1089
1093 1093
1096 1096
919 1102
2752 1103
1106 1106
1107 1107
3776 1111
1112 1112
4832 1113
4663 1114
1115 1115
1118 1118
1185 1120
1121 1121
1122 1122
1123 1123
6386 1124
1125 1125
5882 1126
1129 1129
218 1130
6449 1133
5343 1135
1136 1136
1137 1137
1140 1140
1141 1141
6047 1145
1147 1147
1149 1149
2628 1150
1153 1153
1410 1155
6362 1160
1162 1162
1164 1164
753 1165
3024 1166
1168 1168
1169 1169
2230 1170
1173 1173
1174 1174
1175 1175
1178 1178
2379 1179
6655 1181
1188 1188
1190 1190
1760 1192
1194 1194
6648 1195
913 1197
1200 1200
3102 1202
1203 1203
199 1204
240 1207
6618 1212
2922 1213
1214 1214
2541 1218
924 1221
1223 1223
1227 1227
5403 1229
1062 1235
1236 1236
5429 1239
1240 1240
360 1241
5429 1243
225 1248
1187 1251
5622 1253
1254 1254
5937 1256
1258 1258
1259 1259
1288 1260
3150 1264
1265 1265
627 1266
4980 1268
318 1269
6387 1270
506 1271
1275 1275
3866 1276
1277 1277
1279 1279
1415 1281
3782 1282
1996 1288
2993 1291
1293 1293
2928 1296
3782 1297
995 1299
1648 1302
1448 1303
1235 1305
1306 1306
1994 1309
1311 1311
1323 1323
1303 1324
1339 1326
1327 1327
4651 1328
1334 1334
2800 1335
6611 1340
1342 1342
910 1343
2223 1349
6329 1350
1355 1355
1356 1356
4522 1357
1358 1358
1362 1362
1363 1363
4870 1366
1369 1369
5905 1374
2975 1379
1382 1382
3966 1385
1386 1386
1387 1387
1388 1388
1393 1393
5179 1394
1396 1396
1399 1399
6181 1401
1402 1402
4650 1406
1407 1407
1409 1409
1415 1410
5635 1411
6499 1416
1418 1418
1419 1419
1421 1421
6306 1422
1424 1424
1339 1426
1684 1430
1433 1433
4128 1437
6631 1439
3909 1440
5866 1441
4707 1442
5032 1445
1449 1449
4502 1451
3017 1452
612 1453
1456 1456
1458 1458
1460 1460
1461 1461
1464 1464
5736 1465
1466 1466
954 1468
6006 1469
4404 1470
1243 1473
1478 1478
5197 1481
5610 1482
1564 1483
224 1484
6477 1486
1488 1488
4403 1490
1492 1492
6714 1493
1499 1499
3710 1500
295 1503
1505 1505
1506 1506
1511 1511
589 1512
1515 1515
2541 1516
790 1517
861 1518
1519 1519
5429 1520
4913 1522
1524 1524
5212 1525
1526 1526
1493 1528
1529 1529
1377 1530
1534 1534
1535 1535
5135 1536
1537 1537
1538 1538
1470 1539
4949 1540
1541 1541
1542 1542
1545 1545
368 1546
4555 1547
5016 1548
834 1550
4214 1551
1588 1552
1554 1554
1556 1556
1557 1557
824 1558
5280 1559
1561 1561
2884 1563
1120 1564
5838 1565
2883 1566
1567 1567
1568 1568
1571 1571
1578 1578
1579 1579
1386 1580
6817 1581
1585 1585
1239 1586
1588 1588
1593 1593
1595 1595
1203 1597
1466 1598
6007 1600
1994 1602
1603 1603
2478 1605
2941 1606
5771 1607
1608 1608
1611 1611
3819 1612
6828 1613
1614 1614
1615 1615
2708 1617
5753 1618
1619 1619
456 1620
1622 1622
1243 1623
1625 1625
1628 1628
2862 1631
4286 1633
1634 1634
3810 1636
1638 1638
6538 1641
5848 1644
1646 1646
1647 1647
1649 1649
5492 1651
1652 1652
1654 1654
5128 1655
1657 1657
1660 1660
1661 1661
2206 1666
1667 1667
1669 1669
6557 1671
1673 1673
1674 1674
1677 1677
1678 1678
4036 1679
1681 1681
4058 1682
1683 1683
1684 1684
1687 1687
5262 1688
1689 1689
1692 1692
1695 1695
1836 1696
1699 1699
1700 1700
1704 1704
1848 1705
6602 1709
55 1710
5059 1711
5679 1713
1992 1714
1351 1715
1717 1717
5182 1721
1722 1722
1725 1725
4674 1732
1733 1733
5879 1735
2743 1736
1737 1737
5192 1738
1741 1741
1745 1745
1746 1746
6224 1748
1749 1749
1333 1752
5932 1753
1755 1755
5879 1756
1374 1757
3015 1762
5475 1763
1764 1764
1766 1766
885 1767
3848 1769
1116 1771
1773 1773
2051 1775
1778 1778
4371 1779
1780 1780
1784 1784
1787 1787
1788 1788
1266 1791
942 1793
1795 1795
1796 1796
1799 1799
3205 1802
4380 1804
48 1807
5429 1810
5809 1812
1814 1814
4906 1815
364 1818
2959 1822
1824 1824
1825 1825
1826 1826
5128 1828
1830 1830
1831 1831
1832 1832
1833 1833
1541 1834
1838 1838
122 1839
2321 1840
1843 1843
5670 1844
5119 1846
1850 1850
4018 1852
1854 1854
1855 1855
1856 1856
1860 1860
1226 1861
1862 1862
1863 1863
1864 1864
4651 1865
1867 1867
1870 1870
3679 1871
142 1873
1874 1874
1875 1875
1876 1876
1878 1878
6621 1880
1881 1881
1092 1888
4840 1889
4258 1890
6498 1893
1243 1894
6552 1895
1897 1897
1900 1900
1904 1904
5882 1905
1906 1906
1907 1907
1912 1912
1913 1913
1914 1914
5492 1915
1916 1916
6556 1917
1918 1918
2553 1919
5562 1922
1925 1925
1927 1927
1928 1928
2992 1930
1240 1932
1933 1933
5166 1939
1940 1940
1949 1949
2588 1950
1951 1951
3749 1953
5546 1955
6248 1957
5036 1959
2331 1961
1962 1962
1588 1964
1966 1966
2993 1969
2393 1971
1972 1972
5504 1974
1976 1976
3702 1978
1983 1983
3996 1985
2751 1986
3239 1989
3009 1990
722 1992
1993 1993
1541 1996
2001 2001
2005 2005
2007 2007
2390 2015
3798 2017
2018 2018
3174 2021
2022 2022
1003 2023
2027 2027
2792 2028
4317 2029
2030 2030
1480 2032
4635 2033
2036 2036
4011 2038
6259 2039
1182 2041
2046 2046
4375 2047
2049 2049
2052 2052
6327 2054
4007 2056
834 2058
2061 2061
2062 2062
2345 2063
1848 2066
2068 2068
972 2074
2896 2077
89 2079
2080 2080
693 2085
2086 2086
2087 2087
5541 2088
2092 2092
2093 2093
2095 2095
5011 2097
1702 2100
2103 2103
2104 2104
2107 2107
2112 2112
4212 2113
2114 2114
5159 2115
4927 2116
5284 2119
2896 2121
2124 2124
315 2125
5809 2126
2127 2127
2128 2128
2129 2129
2130 2130
5732 2134
2135 2135
5909 2136
6076 2137
725 2139
1010 2142
6555 2143
2144 2144
2146 2146
6480 2148
2150 2150
2151 2151
2152 2152
3971 2158
1005 2163
2164 2164
4317 2165
2167 2167
924 2170
1111 2172
2175 2175
2177 2177
4389 2179
2180 2180
4746 2182
2321 2185
5267 2187
2193 2193
2197 2197
2199 2199
6583 2201
2204 2204
2206 2206
4664 2207
2210 2210
2211 2211
1817 2213
2214 2214
2215 2215
4545 2216
2220 2220
2221 2221
6198 2222
1994 2224
3922 2225
2227 2227
3890 2228
6191 2229
348 2230
1855 2231
2912 2232
3431 2235
4543 2236
2238 2238
2239 2239
3299 2240
2243 2243
1006 2244
2246 2246
3782 2249
2250 2250
2252 2252
478 2253
2254 2254
2255 2255
2256 2256
443 2257
2261 2261
2263 2263
2979 2266
6106 2268
5419 2270
2435 2271
2272 2272
6030 2274
5355 2276
3563 2277
2278 2278
2280 2280
3813 2282
5372 2283
87 2287
2288 2288
2289 2289
2594 2290
2292 2292
4012 2294
2295 2295
2296 2296
921 2298
2299 2299
2302 2302
1174 2304
2305 2305
2306 2306
2308 2308
2312 2312
2317 2317
2318 2318
5764 2319
2321 2321
2324 2324
2325 2325
107 2329
479 2330
2331 2331
439 2333
848 2338
2340 2340
2798 2344
2348 2348
2349 2349
5429 2353
1204 2354
2483 2356
5174 2358
4858 2361
2362 2362
1341 2364
2367 2367
4774 2368
2012 2369
1543 2371
1652 2373
2375 2375
2377 2377
2378 2378
4965 2380
6835 2383
2388 2388
2389 2389
4485 2390
5789 2391
2393 2393
2395 2395
5702 2396
2401 2401
3781 2402
5164 2404
924 2405
6583 2408
2908 2412
2413 2413
1396 2417
2175 2421
1291 2422
2423 2423
6195 2424
2425 2425
2427 2427
387 2429
2431 2431
2432 2432
6245 2433
2434 2434
2435 2435
2436 2436
2437 2437
3679 2440
1395 2442
2444 2444
1043 2445
2446 2446
2448 2448
2450 2450
4782 2453
719 2454
2456 2456
2457 2457
1185 2459
5177 2460
2463 2463
2466 2466
2468 2468
2470 2470
5905 2473
2475 2475
6828 2477
6248 2479
2480 2480
1167 2487
2492 2492
2493 2493
2498 2498
2499 2499
2137 2505
2506 2506
2508 2508
2509 2509
5429 2510
4749 2511
2883 2512
2514 2514
2516 2516
2517 2517
2519 2519
2523 2523
5177 2527
2103 2529
180 2530
1437 2531
5492 2532
2533 2533
5494 2534
2558 2536
2537 2537
1155 2538
3853 2540
2550 2550
3022 2551
2558 2558
2559 2559
2560 2560
5396 2565
5825 2566
2568 2568
1697 2571
2572 2572
2573 2573
3046 2579
2447 2580
4317 2583
2585 2585
5236 2586
6330 2587
2663 2588
2594 2594
2596 2596
2600 2600
5190 2604
2594 2605
885 2607
5441 2608
2613 2613
2614 2614
1460 2620
565 2621
2075 2622
2811 2623
2624 2624
1734 2626
1239 2627
5079 2633
2634 2634
5257 2635
2517 2636
915 2637
6247 2639
102 2641
2643 2643
2644 2644
2646 2646
2648 2648
2652 2652
2654 2654
6190 2655
2662 2662
2663 2663
2869 2664
3452 2667
819 2671
5579 2675
2676 2676
5608 2679
2684 2684
2685 2685
1644 2686
2688 2688
5315 2689
483 2690
2692 2692
4651 2695
2699 2699
2700 2700
2701 2701
2702 2702
2705 2705
1210 2706
2707 2707
1770 2709
2715 2715
5748 2716
2719 2719
2721 2721
2722 2722
6618 2723
1836 2725
1171 2727
2728 2728
4662 2730
2731 2731
3950 2732
2152 2733
238 2734
657 2736
876 2737
2843 2738
2740 2740
2743 2743
1884 2745
2746 2746
2748 2748
2753 2753
3868 2754
5191 2755
2883 2757
910 2758
1220 2759
1220 2760
3776 2762
505 2769
2411 2770
2743 2772
2775 2775
4965 2777
2779 2779
2780 2780
4609 2782
2783 2783
1772 2785
5018 2789
2792 2792
3201 2793
2794 2794
2795 2795
2797 2797
4382 2799
496 2800
2801 2801
2807 2807
2808 2808
1461 2809
2811 2811
5309 2812
5386 2813
2814 2814
2815 2815
5732 2816
2817 2817
2818 2818
2819 2819
6809 2820
2822 2822
2825 2825
2826 2826
2917 2830
2831 2831
1607 2832
2833 2833
2834 2834
496 2837
1392 2838
5333 2841
2843 2843
2844 2844
4749 2845
2977 2846
4696 2847
6361 2852
2853 2853
2919 2856
6583 2857
2816 2861
4623 2862
537 2863
2865 2865
2868 2868
571 2871
2873 2873
2186 2874
2877 2877
4237 2884
2885 2885
2896 2888
1928 2890
6787 2892
3880 2893
4145 2895
2897 2897
2898 2898
5600 2903
2904 2904
2905 2905
2910 2910
2912 2912
2913 2913
2914 2914
2709 2915
3890 2916
4389 2918
4482 2921
2926 2926
2927 2927
2929 2929
5469 2930
2932 2932
3686 2933
725 2935
1983 2938
5492 2940
2941 2941
2942 2942
1083 2953
4543 2954
1755 2956
2958 2958
2960 2960
2962 2962
2895 2963
5236 2965
2967 2967
2969 2969
1466 2970
2977 2977
3193 2980
2984 2984
107 2987
6365 2988
2989 2989
5806 2990
2992 2992
2994 2994
3001 3001
3003 3003
3004 3004
3006 3006
3012 3012
832 3018
5068 3019
3020 3020
5144 3021
1564 3022
3023 3023
6532 3025
3026 3026
3029 3029
5503 3033
1377 3034
3035 3035
3036 3036
3037 3037
565 3038
3039 3039
5979 3042
3043 3043
3045 3045
5168 3046
3050 3050
2127 3051
6646 3052
3053 3053
2193 3055
2869 3057
3062 3062
3063 3063
3067 3067
4023 3068
4220 3075
3076 3076
3077 3077
3078 3078
3079 3079
5679 3082
5996 3089
3090 3090
3093 3093
1770 3094
3096 3096
3098 3098
3099 3099
460 3101
4683 3102
4828 3104
725 3105
3106 3106
45 3108
3112 3112
5225 3113
6483 3114
1243 3117
4567 3119
3120 3120
6502 3121
2743 3123
3125 3125
6480 3126
3128 3128
3131 3131
3132 3132
4392 3137
2393 3138
1033 3141
3142 3142
4994 3143
3144 3144
3148 3148
6103 3149
3150 3150
5090 3156
6817 3162
3163 3163
2979 3164
4576 3165
961 3167
3168 3168
3169 3169
2568 3170
3171 3171
3172 3172
4696 3173
4510 3174
3175 3175
5401 3176
3177 3177
1377 3179
3180 3180
3183 3183
1972 3188
3753 3194
3195 3195
3196 3196
6391 3198
3201 3201
6162 3203
916 3204
3206 3206
3207 3207
4036 3208
3216 3216
3217 3217
3554 3218
3219 3219
4011 3220
332 3222
3223 3223
3229 3229
3541 3230
3234 3234
3434 3236
3237 3237
3422 3238
3238 3239
3241 3241
3227 3242
3503 3244
3246 3246
3258 3247
3249 3249
3436 3250
3251 3251
3252 3252
3238 3253
3254 3254
3255 3255
1696 3257
332 3258
3282 3259
3517 3260
3391 3261
6176 3262
3291 3263
3266 3266
3267 3267
3269 3269
3274 3274
3661 3276
3277 3277
3278 3278
3281 3281
3283 3283
3284 3284
3557 3285
3288 3288
3403 3290
3510 3294
3399 3295
4885 3299
3621 3301
3264 3303
3446 3304
3237 3307
3230 3309
3517 3313
3307 3315
3316 3316
3317 3317
3321 3321
3556 3322
3323 3323
3639 3324
3325 3325
3563 3327
3564 3328
3588 3330
3333 3333
3334 3334
3335 3335
3401 3336
876 3337
3338 3338
3340 3340
332 3341
3560 3344
3291 3345
3358 3347
3348 3348
3537 3349
3442 3352
3268 3353
3314 3354
3355 3355
3503 3356
3300 3357
3358 3358
3439 3359
3399 3360
3361 3361
3362 3362
3365 3365
3367 3367
3368 3368
3384 3369
3564 3370
3238 3371
3634 3372
3376 3376
3463 3377
3514 3378
3338 3380
3381 3381
3382 3382
3290 3383
4297 3384
3463 3385
3447 3386
3399 3387
3352 3390
3391 3391
3401 3392
3313 3393
3260 3395
213 3396
3612 3397
3380 3402
3407 3407
3605 3408
3563 3409
174 3412
3413 3413
3414 3414
3417 3417
3340 3418
3419 3419
3240 3421
3423 3423
3524 3424
3425 3425
3429 3429
3430 3430
3668 3432
3300 3433
3564 3434
3352 3435
3437 3437
3439 3439
3374 3441
3442 3442
3487 3443
3647 3444
3445 3445
3447 3447
3403 3451
3363 3453
3457 3457
3563 3458
3490 3459
3460 3460
3564 3463
3464 3464
3297 3468
3297 3469
3364 3470
3361 3471
3264 3474
3654 3475
3478 3478
3282 3479
3297 3480
3409 3482
3214 3483
3272 3485
3328 3486
3487 3487
3647 3488
3490 3490
3668 3491
3493 3493
3495 3495
3612 3496
3497 3497
3499 3499
3508 3502
3237 3503
3647 3505
3508 3508
3411 3510
3511 3511
3388 3516
3521 3521
3424 3522
3288 3524
3545 3525
3258 3526
3575 3527
3239 3528
5685 3529
3530 3530
3354 3531
3533 3533
3551 3539
3466 3541
3543 3543
3514 3545
3547 3547
3596 3548
3550 3550
3411 3551
3235 3552
3553 3553
3554 3554
3595 3555
4011 3556
3621 3562
3565 3565
3566 3566
3567 3567
3568 3568
3401 3570
3571 3571
3224 3574
3576 3576
3577 3577
3579 3579
6512 3580
3540 3582
3313 3583
3584 3584
3264 3585
3586 3586
3588 3588
3668 3589
3590 3590
3452 3592
3469 3594
3596 3596
3238 3598
3596 3600
3601 3601
3602 3602
3478 3605
3399 3608
3609 3609
332 3610
3560 3612
3613 3613
3238 3614
3661 3615
3569 3618
3621 3621
3563 3624
3520 3625
3238 3627
3377 3629
3631 3631
3634 3634
3635 3635
3636 3636
3637 3637
3399 3640
332 3642
3643 3643
3644 3644
3647 3647
3669 3648
3345 3649
3650 3650
3372 3652
3625 3654
3657 3657
3419 3660
3661 3661
3611 3663
3517 3666
3667 3667
6176 3668
3565 3669
3672 3672
3674 3674
1335 3675
2751 3676
3678 3678
6622 3679
3682 3682
3683 3683
3684 3684
3687 3687
3689 3689
3690 3690
1887 3691
5553 3692
5526 3693
3694 3694
2308 3695
1678 3700
3702 3702
3703 3703
3704 3704
3705 3705
3706 3706
6319 3708
1984 3710
3717 3717
3718 3718
1064 3719
3720 3720
6181 3722
3723 3723
3724 3724
896 3725
6765 3726
3727 3727
3728 3728
3403 3733
1324 3736
3738 3738
820 3741
3743 3743
2809 3745
1165 3748
3749 3749
3750 3750
3753 3753
3754 3754
3756 3756
2393 3760
3764 3764
3765 3765
3766 3766
3771 3771
3773 3773
2890 3776
3777 3777
5011 3778
5106 3781
3782 3782
4840 3784
1116 3786
3789 3789
3791 3791
3792 3792
5845 3794
6470 3796
3797 3797
3798 3798
3799 3799
195 3800
1561 3801
2693 3802
4888 3803
555 3804
4819 3807
3809 3809
3812 3812
216 3814
5908 3816
3818 3818
4225 3819
5421 3820
3821 3821
3823 3823
3824 3824
5865 3826
6532 3827
3828 3828
3829 3829
3833 3833
2885 3834
4664 3835
1232 3837
4653 3845
3846 3846
4569 3847
3850 3850
3851 3851
4858 3853
3855 3855
4567 3860
2895 3864
3352 3867
3868 3868
5573 3870
3874 3874
1341 3875
6036 3879
3883 3883
3884 3884
3886 3886
3888 3888
2958 3889
3892 3892
6384 3894
3895 3895
3899 3899
5186 3900
2236 3904
5817 3905
3906 3906
3911 3911
6456 3912
5866 3913
921 3914
67 3916
3950 3923
3925 3925
3926 3926
3730 3929
3930 3930
3932 3932
4220 3934
4036 3940
3941 3941
2359 3943
5407 3944
1848 3945
2402 3948
2732 3951
3954 3954
3958 3958
5879 3959
3960 3960
4510 3961
3962 3962
1074 3964
3014 3967
1697 3969
4785 3974
3975 3975
421 3976
3979 3979
3980 3980
2123 3982
1194 3983
3985 3985
2604 3987
3988 3988
3989 3989
4637 3990
4367 3996
5309 3997
1325 3999
5732 4002
4006 4006
4007 4007
4961 4009
4010 4010
3402 4011
4012 4012
4013 4013
181 4014
4015 4015
4016 4016
5715 4018
4019 4019
5994 4020
4022 4022
2514 4029
4032 4032
5882 4033
4035 4035
4036 4036
2429 4041
4042 4042
1848 4043
4044 4044
4045 4045
4048 4048
125 4049
4050 4050
4935 4055
2393 4056
4651 4057
4058 4058
3210 4061
5504 4062
4065 4065
4067 4067
4651 4072
4074 4074
4076 4076
4082 4082
4084 4084
3174 4086
3982 4089
4093 4093
948 4094
6626 4095
4096 4096
4101 4101
4463 4104
4110 4110
6811 4113
4114 4114
6240 4119
4123 4123
4124 4124
4126 4126
6426 4127
4215 4128
4131 4131
5817 4132
6068 4133
1614 4135
1860 4136
4077 4138
1493 4140
4142 4142
4143 4143
108 4145
5545 4147
4148 4148
4149 4149
4150 4150
4153 4153
4155 4155
4157 4157
4158 4158
4162 4162
1703 4163
521 4165
380 4167
4168 4168
4758 4171
2838 4173
4174 4174
4176 4176
4673 4179
4186 4186
2182 4189
5429 4190
4192 4192
4198 4198
4201 4201
2791 4202
1069 4204
4206 4206
4740 4208
4210 4210
4493 4211
6843 4212
6488 4213
3909 4217
1448 4220
4221 4221
2612 4222
6554 4223
4994 4224
6157 4226
2729 4229
4230 4230
1848 4235
3049 4237
4238 4238
4240 4240
4242 4242
4244 4244
4246 4246
2188 4247
5834 4248
4251 4251
4546 4254
1084 4255
3826 4257
4262 4262
5879 4265
659 4267
6288 4268
6409 4271
4277 4277
5389 4278
2544 4279
5185 4280
1238 4282
3112 4283
4284 4284
4285 4285
4286 4286
2709 4291
6204 4292
4294 4294
5419 4295
1440 4296
4297 4297
6098 4298
4299 4299
5654 4300
6523 4302
4762 4303
3160 4304
4712 4305
4306 4306
4307 4307
2662 4308
1678 4309
4311 4311
1607 4313
2209 4314
4641 4320
4329 4329
3304 4330
178 4332
4333 4333
5632 4334
4335 4335
4337 4337
4340 4340
4855 4341
725 4342
4271 4347
1170 4349
4352 4352
5325 4353
4697 4357
4358 4358
4520 4359
4360 4360
4152 4362
5544 4366
4911 4375
4377 4377
5516 4378
1951 4379
1662 4380
4383 4383
4386 4386
4389 4389
4392 4392
2269 4393
4396 4396
3961 4397
1470 4398
4402 4402
6867 4403
4551 4404
4405 4405
396 4411
4412 4412
4417 4417
4838 4418
6355 4421
3151 4422
1291 4423
4424 4424
197 4425
5748 4426
4428 4428
4431 4431
493 4434
4436 4436
235 4437
4440 4440
4893 4442
4443 4443
6419 4444
4452 4452
4454 4454
1466 4457
4458 4458
4461 4461
5961 4464
4465 4465
3852 4467
2699 4469
4949 4473
654 4475
3930 4477
4478 4478
6540 4479
4317 4480
5936 4481
1917 4482
5430 4485
3818 4486
6190 4488
4489 4489
4268 4492
4493 4493
4494 4494
300 4495
2368 4498
1711 4500
5503 4501
4502 4502
4503 4503
4504 4504
5309 4507
5177 4510
4517 4517
4145 4519
4520 4520
1754 4524
6626 4526
4530 4530
6456 4532
4533 4533
6204 4536
421 4537
4538 4538
2869 4540
885 4541
4543 4543
4545 4545
4850 4546
4300 4548
3964 4549
4550 4550
5663 4551
4552 4552
4553 4553
332 4560
1155 4561
4562 4562
1992 4564
4565 4565
5441 4566
887 4567
4571 4571
3068 4572
4573 4573
4077 4574
5463 4575
5615 4577
285 4579
4580 4580
4582 4582
6470 4583
6129 4585
4049 4587
6106 4588
2594 4591
4268 4592
4593 4593
6065 4595
6483 4596
4597 4597
5881 4599
4439 4601
6835 4604
4607 4607
4615 4615
4621 4621
4542 4625
4631 4631
1466 4635
5474 4639
4641 4641
5692 4643
2158 4645
560 4646
4648 4648
4649 4649
6157 4653
1386 4654
547 4655
6480 4656
3761 4658
555 4663
2393 4665
3945 4667
4669 4669
5007 4676
6801 4677
4682 4682
5212 4683
4685 4685
4687 4687
4688 4688
4689 4689
6190 4692
1741 4693
4214 4694
6583 4695
4698 4698
2393 4704
4705 4705
4712 4712
3771 4714
3864 4716
6162 4718
2033 4720
2477 4722
2751 4723
4724 4724
4725 4725
5817 4726
2708 4727
4728 4728
4729 4729
4730 4730
5042 4731
4734 4734
4736 4736
3104 4737
4738 4738
4744 4744
4746 4746
4747 4747
4752 4752
4754 4754
4756 4756
4757 4757
4269 4760
4762 4762
4763 4763
6383 4764
4664 4765
2097 4776
1636 4778
3056 4784
1706 4785
4789 4789
4790 4790
4793 4793
2677 4796
3932 4797
5306 4802
4804 4804
4806 4806
4807 4807
4808 4808
1333 4809
4810 4810
6122 4811
2397 4817
456 4819
830 4820
3510 4821
6368 4827
4828 4828
4831 4831
4832 4832
4836 4836
4837 4837
4839 4839
924 4841
613 4844
4846 4846
1588 4847
1059 4848
4849 4849
4181 4851
5503 4852
2224 4853
4854 4854
1271 4857
4863 4863
2136 4865
566 4866
2896 4867
4868 4868
4488 4871
5663 4872
4873 4873
4874 4874
5376 4879
4063 4882
1374 4888
4889 4889
555 4890
5214 4891
4892 4892
4546 4893
6828 4894
5818 4895
1058 4896
4900 4900
4901 4901
4197 4902
1374 4904
4326 4905
1173 4906
4907 4907
4910 4910
4826 4911
4912 4912
4913 4913
4914 4914
4915 4915
4916 4916
4918 4918
3789 4921
4922 4922
5492 4924
6031 4926
4930 4930
2012 4931
4932 4932
5441 4933
4934 4934
4935 4935
4936 4936
692 4937
1607 4939
4940 4940
4941 4941
4943 4943
908 4946
5120 4949
4950 4950
4951 4951
4220 4952
4953 4953
4956 4956
823 4957
4958 4958
4962 4962
4963 4963
519 4964
4966 4966
5492 4967
4968 4968
4649 4970
586 4973
3126 4974
4975 4975
2393 4976
4978 4978
6849 4980
4982 4982
6800 4983
5159 4984
4985 4985
4987 4987
4989 4989
4991 4991
1644 4992
744 4993
6771 4994
973 4996
4013 4998
4999 4999
5403 5000
3797 5003
5005 5005
5441 5006
5007 5007
6422 5008
4212 5011
3047 5012
2896 5013
2887 5021
5023 5023
3678 5026
5028 5028
4439 5031
6311 5032
2256 5033
5036 5036
1071 5039
5041 5041
5913 5042
1088 5044
5403 5050
5051 5051
5053 5053
5054 5054
5056 5056
5058 5058
2890 5060
2515 5061
5024 5064
948 5065
5069 5069
5072 5072
5074 5074
5075 5075
4810 5076
5078 5078
5079 5079
5080 5080
924 5082
5083 5083
5519 5084
3903 5086
4036 5088
5090 5090
3776 5091
5093 5093
5094 5094
2794 5096
6240 5097
6726 5100
5601 5101
4214 5103
5655 5105
2402 5106
2946 5108
5110 5110
4508 5111
5048 5112
5113 5113
5592 5114
5185 5115
5116 5116
5117 5117
2793 5118
5119 5119
5120 5120
5122 5122
83 5123
5124 5124
5125 5125
3744 5127
5128 5128
6248 5129
5130 5130
1450 5131
5132 5132
5138 5138
1543 5139
4290 5142
5143 5143
602 5146
1246 5148
5152 5152
3048 5155
5156 5156
6536 5159
4485 5168
5032 5172
5135 5174
326 5178
5179 5179
2299 5182
5184 5184
2253 5185
4454 5187
5188 5188
5189 5189
3952 5191
2367 5192
5193 5193
1374 5195
5445 5196
5197 5197
5198 5198
5205 5205
5748 5206
5211 5211
5212 5212
787 5214
5952 5216
5809 5217
5225 5225
5519 5226
2225 5229
2684 5230
4517 5233
5234 5234
5235 5235
3695 5238
5239 5239
5159 5240
4501 5241
6865 5242
3678 5243
5244 5244
2593 5245
3160 5246
5247 5247
4164 5248
4565 5249
1378 5251
2096 5253
5255 5255
5256 5256
3007 5257
5259 5259
5607 5263
6686 5264
5265 5265
5266 5266
5271 5271
3159 5272
5275 5275
439 5278
6356 5281
5124 5286
169 5290
5291 5291
2338 5294
5295 5295
5297 5297
5298 5298
2735 5299
1149 5302
5303 5303
5304 5304
2135 5306
4965 5307
2389 5308
1706 5313
5314 5314
4079 5320
5321 5321
2187 5322
1004 5323
3053 5325
5327 5327
5329 5329
5979 5330
5333 5333
1691 5336
5339 5339
1706 5340
5341 5341
5342 5342
5343 5343
5647 5345
5953 5347
5348 5348
3845 5349
72 5350
284 5351
1063 5352
1961 5357
4408 5358
5809 5363
1214 5364
5365 5365
5441 5367
5879 5371
5374 5374
2977 5377
5378 5378
4875 5380
5381 5381
5403 5385
4878 5387
4970 5390
5393 5393
5952 5394
3881 5395
4427 5400
493 5403
3007 5405
5406 5406
4859 5407
5981 5409
5410 5410
5708 5411
5412 5412
2938 5413
5416 5416
2152 5419
3108 5421
24 5423
908 5424
2434 5428
6106 5429
2858 5433
1351 5434
5438 5438
6607 5440
5447 5447
1248 5448
403 5450
5452 5452
4488 5453
5458 5458
1685 5459
2896 5461
5463 5463
5464 5464
5468 5468
3754 5469
4485 5470
2862 5471
5144 5472
6605 5473
5475 5475
4164 5480
4965 5482
5483 5483
5484 5484
5487 5487
4683 5488
1402 5489
5494 5494
5495 5495
5497 5497
5499 5499
5166 5502
916 5504
6012 5506
5441 5507
5508 5508
5166 5512
3842 5516
5517 5517
1548 5518
4221 5519
6030 5521
5522 5522
98 5524
6530 5525
5526 5526
5527 5527
1341 5529
2386 5532
5533 5533
5535 5535
5536 5536
3681 5537
5538 5538
5539 5539
5540 5540
5061 5541
5543 5543
5991 5545
970 5549
1493 5550
5553 5553
815 5554
1193 5555
5560 5560
1860 5562
2891 5564
5567 5567
4392 5568
5569 5569
5976 5571
4463 5572
5573 5573
1678 5575
910 5578
5579 5579
4874 5581
3007 5582
2299 5585
5589 5589
5590 5590
2589 5591
5594 5594
5596 5596
5598 5598
2838 5599
2163 5600
5601 5601
578 5603
5604 5604
1023 5609
5610 5610
4635 5612
6828 5615
5619 5619
6429 5622
1708 5624
6293 5626
5630 5630
5632 5632
5635 5635
5640 5640
5641 5641
5777 5643
5644 5644
5088 5647
5648 5648
3922 5652
5654 5654
1324 5655
872 5656
4843 5657
762 5659
5236 5660
567 5661
285 5662
5663 5663
5665 5665
1760 5669
1295 5673
5674 5674
639 5676
5678 5678
3132 5679
1077 5680
1516 5683
2424 5685
5686 5686
1339 5687
5854 5688
4788 5689
6383 5691
5463 5693
1675 5694
5697 5697
5698 5698
1501 5699
5702 5702
3813 5704
5705 5705
5706 5706
5708 5708
5714 5714
4291 5715
5717 5717
676 5718
2367 5721
5808 5722
4483 5723
4571 5724
2975 5726
3992 5727
5218 5729
5734 5734
4576 5735
2825 5736
5741 5741
4212 5742
5745 5745
5746 5746
3756 5748
5750 5750
3702 5752
5753 5753
2862 5760
5762 5762
5767 5767
4968 5772
5775 5775
4968 5776
5777 5777
5778 5778
3167 5779
5780 5780
6589 5781
5782 5782
5783 5783
5416 5788
182 5790
3186 5794
5799 5799
5800 5800
5801 5801
5802 5802
5817 5803
5806 5806
5807 5807
6725 5808
6157 5811
5812 5812
5813 5813
5007 5815
1455 5824
565 5827
6428 5828
5829 5829
5834 5834
2137 5835
5837 5837
5838 5838
5840 5840
5842 5842
871 5844
5845 5845
2447 5849
4389 5850
5851 5851
5852 5852
2648 5853
5855 5855
4309 5863
995 5865
3949 5866
1477 5867
5869 5869
2908 5874
5878 5878
5886 5886
5887 5887
1341 5888
3880 5889
5890 5890
5309 5892
1091 5896
4575 5897
284 5898
3143 5899
2012 5900
5902 5902
5904 5904
2747 5905
5908 5908
6637 5909
665 5910
4204 5911
5913 5913
4594 5914
2515 5916
2466 5917
4389 5918
1520 5921
5924 5922
5923 5923
5927 5927
6387 5928
5932 5932
2916 5933
3782 5934
3085 5938
5939 5939
5944 5944
1589 5947
5949 5949
2125 5950
5952 5952
5959 5959
4464 5961
5966 5966
4018 5968
5185 5972
2359 5973
1992 5974
1682 5975
1481 5977
5978 5978
5980 5980
5981 5981
5982 5982
5985 5985
5986 5986
5987 5987
5988 5988
5989 5989
5991 5991
4220 5992
5994 5994
4651 5996
4685 6002
2684 6004
6006 6006
1341 6007
5529 6008
5714 6009
4711 6011
3782 6013
72 6017
6023 6023
6024 6024
3966 6025
4108 6030
6039 6039
6040 6040
6045 6045
6352 6050
2325 6052
6054 6054
276 6055
6056 6056
6057 6057
6058 6058
5855 6059
4653 6061
6062 6062
6064 6064
1345 6065
4550 6067
1470 6068
5441 6069
6883 6070
6072 6072
6073 6073
4389 6074
6077 6077
5166 6078
1857 6079
3835 6081
6084 6084
6085 6085
4077 6087
5492 6088
3710 6089
6090 6090
4164 6091
6095 6095
1442 6097
6098 6098
5522 6100
6102 6102
6104 6104
6107 6107
5560 6108
6110 6110
3769 6115
6117 6117
6119 6119
6121 6121
5714 6124
3810 6125
4172 6126
70 6127
5092 6129
6130 6130
1076 6131
1806 6132
370 6133
6136 6136
5166 6139
2504 6141
6142 6142
6143 6143
2199 6145
6147 6147
2240 6148
611 6149
3776 6156
6157 6157
6159 6159
6160 6160
6161 6161
5549 6162
6163 6163
370 6166
6172 6172
6175 6175
363 6177
6178 6178
6181 6180
6029 6181
6185 6185
332 6186
6187 6187
6190 6190
6191 6191
4229 6192
4711 6193
6195 6195
5267 6199
1161 6201
2552 6202
1271 6204
4840 6206
5144 6207
6209 6209
6212 6212
2541 6215
4426 6216
6224 6224
6225 6225
6227 6227
6229 6229
6231 6231
4338 6234
6238 6238
6240 6240
4298 6241
1673 6245
5610 6246
6247 6247
6248 6248
725 6250
4703 6253
6257 6257
4427 6258
6422 6259
1652 6262
6263 6263
6264 6264
5403 6266
6267 6267
6269 6269
6271 6271
6515 6274
6275 6275
6276 6276
2411 6278
6281 6281
6282 6282
6285 6285
6286 6286
6288 6288
5035 6293
24 6294
3767 6296
6855 6301
6302 6302
6303 6303
5019 6305
3717 6308
6309 6309
3152 6310
1380 6311
2830 6312
910 6314
5504 6316
6317 6317
2491 6318
6319 6319
4333 6322
933 6323
1885 6325
6326 6326
6327 6327
6330 6330
6332 6332
5463 6333
6337 6337
6338 6338
6340 6340
2510 6347
1843 6349
6356 6356
3067 6357
5093 6358
6360 6360
6363 6363
6365 6365
632 6368
6543 6369
6370 6370
6373 6373
364 6375
613 6380
6381 6381
6383 6383
4551 6384
1214 6385
6388 6388
6389 6389
5991 6391
2338 6396
794 6397
6012 6398
1848 6400
5482 6401
6402 6402
914 6405
6406 6406
39 6407
6626 6408
3767 6410
6411 6411
6412 6412
1430 6413
241 6414
6415 6415
1655 6417
5268 6418
1786 6419
438 6420
6423 6423
848 6425
1916 6426
6429 6429
6431 6431
6275 6433
6435 6435
6437 6437
6438 6438
3 6442
6444 6444
2589 6445
6446 6446
2499 6447
5256 6449
3985 6451
3282 6457
2896 6458
2916 6461
6031 6463
5202 6464
516 6465
6466 6466
945 6468
4077 6469
2568 6471
5305 6472
275 6473
6482 6482
1214 6485
6486 6486
5808 6488
6489 6489
790 6490
5897 6495
2882 6496
6883 6497
6499 6499
6502 6502
4286 6503
6505 6505
4528 6506
914 6507
5437 6508
1906 6509
6510 6510
4028 6513
6517 6517
5023 6518
4320 6520
533 6523
2589 6524
6527 6527
1185 6528
6529 6529
6530 6530
4389 6532
6533 6533
2647 6534
6537 6537
6545 6540
3227 6544
4020 6545
2838 6548
689 6554
6557 6557
6559 6559
6561 6561
6563 6563
2836 6564
6566 6566
4282 6567
4905 6568
6571 6571
6573 6573
6574 6574
910 6575
6577 6577
199 6578
5038 6579
555 6583
2433 6585
6587 6587
6588 6588
5653 6590
6591 6591
6592 6592
2955 6593
4580 6594
6595 6595
5210 6596
6437 6597
6598 6598
6293 6599
6472 6600
5699 6601
6602 6602
6603 6603
6605 6605
2684 6608
5882 6609
6063 6610
5269 6615
5722 6621
301 6622
6623 6623
4890 6624
6625 6625
6626 6626
6628 6628
6630 6630
6633 6633
5561 6635
6637 6637
6638 6638
350 6640
6643 6643
6644 6644
6598 6645
896 6646
823 6647
6650 6650
6651 6651
6657 6657
6728 6658
6662 6662
6663 6663
6665 6665
6666 6666
573 6668
6670 6670
834 6671
6678 6678
2366 6679
6683 6683
5094 6685
3131 6688
6693 6693
3735 6701
2311 6703
6706 6706
6707 6707
1708 6708
4270 6710
6781 6711
6713 6713
6718 6718
4840 6720
6721 6721
6122 6722
6724 6724
6725 6725
6731 6731
6735 6735
2012 6737
6739 6739
5306 6740
2726 6745
6750 6750
4164 6752
6754 6754
2012 6756
6758 6758
265 6760
3776 6763
5439 6769
1215 6774
5421 6776
6778 6778
3710 6779
6780 6780
2197 6785
3914 6790
6791 6791
6792 6792
1512 6795
6849 6796
2411 6797
3738 6800
6801 6801
6804 6804
6002 6808
6809 6809
4867 6810
6811 6811
5798 6815
4427 6816
6817 6817
5794 6818
6819 6819
6823 6823
6824 6824
1614 6825
6827 6827
6828 6828
6830 6830
157 6832
6834 6834
6835 6835
2754 6838
6839 6839
3825 6841
6842 6842
6843 6843
6844 6844
6030 6848
103 6850
884 6851
2332 6852
1760 6854
6856 6856
1388 6857
1341 6858
6859 6859
4371 6860
1688 6862
6865 6865
3048 6866
3123 6867
6868 6868
2038 6871
6872 6872
6726 6873
4083 6874
734 6875
916 6876
6101 6877
6878 6878
6880 6880
5046 6881
6460 6883
6889 6889
