4 4
6 6
7 7
8 8
753 9
10 10
6813 13
14 14
15 15
3712 16
17 17
4105 18
672 19
23 23
6572 24
26 26
4835 28
29 29
2354 33
34 34
35 35
36 36
37 37
1990 43
19 44
45 45
704 46
972 48
49 49
51 51
5783 53
525 57
3028 59
62 62
64 64
65 65
4824 66
635 69
2260 70
3955 73
6461 74
76 76
2599 78
290 80
81 81
82 82
2834 83
171 84
1438 85
87 87
6515 88
4081 89
92 92
94 94
2117 96
6113 99
377 100
4342 102
104 104
4176 105
1124 106
2401 108
109 109
6386 110
112 112
113 113
117 117
119 119
6795 120
122 122
124 124
199 126
128 128
130 130
378 131
133 133
6393 137
3442 138
609 141
3019 144
3438 145
146 146
147 147
148 148
376 150
151 151
153 153
155 155
156 156
157 157
158 158
3983 161
4243 162
163 163
6418 165
1097 167
168 168
169 169
630 170
171 171
174 174
5128 176
177 177
1241 182
5127 183
1256 184
5845 186
189 189
6689 191
193 193
287 195
197 197
198 198
2391 199
2951 201
203 203
204 204
497 209
210 210
211 211
2247 213
215 215
217 217
3679 218
2640 219
2046 220
6394 222
223 223
225 225
3053 226
227 227
228 228
1145 230
231 231
758 236
4570 237
242 242
6579 244
245 245
6331 248
249 249
3316 251
253 253
5512 256
258 258
41 259
260 260
261 261
4025 266
423 267
268 268
269 269
5093 270
273 273
4798 274
3243 275
276 276
277 277
4536 278
279 279
282 282
284 284
285 285
4884 286
6670 288
293 293
295 295
3382 296
4156 298
300 300
302 302
2960 305
307 307
4138 310
311 311
312 312
553 313
315 315
4080 317
4231 319
321 321
322 322
323 323
3915 324
2437 327
328 328
330 330
333 333
2136 335
2765 338
340 340
341 341
1071 343
344 344
3224 345
346 346
4550 348
349 349
351 351
6093 353
5223 354
355 355
356 356
359 359
2278 365
367 367
368 368
4183 371
372 372
374 374
375 375
2718 376
5866 377
1127 378
311 379
4724 381
5313 383
384 384
386 386
387 387
992 388
390 390
392 392
5506 393
963 394
6418 395
396 396
4828 398
399 399
6741 404
6676 405
407 407
408 408
409 409
410 410
413 413
1620 418
5609 419
2322 420
421 421
446 422
337 425
2218 427
429 429
432 432
4261 434
435 435
436 436
3328 437
6196 438
439 439
441 441
442 442
5451 445
448 448
449 449
4098 452
5745 453
525 454
2445 455
456 456
6759 463
464 464
466 466
468 468
3565 470
3552 480
2412 482
813 484
2969 485
4053 486
487 487
4827 488
490 490
491 491
2087 492
494 494
820 496
497 497
3925 498
21 499
343 500
4528 502
3752 503
504 504
507 507
849 508
512 512
3432 513
136 517
2172 522
524 524
2278 527
529 529
533 533
4880 534
537 537
538 538
1326 540
1413 541
4400 542
887 543
544 544
545 545
546 546
548 548
6470 549
550 550
3299 551
552 552
556 556
6670 557
558 558
559 559
560 560
5017 562
2899 564
6230 567
3679 568
569 569
570 570
870 572
3409 573
576 576
1250 578
579 579
583 583
6837 584
585 585
586 586
587 587
591 591
2937 592
593 593
594 594
596 596
2728 597
1406 599
2861 600
601 601
603 603
4954 604
607 607
2923 608
610 610
1160 612
613 613
615 615
619 619
620 620
621 621
3970 626
3075 628
4049 630
631 631
632 632
3819 633
636 636
4120 639
1456 640
641 641
1547 642
3522 643
4171 645
6314 647
3356 651
652 652
653 653
1000 654
2558 656
4663 657
6120 660
6649 661
3657 665
669 669
2631 671
3028 672
676 676
3110 679
2667 681
682 683
5294 685
3735 686
2756 688
2614 690
691 691
724 692
693 693
946 695
697 697
699 699
4952 703
704 704
705 705
1049 708
6084 709
711 711
715 715
4954 716
718 718
720 720
721 721
810 722
723 723
4757 726
727 727
729 729
732 732
2258 734
738 738
739 739
741 741
2651 742
4171 745
750 750
754 754
4120 757
758 758
759 759
3408 760
4237 761
1430 763
764 764
767 767
3941 768
6535 769
771 771
5431 772
773 773
1537 774
775 775
776 776
778 778
4295 779
1160 780
782 782
6083 784
789 789
4364 790
791 791
5912 796
5480 798
801 801
802 802
5222 803
3959 804
805 805
807 807
808 808
810 810
6532 814
815 815
818 818
3 821
1435 822
3534 824
829 829
830 830
831 831
5022 833
836 836
3375 837
839 839
5360 840
841 841
1712 843
2645 844
846 846
3148 847
848 848
3042 850
3316 851
4171 852
1466 853
854 854
855 855
856 856
5390 858
2930 860
4322 861
2051 865
6838 868
6819 869
2525 871
5011 872
873 873
875 875
6827 879
880 880
881 881
882 882
4145 883
884 884
891 891
3341 893
895 895
423 896
897 897
1614 898
900 900
901 901
902 902
903 903
905 905
3626 906
5450 907
5819 908
910 910
2137 911
2945 913
3260 914
4529 915
919 919
923 923
924 924
5809 925
926 926
927 927
929 929
932 932
933 933
1898 936
207 937
942 942
943 943
5800 944
2917 945
946 946
1735 947
952 952
2233 954
955 955
2408 956
958 958
4655 960
6844 963
1932 965
966 966
968 968
970 970
5669 974
975 975
978 978
2341 979
907 986
987 987
988 988
989 989
6143 990
992 992
993 993
995 995
996 996
997 997
1000 1000
1003 1003
1004 1004
1005 1005
1114 1006
4160 1007
1010 1010
1014 1014
3150 1017
1018 1018
1022 1022
1025 1025
1027 1027
4972 1028
1033 1033
1035 1035
1037 1037
2029 1039
1040 1040
4629 1043
1044 1044
1045 1045
5538 1047
1881 1048
2492 1052
1054 1054
1055 1055
3485 1057
1061 1061
4875 1062
1063 1063
1064 1064
4938 1070
1071 1071
3129 1073
1075 1075
5167 1076
3075 1079
1080 1080
1869 1081
1082 1082
1083 1083
580 1086
5062 1087
5921 1089
1093 1093
2082 1094
5604 1095
1096 1096
3501 1097
1098 1098
5298 1100
2912 1102
1103 1103
2387 1104
4411 1105
1106 1106
1107 1107
1108 1108
2159 1109
356 1111
1112 1112
1113 1113
1114 1114
1624 1116
3514 1117
6528 1120
1121 1121
1122 1122
1123 1123
1125 1125
6011 1127
1128 1128
1129 1129
1131 1131
1132 1132
1135 1135
1136 1136
1137 1137
1139 1139
1140 1140
1141 1141
1145 1145
1153 1153
1156 1156
5488 1159
1161 1161
1162 1162
1163 1163
1164 1164
1167 1167
1168 1168
1169 1169
5726 1170
3437 1172
1173 1173
5128 1174
1178 1178
4043 1179
4547 1180
1181 1181
1182 1182
3697 1183
3596 1184
1185 1185
1187 1187
1188 1188
1190 1190
1194 1194
1614 1195
3 1197
5498 1198
1199 1199
1200 1200
1202 1202
1203 1203
3915 1204
4884 1205
4283 1209
6716 1210
6495 1211
3501 1213
1214 1214
1220 1220
2189 1222
1223 1223
1225 1225
1229 1229
6034 1232
5176 1235
1238 1238
1243 1243
1245 1245
6101 1246
2346 1248
2443 1250
1251 1251
1254 1254
1782 1255
3224 1256
1258 1258
4999 1261
1140 1262
1265 1265
3525 1266
1270 1270
2696 1271
5069 1274
1275 1275
1277 1277
1279 1279
3403 1280
1284 1284
171 1285
1289 1289
1291 1291
6381 1292
3449 1295
1298 1298
1299 1299
2645 1302
3574 1303
790 1305
1311 1311
2071 1317
92 1320
1901 1321
1323 1323
3432 1325
3164 1326
1327 1327
1602 1329
1331 1331
418 1336
1337 1337
2434 1338
5046 1341
1342 1342
6833 1344
1348 1348
205 1349
1350 1350
1351 1351
1353 1353
2226 1354
1355 1355
1356 1356
1578 1357
1359 1359
3758 1360
1362 1362
4724 1363
1733 1364
1368 1368
1369 1369
3085 1374
3839 1375
1379 1379
5528 1380
692 1381
1382 1382
3066 1383
994 1384
42 1385
1386 1386
1466 1388
1390 1390
1393 1393
6769 1395
1396 1396
1116 1399
4411 1400
1402 1402
5700 1403
1405 1405
3055 1406
1407 1407
1409 1409
1411 1411
3224 1412
3472 1416
1417 1417
1418 1418
1419 1419
1421 1421
1422 1422
863 1424
1764 1426
1489 1427
3680 1430
557 1431
1433 1433
804 1434
1513 1437
1438 1438
1440 1440
5350 1441
6775 1442
2556 1443
717 1444
6420 1445
1447 1447
1449 1449
1736 1453
1454 1454
226 1456
1458 1458
3652 1459
1460 1460
1461 1461
1464 1464
1466 1466
4952 1467
21 1470
1475 1475
360 1477
1478 1478
1480 1480
1481 1481
801 1482
376 1483
5371 1485
1487 1487
1488 1488
1490 1490
167 1495
1496 1496
1498 1498
1499 1499
1718 1501
1503 1503
1272 1504
1505 1505
1506 1506
1508 1508
5963 1510
1511 1511
6197 1512
630 1513
1514 1514
1500 1516
1518 1518
1524 1524
1525 1525
1526 1526
1529 1529
1756 1530
1531 1531
1535 1535
6046 1536
1537 1537
1538 1538
1541 1541
1542 1542
6567 1545
1546 1546
1548 1548
4812 1549
1553 1553
1554 1554
1556 1556
1557 1557
1559 1559
1561 1561
481 1562
882 1563
1567 1567
1568 1568
1570 1570
226 1571
1573 1573
1632 1574
1575 1575
1578 1578
1579 1579
1580 1580
5599 1584
1585 1585
1586 1586
813 1588
4421 1590
1591 1591
1593 1593
1513 1594
1595 1595
3224 1597
1598 1598
6393 1599
1600 1600
6416 1602
1603 1603
1611 1611
1614 1614
1615 1615
1618 1618
1619 1619
1620 1620
2564 1621
1622 1622
1625 1625
3637 1626
1627 1627
1628 1628
1629 1629
5561 1631
4259 1632
1633 1633
1634 1634
3262 1636
1637 1637
1638 1638
2633 1639
1645 1645
1646 1646
1647 1647
1648 1648
5653 1649
3639 1654
3839 1655
2310 1656
1657 1657
6876 1658
1660 1660
1662 1662
1663 1663
1667 1667
1222 1668
1669 1669
1670 1670
1671 1671
1673 1673
1421 1674
1677 1677
760 1678
6599 1679
1681 1681
3167 1682
1683 1683
1684 1684
5545 1685
1687 1687
1688 1688
1689 1689
1692 1692
3482 1694
1695 1695
1696 1696
6813 1699
1700 1700
1704 1704
2254 1705
1708 1708
1709 1709
6486 1712
1714 1714
1715 1715
1717 1717
446 1718
4733 1719
1720 1720
3696 1721
1722 1722
1725 1725
2360 1726
2606 1728
1729 1729
1730 1730
5607 1731
3626 1732
3120 1734
6137 1736
1737 1737
1738 1738
1595 1740
4693 1741
1586 1743
1745 1745
1746 1746
1747 1747
1748 1748
1749 1749
1753 1753
4122 1754
1755 1755
811 1756
1758 1758
1760 1760
5047 1761
1766 1766
1769 1769
1773 1773
1774 1774
814 1777
6533 1778
2354 1779
1780 1780
1782 1782
1783 1783
1784 1784
1787 1787
1788 1788
2051 1789
1791 1791
3224 1794
1795 1795
1796 1796
1798 1798
1799 1799
1547 1803
1392 1806
1809 1809
4268 1811
1050 1812
2614 1813
1814 1814
672 1816
1821 1821
2466 1823
1824 1824
1825 1825
1826 1826
1828 1828
1830 1830
1832 1832
1833 1833
4152 1837
1838 1838
1839 1839
4080 1840
4713 1843
753 1845
1198 1847
915 1848
1852 1852
1853 1853
1854 1854
1855 1855
1856 1856
1857 1857
1028 1858
1860 1860
1862 1862
1863 1863
1864 1864
6681 1865
4712 1867
5608 1870
280 1873
1874 1874
1875 1875
1876 1876
1878 1878
1880 1880
1883 1883
1885 1885
1886 1886
4815 1887
4098 1892
1893 1893
3990 1896
1897 1897
1898 1898
1900 1900
1904 1904
4033 1905
1906 1906
1907 1907
4477 1908
1131 1909
6191 1910
1912 1912
1913 1913
1914 1914
1916 1916
3876 1917
1918 1918
1919 1919
6626 1920
2974 1921
1924 1924
1925 1925
1008 1926
41 1927
1928 1928
2412 1929
6263 1932
1933 1933
3989 1934
525 1936
1937 1937
1938 1938
1940 1940
1648 1946
5783 1947
1949 1949
226 1951
1953 1953
5021 1955
1956 1956
2990 1957
1961 1961
4080 1963
4536 1964
1968 1968
6642 1969
3886 1972
5857 1973
1282 1975
1976 1976
1977 1977
2614 1981
1983 1983
1984 1984
1986 1986
3802 1987
6614 1989
6393 1991
1998 1998
6368 1999
2258 2003
523 2004
4325 2006
3627 2008
6697 2009
2010 2010
2011 2011
4445 2012
2013 2013
2014 2014
3489 2015
2017 2017
2018 2018
2019 2019
2020 2020
2022 2022
3667 2023
21 2024
381 2025
5214 2029
2030 2030
2031 2031
4022 2032
6626 2033
2930 2034
2035 2035
2036 2036
2820 2037
2043 2043
6796 2044
2046 2046
3943 2048
2049 2049
5218 2050
2052 2052
1587 2054
2056 2056
2826 2057
3885 2060
2061 2061
2062 2062
5268 2065
2481 2066
2067 2067
2349 2068
2069 2069
2076 2076
2080 2080
2081 2081
6773 2082
2084 2084
2086 2086
2087 2087
2330 2088
2092 2092
5528 2093
2094 2094
2095 2095
1149 2097
5428 2100
5802 2101
6852 2102
2103 2103
2104 2104
6818 2106
870 2108
379 2111
2112 2112
2113 2113
2114 2114
5798 2117
2611 2119
1733 2123
2124 2124
2127 2127
2129 2129
2130 2130
1437 2132
2135 2135
2136 2136
3751 2139
2140 2140
2850 2141
5798 2143
4438 2144
2145 2145
6765 2146
2205 2147
63 2149
2150 2150
6406 2151
2152 2152
6582 2154
5038 2155
1160 2157
760 2159
364 2161
1064 2162
2163 2163
2164 2164
4223 2166
2167 2167
3507 2171
4089 2173
2174 2174
5855 2177
2178 2178
1189 2179
2180 2180
2181 2181
2182 2182
5743 2184
2186 2186
2051 2187
2188 2188
6050 2190
5194 2192
2193 2193
2217 2195
105 2197
2198 2198
3103 2200
2204 2204
2205 2205
2206 2206
2209 2209
2210 2210
1937 2211
2214 2214
2215 2215
2216 2216
2990 2218
2031 2220
2221 2221
4440 2222
2225 2225
2227 2227
6337 2229
3989 2230
372 2231
3040 2232
2235 2235
6636 2236
1937 2238
2239 2239
2708 2240
5179 2241
2243 2243
2244 2244
2246 2246
2247 2247
2250 2250
1564 2253
2254 2254
2255 2255
2256 2256
5528 2259
2261 2261
2263 2263
3352 2265
4772 2266
6611 2268
6431 2269
4550 2270
1696 2273
5862 2274
92 2275
2276 2276
1532 2277
2279 2279
2280 2280
2282 2282
2284 2284
2288 2288
857 2289
4214 2291
2292 2292
4389 2293
2295 2295
2296 2296
5675 2297
4307 2298
2299 2299
2302 2302
5222 2304
4609 2305
2306 2306
2307 2307
2308 2308
4181 2310
2312 2312
4237 2315
2317 2317
2318 2318
2321 2321
4952 2323
2324 2324
2326 2326
2327 2327
2330 2330
2331 2331
2335 2335
5413 2336
2153 2337
2338 2338
2340 2340
1858 2341
669 2342
952 2344
4122 2345
2346 2346
2348 2348
2349 2349
3418 2350
5750 2351
6170 2354
1389 2355
3721 2356
4879 2357
3455 2359
5021 2362
376 2365
1469 2366
811 2369
4433 2370
1957 2372
2377 2377
2378 2378
5392 2379
717 2380
2381 2381
1622 2382
2383 2383
5046 2384
2386 2386
1788 2387
2388 2388
2389 2389
1528 2390
2391 2391
1946 2395
6708 2396
442 2397
121 2398
2401 2401
2402 2402
5839 2405
1160 2410
2413 2413
277 2414
3837 2415
3200 2417
2418 2418
2422 2422
2423 2423
2425 2425
2427 2427
2429 2429
2431 2431
2434 2434
2435 2435
4439 2437
2651 2438
3586 2439
2739 2440
2441 2441
2442 2442
2247 2443
2444 2444
431 2445
2448 2448
2449 2449
5136 2450
296 2452
5162 2454
2456 2456
2457 2457
3691 2460
2461 2461
2463 2463
2466 2466
2467 2467
2468 2468
2384 2469
2471 2471
1871 2474
6045 2476
2555 2479
2480 2480
2481 2481
2484 2484
2485 2485
1352 2488
1768 2491
5831 2493
4919 2495
6012 2496
2497 2497
2498 2498
2499 2499
2500 2500
2159 2501
2506 2506
2688 2507
2509 2509
4218 2510
2511 2511
593 2513
2514 2514
2516 2516
2517 2517
5993 2519
2523 2523
5586 2524
5262 2525
5012 2527
1463 2528
2533 2533
3739 2534
2535 2535
2537 2537
5921 2539
2541 2541
2544 2544
2545 2545
2728 2548
1325 2549
2550 2550
2549 2556
2557 2557
2558 2558
2559 2559
2560 2560
6371 2563
4563 2564
3597 2566
2567 2567
2568 2568
6813 2570
776 2572
2573 2573
3999 2574
911 2575
2576 2576
2125 2578
2805 2580
3446 2581
386 2582
1946 2583
2584 2584
2585 2585
2588 2588
6582 2589
3596 2591
2593 2593
2596 2596
1934 2597
2598 2598
2599 2599
2600 2600
1586 2608
306 2609
2610 2610
2029 2612
2613 2613
2614 2614
5710 2618
2979 2621
2623 2623
2063 2628
5904 2634
2636 2636
2639 2639
4952 2640
2643 2643
2644 2644
2646 2646
2648 2648
814 2649
2650 2650
2652 2652
2654 2654
2050 2655
4403 2660
2662 2662
86 2666
3629 2674
2675 2675
2676 2676
5189 2677
5007 2679
6171 2681
5538 2684
2685 2685
27 2687
2688 2688
2689 2689
456 2691
5852 2692
3102 2693
6604 2695
6220 2697
2699 2699
2700 2700
2701 2701
3208 2704
2705 2705
1624 2708
2709 2709
5465 2713
883 2714
2718 2718
2719 2719
3198 2720
2721 2721
2722 2722
2727 2727
2728 2728
2731 2731
2732 2732
2733 2733
1907 2734
4735 2736
3164 2738
1801 2739
3505 2740
2743 2743
542 2745
2746 2746
6815 2750
2751 2751
3151 2752
2753 2753
5599 2755
1586 2762
6280 2763
2765 2765
2465 2766
49 2767
2494 2769
2771 2771
4362 2774
2776 2776
2779 2779
2780 2780
2783 2783
4086 2790
2793 2793
2794 2794
2795 2795
2820 2796
2797 2797
4547 2798
2799 2799
2801 2801
6445 2802
3391 2803
1276 2805
2052 2806
2808 2808
2811 2811
5209 2813
4492 2814
2815 2815
2817 2817
2818 2818
2819 2819
3706 2820
2821 2821
2822 2822
600 2823
4442 2824
2826 2826
4570 2828
2829 2829
2830 2830
4167 2833
2834 2834
103 2835
5599 2838
3652 2842
2260 2843
2844 2844
2845 2845
2846 2846
5273 2847
2848 2848
3110 2852
2853 2853
2856 2856
4536 2857
2858 2858
2859 2859
2645 2861
3335 2862
2863 2863
2865 2865
2263 2868
1957 2870
724 2871
2873 2873
2874 2874
2877 2877
2880 2880
4325 2883
2884 2884
2649 2886
3943 2890
4208 2891
1015 2892
1960 2893
2895 2895
2897 2897
2898 2898
1564 2899
4080 2900
6268 2902
2903 2903
3683 2904
2905 2905
3372 2907
3890 2911
2912 2912
2913 2913
1063 2914
2915 2915
5951 2916
945 2917
2919 2919
3023 2920
2923 2923
4228 2924
2926 2926
2927 2927
3783 2928
2932 2932
4867 2934
2930 2939
2941 2941
2942 2942
953 2947
2950 2950
2955 2955
2958 2958
2962 2962
2963 2963
2966 2966
2967 2967
2969 2969
2870 2970
2971 2971
2972 2972
97 2974
1715 2976
2977 2977
2980 2980
2981 2981
2984 2984
539 2986
3893 2988
2992 2992
2994 2994
724 2997
2998 2998
3001 3001
3003 3003
3004 3004
3005 3005
3006 3006
3007 3007
3009 3009
6529 3010
1457 3011
3012 3012
3014 3014
5655 3015
5743 3016
3041 3018
3020 3020
4026 3022
3023 3023
3026 3026
67 3028
1988 3032
5669 3034
3036 3036
3037 3037
4175 3038
3039 3039
5916 3042
3044 3044
1160 3048
3050 3050
3051 3051
3058 3052
1916 3053
1801 3054
3056 3056
1276 3057
3059 3059
1470 3060
3062 3062
3063 3063
3064 3064
3067 3067
4146 3073
5536 3074
2563 3075
3076 3076
3077 3077
4291 3078
3079 3079
3080 3080
2117 3082
5938 3085
6229 3087
3088 3088
820 3089
3090 3090
5331 3091
2756 3092
3093 3093
3134 3097
5374 3098
3099 3099
2547 3100
3104 3104
5160 3106
3109 3109
3112 3112
3113 3113
3116 3116
3120 3120
3121 3121
5772 3123
3124 3124
3125 3125
3127 3127
3128 3128
3129 3129
3130 3130
3133 3133
3135 3135
3136 3136
3137 3137
3139 3139
4080 3141
3146 3146
2354 3147
3148 3148
6735 3150
3152 3152
6193 3153
2051 3154
3155 3155
3479 3156
3158 3158
3161 3161
3163 3163
4432 3166
3168 3168
3169 3169
3171 3171
3172 3172
3501 3173
3175 3175
2370 3176
3177 3177
1969 3179
3183 3183
844 3189
3193 3193
3194 3194
3195 3195
3196 3196
2987 3199
3201 3201
1362 3204
3206 3206
6632 3207
2805 3208
2899 3213
3216 3216
5861 3218
3219 3219
3223 3223
3225 3225
1917 3227
3229 3229
6057 3233
3234 3234
3237 3237
4529 3239
3240 3240
3241 3241
3243 3243
4846 3244
3138 3245
3246 3246
3249 3249
4028 3250
3251 3251
3252 3252
3254 3254
3255 3255
3599 3257
3432 3258
1957 3259
2303 3260
3261 3261
3230 3263
2908 3264
3266 3266
3267 3267
3383 3269
3270 3270
3275 3275
3337 3276
3278 3278
3280 3280
3281 3281
1466 3282
3284 3284
3288 3288
5008 3289
1431 3290
3292 3292
3293 3293
5463 3297
1207 3298
1960 3301
5014 3312
3313 3313
3316 3316
3615 3317
3318 3318
3320 3320
3323 3323
3325 3325
6408 3327
3751 3328
4189 3331
3333 3333
3335 3335
3337 3337
3338 3338
3340 3340
180 3342
3609 3343
810 3347
5571 3348
3349 3349
3626 3351
3358 3358
3359 3359
3360 3360
3361 3361
3362 3362
3363 3363
2636 3364
3367 3367
3368 3368
2178 3371
3372 3372
3373 3373
3364 3374
3376 3376
2716 3377
3378 3378
3379 3379
3380 3380
3383 3383
2312 3384
3385 3385
3386 3386
3388 3388
3391 3391
3393 3393
3395 3395
3397 3397
4501 3398
3446 3401
385 3403
3383 3405
3407 3407
3599 3410
3413 3413
3414 3414
6627 3417
3418 3418
4223 3419
3423 3423
3425 3425
3258 3428
3429 3429
3469 3432
3138 3434
3436 3436
3437 3437
3439 3439
3442 3442
2718 3443
3444 3444
3445 3445
3519 3446
3447 3447
3450 3450
3452 3452
3552 3453
1532 3454
3473 3455
3456 3456
5070 3458
3459 3459
3460 3460
3277 3464
3465 3465
3552 3466
6608 3467
5182 3468
3293 3470
3471 3471
870 3475
5350 3478
5783 3480
3224 3481
6719 3483
1343 3485
3486 3486
3487 3487
2641 3491
6608 3492
3493 3493
102 3494
3495 3495
1095 3496
3497 3497
3499 3499
3500 3500
3502 3502
3465 3505
2205 3506
3507 3507
3508 3508
3509 3509
3516 3516
3517 3517
3518 3518
3519 3519
6509 3521
4080 3523
1181 3524
5577 3525
2218 3528
3529 3529
3530 3530
3593 3531
121 3532
3044 3535
89 3542
3543 3543
3599 3544
5055 3546
3547 3547
3548 3548
3549 3549
3551 3551
3552 3552
3554 3554
3502 3555
6583 3556
3267 3563
5492 3564
3565 3565
3566 3566
3567 3567
3568 3568
6737 3570
3571 3571
2009 3573
1165 3574
3467 3576
3581 3581
3584 3584
3586 3586
813 3589
3590 3590
2564 3591
4237 3592
3595 3595
1544 3598
3600 3600
3601 3601
3602 3602
2468 3603
3605 3605
3608 3608
3609 3609
3615 3615
3616 3616
3593 3618
3621 3621
3665 3625
3629 3629
2296 3631
3634 3634
3937 3636
3643 3637
3289 3638
5167 3641
573 3642
3643 3643
3644 3644
3221 3646
3648 3648
3649 3649
3650 3650
3653 3653
3436 3657
3632 3658
1643 3659
3054 3661
3662 3662
3410 3665
3667 3667
3545 3669
3670 3670
3672 3672
3673 3673
3519 3674
5350 3676
3679 3679
3691 3680
776 3683
4906 3684
3685 3685
3687 3687
3618 3688
4396 3689
3690 3690
3691 3691
3694 3694
3695 3695
2599 3696
5105 3697
2261 3698
2004 3699
5599 3701
3702 3702
3703 3703
3704 3704
3705 3705
3706 3706
3707 3707
6770 3708
3710 3710
5545 3711
2149 3713
3717 3717
367 3718
3720 3720
5975 3721
3724 3724
446 3725
3726 3726
3727 3727
3728 3728
4952 3729
3135 3733
5178 3735
6442 3737
3738 3738
3460 3740
3145 3741
753 3742
3743 3743
4815 3744
6043 3746
3747 3747
3749 3749
3753 3753
3754 3754
2175 3758
3759 3759
3763 3763
3765 3765
3766 3766
3771 3771
3773 3773
2217 3775
3776 3776
3777 3777
3782 3782
753 3783
3785 3785
5656 3786
3337 3787
3789 3789
411 3790
3791 3791
4499 3792
3795 3795
3798 3798
3799 3799
5776 3804
6508 3805
3806 3806
3809 3809
3810 3810
1684 3811
3812 3812
3813 3813
1272 3815
5826 3816
3818 3818
3821 3821
3823 3823
3825 3825
4686 3827
3828 3828
3829 3829
3833 3833
6735 3837
376 3838
3843 3843
3845 3845
5016 3847
1109 3849
3850 3850
3851 3851
1375 3853
3854 3854
3855 3855
3856 3856
4102 3861
3864 3864
717 3865
5442 3866
3868 3868
5747 3869
5136 3870
1096 3873
3874 3874
2970 3875
3877 3877
4825 3878
3677 3879
3882 3882
3883 3883
3884 3884
709 3887
3889 3889
3892 3892
5961 3895
5027 3899
3900 3900
556 3902
5218 3905
3906 3906
3908 3908
3909 3909
856 3910
3911 3911
3913 3913
3916 3916
5022 3918
2071 3921
3922 3922
3923 3923
3925 3925
1850 3926
3927 3927
243 3928
3929 3929
3930 3930
3932 3932
3561 3933
3937 3937
2409 3938
906 3939
3941 3941
3942 3942
1239 3943
3944 3944
3949 3949
3951 3951
1806 3952
3954 3954
3955 3955
5482 3957
3958 3958
1735 3959
4347 3961
3962 3962
3963 3963
3965 3965
3967 3967
3969 3969
3372 3972
6614 3973
3075 3974
5408 3975
3976 3976
1858 3977
3979 3979
3980 3980
3981 3981
6045 3984
2114 3986
3988 3988
3989 3989
3990 3990
3991 3991
2407 3995
1671 3998
4001 4001
4002 4002
1041 4003
4004 4004
4005 4005
4006 4006
5214 4007
4089 4008
4012 4012
4013 4013
4016 4016
4017 4017
4018 4018
697 4019
1001 4020
4021 4021
493 4024
5140 4025
1403 4026
4028 4028
4030 4030
4032 4032
4034 4034
4035 4035
4036 4036
4037 4037
4039 4039
1696 4040
4042 4042
4044 4044
4048 4048
5861 4049
4050 4050
4490 4052
39 4053
884 4055
1247 4056
1604 4057
4058 4058
4061 4061
1689 4062
4063 4063
717 4064
4065 4065
2338 4070
4071 4071
4076 4076
4077 4077
1060 4080
2734 4081
4082 4082
2438 4083
4084 4084
4087 4087
1963 4089
4091 4091
4092 4092
4093 4093
1259 4094
187 4095
4096 4096
4101 4101
2265 4104
2218 4106
4108 4108
1597 4109
4110 4110
1635 4111
6036 4113
4114 4114
4116 4116
4117 4117
4118 4118
4119 4119
4123 4123
4124 4124
4125 4125
4126 4126
4127 4127
4134 4134
4135 4135
694 4136
5863 4137
2076 4140
4146 4146
4148 4148
4149 4149
4150 4150
4152 4152
4155 4155
743 4156
4158 4158
4161 4161
4162 4162
4163 4163
4164 4164
4663 4165
4166 4166
4167 4167
4168 4168
4170 4170
5645 4171
4174 4174
3765 4175
5058 4177
3284 4179
799 4180
5418 4181
3459 4182
4186 4186
4187 4187
4192 4192
2137 4193
694 4196
3595 4197
4198 4198
5731 4199
5038 4200
4201 4201
4202 4202
4205 4205
4206 4206
4210 4210
4089 4211
5247 4214
174 4215
4221 4221
4222 4222
3019 4223
6033 4224
4226 4226
4227 4227
2218 4228
4230 4230
2432 4236
4237 4237
4238 4238
859 4239
4240 4240
4241 4241
4242 4242
593 4243
4244 4244
4246 4246
4247 4247
796 4250
4251 4251
4254 4254
4257 4257
2338 4259
4262 4262
4264 4264
811 4265
2218 4266
4267 4267
5011 4269
4270 4270
3131 4271
4277 4277
4282 4282
4284 4284
2239 4285
2434 4286
78 4287
5288 4288
4290 4290
4291 4291
4293 4293
4294 4294
4297 4297
1710 4298
4299 4299
1285 4301
4302 4302
4305 4305
4306 4306
6843 4307
4517 4308
4310 4310
4311 4311
47 4312
4314 4314
185 4315
4627 4316
4317 4317
6088 4318
6496 4319
5866 4320
4321 4321
4323 4323
1798 4324
2951 4328
4329 4329
1829 4330
188 4331
4332 4332
4333 4333
4334 4334
4335 4335
4691 4336
4337 4337
5179 4338
4340 4340
804 4343
4344 4344
4496 4346
4525 4347
3473 4351
4352 4352
4354 4354
4024 4355
4357 4357
4358 4358
4361 4361
4367 4367
2937 4368
4369 4369
4371 4371
4372 4372
4373 4373
4089 4374
4377 4377
5652 4378
4379 4379
5669 4381
1241 4382
1197 4383
5835 4384
4386 4386
4387 4387
4388 4388
4389 4389
4391 4391
4392 4392
4393 4393
4396 4396
3040 4397
1955 4400
2774 4401
1759 4402
6380 4403
6705 4404
2091 4405
4407 4407
5783 4408
3055 4409
503 4410
4412 4412
5367 4413
4417 4417
6120 4420
1494 4421
743 4423
4424 4424
4425 4425
2826 4427
4428 4428
4431 4431
4436 4436
38 4438
6325 4439
2494 4441
3676 4442
4443 4443
3926 4445
6599 4448
4461 4449
4452 4452
4453 4453
4455 4455
4458 4458
4459 4459
3015 4460
5627 4463
4464 4464
4465 4465
862 4466
4467 4467
3675 4468
4470 4470
6104 4471
4547 4473
3519 4475
5801 4478
4481 4481
4486 4486
213 4489
196 4490
4493 4493
4494 4494
3289 4495
4499 4499
4500 4500
657 4501
1778 4502
4503 4503
4156 4506
4517 4517
4519 4519
6667 4520
4522 4522
4638 4523
5612 4525
4801 4528
4318 4529
4530 4530
4533 4533
5524 4534
4536 4536
4538 4538
2619 4540
4543 4543
4545 4545
2255 4546
5689 4549
4550 4550
4553 4553
1430 4555
1160 4558
4562 4562
1762 4563
4564 4564
4565 4565
6759 4567
4568 4568
4569 4569
4571 4571
4572 4572
4573 4573
4575 4575
3674 4576
6351 4577
870 4578
4582 4582
4583 4583
3446 4584
4586 4586
4587 4587
4693 4592
2673 4594
4597 4597
4018 4598
4080 4600
4322 4601
4607 4607
4609 4609
804 4611
3934 4612
4615 4615
4400 4617
247 4618
4498 4619
777 4620
4622 4622
6004 4625
5767 4626
4628 4628
4631 4631
1879 4632
4389 4633
4636 4636
4637 4637
4641 4641
5941 4642
4644 4644
1406 4648
4653 4653
2024 4654
5190 4661
4663 4663
9 4665
4672 4672
1821 4673
1456 4675
4677 4677
2627 4679
4682 4682
4683 4683
4684 4684
4685 4685
4687 4687
4688 4688
4689 4689
6105 4691
4693 4693
4696 4696
4697 4697
6034 4702
4705 4705
4707 4707
2071 4708
4709 4709
3459 4711
4712 4712
4713 4713
717 4715
1131 4718
4722 4722
4724 4724
4725 4725
4728 4728
4729 4729
4730 4730
2532 4732
4734 4734
4736 4736
4737 4737
6475 4738
4740 4740
4744 4744
2335 4745
4746 4746
4747 4747
4749 4749
4751 4751
4752 4752
2973 4753
4754 4754
4757 4757
5218 4759
205 4761
4762 4762
4763 4763
4764 4764
6528 4765
3624 4767
4770 4770
3071 4771
72 4772
4775 4775
4776 4776
573 4778
2918 4780
6455 4784
4745 4788
4789 4789
1197 4790
6505 4791
4798 4792
4793 4793
4794 4794
4796 4796
5444 4800
3515 4801
4804 4804
4808 4808
5180 4810
4796 4811
4813 4813
4814 4814
4816 4816
4817 4817
6589 4821
2226 4823
4826 4826
4827 4827
4830 4830
4831 4831
2816 4836
4817 4837
2261 4838
4839 4839
539 4841
4844 4844
4846 4846
2857 4847
4849 4849
1032 4850
3847 4853
4854 4854
942 4855
4859 4859
5520 4862
4863 4863
2322 4864
4865 4865
4868 4868
809 4869
4871 4871
4873 4873
4874 4874
4878 4878
1239 4879
4881 4881
4883 4883
4889 4889
5214 4891
4757 4892
5505 4893
1375 4894
2957 4896
5405 4897
4903 4903
4704 4904
4907 4907
1572 4909
4910 4910
4911 4911
4912 4912
4913 4913
2537 4914
4915 4915
4916 4916
4917 4917
4918 4918
2528 4919
4922 4922
3432 4924
6122 4928
3274 4929
4930 4930
4932 4932
1586 4933
4934 4934
4935 4935
2594 4936
1610 4937
4940 4940
4941 4941
4943 4943
3198 4945
3758 4947
1326 4948
4950 4950
4953 4953
4772 4954
4956 4956
4958 4958
2117 4959
4962 4962
4963 4963
4496 4965
1732 4969
2412 4970
2805 4972
4973 4973
4974 4974
3970 4977
4978 4978
2481 4979
4981 4981
4982 4982
2897 4983
4985 4985
4987 4987
4989 4989
4991 4991
1609 4992
4994 4994
382 4997
4999 4999
4403 5000
5007 5007
5008 5008
5009 5009
1997 5012
5017 5017
5018 5018
5019 5019
1786 5021
5022 5022
2525 5023
3461 5024
5028 5028
1957 5030
2265 5031
5272 5033
6628 5034
5701 5035
1532 5037
6736 5038
504 5042
3712 5044
5136 5045
5047 5047
2481 5048
5050 5050
1874 5051
5053 5053
5054 5054
5055 5055
5056 5056
5057 5057
5058 5058
5059 5059
5541 5061
6162 5063
942 5066
2330 5067
5069 5069
859 5071
5072 5072
5073 5073
5075 5075
5077 5077
5079 5079
5080 5080
5081 5081
5823 5082
5084 5084
5086 5086
2604 5088
5089 5089
5090 5090
4237 5091
5094 5094
5095 5095
5097 5097
5956 5098
3133 5099
5101 5101
2558 5102
5294 5106
5110 5110
2100 5112
5113 5113
2696 5114
456 5115
5116 5116
5117 5117
902 5118
5119 5119
564 5120
5122 5122
5125 5125
5126 5126
5128 5128
5130 5130
200 5131
5132 5132
5136 5136
1317 5137
3042 5139
5141 5141
1136 5142
5143 5143
1312 5144
5145 5145
6486 5146
347 5150
1859 5151
5571 5152
5153 5153
3068 5154
5156 5156
4177 5157
591 5158
4231 5159
5160 5160
5163 5163
3095 5165
5166 5166
4445 5168
1448 5171
5172 5172
6541 5173
242 5174
6495 5177
5178 5178
5179 5179
2708 5180
1477 5181
5183 5183
3900 5186
6696 5189
1895 5190
5192 5192
5193 5193
5196 5196
5197 5197
5198 5198
1041 5199
5200 5200
5201 5201
415 5202
5205 5205
5389 5206
5208 5208
3646 5209
1375 5210
5211 5211
5212 5212
694 5213
5128 5214
2828 5215
4708 5218
5219 5219
5221 5221
3054 5222
5450 5223
5225 5225
5226 5226
1764 5231
5027 5233
5234 5234
5235 5235
6614 5237
5239 5239
521 5241
5465 5243
2946 5246
5247 5247
5248 5248
5249 5249
4846 5250
5251 5251
5252 5252
180 5253
6594 5254
5255 5255
5256 5256
5259 5259
5476 5261
5262 5262
1963 5263
649 5264
5265 5265
5266 5266
2169 5268
4615 5269
5275 5275
5281 5281
5282 5282
738 5284
5287 5287
2647 5288
5290 5290
1083 5294
5295 5295
5297 5297
5298 5298
3164 5299
5300 5300
5303 5303
5304 5304
6468 5306
6847 5312
5314 5314
5555 5317
972 5318
6671 5320
5321 5321
5323 5323
5324 5324
2453 5326
5327 5327
1764 5328
5329 5329
3230 5331
5332 5332
38 5334
6448 5336
5339 5339
5341 5341
5342 5342
5343 5343
3545 5344
5348 5348
5349 5349
3682 5351
5353 5353
5354 5354
3873 5357
4121 5358
5360 5360
3844 5361
5365 5365
5367 5367
5368 5368
5369 5369
5370 5370
5371 5371
3528 5373
5377 5377
5378 5378
5379 5379
5381 5381
171 5382
5385 5385
4120 5386
5387 5387
1905 5388
5390 5390
3993 5391
5393 5393
4800 5394
811 5395
3909 5396
5487 5398
2029 5400
5401 5401
6701 5402
1572 5403
5405 5405
5406 5406
5407 5407
5408 5408
5409 5409
1780 5410
5411 5411
3430 5412
103 5415
6461 5418
5423 5423
3658 5424
4686 5425
5427 5427
4020 5429
5430 5430
5433 5433
6353 5435
3989 5436
5437 5437
5438 5438
4384 5439
1565 5442
753 5444
5445 5445
5446 5446
5450 5450
5452 5452
5453 5453
1160 5455
5458 5458
4945 5459
3164 5460
2509 5461
2695 5463
5464 5464
5465 5465
6488 5466
5168 5470
5475 5475
5183 5476
6230 5480
2942 5483
5484 5484
4118 5486
5487 5487
6527 5489
3198 5493
5494 5494
2327 5495
5496 5496
5497 5497
5499 5499
5195 5500
911 5502
3691 5503
66 5504
1492 5505
5506 5506
761 5507
5291 5512
4766 5513
5514 5514
5515 5515
4998 5516
5517 5517
5519 5519
49 5520
5521 5521
5523 5523
5525 5525
5526 5526
5527 5527
5528 5528
5529 5529
2591 5530
5531 5531
5533 5533
3164 5534
5535 5535
5536 5536
4081 5537
6315 5538
5539 5539
5540 5540
2330 5541
5542 5542
3963 5543
4990 5547
5549 5549
5550 5550
5551 5551
1891 5552
1417 5553
4222 5554
2957 5556
5531 5559
5560 5560
6260 5561
500 5563
5567 5567
3657 5568
4757 5569
5571 5571
5573 5573
4880 5574
5575 5575
3068 5576
1916 5578
5579 5579
5582 5582
5584 5584
3452 5585
4500 5588
5589 5589
5737 5592
5594 5594
5595 5595
5596 5596
5598 5598
3316 5599
5600 5600
5601 5601
5602 5602
5008 5604
5610 5610
102 5617
5625 5625
5627 5627
5783 5628
5630 5630
6628 5631
5632 5632
4350 5633
5634 5634
5635 5635
5637 5637
4722 5638
3920 5639
5640 5640
5641 5641
5644 5644
5646 5646
5648 5648
6867 5649
1360 5650
4226 5651
5094 5653
5654 5654
2051 5655
5096 5656
5658 5658
5659 5659
4872 5660
2498 5661
5663 5663
5664 5664
3601 5666
650 5667
5670 5670
3921 5673
5674 5674
2753 5675
5677 5677
5678 5678
5679 5679
1457 5680
6461 5682
792 5683
5686 5686
5208 5687
6401 5688
5691 5691
3626 5694
428 5696
5697 5697
5698 5698
4496 5699
6218 5700
5701 5701
5702 5702
776 5705
5706 5706
5708 5708
27 5709
2283 5711
5595 5713
5714 5714
4627 5715
5716 5716
5717 5717
1133 5720
498 5721
2953 5722
5724 5724
5127 5725
3864 5733
5734 5734
5346 5737
5740 5740
5741 5741
5742 5742
3895 5743
1510 5744
5745 5745
5746 5746
4642 5747
5750 5750
5751 5751
5753 5753
3058 5756
5096 5759
3103 5760
5762 5762
5218 5763
3880 5764
5767 5767
690 5768
2434 5769
5485 5772
5773 5773
5775 5775
5777 5777
5778 5778
5780 5780
5782 5782
5783 5783
5561 5784
5785 5785
3940 5786
5788 5788
5789 5789
1270 5791
5793 5793
2076 5796
5799 5799
5800 5800
5801 5801
5781 5805
5806 5806
5807 5807
5811 5811
5812 5812
5813 5813
5350 5816
4726 5817
2850 5822
4237 5823
5826 5826
3749 5827
5828 5828
5829 5829
2532 5830
5831 5831
5834 5834
2229 5835
5837 5837
5838 5838
5839 5839
5840 5840
157 5842
5843 5843
5722 5844
5845 5845
3632 5850
5851 5851
363 5852
5914 5853
5855 5855
6562 5858
5127 5860
5862 5862
1880 5864
5865 5865
3303 5867
4801 5868
5869 5869
3574 5871
5872 5872
5876 5876
4120 5877
5878 5878
5880 5880
415 5882
5884 5884
5886 5886
5890 5890
2945 5893
5896 5896
3350 5898
5899 5899
5901 5901
5902 5902
1289 5903
411 5905
5907 5907
5908 5908
3221 5909
4745 5913
479 5916
3293 5918
3032 5922
5923 5923
5927 5927
2724 5928
3240 5930
5786 5931
5932 5932
5933 5933
280 5934
5936 5936
5209 5937
2235 5938
5939 5939
3915 5940
5942 5942
5949 5949
5951 5951
2289 5952
5953 5953
5399 5957
6350 5958
5961 5961
326 5962
5963 5963
1643 5965
5966 5966
5968 5968
5969 5969
493 5973
6717 5976
5977 5977
5978 5978
5980 5980
5981 5981
5982 5982
5983 5983
5985 5985
5986 5986
5988 5988
5989 5989
5991 5991
5993 5993
5994 5994
5916 5995
5997 5997
6000 6000
6002 6002
4348 6004
6005 6005
6006 6006
5703 6008
6391 6009
853 6010
3910 6011
4171 6012
1815 6016
1544 6019
2261 6020
6023 6023
6024 6024
5670 6025
6027 6027
2197 6032
6033 6033
6393 6034
6035 6035
2826 6037
6038 6038
6039 6039
619 6040
4717 6041
6042 6042
3230 6043
3372 6044
6045 6045
4536 6049
5794 6052
2773 6053
6054 6054
6055 6055
6056 6056
1576 6057
5855 6059
6062 6062
6063 6063
6064 6064
2743 6066
6067 6067
205 6069
3501 6070
6072 6072
6073 6073
3626 6074
6077 6077
5214 6078
6079 6079
5611 6080
3153 6081
6082 6082
6083 6083
6085 6085
6086 6086
6090 6090
6230 6091
772 6092
6095 6095
296 6096
6295 6098
5681 6100
6101 6101
6843 6102
3043 6104
4004 6105
6108 6108
4140 6109
6110 6110
6113 6113
1049 6116
2130 6117
6119 6119
6121 6121
5709 6125
6126 6126
6130 6130
6131 6131
6280 6135
441 6136
277 6137
2165 6138
6142 6142
6143 6143
2327 6145
6147 6147
123 6151
3051 6154
694 6155
6157 6157
2183 6158
6159 6159
6160 6160
6161 6161
6162 6162
6163 6163
6170 6170
176 6171
6172 6172
1325 6173
6175 6175
293 6177
2422 6178
6179 6179
4782 6181
6185 6185
6187 6187
5737 6188
370 6189
6191 6191
6193 6193
5209 6194
6195 6195
6198 6198
6201 6201
6205 6205
5669 6207
6209 6209
811 6211
6212 6212
6197 6221
5657 6222
5943 6223
6224 6224
6225 6225
2647 6226
6227 6227
195 6228
6229 6229
6231 6231
433 6234
5743 6235
6238 6238
5772 6239
6240 6240
5980 6241
6243 6243
3031 6245
6246 6246
6247 6247
6248 6248
2189 6254
6257 6257
4178 6260
294 6261
6202 6262
6263 6263
6264 6264
6162 6266
6267 6267
6268 6268
6271 6271
6276 6276
4323 6277
6278 6278
301 6279
6280 6280
6281 6281
6282 6282
5288 6283
4554 6284
4284 6285
6288 6288
5045 6292
6294 6294
6785 6295
5359 6297
5014 6299
911 6300
4801 6301
6302 6302
6303 6303
6210 6305
5223 6306
6307 6307
5703 6308
1545 6309
4021 6310
5207 6312
633 6314
6315 6315
6317 6317
5561 6318
6319 6319
6322 6322
6326 6326
6330 6330
2468 6332
456 6333
6334 6334
4918 6335
3704 6336
6337 6337
6338 6338
4976 6339
6228 6340
5037 6342
5317 6343
3328 6344
137 6347
6349 6349
3437 6350
2678 6354
6356 6356
6357 6357
4169 6358
5173 6359
6360 6360
6364 6364
6365 6365
804 6367
6368 6368
3437 6374
4172 6380
5218 6382
3518 6383
3452 6386
6387 6387
6389 6389
3744 6390
6392 6392
4895 6393
579 6395
6398 6398
6495 6399
6402 6402
6405 6405
6406 6406
1671 6409
1450 6411
6412 6412
6414 6414
6415 6415
5162 6416
4237 6418
2527 6419
6420 6420
6461 6421
6423 6423
6425 6425
6426 6426
6428 6428
6429 6429
6431 6431
6434 6434
6435 6435
6436 6436
6439 6439
6440 6440
3340 6442
6444 6444
6446 6446
6553 6447
6448 6448
6450 6450
6451 6451
859 6452
3721 6456
1194 6459
27 6460
1569 6461
6464 6464
1797 6465
6466 6466
6467 6467
6445 6472
6475 6475
4025 6478
6479 6479
6482 6482
2664 6483
5085 6484
6487 6487
6489 6489
4792 6490
1635 6492
4977 6497
6499 6499
3410 6500
6502 6502
6505 6505
3934 6506
6507 6507
6508 6508
6509 6509
6510 6510
6511 6511
6513 6513
835 6520
6523 6523
6525 6525
6526 6526
6527 6527
6528 6528
6529 6529
6530 6530
1696 6532
6263 6533
6538 6538
5277 6545
6546 6546
3316 6548
2189 6549
6551 6551
3658 6552
1658 6556
6557 6557
6559 6559
5569 6561
6564 6564
6566 6566
6567 6567
6571 6571
4609 6572
6573 6573
6574 6574
6575 6575
6577 6577
1326 6579
6769 6581
2408 6583
5505 6584
6586 6586
6587 6587
5613 6589
6591 6591
6592 6592
6595 6595
6598 6598
6599 6599
6600 6600
6602 6602
6609 6609
6610 6610
4113 6611
6615 6615
6617 6617
2902 6622
6623 6623
6626 6626
2916 6632
6633 6633
6469 6636
6637 6637
6638 6638
4887 6639
856 6642
6644 6644
1759 6645
5128 6648
6650 6650
5408 6651
1360 6652
6653 6653
1643 6656
6657 6657
6659 6659
6663 6663
4296 6665
6666 6666
5096 6667
3458 6668
738 6674
6675 6675
3233 6678
6683 6683
6685 6685
3083 6686
6688 6688
3130 6689
6189 6690
1403 6691
6693 6693
2606 6696
6697 6697
6699 6699
1782 6705
6706 6706
1769 6707
3016 6709
6710 6710
1929 6711
6190 6712
6713 6713
6714 6714
280 6716
6717 6717
6719 6719
5070 6720
6721 6721
6711 6723
6724 6724
6725 6725
2278 6726
6727 6727
1771 6728
6145 6729
6731 6731
5752 6732
6733 6733
6735 6735
811 6737
6739 6739
3301 6742
6386 6744
6750 6750
6691 6752
6754 6754
1635 6755
2733 6757
6758 6758
3580 6759
6769 6769
6771 6771
3075 6776
6778 6778
6780 6780
4906 6781
753 6782
6784 6784
6787 6787
6788 6788
6791 6791
6792 6792
6793 6793
6794 6794
5318 6796
6797 6797
5140 6798
6464 6799
6801 6801
1256 6802
6779 6803
6804 6804
3068 6805
6035 6808
6809 6809
1630 6812
6818 6818
2591 6819
6419 6823
2036 6824
6827 6827
6830 6830
4545 6831
6832 6832
6834 6834
6838 6838
6839 6839
1945 6840
6841 6841
1523 6842
6844 6844
1909 6845
6847 6847
6848 6848
4501 6849
6850 6850
1256 6852
6853 6853
6854 6854
3733 6857
6859 6859
6860 6860
434 6864
6865 6865
6868 6868
6869 6869
724 6870
114 6871
6872 6872
5891 6875
6876 6876
1893 6877
6880 6880
6380 6882
388 6883
6887 6887
6889 6889
