0 0
2180 1
4 4
5808 5
6 6
7 7
8 8
2800 12
1654 14
15 15
17 17
2325 19
23 23
4389 26
29 29
5497 31
4176 35
36 36
37 37
3677 38
5998 39
6386 43
3277 44
5323 46
4342 49
51 51
5766 53
2521 54
4439 55
49 56
5607 57
4627 58
3315 60
62 62
64 64
65 65
4853 66
70 70
3250 71
73 73
4706 74
76 76
1486 78
3810 80
81 81
5521 85
3536 88
6020 91
92 92
217 93
3075 96
2051 97
5241 98
2462 99
100 100
6109 103
104 104
3105 107
1984 109
112 112
1922 115
2353 116
117 117
1184 118
119 119
122 122
1852 123
124 124
1547 125
126 126
3794 127
128 128
130 130
6378 132
133 133
902 138
4749 139
140 140
6145 144
2840 145
147 147
148 148
4165 149
3372 150
151 151
3618 152
153 153
155 155
158 158
163 163
168 168
169 169
6862 172
174 174
177 177
4995 179
3989 180
2962 182
6378 184
189 189
6479 191
193 193
1458 197
4370 201
203 203
204 204
5823 205
4173 206
210 210
211 211
197 214
217 217
5804 218
4072 219
220 220
221 221
5379 225
3418 226
227 227
228 228
1480 230
231 231
66 233
239 239
242 242
4261 243
244 244
245 245
246 246
247 247
786 252
253 253
1589 254
255 255
258 258
1194 259
260 260
261 261
780 265
2531 266
2010 269
270 270
271 271
5962 273
945 276
4847 278
279 279
4439 283
2344 284
289 289
423 292
2327 293
295 295
296 296
5234 297
5252 299
300 300
302 302
1555 310
312 312
315 315
1228 316
321 321
322 322
323 323
2692 324
325 325
386 326
328 328
2332 331
333 333
5332 334
335 335
1381 336
4656 337
338 338
3968 339
344 344
482 346
2964 349
351 351
355 355
5978 360
6070 361
363 363
4349 365
3979 366
367 367
368 368
369 369
372 372
374 374
375 375
376 376
1375 378
5987 380
19 381
386 386
387 387
1947 389
390 390
2461 393
396 396
5821 397
6860 398
3663 399
400 400
1579 401
407 407
408 408
409 409
410 410
6380 411
412 412
413 413
415 415
3741 416
2408 417
3255 421
3520 422
1324 424
6800 425
428 428
429 429
432 432
435 435
436 436
4664 438
439 439
441 441
442 442
448 448
4173 451
6666 453
4684 455
456 456
4439 457
851 459
464 464
467 467
5570 475
3444 479
6504 480
757 481
485 485
487 487
489 489
2030 490
491 491
954 492
494 494
2840 495
498 498
4004 499
500 500
5064 501
504 504
505 505
507 507
511 511
4158 512
2584 515
6772 517
1480 518
718 519
2805 520
524 524
5021 526
2426 527
529 529
4237 530
311 532
533 533
537 537
538 538
3509 539
5012 543
544 544
545 545
546 546
2468 547
2998 548
552 552
5835 553
2157 555
4445 556
4801 557
558 558
503 559
560 560
564 564
4229 565
4173 567
1145 568
570 570
4277 574
576 576
3195 577
842 582
583 583
5998 584
586 586
587 587
3318 590
591 591
4068 592
3643 595
5243 601
3132 602
603 603
1296 605
2688 606
2534 608
2543 609
610 610
5084 613
615 615
405 618
619 619
620 620
621 621
4057 626
5358 628
1167 630
631 631
632 632
3395 633
2346 635
636 636
1590 637
641 641
3592 644
639 649
650 650
6348 651
652 652
658 658
5846 664
6066 667
669 669
1648 670
671 671
536 672
6537 674
676 676
6783 677
6794 678
3607 681
686 686
687 687
693 693
695 695
831 696
3203 699
700 700
704 704
705 705
6178 709
4562 711
713 713
714 714
6245 715
5652 718
720 720
721 721
1511 722
723 723
729 729
732 732
4804 736
739 739
741 741
1466 746
158 750
6774 752
754 754
6463 757
758 758
2041 759
6794 761
764 764
4053 765
766 766
767 767
4103 769
771 771
3643 772
1838 773
776 776
778 778
5482 780
782 782
786 786
788 788
789 789
5607 790
791 791
3070 795
801 801
6665 802
4569 803
805 805
2550 806
808 808
4293 810
815 815
1937 816
6210 817
702 819
5687 821
2551 828
5546 829
830 830
215 832
3571 833
836 836
1450 838
839 839
6215 840
841 841
846 846
6862 847
6830 848
856 850
394 854
856 856
3948 861
864 864
6093 867
232 869
873 873
1646 875
881 881
882 882
3440 883
884 884
4158 891
892 892
1361 894
897 897
3245 898
1368 900
901 901
902 902
903 903
904 904
905 905
907 907
3873 910
308 911
912 912
914 914
3960 916
4346 918
919 919
923 923
924 924
4178 925
6161 926
927 927
1125 929
932 932
933 933
1947 934
937 937
6304 938
1992 942
946 946
948 948
5677 950
952 952
2556 956
957 957
958 958
965 965
4427 967
970 970
972 972
973 973
5371 974
975 975
5341 978
981 981
4191 985
987 987
988 988
2212 989
995 995
996 996
5119 997
999 999
1000 1000
6405 1003
1004 1004
4400 1006
1007 1007
1010 1010
3026 1011
6195 1012
1013 1013
1014 1014
186 1016
1018 1018
1021 1021
1302 1025
4395 1030
1033 1033
2429 1034
1037 1037
3299 1039
1040 1040
3278 1041
1043 1043
1044 1044
1045 1045
6408 1054
1055 1055
1061 1061
1063 1063
3676 1064
3677 1066
1071 1071
5140 1072
1073 1073
760 1076
1547 1077
3893 1079
1080 1080
1082 1082
1083 1083
3433 1085
1648 1088
804 1089
1090 1090
1821 1092
1093 1093
1098 1098
1100 1100
1101 1101
852 1102
3046 1104
1106 1106
1108 1108
1665 1109
1112 1112
1174 1113
1114 1114
3953 1115
1350 1116
1118 1118
1892 1119
1120 1120
1121 1121
1123 1123
1125 1125
1129 1129
1133 1133
5436 1134
1135 1135
1136 1136
1137 1137
1140 1140
1141 1141
1145 1145
1160 1146
1149 1149
1159 1159
1161 1161
1162 1162
1163 1163
1164 1164
3196 1167
1168 1168
1169 1169
5074 1173
2692 1174
246 1175
1178 1178
1182 1182
3213 1185
1187 1187
1188 1188
1190 1190
3132 1191
3571 1192
1194 1194
1195 1195
4588 1198
1199 1199
1200 1200
6195 1205
1214 1214
5631 1218
716 1220
1223 1223
1224 1224
1225 1225
4315 1226
5482 1228
1774 1229
761 1235
1236 1236
1238 1238
5521 1240
3756 1241
1243 1243
2187 1244
1245 1245
3322 1247
2044 1250
1251 1251
1254 1254
1255 1255
5497 1256
1258 1258
5424 1259
6008 1260
1261 1261
4403 1262
1160 1263
1265 1265
5206 1267
6125 1269
1270 1270
3315 1271
2380 1273
1275 1275
1277 1277
1437 1278
1279 1279
6393 1282
3289 1283
1284 1284
4075 1285
4325 1290
1293 1293
4704 1294
4745 1295
2359 1297
1299 1299
5806 1300
1302 1302
4190 1303
5487 1304
2840 1305
6469 1306
4846 1312
1111 1313
6729 1314
4749 1316
4848 1317
1323 1323
3369 1325
1327 1327
9 1328
1330 1330
1947 1332
3161 1337
5584 1339
1342 1342
1846 1344
5998 1346
3620 1349
1353 1353
1356 1356
1591 1358
5330 1360
2139 1361
5256 1363
5766 1365
1368 1368
1369 1369
6862 1371
4433 1375
709 1377
1379 1379
2380 1381
1382 1382
4366 1383
1386 1386
1387 1387
1390 1390
1391 1391
1393 1393
5482 1394
1396 1396
2468 1398
1446 1401
1402 1402
1409 1409
1411 1411
2869 1415
1416 1416
1417 1417
1418 1418
1419 1419
1421 1421
1424 1424
41 1425
6034 1428
1429 1429
557 1431
1963 1432
1438 1438
246 1439
1440 1440
1690 1441
2380 1443
3794 1446
1447 1447
1446 1448
1449 1449
1817 1450
6850 1452
1454 1454
5288 1455
4461 1456
1458 1458
1460 1460
2551 1463
1464 1464
1466 1466
1094 1467
5178 1468
3464 1469
6573 1471
91 1474
1478 1478
1480 1480
3487 1481
1482 1482
6334 1484
593 1485
1486 1486
1416 1487
759 1488
1490 1490
6508 1496
1497 1497
1498 1498
138 1499
4250 1500
1503 1503
1505 1505
1506 1506
3481 1507
1508 1508
2584 1511
153 1513
1514 1514
5435 1517
5603 1523
1524 1524
1526 1526
1534 1534
1535 1535
1537 1537
1538 1538
1539 1539
1541 1541
1542 1542
1795 1543
1947 1544
1545 1545
1546 1546
2732 1548
719 1550
1554 1554
1668 1555
1556 1556
88 1558
2298 1559
1561 1561
6521 1564
1567 1567
1568 1568
1037 1570
1571 1571
1572 1572
5249 1573
1575 1575
1576 1576
1579 1579
1585 1585
1586 1586
1587 1587
6515 1588
5562 1589
1591 1591
1593 1593
1595 1595
1600 1600
3832 1602
1603 1603
4847 1604
1609 1609
5238 1610
1611 1611
4748 1613
1614 1614
1615 1615
1786 1616
6579 1617
895 1618
1619 1619
1620 1620
1622 1622
1625 1625
1628 1628
4240 1630
1633 1633
1634 1634
1637 1637
1638 1638
3315 1642
1646 1646
1647 1647
1648 1648
2345 1649
3106 1655
1660 1657
3832 1659
1660 1660
1661 1661
1662 1662
5059 1666
1667 1667
1669 1669
1670 1670
775 1671
1674 1674
2651 1676
1677 1677
1678 1678
1680 1680
1681 1681
1683 1683
1684 1684
3318 1686
1687 1687
1688 1688
1689 1689
3903 1691
1692 1692
2815 1694
3676 1695
961 1698
1736 1699
1097 1706
1708 1708
3900 1709
5554 1710
5617 1716
1720 1720
1722 1722
3953 1724
667 1727
2868 1728
1972 1729
1730 1730
5773 1733
3705 1734
593 1735
592 1736
1737 1737
1738 1738
1739 1739
535 1740
1745 1745
1746 1746
801 1748
1749 1749
3114 1750
1602 1751
1207 1752
1753 1753
6248 1754
1755 1755
1758 1758
4490 1760
1764 1764
3558 1768
229 1773
1774 1774
5513 1775
3364 1776
1778 1778
1780 1780
1782 1782
6324 1783
1784 1784
1787 1787
1788 1788
1791 1791
1614 1792
1795 1795
1796 1796
1798 1798
1799 1799
4439 1801
1392 1806
1869 1810
1814 1814
3677 1816
1817 1817
616 1822
6703 1823
1824 1824
1826 1826
961 1828
1830 1830
1831 1831
4259 1832
1833 1833
439 1835
842 1836
1838 1838
1839 1839
2788 1841
5493 1842
1843 1843
3154 1845
2641 1848
3926 1850
1853 1853
1854 1854
1855 1855
1856 1856
1857 1857
19 1862
1863 1863
1864 1864
5714 1865
1867 1867
1871 1871
1874 1874
1875 1875
1876 1876
6459 1877
1878 1878
1088 1879
1880 1880
832 1882
1883 1883
1886 1886
4950 1887
3044 1889
6407 1895
2519 1896
6280 1903
1904 1904
3590 1905
1906 1906
1907 1907
1912 1912
1913 1913
1914 1914
3058 1916
4051 1922
1924 1924
1925 1925
6794 1927
1928 1928
5180 1929
1932 1932
1933 1933
1594 1936
1937 1937
1938 1938
1940 1940
5134 1941
1949 1949
1951 1951
1956 1956
2359 1960
2341 1963
3322 1964
4567 1965
1966 1966
1968 1968
1972 1972
5607 1975
1155 1976
1977 1977
3161 1981
1983 1983
279 1984
5719 1989
870 1990
3756 1995
4387 1996
4256 1997
1999 1999
4145 2001
5433 2004
1848 2007
2010 2010
2011 2011
3981 2013
2014 2014
3696 2015
2018 2018
2019 2019
2020 2020
2468 2021
2022 2022
2027 2027
3536 2028
3107 2029
5130 2030
2031 2031
6278 2032
5145 2034
3371 2035
2036 2036
851 2037
626 2042
4567 2045
2046 2046
2525 2049
644 2050
2052 2052
6860 2054
2055 2055
2056 2056
2061 2061
2062 2062
3685 2063
4057 2066
2067 2067
1064 2069
171 2073
2080 2080
3509 2081
2184 2083
2084 2084
3081 2085
2086 2086
2087 2087
490 2088
2092 2092
2093 2093
2095 2095
2345 2098
2099 2099
842 2100
2923 2101
2699 2103
2104 2104
2105 2105
393 2106
5361 2107
2109 2109
4109 2110
2112 2112
2114 2114
2116 2116
2118 2118
5677 2120
2124 2124
2517 2125
2127 2127
2128 2128
2129 2129
2130 2130
3825 2134
1095 2135
2136 2136
2843 2137
3484 2139
4053 2141
2716 2142
4009 2143
4095 2144
2145 2145
2146 2146
4437 2147
2150 2150
4569 2151
2152 2152
2999 2155
6177 2166
2167 2167
761 2170
6245 2171
3571 2172
3148 2173
2174 2174
2175 2175
1869 2176
2177 2177
4053 2179
2180 2180
2182 2182
3232 2183
2186 2186
3750 2191
4705 2193
2197 2197
5133 2200
285 2202
2205 2205
2206 2206
2209 2209
2210 2210
929 2211
1966 2212
2214 2214
1886 2215
2216 2216
3905 2218
1567 2220
2221 2221
5846 2226
1655 2228
2069 2229
1576 2230
2231 2231
2298 2232
5518 2233
4138 2238
2239 2239
2243 2243
2246 2246
2247 2247
4102 2249
2250 2250
2810 2252
4805 2253
6180 2254
6860 2255
2256 2256
275 2259
2260 2260
2261 2261
2263 2263
6156 2264
2266 2266
4138 2270
2272 2272
6086 2273
2274 2274
2278 2278
2279 2279
2280 2280
2282 2282
4913 2283
2284 2284
2292 2292
2294 2294
2295 2295
2296 2296
2297 2297
5096 2298
2299 2299
2302 2302
2632 2303
2708 2304
5699 2306
2308 2308
4203 2309
4051 2310
2311 2311
2312 2312
3 2316
2317 2317
2318 2318
2321 2321
1313 2329
490 2330
2331 2331
2335 2335
2340 2340
5491 2341
6363 2342
804 2344
1813 2346
2348 2348
2350 2350
5750 2351
2352 2352
4057 2353
6645 2355
911 2356
242 2357
1954 2358
2624 2360
6195 2361
2362 2362
1066 2364
4737 2367
3901 2370
4592 2371
2426 2373
2375 2375
6125 2376
6348 2379
5477 2380
6746 2381
4112 2384
2385 2385
1821 2387
2530 2388
2389 2389
2391 2391
2393 2393
6817 2394
2395 2395
2397 2397
1573 2400
2401 2401
5743 2402
2866 2408
681 2411
2273 2412
2413 2413
4218 2414
3837 2415
2412 2418
2423 2423
2425 2425
2427 2427
2429 2429
2432 2432
2681 2433
2434 2434
2435 2435
1813 2436
2440 2440
2441 2441
2443 2443
2444 2444
6469 2447
2448 2448
2449 2449
3485 2451
2457 2457
91 2461
4433 2463
4824 2464
2466 2466
5468 2467
2468 2468
6604 2470
2471 2471
2868 2472
363 2474
760 2475
1393 2476
3905 2479
4057 2481
5308 2487
5647 2488
2490 2490
2492 2492
2810 2493
2494 2494
2210 2497
2498 2498
2499 2499
2500 2500
3485 2502
2503 2503
3105 2504
2506 2506
2511 2511
5268 2514
5067 2515
271 2516
2517 2517
2519 2519
2521 2521
2523 2523
4006 2525
2533 2533
2534 2534
2535 2535
5069 2536
2537 2537
3794 2539
3903 2540
1466 2543
118 2544
2545 2545
2550 2550
3831 2551
6599 2555
2558 2558
2560 2560
6493 2563
5656 2565
2572 2572
3696 2574
2576 2576
5905 2578
1625 2580
2582 2582
2584 2584
2588 2588
3864 2591
2596 2596
5135 2597
2598 2598
2600 2600
4230 2603
2721 2606
6794 2608
2613 2613
4843 2619
2623 2623
2624 2624
5428 2628
2629 2629
6774 2631
2632 2632
2636 2636
1160 2637
2639 2639
217 2641
3532 2642
2644 2644
2646 2646
2648 2648
5758 2649
5930 2651
2652 2652
5643 2654
5783 2655
2662 2662
3978 2666
3761 2667
6114 2670
3132 2671
1954 2673
2675 2675
2676 2676
1332 2679
6195 2683
2685 2685
787 2686
2691 2691
3657 2698
2699 2699
2700 2700
545 2701
6127 2702
3669 2703
2705 2705
4574 2710
2713 2713
2715 2715
5701 2716
2718 2718
2719 2719
439 2720
2722 2722
2724 2724
2728 2728
1095 2732
2733 2733
6841 2736
2738 2738
551 2739
258 2745
2746 2746
2753 2753
1330 2754
3267 2757
3903 2758
6017 2759
997 2760
6805 2761
3113 2762
1771 2764
2765 2765
5607 2767
6283 2768
1813 2769
2775 2775
5568 2776
2779 2779
322 2780
2783 2783
2786 2786
4057 2787
2791 2791
2922 2792
2793 2793
2795 2795
2553 2798
2799 2799
2439 2802
6405 2806
2807 2807
2808 2808
2810 2810
2811 2811
4574 2812
6824 2814
2815 2815
2817 2817
2818 2818
2819 2819
2821 2821
2822 2822
2826 2826
2829 2829
2831 2831
2833 2833
2834 2834
4536 2837
5599 2838
2840 2840
2843 2843
2844 2844
2845 2845
2846 2846
2848 2848
6455 2850
3787 2851
6008 2852
2853 2853
5879 2855
2856 2856
2858 2858
1289 2859
2860 2860
2863 2863
2646 2864
2865 2865
2866 2866
2868 2868
5998 2870
2044 2872
1830 2873
3440 2874
2877 2877
3773 2879
2880 2880
3267 2883
2884 2884
2395 2885
439 2886
2887 2887
1744 2891
3485 2893
2895 2895
5373 2896
2897 2897
2898 2898
4805 2899
5666 2900
6493 2901
2903 2903
3739 2904
2905 2905
2758 2908
6425 2909
926 2911
2912 2912
2913 2913
2919 2919
2675 2920
2833 2923
1510 2924
2998 2925
2932 2932
4057 2933
2358 2934
2941 2941
2942 2942
3620 2943
3825 2945
2955 2955
3322 2957
2958 2958
2962 2962
2963 2963
4017 2966
2967 2967
2969 2969
2846 2977
2487 2980
2981 2981
2984 2984
786 2986
5826 2988
3643 2989
1361 2991
2992 2992
4140 2993
2994 2994
4574 2996
2998 2998
3000 3000
3001 3001
3003 3003
3004 3004
3006 3006
3007 3007
2205 3010
3012 3012
4165 3013
3014 3014
3020 3020
3023 3023
3026 3026
5592 3028
3029 3029
3031 3031
3982 3032
5173 3033
3036 3036
3037 3037
6058 3039
3043 3043
3044 3044
5640 3045
4845 3047
6418 3049
1870 3050
4673 3053
2325 3054
3055 3055
3056 3056
4145 3058
3059 3059
4433 3060
3062 3062
3063 3063
3064 3064
5272 3066
3067 3067
6056 3068
3069 3069
6515 3075
3076 3076
2739 3078
1220 3087
3090 3090
2887 3092
4773 3095
3099 3099
6295 3104
3261 3106
3107 3107
3109 3109
3112 3112
3113 3113
1111 3114
3115 3115
3116 3116
6173 3117
3120 3120
3322 3122
6463 3123
3125 3125
1750 3126
3129 3129
3130 3130
5826 3131
3132 3132
3133 3133
3136 3136
6179 3140
4859 3142
3144 3144
2915 3147
3148 3148
3150 3150
3152 3152
3155 3155
4913 3156
3158 3158
1466 3160
3161 3161
3163 3163
3674 3164
1437 3167
3168 3168
3169 3169
1420 3170
3171 3171
3172 3172
3175 3175
3177 3177
6097 3178
3182 3182
3183 3183
387 3187
822 3188
2418 3189
3190 3190
3577 3193
3195 3195
3196 3196
2183 3200
3201 3201
6860 3206
6463 3208
4411 3209
2389 3210
1504 3211
1313 3212
1806 3213
3216 3216
3217 3217
3219 3219
3223 3223
5617 3224
3225 3225
4720 3227
3132 3228
3229 3229
4574 3231
4393 3232
3234 3234
5182 3235
3237 3237
2405 3238
3241 3241
1414 3242
3243 3243
3246 3246
3249 3249
3943 3250
3251 3251
3620 3253
3254 3254
3255 3255
5214 3260
3261 3261
4906 3262
3677 3265
5980 3266
3267 3267
3753 3272
3275 3275
3277 3277
3278 3278
3280 3280
3281 3281
3284 3284
3692 3287
700 3289
3292 3292
3294 3294
3296 3296
2468 3297
5106 3299
4350 3300
2223 3301
5742 3302
3553 3303
4845 3304
1118 3305
3137 3308
1595 3309
3313 3313
5426 3314
3316 3316
4163 3317
4023 3319
3320 3320
3323 3323
4169 3325
5371 3326
5117 3328
6405 3331
3333 3333
3335 3335
3340 3340
3940 3341
999 3345
4546 3348
6882 3350
5288 3351
3354 3354
2635 3355
3358 3358
3359 3359
6609 3360
3363 3363
3371 3371
3372 3372
3373 3373
3376 3376
3380 3380
3381 3381
3383 3383
3385 3385
3386 3386
3388 3388
3055 3391
503 3393
4841 3399
3533 3400
5640 3401
3965 3404
6638 3405
3921 3406
3407 3407
3715 3409
3411 3411
3413 3413
3414 3414
1209 3417
6201 3418
3958 3421
1595 3422
3423 3423
2509 3424
3425 3425
119 3426
1679 3430
448 3435
3437 3437
3439 3439
3646 3440
3267 3441
3442 3442
490 3444
3445 3445
3447 3447
4042 3448
3658 3449
3681 3450
3452 3452
4719 3453
3456 3456
3460 3460
3453 3461
711 3462
6463 3463
3464 3464
391 3465
1446 3469
563 3470
3472 3472
6642 3473
3132 3477
1963 3481
6725 3483
6173 3484
556 3488
4130 3491
3493 3493
3905 3494
3495 3495
3497 3497
3078 3499
963 3500
551 3502
2718 3503
3132 3504
6081 3505
6600 3506
3509 3509
6614 3510
3920 3512
3987 3515
3516 3516
3517 3517
3518 3518
4620 3519
2051 3522
5410 3524
6698 3528
3530 3530
3837 3531
911 3533
4684 3537
5864 3538
3107 3542
3543 3543
3546 3546
3547 3547
3548 3548
3551 3551
3847 3553
3554 3554
3555 3555
3561 3561
3565 3565
3566 3566
3567 3567
3568 3568
1287 3570
2967 3572
3866 3573
5243 3577
5270 3578
3579 3579
3584 3584
3586 3586
760 3587
1424 3588
6794 3592
4407 3593
1094 3594
4051 3599
3601 3601
3602 3602
4269 3605
3608 3608
3609 3609
1759 3612
3621 3621
5058 3622
3628 3628
3629 3629
1668 3630
6693 3631
3633 3633
3634 3634
3636 3636
3638 3638
3648 3639
3640 3640
5064 3641
3643 3643
6396 3646
5677 3647
3649 3649
3677 3651
3505 3653
1356 3659
3662 3662
1087 3663
1118 3664
6800 3666
3667 3667
1777 3669
4704 3671
3673 3673
4028 3678
3800 3679
3682 3682
1299 3683
4251 3684
3687 3687
1990 3688
3689 3689
3690 3690
3691 3691
3692 3692
3998 3698
3702 3702
3703 3703
3704 3704
3705 3705
3706 3706
72 3707
3858 3708
6424 3709
3716 3716
3717 3717
3718 3718
3720 3720
2824 3724
3798 3726
3727 3727
3728 3728
3730 3730
3731 3731
3737 3733
3943 3734
3735 3735
3738 3738
3739 3739
5012 3744
3747 3747
3750 3750
3754 3754
2659 3755
3756 3756
3759 3759
3763 3763
3895 3764
4131 3765
3766 3766
1688 3768
3799 3771
2571 3772
3773 3773
3774 3774
1223 3776
3782 3782
2770 3786
3953 3787
3791 3791
3816 3793
3799 3799
951 3807
883 3808
3989 3811
3812 3812
2218 3814
3818 3818
1306 3819
3821 3821
3823 3823
4102 3825
3826 3826
1668 3827
3828 3828
3829 3829
4732 3831
3833 3833
3835 3835
376 3838
1420 3839
826 3841
3843 3843
3759 3845
3694 3846
5551 3848
3850 3850
3851 3851
4940 3852
4920 3853
3855 3855
3856 3856
950 3858
2139 3861
4047 3863
3764 3864
439 3865
6802 3867
3747 3868
3938 3869
6426 3870
3874 3874
3877 3877
4060 3879
3883 3883
3884 3884
3886 3886
3910 3887
6113 3888
3889 3889
3892 3892
3895 3895
1309 3897
3899 3899
4266 3904
5182 3905
3906 3906
3908 3908
3909 3909
3911 3911
504 3914
5883 3915
2141 3921
3923 3923
3895 3924
6426 3925
3926 3926
3927 3927
4181 3928
4592 3930
3315 3931
3932 3932
1911 3934
3941 3941
3944 3944
6802 3945
3735 3948
3949 3949
4437 3950
3835 3952
3902 3954
3955 3955
874 3958
6867 3961
3962 3962
3965 3965
3967 3967
4529 3970
846 3973
6682 3974
3976 3976
3979 3979
3981 3981
1447 3986
4031 3987
3989 3989
3889 3990
3991 3991
2990 4000
4131 4002
4760 4004
4005 4005
4006 4006
4007 4007
1599 4009
4010 4010
4013 4013
3922 4014
4016 4016
4018 4018
4037 4019
3717 4021
4023 4023
4028 4028
1195 4029
4032 4032
1674 4033
3908 4035
4036 4036
4037 4037
229 4038
4039 4039
5190 4041
4044 4044
4042 4045
4048 4048
3766 4049
3791 4050
2141 4051
2195 4056
4058 4058
6071 4059
3699 4061
4065 4065
883 4069
4071 4071
3648 4074
4076 4076
4077 4077
6405 4078
4083 4083
4084 4084
4087 4087
6684 4089
4091 4091
4092 4092
3727 4093
3816 4094
5119 4097
2316 4099
4101 4101
3104 4102
3721 4106
4495 4107
4108 4108
3051 4112
1328 4113
4114 4114
4115 4115
4119 4119
4843 4120
316 4122
4123 4123
4124 4124
4125 4125
4126 4126
4127 4127
2562 4128
5883 4130
4131 4131
1923 4133
4134 4134
4135 4135
3444 4140
4143 4143
2650 4145
3409 4146
5698 4147
4148 4148
4149 4149
4150 4150
4574 4151
5529 4154
4155 4155
5677 4156
4157 4157
4158 4158
1990 4160
4161 4161
5368 4162
4163 4163
4168 4168
4169 4169
6554 4170
3633 4172
4301 4173
4174 4174
3677 4178
439 4181
4718 4182
3335 4183
2229 4187
1662 4188
2341 4191
4192 4192
1160 4196
4198 4198
5631 4199
3267 4200
4201 4201
380 4202
644 4205
6306 4212
4111 4214
4217 4217
3066 4219
4221 4221
3852 4222
144 4223
521 4224
4226 4226
3364 4228
4230 4230
2033 4232
3920 4233
3571 4237
4238 4238
4240 4240
4241 4241
5371 4243
4244 4244
961 4245
4246 4246
4247 4247
1513 4249
4251 4251
3267 4253
4254 4254
4257 4257
4121 4261
4262 4262
1446 4263
6764 4266
4267 4267
482 4271
4274 4274
4277 4277
3138 4279
1296 4280
1979 4281
4282 4282
4284 4284
4290 4290
273 4291
4293 4293
4294 4294
654 4296
591 4298
4299 4299
1892 4301
4302 4302
5509 4303
2609 4304
4305 4305
4306 4306
2331 4307
4308 4308
4310 4310
4311 4311
4314 4314
4068 4318
4321 4321
2055 4322
5140 4323
6794 4324
2962 4328
4329 4329
4333 4333
4335 4335
6424 4336
4337 4337
4340 4340
3117 4342
4344 4344
2563 4345
5734 4347
4352 4352
4354 4354
936 4356
4358 4358
4360 4360
4361 4361
169 4363
6500 4365
3703 4367
1654 4371
4372 4372
4377 4377
4073 4378
1951 4379
2736 4380
88 4385
4386 4386
4387 4387
4388 4388
4389 4389
4391 4391
4392 4392
4396 4396
4773 4397
3763 4402
6740 4403
4405 4405
4112 4406
4407 4407
4412 4412
4417 4417
114 4418
4567 4419
4252 4421
60 4422
3014 4423
4424 4424
4425 4425
4428 4428
4431 4431
6881 4434
4436 4436
551 4437
4443 4443
1393 4444
5332 4446
2549 4451
4452 4452
783 4453
4621 4454
4458 4458
4459 4459
2301 4460
1284 4461
4463 4463
4464 4464
1382 4465
5074 4467
3691 4468
4470 4470
5098 4473
3678 4475
1375 4477
4478 4478
4277 4479
4481 4481
2012 4485
4486 4486
6190 4488
2630 4489
203 4492
4493 4493
4494 4494
168 4495
2353 4496
6794 4497
4500 4500
4503 4503
2229 4504
5747 4508
3358 4509
6320 4510
4517 4517
3400 4519
4520 4520
125 4521
4522 4522
2354 4525
4467 4527
403 4530
6764 4531
4533 4533
4537 4537
4538 4538
4277 4539
4543 4543
247 4546
4548 4548
4550 4550
4186 4552
4553 4553
514 4561
4562 4562
5722 4563
4564 4564
6509 4565
761 4566
4011 4568
3992 4570
4572 4572
4573 4573
2111 4574
4575 4575
5520 4578
4580 4580
4582 4582
1437 4584
4586 4586
1937 4592
4593 4593
1097 4595
4275 4596
4597 4597
6493 4603
4604 4604
4607 4607
3132 4611
4615 4615
1727 4620
4621 4621
2808 4622
2331 4624
1195 4627
4628 4628
4629 4629
6093 4630
4631 4631
1431 4635
6178 4636
4637 4637
4639 4639
4641 4641
4644 4644
4648 4648
4649 4649
4653 4653
1947 4655
3267 4657
4178 4659
2384 4667
1197 4669
5789 4671
4672 4672
2549 4676
4677 4677
4682 4682
4683 4683
4684 4684
4685 4685
4687 4687
4688 4688
4689 4689
5783 4692
4693 4693
6216 4694
186 4695
1001 4696
4698 4698
3924 4700
5391 4702
4705 4705
4707 4707
4709 4709
4711 4711
4712 4712
4713 4713
4714 4714
5520 4715
873 4721
2511 4722
4724 4724
4725 4725
1777 4726
4728 4728
4729 4729
4730 4730
4731 4731
1772 4735
4736 4736
4737 4737
4738 4738
5434 4740
660 4742
6496 4743
4744 4744
4746 4746
4747 4747
4749 4749
4751 4751
4752 4752
4755 4755
1147 4756
4757 4757
4762 4762
94 4763
4764 4764
4805 4765
6430 4768
4770 4770
2549 4771
362 4774
4719 4775
1662 4776
4025 4778
1931 4780
484 4782
5359 4784
626 4785
4789 4789
869 4790
4281 4792
4793 4793
4794 4794
4879 4796
2629 4797
4799 4799
6481 4800
4804 4804
4806 4806
4808 4808
1011 4812
4814 4814
4816 4816
1296 4819
804 4823
6396 4824
4904 4825
4827 4827
4830 4830
6837 4835
4839 4839
6609 4841
4842 4842
9 4843
3304 4845
4849 4849
3400 4850
6288 4851
4853 4853
4854 4854
4856 4856
3153 4858
4860 4860
281 4861
4865 4865
4868 4868
4871 4871
2549 4872
4873 4873
4874 4874
813 4875
4878 4878
535 4879
6596 4883
5390 4884
4796 4887
133 4889
3820 4890
4671 4891
776 4892
4893 4893
5930 4894
2549 4896
1357 4897
142 4898
4900 4900
4903 4903
1239 4905
6417 4906
4907 4907
3960 4909
4910 4910
4911 4911
4912 4912
4913 4913
4915 4915
3 4916
4918 4918
4922 4922
4926 4924
3831 4926
4930 4930
4932 4932
4934 4934
4935 4935
842 4937
4847 4938
4941 4941
4943 4943
1120 4949
4950 4950
4953 4953
4574 4955
4956 4956
5701 4957
4958 4958
3657 4960
4962 4962
4963 4963
5409 4966
4574 4969
6868 4970
4973 4973
220 4975
67 4980
4981 4981
3536 4983
6409 4984
4985 4985
400 4986
4987 4987
4989 4989
4991 4991
4992 4992
4994 4994
3306 5000
4567 5001
779 5002
6563 5005
5007 5007
6256 5009
4382 5011
5529 5014
5018 5018
1039 5019
5023 5023
1217 5024
5903 5026
2062 5027
4911 5028
5032 5032
779 5033
2362 5035
5036 5036
5039 5039
5746 5040
5041 5041
2868 5042
5268 5043
5045 5045
5047 5047
5051 5051
5053 5053
5054 5054
5056 5056
5309 5060
4423 5061
3489 5066
490 5067
6554 5068
5069 5069
6406 5074
5075 5075
2486 5077
6139 5078
5079 5079
5080 5080
5081 5081
3620 5082
2752 5083
3657 5084
5086 5086
5089 5089
5090 5090
761 5091
36 5093
5501 5094
5095 5095
5097 5097
5100 5100
5101 5101
1972 5102
1551 5103
3322 5108
5110 5110
1750 5111
5113 5113
5116 5116
5117 5117
5119 5119
5120 5120
5122 5122
1610 5127
5130 5130
3988 5131
5132 5132
5136 5136
5138 5138
5141 5141
1748 5142
5143 5143
5627 5145
2671 5146
6732 5148
2449 5150
5571 5152
231 5153
4344 5154
5156 5156
6125 5159
2807 5161
6732 5165
5166 5166
6460 5168
2641 5171
3531 5172
2973 5173
2759 5175
634 5177
5179 5179
3581 5180
30 5182
5183 5183
4234 5186
4970 5189
2609 5190
5192 5192
4573 5193
5197 5197
5198 5198
5200 5200
6235 5201
1126 5202
5203 5203
5205 5205
4306 5206
5208 5208
5211 5211
2708 5214
6850 5215
4574 5217
5219 5219
5221 5221
6325 5223
5225 5225
5327 5229
6862 5232
5233 5233
5234 5234
5235 5235
5239 5239
4306 5240
3653 5243
5244 5244
2609 5246
4490 5248
2818 5249
3132 5250
5251 5251
3304 5253
1159 5256
5526 5257
4847 5258
5259 5259
913 5261
5262 5262
6626 5264
5266 5266
5269 5269
5271 5271
5275 5275
2701 5281
5282 5282
6869 5283
948 5284
5290 5290
5291 5291
5295 5295
5297 5297
5298 5298
5300 5300
5302 5302
5303 5303
5064 5305
5306 5306
3364 5310
5575 5311
6113 5312
5314 5314
3907 5317
5321 5321
5323 5323
5324 5324
5329 5329
2076 5330
5617 5331
5332 5332
1587 5333
2959 5335
5339 5339
5341 5341
5342 5342
5343 5343
5253 5345
3987 5346
1690 5347
5348 5348
5349 5349
1296 5351
1480 5354
5355 5355
5360 5360
5365 5365
5366 5366
6794 5367
3531 5368
5370 5370
4275 5373
1648 5374
5377 5377
5378 5378
3101 5380
5381 5381
3677 5386
5393 5393
186 5394
3571 5395
5396 5396
420 5399
5869 5401
5403 5403
2332 5404
5406 5406
5407 5407
5409 5409
5410 5410
5411 5411
1162 5412
3927 5415
3827 5417
3449 5419
3304 5422
5423 5423
4627 5425
5427 5427
6386 5428
4485 5430
4801 5431
4120 5433
1306 5436
2030 5437
4859 5443
2539 5444
3611 5445
5619 5446
5447 5447
5450 5450
5452 5452
5453 5453
595 5457
5458 5458
3132 5463
5464 5464
5468 5468
6256 5469
6854 5470
4120 5471
5474 5474
5475 5475
5007 5477
5477 5478
2594 5483
5484 5484
3467 5485
2398 5491
5586 5493
5496 5496
5497 5497
1675 5498
1207 5500
4716 5501
5505 5505
5506 5506
5823 5507
3581 5508
2866 5511
5512 5512
5514 5514
6278 5516
5517 5517
2975 5518
3132 5520
5521 5521
5522 5522
3633 5524
5526 5526
5527 5527
5528 5528
5529 5529
5532 5532
5536 5536
3371 5538
5539 5539
5540 5540
5542 5542
5543 5543
5546 5546
5547 5547
5549 5549
490 5550
5551 5551
2213 5553
5554 5554
1254 5555
4190 5556
5560 5560
5563 5563
5567 5567
5569 5569
5573 5573
5575 5575
5579 5579
804 5580
5581 5581
6125 5582
4575 5583
5431 5586
5589 5589
2866 5593
5594 5594
5595 5595
5596 5596
4147 5597
5598 5598
804 5599
380 5600
5601 5601
1313 5605
5610 5610
599 5613
5619 5619
5988 5625
5627 5627
5630 5630
234 5631
5634 5634
5635 5635
2824 5636
5637 5637
5638 5638
2451 5639
4213 5640
5641 5641
5644 5644
3517 5645
5646 5646
121 5647
5648 5648
1690 5652
5654 5654
5659 5659
3643 5661
2491 5662
5663 5663
5664 5664
5525 5665
3728 5666
6364 5669
3346 5676
5678 5678
5679 5679
5685 5685
5686 5686
232 5687
3132 5688
5689 5689
5691 5691
1296 5693
1326 5696
5980 5697
5698 5698
2539 5699
2380 5700
5702 5702
5705 5705
5706 5706
5708 5708
6476 5711
2044 5713
5716 5716
5717 5717
5720 5720
4738 5721
5724 5724
1704 5725
5727 5727
2165 5731
5733 5733
5740 5740
5741 5741
5742 5742
5743 5743
5064 5744
5745 5745
5746 5746
6111 5748
6470 5752
5753 5753
4105 5755
942 5756
862 5760
2436 5762
3132 5765
5767 5767
2862 5768
2504 5772
5775 5775
6348 5776
5777 5777
5778 5778
5780 5780
5783 5783
5785 5785
1718 5786
4574 5787
3816 5788
5789 5789
5791 5791
5793 5793
5794 5794
3444 5796
5799 5799
5800 5800
5801 5801
4756 5802
2063 5804
5807 5807
3117 5809
5812 5812
5813 5813
5474 5816
1376 5821
5561 5822
5823 5823
6805 5824
2718 5825
5826 5826
5828 5828
5829 5829
5834 5834
4881 5835
6160 5837
5838 5838
1022 5839
5840 5840
6860 5842
5845 5845
4730 5846
5848 5848
1614 5850
5851 5851
5852 5852
5855 5855
3648 5856
6199 5857
5862 5862
5905 5863
3420 5864
5865 5865
3696 5866
66 5867
5869 5869
4190 5871
5872 5872
6794 5875
5876 5876
5058 5878
514 5883
5884 5884
5886 5886
5890 5890
5421 5894
4303 5895
246 5896
1632 5897
3220 5898
5901 5901
5902 5902
5903 5903
5904 5904
5907 5907
6746 5909
5282 5911
5865 5915
5677 5916
5917 5917
6504 5920
5714 5921
3063 5922
5923 5923
4574 5926
5927 5927
1813 5928
1778 5929
5930 5930
3446 5931
5932 5932
5933 5933
3862 5934
761 5935
5936 5936
5520 5937
3571 5938
5939 5939
1454 5944
5520 5945
3580 5946
5949 5949
5950 5950
5952 5952
5953 5953
6199 5955
3945 5956
5959 5959
6125 5960
5961 5961
5489 5962
4342 5963
1619 5965
5966 5966
5969 5969
3081 5974
2994 5975
5977 5977
5978 5978
5980 5980
5981 5981
5982 5982
5985 5985
5986 5986
5988 5988
5989 5989
5991 5991
4567 5992
5993 5993
5994 5994
395 5996
6002 5997
6000 6000
3895 6001
6002 6002
2509 6003
6005 6005
6006 6006
4418 6008
750 6011
2168 6012
5497 6013
1314 6017
2175 6018
216 6019
6127 6020
4810 6022
6023 6023
6024 6024
1291 6029
6030 6030
6869 6033
439 6036
6459 6037
6038 6038
6039 6039
851 6044
6045 6045
6048 6048
5127 6050
6052 6052
6054 6054
6056 6056
5855 6059
6265 6061
6062 6062
6063 6063
6064 6064
513 6066
3986 6067
1586 6069
6073 6073
4053 6074
2917 6075
6077 6077
3046 6081
6083 6083
4573 6085
2553 6091
2426 6092
6095 6095
4007 6098
3613 6100
6102 6102
299 6104
6108 6108
1858 6111
6114 6114
6117 6117
6121 6121
6125 6123
6034 6124
5390 6125
6728 6127
6128 6128
6130 6130
3825 6131
2116 6140
3267 6141
6142 6142
6143 6143
6147 6147
3669 6148
3531 6149
5990 6152
831 6154
4909 6157
6159 6159
6162 6162
6163 6163
5167 6166
3366 6168
6169 6169
6170 6170
1777 6171
6172 6172
3820 6173
4684 6174
6175 6175
4190 6176
3534 6181
6185 6185
3939 6186
138 6187
1132 6190
6191 6191
5571 6195
6196 6196
4218 6197
6501 6199
575 6203
4190 6204
3940 6206
6209 6209
1239 6210
5022 6211
6212 6212
1599 6214
6219 6219
4057 6221
6261 6223
6224 6224
6225 6225
6227 6227
6231 6231
6723 6233
6236 6236
6238 6238
6240 6240
6459 6241
6246 6246
6247 6247
6248 6248
2275 6254
6256 6256
3542 6260
6263 6263
6264 6264
6265 6265
6267 6267
1667 6268
2817 6271
6275 6275
6276 6276
2735 6277
5043 6279
6281 6281
6282 6282
3245 6284
4313 6287
1547 6288
6292 6292
3518 6294
6295 6295
2131 6297
3304 6301
6302 6302
6303 6303
4755 6307
6309 6309
6311 6311
5214 6312
2861 6314
6315 6315
6317 6317
6319 6319
3945 6321
6322 6322
6513 6324
138 6327
396 6331
744 6333
62 6334
4875 6335
2252 6337
6338 6338
4057 6339
6340 6340
6346 6346
3831 6348
6350 6350
3703 6357
6358 6358
6360 6360
6363 6363
6364 6364
6365 6365
4395 6366
6370 6370
5699 6372
3745 6376
6381 6381
6383 6383
630 6386
6389 6389
2973 6393
966 6396
28 6399
5064 6401
6402 6402
4395 6404
6405 6405
6406 6406
6041 6409
4463 6410
4906 6417
6794 6418
6420 6420
6425 6425
6426 6426
6428 6428
6429 6429
3620 6432
6433 6433
6434 6434
6435 6435
6437 6437
3153 6438
6439 6439
3040 6441
6442 6442
3691 6445
6446 6446
3356 6447
2091 6449
4574 6454
306 6456
3733 6459
6467 6467
945 6468
5917 6471
4842 6473
5064 6474
6475 6475
336 6478
6479 6479
5063 6480
2409 6481
6269 6484
3944 6485
3132 6486
4152 6487
3051 6488
6489 6489
557 6491
3677 6492
6545 6494
575 6498
6499 6499
5821 6500
4580 6502
6504 6504
6505 6505
4120 6506
6508 6508
6509 6509
6510 6510
2698 6512
6513 6513
5154 6514
5823 6516
2119 6520
6525 6525
6526 6526
6527 6527
3197 6528
1447 6530
4817 6533
3831 6537
2091 6544
6546 6546
804 6548
877 6549
6554 6554
4796 6556
6557 6557
6559 6559
6561 6561
49 6562
6563 6563
6566 6566
6567 6567
4197 6571
6573 6573
136 6576
6577 6577
1930 6579
6585 6585
6586 6586
6587 6587
6591 6591
6592 6592
6595 6595
6598 6598
6225 6600
5493 6601
6602 6602
563 6603
6606 6606
851 6607
3081 6608
6609 6609
6610 6610
1347 6612
6620 6620
1215 6622
6623 6623
6625 6625
6626 6626
4954 6628
4051 6629
6630 6630
1132 6631
595 6632
6633 6633
6635 6635
4574 6636
6637 6637
6638 6638
344 6639
5493 6640
6333 6641
6644 6644
4382 6648
2049 6649
3950 6650
6774 6653
6817 6654
6657 6657
6663 6663
2475 6665
6666 6666
2298 6670
4844 6678
6683 6683
6685 6685
2886 6686
6688 6688
6479 6689
6693 6693
6799 6694
6696 6696
6539 6703
4106 6705
6706 6706
1769 6707
6713 6713
5061 6714
189 6715
6718 6718
6721 6721
1333 6722
6724 6724
1713 6726
6727 6727
6517 6728
3553 6729
88 6730
6731 6731
5923 6733
6311 6735
6739 6739
2106 6740
3681 6742
6750 6750
66 6751
6691 6752
6754 6754
2962 6755
6841 6756
6758 6758
4068 6760
1730 6765
85 6767
3894 6769
6771 6771
6774 6774
630 6775
6778 6778
6780 6780
6781 6781
6787 6787
6788 6788
6791 6791
6792 6792
6793 6793
6794 6794
4419 6795
5318 6796
854 6798
5666 6800
6801 6801
2468 6802
6804 6804
1431 6806
6808 6808
6809 6809
1285 6811
6814 6814
4706 6815
6819 6819
4356 6825
6827 6827
6830 6830
6832 6832
6834 6834
3763 6835
2549 6836
6839 6839
3677 6840
6841 6841
2240 6842
6844 6844
6126 6845
6848 6848
6850 6850
6817 6852
1808 6853
2111 6855
381 6857
6859 6859
6860 6860
6865 6865
6868 6868
6872 6872
2737 6875
6878 6878
6880 6880
1038 6881
1486 6882
6794 6884
3132 6886
6889 6889
