236 236
2139 2139
2074 2074
359 359
2004 2004
112 112
2043 2043
14 14
15 15
455 455
241 241
2136 2136
342 342
239 239
261 261
2793 2793
2044 2044
2054 2054
2289 2289
2152 2152
2811 2811
2491 2491
2818 2818
36 36
30 30
2775 2775
37 37
2292 2292
2276 2276
351 351
2815 2815
2075 2075
26 26
2379 2379
118 118
328 328
8 8
2493 2493
19 19
2510 2510
349 349
2383 2383
227 227
2381 2381
2055 2055
410 410
246 246
231 231
154 154
27 27
340 340
35 35
228 228
343 343
408 408
2052 2052
141 141
2817 2817
17 17
3533 3533
146 146
409 409
286 286
354 354
2497 2497
325 325
2368 2368
315 315
2212 2212
331 331
2485 2485
3551 3551
3851 3851
316 316
436 436
3539 3539
2498 2498
3631 3631
3861 3861
2814 2814
119 119
2799 2799
2007 2007
346 346
3846 3846
3951 3951
3628 3628
3054 3054
2499 2499
3499 3499
77 77
3541 3541
2213 2213
294 294
3072 3072
3053 3053
3047 3047
3529 3529
3844 3844
2375 2375
2193 2193
3829 3829
3055 3055
131 131
81 81
2807 2807
6253 6253
109 109
63 63
2041 2041
50 50
2129 2129
2606 2606
2628 2628
276 276
2470 2470
2278 2278
6 6
2150 2150
3056 3056
443 443
2003 2003
3531 3531
6271 6271
2611 2611
3546 3546
3824 3824
1906 1906
108 108
3643 3643
3536 3536
1993 1993
2388 2388
3560 3560
2596 2596
3537 3537
2061 2061
64 64
3754 3754
83 83
3913 3913
90 90
82 82
2798 2798
3702 3702
3633 3633
3915 3915
156 156
3936 3936
421 421
128 128
2161 2161
123 123
70 70
338 338
2475 2475
2135 2135
312 312
2471 2471
3790 3790
2389 2389
462 462
94 94
122 122
2210 2210
96 96
2079 2079
2385 2385
3621 3621
3924 3924
2168 2168
3576 3576
2063 2063
100 100
3828 3828
3589 3589
3948 3948
6267 6267
2377 2377
3927 3927
3791 3791
311 311
232 232
2118 2118
157 157
3586 3586
1994 1994
6264 6264
2486 2486
2366 2366
2614 2614
2505 2505
1983 1983
2367 2367
2373 2373
2594 2594
3925 3925
268 268
3746 3746
2473 2473
2472 2472
2258 2258
3553 3553
2610 2610
2395 2395
7 7
2591 2591
3616 3616
3756 3756
3637 3637
2261 2261
2476 2476
2239 2239
2583 2583
2362 2362
2 2
3554 3554
2514 2514
145 145
2613 2613
2211 2211
2254 2254
3609 3609
2603 2603
2124 2124
6247 6247
3602 3602
2255 2255
3579 3579
3051 3051
2504 2504
2623 2623
3574 3574
3552 3552
3581 3581
3649 3649
3601 3601
2477 2477
2360 2360
3635 3635
2144 2144
2364 2364
3561 3561
2393 2393
3745 3745
3650 3650
2080 2080
405 405
2256 2256
3611 3611
2600 2600
3705 3705
3612 3612
5659 5659
3613 3613
2156 2156
260 260
155 155
3 3
2186 2186
2589 2589
2585 2585
2095 2095
5707 5707
5464 5464
2121 2121
2197 2197
2126 2126
5598 5598
2265 2265
5638 5638
160 160
2204 2204
5950 5950
2401 2401
377 377
5518 5518
2123 2123
5753 5753
2391 2391
5724 5724
5842 5842
5612 5612
2517 2517
2507 2507
2184 2184
5595 5595
2029 2029
3565 3565
2158 2158
5515 5515
5651 5651
2625 2625
2145 2145
3568 3568
133 133
2010 2010
5641 5641
5510 5510
375 375
2036 2036
2092 2092
5514 5514
2502 2502
393 393
2227 2227
5848 5848
5590 5590
381 381
5613 5613
2068 2068
5720 5720
2205 2205
159 159
2284 2284
5630 5630
5829 5829
5525 5525
2409 2409
5739 5739
5540 5540
2630 2630
5522 5522
2040 2040
142 142
2014 2014
2565 2565
5635 5635
103 103
5674 5674
6057 6057
3704 3704
6054 6054
2685 2685
5536 5536
6066 6066
3163 3163
2639 2639
2636 2636
5835 5835
5625 5625
61 61
5824 5824
2683 2683
5538 5538
6058 6058
3567 3567
5954 5954
2442 2442
374 374
2523 2523
2114 2114
2182 2182
5838 5838
5622 5622
6068 6068
5947 5947
362 362
2280 2280
5946 5946
2457 2457
258 258
3908 3908
5966 5966
401 401
282 282
2087 2087
5851 5851
6077 6077
5468 5468
2432 2432
5701 5701
5944 5944
373 373
6062 6062
2220 2220
2643 2643
6072 6072
2031 2031
2017 2017
6045 6045
3648 3648
2018 2018
295 295
5504 5504
5627 5627
2644 2644
3894 3894
3772 3772
6079 6079
6082 6082
5826 5826
5834 5834
5726 5726
2533 2533
523 523
2652 2652
5604 5604
2424 2424
485 485
2656 2656
2684 2684
2456 2456
504 504
5619 5619
2279 2279
5453 5453
5665 5665
2688 2688
3895 3895
369 369
2025 2025
2272 2272
5968 5968
472 472
448 448
3673 3673
2209 2209
6085 6085
2547 2547
533 533
3906 3906
467 467
465 465
449 449
2567 2567
466 466
2283 2283
2287 2287
3706 3706
464 464
2089 2089
505 505
480 480
2705 2705
3884 3884
2648 2648
1766 1766
2427 2427
2022 2022
2654 2654
5986 5986
269 269
5489 5489
5529 5529
307 307
2216 2216
2646 2646
507 507
494 494
6080 6080
2060 2060
2537 2537
2573 2573
2572 2572
5499 5499
2342 2342
2419 2419
2698 2698
2559 2559
2658 2658
2423 2423
2689 2689
5528 5528
2671 2671
2299 2299
3485 3485
5606 5606
6090 6090
515 515
168 168
2208 2208
2248 2248
3886 3886
2673 2673
5745 5745
2692 2692
2701 2701
5985 5985
492 492
180 180
2241 2241
5553 5553
5741 5741
5981 5981
3670 3670
529 529
1943 1943
2106 2106
221 221
2206 2206
6102 6102
2702 2702
5496 5496
226 226
6101 6101
544 544
2024 2024
199 199
5497 5497
2714 2714
2549 2549
5866 5866
187 187
2437 2437
6130 6130
545 545
3876 3876
5852 5852
5742 5742
537 537
566 566
387 387
2103 2103
396 396
2715 2715
1941 1941
2434 2434
386 386
497 497
540 540
2286 2286
578 578
4005 4005
3489 3489
2461 2461
6147 6147
5988 5988
2443 2443
2709 2709
500 500
5476 5476
1962 1962
2468 2468
2425 2425
3874 3874
2448 2448
516 516
2253 2253
200 200
552 552
6110 6110
6000 6000
2707 2707
3994 3994
1922 1922
2250 2250
2296 2296
491 491
5994 5994
6889 6889
1939 1939
163 163
2708 2708
6005 6005
560 560
2556 2556
3488 3488
1942 1942
2435 2435
5475 5475
5991 5991
583 583
1960 1960
204 204
4010 4010
6136 6136
2429 2429
1431 1431
2733 2733
309 309
5869 5869
1288 1288
2466 2466
296 296
2346 2346
6125 6125
775 775
5560 5560
202 202
4023 4023
1876 1876
6108 6108
5239 5239
2348 2348
5235 5235
1877 1877
3691 3691
4071 4071
1972 1972
2445 2445
5527 5527
4029 4029
683 683
3692 3692
773 773
398 398
5495 5495
4001 4001
3989 3989
5663 5663
4062 4062
6139 6139
3710 3710
6119 6119
1918 1918
1933 1933
3681 3681
3840 3840
4066 4066
2975 2975
1846 1846
3782 3782
6153 6153
5762 5762
2317 2317
1356 1356
5806 5806
2760 2760
6135 6135
4067 4067
3781 3781
4013 4013
1966 1966
1934 1934
3962 3962
1854 1854
2874 2874
1260 1260
3870 3870
3986 3986
1845 1845
2732 2732
1261 1261
1880 1880
1947 1947
2992 2992
6035 6035
1889 1889
3696 3696
4048 4048
5480 5480
754 754
2740 2740
2989 2989
2945 2945
2722 2722
4045 4045
2350 2350
2308 2308
1956 1956
2305 2305
3695 3695
5989 5989
770 770
5643 5643
1949 1949
5690 5690
1852 1852
1973 1973
1951 1951
5534 5534
2985 2985
5807 5807
791 791
1930 1930
758 758
4018 4018
713 713
5793 5793
2349 2349
1502 1502
2756 2756
1857 1857
6039 6039
3438 3438
2982 2982
4036 4036
6219 6219
4035 4035
1628 1628
3365 3365
1761 1761
5778 5778
3808 3808
4032 4032
6159 6159
3354 3354
1700 1700
1439 1439
1625 1625
1556 1556
1627 1627
1883 1883
790 790
1660 1660
3738 3738
5740 5740
1537 1537
2984 2984
1912 1912
3796 3796
2738 2738
2764 2764
5573 5573
1619 1619
2898 2898
3979 3979
1703 1703
1904 1904
1910 1910
2324 2324
2306 2306
3340 3340
738 738
2724 2724
1977 1977
3277 3277
5563 5563
1739 1739
1687 1687
1576 1576
3229 3229
1662 1662
3228 3228
1657 1657
1559 1559
2897 2897
1911 1911
1418 1418
3275 3275
2947 2947
1541 1541
1393 1393
3287 3287
1392 1392
1642 1642
1314 1314
3269 3269
3270 3270
3892 3892
1387 1387
1661 1661
3278 3278
1663 1663
2352 2352
1695 1695
2895 2895
3003 3003
3292 3292
1712 1712
1680 1680
1618 1618
2751 2751
6023 6023
1655 1655
759 759
1690 1690
1545 1545
3363 3363
3267 3267
1379 1379
1557 1557
3255 3255
674 674
6002 6002
3283 3283
1588 1588
1669 1669
5777 5777
1568 1568
3243 3243
5783 5783
1666 1666
5567 5567
1689 1689
1738 1738
2896 2896
3290 3290
3250 3250
3284 3284
1885 1885
3289 3289
1548 1548
1718 1718
5767 5767
4741 4741
1704 1704
3261 3261
3483 3483
641 641
1705 1705
3241 3241
1536 1536
1708 1708
1914 1914
771 771
3288 3288
3000 3000
1853 1853
2731 2731
5774 5774
3317 3317
3442 3442
1652 1652
2905 2905
1508 1508
1391 1391
1419 1419
5484 5484
6163 6163
1571 1571
3260 3260
5773 5773
3264 3264
1199 1199
625 625
3001 3001
650 650
1647 1647
1649 1649
1646 1646
1598 1598
1670 1670
1725 1725
603 603
1399 1399
214 214
772 772
5709 5709
4763 4763
5702 5702
1633 1633
1916 1916
1913 1913
2862 2862
5365 5365
5775 5775
3367 3367
2748 2748
3348 3348
3004 3004
1720 1720
1826 1826
1632 1632
1579 1579
1730 1730
760 760
3316 3316
1587 1587
1897 1897
1595 1595
3397 3397
1870 1870
1254 1254
1645 1645
1601 1601
2728 2728
5393 5393
1351 1351
1567 1567
5813 5813
1634 1634
1612 1612
1350 1350
2942 2942
4242 4242
2861 2861
3682 3682
1609 1609
2854 2854
673 673
5800 5800
1402 1402
1833 1833
1684 1684
3314 3314
602 602
1593 1593
6017 6017
4241 4241
1538 1538
1683 1683
3223 3223
6356 6356
1292 1292
1830 1830
3063 3063
3235 3235
5789 5789
623 623
3302 3302
1503 1503
3252 3252
2753 2753
1255 1255
1603 1603
2873 2873
684 684
5329 5329
1751 1751
604 604
597 597
3674 3674
5710 5710
5923 5923
1688 1688
2318 2318
691 691
4744 4744
3371 3371
4244 4244
1410 1410
5390 5390
5749 5749
1898 1898
942 942
3043 3043
3039 3039
4248 4248
675 675
2863 2863
2745 2745
1386 1386
4168 4168
1429 1429
1578 1578
5339 5339
2856 2856
6404 6404
3404 3404
3234 3234
3077 3077
3242 3242
6761 6761
3233 3233
3417 3417
599 599
3395 3395
5711 5711
5011 5011
6172 6172
5337 5337
3766 3766
788 788
2821 2821
3037 3037
1692 1692
5341 5341
1874 1874
6332 6332
3005 3005
1729 1729
637 637
1721 1721
4267 4267
598 598
1561 1561
4262 4262
3447 3447
300 300
5349 5349
5179 5179
3405 3405
3412 3412
843 843
686 686
1749 1749
5886 5886
671 671
3408 3408
5405 5405
1407 1407
2910 2910
670 670
2952 2952
4865 4865
1638 1638
3112 3112
3201 3201
6360 6360
886 886
3107 3107
6715 6715
2892 2892
5318 5318
669 669
6834 6834
5406 5406
3445 3445
841 841
5387 5387
3327 3327
6362 6362
3203 3203
5178 5178
3158 3158
3121 3121
1861 1861
3210 3210
5883 5883
2819 2819
1275 1275
3079 3079
6363 6363
5093 5093
2912 2912
3098 3098
5229 5229
3099 3099
6839 6839
6807 6807
6471 6471
5878 5878
1161 1161
696 696
3414 3414
3110 3110
1396 1396
2941 2941
1787 1787
3332 3332
400 400
636 636
1245 1245
1839 1839
5344 5344
1864 1864
6754 6754
5180 5180
3450 3450
3383 3383
6718 6718
929 929
5136 5136
693 693
6817 6817
4824 4824
1409 1409
5181 5181
3429 3429
601 601
3064 3064
1195 1195
6195 6195
4130 4130
688 688
3100 3100
3386 3386
4688 4688
5416 5416
6499 6499
1637 1637
4201 4201
3460 3460
1162 1162
3425 3425
6844 6844
3216 3216
1331 1331
4229 4229
3217 3217
6365 6365
3864 3864
3424 3424
5012 5012
1200 1200
1225 1225
3456 3456
6187 6187
4854 4854
695 695
830 830
4278 4278
3902 3902
1382 1382
1160 1160
1223 1223
1498 1498
6830 6830
5089 5089
3132 3132
3135 3135
3120 3120
1838 1838
6809 6809
1808 1808
3423 3423
3457 3457
445 445
1737 1737
3427 3427
5056 5056
2960 2960
1316 1316
4830 4830
1452 1452
3459 3459
5119 5119
3142 3142
1190 1190
1207 1207
3067 3067
6843 6843
4329 4329
6707 6707
6282 6282
3204 3204
5055 5055
6460 6460
2916 2916
3325 3325
5062 5062
5042 5042
3062 3062
6808 6808
4649 4649
1785 1785
5123 5123
2929 2929
1224 1224
3418 3418
5361 5361
2963 2963
5927 5927
4914 4914
6701 6701
1159 1159
4716 4716
5188 5188
4911 4911
6444 6444
928 928
4864 4864
6827 6827
3207 3207
1881 1881
6832 6832
927 927
6774 6774
4246 4246
5102 5102
1788 1788
5124 5124
1535 1535
1533 1533
5409 5409
3385 3385
6814 6814
4849 4849
676 676
4912 4912
3196 3196
6446 6446
4816 4816
3118 3118
5183 5183
6412 6412
888 888
4978 4978
5081 5081
6772 6772
4892 4892
6529 6529
6739 6739
1783 1783
2919 2919
3195 3195
6792 6792
831 831
1227 1227
5896 5896
5095 5095
1862 1862
6212 6212
215 215
6845 6845
1673 1673
4131 4131
4687 4687
913 913
5094 5094
4891 4891
3090 3090
1202 1202
5080 5080
802 802
5007 5007
4251 4251
4889 4889
5041 5041
1893 1893
4685 4685
6623 6623
5211 5211
1246 1246
4709 4709
6856 6856
6603 6603
1395 1395
5116 5116
3334 3334
6626 6626
4730 4730
6660 6660
6853 6853
6866 6866
3170 3170
3495 3495
6708 6708
1220 1220
5045 5045
720 720
911 911
4717 4717
1795 1795
6685 6685
6859 6859
6599 6599
4881 4881
4913 4913
5287 5287
936 936
1499 1499
6650 6650
4760 4760
6683 6683
5009 5009
1784 1784
6643 6643
5101 5101
6631 6631
658 658
1791 1791
591 591
3177 3177
5208 5208
1497 1497
4174 4174
412 412
5378 5378
6865 6865
5414 5414
6667 6667
2967 2967
6706 6706
1821 1821
4873 4873
1480 1480
6665 6665
5077 5077
6649 6649
457 457
3182 3182
6606 6606
6775 6775
1307 1307
5117 5117
5158 5158
6824 6824
211 211
3137 3137
1129 1129
677 677
6644 6644
5192 5192
4344 4344
2962 2962
4405 4405
633 633
5210 5210
588 588
6666 6666
3189 3189
1326 1326
6537 6537
4276 4276
4878 4878
4859 4859
6724 6724
6733 6733
5153 5153
865 865
6712 6712
863 863
6563 6563
6874 6874
4458 4458
5029 5029
4682 4682
1782 1782
821 821
705 705
5051 5051
6470 6470
6200 6200
1194 1194
5374 5374
1149 1149
4135 4135
4790 4790
1449 1449
210 210
5072 5072
5332 5332
4739 4739
2823 2823
4386 4386
3146 3146
1150 1150
6539 6539
937 937
4277 4277
819 819
1123 1123
4689 4689
4918 4918
1204 1204
2845 2845
6479 6479
1779 1779
1238 1238
4126 4126
6323 6323
6309 6309
860 860
5059 5059
6227 6227
6725 6725
4899 4899
5407 5407
1525 1525
3511 3511
3188 3188
219 219
6530 6530
586 586
4428 4428
5053 5053
4157 4157
5198 5198
1327 1327
6727 6727
6381 6381
4410 4410
4883 4883
305 305
1524 1524
5291 5291
662 662
4909 4909
6663 6663
3507 3507
3172 3172
1151 1151
4417 4417
1019 1019
1133 1133
6327 6327
4808 4808
6525 6525
5292 5292
5212 5212
6486 6486
4868 4868
6594 6594
6315 6315
721 721
6637 6637
4471 4471
1804 1804
6190 6190
910 910
4127 4127
4177 4177
1178 1178
6317 6317
3183 3183
6559 6559
2906 2906
4387 4387
5234 5234
1048 1048
4935 4935
1369 1369
6425 6425
4826 4826
5028 5028
1131 1131
2831 2831
1121 1121
2922 2922
6605 6605
4473 4473
4725 4725
1757 1757
807 807
4474 4474
656 656
6325 6325
4123 4123
4987 4987
5293 5293
4953 4953
4110 4110
4084 4084
4192 4192
6534 6534
6281 6281
6531 6531
6571 6571
2927 2927
1814 1814
570 570
4934 4934
4871 4871
4707 4707
6560 6560
1758 1758
5297 5297
6638 6638
6426 6426
1769 1769
4186 4186
6380 6380
5225 5225
3500 3500
384 384
857 857
4683 4683
4152 4152
4340 4340
6511 6511
6800 6800
1203 1203
253 253
4772 4772
5016 5016
6577 6577
6389 6389
1175 1175
4930 4930
4118 4118
4814 4814
6585 6585
6396 6396
1337 1337
4317 4317
742 742
6557 6557
5252 5252
3104 3104
858 858
302 302
5143 5143
4776 4776
1156 1156
3105 3105
1799 1799
1102 1102
1477 1477
3472 3472
1106 1106
3084 3084
1128 1128
4654 4654
3155 3155
764 764
1091 1091
4116 4116
2966 2966
1755 1755
882 882
4322 4322
4388 4388
4166 4166
1529 1529
4142 4142
1125 1125
1107 1107
1798 1798
6512 6512
5360 5360
2829 2829
1018 1018
6574 6574
4626 4626
3096 3096
1014 1014
2913 2913
4150 4150
6505 6505
4488 4488
1118 1118
3095 3095
1112 1112
1063 1063
4470 4470
3133 3133
4703 4703
4697 4697
4093 4093
1071 1071
1515 1515
3018 3018
1834 1834
6592 6592
1323 1323
4525 4525
726 726
1521 1521
3480 3480
3156 3156
4962 4962
3029 3029
1073 1073
6527 6527
5265 5265
4214 4214
4379 4379
1488 1488
4092 4092
6587 6587
1013 1013
4550 4550
3139 3139
4727 4727
1511 1511
4337 4337
1040 1040
1087 1087
6386 6386
1148 1148
4989 4989
4282 4282
5251 5251
1170 1170
829 829
4610 4610
1214 1214
4285 4285
4452 4452
723 723
4728 4728
869 869
4389 4389
4746 4746
1474 1474
6466 6466
2972 2972
4284 4284
839 839
1456 1456
1174 1174
4215 4215
6410 6410
4747 4747
5266 5266
1055 1055
1809 1809
5354 5354
1075 1075
1801 1801
4430 4430
6510 6510
1116 1116
3087 3087
952 952
6573 6573
1103 1103
4836 4836
4467 4467
4477 4477
4469 4469
5256 5256
3150 3150
972 972
4480 4480
2969 2969
1168 1168
1472 1472
4921 4921
941 941
4286 4286
3944 3944
1093 1093
4221 4221
3006 3006
6567 6567
1478 1478
1466 1466
4338 4338
1077 1077
4287 4287
1169 1169
4198 4198
4269 4269
4545 4545
1513 1513
4549 4549
4543 4543
1023 1023
875 875
3026 3026
981 981
4956 4956
975 975
987 987
3508 3508
4621 4621
1265 1265
2880 2880
3502 3502
2834 2834
3130 3130
4454 4454
4238 4238
848 848
618 618
4372 4372
1042 1042
6376 6376
884 884
5295 5295
3129 3129
4724 4724
899 899
4798 4798
4391 4391
4552 4552
895 895
903 903
6878 6878
4335 4335
4992 4992
4994 4994
1460 1460
1003 1003
901 901
3128 3128
5275 5275
1464 1464
4435 4435
2839 2839
6302 6302
1173 1173
6338 6338
955 955
4639 4639
411 411
1010 1010
4698 4698
730 730
647 647
4966 4966
4749 4749
1100 1100
4668 4668
4240 4240
4565 4565
4627 4627
4941 4941
4601 4601
973 973
5281 5281
4615 4615
6286 6286
1032 1032
1080 1080
907 907
2885 2885
4940 4940
968 968
4500 4500
4396 4396
1033 1033
2824 2824
4392 4392
4443 4443
4569 4569
4583 4583
4431 4431
4968 4968
978 978
944 944
945 945
4503 4503
1141 1141
1007 1007
4234 4234
4597 4597
4361 4361
4553 4553
4571 4571
4999 4999
4359 4359
4582 4582
4628 4628
1182 1182
957 957
732 732
4077 4077
4493 4493
902 902
1181 1181
4299 4299
1236 1236
966 966
1184 1184
2825 2825
2841 2841
1454 1454
1458 1458
4461 4461
4607 4607
4604 4604
905 905
795 795
6546 6546
767 767
4463 4463
4985 4985
4575 4575
6872 6872
4663 4663
4673 4673
4973 4973
4672 4672
2843 2843
4310 4310
4950 4950
