2140 2140
2046 2046
2289 2289
2268 2268
2055 2055
359 359
2127 2127
2137 2137
2130 2130
14 14
2136 2136
113 113
8 8
2129 2129
15 15
2262 2262
2135 2135
261 261
191 191
111 111
138 138
2044 2044
2811 2811
2163 2163
2054 2054
117 117
2796 2796
2247 2247
2815 2815
242 242
2274 2274
190 190
2246 2246
2178 2178
2490 2490
118 118
2260 2260
410 410
2793 2793
192 192
2294 2294
2817 2817
2164 2164
408 408
1993 1993
245 245
2292 2292
2511 2511
409 409
2214 2214
189 189
351 351
2383 2383
2480 2480
1983 1983
2005 2005
2780 2780
244 244
239 239
2124 2124
2783 2783
3747 3747
2261 2261
407 407
2493 2493
4 4
2388 2388
3533 3533
3628 3628
3640 3640
29 29
2052 2052
328 328
2152 2152
2775 2775
3638 3638
2076 2076
3851 3851
3549 3549
3643 3643
2375 2375
6248 6248
232 232
2499 2499
436 436
435 435
3858 3858
330 330
2498 2498
37 37
2497 2497
2795 2795
6271 6271
6276 6276
105 105
3929 3929
3829 3829
6269 6269
343 343
3637 3637
6267 6267
3932 3932
6247 6247
3799 3799
40 40
34 34
2482 2482
3753 3753
3547 3547
3855 3855
27 27
1907 1907
3828 3828
2798 2798
2485 2485
3824 3824
3845 3845
311 311
3621 3621
109 109
2808 2808
2370 2370
315 315
325 325
2150 2150
2367 2367
347 347
312 312
2377 2377
421 421
2 2
429 429
2389 2389
3922 3922
2801 2801
432 432
6261 6261
322 322
3821 3821
6240 6240
2593 2593
3833 3833
227 227
338 338
7 7
35 35
2095 2095
2595 2595
126 126
439 439
3521 3521
2278 2278
3649 3649
2598 2598
5640 5640
3825 3825
155 155
3616 3616
2193 2193
46 46
3620 3620
130 130
3530 3530
231 231
3517 3517
268 268
2475 2475
2081 2081
44 44
2395 2395
3531 3531
276 276
3788 3788
2390 2390
2471 2471
2596 2596
5508 5508
294 294
459 459
129 129
5598 5598
5724 5724
3055 3055
2061 2061
81 81
2357 2357
5750 5750
122 122
94 94
5600 5600
2238 2238
2505 2505
346 346
5840 5840
128 128
100 100
5845 5845
2010 2010
66 66
67 67
3777 3777
1906 1906
337 337
5950 5950
5590 5590
91 91
70 70
82 82
2506 2506
3056 3056
3653 3653
5952 5952
5596 5596
2601 2601
63 63
2594 2594
2393 2393
5630 5630
3925 3925
2239 2239
92 92
2213 2213
64 64
2613 2613
2610 2610
2514 2514
2144 2144
2602 2602
2240 2240
135 135
2600 2600
5579 5579
2012 2012
65 65
3554 3554
5458 5458
2588 2588
5622 5622
2623 2623
5514 5514
147 147
5641 5641
2027 2027
5453 5453
2585 2585
2205 2205
5844 5844
6238 6238
3576 3576
260 260
415 415
3570 3570
2254 2254
2030 2030
3566 3566
3606 3606
3571 3571
2210 2210
380 380
3605 3605
2256 2256
3577 3577
2624 2624
2255 2255
5751 5751
5468 5468
381 381
2037 2037
393 393
3655 3655
3553 3553
2401 2401
3568 3568
3613 3613
6054 6054
6055 6055
3667 3667
5472 5472
3163 3163
158 158
6066 6066
3609 3609
5825 5825
6231 6231
2220 2220
5525 5525
2120 2120
377 377
2280 2280
3567 3567
5838 5838
3565 3565
3586 3586
6056 6056
258 258
2517 2517
2513 2513
3704 3704
5538 5538
2630 2630
3561 3561
2636 2636
5522 5522
5452 5452
2516 2516
5542 5542
5932 5932
2682 2682
5551 5551
62 62
2685 2685
5851 5851
6076 6076
2197 2197
2639 2639
2284 2284
3601 3601
6235 6235
6077 6077
374 374
5933 5933
3608 3608
5834 5834
5648 5648
2670 2670
3910 3910
372 372
2036 2036
3908 3908
6062 6062
5966 5966
295 295
61 61
3045 3045
5944 5944
3597 3597
196 196
2515 2515
5674 5674
2233 2233
6064 6064
2643 2643
3602 3602
2245 2245
5665 5665
5939 5939
5619 5619
401 401
2017 2017
2092 2092
164 164
2272 2272
6084 6084
2523 2523
5584 5584
2018 2018
6079 6079
2113 2113
5631 5631
2652 2652
6082 6082
6081 6081
2441 2441
5489 5489
2035 2035
5529 5529
2705 2705
448 448
5637 5637
533 533
2216 2216
3648 3648
5501 5501
2215 2215
2684 2684
367 367
2687 2687
2457 2457
5499 5499
2342 2342
2087 2087
512 512
1774 1774
2675 2675
3647 3647
466 466
479 479
2432 2432
464 464
2014 2014
567 567
564 564
478 478
507 507
2116 2116
5528 5528
269 269
2112 2112
2648 2648
5686 5686
369 369
5697 5697
537 537
2230 2230
2299 2299
540 540
3489 3489
1766 1766
5677 5677
2031 2031
2182 2182
2415 2415
468 468
3488 3488
511 511
6090 6090
1988 1988
2558 2558
333 333
538 538
5553 5553
180 180
503 503
2534 2534
221 221
203 203
2654 2654
3673 3673
529 529
2550 2550
2431 2431
560 560
544 544
2676 2676
576 576
546 546
2295 2295
2422 2422
490 490
505 505
2645 2645
5706 5706
199 199
296 296
559 559
396 396
5717 5717
2070 2070
2689 2689
179 179
2671 2671
5476 5476
5684 5684
492 492
558 558
205 205
5986 5986
2235 2235
3906 3906
3972 3972
552 552
6130 6130
556 556
3706 3706
2657 2657
2022 2022
550 550
2545 2545
2456 2456
489 489
2427 2427
163 163
2573 2573
2713 2713
5852 5852
206 206
2434 2434
498 498
5745 5745
2694 2694
5855 5855
2423 2423
178 178
5487 5487
5983 5983
6147 6147
2279 2279
2425 2425
2536 2536
2575 2575
5802 5802
2715 2715
387 387
2448 2448
3818 3818
3338 3338
5981 5981
2346 2346
2467 2467
6029 6029
5980 5980
2468 2468
3670 3670
487 487
6030 6030
3050 3050
3884 3884
3839 3839
2464 2464
5447 5447
3360 3360
255 255
5987 5987
2317 2317
2435 2435
3361 3361
6117 6117
2241 2241
5560 5560
2101 2101
2465 2465
5497 5497
3877 3877
5484 5484
3362 3362
2466 2466
5988 5988
153 153
5534 5534
3439 3439
3708 3708
271 271
3868 3868
5532 5532
2326 2326
398 398
6000 6000
2444 2444
5869 5869
2754 2754
5995 5995
5550 5550
5714 5714
3340 3340
3287 3287
1969 1969
3358 3358
2253 2253
5526 5526
2733 2733
2308 2308
3316 3316
3366 3366
6125 6125
5994 5994
5527 5527
3952 3952
1961 1961
3307 3307
5806 5806
6005 6005
6136 6136
5573 5573
5664 5664
3277 3277
3443 3443
2250 2250
300 300
2330 2330
2351 2351
6880 6880
2206 2206
3963 3963
5689 5689
2722 2722
3442 3442
5991 5991
3367 3367
3290 3290
3275 3275
3782 3782
3289 3289
6011 6011
5709 5709
4045 4045
3228 3228
3229 3229
1962 1962
5663 5663
3269 3269
3280 3280
3278 3278
3283 3283
3267 3267
2305 2305
3255 3255
1943 1943
2099 2099
1918 1918
3368 3368
3785 3785
5609 5609
5239 5239
3261 3261
3317 3317
3348 3348
3371 3371
4033 4033
2727 2727
5236 5236
3691 3691
5740 5740
5902 5902
6154 6154
4032 4032
4039 4039
3292 3292
6153 6153
3976 3976
3870 3870
1938 1938
6159 6159
3781 3781
3266 3266
5235 5235
5807 5807
3281 3281
3887 3887
3314 3314
2324 2324
3253 3253
3991 3991
1951 1951
3349 3349
4006 4006
4013 4013
4014 4014
4038 4038
4071 4071
1556 1556
3896 3896
5903 5903
2306 2306
6039 6039
6119 6119
6887 6887
3249 3249
3305 3305
1741 1741
3223 3223
4036 4036
5703 5703
3695 3695
3237 3237
1949 1949
3892 3892
4018 4018
6024 6024
3221 3221
3246 3246
2764 2764
6170 6170
3251 3251
3733 3733
2355 2355
1937 1937
1956 1956
3241 3241
3373 3373
3444 3444
4016 4016
1940 1940
6175 6175
6163 6163
2762 2762
1559 1559
2352 2352
5812 5812
3445 3445
3238 3238
2286 2286
1942 1942
5811 5811
1932 1932
1586 1586
5791 5791
3717 3717
5783 5783
3447 3447
5767 5767
3421 3421
3204 3204
5777 5777
1928 1928
3235 3235
1972 1972
1739 1739
3810 3810
3329 3329
1927 1927
252 252
3405 3405
3242 3242
1548 1548
1727 1727
3380 3380
3411 3411
5794 5794
1933 1933
1591 1591
5702 5702
5785 5785
1588 1588
5406 5406
5789 5789
1912 1912
1619 1619
2728 2728
1689 1689
1620 1620
1977 1977
1625 1625
1976 1976
2719 2719
1660 1660
3402 3402
3234 3234
1557 1557
1653 1653
1575 1575
1628 1628
3333 3333
5813 5813
3414 3414
1687 1687
1738 1738
1379 1379
1609 1609
3418 3418
3392 3392
5393 5393
3393 3393
1700 1700
3452 3452
2744 2744
1311 1311
3201 3201
6172 6172
1929 1929
1593 1593
1712 1712
3190 3190
1627 1627
1690 1690
1584 1584
3674 3674
3430 3430
5775 5775
1655 1655
2340 2340
1708 1708
3682 3682
1561 1561
1663 1663
1568 1568
2873 2873
1652 1652
1910 1910
3334 3334
1657 1657
1709 1709
1649 1649
1553 1553
2318 2318
6834 6834
1587 1587
3429 3429
3325 3325
1576 1576
1661 1661
3456 3456
217 217
1579 1579
5381 5381
3323 3323
1913 1913
3326 3326
1662 1662
3335 3335
2753 2753
5800 5800
3431 3431
6211 6211
1595 1595
1749 1749
1704 1704
1580 1580
3216 3216
1603 1603
3217 3217
1703 1703
2766 2766
3295 3295
1598 1598
3423 3423
3193 3193
6193 6193
3389 3389
3465 3465
1745 1745
3384 3384
3196 3196
1600 1600
1688 1688
1692 1692
6839 6839
3766 3766
1633 1633
3195 3195
3460 3460
1377 1377
3457 3457
1914 1914
5395 5395
3182 3182
3385 3385
1608 1608
6180 6180
1683 1683
1667 1667
6793 6793
1670 1670
5886 5886
2821 2821
6778 6778
6817 6817
3177 3177
1720 1720
3425 3425
1684 1684
6841 6841
1564 1564
841 841
3197 3197
3386 3386
788 788
5410 5410
6791 6791
1748 1748
3132 3132
1121 1121
1852 1852
2910 2910
6774 6774
2912 2912
1634 1634
6784 6784
3178 3178
3099 3099
3179 3179
412 412
5411 5411
6756 6756
6602 6602
6808 6808
3158 3158
6727 6727
391 391
6848 6848
3812 3812
3759 3759
6598 6598
3194 3194
1787 1787
6850 6850
3321 3321
936 936
1735 1735
6853 6853
3112 3112
6754 6754
6212 6212
6827 6827
1120 1120
1647 1647
1567 1567
6196 6196
6830 6830
1646 1646
2746 2746
5409 5409
6846 6846
400 400
6780 6780
5426 5426
1225 1225
6603 6603
3098 3098
6844 6844
4693 4693
6824 6824
6856 6856
1857 1857
6859 6859
6606 6606
5056 5056
916 916
2914 2914
6809 6809
3113 3113
5427 5427
3121 3121
6807 6807
1452 1452
5901 5901
1337 1337
3320 3320
6750 6750
1278 1278
5234 5234
3131 3131
6788 6788
3500 3500
3180 3180
1162 1162
1669 1669
1161 1161
1784 1784
6529 6529
5095 5095
6865 6865
3109 3109
2911 2911
6724 6724
1163 1163
1780 1780
1440 1440
6715 6715
1359 1359
1392 1392
3115 3115
919 919
5053 5053
5158 5158
6535 6535
1223 1223
933 933
1769 1769
5061 5061
5374 5374
5881 5881
6787 6787
1140 1140
6227 6227
1498 1498
1227 1227
1788 1788
910 910
4689 4689
1203 1203
3142 3142
4329 4329
1439 1439
3090 3090
2984 2984
3108 3108
1132 1132
1129 1129
3107 3107
1126 1126
3148 3148
860 860
5072 5072
1541 1541
5927 5927
2913 2913
5198 5198
2925 2925
4729 4729
2923 2923
678 678
1638 1638
5896 5896
2897 2897
1277 1277
1524 1524
1523 1523
2895 2895
5023 5023
2822 2822
855 855
6874 6874
1345 1345
6595 6595
1782 1782
1883 1883
6707 6707
4808 4808
6582 6582
1449 1449
1375 1375
801 801
5247 5247
1353 1353
4709 4709
1393 1393
1853 1853
4343 4343
5113 5113
1885 1885
1387 1387
5887 5887
6704 6704
6191 6191
5067 5067
302 302
4405 4405
1526 1526
5079 5079
5378 5378
3472 3472
1833 1833
5191 5191
6537 6537
1514 1514
6679 6679
1153 1153
995 995
6683 6683
3021 3021
830 830
6688 6688
5080 5080
676 676
2920 2920
1251 1251
3507 3507
1133 1133
5069 5069
1037 1037
5211 5211
3172 3172
5371 5371
4545 4545
3085 3085
4150 4150
253 253
1040 1040
6591 6591
2884 2884
4836 4836
3503 3503
6334 6334
5062 5062
5086 5086
1369 1369
6665 6665
4820 4820
3137 3137
1048 1048
5041 5041
1791 1791
2927 2927
881 881
5081 5081
1168 1168
4987 4987
5075 5075
3723 3723
4730 4730
6623 6623
1026 1026
6626 6626
6530 6530
6663 6663
6657 6657
6659 6659
5124 5124
4424 4424
6637 6637
3136 3136
4953 4953
846 846
4636 4636
802 802
5130 5130
1525 1525
3150 3150
972 972
3509 3509
2989 2989
4849 4849
1497 1497
1637 1637
6666 6666
6560 6560
786 786
798 798
1018 1018
6605 6605
3153 3153
6577 6577
1334 1334
1904 1904
1128 1128
1027 1027
6557 6557
6559 6559
5028 5028
1275 1275
4550 4550
6631 6631
831 831
1875 1875
1753 1753
1188 1188
1013 1013
880 880
5208 5208
720 720
1363 1363
4543 4543
6388 6388
1386 1386
1327 1327
5027 5027
3155 3155
1854 1854
923 923
816 816
6638 6638
2885 2885
1116 1116
6373 6373
3471 3471
726 726
6585 6585
791 791
6410 6410
6292 6292
1479 1479
6587 6587
1112 1112
1529 1529
6512 6512
6643 6643
1147 1147
2819 2819
6797 6797
3029 3029
5179 5179
808 808
4565 4565
5122 5122
1825 1825
3152 3152
3023 3023
1014 1014
5089 5089
4639 4639
4166 4166
980 980
677 677
6527 6527
1462 1462
6592 6592
2898 2898
1798 1798
1795 1795
6719 6719
1755 1755
4332 4332
924 924
2834 2834
709 709
4118 4118
937 937
721 721
1049 1049
1017 1017
1080 1080
5125 5125
1005 1005
1035 1035
1396 1396
4546 4546
6526 6526
955 955
1091 1091
1481 1481
5167 5167
6801 6801
708 708
1399 1399
882 882
987 987
3139 3139
900 900
991 991
981 981
1023 1023
4997 4997
210 210
1178 1178
6389 6389
729 729
1796 1796
4371 4371
249 249
1304 1304
1064 1064
1326 1326
4644 4644
5251 5251
1182 1182
4804 4804
732 732
1106 1106
3096 3096
1090 1090
1737 1737
4372 4372
4994 4994
4357 4357
6644 6644
1258 1258
4481 4481
4552 4552
4290 4290
1528 1528
1093 1093
4321 4321
965 965
974 974
2994 2994
973 973
6309 6309
1429 1429
6511 6511
1806 1806
4412 4412
4637 4637
2950 2950
1029 1029
970 970
903 903
6370 6370
1831 1831
1010 1010
1395 1395
4408 4408
4387 4387
1799 1799
3129 3129
6516 6516
413 413
3130 3130
904 904
5188 5188
1464 1464
4922 4922
2877 2877
4746 4746
4119 4119
4698 4698
4277 4277
1175 1175
4814 4814
2981 2981
1485 1485
2824 2824
211 211
5117 5117
1540 1540
3088 3088
901 901
1185 1185
6510 6510
1118 1118
3006 3006
5220 5220
4963 4963
1323 1323
4485 4485
1171 1171
6337 6337
6872 6872
833 833
1466 1466
1483 1483
1518 1518
952 952
902 902
3511 3511
1340 1340
1330 1330
1460 1460
4725 4725
1814 1814
4962 4962
914 914
868 868
4999 4999
2998 2998
905 905
4388 4388
5259 5259
1173 1173
1055 1055
4663 4663
884 884
4634 4634
4340 4340
1077 1077
1115 1115
4621 4621
4216 4216
1530 1530
957 957
5348 5348
4912 4912
6282 6282
1071 1071
3026 3026
4486 4486
4553 4553
4844 4844
979 979
850 850
4221 4221
4728 4728
1202 1202
4992 4992
6567 6567
6341 6341
4978 4978
4865 4865
1033 1033
4286 4286
1265 1265
4687 4687
5314 5314
4956 4956
4386 4386
6508 6508
4334 4334
4915 4915
5265 5265
4389 4389
6444 6444
4641 4641
1496 1496
2967 2967
1368 1368
4538 4538
5106 5106
4575 4575
950 950
1493 1493
811 811
1141 1141
5261 5261
1073 1073
4396 4396
4688 4688
658 658
1486 1486
6442 6442
1098 1098
1101 1101
4856 4856
4335 4335
2932 2932
4459 4459
3133 3133
1488 1488
6429 6429
750 750
927 927
829 829
5105 5105
839 839
5287 5287
4493 4493
767 767
4607 4607
2838 2838
4747 4747
5365 5365
4503 4503
5101 5101
875 875
4238 4238
947 947
6426 6426
1200 1200
3125 3125
4573 4573
4716 4716
3014 3014
2839 2839
4934 4934
2826 2826
4494 4494
1478 1478
1416 1416
3064 3064
1192 1192
4911 4911
4941 4941
4615 4615
4454 4454
6338 6338
873 873
4868 4868
4443 4443
4930 4930
4391 4391
6396 6396
891 891
6286 6286
4504 4504
3505 3505
594 594
4571 4571
1243 1243
4973 4973
4568 4568
4240 4240
2840 2840
4854 4854
4473 4473
4431 4431
4839 4839
4435 4435
4116 4116
4653 4653
6288 6288
2965 2965
4237 4237
6360 6360
6475 6475
1236 1236
4562 4562
4149 4149
4470 4470
6281 6281
4582 4582
4361 4361
4985 4985
6302 6302
4379 4379
6420 6420
4125 4125
5300 5300
4989 4989
4110 4110
6499 6499
4417 4417
667 667
1289 1289
4951 4951
4282 4282
4950 4950
4628 4628
4123 4123
5007 5007
4463 4463
4210 4210
