3843 3843
3629 3629
5603 5603
14 14
138 138
3773 3773
3776 3776
3628 3628
3631 3631
5511 5511
113 113
3856 3856
3753 3753
359 359
8 8
261 261
2797 2797
5750 5750
3521 3521
3649 3649
239 239
3777 3777
6271 6271
341 341
3560 3560
246 246
342 342
117 117
242 242
6276 6276
241 241
3852 3852
3069 3069
5598 5598
3851 3851
3703 3703
408 408
3925 3925
5508 5508
2793 2793
410 410
3643 3643
2792 2792
351 351
76 76
6278 6278
3937 3937
3702 3702
2811 2811
191 191
3913 3913
51 51
409 409
3936 3936
6275 6275
2783 2783
2817 2817
3530 3530
54 54
347 347
3805 3805
2779 2779
3914 3914
5659 5659
343 343
436 436
2807 2807
17 17
430 430
6261 6261
3806 3806
356 356
92 92
3056 3056
19 19
407 407
3593 3593
435 435
3566 3566
3778 3778
2795 2795
3792 3792
26 26
3554 3554
6248 6248
3543 3543
45 45
6267 6267
6263 6263
6247 6247
126 126
3584 3584
3579 3579
229 229
5840 5840
6240 6240
227 227
442 442
2791 2791
328 328
3516 3516
292 292
23 23
81 81
245 245
5610 5610
128 128
82 82
65 65
3757 3757
100 100
94 94
5463 5463
64 64
5952 5952
3739 3739
5640 5640
46 46
3546 3546
10 10
2046 2046
59 59
456 456
3565 3565
5708 5708
37 37
3609 3609
3657 3657
3613 3613
44 44
330 330
5651 5651
3828 3828
5536 5536
6246 6246
2247 2247
321 321
5950 5950
85 85
124 124
3829 3829
3600 3600
1907 1907
2246 2246
326 326
2801 2801
73 73
3568 3568
3825 3825
1999 1999
5845 5845
5458 5458
315 315
5589 5589
3932 3932
429 429
3824 3824
2178 2178
338 338
4 4
2294 2294
122 122
6238 6238
3823 3823
3054 3054
5959 5959
3567 3567
6067 6067
5596 5596
3926 3926
62 62
2163 2163
2135 2135
5837 5837
2044 2044
2214 2214
2127 2127
3908 3908
2191 2191
104 104
5932 5932
5933 5933
2274 2274
5949 5949
2493 2493
268 268
5966 5966
5939 5939
2054 2054
2388 2388
6057 6057
5635 5635
2152 2152
1992 1992
335 335
2150 2150
2129 2129
2221 2221
2213 2213
3795 3795
2498 2498
1983 1983
2260 2260
3704 3704
5641 5641
5944 5944
2367 2367
5634 5634
2497 2497
5624 5624
2164 2164
155 155
2378 2378
2259 2259
2389 2389
5746 5746
2485 2485
2375 2375
193 193
6073 6073
1 1
6054 6054
2174 2174
6056 6056
3771 3771
2 2
6059 6059
5829 5829
5630 5630
7 7
5525 5525
1993 1993
2175 2175
6077 6077
295 295
3045 3045
5543 5543
3816 3816
2775 2775
283 283
5522 5522
2598 2598
5654 5654
3772 3772
147 147
5523 5523
6072 6072
2210 2210
5540 5540
282 282
6045 6045
5579 5579
2151 2151
5445 5445
5721 5721
5538 5538
3950 3950
6063 6063
307 307
5542 5542
2062 2062
2211 2211
2124 2124
2193 2193
2514 2514
3648 3648
3163 3163
6092 6092
3646 3646
6064 6064
3672 3672
2596 2596
5539 5539
2503 2503
2377 2377
6062 6062
3706 3706
5443 5443
5834 5834
2278 2278
5716 5716
5632 5632
2095 2095
2011 2011
2593 2593
2614 2614
2506 2506
6085 6085
2180 2180
333 333
2061 2061
2610 2610
2613 2613
5969 5969
2591 2591
3687 3687
258 258
2094 2094
2145 2145
2623 2623
2584 2584
3868 3868
377 377
4005 4005
2029 2029
3906 3906
3818 3818
148 148
5962 5962
5717 5717
5977 5977
2027 2027
3707 3707
3684 3684
2231 2231
2204 2204
5986 5986
6083 6083
6095 6095
309 309
380 380
6086 6086
6090 6090
3670 3670
6143 6143
2600 2600
2144 2144
5686 5686
2114 2114
6103 6103
2624 2624
6102 6102
2266 2266
5656 5656
2239 2239
4019 4019
5497 5497
5985 5985
6142 6142
2585 2585
6130 6130
2086 2086
5980 5980
376 376
4001 4001
2022 2022
5982 5982
6147 6147
5981 5981
4014 4014
2080 2080
3941 3941
3963 3963
5745 5745
3644 3644
403 403
3883 3883
4050 4050
2401 2401
6121 6121
4071 4071
6880 6880
5697 5697
3954 3954
3955 3955
3965 3965
3717 3717
6110 6110
6149 6149
2067 2067
5866 5866
5862 5862
5529 5529
5855 5855
5489 5489
3985 3985
158 158
6117 6117
2205 2205
6148 6148
5488 5488
472 472
2517 2517
5865 5865
3662 3662
3991 3991
4016 4016
5648 5648
6107 6107
6108 6108
3691 3691
4045 4045
3989 3989
6030 6030
507 507
5526 5526
505 505
153 153
3979 3979
2397 2397
3797 3797
3888 3888
5233 5233
3988 3988
3873 3873
6136 6136
2256 2256
4044 4044
3896 3896
4018 4018
5741 5741
3692 3692
5915 5915
3690 3690
473 473
4038 4038
4006 4006
2639 2639
6157 6157
5987 5987
5872 5872
4048 4048
5645 5645
448 448
4032 4032
197 197
3676 3676
5239 5239
4012 4012
3735 3735
6887 6887
511 511
5902 5902
6139 6139
2685 2685
3782 3782
4013 4013
2670 2670
5678 5678
6153 6153
4037 4037
3874 3874
3877 3877
2233 2233
2441 2441
2566 2566
2705 2705
2252 2252
5993 5993
5528 5528
4035 4035
2700 2700
2018 2018
3899 3899
5527 5527
5494 5494
3812 3812
2220 2220
466 466
468 468
5994 5994
3727 3727
2636 2636
5677 5677
464 464
368 368
5495 5495
3493 3493
6005 6005
5549 5549
2036 2036
3718 3718
217 217
2288 2288
1774 1774
2701 2701
2643 2643
3809 3809
5644 5644
5646 5646
2272 2272
533 533
2523 2523
2457 2457
3487 3487
2413 2413
5991 5991
2092 2092
5663 5663
2519 2519
2250 2250
1778 1778
6039 6039
492 492
5447 5447
544 544
5530 5530
5521 5521
163 163
2688 2688
2230 2230
2648 2648
2299 2299
2431 2431
2093 2093
2112 2112
2707 2707
2691 2691
2646 2646
5706 5706
2662 2662
546 546
2671 2671
220 220
2216 2216
2215 2215
2677 2677
2675 2675
2652 2652
537 537
215 215
2676 2676
5575 5575
2658 2658
5734 5734
2711 2711
5740 5740
5643 5643
540 540
3728 3728
560 560
5560 5560
552 552
5483 5483
542 542
2436 2436
2456 2456
151 151
538 538
2295 2295
2302 2302
2296 2296
6024 6024
3813 3813
2733 2733
2415 2415
5802 5802
2560 2560
498 498
199 199
6162 6162
2241 2241
2573 2573
2014 2014
2544 2544
3900 3900
3059 3059
5743 5743
6159 6159
2317 2317
5609 5609
6002 6002
3892 3892
5884 5884
2308 2308
2346 2346
2449 2449
5807 5807
387 387
5756 5756
2020 2020
2572 2572
5989 5989
2031 2031
2440 2440
6175 6175
1764 1764
6161 6161
5679 5679
2463 2463
5767 5767
2427 2427
2348 2348
2423 2423
396 396
5777 5777
5563 5563
5910 5910
2534 2534
5886 5886
5702 5702
4762 4762
5880 5880
226 226
5791 5791
5440 5440
6834 6834
2311 2311
6163 6163
3768 3768
2309 2309
3730 3730
6598 6598
5570 5570
6172 6172
5901 5901
2349 2349
5923 5923
3359 3359
2727 2727
2468 2468
3338 3338
6793 6793
3437 3437
1919 1919
5799 5799
6817 6817
2206 2206
3683 3683
6610 6610
5878 5878
2722 2722
6839 6839
218 218
3274 3274
5928 5928
3277 3277
5904 5904
6792 6792
3229 3229
3228 3228
3278 3278
5572 5572
2448 2448
6827 6827
2724 2724
5780 5780
5814 5814
3275 3275
5800 5800
2321 2321
3289 3289
6599 6599
3283 3283
6788 6788
5801 5801
1279 1279
5782 5782
3255 3255
3281 3281
2719 2719
1925 1925
3288 3288
6731 6731
2435 2435
2536 2536
1918 1918
5927 5927
6725 6725
2718 2718
6595 6595
5907 5907
3365 3365
5403 5403
6727 6727
6600 6600
6602 6602
6791 6791
5896 5896
3266 3266
210 210
6862 6862
5406 5406
2429 2429
6856 6856
6859 6859
6843 6843
6746 6746
3225 3225
6842 6842
5890 5890
6762 6762
2425 2425
3223 3223
271 271
6830 6830
6778 6778
3243 3243
2089 2089
6723 6723
3292 3292
2728 2728
3237 3237
6597 6597
5705 5705
3249 3249
6857 6857
3316 3316
6724 6724
570 570
6576 6576
6848 6848
6606 6606
6780 6780
6754 6754
3367 3367
302 302
2751 2751
4308 4308
2101 2101
6781 6781
6809 6809
211 211
6865 6865
2444 2444
1962 1962
1556 1556
6721 6721
1976 1976
1949 1949
6225 6225
6224 6224
6756 6756
6866 6866
6719 6719
6785 6785
3254 3254
3246 3246
4793 4793
6711 6711
4900 4900
6853 6853
6713 6713
2753 2753
1741 1741
6577 6577
6718 6718
1687 1687
6185 6185
3252 3252
3766 3766
6844 6844
3349 3349
6605 6605
6630 6630
398 398
6735 6735
6767 6767
6824 6824
6665 6665
6578 6578
3439 3439
6807 6807
3241 3241
2746 2746
6680 6680
1140 1140
6591 6591
6662 6662
6678 6678
6502 6502
6200 6200
2446 2446
6800 6800
6592 6592
1586 1586
6196 6196
6750 6750
4074 4074
390 390
6663 6663
6666 6666
3219 3219
6657 6657
1561 1561
6797 6797
3164 3164
1591 1591
399 399
586 586
1546 1546
1968 1968
936 936
1977 1977
5385 5385
3334 3334
3190 3190
6801 6801
3372 3372
6683 6683
1688 1688
1227 1227
3325 3325
6626 6626
6659 6659
6625 6625
1722 1722
3765 3765
6584 6584
400 400
6631 6631
6623 6623
1728 1728
3944 3944
1164 1164
3764 3764
4606 4606
1359 1359
829 829
1953 1953
1588 1588
3235 3235
1223 1223
3371 3371
6644 6644
3381 3381
1137 1137
3240 3240
2873 2873
5438 5438
3436 3436
1277 1277
1353 1353
3442 3442
4644 4644
3172 3172
1788 1788
1692 1692
3206 3206
933 933
1600 1600
3323 3323
1163 1163
4688 4688
1603 1603
3319 3319
1787 1787
1850 1850
5079 5079
6227 6227
3405 3405
3204 3204
5051 5051
6209 6209
1832 1832
2910 2910
1554 1554
4705 4705
1498 1498
676 676
6334 6334
5078 5078
1730 1730
4970 4970
1932 1932
631 631
1515 1515
3688 3688
3407 3407
815 815
3195 3195
845 845
3234 3234
3689 3689
720 720
1625 1625
4709 4709
1831 1831
3414 3414
3216 3216
5378 5378
2912 2912
253 253
4837 4837
996 996
4300 4300
4285 4285
5156 5156
2917 2917
4650 4650
3333 3333
4174 4174
3376 3376
3183 3183
3194 3194
844 844
3079 3079
5411 5411
4286 4286
5158 5158
1121 1121
3177 3177
911 911
632 632
4987 4987
5080 5080
2833 2833
5054 5054
3452 3452
5042 5042
4284 4284
6387 6387
2848 2848
1598 1598
1854 1854
2929 2929
5028 5028
2846 2846
5081 5081
4623 4623
1795 1795
677 677
3132 3132
6388 6388
4966 4966
4294 4294
3320 3320
1202 1202
1200 1200
4593 4593
1881 1881
1913 1913
3193 3193
1593 1593
1595 1595
3090 3090
4293 4293
6638 6638
846 846
5197 5197
5097 5097
1505 1505
6693 6693
6285 6285
926 926
2892 2892
1132 1132
802 802
1133 1133
1571 1571
652 652
4087 4087
1791 1791
1265 1265
4747 4747
3429 3429
4707 4707
1018 1018
1875 1875
995 995
1136 1136
1188 1188
4372 4372
6533 6533
5244 5244
3113 3113
1700 1700
4757 4757
4687 4687
691 691
6633 6633
1824 1824
5056 5056
6537 6537
910 910
6286 6286
4299 4299
923 923
6389 6389
4545 4545
1780 1780
965 965
991 991
3023 3023
924 924
1129 1129
5069 5069
6525 6525
4148 4148
1456 1456
4918 4918
1170 1170
4737 4737
6295 6295
750 750
3099 3099
6368 6368
4621 4621
1830 1830
6489 6489
1458 1458
2826 2826
988 988
4734 4734
807 807
3112 3112
2913 2913
5101 5101
767 767
5027 5027
3511 3511
1855 1855
1334 1334
6309 6309
937 937
4428 4428
768 768
6370 6370
900 900
6475 6475
1628 1628
803 803
1874 1874
4730 4730
5047 5047
942 942
4158 4158
4543 4543
2914 2914
3425 3425
2834 2834
4481 4481
4546 4546
1006 1006
3098 3098
658 658
4412 4412
1048 1048
4329 4329
987 987
880 880
1523 1523
881 881
3120 3120
808 808
1519 1519
1460 1460
2821 2821
2845 2845
1236 1236
5377 5377
1860 1860
3508 3508
3460 3460
1122 1122
4564 4564
1323 1323
839 839
855 855
916 916
4502 4502
3026 3026
4607 4607
3461 3461
1900 1900
6538 6538
968 968
1167 1167
4431 4431
4958 4958
6529 6529
1003 1003
4549 4549
5152 5152
5050 5050
919 919
4101 4101
1037 1037
5100 5100
4176 4176
5252 5252
1023 1023
5128 5128
4738 4738
4238 4238
1063 1063
841 841
1013 1013
1660 1660
4424 4424
4550 4550
1524 1524
5314 5314
4565 4565
5374 5374
3386 3386
4729 4729
705 705
3107 3107
4913 4913
993 993
3500 3500
4344 4344
1356 1356
4637 4637
687 687
6557 6557
5130 5130
3028 3028
4119 4119
4454 4454
3139 3139
1579 1579
3007 3007
4828 4828
791 791
1396 1396
4846 4846
1449 1449
1382 1382
3109 3109
1306 1306
4968 4968
615 615
1005 1005
1014 1014
3037 3037
688 688
1043 1043
6332 6332
1178 1178
4240 4240
4693 4693
4118 4118
4378 4378
726 726
4854 4854
4883 4883
4868 4868
2994 2994
1747 1747
4487 4487
1753 1753
4953 4953
249 249
4478 4478
1409 1409
1674 1674
4396 4396
3036 3036
1113 1113
4392 4392
2926 2926
177 177
3020 3020
1004 1004
5250 5250
4973 4973
860 860
4359 4359
1407 1407
2825 2825
2884 2884
4177 4177
1499 1499
1045 1045
1033 1033
4552 4552
1055 1055
1044 1044
4379 4379
4446 4446
1175 1175
4167 4167
4503 4503
3029 3029
4956 4956
4210 4210
836 836
1482 1482
4922 4922
4575 4575
6319 6319
3076 3076
4808 4808
1481 1481
4806 4806
897 897
952 952
3104 3104
4528 4528
4369 4369
1342 1342
1725 1725
1737 1737
970 970
4932 4932
6561 6561
4683 4683
4991 4991
5343 5343
2840 2840
4155 4155
1755 1755
1661 1661
4962 4962
3507 3507
4689 4689
1886 1886
4386 4386
1112 1112
4340 4340
1684 1684
6559 6559
2844 2844
1071 1071
6448 6448
4504 4504
1027 1027
2923 2923
4631 4631
4084 4084
2981 2981
4443 4443
6560 6560
4360 4360
958 958
4930 4930
6546 6546
892 892
4337 4337
4698 4698
4358 4358
4166 4166
4335 4335
1147 1147
2920 2920
4573 4573
4153 4153
4671 4671
4198 4198
4110 4110
4486 4486
3152 3152
5113 5113
1414 1414
1379 1379
4458 4458
6510 6510
4936 4936
1254 1254
3144 3144
3155 3155
1758 1758
2829 2829
5203 5203
1531 1531
3136 3136
1311 1311
4736 4736
884 884
4108 4108
4831 4831
2950 2950
6513 6513
1093 1093
783 783
1153 1153
1255 1255
5281 5281
6425 6425
2932 2932
5090 5090
3063 3063
901 901
1526 1526
882 882
1490 1490
6872 6872
903 903
2858 2858
5136 5136
4628 4628
4999 4999
4682 4682
1350 1350
6405 6405
5259 5259
4672 4672
6323 6323
5086 5086
4663 4663
4866 4866
905 905
6381 6381
5265 5265
864 864
4989 4989
4878 4878
4794 4794
6282 6282
3039 3039
4317 4317
3044 3044
3137 3137
975 975
1118 1118
1421 1421
1090 1090
4455 4455
6338 6338
957 957
4492 4492
848 848
4533 4533
1817 1817
5292 5292
4712 4712
3130 3130
4814 4814
6422 6422
4493 4493
6340 6340
4746 4746
912 912
1799 1799
1141 1141
4470 4470
5211 5211
2819 2819
4943 4943
4941 4941
6505 6505
621 621
1098 1098
4582 4582
944 944
6349 6349
6341 6341
4571 4571
4321 4321
4224 4224
648 648
6573 6573
2868 2868
4436 4436
932 932
4264 4264
6327 6327
4951 4951
4797 4797
4517 4517
2880 2880
4465 4465
1101 1101
4192 4192
2881 2881
873 873
1466 1466
3125 3125
4452 4452
1464 1464
5262 5262
4940 4940
4597 4597
6507 6507
723 723
1478 1478
6281 6281
6566 6566
650 650
2839 2839
6292 6292
6567 6567
764 764
3128 3128
5339 5339
693 693
1293 1293
4126 4126
4586 4586
4985 4985
4728 4728
6396 6396
4297 4297
3080 3080
619 619
