6430 0
1 1
2 2
4 4
3555 6
7 7
8 8
10 10
5994 12
14 14
3457 16
17 17
19 19
23 23
2305 24
26 26
3593 35
37 37
4053 39
2012 41
44 44
45 45
46 46
2734 48
3461 50
51 51
54 54
4289 56
59 59
2539 60
62 62
64 64
65 65
2057 69
770 72
73 73
5526 75
76 76
5485 77
3397 78
3790 80
81 81
82 82
85 85
4075 88
2229 89
92 92
5420 93
94 94
100 100
1100 103
104 104
5368 105
2593 108
4017 109
4498 110
113 113
117 117
122 122
4619 123
124 124
126 126
128 128
2907 129
2920 130
5603 131
3789 134
138 138
5752 140
6835 144
1953 146
147 147
148 148
1850 150
151 151
153 153
155 155
158 158
152 160
163 163
4562 165
6339 167
174 174
177 177
5929 178
5144 190
191 191
193 193
197 197
199 199
5438 202
2666 203
5910 208
210 210
211 211
765 212
2593 213
215 215
761 216
217 217
218 218
63 219
220 220
4992 221
2181 223
3885 225
226 226
227 227
4073 228
229 229
3095 230
2841 231
1174 233
6104 234
2125 236
1158 237
239 239
241 241
242 242
540 244
245 245
246 246
249 249
3082 251
4562 252
253 253
6365 255
4609 256
258 258
261 261
3033 262
1968 264
5603 267
268 268
972 269
328 270
271 271
6576 275
4855 276
282 282
283 283
4823 284
3955 288
5862 289
292 292
4107 294
295 295
1424 297
4065 299
255 300
302 302
4528 304
3833 306
307 307
309 309
2864 310
311 311
312 312
6325 313
315 315
2671 320
321 321
323 323
325 325
326 326
328 328
873 329
330 330
333 333
1466 334
335 335
4086 336
338 338
341 341
342 342
343 343
191 344
347 347
3157 348
351 351
5318 354
356 356
2941 358
359 359
1484 360
368 368
6741 371
376 376
377 377
41 378
1473 379
380 380
2211 386
387 387
290 388
3535 389
390 390
6044 391
3620 395
396 396
398 398
399 399
400 400
1418 401
3639 402
403 403
2411 404
407 407
408 408
409 409
410 410
5723 419
1566 424
6774 428
429 429
430 430
5376 431
3214 433
435 435
436 436
5684 438
4950 439
442 442
4082 445
448 448
2295 450
456 456
5295 457
4886 458
307 460
6012 463
464 464
3051 465
466 466
468 468
472 472
473 473
761 474
6680 475
798 478
2088 479
1786 482
5842 485
1855 488
6006 490
259 491
492 492
59 497
498 498
3308 500
3458 503
259 504
505 505
507 507
3633 510
511 511
6107 515
6145 519
3944 520
3271 526
4457 532
533 533
3340 534
5885 535
537 537
538 538
540 540
542 542
544 544
4428 545
546 546
2474 548
552 552
4445 556
2125 557
4299 558
560 560
5055 566
570 570
6013 572
4457 573
6012 579
586 586
5009 594
6414 598
602 602
603 603
5291 605
2631 607
608 608
610 610
5403 613
4635 614
615 615
619 619
4070 620
621 621
1460 625
1246 630
631 631
632 632
636 636
5484 637
640 640
2739 641
3675 642
6490 643
6841 644
3005 645
6544 646
648 648
650 650
1276 651
652 652
2382 654
2653 655
1978 657
658 658
6433 659
672 672
674 674
676 676
677 677
924 678
1692 682
1622 683
687 687
688 688
689 689
5496 690
691 691
1466 692
693 693
4007 695
697 697
103 699
704 704
705 705
586 706
2418 708
2088 709
3153 710
1028 711
713 713
716 716
66 718
720 720
3367 721
723 723
726 726
6479 730
3245 733
734 734
2429 738
739 739
741 741
490 743
2668 744
1276 747
750 750
4131 752
754 754
760 760
2801 763
764 764
767 767
768 768
5106 769
771 771
773 773
776 776
955 777
778 778
783 783
1239 786
3909 787
2460 788
791 791
3119 794
12 798
4556 799
5910 800
802 802
803 803
807 807
808 808
533 814
815 815
3485 818
708 819
326 822
1943 823
4862 827
829 829
1092 830
3101 831
836 836
839 839
841 841
844 844
845 845
846 846
1299 847
848 848
5047 851
1461 853
855 855
3014 856
860 860
864 864
2588 865
4064 866
4886 867
5019 869
3620 871
873 873
2648 875
880 880
881 881
882 882
884 884
2928 885
1928 886
2063 888
4635 890
2164 891
892 892
5228 893
4623 894
895 895
1314 896
897 897
900 900
901 901
5138 902
903 903
2519 904
905 905
910 910
911 911
912 912
6740 913
3609 914
3776 915
916 916
919 919
923 923
924 924
4851 925
926 926
6264 927
4797 928
932 932
933 933
2469 935
936 936
937 937
942 942
944 944
2088 950
952 952
5738 956
957 957
958 958
3680 961
965 965
968 968
970 970
975 975
5341 978
295 979
3148 980
4597 981
6470 983
987 987
988 988
5971 989
25 990
991 991
6810 992
993 993
5526 994
995 995
996 996
301 998
4155 1000
6288 1001
6821 1002
1003 1003
1004 1004
1005 1005
1006 1006
1388 1012
1013 1013
1014 1014
5428 1015
4971 1016
1929 1017
1018 1018
4059 1020
4562 1022
1023 1023
4383 1026
1027 1027
1033 1033
1037 1037
5733 1039
1043 1043
1044 1044
1045 1045
1048 1048
1055 1055
748 1057
1063 1063
80 1064
3849 1067
4670 1070
1071 1071
783 1074
2722 1076
5527 1082
6544 1086
5511 1089
1090 1090
3609 1091
1093 1093
4053 1094
5576 1095
144 1096
1964 1097
1098 1098
1101 1101
3152 1102
4549 1107
1112 1112
1113 1113
3902 1115
1118 1118
2782 1119
1121 1121
1122 1122
4906 1123
4284 1127
5511 1128
1129 1129
1132 1132
1133 1133
2274 1135
1136 1136
1137 1137
1140 1140
1141 1141
3723 1144
3051 1145
1147 1147
722 1149
6455 1152
1153 1153
5643 1162
1163 1163
1164 1164
1167 1167
1170 1170
2403 1172
4791 1173
1175 1175
6112 1177
1178 1178
6279 1183
6420 1185
1188 1188
1190 1190
6067 1194
1197 1197
450 1198
4437 1199
1200 1200
1202 1202
5403 1204
4361 1206
3228 1208
2006 1214
6296 1220
1223 1223
1197 1226
1227 1227
4490 1231
6418 1235
1236 1236
5889 1238
5529 1239
1240 1240
1243 1243
4886 1244
1245 1245
5090 1246
803 1250
1254 1254
1255 1255
4205 1257
3019 1264
1265 1265
917 1267
3271 1268
1280 1270
956 1271
5714 1273
1097 1274
4256 1276
1277 1277
135 1278
1279 1279
4432 1281
6260 1284
2032 1287
4858 1289
4957 1290
4156 1291
1811 1292
1293 1293
65 1299
765 1300
4862 1301
1306 1306
1317 1308
1311 1311
4272 1315
4053 1316
5038 1318
1323 1323
6288 1328
1334 1334
295 1340
1342 1342
1239 1345
2371 1348
4205 1349
1350 1350
1353 1353
5511 1354
1355 1355
1356 1356
1357 1357
1358 1358
1359 1359
443 1360
3659 1361
5042 1362
806 1364
1228 1365
1213 1366
2925 1367
2684 1369
3028 1375
1044 1378
1379 1379
1380 1380
1682 1381
1382 1382
3157 1383
1386 1386
1387 1387
1390 1390
1391 1391
6168 1392
1393 1393
578 1395
1396 1396
6845 1397
3657 1399
5934 1400
1402 1402
1406 1406
1407 1407
1409 1409
5811 1411
6213 1413
1414 1414
4457 1415
1419 1419
1421 1421
2691 1423
2726 1427
1088 1428
5476 1429
5910 1434
1822 1437
1438 1438
6437 1439
921 1441
5242 1444
6603 1447
1449 1449
1662 1450
2907 1451
4516 1452
3535 1453
6626 1455
1456 1456
1458 1458
1460 1460
1464 1464
1466 1466
138 1468
1251 1470
5526 1473
5796 1475
1478 1478
3267 1480
1481 1481
1482 1482
5861 1484
5548 1486
392 1488
3782 1489
1490 1490
2088 1493
5525 1497
1498 1498
1499 1499
1503 1503
3888 1504
1505 1505
1506 1506
3854 1508
2732 1511
1515 1515
1519 1519
1523 1523
1524 1524
1526 1526
1531 1531
4944 1532
3982 1533
1535 1535
5426 1536
1537 1537
3443 1540
4391 1545
1546 1546
6174 1548
1554 1554
2825 1555
1556 1556
4459 1557
3535 1558
2418 1559
1561 1561
1887 1562
1571 1571
1572 1572
3449 1574
1966 1578
1579 1579
2265 1580
5887 1582
1586 1586
1588 1588
2115 1589
1591 1591
1593 1593
1822 1594
1595 1595
1598 1598
1600 1600
6455 1602
1603 1603
3775 1604
3182 1609
2443 1612
1466 1614
5412 1617
1618 1618
4457 1621
1622 1622
6835 1624
1625 1625
1628 1628
3323 1631
1633 1633
1634 1634
1637 1637
1638 1638
655 1639
5954 1644
1647 1647
840 1648
1649 1649
4171 1653
1655 1655
1657 1657
1660 1660
1661 1661
1669 1669
1670 1670
3271 1671
1088 1672
1674 1674
4329 1675
1677 1677
1678 1678
4853 1679
1681 1681
1684 1684
1687 1687
1688 1688
1149 1689
5734 1690
1692 1692
6442 1695
1699 1699
1700 1700
1704 1704
4623 1707
1708 1708
1709 1709
1712 1712
6576 1719
5496 1720
1722 1722
1139 1724
1725 1725
3049 1727
1728 1728
1730 1730
2532 1736
1737 1737
2056 1738
1741 1741
1746 1746
1747 1747
1748 1748
6062 1750
3956 1751
6279 1752
1753 1753
1755 1755
1758 1758
1760 1760
1761 1761
1764 1764
4729 1765
1282 1767
4980 1768
5880 1771
2774 1773
1774 1774
1778 1778
1780 1780
2892 1782
1876 1783
1787 1787
1788 1788
1791 1791
1795 1795
6104 1797
1799 1799
5715 1804
2670 1807
1611 1808
3535 1810
1817 1817
405 1821
543 1822
2247 1823
1824 1824
1825 1825
1826 1826
1827 1827
1830 1830
1831 1831
1832 1832
1833 1833
1466 1835
1838 1838
1839 1839
1843 1843
3320 1849
1850 1850
1172 1851
1853 1853
1854 1854
1855 1855
1860 1860
6127 1861
1863 1863
1864 1864
3214 1866
1867 1867
4120 1872
1874 1874
1875 1875
1876 1876
4469 1877
1878 1878
1881 1881
1886 1886
4447 1890
4409 1893
316 1894
5414 1899
1900 1900
6879 1901
1904 1904
4562 1905
6002 1906
1907 1907
5731 1909
5099 1910
1894 1911
1913 1913
6459 1914
2515 1915
1916 1916
1918 1918
1919 1919
3522 1922
2723 1923
1925 1925
1928 1928
2593 1929
1932 1932
1933 1933
2144 1934
4086 1936
1938 1938
1939 1939
1940 1940
5458 1943
2629 1944
1949 1949
4968 1952
1953 1953
2265 1959
2490 1961
1962 1962
1968 1968
5541 1969
4609 1974
1976 1976
1977 1977
4792 1978
502 1980
6213 1982
1983 1983
1492 1984
2921 1985
1992 1992
1993 1993
447 1994
1999 1999
4762 2001
4007 2004
2011 2011
5364 2013
2014 2014
2051 2016
2018 2018
939 2019
2020 2020
2022 2022
2027 2027
2029 2029
2031 2031
6840 2033
3552 2034
2035 2035
2036 2036
1778 2037
4973 2041
2044 2044
2046 2046
1660 2047
4902 2050
1409 2052
790 2053
2054 2054
5889 2056
734 2057
2061 2061
2062 2062
829 2065
2067 2067
1195 2068
259 2069
6180 2070
5334 2071
2669 2075
743 2076
4873 2079
2080 2080
924 2081
2086 2086
6081 2088
2089 2089
5505 2091
2092 2092
2093 2093
2094 2094
2095 2095
1633 2097
2101 2101
2104 2104
2105 2105
3787 2109
6279 2110
6537 2111
2112 2112
2856 2113
2114 2114
743 2120
2124 2124
2127 2127
2129 2129
4975 2130
2135 2135
5096 2136
3606 2138
3505 2140
3773 2142
2144 2144
2145 2145
59 2147
2150 2150
2151 2151
2152 2152
5154 2154
4980 2159
134 2160
6103 2162
2163 2163
2164 2164
6835 2166
2167 2167
3235 2169
4562 2170
2174 2174
2175 2175
2177 2177
2178 2178
2180 2180
4881 2181
5158 2184
5958 2188
3657 2189
2191 2191
2193 2193
2906 2194
4929 2197
1916 2198
2204 2204
2205 2205
2206 2206
1523 2208
2210 2210
2211 2211
1063 2212
2213 2213
2214 2214
2215 2215
2216 2216
2220 2220
2221 2221
2889 2222
3887 2223
2248 2224
1962 2225
6092 2228
5976 2229
2230 2230
2231 2231
2233 2233
2239 2239
3094 2240
2241 2241
2243 2243
4562 2245
2246 2246
2247 2247
5627 2249
2250 2250
2252 2252
5929 2253
356 2254
3688 2255
2256 2256
4033 2257
339 2258
2259 2259
2260 2260
1200 2261
3767 2263
4971 2264
2266 2266
4854 2267
6131 2270
2272 2272
2274 2274
3287 2276
5723 2277
2278 2278
2550 2280
5385 2282
487 2283
6017 2284
2286 2286
2288 2288
2007 2289
5251 2290
5673 2291
2294 2294
2295 2295
2296 2296
5068 2298
2299 2299
3108 2300
2302 2302
4978 2305
2308 2308
2309 2309
6021 2310
2311 2311
6264 2312
4382 2316
2317 2317
2321 2321
3367 2324
2963 2325
546 2326
2492 2331
3374 2334
3275 2335
4640 2336
5087 2337
2412 2338
2390 2340
6874 2342
2346 2346
2348 2348
2349 2349
1611 2354
5368 2355
5124 2358
738 2359
617 2364
4502 2365
2367 2367
234 2371
5338 2373
1975 2374
2375 2375
4620 2376
2377 2377
2378 2378
2458 2380
156 2381
5390 2385
2388 2388
2389 2389
5470 2390
3997 2394
2397 2397
5251 2398
6127 2400
2401 2401
3999 2402
6783 2404
2023 2411
2413 2413
2415 2415
2423 2423
2425 2425
2427 2427
2429 2429
2431 2431
2435 2435
2436 2436
2440 2440
2441 2441
2444 2444
2446 2446
2448 2448
2449 2449
2258 2450
2456 2456
2457 2457
1660 2458
4519 2459
2463 2463
4412 2467
2468 2468
2857 2470
4289 2474
3320 2475
4562 2482
1241 2483
2485 2485
1461 2491
2493 2493
2497 2497
2498 2498
2468 2499
4257 2500
2503 2503
6624 2504
2506 2506
4609 2507
5446 2508
4267 2513
2514 2514
1860 2515
2517 2517
2519 2519
2523 2523
3911 2525
4053 2527
2534 2534
2536 2536
5024 2541
4640 2543
2544 2544
4098 2546
2461 2548
6817 2551
3148 2553
2536 2558
4334 2559
2560 2560
6817 2563
2566 2566
2572 2572
2573 2573
5698 2574
6585 2576
3561 2583
2584 2584
2585 2585
954 2587
2591 2591
1480 2592
2593 2593
2596 2596
2598 2598
3631 2599
2600 2600
6375 2601
4562 2608
2610 2610
2613 2613
2614 2614
4277 2618
1021 2622
2623 2623
2624 2624
5068 2631
3560 2633
2636 2636
2639 2639
3378 2642
2643 2643
2646 2646
2648 2648
4762 2650
1069 2651
2652 2652
3267 2653
552 2654
2658 2658
2662 2662
5910 2665
1782 2666
5847 2667
2994 2669
2670 2670
2671 2671
931 2672
2675 2675
2676 2676
2677 2677
2033 2678
1566 2679
5511 2682
4334 2683
2685 2685
2688 2688
6718 2689
2691 2691
2080 2693
1682 2697
2700 2700
2701 2701
2705 2705
2707 2707
67 2710
2711 2711
5026 2713
5538 2715
2718 2718
2719 2719
2722 2722
2724 2724
2727 2727
2728 2728
2291 2732
2733 2733
2765 2735
3904 2736
1441 2737
956 2741
1859 2743
5946 2745
2746 2746
1755 2747
6162 2748
4053 2749
2751 2751
2753 2753
6431 2755
6104 2758
282 2760
4671 2768
2267 2771
3535 2772
2775 2775
3661 2776
2571 2778
2779 2779
6576 2780
6369 2782
2783 2783
2189 2785
2791 2791
2792 2792
2793 2793
5631 2794
2795 2795
2797 2797
2792 2800
2801 2801
5586 2806
2807 2807
2811 2811
3711 2812
2815 2815
2817 2817
2819 2819
2821 2821
2822 2822
2825 2825
2826 2826
2829 2829
2833 2833
2834 2834
851 2838
2839 2839
2840 2840
403 2841
2844 2844
2845 2845
2846 2846
2848 2848
2853 2853
6613 2855
2856 2856
2858 2858
2390 2859
823 2862
2863 2863
2865 2865
2866 2866
2868 2868
2873 2873
2877 2877
5549 2878
2732 2879
2880 2880
2881 2881
2884 2884
1466 2886
2887 2887
3186 2889
667 2890
5914 2891
2892 2892
5496 2895
2792 2896
2150 2897
2898 2898
2755 2899
5887 2901
2904 2904
2910 2910
2912 2912
2913 2913
2914 2914
2917 2917
2920 2920
5966 2921
2923 2923
4057 2924
2926 2926
3416 2927
2929 2929
6269 2930
2932 2932
5671 2933
79 2937
4075 2940
2941 2941
2942 2942
3113 2943
75 2947
276 2948
5910 2949
2950 2950
2958 2958
4120 2959
4331 2960
5904 2961
2962 2962
6471 2966
5852 2969
2971 2971
2707 2972
4269 2975
4601 2976
2977 2977
4407 2979
2981 2981
2982 2982
5114 2983
2984 2984
3882 2987
2989 2989
761 2991
5061 2993
2994 2994
2992 3000
3001 3001
1693 3002
3003 3003
3004 3004
3006 3006
3007 3007
1087 3011
972 3016
4619 3017
861 3018
3020 3020
3023 3023
3026 3026
3028 3028
3029 3029
2111 3030
2447 3033
3036 3036
3037 3037
3039 3039
5541 3042
3044 3044
3045 3045
2032 3046
626 3048
356 3049
573 3051
3054 3054
3056 3056
3841 3057
829 3058
3059 3059
4086 3061
3062 3062
3063 3063
3064 3064
3067 3067
1514 3068
3069 3069
1679 3071
4672 3072
152 3073
3076 3076
6229 3077
6586 3078
3079 3079
3080 3080
3087 3087
3088 3088
3090 3090
2930 3093
3094 3094
3096 3096
3098 3098
3099 3099
5840 3100
5318 3103
3104 3104
3107 3107
3109 3109
1560 3111
3112 3112
3113 3113
4437 3115
2903 3116
5526 3117
6654 3119
3120 3120
1743 3123
3125 3125
3128 3128
6554 3129
3130 3130
3132 3132
2535 3135
3136 3136
3137 3137
4968 3138
3139 3139
2742 3140
3144 3144
6612 3146
2671 3148
4577 3149
2023 3150
3152 3152
3155 3155
5090 3156
4266 3157
578 3158
3163 3163
3164 3164
1690 3165
2835 3166
3168 3168
3169 3169
3172 3172
3946 3174
5341 3175
3177 3177
3183 3183
3190 3190
3193 3193
3194 3194
3195 3195
5929 3197
1877 3202
2794 3203
3204 3204
4075 3205
3206 3206
6361 3207
4281 3208
245 3209
2275 3210
5148 3212
3216 3216
5106 3217
3219 3219
1332 3220
3223 3223
3620 3224
3225 3225
4179 3227
3228 3228
3229 3229
3234 3234
3235 3235
3237 3237
6288 3239
3240 3240
3241 3241
3243 3243
4609 3244
6019 3245
3246 3246
3249 3249
3252 3252
4562 3253
3254 3254
3255 3255
5963 3257
1286 3261
4312 3262
3266 3266
5863 3270
3274 3274
3275 3275
3277 3277
3278 3278
4390 3279
6079 3280
3281 3281
4972 3282
3283 3283
2087 3284
2243 3287
3288 3288
3289 3289
3292 3292
6522 3294
924 3295
4854 3296
5445 3299
3001 3301
4609 3302
874 3305
1895 3309
191 3313
5262 3314
3316 3316
3319 3319
3320 3320
3323 3323
3325 3325
1126 3328
4649 3330
2577 3331
2281 3332
3333 3333
3334 3334
3356 3336
3338 3338
921 3339
3247 3343
3188 3344
3654 3345
3349 3349
78 3352
3359 3359
3952 3362
3365 3365
6375 3366
3367 3367
3371 3371
3372 3372
2719 3373
4973 3374
3376 3376
815 3379
4332 3380
3381 3381
2442 3383
3386 3386
924 3387
3014 3389
387 3390
6011 3392
3049 3393
1087 3395
1910 3397
5505 3400
3405 3405
3407 3407
1141 3411
3414 3414
2166 3419
3136 3421
3425 3425
6688 3427
1595 3428
3429 3429
4629 3430
3001 3435
3436 3436
3437 3437
261 3438
3439 3439
3442 3442
1496 3444
1164 3445
2466 3446
4459 3447
5331 3448
3452 3452
4835 3456
3841 3458
3460 3460
3461 3461
4528 3463
1773 3464
1971 3468
5526 3469
4805 3471
3854 3472
2671 3477
924 3479
5068 3480
6336 3481
563 3482
5090 3483
3487 3487
3493 3493
2938 3496
2500 3497
5308 3498
3500 3500
5114 3504
4445 3505
3507 3507
3508 3508
4562 3509
3511 3511
5485 3512
2014 3514
3657 3515
3516 3516
1013 3518
3521 3521
3051 3522
2403 3524
5792 3527
3530 3530
4075 3535
145 3537
3602 3538
2491 3539
5748 3541
1633 3542
3543 3543
5753 3545
3546 3546
6589 3548
5059 3550
3554 3554
3560 3560
5311 3563
3565 3565
3566 3566
3567 3567
3568 3568
2254 3571
311 3575
3338 3577
3579 3579
3584 3584
919 3585
4361 3589
1373 3591
3861 3592
3593 3593
1966 3596
2907 3597
3600 3600
6444 3601
924 3604
4562 3606
3609 3609
5485 3610
382 3612
3613 3613
88 3614
2418 3616
1518 3617
1786 3618
936 3619
237 3623
3628 3628
3629 3629
2514 3630
3631 3631
3634 3634
1739 3635
3637 3637
2938 3638
4498 3641
3643 3643
3644 3644
5291 3645
3646 3646
743 3647
3648 3648
3649 3649
556 3653
5190 3654
3657 3657
3662 3662
980 3663
5665 3664
4230 3667
3888 3669
3670 3670
3672 3672
3676 3676
4995 3679
5364 3680
5811 3681
3683 3683
3684 3684
3687 3687
3688 3688
3689 3689
3690 3690
3691 3691
3692 3692
3707 3694
2864 3695
3965 3696
2190 3698
6267 3700
3702 3702
3703 3703
3704 3704
3706 3706
3707 3707
3858 3708
2609 3711
3517 3713
3778 3716
3717 3717
3718 3718
886 3720
1386 3721
3001 3725
3727 3727
3728 3728
1119 3729
3730 3730
3735 3735
3739 3739
2792 3742
3720 3743
1181 3748
3870 3750
474 3751
3753 3753
1007 3756
3757 3757
3085 3758
3952 3759
2896 3760
2653 3761
3764 3764
3765 3765
3766 3766
3778 3767
3768 3768
6496 3770
3771 3771
3772 3772
3773 3773
3776 3776
3777 3777
3778 3778
3782 3782
2792 3783
4131 3787
3890 3788
6201 3789
3792 3792
4100 3793
3795 3795
3960 3796
3797 3797
3798 3798
3799 3799
5058 3801
1119 3803
3805 3805
3806 3806
3809 3809
3812 3812
3813 3813
3816 3816
3818 3818
2851 3819
5994 3820
3821 3821
291 3822
3823 3823
3824 3824
3825 3825
3826 3826
3828 3828
3829 3829
3833 3833
4052 3835
3837 3837
3680 3841
3843 3843
3976 3846
1929 3847
3851 3851
3852 3852
3985 3854
6578 3855
3856 3856
3910 3858
431 3861
3983 3864
4214 3866
3868 3868
961 3869
3797 3870
668 3871
3458 3872
3873 3873
3874 3874
3877 3877
3292 3880
1586 3882
3883 3883
4068 3885
1972 3886
3910 3887
3888 3888
111 3890
3892 3892
1816 3893
3896 3896
4007 3897
3485 3898
3899 3899
3900 3900
2441 3901
3836 3902
3525 3904
4972 3905
3906 3906
3782 3907
3908 3908
3079 3909
3967 3910
3870 3911
3913 3913
3914 3914
4007 3915
4096 3917
3925 3925
3926 3926
4127 3927
3932 3932
5076 3933
3936 3936
3937 3937
3544 3938
5010 3939
2416 3940
3941 3941
3944 3944
3950 3950
3902 3953
3954 3954
3955 3955
3963 3963
3965 3965
1188 3967
4026 3972
3979 3979
968 3981
3985 3985
5975 3987
3988 3988
3989 3989
3843 3990
3991 3991
4001 4001
6518 4004
4005 4005
4006 4006
1955 4007
4100 4008
4082 4009
4012 4012
4013 4013
4014 4014
4015 4015
4016 4016
4018 4018
4019 4019
4021 4021
5597 4023
3267 4029
4032 4032
1586 4033
4035 4035
4037 4037
4038 4038
3717 4042
4044 4044
4045 4045
6845 4046
5068 4047
4048 4048
3806 4049
4050 4050
1094 4051
4034 4053
2896 4056
88 4057
28 4058
437 4060
803 4067
2512 4068
4071 4071
4074 4074
1491 4075
4076 4076
4077 4077
3775 4079
867 4080
6680 4081
3955 4082
3913 4083
4084 4084
4087 4087
4091 4091
4093 4093
4100 4094
4096 4096
4083 4099
2748 4100
4101 4101
3815 4103
1846 4104
3466 4105
1835 4106
3413 4107
4108 4108
4110 4110
4023 4111
4114 4114
4034 4115
4118 4118
4119 4119
4123 4123
4124 4124
2751 4125
4126 4126
4127 4127
3870 4131
4134 4134
6343 4138
743 4140
4100 4141
5028 4142
4716 4143
4148 4148
4153 4153
4155 4155
4849 4157
4158 4158
4162 4162
4984 4165
4166 4166
4167 4167
4168 4168
4169 4169
1215 4170
98 4172
4623 4173
4174 4174
4176 4176
4177 4177
4242 4179
4186 4186
5643 4187
2154 4190
4192 4192
3569 4193
4198 4198
805 4199
1074 4200
4201 4201
6030 4202
714 4203
356 4205
147 4206
5272 4208
4210 4210
3204 4212
6841 4214
6688 4215
356 4216
2606 4222
4224 4224
3667 4230
6016 4232
3675 4233
3571 4237
4238 4238
4240 4240
4241 4241
2388 4242
507 4244
4246 4246
4247 4247
4257 4257
2189 4258
4262 4262
1126 4263
4264 4264
6772 4276
311 4277
4798 4278
2522 4283
4284 4284
4285 4285
4286 4286
2447 4289
5899 4291
4293 4293
4294 4294
1295 4295
4297 4297
4299 4299
4300 4300
6267 4303
5823 4306
4308 4308
4713 4311
3210 4314
270 4316
4317 4317
6817 4318
1564 4320
4321 4321
2443 4322
3585 4324
2456 4325
4329 4329
4839 4333
4335 4335
2930 4336
4337 4337
4340 4340
4344 4344
4645 4348
3087 4351
2639 4352
4252 4353
4358 4358
4359 4359
4360 4360
6095 4363
5807 4367
4369 4369
790 4371
4372 4372
2811 4374
1966 4377
4378 4378
4379 4379
4520 4383
4386 4386
3096 4387
5195 4389
3334 4391
4392 4392
4396 4396
1074 4397
2876 4398
5002 4399
1549 4401
1031 4402
4284 4403
2458 4408
6012 4410
1424 4411
4412 4412
3640 4415
4417 4417
959 4419
6350 4420
760 4421
743 4423
4424 4424
4428 4428
1490 4430
4431 4431
6205 4434
4436 4436
6235 4437
6442 4439
3288 4440
1827 4441
4067 4442
4443 4443
4446 4446
4180 4447
2413 4450
626 4451
4452 4452
4454 4454
4455 4455
4458 4458
3127 4461
2340 4462
4465 4465
6102 4467
4470 4470
4267 4472
2344 4473
5819 4475
4478 4478
2428 4479
6279 4480
4481 4481
5723 4483
4858 4485
4486 4486
4487 4487
4871 4488
2652 4489
4492 4492
4493 4493
2254 4497
4752 4500
4502 4502
4503 4503
4504 4504
203 4507
3946 4508
1443 4511
342 4515
5472 4516
4517 4517
2476 4520
4783 4526
4201 4527
4528 4528
4533 4533
1321 4536
5192 4537
5966 4541
4543 4543
4545 4545
4546 4546
3044 4547
4549 4549
4550 4550
3989 4551
4552 4552
3007 4555
2094 4556
1894 4557
3544 4558
4232 4559
3551 4561
4230 4562
4564 4564
4565 4565
6006 4568
5068 4569
2491 4570
4571 4571
4573 4573
4575 4575
3834 4578
381 4580
4582 4582
4586 4586
5778 4590
4593 4593
4597 4597
4546 4598
3182 4601
4338 4602
4606 4606
4607 4607
6221 4608
24 4609
4178 4617
5438 4619
4621 4621
4623 4623
5910 4624
5923 4626
5342 4627
4628 4628
4631 4631
702 4634
4637 4637
884 4638
2136 4639
3722 4643
4644 4644
4609 4646
1466 4647
4650 4650
5882 4651
3051 4654
2149 4656
2939 4660
3841 4661
4663 4663
5910 4666
4671 4671
4672 4672
3427 4673
640 4675
4677 4677
4475 4679
4682 4682
4683 4683
4685 4685
4687 4687
4688 4688
4689 4689
4549 4691
4693 4693
4306 4696
4698 4698
2938 4702
4705 4705
4707 4707
4709 4709
1964 4710
4712 4712
4714 4714
263 4715
1998 4718
1039 4723
4725 4725
4728 4728
4729 4729
4730 4730
2034 4731
4395 4732
4734 4734
4736 4736
4737 4737
4738 4738
4744 4744
5414 4745
4746 4746
4747 4747
359 4749
739 4751
1827 4752
1239 4755
4756 4756
4757 4757
4762 4762
4763 4763
5691 4764
4770 4770
3182 4776
1565 4777
3267 4778
5769 4780
431 4783
4416 4785
5793 4788
705 4792
4793 4793
4794 4794
3865 4795
4797 4797
4356 4799
5672 4800
5861 4801
3062 4802
4806 4806
4808 4808
3675 4809
6235 4810
4814 4814
4816 4816
4817 4817
6817 4819
4783 4823
3672 4827
4828 4828
4831 4831
6087 4834
2632 4835
4837 4837
1287 4841
584 4843
6688 4844
4846 4846
6365 4848
4849 4849
1968 4850
4854 4854
4445 4858
4859 4859
1300 4861
5485 4862
4863 4863
4865 4865
4866 4866
4868 4868
2559 4871
2680 4872
4874 4874
5823 4875
4701 4877
4878 4878
4293 4879
5018 4881
4785 4882
4883 4883
637 4884
5710 4885
3776 4890
4892 4892
3308 4897
4900 4900
2532 4904
4907 4907
6789 4908
4909 4909
4913 4913
35 4916
4918 4918
3320 4920
4922 4922
6694 4924
4082 4927
4930 4930
4932 4932
4562 4933
1111 4935
4936 4936
1466 4939
4940 4940
4941 4941
6457 4942
4943 4943
5034 4944
253 4946
2291 4948
4473 4949
4951 4951
4953 4953
3849 4955
4956 4956
4958 4958
4962 4962
2266 4964
4966 4966
4968 4968
2645 4969
4970 4970
3051 4972
4973 4973
2046 4975
3386 4978
3973 4980
4982 4982
4985 4985
4987 4987
4989 4989
4991 4991
5565 4993
5526 4996
2080 4997
5879 4998
4999 4999
3841 5004
4978 5005
5007 5007
5009 5009
6406 5015
5183 5018
462 5019
2189 5020
4760 5023
6329 5025
5027 5027
5028 5028
5923 5029
4543 5031
6680 5032
6783 5036
3864 5039
5042 5042
3250 5046
5047 5047
5050 5050
5051 5051
1784 5053
5054 5054
5056 5056
4361 5060
3482 5063
377 5064
273 5065
1357 5066
4445 5067
6296 5068
5069 5069
5054 5070
5732 5072
5472 5073
5734 5074
5078 5078
5079 5079
5080 5080
5081 5081
4562 5082
5083 5083
5086 5086
5485 5087
4485 5089
5090 5090
5068 5096
5097 5097
5100 5100
5101 5101
5549 5107
5110 5110
6279 5111
5113 5113
5116 5116
5117 5117
447 5119
5122 5122
5645 5123
5125 5125
5128 5128
5130 5130
5136 5136
5138 5138
765 5140
5142 5142
5143 5143
5161 5149
1527 5150
5152 5152
4066 5153
5156 5156
5207 5157
5158 5158
6092 5161
210 5162
5163 5163
782 5165
5166 5166
5473 5169
2792 5171
768 5172
2816 5174
4240 5176
248 5177
5076 5178
2317 5179
1077 5182
3379 5184
3250 5186
5291 5187
3039 5189
4885 5190
6607 5191
4573 5193
6817 5195
4964 5196
5197 5197
5813 5198
2025 5200
273 5201
5203 5203
4556 5204
5205 5205
1613 5206
5208 5208
5211 5211
5212 5212
1174 5214
3958 5215
846 5221
3204 5222
2743 5224
2514 5225
5228 5228
2671 5231
5233 5233
5239 5239
4418 5241
6176 5242
5244 5244
1343 5245
1595 5246
5880 5249
5250 5250
4244 5251
5252 5252
447 5255
3484 5258
5259 5259
6715 5261
5262 5262
934 5263
5265 5265
5269 5269
1086 5270
6468 5271
4635 5278
5281 5281
405 5282
1609 5283
6524 5284
991 5287
5292 5292
5295 5295
5297 5297
2714 5298
5300 5300
5303 5303
5304 5304
4356 5306
531 5307
5314 5314
1659 5315
4992 5318
5321 5321
5324 5324
1877 5325
5327 5327
2120 5330
4731 5332
5028 5333
2954 5335
5337 5337
5339 5339
5341 5341
5343 5343
4180 5345
5769 5347
5348 5348
5349 5349
5353 5353
5355 5355
5753 5359
4562 5362
1660 5363
5659 5364
5365 5365
4223 5368
2024 5370
6089 5372
6817 5373
5374 5374
5377 5377
5378 5378
5385 5385
464 5386
5387 5387
2125 5390
5393 5393
5019 5396
3362 5397
1069 5402
5403 5403
3138 5404
5406 5406
4251 5407
2985 5408
4573 5409
5410 5410
5411 5411
3298 5413
942 5414
6594 5415
1024 5419
1559 5426
2805 5428
1239 5429
4485 5430
2672 5431
2954 5433
5438 5438
5440 5440
4933 5441
5443 5443
5445 5445
5447 5447
1468 5448
4970 5450
5525 5453
3457 5455
5419 5456
1203 5457
5458 5458
1630 5459
5910 5460
5463 5463
1977 5468
6296 5469
2340 5470
1684 5473
6471 5475
2285 5477
6230 5481
5483 5483
3737 5484
6125 5487
5488 5488
5489 5489
5494 5494
5495 5495
5496 5496
5497 5497
5214 5498
4232 5503
3051 5504
6418 5507
5508 5508
5511 5511
48 5513
3737 5514
1614 5516
2870 5517
5521 5521
5522 5522
5523 5523
98 5524
5525 5525
5526 5526
5527 5527
5528 5528
5529 5529
5530 5530
2474 5531
768 5533
5536 5536
5046 5537
5538 5538
5539 5539
5540 5540
5542 5542
5543 5543
3247 5544
4267 5548
5549 5549
5437 5550
2349 5554
4619 5557
5560 5560
1393 5561
5563 5563
137 5564
1590 5567
6731 5569
5570 5570
5572 5572
2367 5573
5148 5574
5575 5575
5771 5576
3712 5577
5579 5579
2623 5583
2716 5585
5589 5589
5596 5596
3267 5597
5598 5598
5047 5599
4202 5600
1147 5602
5603 5603
5609 5609
5610 5610
2234 5612
3214 5614
882 5620
5624 5624
1682 5629
5630 5630
25 5631
5632 5632
5634 5634
5635 5635
1362 5636
1984 5637
2396 5638
5640 5640
5641 5641
5643 5643
5644 5644
5645 5645
5646 5646
6279 5647
5648 5648
311 5650
5651 5651
6296 5652
5654 5654
5656 5656
1422 5657
6045 5658
5659 5659
6092 5661
311 5662
5663 5663
5910 5668
3271 5671
761 5672
2336 5673
4873 5676
5677 5677
5678 5678
5679 5679
4520 5683
6708 5685
5686 5686
2734 5690
2429 5695
5697 5697
5054 5698
956 5700
5702 5702
5705 5705
5706 5706
2514 5707
5708 5708
4212 5710
5303 5712
5076 5713
4072 5714
5716 5716
5717 5717
5721 5721
3120 5723
3234 5724
495 5729
5734 5734
1702 5735
5740 5740
5741 5741
5486 5742
5743 5743
5745 5745
5746 5746
5750 5750
3102 5753
2666 5755
5756 5756
2671 5765
5767 5767
5458 5768
6804 5769
3214 5772
5848 5774
973 5775
5777 5777
3271 5778
5780 5780
1220 5781
5782 5782
4620 5783
5190 5786
5416 5789
2954 5790
5791 5791
5994 5792
844 5793
3734 5794
5637 5797
5799 5799
5800 5800
5801 5801
5802 5802
6455 5803
6703 5804
5807 5807
1495 5809
5814 5814
1758 5820
2433 5824
376 5825
5829 5829
4395 5830
6442 5831
4444 5832
5834 5834
6614 5836
5837 5837
3861 5838
5840 5840
5845 5845
4845 5849
533 5851
363 5852
5855 5855
307 5856
3457 5857
5862 5862
471 5864
5865 5865
5866 5866
5257 5867
5872 5872
307 5876
5878 5878
5880 5880
4910 5881
3513 5882
5884 5884
5886 5886
5749 5888
2447 5889
5890 5890
6680 5891
2973 5892
3712 5894
5896 5896
4582 5899
5901 5901
5902 5902
4858 5903
5904 5904
1666 5906
5907 5907
4601 5909
5910 5910
4961 5913
5915 5915
2088 5916
1882 5920
4977 5921
5923 5923
5927 5927
5928 5928
1466 5931
5932 5932
5933 5933
6349 5936
5939 5939
919 5941
5944 5944
6783 5946
5949 5949
5950 5950
5952 5952
3339 5954
3712 5955
5959 5959
639 5961
5962 5962
5966 5966
4970 5968
5969 5969
3148 5972
3174 5973
5977 5977
5427 5978
5980 5980
5981 5981
5982 5982
4675 5984
5985 5985
5986 5986
5987 5987
5989 5989
5991 5991
5993 5993
5994 5994
2120 5995
3295 5996
381 6000
5426 6001
6002 6002
2469 6004
6005 6005
613 6010
2088 6011
3803 6014
6279 6015
2747 6016
2645 6018
934 6022
6023 6023
6024 6024
6301 6026
1962 6027
2515 6029
6030 6030
1213 6031
4410 6032
5160 6033
228 6035
2467 6036
6039 6039
616 6043
6045 6045
6113 6047
3657 6050
1758 6052
6054 6054
6056 6056
6057 6057
6059 6059
6062 6062
6063 6063
6064 6064
6067 6067
6210 6068
6418 6069
6072 6072
6073 6073
2751 6076
6077 6077
6729 6080
3153 6081
6083 6083
6085 6085
6086 6086
6090 6090
6092 6092
3872 6093
3457 6094
6095 6095
1320 6101
6102 6102
6103 6103
2774 6104
6107 6107
6108 6108
6110 6110
1602 6111
1654 6113
2474 6115
6117 6117
6121 6121
1828 6127
6130 6130
3307 6132
30 6134
6136 6136
6139 6139
6142 6142
6143 6143
4064 6146
6147 6147
6148 6148
6149 6149
1659 6151
6153 6153
2514 6154
3691 6155
6157 6157
6159 6159
6161 6161
6162 6162
6163 6163
5094 6169
4550 6171
6172 6172
761 6173
6175 6175
4072 6176
743 6178
5994 6180
1200 6182
6185 6185
2512 6194
6196 6196
6817 6197
4414 6199
6200 6200
5160 6201
4000 6206
6209 6209
2762 6210
326 6213
4652 6216
6224 6224
6225 6225
6227 6227
1522 6228
2558 6231
3745 6235
5374 6236
4330 6237
6238 6238
2491 6239
6240 6240
3228 6244
6246 6246
6247 6247
6248 6248
907 6249
5726 6256
6772 6257
6261 6261
6263 6263
4318 6264
2268 6266
6267 6267
6125 6269
4389 6270
6271 6271
907 6273
6275 6275
6276 6276
6278 6278
6281 6281
6282 6282
2539 6284
6285 6285
6286 6286
1916 6289
6292 6292
4978 6294
6295 6295
5400 6296
4562 6307
6309 6309
6660 6312
1689 6313
3367 6315
6319 6319
5300 6322
6323 6323
6326 6326
6327 6327
3533 6328
6332 6332
6334 6334
2631 6335
5880 6337
6338 6338
2512 6339
6340 6340
6341 6341
5601 6343
350 6344
6346 6346
6349 6349
2491 6352
2653 6355
6356 6356
4649 6358
6360 6360
6363 6363
6364 6364
6365 6365
3776 6366
6368 6368
3803 6369
6370 6370
63 6371
924 6380
6381 6381
3113 6382
5514 6384
6387 6387
6388 6388
6389 6389
2227 6395
6396 6396
1088 6397
6398 6398
6402 6402
6405 6405
6406 6406
4804 6409
6646 6414
6417 6417
6422 6422
6425 6425
3104 6426
356 6432
6433 6433
4160 6434
6435 6435
3378 6436
6438 6438
6440 6440
6448 6448
6450 6450
6614 6454
2954 6456
887 6457
4528 6462
1239 6464
4252 6465
6832 6466
6467 6467
4082 6468
6339 6474
6475 6475
6318 6476
2699 6480
6783 6484
3365 6486
3629 6487
5650 6488
6489 6489
633 6491
328 6499
1088 6500
6502 6502
6505 6505
6507 6507
4776 6509
6510 6510
6511 6511
6513 6513
4004 6518
4740 6520
6525 6525
567 6528
6529 6529
5525 6530
6533 6533
6537 6537
6538 6538
2295 6539
5070 6544
6546 6546
4506 6547
684 6556
6557 6557
6559 6559
6560 6560
6561 6561
2285 6562
5691 6563
6566 6566
6567 6567
24 6572
6573 6573
6576 6576
6577 6577
6578 6578
1372 6583
6584 6584
5148 6585
6731 6588
6591 6591
6592 6592
2874 6593
6595 6595
6597 6597
6598 6598
6599 6599
6600 6600
6602 6602
6605 6605
6606 6606
3372 6607
4562 6609
6610 6610
5811 6615
796 6621
6623 6623
6225 6624
6625 6625
6626 6626
5038 6627
4520 6628
6630 6630
6631 6631
6633 6633
6606 6637
6638 6638
5590 6641
4516 6642
6644 6644
4520 6645
4549 6651
6657 6657
6659 6659
2945 6661
6662 6662
6663 6663
2080 6664
6665 6665
6666 6666
4309 6668
3204 6669
4836 6670
3757 6674
6678 6678
5620 6679
6680 6680
3484 6681
6683 6683
6584 6685
4687 6687
2413 6690
5994 6691
6693 6693
6536 6695
5433 6696
2631 6699
911 6701
4248 6710
6711 6711
6713 6713
1969 6714
4225 6717
6718 6718
6719 6719
6721 6721
6723 6723
6724 6724
6725 6725
6727 6727
6731 6731
6585 6732
6735 6735
1684 6736
5588 6737
2550 6739
5302 6740
6746 6746
3711 6748
6782 6749
6750 6750
4847 6753
6754 6754
263 6755
6756 6756
5804 6758
6762 6762
6767 6767
5426 6768
1441 6771
6425 6772
5619 6774
3250 6775
6778 6778
6780 6780
6781 6781
6785 6785
193 6787
6788 6788
6192 6790
6791 6791
6792 6792
6793 6793
6330 6796
6797 6797
4562 6799
6800 6800
6801 6801
6807 6807
4334 6808
6809 6809
3604 6811
3218 6812
313 6814
6817 6817
1912 6818
6824 6824
6827 6827
2671 6829
6830 6830
485 6832
6834 6834
6221 6836
6839 6839
5646 6841
6842 6842
6843 6843
6844 6844
5864 6845
511 6847
6848 6848
5549 6850
6853 6853
2744 6854
1560 6855
6856 6856
6857 6857
3457 6858
6859 6859
3999 6861
6862 6862
6865 6865
6866 6866
573 6867
3051 6868
1321 6871
6872 6872
991 6874
1772 6879
6880 6880
6887 6887
