2046 2046
3622 3622
3704 3704
3667 3667
2074 2074
2011 2011
3753 3753
3648 3648
3855 3855
3706 3706
3843 3843
3513 3513
3652 3652
3703 3703
2164 2164
3646 3646
232 232
3882 3882
2129 2129
1995 1995
3757 3757
3747 3747
2267 2267
3563 3563
2125 2125
3631 3631
3908 3908
3739 3739
2177 2177
2369 2369
3859 3859
6268 6268
3634 3634
3620 3620
3632 3632
2000 2000
2124 2124
408 408
2137 2137
3539 3539
3637 3637
6248 6248
3841 3841
3643 3643
6267 6267
3570 3570
3548 3548
6269 6269
258 258
111 111
3829 3829
3836 3836
2814 2814
4 4
0 0
2277 2277
3604 3604
347 347
2489 2489
2498 2498
3782 3782
2482 2482
125 125
2480 2480
3788 3788
2494 2494
2375 2375
2497 2497
5641 5641
2376 2376
3936 3936
3929 3929
436 436
73 73
2811 2811
3606 3606
2294 2294
2389 2389
2393 2393
2292 2292
30 30
3959 3959
227 227
63 63
2159 2159
2595 2595
2594 2594
3568 3568
2180 2180
2366 2366
2596 2596
2787 2787
4055 4055
65 65
2405 2405
2204 2204
2399 2399
2615 2615
3069 3069
5238 5238
2030 2030
2250 2250
5239 5239
2506 2506
2424 2424
2170 2170
2423 2423
2505 2505
376 376
2449 2449
2436 2436
4018 4018
2623 2623
6077 6077
4032 4032
2434 2434
3869 3869
62 62
4035 4035
2079 2079
3889 3889
2589 2589
2456 2456
2425 2425
3355 3355
4044 4044
3888 3888
4047 4047
2081 2081
5538 5538
6066 6066
282 282
3818 3818
2516 2516
2022 2022
3682 3682
2245 2245
2232 2232
2272 2272
163 163
5629 5629
5654 5654
5542 5542
5611 5611
2282 2282
2448 2448
6042 6042
2435 2435
6052 6052
6085 6085
6045 6045
2757 2757
6046 6046
3294 3294
2743 2743
5938 5938
2302 2302
2468 2468
2633 2633
2254 2254
3797 3797
2464 2464
3360 3360
2465 2465
2239 2239
2296 2296
2722 2722
2727 2727
2300 2300
3237 3237
3244 3244
2523 2523
3364 3364
4687 4687
5671 5671
2670 2670
473 473
481 481
3361 3361
1645 1645
3865 3865
5853 5853
5452 5452
1671 1671
2648 2648
4013 4013
6090 6090
5980 5980
2894 2894
1885 1885
1850 1850
3716 3716
3717 3717
2718 2718
1766 1766
1838 1838
2940 2940
2534 2534
3727 3727
1422 1422
621 621
3664 3664
2662 2662
2688 2688
1744 1744
2545 2545
3234 3234
1270 1270
3308 3308
1748 1748
2558 2558
1656 1656
3445 3445
6122 6122
3263 3263
3246 3246
1735 1735
1696 1696
2736 2736
423 423
1746 1746
5986 5986
1377 1377
3148 3148
3316 3316
3216 3216
1751 1751
1621 1621
2570 2570
3190 3190
3402 3402
6127 6127
1833 1833
6147 6147
2865 2865
3213 3213
1653 1653
1890 1890
1387 1387
560 560
3409 3409
2853 2853
3295 3295
4412 4412
1029 1029
2848 2848
3230 3230
3266 3266
5483 5483
694 694
1021 1021
3934 3934
1388 1388
941 941
3063 3063
3273 3273
3813 3813
3892 3892
3371 3371
3431 3431
923 923
977 977
212 212
3347 3347
3281 3281
789 789
3183 3183
3177 3177
1904 1904
215 215
3194 3194
924 924
1268 1268
1576 1576
2653 2653
3423 3423
3001 3001
2942 2942
3381 3381
2866 2866
3457 3457
6300 6300
1022 1022
1426 1426
3387 3387
4149 4149
4677 4677
3305 3305
3195 3195
3032 3032
3468 3468
544 544
1349 1349
1359 1359
1568 1568
2938 2938
6115 6115
581 581
3385 3385
6159 6159
495 495
202 202
1018 1018
974 974
1882 1882
3223 3223
4091 4091
3367 3367
1348 1348
980 980
6332 6332
1327 1327
3010 3010
2577 2577
3435 3435
4982 4982
1755 1755
1265 1265
3416 3416
2825 2825
1140 1140
5531 5531
3389 3389
1590 1590
1556 1556
1605 1605
979 979
3031 3031
1692 1692
4899 4899
1139 1139
533 533
1551 1551
1304 1304
3201 3201
1475 1475
4134 4134
1977 1977
1870 1870
2354 2354
2897 2897
958 958
1486 1486
2826 2826
1188 1188
384 384
271 271
252 252
253 253
400 400
1353 1353
1171 1171
1482 1482
3179 3179
4123 4123
2844 2844
3012 3012
4299 4299
4300 4300
4293 4293
3689 3689
1625 1625
1864 1864
5179 5179
1166 1166
6172 6172
3180 3180
5211 5211
1186 1186
6467 6467
3076 3076
1129 1129
1221 1221
1026 1026
5122 5122
1164 1164
6475 6475
996 996
1532 1532
4125 4125
4206 4206
4127 4127
961 961
6754 6754
4954 4954
3036 3036
4138 4138
5125 5125
1628 1628
819 819
1279 1279
4178 4178
1397 1397
4830 4830
5035 5035
5082 5082
6756 6756
1121 1121
970 970
1044 1044
4449 4449
3073 3073
5150 5150
6599 6599
6721 6721
4133 4133
4171 4171
631 631
4262 4262
4155 4155
1519 1519
947 947
5353 5353
5068 5068
1055 1055
4150 4150
6735 6735
1141 1141
6790 6790
1293 1293
4119 4119
3109 3109
5018 5018
5054 5054
1535 1535
905 905
903 903
987 987
4240 4240
3014 3014
4735 4735
5071 5071
4107 4107
4443 4443
1178 1178
6797 6797
3090 3090
1152 1152
1460 1460
1449 1449
1203 1203
4344 4344
4934 4934
4523 4523
1523 1523
5220 5220
4794 4794
6788 6788
2918 2918
6851 6851
3095 3095
4607 4607
6626 6626
4337 4337
2923 2923
833 833
4621 4621
6588 6588
4927 4927
4335 4335
3067 3067
4493 4493
3112 3112
4973 4973
1478 1478
4814 4814
4562 4562
6865 6865
4968 4968
4297 4297
6346 6346
3099 3099
4316 4316
4932 4932
5378 5378
1795 1795
3479 3479
1101 1101
1118 1118
4503 4503
1153 1153
4338 4338
4942 4942
2920 2920
847 847
1229 1229
4730 4730
4729 4729
6538 6538
5000 5000
