0 0
5746 1
6381 2
430 3
4 4
624 5
6764 9
4803 11
4435 19
6262 20
656 21
602 24
5824 25
1100 27
6784 29
30 30
6796 32
467 33
5365 35
688 37
4780 38
4708 39
4961 41
5918 49
6052 54
2281 55
6213 56
4759 58
62 62
63 63
65 65
4906 66
3764 67
5342 68
73 73
166 75
654 77
5097 85
6868 87
6235 91
6295 92
6156 94
6012 95
5064 97
4672 98
405 101
5731 103
6160 104
5138 105
6079 106
4683 108
4549 109
331 110
111 111
6660 112
5382 114
5626 115
4644 117
4377 118
119 119
4461 122
784 123
125 125
807 126
6339 127
128 128
4932 130
402 131
6840 133
5395 135
6673 136
342 138
570 149
5110 151
6145 157
4826 160
4884 161
833 162
163 163
5709 164
4979 167
6774 168
5690 170
847 172
1564 178
6797 180
5689 181
4645 186
6426 188
5452 189
6838 190
6412 191
6035 193
4721 194
6327 199
718 200
5745 201
202 202
4934 206
172 208
212 210
4863 211
212 212
6390 213
5148 214
215 215
5719 216
4651 219
6588 220
6622 225
3411 226
227 227
179 228
232 232
4654 233
226 234
5116 236
5943 237
5469 238
6016 240
232 241
482 244
6238 245
4733 248
5890 249
252 252
253 253
145 255
560 256
258 258
842 259
6079 260
4648 261
5094 270
271 271
4382 273
6566 274
758 275
5283 276
4979 278
875 281
282 282
5789 283
5472 284
13 290
5715 294
6169 296
4524 297
6442 299
6460 301
302 302
763 303
333 305
694 306
6149 307
2614 308
4476 309
5498 311
5364 312
4891 313
6711 314
639 315
6156 316
5071 318
5276 320
438 321
795 322
5259 323
5774 324
4940 325
578 326
6 327
4854 328
5533 329
6122 332
305 333
6715 334
4846 337
5739 339
248 340
4461 342
6584 343
4901 344
6701 346
347 347
5326 350
6235 355
6479 359
102 365
4928 374
6296 375
376 376
100 377
823 378
6059 380
5157 381
5294 382
384 384
6876 385
643 387
4714 390
567 391
6432 395
5160 396
399 399
400 400
98 404
6442 406
5205 407
408 408
5000 411
5073 413
5690 414
41 416
419 419
1104 420
188 421
423 423
4605 424
847 425
6692 427
6296 428
4443 429
4683 430
5205 435
436 436
6164 437
4664 438
4950 439
5837 442
213 443
6040 449
4758 453
6809 456
5510 460
119 464
752 467
789 468
5427 471
473 473
4976 474
6735 475
5979 479
481 481
6426 485
6629 486
5982 487
1938 488
5496 492
560 494
495 495
6036 496
784 497
6475 498
5199 502
6682 503
6430 508
4976 513
5438 516
4927 518
806 520
331 522
5244 523
5317 526
5513 528
529 529
5520 531
212 532
533 533
5513 534
5178 536
5456 537
5362 539
5529 543
544 544
6356 545
4466 547
539 548
3340 549
6831 551
63 555
4445 556
5433 557
1164 558
560 560
4964 561
178 564
5713 565
2541 566
4736 568
6277 570
6588 576
6748 577
911 578
262 580
581 581
4708 583
655 584
6303 587
5938 593
4480 600
34 601
544 603
770 604
607 607
6767 608
6695 609
610 610
689 611
5163 613
863 619
4722 620
621 621
5472 622
6757 624
6568 626
4584 627
319 628
6845 630
631 631
6887 633
55 636
5353 637
6355 638
5322 642
6757 646
5131 648
652 652
5312 653
4703 654
848 656
6785 658
4899 659
661 661
5584 662
5229 663
5661 664
6180 667
718 671
674 674
6418 678
5726 679
5931 681
4624 685
5474 686
631 687
5544 688
299 690
6319 691
4663 692
694 694
4671 695
5683 700
6061 701
708 702
5246 703
151 704
6181 710
49 717
5235 720
507 721
2791 726
5860 728
1916 730
4402 732
4945 733
741 741
6355 748
5731 749
718 752
754 754
3942 756
5145 759
6599 760
4457 762
5469 763
6133 764
5533 769
771 771
5225 774
5985 775
2791 776
6881 777
576 778
3241 782
4992 783
548 786
789 789
4501 790
6857 791
6702 793
848 796
567 798
6316 800
6416 802
5416 805
59 809
6514 810
5938 811
102 812
5619 815
819 819
2043 821
5747 823
5788 829
848 831
833 833
5568 835
6337 840
903 841
5529 842
5666 843
4486 846
847 847
5511 853
6591 855
4433 858
251 859
1609 860
829 861
4439 863
789 864
4490 868
5842 869
6283 870
6432 871
6236 872
5069 873
5643 875
6268 876
5145 880
5731 886
4797 892
407 897
4687 898
5293 899
62 900
693 901
4377 902
903 903
905 905
5018 907
4442 911
6660 913
6409 914
1588 915
4653 916
6831 917
1692 921
923 923
924 924
1636 925
897 926
6319 933
4060 934
164 937
941 941
2346 945
947 947
1401 953
2550 955
958 958
6810 960
961 961
965 965
970 970
1097 973
974 974
2898 975
4690 976
977 977
979 979
980 980
1465 983
987 987
6522 990
6659 993
4220 994
3237 995
996 996
3221 997
932 1000
1003 1003
1006 1006
3922 1007
6253 1010
2472 1015
1018 1018
1021 1021
1022 1022
3745 1024
1026 1026
1027 1027
2147 1028
1029 1029
2752 1032
1636 1034
3047 1036
1037 1037
718 1039
3478 1040
3940 1041
1044 1044
1055 1055
6727 1056
4671 1057
1213 1058
2510 1059
1781 1066
4341 1067
5092 1072
2505 1073
6827 1074
1636 1079
1093 1093
1130 1095
4773 1100
1101 1101
2162 1103
161 1104
2266 1106
5269 1110
2961 1112
2878 1113
4485 1115
1118 1118
1121 1121
1218 1124
738 1125
1520 1128
1129 1129
6160 1135
1139 1139
1140 1140
1141 1141
2735 1143
1298 1146
5495 1151
1152 1152
1153 1153
3285 1154
2212 1155
3755 1158
3877 1163
1164 1164
1552 1165
1166 1166
1576 1170
1171 1171
3624 1176
1178 1178
1235 1181
1184 1184
1185 1185
1186 1186
1188 1188
1192 1192
6410 1194
1233 1195
6167 1196
1087 1197
2762 1199
3057 1200
1203 1203
1913 1217
979 1219
1221 1221
1504 1223
1007 1226
1227 1227
1229 1229
1230 1230
2405 1235
3556 1237
4061 1238
1152 1242
1097 1243
1587 1245
2431 1246
1166 1249
3540 1250
4091 1251
1099 1252
2475 1260
3792 1261
1262 1262
3792 1264
1265 1265
374 1266
1268 1268
1636 1269
1270 1270
3621 1272
1277 1277
3179 1278
1279 1279
2577 1281
1052 1283
3895 1284
3745 1286
3940 1288
2390 1289
3179 1291
2873 1292
1293 1293
2528 1296
3859 1297
4167 1299
3297 1300
2435 1301
3807 1303
1304 1304
1308 1308
3026 1309
1550 1312
3887 1313
1667 1314
1172 1315
1317 1317
4200 1322
6172 1323
4139 1324
1327 1327
5939 1334
3277 1337
2606 1339
1340 1340
1803 1341
1083 1343
2870 1346
1348 1348
1349 1349
3712 1352
1353 1353
1359 1359
1099 1360
3540 1363
3413 1364
1213 1367
2766 1368
6791 1373
1377 1377
864 1379
3542 1382
2353 1384
3176 1385
1410 1386
1387 1387
1388 1388
1483 1392
1373 1393
1397 1397
2787 1401
4094 1403
2435 1405
3546 1407
1409 1409
1410 1410
2498 1412
3279 1413
1415 1415
1600 1419
1524 1420
1422 1422
1425 1425
1426 1426
3264 1431
4342 1432
3639 1433
1340 1434
1898 1435
4148 1438
1837 1439
4310 1441
1016 1443
4000 1444
2481 1446
1447 1447
4996 1448
1449 1449
3149 1454
4449 1456
1971 1457
4089 1459
1460 1460
3926 1461
2556 1463
1615 1465
1466 1466
4899 1469
4220 1473
1475 1475
1532 1476
1478 1478
3687 1481
1482 1482
1399 1484
1486 1486
3507 1487
3133 1492
2993 1493
4320 1498
2206 1499
1503 1503
2674 1508
3250 1513
1525 1514
4282 1515
1525 1516
1845 1517
1519 1519
1520 1520
1523 1523
2525 1524
968 1525
4258 1527
1530 1530
5603 1531
1532 1532
1535 1535
1537 1537
5224 1544
3251 1546
1551 1551
6317 1555
1556 1556
3331 1561
1080 1567
1568 1568
3699 1571
1692 1575
1576 1576
2914 1578
1815 1583
1590 1590
1855 1591
3519 1594
2510 1595
1605 1605
951 1606
1153 1611
3267 1614
1362 1615
3922 1618
3050 1619
1621 1621
2114 1622
1395 1624
1625 1625
1628 1628
3548 1629
3940 1635
3470 1636
3120 1637
2273 1638
2994 1639
2284 1644
1645 1645
1162 1646
1508 1647
1574 1648
1649 1649
1653 1653
1656 1656
1660 1657
4671 1658
4001 1661
4031 1664
3114 1668
3707 1669
2716 1670
1671 1671
1844 1672
1674 1674
6248 1675
1677 1677
2624 1678
1896 1681
1687 1687
2565 1689
1692 1692
4217 1693
1696 1696
3623 1697
1964 1698
6173 1706
1708 1708
3727 1710
4175 1715
1398 1716
2947 1723
4200 1726
2244 1728
1189 1732
1735 1735
1737 1737
3341 1742
3479 1743
1744 1744
1745 1745
1746 1746
1748 1748
1749 1749
1751 1751
1166 1752
1755 1755
2369 1756
1099 1757
1760 1760
1762 1762
1396 1764
3470 1765
1766 1766
1612 1771
4144 1775
2328 1776
5932 1780
1783 1783
507 1784
4042 1785
1787 1786
3979 1787
2345 1791
2319 1792
1795 1795
1796 1796
1737 1799
3305 1800
1804 1804
129 1806
2510 1807
3320 1809
1811 1811
1812 1812
3974 1818
1181 1822
1673 1828
4093 1830
2801 1832
1833 1833
3562 1834
1838 1838
2303 1841
1850 1850
3791 1852
3565 1854
1421 1855
2849 1861
978 1862
1390 1863
1864 1864
1206 1865
1870 1870
229 1871
1878 1878
1882 1882
930 1883
1885 1885
1935 1887
1666 1888
1890 1890
3150 1891
2940 1892
2778 1899
1903 1903
1904 1904
2627 1905
3778 1906
1264 1914
1915 1915
1924 1924
3931 1928
1979 1929
4076 1932
2841 1933
1635 1945
4948 1946
2341 1950
1956 1956
2523 1958
1611 1959
3234 1963
4439 1966
1171 1969
1223 1970
3133 1972
2956 1975
1351 1976
1977 1977
2476 1979
5084 1981
1983 1983
1226 1986
3366 1988
3712 1989
2054 1990
2114 1993
2032 1994
1995 1995
6660 1998
3843 1999
2000 2000
4041 2002
6268 2003
169 2004
1334 2005
1880 2006
2011 2011
4445 2012
3798 2017
2018 2018
3150 2020
4200 2021
2022 2022
3903 2026
2030 2030
2161 2032
2764 2034
2058 2035
1163 2041
2046 2046
3133 2049
1685 2050
1409 2052
4074 2054
1962 2055
3026 2056
6268 2057
1089 2061
3934 2064
4056 2066
958 2067
4650 2068
2682 2070
1602 2072
1623 2073
2074 2074
2079 2079
3949 2080
2081 2081
2088 2088
2310 2090
2825 2091
2722 2092
1733 2094
2104 2104
3979 2106
1225 2118
3887 2120
2615 2121
1426 2122
2124 2124
2125 2125
2129 2129
1547 2132
4200 2133
2137 2137
3315 2138
5684 2140
3735 2142
2147 2147
5039 2151
4214 2152
1405 2158
2159 2159
2032 2161
2164 2164
1990 2169
2170 2170
2403 2175
4080 2176
2177 2177
2180 2180
3158 2181
2605 2187
3265 2188
1370 2190
3427 2194
3860 2196
2204 2204
2630 2206
2829 2211
2963 2212
4119 2214
3127 2215
3150 2216
3707 2222
5588 2227
2232 2232
3294 2233
2235 2235
2239 2239
2245 2245
697 2246
2760 2247
2276 2248
4058 2249
2250 2250
3099 2252
2254 2254
3104 2255
2841 2256
4223 2258
3243 2259
3411 2260
2267 2267
1908 2269
2272 2272
3497 2274
2946 2275
2277 2277
2282 2282
3204 2284
2217 2285
5047 2286
2457 2290
2292 2292
2294 2294
2296 2296
2887 2298
3995 2299
2300 2300
5382 2301
2302 2302
2058 2303
2209 2304
3916 2307
1922 2310
4223 2311
3367 2312
1742 2313
2315 2315
2190 2319
1366 2329
2331 2331
2336 2336
1922 2337
968 2342
2661 2343
1919 2344
2531 2345
4776 2346
1382 2350
6196 2351
1759 2352
6568 2353
2354 2354
2356 2356
1111 2357
2908 2360
3441 2361
3210 2362
2691 2365
2366 2366
2960 2367
2369 2369
2755 2370
1432 2371
1412 2373
2375 2375
2376 2376
4185 2377
3751 2379
3154 2380
3911 2381
4310 2383
1347 2384
5946 2386
2587 2387
2389 2389
5168 2390
2393 2393
2211 2395
288 2396
2399 2399
3605 2400
3763 2402
2184 2404
2405 2405
1365 2408
3341 2410
2700 2413
1797 2415
4309 2417
4803 2419
275 2420
3887 2422
2423 2423
2424 2424
2425 2425
2136 2427
1869 2428
3421 2431
1015 2433
2434 2434
2435 2435
2436 2436
3476 2437
3464 2438
3249 2444
2448 2448
2449 2449
2476 2451
1884 2452
920 2455
2456 2456
2267 2461
1389 2462
2464 2464
2465 2465
3274 2466
2468 2468
3468 2473
3755 2474
2480 2480
2481 2481
2482 2482
5588 2483
2847 2484
2489 2489
1162 2490
2825 2493
2494 2494
1146 2495
2497 2497
2498 2498
1390 2500
4219 2501
2505 2505
2506 2506
713 2508
2341 2510
2052 2512
2514 2514
2516 2516
2635 2521
2523 2523
3502 2526
2292 2529
3727 2530
1298 2532
2534 2534
5840 2536
3327 2537
951 2539
6868 2541
2732 2542
3929 2544
2545 2545
953 2549
3491 2552
631 2557
2558 2558
3237 2560
2697 2562
6727 2566
2570 2570
1543 2571
1397 2576
2577 2577
2578 2578
5597 2583
5035 2585
2589 2589
1692 2591
4200 2592
2594 2594
2595 2595
2596 2596
1082 2597
1853 2599
606 2601
2878 2603
3086 2605
3293 2607
1609 2610
5141 2612
5321 2614
2615 2615
2329 2617
1176 2618
3293 2622
2623 2623
2994 2624
2123 2625
2943 2627
2357 2629
1248 2631
3093 2632
2633 2633
1298 2637
2398 2638
2841 2639
2640 2640
3837 2645
4084 2646
2648 2648
3099 2652
2653 2653
2486 2654
1982 2655
1314 2656
1052 2658
3940 2659
2662 2662
3809 2664
2778 2667
2670 2670
2066 2680
1317 2683
5538 2684
3998 2686
5709 2687
2688 2688
2694 2694
973 2695
3004 2697
3062 2698
5515 2702
2535 2705
2329 2706
1474 2708
2461 2711
2280 2716
2718 2718
2722 2722
1936 2725
1624 2726
2727 2727
305 2728
2215 2731
2736 2736
1441 2737
3923 2739
2743 2743
1317 2749
4270 2751
1259 2753
2754 2754
4179 2756
2757 2757
2674 2758
4160 2760
2315 2762
1426 2763
4007 2764
2980 2766
1696 2767
4200 2768
2587 2769
1960 2770
752 2771
3809 2775
2780 2780
3178 2782
2321 2783
2787 2787
1520 2792
2303 2793
2795 2795
3701 2798
6125 2799
3239 2800
3542 2801
1885 2803
4221 2809
2811 2811
2175 2813
2814 2814
3651 2816
888 2817
2819 2819
2825 2825
2826 2826
2270 2827
3054 2829
1615 2830
3099 2832
953 2837
6880 2838
2914 2841
1197 2843
2844 2844
1855 2846
2940 2847
2848 2848
2203 2850
2853 2853
4389 2855
3294 2856
2858 2858
2390 2859
3854 2860
2865 2865
2866 2866
4238 2869
5059 2874
1801 2876
2760 2878
3339 2879
2774 2880
2044 2885
3078 2887
3589 2888
2889 2889
1278 2890
416 2891
1929 2892
2894 2894
2089 2895
2022 2896
2897 2897
3803 2900
1441 2902
5641 2905
1295 2908
4042 2912
1484 2915
1949 2917
2918 2918
4083 2919
2920 2920
2923 2923
3604 2925
2505 2930
2932 2932
2757 2936
2938 2938
3150 2939
2940 2940
2941 2941
2942 2942
2906 2944
3411 2945
1401 2946
3680 2959
2965 2965
4259 2969
1541 2970
3106 2976
3672 2977
1071 2982
2943 2986
2556 2987
2777 2990
2992 2992
2994 2994
1297 2996
1859 2997
2998 2998
3000 3000
3001 3001
2841 3003
3006 3006
1286 3009
3010 3010
3012 3012
1610 3013
3014 3014
1770 3016
2350 3019
3020 3020
974 3021
3894 3028
3031 3031
3032 3032
3035 3035
3036 3036
3037 3037
3038 3038
1980 3039
3179 3042
2206 3043
2470 3044
158 3046
4244 3050
5721 3052
4461 3053
3290 3058
3063 3063
3066 3066
3067 3067
1953 3068
3069 3069
3073 3073
3076 3076
6330 3080
2150 3081
3326 3085
2801 3088
3090 3090
1636 3091
3095 3095
3099 3099
2542 3103
6682 3105
1585 3106
3109 3109
2946 3110
3112 3112
3887 3114
3372 3116
2393 3117
1910 3118
2345 3120
3886 3121
4080 3122
2787 3123
3152 3124
4223 3127
2304 3130
3134 3134
686 3135
1388 3137
3148 3148
4223 3150
1246 3156
2192 3157
3861 3162
4110 3163
3914 3164
3542 3165
963 3166
3940 3167
5041 3168
2217 3173
3470 3174
3177 3177
3179 3179
3180 3180
2228 3181
6522 3182
3183 3183
1367 3184
3621 3185
5092 3187
3707 3189
3190 3190
3194 3194
3195 3195
1564 3197
2918 3198
3201 3201
659 3202
2760 3203
3270 3204
3213 3213
3216 3216
1971 3220
3223 3223
2341 3224
5250 3228
3230 3230
3841 3232
3234 3234
3237 3237
953 3239
2856 3240
3179 3242
3244 3244
3246 3246
1615 3247
3859 3248
4282 3252
3640 3253
1107 3255
2358 3258
2535 3260
2244 3261
3263 3263
3143 3264
3266 3266
3273 3273
2492 3274
3925 3277
3281 3281
1771 3284
2217 3285
2615 3286
3294 3294
3295 3295
4175 3296
2118 3298
2645 3299
1696 3301
3305 3302
3301 3304
3305 3305
3308 3308
2716 3309
3837 3314
3316 3316
3330 3319
4771 3322
3776 3323
2248 3325
2965 3329
6467 3333
1293 3335
6602 3337
2372 3345
3347 3347
3868 3349
1279 3352
6167 3353
3189 3354
3355 3355
13 3356
1297 3357
2172 3358
3360 3360
3361 3361
3364 3364
4343 3365
4342 3366
3367 3367
3790 3370
3371 3371
3634 3372
3213 3380
3381 3381
2887 3383
3385 3385
3387 3387
3516 3388
3389 3389
3371 3390
1243 3393
1971 3394
1197 3400
2045 3401
3402 3402
2191 3403
560 3405
5411 3407
3409 3409
1696 3410
3553 3411
2206 3413
5047 3414
3416 3416
752 3419
1309 3420
919 3421
2539 3422
3423 3423
3670 3430
3431 3431
2187 3432
2556 3434
3435 3435
1733 3436
3445 3445
3624 3452
3473 3455
3457 3457
2799 3461
2760 3462
2939 3464
1083 3466
3468 3468
3794 3469
3470 3470
2899 3471
6305 3473
979 3477
3479 3479
4096 3482
1585 3483
3687 3487
4149 3490
1015 3496
3718 3497
1589 3498
1770 3508
2943 3509
2778 3510
3513 3513
1770 3521
1347 3522
3803 3523
1543 3524
2532 3527
4963 3530
1828 3531
2682 3534
2470 3535
1490 3537
5469 3538
3539 3539
6723 3540
3695 3541
4172 3547
3548 3548
1484 3552
2896 3556
2940 3557
4041 3559
2093 3560
3768 3561
3563 3563
3565 3565
3568 3568
3570 3570
1586 3571
1334 3577
2945 3579
1298 3589
1431 3591
1035 3593
1298 3598
3604 3604
3606 3606
6459 3611
4322 3612
973 3614
3617 3617
2646 3618
3620 3620
3047 3621
3622 3622
823 3629
3631 3631
3632 3632
3634 3634
6260 3636
3637 3637
1671 3639
3640 3640
331 3641
3643 3643
3646 3646
3648 3648
3652 3652
4106 3654
2212 3656
3922 3657
5604 3661
3664 3664
4094 3666
3667 3667
2213 3670
5606 3671
3843 3672
1622 3674
3468 3677
3411 3679
3682 3682
1623 3686
3689 3689
860 3692
5397 3696
3506 3700
2682 3701
3288 3702
3703 3703
3704 3704
3706 3706
1486 3708
2780 3710
1046 3712
2045 3715
3716 3716
3717 3717
3718 3718
2464 3719
1904 3721
3798 3726
3727 3727
3367 3728
3694 3733
1239 3734
1898 3735
5267 3736
6442 3737
3739 3739
5689 3743
1647 3745
3747 3747
226 3750
4072 3751
3753 3753
3537 3755
3425 3756
3757 3757
3213 3759
4245 3761
5342 3763
3290 3764
3766 3766
2309 3768
1743 3769
1298 3775
4237 3776
1215 3778
2693 3779
3677 3780
3782 3782
3706 3783
3193 3787
3788 3788
3447 3790
2503 3791
4094 3793
2414 3794
3797 3797
130 3799
4217 3800
3506 3801
953 3804
4127 3805
3811 3811
3813 3813
2236 3815
3818 3818
1855 3821
4257 3826
4200 3827
3829 3829
3833 3833
3377 3834
3836 3836
4262 3840
3841 3841
3843 3843
1615 3844
1447 3848
3964 3852
1385 3853
3855 3855
3189 3856
1530 3858
3859 3859
1679 3862
2191 3864
3865 3865
3869 3869
3507 3873
3874 3874
1268 3875
2908 3876
3877 3877
3212 3881
3882 3882
2150 3883
2186 3886
3179 3887
3888 3888
3889 3889
1707 3890
2191 3891
3892 3892
2416 3894
1441 3896
4130 3897
3099 3898
1896 3899
2633 3900
4445 3902
4215 3904
2781 3905
1276 3907
3908 3908
4393 3914
3545 3917
3918 3918
1536 3924
6475 3925
3926 3926
3929 3929
1038 3931
3934 3934
3936 3936
123 3937
1635 3940
2689 3941
1297 3946
2390 3953
3955 3955
3959 3959
3962 3962
4119 3963
3965 3965
2908 3968
3969 3969
3589 3970
2940 3974
232 3975
2528 3977
3979 3979
2371 3980
4322 3981
3990 3990
2524 3992
3218 3994
6849 3998
3644 4002
4003 4003
2726 4007
4094 4008
968 4009
3795 4010
1483 4011
4013 4013
2215 4014
4016 4016
4077 4017
4018 4018
1089 4026
4032 4032
1559 4034
4035 4035
2959 4042
4044 4044
2056 4045
4047 4047
4048 4048
1246 4049
1266 4050
2650 4054
4055 4055
5714 4057
4036 4058
1804 4061
2062 4062
3133 4067
3031 4069
1971 4072
4334 4074
4148 4076
1243 4079
2379 4080
2416 4083
5783 4085
4087 4087
4091 4091
4094 4094
4096 4096
2588 4097
2330 4102
4103 4103
1805 4104
4107 4107
2746 4108
114 4113
2089 4116
4119 4119
4123 4123
51 4124
4125 4125
4127 4127
2571 4128
3743 4131
4133 4133
4134 4134
3814 4136
4138 4138
4056 4139
1969 4140
1340 4141
3442 4142
2957 4144
344 4145
4149 4149
4150 4150
4259 4152
1738 4153
4155 4155
4158 4158
3746 4159
1280 4163
2798 4164
3470 4165
4257 4167
4123 4168
1087 4169
4171 4171
169 4172
4174 4174
4176 4176
4178 4178
1351 4179
1752 4181
5690 4182
2722 4183
1997 4187
986 4188
4212 4189
1588 4190
3103 4193
3312 4194
1170 4195
3277 4197
4199 4199
3859 4200
4119 4202
4237 4205
4206 4206
1154 4209
1340 4211
4066 4212
2056 4214
6806 4217
2800 4218
6235 4221
3507 4223
2229 4224
3102 4225
1992 4227
3046 4229
3667 4230
3934 4231
13 4235
4240 4240
4243 4243
1692 4247
3894 4248
1181 4249
1692 4251
3470 4253
4259 4254
4257 4257
3133 4259
2009 4261
4262 4262
4017 4267
3152 4268
75 4273
2784 4274
1426 4280
2774 4282
1369 4285
630 4287
1742 4288
3441 4289
2352 4291
4293 4293
2444 4294
2589 4296
4297 4297
4299 4299
4300 4300
3336 4301
3458 4303
1546 4305
3379 4306
4891 4307
4308 4308
3630 4309
1964 4312
3293 4313
1615 4314
1547 4315
4316 4316
3052 4320
2764 4324
4325 4325
1374 4327
4333 4333
4335 4335
497 4336
4337 4337
4338 4338
5806 4339
1922 4342
4344 4344
2393 4345
1069 4349
1692 4353
3897 4355
3687 4358
652 4361
5762 4363
6636 4364
6295 4367
5640 4369
5652 4371
4490 4373
172 4374
6491 4378
4790 4383
226 4384
5775 4386
374 4387
6327 4388
5526 4389
5923 4396
93 4397
5990 4399
103 4403
5226 4404
6808 4405
6442 4407
6682 4408
829 4411
4412 4412
5655 4416
6560 4418
6298 4421
3954 4424
6606 4426
4754 4428
6317 4430
533 4431
5603 4433
5446 4435
615 4436
14 4437
6079 4439
4443 4443
5709 4445
4449 4449
6809 4454
6387 4457
4814 4458
6250 4460
4533 4461
4884 4462
276 4464
497 4465
5806 4466
6359 4468
5735 4471
5111 4474
536 4480
5581 4481
5463 4483
3505 4485
1981 4488
5405 4489
5472 4490
444 4491
6653 4492
4493 4493
5084 4499
4716 4500
149 4501
376 4502
4503 4503
5861 4504
251 4507
6122 4508
584 4510
6167 4513
175 4515
5472 4516
5489 4520
4735 4521
4523 4523
6169 4527
4528 4528
6760 4529
6692 4531
909 4532
149 4540
4904 4542
4689 4543
5984 4545
4439 4546
5110 4548
5767 4550
5002 4555
1006 4561
4562 4562
5530 4564
246 4565
4568 4568
6579 4569
6328 4570
4573 4573
434 4575
5499 4577
6167 4578
5106 4580
5818 4581
6430 4585
5691 4587
5935 4602
6764 4603
387 4606
4607 4607
569 4608
560 4609
5626 4610
5276 4611
5235 4616
4621 4621
5511 4623
6623 4628
5733 4629
559 4634
46 4637
5500 4638
6296 4639
5806 4640
789 4641
4809 4642
517 4646
553 4652
5326 4655
4663 4663
5231 4666
803 4671
2043 4675
6173 4676
4677 4677
6432 4679
4703 4681
6072 4682
5928 4683
5096 4684
5135 4685
4687 4687
5886 4688
17 4689
6637 4697
6316 4699
6271 4700
530 4701
830 4703
4708 4708
4709 4709
823 4711
4714 4714
4439 4716
5229 4718
623 4719
6442 4722
500 4724
5689 4727
5762 4728
4729 4729
4730 4730
6828 4731
13 4732
4734 4734
4735 4735
6426 4737
6475 4738
759 4741
6167 4743
6254 4745
6281 4747
6163 4748
5536 4749
5359 4750
5008 4751
548 4755
5705 4757
798 4765
774 4766
6156 4767
5977 4770
9 4771
166 4774
640 4776
4786 4786
6170 4788
6020 4789
869 4791
4794 4794
4942 4795
5658 4796
4780 4798
5445 4804
5929 4805
6707 4808
6129 4811
4814 4814
6849 4815
6706 4816
6142 4817
4976 4819
6193 4820
1938 4827
4378 4828
4830 4830
5122 4831
4650 4833
5475 4836
5489 4838
4932 4839
5238 4843
48 4845
4493 4846
4387 4852
491 4853
4854 4854
6724 4856
4445 4858
5656 4859
1104 4864
6149 4865
6247 4868
142 4876
456 4877
356 4879
4382 4881
6353 4885
5326 4886
6840 4889
3328 4890
2791 4892
4683 4893
59 4894
6028 4895
4899 4899
169 4902
4704 4904
5124 4905
6711 4906
4631 4907
5513 4908
5341 4911
677 4913
6287 4914
6048 4916
5552 4917
4978 4918
823 4920
4927 4927
4930 4930
4931 4931
4932 4932
761 4933
4934 4934
5526 4935
5483 4936
352 4937
543 4939
4942 4942
4944 4944
4389 4951
4954 4954
6167 4955
4956 4956
6247 4957
5977 4958
5846 4959
6757 4960
5599 4962
5180 4964
5809 4965
4968 4968
486 4972
4973 4973
4982 4982
5661 4983
1772 4986
888 4987
5720 4994
5059 4995
8 4997
5000 5000
6167 5010
6605 5011
464 5012
5018 5018
70 5019
4806 5023
6311 5032
5035 5035
70 5039
507 5041
6426 5045
4475 5046
5383 5047
6578 5050
6247 5051
28 5052
5054 5054
759 5055
5056 5056
6096 5057
5709 5061
6327 5062
4865 5066
4506 5067
5068 5068
5002 5070
5071 5071
6229 5076
226 5077
6800 5078
321 5079
5082 5082
6587 5086
694 5088
5430 5089
6276 5090
5823 5091
784 5092
5826 5096
6240 5097
5276 5098
892 5101
394 5103
5189 5104
6785 5107
6167 5111
6213 5112
4 5113
166 5114
5276 5115
4585 5118
5631 5119
6682 5121
5122 5122
752 5123
6371 5124
5125 5125
6838 5126
180 5128
6337 5131
5666 5132
6134 5134
6426 5136
6536 5137
4377 5138
5600 5142
448 5143
5929 5144
5291 5146
6634 5148
5150 5150
5065 5153
388 5155
5795 5162
6578 5163
4553 5164
6800 5166
192 5167
6460 5168
4550 5169
5767 5170
5326 5171
5321 5172
28 5173
4497 5174
5823 5176
578 5178
5179 5179
641 5180
5184 5183
5276 5187
5994 5188
235 5189
6405 5190
6085 5193
5234 5194
5977 5197
5813 5198
4433 5201
450 5202
615 5203
6316 5204
4853 5207
4420 5210
5211 5211
8 5212
869 5214
6167 5217
694 5218
5977 5219
5220 5220
6042 5221
210 5225
6669 5226
5948 5227
623 5229
337 5232
5238 5238
5239 5239
5885 5245
4536 5246
6414 5247
5472 5248
5944 5252
48 5253
5000 5254
5885 5256
171 5258
6588 5259
6105 5262
4438 5266
4996 5267
5725 5268
4984 5272
5382 5273
5059 5275
592 5277
6692 5278
5885 5280
163 5281
6584 5282
5568 5287
6795 5288
6797 5290
4493 5291
5924 5293
5342 5294
6227 5299
189 5302
6442 5303
5304 5304
733 5305
4996 5313
346 5314
6783 5315
5028 5318
168 5319
6498 5322
697 5323
114 5326
487 5328
5709 5330
5694 5331
226 5332
4377 5333
4521 5335
5286 5338
6518 5341
763 5342
5322 5345
6735 5349
6296 5350
5891 5352
5353 5353
169 5354
5084 5356
686 5357
733 5358
149 5361
5531 5362
6819 5366
6491 5368
843 5370
5938 5371
5842 5374
6368 5377
5378 5378
73 5379
5238 5384
837 5386
5510 5387
4841 5388
5393 5393
4904 5394
684 5397
718 5400
449 5401
6028 5404
6598 5408
5409 5409
5600 5411
6045 5414
5000 5415
4922 5417
6557 5419
5336 5421
48 5422
5435 5424
6653 5438
387 5443
6764 5444
5980 5445
6296 5446
553 5448
6845 5451
5452 5452
4871 5453
6429 5455
4792 5456
847 5462
5288 5464
6167 5467
500 5469
2687 5470
6487 5472
5039 5473
6459 5474
6197 5477
352 5479
567 5481
5483 5483
6271 5489
917 5490
6129 5493
4891 5495
864 5496
6058 5498
4842 5499
4524 5500
6316 5502
633 5504
880 5505
5176 5507
5246 5509
6303 5517
6142 5521
5233 5522
3059 5523
933 5526
6201 5530
5531 5531
4940 5535
5012 5536
5538 5538
5542 5542
4812 5544
833 5548
298 5550
6432 5559
4480 5561
6757 5564
4380 5566
6158 5567
3764 5568
4520 5571
6475 5573
5513 5574
5499 5575
5711 5576
5276 5580
3024 5582
41 5585
5322 5593
6358 5597
142 5599
6030 5600
729 5601
6533 5602
331 5605
6036 5606
6604 5608
5611 5611
6459 5619
5620 5620
1253 5622
6167 5623
5283 5624
5857 5625
6260 5627
5629 5629
5378 5630
293 5632
6423 5634
529 5635
4927 5636
5164 5640
5641 5641
496 5642
5845 5646
6634 5647
6355 5649
6260 5652
174 5653
5654 5654
6488 5657
5666 5666
847 5667
847 5668
5671 5671
743 5677
4830 5678
6296 5685
126 5686
5322 5688
6594 5690
5276 5693
6532 5694
6508 5697
4708 5698
5035 5701
6133 5702
6693 5704
6373 5706
739 5707
6595 5708
4445 5709
6649 5713
4645 5714
6649 5715
36 5722
6076 5732
6364 5733
443 5736
4614 5737
6028 5738
5034 5741
487 5745
802 5747
4622 5752
829 5753
6329 5755
6410 5756
5783 5758
226 5759
5763 5763
654 5764
692 5768
5413 5770
6503 5773
5774 5774
6406 5777
4478 5780
6012 5781
4618 5782
439 5783
5533 5784
1572 5785
6293 5786
6517 5788
4526 5793
238 5794
6302 5795
5979 5796
4862 5798
5800 5800
4478 5801
4645 5806
149 5808
166 5810
322 5812
6296 5816
211 5820
678 5823
5100 5825
4697 5826
5727 5827
6784 5828
13 5830
830 5831
5694 5833
6167 5836
6161 5837
5091 5839
6231 5840
6167 5841
6845 5843
270 5847
775 5849
4690 5850
5456 5851
5853 5853
6142 5865
889 5868
6501 5871
5613 5874
486 5877
5416 5880
4718 5881
6694 5882
431 5883
275 5885
6559 5886
5887 5887
5624 5893
5806 5894
4493 5897
388 5898
492 5899
6303 5902
2390 5903
4521 5906
5722 5908
5910 5910
5691 5911
6292 5912
123 5913
673 5914
5709 5916
4504 5917
6151 5919
5326 5921
4754 5923
257 5924
905 5927
5097 5932
608 5933
4413 5935
6377 5937
5938 5938
5051 5941
6167 5945
5992 5948
6167 5955
4960 5957
5438 5958
6376 5962
5070 5964
6129 5965
6353 5967
6086 5968
637 5970
6129 5971
5583 5972
5122 5977
5980 5980
5409 5981
5145 5982
5995 5983
5986 5986
5097 5987
5988 5988
133 5990
915 5994
833 5995
5737 5998
6479 5999
6082 6000
480 6002
709 6011
502 6016
6028 6018
5193 6023
6024 6024
6167 6025
6412 6027
6240 6030
6651 6032
6337 6033
49 6034
578 6038
6039 6039
6042 6042
6045 6045
6046 6046
5207 6047
6568 6049
908 6050
6052 6052
5043 6053
6559 6054
6039 6056
6117 6059
95 6061
210 6062
113 6063
6066 6066
5899 6067
6432 6069
5994 6071
6660 6075
6077 6077
172 6078
6012 6080
6460 6081
4587 6083
6085 6085
6673 6089
6090 6090
721 6092
4717 6096
857 6097
354 6098
2541 6101
4467 6102
5066 6103
73 6105
6805 6106
895 6107
152 6108
5976 6109
3340 6111
6268 6112
4427 6113
6115 6115
847 6116
4866 6119
6120 6120
6122 6122
4690 6123
4773 6125
6127 6127
874 6131
6316 6135
5977 6142
5719 6144
5172 6145
6147 6147
4675 6149
6213 6154
4645 6156
6159 6159
5977 6160
897 6161
5794 6162
6514 6164
847 6165
5472 6168
6586 6169
6017 6170
6172 6172
6554 6177
409 6180
4992 6185
5806 6186
6769 6187
4499 6188
690 6190
4664 6193
5321 6195
4664 6196
5734 6198
5163 6200
6509 6201
251 6202
6501 6204
5526 6210
5395 6211
6016 6213
6682 6218
5806 6222
5686 6223
3053 6229
4572 6235
491 6236
5105 6239
4671 6242
5276 6244
5977 6246
6133 6247
6248 6248
4927 6249
476 6251
6724 6253
331 6255
5314 6260
5056 6262
5000 6266
6267 6267
6268 6268
6269 6269
6589 6273
6028 6274
2585 6279
6281 6281
4904 6284
5725 6285
5409 6286
4468 6287
689 6291
6426 6292
5516 6293
4569 6295
6554 6296
6300 6300
48 6301
539 6307
5989 6309
511 6310
4226 6311
5207 6312
6297 6313
2324 6315
847 6316
557 6317
6225 6319
4645 6320
6322 6322
5768 6323
6317 6324
4970 6325
6518 6330
6332 6332
5276 6333
6622 6337
6110 6338
5357 6341
5992 6345
6346 6346
6422 6351
5957 6355
5683 6358
1086 6359
4989 6365
4503 6369
6407 6372
5142 6373
0 6374
5118 6376
4690 6377
5711 6380
5762 6381
5401 6386
4683 6387
5218 6388
429 6389
678 6392
6795 6393
444 6394
6167 6397
4664 6402
192 6404
752 6410
4744 6412
4370 6416
4998 6419
6525 6422
65 6423
853 6425
6438 6429
5979 6431
5091 6432
6522 6433
17 6435
5464 6437
1609 6442
5276 6443
6416 6446
6186 6447
6167 6454
6524 6455
4803 6456
3 6457
5048 6458
5516 6460
6871 6462
6810 6463
548 6464
188 6466
6467 6467
342 6468
6359 6469
759 6473
6475 6475
5902 6476
6501 6477
5984 6482
4584 6483
4429 6485
5897 6486
5066 6487
6469 6488
4958 6489
5715 6490
5023 6491
6015 6492
5365 6502
6503 6503
5469 6504
4582 6507
5861 6510
6878 6512
653 6514
4906 6518
6727 6519
5549 6520
4992 6522
5066 6523
275 6525
4473 6528
6685 6529
430 6530
4527 6531
6538 6538
4398 6539
5992 6540
6167 6542
251 6543
1588 6545
6578 6551
335 6554
143 6557
5511 6560
49 6562
5099 6564
6566 6566
5583 6570
6857 6571
5666 6572
5989 6574
6416 6577
5163 6578
6167 6580
5624 6581
166 6583
6588 6588
270 6589
319 6590
5205 6591
5244 6593
5862 6595
5464 6597
6599 6599
6793 6602
917 6603
539 6609
5511 6611
5989 6617
5002 6619
6806 6620
4467 6621
5597 6622
6626 6626
6416 6627
236 6628
3059 6630
5533 6636
544 6638
5974 6639
4809 6640
5979 6642
396 6645
5683 6646
6711 6650
5495 6651
4540 6652
5438 6653
5326 6654
4633 6655
6657 6657
238 6662
676 6663
6690 6664
6577 6665
4843 6666
6317 6674
5714 6677
6120 6679
6568 6681
5792 6684
5575 6685
93 6686
818 6690
5304 6693
5362 6694
6711 6696
6518 6707
4855 6708
4429 6709
6061 6715
4851 6716
6721 6721
6167 6722
687 6725
5569 6731
6488 6732
6765 6733
6735 6735
4931 6737
6247 6739
5244 6740
4376 6741
6167 6744
4400 6745
6595 6750
5499 6751
6754 6754
4773 6755
6756 6756
5452 6758
5154 6759
6080 6761
105 6762
4645 6763
5382 6764
6160 6767
406 6768
718 6771
4697 6772
6296 6774
324 6777
4915 6778
6117 6780
4683 6781
6169 6783
6426 6785
6788 6788
6790 6790
5304 6794
6797 6797
6186 6798
539 6799
6334 6801
5491 6802
6039 6804
5678 6808
5198 6809
5286 6815
1469 6816
6221 6817
6661 6818
4904 6820
3180 6823
4392 6824
6603 6825
6316 6829
6254 6830
6426 6832
6628 6835
785 6836
6247 6837
841 6839
486 6840
5845 6841
5163 6847
5219 6848
5489 6849
6851 6851
5773 6855
5271 6857
6518 6860
617 6861
5460 6862
6865 6865
4996 6866
3914 6869
5224 6873
5226 6876
6708 6878
6880 6880
808 6881
5490 6885
624 6888
893 6889
